1750
 13 44 15 46 11  -  - 16 45  5  - 18 21  - 19 40 42  -  - 25 47  - 27 14 49 31 29  3  - 35  -  -  -  -  -  - 48 32  1 20 30 10 39 41 24 37 26 34 50  4
  7 49  1  -  - 33 10  9 31  -  - 40 20 32  - 36 47  - 12 16  - 14  -  -  - 15 48  - 46 42  4 18 35  5 29 39 25  6 24  -  - 11 26 17  8 23 21 28 22  2
 23 42 33 14  9 20 46 17  6  - 40  - 34 39  7 50 36 30 48 37 16  - 43  -  -  -  2  4  -  8 29  -  -  -  3  - 32 10 26 31 21 25  - 15 11 13 18 49  -  1
 12 43 30 45 34 46 16  - 33 20  -  - 25  - 49  8  9 37  2 21 24  -  - 18 14 29 17  - 32  6 44  -  -  - 13  3  4  - 50  -  - 22 31  -  -  - 47  -  7 26
  -  - 36 29  - 21 32 49 40 37  -  - 30 43 23 11 20 26 38  -  8 45 15  4 35 42 18 46 48  -  - 10 17 19 47  9  -  - 13  6 14  7  - 44 41  -  2  - 25 39
  -  4 44 39  - 15  -  1 11  2 35 50 18 49 37  - 19 43 45 22 33  3 48  9 23 46  - 28  6 47  - 12 32 16 26 21  - 31 10 24  - 34 42  8 20 36 27  -  - 25
  2 24 26  -  - 41 18  - 42 16  4 20 37 17  1  6 31 11 34 35 12 21 14 48  3 50  -  -  - 22  8  -  - 15  -  - 43  7  -  -  - 38 10 28 29 45  - 36 30 27
 33  - 20 18  - 39  -  -  -  4 32 17 47 23 31 45 29  - 15 30  - 49  8 13  - 48  -  9 50 27 12 14  7 24 38  -  -  - 11  5  1 19 40  6  - 16 35 41  2 42
 49 20 42  - 37 32 36  - 12 46 23  6  - 35 18  - 14  - 29  -  3 27  - 41  - 17 33  1 11  - 15 47 25 45 28  - 16 22  - 19 24 30  -  4  -  7 31  - 13  -
  -  -  - 33  -  - 23  -  - 41 49  - 44  - 43 32  -  - 16 38 11  - 47 39 25  - 31  5  - 17  - 48 24 21 27 19 14  8 28 36  - 35  3 26  2  - 46 37  -  6
 28 36  6 32  -  4  9  -  - 48 17 16  1  5 30  -  - 21 50  - 31 13 22 11 39 33 10  - 44 40  - 26 15 20  - 42  - 19 43  -  7  2 18  -  3 46  - 23  - 38
 31 45  - 25 40  - 19 12  - 28  -  -  2  - 48  - 22  - 39 41  9  - 24  -  -  6 49 36  3  - 46  7 37 33 32  - 21  - 42 16  -  - 34 43  -  - 15 11 10 29
 48  -  -  2 31 42 40  - 22 36  - 49  - 46 26  - 15  -  - 44  - 28  -  - 11 43  6 16 20 18  -  -  4  -  - 29 41 37  - 34 25 39 14  - 27  - 23 13 38  3
 35 29  - 49 24 23 44  -  7 22  -  - 26 15  - 13 28  -  -  -  - 17 34  - 46 40  9  - 42  - 19 39  3  -  - 11 27 43 48 37 47  6 30  -  - 38 33  5 41  -
  - 15 34 38 22 43 30  -  -  3 48 29  -  - 10  -  7 39 14 12  5  -  - 33  8  - 42  - 45 44 17 24 11  -  - 50 35  4 32  -  2 21  -  -  -  - 19 47  - 28
 22 16 19  -  - 14 28 30 43  - 15 35  3  - 40  7 13 38 31 39 32  - 41 47 18 21 20  8 24  9 37 27 34  -  - 26 12  - 44  1 50 49 29 45 23  6 36 33  -  -
 26 48  - 11 46 30  6  7 17 24 16 33 38 47  3 28 25 12  9  -  1 29  2  - 13 19  - 15 27  -  -  - 45 36 23  5 10 40  8 35 42  - 41 20 50 49  4 31 39 18
 50  - 38 40 17  -  - 18  -  1 21 22 48 16 44  - 37 20 42  9  6 19  - 31 15  - 35 47 29 39  -  8 28 10  -  -  -  -  7 12 36  3  -  2 46  -  -  - 24  -
 24  5  2  4 21 47  - 19  1 31  -  - 36 29 50  - 38  6 18 45 49 15 16 40  -  8 34 13 43 25 39 33 14 12  -  7  -  -  - 46  - 37 23  3 32 48  - 30 11 22
 44 17 46 31  - 25 12 33 14  -  - 19  -  1 27  -  - 49 35 18 15 23  9 16 50  - 41  - 10 24 21 43  5 29 22 13  -  2 30  8  -  -  -  - 37 39 11 40 42  -
  - 28  - 36  - 37  8  - 49 27  9 34 13 42 22 12  -  -  -  3  -  - 20  - 29 35  4 48 23  7 26 19 10 11 16  2  -  1 14 38 33  - 25 39 40 15  -  - 47 17
  - 25 45 30 39  -  - 24 26  -  -  - 31 38  -  - 27 41 44 47 18  4  1 15  - 28 32  -  - 43 50  3 33  - 37 12  5 42 20 49  - 46 16  - 21 22  - 14 48 35
 14  -  -  -  -  - 27  - 18  8 28  - 45 36 21  - 41 29 30 11  2 26  6 42 37  - 24 17 34  4  - 31 19 47  7  - 39  -  - 10 49  -  - 23 13 50  - 46  3 15
  -  -  -  - 38 27  - 20 36 34  - 21 14  -  8 43  1 45 17  - 41  9 26 22 19 25 23 35 30  5 28 32  -  6 49  -  - 48 16 18 15 12  4  - 31 10 13  2  -  -
 20 35  3 42 29 24  - 50  - 39  - 45  -  - 28 27  - 23 43  -  - 37  - 10 17  -  - 30  - 21  - 38 22 46 14  -  - 49  -  4  - 16 13 40 18  -  5  - 31  7
 40  - 37 16  8 44  -  6 30 50 45  7 15 31 20 39 49 46 10 33 35 22  -  3  -  - 43  2  - 38  -  -  - 13  5 36 28 41 25 23 19  4  -  9 42  - 14 21 26 48
 41  -  5 26 20  - 39  - 25 49  - 11 24 50 46  4 10 33 28 13 19  8 44  6  -  3  -  - 47 30 32  2 42  9  - 16 23  - 37  - 31 18  -  -  1 17  -  - 36 40
 42 31 17  - 10 45  4  -  2  -  - 44  - 24 33 16 26 47 19  6 36 39 49  -  5 14  - 50  -  -  3  - 46 25 34 15  9  - 29 22 18 41 48 21 30 35  1  - 32  -
  3 30  - 10 43 38  -  - 23 33 29  - 19  -  - 44 46  2 32  -  - 11  -  - 24 47 13 12  -  - 49 35 31 27 39 28  8 26  - 50  - 17 21  - 25 20  6 18  -  5
 37  2 48  -  1  8 50  - 38  - 41 24  - 25 35 42  6 13 23 17  -  - 10 32 33 18 12 44 49 26 30 29  9 39 20  - 22 15  3  - 46  -  -  5 34 19  7 16 14  -
  5  - 22  - 36  - 15 42  - 13  -  - 23  -  - 46 45 27  8  4  7  2  3  - 30 20 38 41 25 49 40 21  -  - 31 10  -  -  -  - 16 29 11 18  6  9 48  - 12  -
 36  3 31 24 48  - 35  -  -  - 50 25  7 41 11  1  2 19 46  8  - 33  -  - 43 38 44 29 12 14  9 49 18 28  -  - 42 34  - 15 13  -  - 27 39 21 40  - 16 45
 15  6 43  -  7 19 49 31 20 12 10 46  8  - 13 37  5  - 36  - 14  - 45  - 22  - 16  -  1 48  2  - 29  - 11  -  - 30 18  - 38 50  -  - 47  3  -  -  - 21
  6  - 49  1 33 10  2 36 16 23  7  - 46 13  -  - 12 24 40  - 27 25 39 38 41 26 14 21 18  3 43 45  -  - 44 48 15  - 47  -  -  - 35 34  9 11  -  -  8 19
 10  - 28  - 18 35  -  - 39  7  -  - 27  8  -  3  - 16 22  1 21 48 12 23  4 36 46  -  - 29 13  -  6  - 30 34 31 25  5 47  - 20 15 49  - 44  - 42 19  9
 47  - 27  - 50  2  5  - 28 45 42 41  -  - 25 15 18  -  -  - 29  -  7  8 32 12 26 20  - 36 33  9  - 40 10  -  - 39  -  -  - 24  - 37 35 43 16  4 49 46
 27  - 11  6 35  -  - 28 50 18  - 42 29 30 17 47  - 22  3 15 23  -  -  -  2  4  - 10 36 33  - 46  - 26  - 14  - 24 19 48  -  8  - 38  - 12  -  1  - 16
 38 39  -  -  5 34 25 10  4  - 22  - 50  3 12 33  -  - 47 40 13 41  -  -  9 11 21 37 31 28 48 16  - 18  8  - 44 35 45 29 17 26  2 19 15 27 42  -  1 49
  - 26  -  7  - 22  3  -  - 11 25 48 42  2 39  -  8 10 27 46 28 36 18 49  - 13  - 45  - 12  - 50 23  -  -  - 38  9  -  -  6  - 33 30  5  - 17 20  - 32
 25 38  4  -  - 49  - 41  -  - 24  9 40  -  - 19  - 35 20 50  -  - 37 29 21  - 36  -  - 11 27 13  - 44  - 32  - 46  -  7  - 48  6  1 26  8  3 12  - 47
 46 23  8  - 32  -  - 43  3 14  - 30 10 28  -  - 40  -  6 49 39  - 17  -  - 44 19  -  -  - 45 42  - 50  - 35 13 12  -  -  5  9 24 47 38  - 37 26 29 36
 43 32  -  - 25  - 13  - 21  9  -  3 39  -  5 30  -  7 33 27 22 12 35 28  -  -  - 23  -  -  -  -  8  -  -  -  - 29  - 26 20 45 17 46 16  -  - 24 44 41
 32  - 47 41  3  7  - 34 48 26  -  2  - 18  4  -  -  -  -  -  - 38  - 17  1 37 39  6 15  - 22  5 13 30 45 23  -  - 46 44 11 27 19 36 43  - 20  -  - 24
  - 47  -  -  - 13 14  5 24 29 18  - 49 21  6 20  -  -  - 26 42 35  -  2 31  -  3 43  -  -  -  4  1 17 50 38  -  - 36 11 34 44 37 25  - 28 12  -  - 10
 19  7  -  - 23  - 42 47  - 32 20  - 16 27 29  - 21  - 13 10 38 46  4  - 44  -  1 25 26  -  5 17 49 43  -  6  - 14 40  -  - 15  8 11 28  2  -  3 33 34
  - 11  - 47 27  6 43 44 46 21  -  5  4 48  2 38  3  - 49 14  - 50 29 26  - 45  8 32 39 19  - 23 12 34  -  1  -  - 41 42 37 28  - 33 22 30 24 10 35 13
 29 40 39 27  2  - 20  -  -  - 46  - 35 33 34 24  - 14  -  -  4 47 36  5 28 30  - 42 16  -  -  -  -  -  - 41 11 13 23 21 10  -  - 22  7 25  9 50  6 12
 30  - 23 43 47  - 11  - 32  -  - 37 41 22 45 18  - 34  - 24 26  6  - 46 10  9  7  -  8 13 25  1 20  3 42 49  -  - 15 39 48 40  - 12 44  -  - 29  4 33
 21  - 18  - 49  1 34 35 29  -  6 38 17 26 47 22  -  9  5 32  - 16  -  -  7  - 27  - 37 45  -  -  - 31 24 30  -  -  -  2  - 13 20  -  4 42 25  -  - 44
  1 27 13 35 14 11 21 48 10 43  -  - 22  9 24  2 30  -  - 29  -  -  - 34 16  7 40 26 19 41 18  -  - 32  6  - 49 36 39  - 12  - 46 31  -  5 45 38 17 23
