1750
  - 39 40 25 35 22  - 17  -  - 33  - 42  - 16  9 46  7 43 49 28  2 15 10  - 44 34 36  -  -  - 31 21  8 27  -  -  1 24 37 14 20  - 45  - 38  - 32 26 47
 38  - 33  7 40  -  - 35 23 45 44  -  1 14 29  -  -  -  - 21 17 48 43  -  - 49 10 13 31 34 42  - 12 39  9 22 50 18 20  8 16 15  5  - 27  6 41 24  - 37
 49  - 28 22 48 39 16 34  -  -  - 31  - 24 21 50 13  - 29  - 36 12 20  2 19 47 37 33  - 40 45  5  1 44  - 27 46  -  -  - 25  -  8  - 30 41  7 17 43  -
  - 43 14 48  3 20 11 19 46  - 38 18 27  -  -  -  - 23  7  - 31 33 41  -  -  -  6 15  - 36 10  9 16  - 21 30  - 12  - 25 22 32 44  -  5  - 26  -  -  1
 14 11 30 29 37  -  8 16  1 17 48  -  - 28 15  - 31 41  -  9  7 38 34  - 36 22  -  -  - 10  -  - 44  - 50 20  -  - 25 39 19 12 24  - 45 18  - 33 27 43
  5 46 31 49 24  - 21  - 22 10 28 43 20  4 42 35 29 27 40 48 39  - 30 50 18  9 19  -  - 37  -  6 14  - 15  1 41  7 11 33  - 47 25 38 17 36  8 26 34  -
 44  - 49  -  - 48 10 29  -  -  7 39 35 45 12 40  -  8 16  - 50 47 25 27  - 33  - 46 36 30 21  - 17  - 38 31  -  -  -  - 11 43  3  2 19 24 15  -  1  -
 33 12  9 39  -  8  -  - 29 41 16  -  - 32 19 15 40 20  4 24  -  - 28  1  - 25 36  -  -  - 47 22  2 31 44  - 13 45  - 11 17 50 10 23 38 48  - 46 49  -
 23 32  - 36 21 49  - 22  -  8 42 44 50 17 13  -  -  -  -  - 38 25  - 18 10  -  - 16 39 11  -  - 27 37  5 14 47  - 41  3 31 24 30  6 29  - 33 28  -  -
  1  - 47  -  - 24  9 14  -  5 31 32 18 21 25 33  6 45  - 44 30  3  8 15 12 10  -  -  -  - 38  -  - 11 16 40  -  - 43  -  - 49 27 20 48  - 36  - 37  -
  -  -  5 44  - 15  -  - 42 29  -  -  7 11 31  - 43  4  -  -  -  8 27  -  - 26  -  -  3 38 32 50 48  - 41  - 16 33 30 23 21 18  -  - 47  -  - 37  6  9
  2 50  - 14 41 42 31 20 33  1 12  - 30 35  - 10 24  6 25 32 34 28 47  - 22 43 11  -  - 26  - 49  5  3 39 16 37 29 19 18 13 23 17 44 40  9 21 36  -  -
 20 24  -  -  7 45  5  6 41  -  3 14 21 18 22 28 50  - 27 23 10 49  - 11  -  -  1 42 25 15  9 44 38 26 34 17  -  - 48 47 36  - 16  - 12 39  - 31 33 32
  -  -  - 38 39 32  -  -  8  - 20 13 11 29 28 48  - 44  - 47  5 41  - 46  2  - 45 27 24 12 35 15 40 34 30  6 10 22  1  -  4 25 18  - 14  - 43  9 23 36
  - 21 13 19  - 37 32  - 43 22 23 34 10  3 48 11  - 15 38  - 16 39  - 29  - 31 14 18  9  -  1 33 30  - 35 41  7  - 47  - 42 46 36 40  - 45 50  4  -  5
  -  - 39 26 33 13  - 38 44  2  - 47  8 22  -  - 15  - 50  6  - 16  -  5 25  3 20 35  - 31 43 48 11  1  4 21 32  9 34 46  -  - 19 41 42  - 18  7  - 45
 36 26 41  - 22 33 30 31 37  -  -  - 34 40  4  - 38 39  9 25 15  - 42  3  -  - 18 28 23 32  - 21  -  - 49 50  1 27  -  - 29  - 47 14 35  -  - 48 16  2
 18 23  -  - 10  - 38 25  9  7 21  4 36 46  - 49 32  - 20  -  8 50 39 34  - 24 43  1 19 28 27 45 31  - 40 47  - 30  6 13 44 16 48 33  -  - 29  -  - 41
  - 10 22 11 49 27 44 42 35  -  4 26  - 23  - 14 25 33 47  7  - 19 38  -  9  1 17 37  6 29 36 16 32  - 24 18  8 31  - 41 48 13  2  - 43  -  5 45 20  -
 21  - 15  -  6 16 14 10 18 25 24  - 19  5 27 39 36 22  - 50  1 11 29 20 42  2 30  9  - 33  -  4  - 41  -  8 17  - 45 38 12 34  - 13 31  -  - 43 28  -
 40 48  4  - 16 31 47 18  2  - 34  - 44 27  -  3  9 19 12 37  -  -  1 28 33 23 38 10 49  -  - 13 22 42  - 26 15 20 32 30  8  - 50  7 21  - 25  - 36  -
 22 25 16 28 32 50  - 11  3  -  2 45 33 36  -  8  -  - 18  1 20 44  -  - 40 41  9  -  -  4  - 14  - 29 42 49 26 37 39  - 47  - 15 19  - 34 17 21 13 24
  -  - 11  2 18  - 35 32 17 43  - 40  - 33  - 21  - 12 24 45  -  -  - 47 27 42  - 39  - 44  -  -  - 38  - 13 23 10 29 16  -  8  - 34  - 22  6 19 48 20
 43 19  7 12 25 44 33 41 24  - 17  - 49  - 11  - 14 16  2  5  - 27 18  - 35  6 47  8  - 50 37 38  4 46 23 36  3 34  - 15 28 22 32 21  -  -  -  1 29 39
 48  3 17 35 12  1  - 21 50 39  -  7 26  -  2 45  - 30  5  - 47  4 14  - 11 40  - 23  - 16 31 27 25  9 36 10 22 38 28  -  - 42 20 49 41  -  -  8 18 44
 47  - 45  6 29  - 12 26 16 46 43 38 31 15  -  - 30 48 34 27  - 20  2 33 39 19  - 22  - 21 41  - 36 10 17  - 25  8 35 14  - 40  9 11  4  - 32  -  - 50
  - 45  - 21  -  - 19  - 28  9 26 36 22 47 43  -  - 35  - 34 24 40 23 42 38  -  8 30 16  5 17  2  3  -  - 25 11 13  - 49  - 10  -  4 18  -  -  -  7 29
 31  -  -  4  1 43 39 48  - 33  - 50  -  -  9  - 42  -  -  - 21 36 13  - 34 35  -  - 30  -  -  -  -  7 10  3 38 44  -  -  -  - 49 26  2 11 12  - 22  -
 27  -  -  - 46  5 36 23  -  3 47 21 29  8  - 16  1 32 15 14 45 13 26  - 48  7 50  - 22 18 24 10 19 30  - 43 49  -  -  - 41 31 38  - 34  - 35 11 44 28
  - 20 23 30 38 36 29 37  4 12  -  - 48  -  -  -  - 49  - 28  -  - 11  -  3  - 40 45 32  1 39 25 33 15  - 44 14 47 18  - 35 26 21 10 16 43 19 50  5 27
  -  7  - 50  -  4  - 30  - 31  - 35  - 44  -  - 16 36  8 12 14 10 40 39  -  - 33 11 37 13  5 20 42  - 18 23 21  -  9 22  - 41 26 17  6  1 46 15 19 48
 46 13  -  3  - 47 48 49 31  -  -  -  -  2  - 34 12 25 19 30 22  -  -  - 15 18 29 26  -  - 33  -  - 23  - 42 20 32  5 24  -  -  -  -  - 44  4  - 21 11
  9 17 32  - 26 21  -  2  5 16 39  -  6 43 45 46  - 34  -  - 25 24 36  8  - 14 44  - 41  -  - 18  - 50  - 48 19  - 27  1  -  4 42  -  -  - 11  - 30 33
 45 15 50  - 11 17 23  - 30 21 14  - 28 10  - 18 20  -  -  4 41 29  -  - 13 36 48  - 33  8 19  1 47 25  -  2 44 40  - 43 37  7  - 16  9  -  - 42 46 35
  -  8  -  - 50 41  - 15  - 42  - 23 46  - 44  - 48 28  -  -  -  7 45  - 24  -  - 29  - 14  6  - 34 47  - 32  4 49  -  - 39  - 40 18 36 16 20  3 38 12
 42 29 48 18 47 19  - 40 11 50 46 20  -  - 32 31  -  5  -  -  - 34 22 14 49 13 28  -  - 17  7 36 39 33 37 24 27  4 38 21  2  -  -  1 15 10 23 25  8 30
  - 30 21 47  5 38 43 39 15  - 45  2 17  -  -  -  -  1 37  -  -  - 44 48  -  - 23  3 18  9 50 11 13 49 29 34 40 25  - 28 33 27  4 36  - 42 22  - 14 19
  - 42 10  1 43  - 13  8 36  -  -  - 23  6 26 38 18 37 45 19 12 30 16 24 21 50  - 40  2 46 25 47 29  - 20  - 39  - 44 32  -  - 22 31 28  -  3  - 11  4
 50  - 24 33  - 25  -  - 10  -  1 37 16 39 47  4 23  2 21 41 43  - 48 22 32 38 49 34  - 42 30 26 18 17 45 46  9  5  - 20  3 14  - 35 11  - 27 29 40 31
 34 41 29 17 19  - 40 46 48  6  - 10  - 50  - 22 37 26 11 42  -  9  -  7  - 20 12 21  5 49 44  -  - 36  - 39 30 14 31 27 45  - 28 43  -  - 47 13  4 16
  - 37 27  - 23 29  1  4  -  -  - 30  - 20  -  -  - 10 22 38  6 26 31 13 46 15  2 44 28 45 16 32  -  - 11  -  - 19 21  -  5  - 33  -  7  - 48  - 24 25
  -  2  3  - 42 40 50 47  7 44 11  - 25  -  -  - 34  -  - 36 33 18 24  - 20  8 21 17 48 22  - 43  - 19 31  - 35  -  -  5 26  9  - 37 32  - 39 10 41  -
 11  - 20 24  - 10 25 36  - 28 18 29 14  1 38  - 45  - 42  8 40 22 21 44 41 27 16  -  -  -  -  3 37 13 19  - 48  - 17  -  -  - 46  -  - 35  -  - 47  7
  -  6 46 40 44 28  - 13 21  - 22  1 37 38 20 29 19 18  -  - 26 23  -  -  - 39  -  - 17 25  -  -  - 32 47 11 24 36 12 10 15  - 34  -  - 33 31 41  2 14
  -  - 42 20  9 34  - 43 45 36  -  3  5  -  - 41 11  - 17  -  -  - 19 37  6 48 25 31  -  - 12 30 15 22  1 33  -  - 49 44 10  -  7  - 39  4  - 14 50 13
 12 18  -  -  - 35  6  9 27 49 19 22 32 37  - 25 21 46 10 17  4 15  5 30  - 11  - 20 45 23  2  - 41  -  -  7  - 50 16 26  -  1 29 24  3  -  - 38 31  -
 29  -  - 16 36 46 34 12 40 14  9  8 39  - 30 32  -  - 48 20 44  -  4  -  - 37  3 25 35 43  -  - 45  -  6 19 33  - 15  7 18 38  - 50  -  - 13 23 42  -
  -  -  - 42 30  - 15  7 34 47 36 16 24 41 49  - 17  - 39  - 27  - 46  -  - 28 13 19 14  2  - 12  -  6  8 29 31 11  3 40  - 37  - 48 26 32 38 18 10 21
  -  1  6 37  -  2 45  - 12  - 35  - 13 19 14  - 10  9  -  -  - 46 33 25 16 34  - 47  -  - 11  - 26 18  - 38 36 41  - 29  -  - 23 30  -  - 42  - 17 22
 13 38  8 15 20  6 28  - 47  - 41 42 45  -  5  -  - 17  - 11  -  - 10  - 31 21 32 14 34  - 18 46  -  4  -  9 29  - 23  - 50 36 43 12 33 27  1  - 39 49
