1750
  - 47  3 17 44 16 28 46 12  - 50 39  -  7  - 23 30 22 19 26  - 24 40 45  - 29 10  1  5  2 33 27  - 14  6  - 36  - 34  8 11  - 41  4  -  -  -  - 48  9
 29 28  - 11 20 15 19  -  -  6 26 25 39 16 33 30  -  -  5 43  8 10  -  - 50 12  - 18 27 41  7 21 48 38  - 45 44  3  1 13  - 14 37 42 46  - 32  -  -  -
 24 40 35 47 30  3  - 44  - 41 36  - 38  - 34  - 29  - 15  8  -  -  -  6 43 10 31 12  - 27  -  -  -  -  9 16  - 42 19  -  5 46  - 28  - 13  - 11 33 18
 15 39  - 46  6 47 10  - 23 14 27 19  -  9  2 18  -  -  -  - 37 34  3 21 32 44 50 31  4 48 11  -  - 24 36  - 28 30 41  1  -  - 33 40 38  -  - 12 35 43
 26  - 28  - 16 46  - 19  - 15 12 21  - 18  - 36 33 44  - 11 20 48 27 42 23 45 29 17 47  6  -  - 25 32 38 37  4 13 31 22 34  2 39  -  7 14 50  8  9  5
  5  9 15  - 49 13  7 17 11  4 30 43 18  8  -  - 46  - 28  - 33 29  -  - 25 31  -  - 20 22 14 24 16 36 37 39  - 32  -  - 44  -  - 47 41 48  -  - 10  3
 40  7 42  - 27  - 11  - 26 13 45  -  - 28  -  6 39 35  3 14  - 49  - 23  -  2 15 47 44  -  - 30 29 31  4 25 19 21  - 41 38 50  - 37  - 36  -  -  - 22
  3 24 34  - 26 19  - 33 13 44 11 50  -  -  - 25  - 43  - 40  - 45  9  5 39 23  - 46 14  -  1 28 22  7  - 20 37  6 27 16  -  4 38  8  - 10 48 41 29 21
 27  -  6  - 35 37 32 34 33 18  - 36 10  4  -  - 16 41 25 42 12 47 49 40 28 30  8  - 50  7  - 26 43  - 39  9 23  -  -  -  - 38 24  -  - 15  -  1 20 29
 45 11  -  -  -  - 29  - 14 17 22 24  - 34 10  -  -  7  -  -  -  - 48  9  -  6 37 16 49 28  -  8 20 18 32  -  - 41 50  3  -  - 31  - 47 23 30  2 36 44
  - 35 20 13 22  -  4  - 41 12 19  -  - 31  - 37 42  - 44 25  -  - 14 43  8 17  - 15  - 24  -  - 50  1  7 34  -  2  - 49 10  6 48  5  - 28  - 47 18 38
  1  3 16 31 25  - 17 27 19 29  - 46 24 13  9 20 36  - 47 49  2 28 22 38 33 50 11  - 45  -  - 35  8  -  - 48 10  5 32 34  -  -  - 23 44 40 21  - 37 12
  -  -  - 43  2 49 26 35  9 20 28  4  -  - 30 16  - 18 31  5  - 37 21 50 36  - 14  3 40 32 25 13 33 44 22  -  - 11 29 42  7 27  - 39  - 17 19 45 38  8
 28  - 22 14  - 38  - 25 50 30 23  7 12 19 40 39  - 29 26  - 17  -  -  - 49  - 21 34  2 36 41  - 31 13  8 42 48  -  - 11  6 24 20  -  4 27  - 32 47 46
  7 36 13  - 46 24  -  - 47 49  9  - 26  - 29 10 35  - 11 44 42 16  - 27  4  - 48 14 19 31  -  3 32 23 43  -  - 39 45  - 50 30  8 15 25 12  - 21 34  -
 21 14 12 25 40  -  -  9 39 50  -  2  - 24 19  1 34  -  7 18 48  - 10 15  - 38  6 45  -  - 47 46 28  3  - 41  - 49 20 36  4  8  - 11 32  -  -  - 26 42
 14  - 11 20 34  -  - 15 10 21  -  9  7  3 44  -  -  8 48 33 47 38 24  -  - 25  -  - 12  5 26 49 27  - 41 36 50  -  -  -  - 37  -  -  -  - 16 40  - 32
  - 26 41 42  9 10  - 49  7  -  1  6  - 21 47 13 20  -  -  - 16  4  - 30  5 37 46 33 38  - 19 25 17 48 11 24  - 29  -  -  - 43  - 27  -  - 36 22  - 45
 50 19  1 24 28 23  -  2 49  -  4  - 11 12 48 21  3 14 33 45  -  -  8  -  - 27 16 26 17 20 46 41  -  9 10 31 47 15  7 32 22 42 13 43  -  -  - 30  - 36
 39  - 44  6  - 50  5  - 37  7 35 41 21  - 31  -  1  - 27 12 43  - 25  2  -  - 38  -  -  -  - 47  - 16 23 40 33  - 14  - 26 20 29  3 11 30 46 34 42  -
 37 32 26  9  - 45  -  - 44 34 33  -  - 20 14 35  - 30 23 10 50  7 18 29 11 49 47  - 41  - 36 22 46  2 42 27 38 12 48 17  -  5  - 16  6  -  - 13 21 19
  - 18 30 38  -  7 45 40  - 36  -  -  - 39 11  - 10 33 20 15  -  - 19 37  -  -  - 28  8  - 29  - 44 35  - 23 13  - 43 47 49  - 21  -  - 46 25  3 16  -
 41 12 37 10  -  1  - 24  2  - 29  - 50 11 25  4  - 21 43  -  - 18 15  -  - 36 17 32 28 30 38 16  - 33  -  -  - 35  - 20  3 45  6  - 40  - 22 23 19  -
 44 45 19  4 38  - 36 14  -  - 37  - 23 30  7 34 31 39 12 47 28  -  - 41 24 46 22 11  - 35  -  2  9 21  1 29 42 16 26 18 15  3 27  - 13  6  - 25  8 40
  -  -  -  -  - 12 48 41 25 24 15  - 14 50  -  - 40  -  1 39 19 32  - 49 22 43  - 27  - 42 34 29 47  -  - 26 20  - 36 44 18 33 10  -  9  4  -  - 28 30
 33  -  - 12 50  -  -  6 17 27  3 48 16  - 13  - 44  - 30 28 35  - 45 20 37  -  -  -  -  - 31 42 23 10  - 43  -  1  -  9  - 26  - 14 21 11 47 46 41  7
 48 21 40  -  -  -  -  - 30 37 17 38 45 14 36  3  5  1  -  -  9 27 50  - 46 11 34  8  - 26  - 18 19 42 15  -  6 20  - 39 29 28  - 41 43  2  4 24 12  -
 19  -  7  - 32 11  6 39  -  9 47 29 44  - 17 33 48  - 21 23 30 14 13 18 12  - 28 43 37  - 16 34  2 20 24  - 35  8 10 46  - 31  - 36 15 42  - 38 25  -
 36 33  4 34 39  8  - 28  6  3  - 16 32 38  - 27  - 45  -  -  -  - 20 24  7 35  1  -  - 11  5 44 42 15  - 12  -  - 17 43 37  - 50 30 10 26  - 19  -  -
  6 17  -  - 11 28 41  - 16  - 42 27  2  -  -  5 14  3 32 19  -  8  - 33 10  9 35 29  - 44 15 39  -  - 21  - 34  7 24 12 23 40 30  1  -  - 45 31 43 49
  -  -  5  - 21 29  8 50  - 10 43  - 19  - 16 26 47 42 17  - 36  - 33 39  1  -  - 48 11  - 44  6 38 28 20 18 15  - 13 25  -  - 34 32 37 41 24 35  -  4
 12  -  -  -  - 30 16 18 29  - 40 44  5 35 37 38 11 26 45 20 21 13  -  8 41  - 25 24  6 10 43 23  - 39 27  - 46 28 42  - 14 49  3  9  - 50  1  4 15 33
 42 27 32 19 17 14  -  -  - 39 25 13 34  6  - 49  - 10  - 50 44  - 30 16 31 18 33  7 15 21  - 40 41 47 35 28 12  -  4  - 48 23 43  -  -  8 26 36  -  1
  - 43  -  3 41 39  - 37 18  - 38  - 31 33 42 40 24 17  4 46 15 21 32 44  - 22  - 19  - 23  8 14 36  - 16 30  2 47  9  - 25  -  -  7  1 34  - 10  -  -
 25 29  -  -  - 34 35  4  -  5 16  - 46 17 23  -  - 31 39  -  7 43  - 14 48  8  - 42 22 38 24 20  - 19 45 21 32 37  -  -  - 44 40 50 33  - 28 26  1  2
  -  - 25 22  7 31 24 26  4 43 32  - 20 29 28  - 27 23 42 35 46  6  - 36  - 13 41 39 34  1 37  9 21 40 49 44  -  -  - 33  - 11  - 38  8  -  - 14  2 48
  - 13  - 28 47  6  -  - 42 16  -  - 48 36  - 14  - 50  9 29  1  -  -  - 40  3  4 10 35 37 23 43 39 11  -  2  - 17 33  - 20 22  -  - 49  -  - 27  - 41
 10 50  -  1 37  - 25 48 32  -  - 17 15 46  - 45 19  4 22  -  - 11  -  - 16  - 23 35 42  8 21  - 40 27  2 33  -  -  - 30 12  -  -  -  - 24 41  - 44 13
 46  -  2 44 23  - 27  - 20  1 14 35 13  - 24 47  7 19 37 32 25  - 39 34 38 33  - 30 16  - 42 17 15  5 31  4  8  - 21 28  9  - 11 10 26 43  - 49  3  6
 13 38 29  - 24  -  2  - 40  -  -  -  9 23 32 42 25 46  - 16 22 36 37 28 21  - 44 20  -  3  -  -  - 41 50  8  - 14 39  - 30 17 47 45 12 19 34  - 27  -
  -  -  -  8 14 21 49 13 36 23  - 32 28  -  -  - 38 15 41  3  - 25 43  7  - 39 20  9  - 34 12 19 30  - 47 11 24 40 37  - 31  -  - 22 29 33  -  -  -  -
 49  5 10  - 12 20  - 11  - 28  -  1  -  - 38  - 17  -  -  -  - 19 23  - 26 42  - 44 29 47  -  -  -  - 48 14  - 24 22 21 27  - 46  2 45 18  - 37  - 39
  - 16  - 21 48  - 30 42  8  - 18 47  - 10 41 24  4 25 46  9 45  3 31 26  -  1 32 40 39 13 28  - 35 22  - 50  5 34 12 29 36 19  - 44 27 49 11  7  -  -
 16  -  - 30  - 41 38 47 48 40 21 14  -  -  1 44  -  - 10  - 49 15  - 32 34  -  -  -  3 25  -  - 11 17 19  - 26 23 46  5 33 18 36 20 28 37 12 43  4  -
  - 42 14 48 29 40  -  - 24  - 39  -  - 27 21  9 49  5 38  - 11 30 46 22  3 20 43 36 26  4 17 50 12  -  - 47 41 33 23  - 16 10  - 25  -  7  6 44  - 15
 35 20 17  7 33  4 12  -  - 25  6 23 22 15 50  8 43 16 34 38 40 41 11  1 45 24 18  2 31  -  -  - 37 30 46  -  - 19 49  - 28 13  - 48 36  - 42 39 14 47
 43  - 45 29  5  2 18  -  1  -  - 40 47 26 39  -  -  - 36 17 31  -  -  3 42 21 12  - 48 33  4 10 14 49 13  - 30  -  6 37  8 41  -  -  -  -  -  -  7 20
 18 48  - 39  - 25 43  -  -  - 34 15  6  1 49  - 22 38 14 41  - 46  -  - 30  - 36  4 33  9 20 37 45  8 29 10  3 50 40  -  - 32  2 12 42 16  - 17  5 11
  - 23 43  -  -  - 39 30 38 46 24 34  - 44  3 29  2  -  6 48 41  - 42 19  -  - 27  -  - 17 13  4  -  - 14  - 11 26 28  - 21 36  -  - 50 32 33  - 45 25
 22  6 39 50 45 33  -  3  - 48  5 20 49 25  4 28  - 36  8 34  -  1  - 11 47  -  -  -  - 40 32 12 13 43  - 35 17 46  -  2 41  9  - 21 30 38  - 29 31 16
