1750
  -  - 48 27  8 19  -  9 39 31 11 18  -  - 45  - 44  - 23 38  -  - 43 25  - 34  5  - 36 49 41  - 24 22 33 30 21  - 40 17 47 14  -  -  3 13 50  -  - 35
  - 39  -  -  1 29 35 15  -  -  - 48  -  - 23 33 20  -  - 50  7 14  3  9 44  4 16 27 40  -  6 49 32 42 21  - 12 38  -  - 25 26 24  -  5  - 28  2 17  -
 12  - 40 47 17  - 23 14 21  1 20 34  -  - 27  -  - 11  - 48 44  - 46  - 25  8 43 31 19 37 39  - 28 41  3 29 50  - 10  7 26 36  - 35  - 22 42 15 33 38
  - 36  - 10 27 38 26  - 15 14 49 44 31 23  -  - 45 18  -  1  -  -  -  3 33 47  - 25 43  - 13  7  6  9 50 12  8 16 30  -  - 28  - 42 34  2 37  4 21 29
 39 17 43  -  -  9 40 13  -  - 24  - 32 29 25  - 46  -  -  -  - 37 10 33  -  - 28  -  1  - 48 45  - 47  5  -  3  - 35 36 44 12 23  -  - 16  2  - 30  -
  - 18  - 28  3 17  -  -  -  - 26 33  1 22 35 43 12 27 20 31  9  - 19  -  5 25  - 14  - 40 29  - 15  8 36 42 23 30  4  - 10  - 50  - 44 46  - 16 41  2
 34  -  - 12 20 44 36  2  -  3 48 46  - 39 14 17 16 23 50  - 30  - 15  4  -  - 32 22 41  - 38 35  - 33 13 26  -  -  9  -  -  -  - 11  -  8 10 24 31  -
 13 45 38  -  2 28  - 34 30 37 44 12 36  - 42  4 48 46  - 32 16 23 24 27 49  - 41 10  -  -  9  - 40  - 15  - 17  5 33 22  - 21  -  -  8  -  - 26  7  -
 16 28  - 50 12 36 38  4 14  -  8 20 10  - 22  - 18  -  - 24 25 43  -  - 23  9 21  - 34  3 17 30 35 40 29  6  - 46 39  - 48 31 32  -  - 45 47  -  - 19
  -  - 21  - 23  - 42 24 50  -  -  9 35  - 11 48 32  - 39 29  - 13  1  - 16 27 22  4  5  - 37  - 19  6 17 38  - 10 12 20  3  -  - 34  7 43 44  8 26 45
 27  5  -  8 22  7  -  -  -  -  -  - 19 33 12 34  - 30  -  - 14  1 42 45  - 21  - 38  -  -  4 40  -  - 43 28 11 44 46  3  - 37 13 39 20 48 36 47 24  -
 42 27 17 46  - 41  - 16 11  -  -  5 18 50 32 10  -  -  1 40  - 45 13 12 15  -  - 47 24  -  - 36 38 19  -  -  2 22 20 43 34 39  - 31 48  4 29  7 25 33
 20 35 23 29 40 49 17 44  - 26 25 32 12 31  - 50  7 19 13  -  3 22 38 18 27 45  -  - 10  - 24 46 37 28  - 36 30 43 11  6 41  4  -  5  -  9 34  1  -  -
  - 10 41 45 31 18 24 35  - 44 13  -  9  -  4 46 22  - 16  - 34 27  - 43  -  - 36 40  - 30 11 14 21 49  -  1  -  8  6 33  - 23  - 19 38 28  -  3 20 26
 49 24 12 20 15  6  -  5  2 11  - 30  - 45 38  - 42 10 37 43  -  9 47 14 34  1 44 46  7 22 36  8  -  - 48 21  - 31 26 29 19  - 28  -  - 23  4 25 40 16
 23 44  - 40 39 20 21 25  -  5 35 50  -  -  6 28  - 32 41 47  - 12 33  -  - 38 15 26 49  1  2  4  3  - 45 14  9 36  - 37 31 11 42 10  - 24  - 22  - 34
 32 43  8  - 29 31 50 23  - 41  - 45 25 12  -  - 26 49  -  -  5  7  -  - 10 13  - 39 20  9 47 22  -  - 11  4 38 19  3 30  -  6 16 44  - 15 35 21 42 37
 47  -  - 17  6 11 14 26 16 39 32 31  8 27  1 45 19 36 49  7 40 38  -  -  -  - 24  3 35  2  - 12  -  - 41  -  - 29  - 15 30 25 43 18  - 42 48 33  - 50
 29 26  -  - 33 16 13 45 38 12  -  - 43  9 24  -  - 37 40 34 10  - 31 30  2  - 49  -  -  4  -  - 41  -  - 15 42 21  1 27  7 48  -  -  -  -  - 36 18 46
 10 13  -  9 50  -  3 28  - 43 15 38  -  -  8 30 33  6 12  -  - 40  -  7 41 31 11 32  - 16 23  -  5 14 20 46 48 17 25  4 24 42  - 26 36 27 22 49  -  1
 15 37 26  -  -  1  6 18 47 10  - 40 16 14 36  -  -  -  - 46 42  - 48 28  -  7 27 34  - 33  5 25  - 17  -  8 43 41 31 23 22 50  - 21  - 20  - 13  - 24
  - 32  4 24 37 21 10  - 44  -  -  -  - 46 47 25 34 45 43 13  6 49 23  - 28 15  -  9  8 41  - 50 11 12 22  -  - 35 38  - 27 18  -  -  -  5 26 31  3 48
 38 33 22 44 36 37  - 46  3 21  -  - 50 34  9  - 23  1 30  4 32 29  - 47 43 40 42  2  6 10  - 26 13 20  -  5 39 48  - 35 12  7  -  - 15  -  - 27 11 17
 31  - 42 23 38  2 12  -  -  -  - 16 28  - 33  8  -  -  -  -  -  - 14 34  -  - 13 11  -  - 27 29 22  5  1 37 41 20 32  - 50 46  - 24  4 44 15 45 36 40
  3 49  - 18 14 43  - 30 23 47  5  7 48  6 21 29 35  - 24  8 22 33 50 38 40  2 25 45 39 36  -  -  -  1 27 20 34  -  - 10  - 16  -  4 17 12 19 37 32  -
 41  -  - 49 45 23 46 27  - 19  - 22  - 10 44 26  4  - 38 16 35 48  9 39 36 18  - 13  - 47 43  5 20 31 34 24  -  7 21 14 32  -  -  -  - 37  - 28 50 11
 43 14  - 13  4  - 45 29 40 17  1  8  - 16  5  - 38  -  7 49  -  -  - 50  - 46 37 23 44 21  3 41 31  - 19 47  - 12 18 25  -  2  -  - 26  6 24  -  - 36
  -  -  -  - 16 48 19 33  - 34 28  - 29 32  - 22 36 40 45 21 31 41  4 15 11  -  9  1  - 38 10  - 12 18 23  -  - 26  5  2 37  - 49 47 27  7  -  - 43 30
  1  8  -  - 43 22 25  - 20 46 37 41 44  -  - 19 28  -  -  -  - 42  - 36 30 12 23  7 26 39 31 21 17  - 47 27 45 24  - 40 13 10  -  9 32 49 38  6 14  5
 17 50 14 19 30 32 11 42  4  -  - 27  - 20  2 49  8 12 36 18 47  - 21  6 26 10  1  -  -  - 16 15 43 37 28  - 24  -  7 31 23 22 25 29 41 33 13 38  -  -
  -  7 45 35 48  -  -  - 28 50  -  -  -  -  -  - 14 39 18 22 23 26 16 44  -  - 38 41 46 13 42 34  8 25  -  9  - 37  - 21  -  -  6  1 19  -  -  - 49 31
 19 22  -  4  5 26  - 12 32 18 23 25 46 35 10  -  1 43  - 27 20 24 36  - 17  -  -  8  -  - 30  -  - 13 16  - 29 45 14 49 39 34 38 28  - 40  -  9  6  -
 35 11 34 42 32 12  1  - 36  -  - 15  7 17  - 16 39 24 48 37  - 31 28  -  -  - 30 19 13 43 18 10 33  -  9 25 27 50 41  5  - 45 14 38  6  -  8 40  2 23
  - 21  -  5 44 47 41  1 29  9  - 13 34 30  - 31  - 48  3  - 26 46 35 42  -  - 19 20 12 27 40  -  -  -  -  -  -  2  - 32  6 24 22  -  - 14  - 10 39  -
  - 41 30  6  -  -  - 49 31 38 17  - 27 24  - 11 29 47 21 45  - 39 18 13 46 19 26 28 23  -  -  - 14 48 10  -  -  - 50  -  5  9  7  - 25  1 16 44  8 32
 26 30  -  -  -  5  - 36  - 29 18 23 17 44  - 37 21  8 33 14  - 32 20  - 22  - 10  - 38  - 46  2 34  -  - 31  - 39 16 50 42  -  4 41  -  - 45  - 15  -
 25  - 13 32 47  -  - 21  -  7 16 37  -  8 30 15 17 14  - 35 46  - 22  -  - 44 40  6 33 42 20 27 39  -  - 45  -  3 23 34 36  1  -  -  - 26 41 29  5 49
  5 47 33  - 34  - 29 11 12 27  - 24 49  1 39 40 31  4 22 36 19 25  8 48 14  -  3  - 42 18  - 20  - 26 32  -  -  -  2  - 21 43 44 45 23 35  7  -  - 28
 45  3  - 37  - 39 32 41 42 15 43  1 33  5 34 24  -  2  6 19 11 16 40  8  7 30  - 29 21 48  -  - 50 23 44 49 20 13 28  - 38  - 17 36 22 25  -  -  -  -
 14  -  - 21 42 46  - 19  9  - 39 47  5 36  -  6 25  3 26  - 45  8 30  - 12 24  - 48 22 50 35  - 44  7 38 11 49 28  - 13  -  - 37  - 10  - 17 34  1  -
 46  -  1 33 18  -  - 38  -  -  2 26 11 47  - 20  - 25 29  - 27  - 17 31  6 49 39  5 16 32  - 48 42  -  - 34 14 40 22 12  8 19  -  - 24  3  9 50 44  7
  -  -  - 22 41  - 48  - 27  - 29  4  - 25  -  2 40  -  -  - 33  - 34  5 18 32 31 16  -  -  -  3 47  -  -  -  - 14 37 26  -  - 19 49 13 36 23 20 38  9
 36 34 24 16 28 27 30  6  -  4 21 14  2 38 31 32 11  -  -  - 49  3  - 22 42  -  -  -  9  5 19  - 10  - 25  7 46 15  -  1 18 20  8 48 29  - 40 12  -  -
 30 15 44  1  - 42 22 37  5 24  -  -  -  - 16 23  3  - 19 17  - 10  6  2 39  -  - 36 27 28 33  9 26 34 49 32  -  -  -  -  - 38 11  - 47 31 20 41 45 18
 18  9 25  -  - 45  - 50  - 32 22  -  - 11 37  - 24 13 28 42  8 15 39 16 48  5  4  - 29  -  1 38  7 35  6 17  - 27 19  - 33  - 36  -  2 10 30  -  -  -
 44 38  - 41 10  -  -  -  - 40  3 11  -  -  - 42 43  5 27  6  -  - 12 49  9 39 50 30 48  - 32  - 36  2 26 22 33  1 47  -  -  - 45 25 21 29 31 23 46  -
 22 29  -  -  -  8  5 32 46 16 47  - 39  - 41 38 13 21  - 20  -  - 25  - 24 28 17  - 14 26 15 42 49 11  4 33  - 23 44 45  -  - 12  6 30 34  - 19 10 27
  9 46 37 36 24 25  - 31 10  - 34 42  -  4  - 41  - 28  5  3 13 19  7 26  1  -  - 43 32  -  -  - 16 21  -  -  - 47 15 48 40  - 27 23  - 18 49  - 29 12
  4  6 15 26 13  - 49  - 22 36 14 21 23  -  7  3  - 16 34 12 28 50  - 40 31 11 48  - 45 29 25 19 46 38 35  2 44  9 17 41  -  -  5 33 43 30 18  - 47  8
  6 12 39 48  - 40  -  - 41  8 31  - 26 43  - 47 15  - 25  -  - 30 49  -  -  -  2 50  4 24 34 44  - 27  - 16  -  - 45  - 14  5 33 37 42  - 21 32 22  -
