1750
 35  - 44 37  - 32  - 15  7 42  - 17 19  - 30  - 47 39 36  5  - 11  - 25 14  -  1 29  -  4 21  - 50  -  -  -  -  -  - 12  6 23 45 40 27 31 22 28  -  -
  - 12 48  -  9 38 47  - 49 22  - 11 29 40  8  -  - 17  - 28  7 21 39  -  - 41  2 10 25  - 18  - 44 34  -  - 19 13  - 42  - 26 36 50 37 20 24 45 23  5
 36 13  - 20 46 37 25  - 16 40  - 44  - 29 48 39  2  - 35 38 43 41 14  1  6 31  8 15  - 10  7 24  9  - 26 50 47 17  - 32 19  - 22 34  3 11 23 18 28  -
 12 34  -  -  - 15 36  -  3 17 30  7 47  - 21 28 31  -  2 32  5 42  4 14 27 50 46  - 19 48 26 11  8 24 22  - 44  - 23 33  -  -  -  - 39 18  - 40 29 37
  - 41  - 43 49  - 35  -  - 15 38 12 13  5 28  - 24 44  -  4  - 27 47  -  -  - 40 21  - 45 11  6  -  1 30  -  -  8 39  -  -  3  - 17 48 25 26 29  -  -
  - 21  - 27  4 14  -  -  8 46 44 32 35 15  - 50  -  -  9 41  6 22 19 13  - 12  - 42 39 24  - 18 48 10 28 20 23 11 40  5  - 49  - 29 31 33 25  7  - 47
  1  7 33 48 31  -  -  - 18  2 36 22  -  - 11 24 37  5 26  - 10 30 13 16 49 17 41 44  3 39 42  - 38 21  6  8 46  -  - 35 12  - 14  - 28  - 29  -  - 27
  3  -  8  -  -  -  - 35 15 23 25 46  -  6  -  - 39 45 19 14 12  - 50 21  2  - 33 26  9 49 30  - 47 28  -  - 43  1  - 48 10  - 17 11 42 41 31  -  - 32
 47  - 40  -  -  - 26 11 48  -  6  - 32  - 45 10 12 15 16  2 29  9 30  3 37 39  - 34  5 23 14 46 43 49  7 44  -  -  -  -  - 50 24  - 20 19 17  -  - 13
  5 10 15  3  - 31 40  - 34 50  - 48 37  - 33 38 49 26  - 35  -  -  - 29  - 18 25 11  - 19 13 17 36 45 41  2 22  -  - 30  7 47 27 43  1  - 46 44  - 12
 42  - 50 16  -  8  -  -  - 14  - 31  3  -  - 26 36  9 43 25 34  7  -  -  - 45  - 49 38 29  - 40 13 32 27  6  5  4 35 17  - 15 41  - 47 44 39 23 10 21
  4 35 30 34 38 24 22 50  6  9  -  - 45 44 31 29 33  7 10 40  - 39 41 47  5 32 36 17 18  -  3  8 37 12  - 19 14 27 21 26 46  2 20 23  - 48  - 49 43 16
 29 14  - 40 39 20  8 36 45  - 23 26 21 22 16  - 28 46  -  9 27  - 38 48  -  - 10 41 31 17  -  -  4  -  - 11  - 18  7  - 35 37  5  3 43 30  - 13 32  2
 44 50 22 24  3 13  2 17  - 37  -  - 48  - 23 12 19 21  -  - 31 15 45 20 33  -  - 32  6 34 38 25  - 30 42 47  - 40 46  -  -  5 29 28 18  1 16  - 26  4
 34 23 38  4 42 40 16 25  5 48 47 24 17 35 39  8  9 30  -  - 13 19 28 22  -  2 31  -  - 50 12 29 14  -  -  7 49 33 26 11 15  - 32 10  - 36  -  -  3 20
  - 47 10 26  - 11 27 33  - 28 34 18 31 50  -  -  6  - 45  -  - 29  - 19 15  1 23 14  -  8  - 44 39  -  5  - 24 49 37  3 32  - 38 48  - 13  9  - 35 22
 32  4  -  6 13  9  -  - 46 10 27  2 12 17 19  - 22 14 30 16 20 37 21  - 48 40  - 36  -  5  - 49  - 39 31 42  -  - 25 41 18  -  - 15 24 23 50  -  -  -
 31 42 14  1 29 18  - 28 39  -  -  6 25 45 40 15 17 37 21  - 41  5 11  9  - 47 49  3  - 38  -  - 23 44  4 46  - 22 10  -  - 32  - 16 12 24 33  -  2 34
 14  - 37  - 26 41 33  2  -  6  - 10 42 32 25  4 50  -  5 39 45 38  - 49 21 43  - 20  - 28 24 22 18 11  - 17  7 36 48  9 44 31 34  -  -  8  1 47 16  3
  - 17 41  8 45 35 19 13 12  5 48  - 28 14 22 18  1 38  - 20 49  - 31  - 50  -  9  6  - 36 39  7  -  - 34 32 10  2  - 24 26  - 42 33 23 29 37 46  - 44
  -  - 39 49 30  7  1 24 20 33 45 15 36 11 26  5 35 47 18  -  - 16 48 32  - 13 34 31 43  -  6 38 17  - 50 21  4 23 12 10 28 14  - 42 44 46 19 37  8  -
 33  -  - 32 11 22  6 29 24 20  - 16  -  7 10  - 27  8 48  1 35 28 46  - 31 19 21  - 41  3  - 39  -  5  - 15 40  -  - 14 47 43 50  -  - 49 36  - 44  -
  - 28 46 12 25 21 34  -  -  - 40  -  -  1 37 47 44 10 17 33 39 13  - 45  -  -  - 18 29 35 49  - 42 22 20 16 48  -  -  2 38  -  4 14 50  6  5 26  7 24
 48 29  3  7 47 10 24  - 37  -  -  4 46  8 42 32  - 22 39 17 14  -  - 23 30 21 16  1 28 27  -  9  - 38  - 31 45 20 19  - 49 36  - 25  5 50 11 43 13  6
 20  3  7 21  8  2 14 31 29 43 41  -  -  -  - 19 45  -  - 23  -  -  5 24  -  6  - 33  4 32 15 28  1  9 38  - 35 25 36  -  - 42 12 26  - 10 30  -  - 48
 21  2  -  - 32 16  -  - 41 27  - 14 39 23  - 30 48  - 12 13  - 49 20  8 26 10 19 40 35  -  5  4 22  6  - 36 34  - 33 18 29 28  9 38 45 37  3  1 15 25
 17 43 34 15 36 42  - 46 28  - 10 25  - 24  9  2  - 48 32 49 23  -  6 26 13 22 37  7 47  - 35 19  5 18  8  -  - 44 14  - 20 27 21 45  - 16  4 39 11  -
 24  - 17 44 20  - 48  -  -  - 15  - 22 36 13 25 21  - 14  6  -  - 10  - 42 16  -  8 46 31  - 37  - 40 23 41  - 47  -  -  - 39 28  - 26  -  - 11  - 43
  - 45 27  -  -  -  7 30 14  4  - 47  - 26  - 49  - 20 22 37 21 40  - 50 39 29 13  - 17 15 48  3 12 19  9 33 11  - 18 31  8  - 23 46 10 42 41  -  - 36
 13  -  5 23  - 34  9 45 47  - 18  -  - 31  - 11  - 28 38 30 48 20 33 43 10  4 29 12 36 16 17 15  -  3 37 35  - 46 24 22 21  6 40  7  -  2 44 25  - 42
 19  -  - 18  2 46 45 23 38 49  9  - 34  -  4  -  7 32 28  8 50 26  -  6  3 24 20 22 40 33 31 42 11  -  -  - 30 15 41 27  -  -  -  - 17  -  - 48 47 29
 46  - 26 22 16 45 42  -  - 11 28 23  2  - 14  6 25  1 13  -  - 44 43 10  -  -  -  - 49 47 29 20 34 50 36 38  -  -  4 21 41 18  3  - 40  -  7 31 48 39
  -  - 29 50 35 48 17 49  - 25  -  - 23  -  -  -  -  -  7 34 38  8  -  4 40 37 42  - 26 18 44 27 20 43  -  -  - 39  -  6 45 13 47 31  9  -  - 21  - 46
 18 22  -  - 23 47 39 42 19  3 13 45  - 37 36 35 29  -  - 27 25  4 49  - 38 20 48  - 24 12 43  -  - 46 14  - 41 16  - 34 17  - 31 21  8  -  - 30 33 15
 39 44  - 17  - 49 38 43 50  - 21 29  5  - 27 20 30  3  - 10  -  -  -  - 24  -  -  9 32 11  1 31 26 42 48  -  6  7 22  4  - 25 35  - 14 47 13  2  - 45
 23 15  9 10  - 44 50  - 26 32 29  -  - 43 47 41  -  -  - 31  3  1 17  -  -  8  - 27 37  - 22 35  -  - 46  - 13 12  -  - 14 30 16  - 19  -  2  - 24 40
  8  - 35 45 43 17  -  - 40 19 39  -  7  4 38 48 41 27 37 12  -  6  -  - 20 26  - 24  2  1  - 50 46 23  3  - 15  -  - 28  - 10 30 32  - 21  - 34 42 14
 43  -  - 47 12  1 49 37 27 41 42 50 14 30 29  7 20 35  - 21 11  - 15  -  4  -  - 48  -  -  -  - 19  -  - 45  -  -  3 25 40  8  -  2  6 26  - 33  -  -
  - 39  - 28 15  - 46  -  - 30  3  5 26  -  - 27  - 13 31  -  -  - 44  -  8 25  -  - 50 42  9 41  - 47  - 24  - 45 38  - 33 34 48  -  2 17 49  - 20 11
  - 20  - 11  - 50  -  7  - 26  5  - 43 46  -  9  -  -  3 24  1 18  -  2 36 42 47 45 48  -  -  - 49 17  - 28 29  - 15  - 25 35  -  - 34 22  8  -  - 31
  - 24 28 31  -  - 23 27  - 44 22 42  -  -  - 36 13 49 46  -  -  - 32  - 45  9  7  -  - 20  - 12  - 33  - 39  1 14 29  -  - 16 43 37  - 40  - 17  5  -
 50  6 32  2 19 26  - 44 21  8  - 43 30 47  -  1 23 11  -  -  - 34  - 40  -  -  - 37 42 14 27 36  - 41 24  4 18  - 31 46 39 29  - 20  -  -  -  -  - 35
 27 11  -  -  -  6  5 16 23 36  - 37 24 38 15  -  - 18  - 50  - 43  7 33  - 30 22  - 12 41  - 14  -  - 32  -  2 21 45  - 34 17  - 39  4  3 35 10  -  -
 16  9 18  -  - 27  -  - 44 13 26 38  -  - 49 34 46 31  6 29 32  -  -  5 28  - 50 47 15  - 10  -  2  - 40  - 21 42 30 37 24 48  7  -  -  - 20 35 12 17
  - 37  - 14  5 28 20  -  1 18 19  3  -  - 12  - 16  - 41 26  - 47 24  - 23 27  -  2  -  9  8  - 15 35 45  -  - 48 17  - 31 46 11  -  - 38 42  -  - 50
 49 46 20 13 50 39 10  6 17 38 37  9 27 42  -  - 18  4 40  - 30 45 29 34  -  -  3 35  - 26  -  - 24  - 33 48 28  -  1 36  -  -  -  5  7 14  - 32 31 41
  7 49  4  -  -  - 12 39 43 47 50 13  -  - 24  -  8  - 11  -  - 35 26 36 41  - 18 25 20 30 32  2  - 29 21 14 27  6 28 16 22 45  - 19 33  - 10 38  1 23
 28 48  6 39 37 30 15 38 25 34  -  -  1 16 18 45  5 29 23  -  - 31 22 27 35  - 14 46  - 44  2 32 33  7 12 40 26 43 49 19 42 24  -  - 36  -  - 50 17 10
  9  -  - 36  7  - 18  4  - 24 32  - 33 10  -  - 42 12 25  - 28  - 37  - 11 38 17 19 44  - 20  -  6  -  - 43  8 31  5 45 50  - 39 30  -  - 14  - 46 49
 22 27 21 30  -  -  - 10  - 45  -  8 18  -  - 40  -  - 20 46 15  - 34 31  - 14 26  -  -  6 36  5  -  - 25 13 42 24  -  - 37 33 19  4 38  - 47  - 50 28
