1750
 30  - 31 48 24  1 44  - 49 39 50 46  -  -  - 15 33 19 10 28  8  - 16  6 11 36  9 14 42 34  -  - 18  -  - 45  - 25  - 23  - 40 20 43  4  3  7 35  5  2
 29  5  - 15 47  - 25 24 17 19  - 49 11 46 12 21  8  -  6 30  3  2 34  - 26 40  7  -  - 20 42 45  -  - 27  1 31 43 35  - 14 22  - 36  9 48  4 13 32  -
 11 44 18 23 28 45 33 30 46 40 31 27  - 37  2  -  - 36  -  -  4  - 22  3  - 39  8 49 29  7 16 38 42 14 20  - 15  -  -  -  - 48 13 50  6 21 10  -  - 26
 49 45  - 19 34 40  -  -  6 15  - 12  -  - 39 30  - 50  8 17 47 33  - 36 27 24  - 28  - 26 21 37 22  -  -  - 10  - 43 38  - 29  - 11  -  7 41  5 23 32
 40  - 10 25 29 32  -  4  -  8  1 42  6  -  5  - 45 33  - 35 27 28  - 31  2 30 46 15 34  - 14 18 50 39  9 13  -  - 41  - 22  - 16 38 47 20  - 12 11 23
  1  - 38 50 17  - 16 33  3 34 36 20  - 45  - 18 41 22 26  5  -  - 23  - 25 46 21  4 24  8 10 31 35 30  -  - 28 49 48  6 39  - 29 12 40 47 27  - 42  7
 25 35  - 22 32 21 42  - 41 26  - 28  5 48  - 20  -  - 33  7 30  -  -  -  6 18 36 47 15  -  1 27 23  -  - 43  4  -  - 44  -  - 11 17 45 19 13  - 29 46
  8  - 35  -  - 47 45  - 33 37 19 41  7 36  -  - 21  - 23 31 15  - 29 28  9 13 10  - 14 24 38 48 30 22  3  5 11 17 26 32 46 12 49  -  - 39  - 50  4  1
  - 25  -  -  7  -  5  - 10 30 38 33 19  6 46  4 47  -  2  -  - 16 42  9 18  -  - 31  - 41  - 44 13  - 50 22  3 34  - 43 20 21 48  - 26  1 23  -  - 40
 20 11  -  -  -  - 48  - 26  9  3  -  1 10  -  -  - 47  - 42 18 19  - 30 33 37  - 17 31 22  - 14 49  - 25  -  - 27 24 34 29 23  - 40  7 13 15 16 43  -
  -  9 33 46 15 30 35 49  -  - 34 24 27  -  - 19 12 25 13 47 40 22  6  2  -  -  -  -  - 18 36 10  1 44  7  - 23  - 14 37  4 26 21  - 31  8 39 20  - 45
  2 38 13  4 49 43 39 26 40  - 28 14 32 25 16 41 15 35  - 19 37  - 18  1 48  8  5  -  9 10 20 23 17  3 22 33 21 11  - 31 27  -  - 46 36 29 47 42 44 30
 37 48 15 24  9  - 28 11  -  - 40 47 31 18  - 10  1  -  -  6 32 50  - 21  -  -  3 43 45  -  -  8  4  - 38  2 46 39 16 41  5 17 36 22 34 25 29 33  - 20
  - 46 19  8 18 37 17 13  1 49  2 34  -  4  - 14 31 11 21 27 28 36  - 45 40 10 41 23 22  - 43 25 32  - 39 24  5 12 30  - 15  -  3  6 48  -  - 29 26 47
  - 34 27 13 23 11 15 31  - 29  - 45  - 24  -  - 30  5 40 48  -  7  - 20 36 44 19  3  6 17  9 42 21  -  - 39  - 33  - 46 25  - 32 35 10 43 28 18  -  -
 28  - 24 21  2  -  - 22  - 41 42  -  - 26 11  - 27  - 38  -  - 17 32  -  - 48  - 13  3  6 25  - 45 20 10  4  7 16  -  5  - 14 35  - 37 50 43 47 39 44
  7 31 16  - 45 39  3 46 12  - 20 36  - 15 47 50  4 26 24  - 10  - 35 41 49 34 40 38  - 32  6 28 33  -  -  - 27 48  - 21 17 25 37  -  -  -  1 44 22 42
 12 27 36 43 48 44  -  6  -  7 45  1  - 11 31  -  2  - 22  -  - 40  8 23 24  - 49 34 47 19 26 30  - 15 16 38  - 29  5  - 28  -  4 21 13 17 46 41 25 50
 14  - 30 47 27 28 10 36  -  - 11  -  - 29  7 16  - 40  -  -  1  -  - 32 12  -  - 26  -  4  - 22 37  2  -  -  6  9 20 13 38  -  -  8  - 34  5 19  - 17
  - 39  - 45  - 19 32 38 15  -  - 43  -  7  -  - 22 10 47 37 14  - 11  - 31  - 34  5  2 23 29 33  -  6 30 20 49 18 44 27  -  -  -  9 16 35 21  -  1 28
 44  - 29 18  -  - 22 23 47  2 15  4 50 35  -  - 42 20 36 38 25  - 40 43 30  9  1 33  -  - 41  - 34 21 11  7  -  5 46 16  3 27 26 39 14  - 17 31 49  -
  -  - 21  -  - 34  - 20  7  -  - 35 22 16  4 27 50 30 31 33 23  -  - 24  - 32 25 37 10  - 44 11 12 18  -  6  - 38  - 47  2 42  - 45  3  -  9  1  -  -
 47  - 44  -  -  9 27  -  - 31 33 17 24 30  - 37 16  3 28 20 29  - 38 15 46 50 22 12 40 43  -  -  5  - 23  -  - 13  -  4  -  -  -  1  - 36 25 48  -  6
  - 20 14  - 11  3  7  -  - 21 27 25 35 40 50 23 13  -  - 29 43 49 46  - 41  -  -  -  - 36 47  1  6 16 12 37  - 15 39 48 33  -  -  - 18 32  -  - 24  -
 17 37  -  - 30  5 43 39 13  - 29  2 20  -  -  -  6 27  4  -  - 46 36 22 32 38 33  - 35 50 23 40 47 12  - 48 16 28  - 24 11  -  9 10 15 26 18  7 21 14
  4 21  -  - 16  -  8  - 27 14 37  - 29  - 28  -  -  -  5  -  6  - 39 33  - 49 50 35 48  1 24 34  - 46 41 23 44 20  -  - 40 36  - 31 32  - 30 45  - 10
 41  - 47 32  -  8 23 14  - 22 48 11  - 17 43  3 46  -  - 15 45 38 37  7  - 20  -  9 19  - 31  - 39 13  - 29 18  1 33  - 42  4  -  2 44 16 24 10 35 21
 33 36 48  -  - 38 21  -  -  -  -  9  - 31  1 22 20  8 49  - 41 32  -  - 47  6 23 45  7 29 35  - 15  5  - 12 34 14 37 40 24 10  - 42  -  -  - 17  -  4
  -  6 26 40 37 49  2  - 20 48  - 18  8 41 24 25  - 31 43  - 36 29  - 46 42  - 11 50 44 39 27  - 38  -  -  - 32 22  - 14 34  1  -  -  -  - 16 23 13 19
 26 40  -  1 13 24  - 43 36 25  -  6 28  9 27 48 37  -  -  - 46  5  - 42  - 19  - 10 17 12  7 50 31 11  - 47  - 32  -  - 21 38 23 33 30 41 45 15  8 34
 34 33  -  5  - 13  -  2 35 36  -  -  - 21 23 49 14  -  -  9  -  - 28 47 10  1 38 30 27  - 50 43  -  -  6  - 20 26 12  - 41  - 42  7 24 22 48  - 31 25
 43  -  - 37 21  -  9  - 28  5  -  7 40  - 13  2  - 14 18 12 26 27  -  - 45 22 29 25  - 15  -  - 48  - 44  8 36  - 19 39 49  -  - 32 17 38  6  - 10  -
  -  8 28 11 25 26 24 34  4  - 14  -  - 23 33  -  - 43  1 32 48 15 19  5  - 41 27 40 30 31 46 13  - 36 42 10 22  -  3  -  -  -  2 44  - 37 49  - 17 35
 27  - 43 42  8 41  - 12 50  -  - 39  -  - 10 33  -  6 14  -  7 37 47 17 29  4 48 21  -  - 22  9 26  -  - 34 24  -  - 49 44 30  - 13 11 18  - 32 19  5
 19 26  -  9  5 15 31  -  -  -  - 10  - 20  6 11 39 41 12  -  - 21  -  - 14  -  4 48 13 46 17 47 28 34 33 50  - 35  -  - 23  -  1  - 38 30  - 27  - 49
 10 12  8  - 22 31 29  -  -  - 23 48  - 39 34 17 24  - 45 13 50 14  -  - 37 26  - 19 21 49 40 36 11 27 35  3  9  -  -  2 43  - 44 30  1 28 42  - 20  -
 21 15 32 31 38 23 19 17 30  - 10  -  - 28 18  - 26 46 48  -  9  6  1 39  8  5 13 29 16  2  4 24 36  - 14  -  - 40  - 11  - 35 27 20  -  - 50  -  - 41
  5 50 37 39  -  2 11 48 45 10 35 44  - 34 15 24 32 13 25 26  -  9 21 12 17 31  - 16  - 42 28 46 27  -  1  - 14  -  - 22  -  - 33  - 29  4  8  6  7 36
 48  -  -  - 50 10  -  -  -  1 21 23  - 13 19  - 44  4 11 39 20 25 31 40  - 33 45  - 26 27 37  2  - 43 32 18  - 42 36  9 35 34  -  -  - 46  3 14 16 29
  3 23 11 28 33 25  - 15 24  -  -  - 41 38 21  - 10 48  - 34  -  - 43  - 16 29 47 32 39 44 18  5 20 17 49 36  -  -  -  1 26  6  7  4 42 12 14 22 37  -
 36  7 41  - 44  -  -  - 29  -  -  -  - 42 32  -  - 38  -  -  - 12 13  -  - 23  -  -  1  - 33 17  2  8 26 49 35 50  -  -  - 47 39  - 21 45  -  - 48  3
  - 13  - 20  -  -  6 19  -  -  -  - 10 12 22 36 38 23  -  3 17 30 41 49 21  - 35 18 33  - 34 39 16  4  8 42 29  -  - 45  7 37  - 26  - 40  -  -  9  -
  - 14  - 17  -  - 41  - 42 28  - 26 34 33 30  7 19  - 39 49 16  - 24 38  - 47 43 36  4  3 45 35 29  -  - 27 25 21 15 10  -  -  -  - 20  -  - 11  6  -
 24  -  4 10 31  6 12  9  -  -  7  - 26 27 48  - 40 29  - 50 42 47  - 34  3  - 39  - 43 30  - 32 25  - 13 14  - 23 11 35  -  -  - 49 19 44 33  - 45 22
  -  4  6 38  - 42 47  3  - 45  5  - 13 32 25  1 35  - 29  -  - 20 15  -  - 17  2  - 12  - 11  7  - 50  - 31 19  - 49 26 48 28 30 41 23 24  -  - 36 27
  -  -  - 36  -  4  1 16  2 27  - 30 39 14 40  9 17 21 37 22 13  3 12 48 19  -  -  7  - 47  -  -  - 10 18  -  -  8 42 28 45 41  5 24 50  6 32 26 38 11
 39 42 22 34  - 33 38 44 32  - 41  -  -  8 45 35 18  1  -  -  -  4  -  -  7  - 28  - 49 37  - 29 40 47 31 17 13 46  6  3  - 11 43  -  5 15  - 36  - 24
 23  3 12 33  -  7  -  - 39 44 47 15  -  -  - 32 34 16 17 11 19  1 45 50  - 35  6  -  8 21 30 20  -  -  4 28 41  -  9 25 10  - 18  5 22 27  -  - 40 37
 31 47  - 16  - 29  4  - 44 33 22 38 30 43  - 40  - 24 20 36  - 10 27 37 13  2  -  -  - 45 32 12 19  - 15 41  -  - 21  -  6  3 34 48  -  5 26 39 28  9
  9  2  - 49 10 18 13 21 31 20 26  - 14 19  3  -  -  -  7 45 39  - 48  -  - 15 42  1  - 35  5 16 46 37 24 30  -  6 34  -  8 44  - 27 41  - 11 38 47  -
