1750
  - 13  -  3  -  - 44  8  - 38  -  -  - 28  -  -  - 23  6  5 50 27 43 40 26 30  - 11  - 42 19  -  -  -  - 10 14 48 24 17 34  - 15  - 47 35 39  - 20  7
  - 39 31  -  - 13  - 24 26 50  5 18  -  - 22  - 47 42 20  4  -  -  -  1 33 12  -  7 45  -  3  - 16 29  -  -  8  9 48 38  - 28  -  - 30 32  - 46 25 35
  - 45 34 35  -  -  5 30 49  - 16  9 38  - 50 23  8  -  - 17  4  - 26 39 27  - 10  -  -  1  6 12 36 42 14 29 21 28 25 40 33 18 22 24 46 48 31 41  2 20
  -  -  - 18 27 28 43  7 31 47 34 16  6 45 40 13 42  2  9 29 11 17  -  3 36  4  - 49 10 19  - 21  -  - 44  -  - 25  5  -  - 39 30 48  - 46 14 24  - 50
 21  - 18  4  6 48 32 15 28 24 43  -  - 17  - 19  - 40  5  - 22  9  7  2 20 34 13 10  - 23  - 42 38 45 39  - 11 47  -  -  - 36 16 25  1 12 27 44  8 29
 35 48 44 25 43  - 21  6 22  -  - 42 34 14 31 11  - 33  -  - 20  -  -  -  8  -  - 24  5  - 38  - 37 39  - 41  -  7  4 18  -  - 46  1 45  3 40 13 26  -
 19  - 37 15 31 16 33 20  5  - 26 43  7 39 38  8 30 49 17 25  - 42 21  - 28  3  9  6 46 45  1  - 10 13  - 24 36 12  -  -  2 11  - 34  -  - 48 40  4 14
  1  - 50  7 46  - 26 11  - 30  -  - 43  8  - 42 24 44 22  -  - 19  - 15  - 18  6  - 31 47  -  -  -  - 36  -  3 34  - 39 23 33 25  5 40  - 41 38 37 21
  -  5  -  - 25  - 16 23  -  - 46  1 40 33  -  2  - 21 12 39 42 11  -  - 30 38  -  3 47  8 44 15  6 10 24 49 18 35  - 37 43  - 41 32  7 36 19 48  -  -
 14  - 36 22 26  5  9  - 35 37 10 28  -  - 39 41 31 11 18  7  -  1  -  - 12 44 19  - 50 24 29 23 27 38  6  - 45  -  -  - 46 20  -  3  - 21  -  4  - 25
 39  - 42 38  - 43  - 46 48 25 49  5 21  -  - 30  7 28 41 33 29  - 27 22  3 24 45  - 19 26 17 16  - 32  9 50  1 37 40 47 10 13  -  -  -  - 20 31 23  -
  - 17 48 47 24 46 12  -  - 33 35  -  5  -  - 20 15  - 29 50 41 16 44 36  -  2 40 28 49 37  4 25  - 43 21 30 27 32 26  - 31 22 23 38  -  8  - 19  - 45
 36 23  -  -  5  - 45 27 11  -  9 21 33  - 42 29 17 20 34  -  - 24 10  - 25 37  - 30 40  7 32  3 49  -  -  2 31 18 43 19  8 38 13 26 50  - 47 35 46 16
 40  - 22 27 45  - 30 21  - 48 23 39  - 12 35  -  -  6  - 15 32 41 11  -  5  -  7 50 33  3  - 20  2 26 37 18  - 49 31 13 16 14 24 10  - 43 38 36 47 46
 12 33 29 41  - 45  - 28 27 42  -  6  9  - 17 34 21  5 14 20 36 10 24 43 47 16  - 37 44 25 49 46 31 11  - 26  -  -  - 48 35  -  8 19 39 22 30 32  3 15
  6  9  - 28 37  - 39  1 21 16  - 19  2 27  - 22 13  - 49  - 43 14  -  7 31 32 12 40 17 20 10 41  -  -  - 46 25  4  -  - 18 44 11 50 23  - 15 47 29 26
  3 37 21  - 48  9 28 49 15  -  - 27  1 19  - 36  - 50  -  - 33 29  8  - 34 26  2  4  - 31 30 38  -  - 13 14  5 46 12 41 45 32 35 18 20 17  - 42 24 39
 13  - 14 43  - 25  - 37  1 12  - 30 27 42 24 10 16  7 15  2  - 46 40 45  - 41  5  - 38 39  - 29  - 50  -  -  - 17  3  - 11 48  - 22 49  6 33  8 31  9
 37 31 47 12 23  - 27 32  - 46  -  - 17 20 29 28 45 24 30 36  - 26  -  8 41  -  4 35 21 40  7  1 48 14 16 25  -  3 44 43  -  -  6  9 33 15  2 22 39 18
 10  4  - 45  - 47 34 44 40 27 48 17  - 41  - 43  -  -  3  - 26 37  -  - 39 29 21 42  -  2 15  9 14 18  - 23 50 22 30  -  -  6  -  -  - 38 12 11  1 32
  - 27  - 30  2  - 47  - 20 40 41  - 44  -  5  -  - 18 26  -  - 34  6 28 19  -  - 16 35 12 42 33  - 48  1  - 32 39 36 24 21 23 10 43 37  -  -  - 17  -
 46 43  -  -  -  -  - 48 38  6  - 47  -  7  -  - 25  - 28  - 39  - 19  -  -  - 17  -  -  - 23  - 13  -  2 12 33  -  1  -  3  - 29  8  -  -  5 49  9  -
 33 15  6  - 38 10  -  9  - 31  -  8  4  -  - 26 27  - 11 12 49 39 20  - 22 35 48  - 34  -  - 30  -  - 50 47 24 23 21 46  -  - 45  - 16  2  - 29  -  -
 34 38 13 14 10 44  -  4  - 20 12  - 41 36 27 21  -  - 33 42 15 28 46 26 17  -  - 23  1  - 24 37 50 47 49  7 30 45 11  3 25  8 31  -  - 18 32  5  - 19
  -  1 28 24 22 11 42 33  -  8 15 49 16 50 19  - 44 12  -  - 48 47 18 10 13  6  -  -  7 21  - 31  9  -  -  4 29 14 20  -  - 40  -  - 35  -  -  - 32 38
  5  -  - 11  1  -  2 17  7 34 18 32 13  - 23 16  - 47 37  9 24  4 25 49  -  - 26 39  3 15  -  - 46  -  -  - 38 44 22 28 29  -  - 33 21 14 42 20 12 27
 15 26 23  2 30  - 13 12 16  4  -  7 19 47 33  - 43  - 24 44 37  8 36 35 45  - 25 14 41 10  9 49  -  - 20 38  - 40 46 11  1 34 18 27 22 39  - 17  -  3
 22 42 32  -  - 18  -  5 14 11 37 44 45  2  -  3 12  - 48 19  8 49 30  -  - 33 20 46  9 27 43 39 15  -  7 35 23  -  -  - 50  - 28 16 34 24  -  6 13 17
  - 36  3 50  - 27 10 47  9 29  - 48 31 22 13  -  4 17 25  - 35  6 23 20  - 39  - 18 37 38 14 43  - 21 19  5  - 42 45 26 41  1  - 46 32  - 49  7  -  2
  - 11  -  - 47 23  8  - 43  - 39 24 15  -  -  5  9  - 13  - 44 33  4 37 46 17 49 29 48 32  -  6 42 28  - 31  2 41 16  - 22 12 19  - 38 10 21  - 27  1
  9  -  7  -  -  - 24  -  3  -  - 10  - 15 28 40  - 30 31  - 12 44 33 17 21  -  - 22  -  - 39 48  4  - 34 16  - 38  6 29  - 19 43  - 11 27 46 45 49  -
 20 30  - 34 29  - 41 19 47  7 38  3 25  -  -  9 40  1  2 32 31 18 39 42  -  8 33  - 36 43 16  - 35  - 27 11 48  6 17  - 12  - 37 13 26 28  -  -  - 22
 48  - 10  6  -  -  1  - 46 18 29 25 23  -  - 17 28  - 27  -  - 13 32  5  7 42  - 38 20  - 40 35 39  9  - 22  -  8 19 34 37  3 49 45  - 26  -  -  - 43
 23 24 19 33 35  1 14  - 44  -  -  2 22  - 37 27 34 32  - 16  -  5 49 48  -  - 36 20 25 50 12 18 26 17 46 45  - 15 41  - 47  4  -  -  - 40 13 10 30 11
  2  - 16  8  9 42  - 26  -  5  4 22  - 11  -  7 39 35 44 45  - 38  - 13  - 20 24  -  - 33  -  -  -  -  -  1 12 21  - 10  - 43  3  -  -  - 25 14 36  -
 38 49  2  5  -  - 23 29 12  9 11 45  - 10 26 46 32  3  4 37 30  - 48 25  1 22  -  -  - 44 31  - 33  - 15 42 43  -  8  -  -  - 50 21  -  - 28 34  6  -
 11 14  - 40 17  -  - 10 34 21 19 38 39  3 45 18 23 36  -  -  6 50  1 32  -  - 42 47 29  4  8 13 12  - 33  9 28  5 49  -  -  2  7 15 27  - 24  - 41 30
 26  8 17  9 16  3  4 38 50 22 47 12 37 44 30  - 46 15  1 13  5 21 28 23  -  -  - 43  -  - 34 19 32 33 35  -  - 29  -  2 24  - 27  - 25 20 45 18 11 42
 50  -  8 48 20 49  -  - 17 28 31  - 42 30 10  -  - 29  -  -  - 25 16 46 11  5  - 26 32 41  2 45  7 27 23 34 22 43 13 15  9 21 44  - 36 19  6  -  - 47
 43  - 41 17  - 30  6 34 24 39  - 13  3 32  - 12 33  8 10 21  -  -  - 29 42 49 28  - 23 18  - 26 45 15 38 19 35  -  7  4  - 37  - 31 48 25  1  - 16 44
 45  3 43 32 50  2 15 41  - 19  7 40 35 29 44 33 14 22 42 47 21 23 13  -  -  - 34  -  - 30 11 17  -  - 28  -  -  -  9 12 38 46  -  6 18  - 37  - 48  -
 17 50 33  - 42 31  - 43  - 13  3 46 32  9  7  - 36  4 35  -  -  - 47  -  - 21  -  - 15  - 25  - 30 24 12 39 19 11 18 45  5 10 40  -  - 16 26 28 38 34
 25 19  - 31 33 41 40  -  - 45 21  -  - 18 16  - 37  -  -  6 27  7 50  -  -  9 44  -  - 17 46 24  -  2  - 28  - 20 29 32 26  -  - 23  -  -  3  -  - 49
  8 22 46  - 39 29 37 35 42 36 14 33 26  5 12 49 10  - 50 31  3 45 41  4 18  - 32  -  - 16  - 34 11  7 48  - 15  -  -  6 17 27  - 30  - 13  -  -  - 40
  -  6  -  -  - 14 17  - 32  1 40  4 47 26  -  -  - 46 43 18  2  - 37 33 50 15 31  5 22 11  -  -  -  - 30  -  - 24  -  -  - 25  - 44 29  9  7 12 28  -
  -  -  - 46 28 17 38 42 18  -  -  -  -  -  - 50 22 27  -  8 25 31 15  -  -  -  -  - 13  - 20 40  - 12  3  - 44 36 39  7 32 26 34 47 43 23  -  2  5  4
 42 32 26  - 21  - 29 40  - 43 45  -  -  -  9  - 19  -  - 27 16 12  - 38 14 13  3 33  -  - 18  5 28 44 41 15 20 30 34 35  4  -  - 11 31  7 23  1 10  -
  - 21  - 16  -  -  - 25 41  2  -  - 18 48  -  - 29 19 38 34  9 43  5  -  - 28 30  -  -  - 13  - 47  8 42  - 46 31 23 14  - 24 39  4 17  - 35 50  -  -
 44  - 12 42  7  - 46  -  - 32 17 26 28  4 34 38 48 10 16  -  -  - 45 31  - 50 39  2  - 49 22  - 19  -  - 13 37 27 15  - 20 29  - 40  3  5  9 30  - 41
  -  7  -  -  - 40  - 45  - 26  - 23 36  - 46  - 20 14 21  1 17  3 12 50  - 27 38 44  -  - 48  2 29 31 11  6 41  - 37  9 39 49  - 42  5 34  8 33 18  -
