1750
 18  -  5  -  - 37 49  -  2  8 13  - 24  - 14 41  -  -  -  - 43 36  - 19  - 47  -  -  3 27 48 12  - 30  - 23 26  9 50  6 39  -  1 20  7  -  - 21 22 15
 25 10 24 48 27  -  - 17 39  - 46 14  8  3 42 45 16 30  6  -  -  - 11  -  -  1  -  -  -  -  -  -  - 15 37 36 49 40  - 43  -  - 47  2  -  -  9  -  - 31
  3 36 23  -  - 34 44 49  - 43 27 22  - 13 46 11  - 41 17 24 33  7  -  2  1  - 38  - 20  - 39 35 19  -  -  -  - 26 28  -  -  - 30 50  - 48 14  6  -  -
 50 49 44  -  7 11 40 47  -  3 17 10  - 46 37  -  4  - 26 30 42 33 29 27  -  8  - 31  -  6 32  - 43  - 20  -  -  -  - 39 15  1 14 16 34  - 24 48  - 12
 38  - 16  - 35 43  1  5 25  7 40 30  - 15 13  6  -  -  - 17 39 21 33 20  8  2 10  -  - 32 12 19  - 28 29  4  - 48 47  -  - 36 37 34 49  - 23  - 41  9
  6 33 41  -  - 42  - 16  7  2  - 29 40 47 44 15 27  -  8  - 35 23  -  - 10  - 49  - 19 26 43  - 37 14 50 48  - 18  -  3 45 13  - 25  - 24  - 17  5 20
 39  7  6 13  - 27 24  4  - 14  - 32 49  9 23  - 22 18  - 37 38  5 31  1 43 41  -  - 15 34 21 25 40 46 48 20  -  - 16  - 36  - 42  -  -  - 10 12 35 47
 36 34  -  - 29  - 21  - 27 22  -  -  7  - 25 37 20 26 12 48  3  - 39  - 49  - 32 42 38  - 46 31  8  6  4 10  9 16 45  -  1  -  - 19  - 23 50 14  2  -
 47  -  -  -  -  6  -  - 31  -  -  - 27 10 39 19 37 15  - 41  -  9  2  -  -  4 20 33  -  5  8  - 34  3 13  -  - 30 24  -  - 16  - 38 35 44 28 42 29 45
  -  -  - 27 32 21 48  -  5 31 18 16 23  - 38  - 28  3 39  - 49  1 46 44  -  - 29 11  -  -  4  -  - 37  6 15  - 45  - 14  -  - 26 41  9 22 30 47 42 13
 27  - 30 37 46 15 17 28 29  - 16 12  -  - 49  - 11 13  -  -  -  - 10 48  - 24  -  4 31 36  -  -  7  - 32  -  5 43 41  - 47 26 44 22 38 40 35  -  - 39
  - 18 20  - 48 26 41 31 12  - 44 47  -  2  - 43  -  1 13 11  -  4  7 32 17  - 40  - 37 38 49 46 45  - 19 14 50  5 25  - 16  6 28 24 23 42  3 33 39  -
  1 37  8 26 43 36  - 34  3  - 38  -  - 24 12  -  - 49  4 40 14  6 30  - 22 45 31  - 35 46 17  - 15 11  - 16 23  -  7 19 25 20 27 21 48 41 33 13 44 32
  8  6  3  1  9  - 29 42  - 25 45 39 32 50  -  - 14  - 48  - 40 47  -  - 21 12  2  - 11 20 41 30  - 49  - 38 33 34 26  -  - 44 18 27 28 13 43  -  -  -
 13  - 29 43  -  -  - 33 30  9 35 46 11 25  8 17  - 38  -  - 45 27 34 37  - 26  5  -  6 49  - 23 18 41 24  -  - 19 14 50 28  7  - 42 31  1  -  -  -  -
 20 44 12 33  8 48 15  -  4 11 36 18 14 19 30 40 47 27 24 39 23  - 45 10 29  6  1 41 43 50 35 26 31 38 21  9  7 17  -  - 22  -  - 32  5  2 16 34 28 37
 26 13 38 29 28 23  8  - 42  -  - 48 17 41  4 33  9 19  -  2 32  - 50  7  -  - 18 12 27 24  6 15  3 43  - 47  - 14  1 16 34 22  5 45 40 37 20 36  -  -
 35 17  -  - 37  -  - 12 48 40 32 49 36 20 33  -  - 39 11 10 16 22 25  -  - 28  3  - 30  1 26  -  9  4  - 31  - 13  - 15 23  - 38 43 45  -  2 50 24  -
 21 46 40 12  -  5  - 15  - 17 50  -  -  - 18  9  - 32 30 27 31  - 13 24 42 44  7  - 39  - 45  2 29 20 25  - 16 47  - 26  -  - 23  - 41 10 36 35 38  -
 49  2 25  -  3 16 37  -  -  - 22 31 47 35 21 32 46 36  - 20  4  - 40 18  -  7  6 50 48 45  -  - 42 26  - 24  -  - 10 28 41 14 17 33 13 30 34 38 15 23
  - 22 34 20 24 39  4  7  - 38  8 50 15 37  -  -  2  -  3 45 26 43  5 36 13 49 19  - 21 42  -  - 47  - 35 28 11  - 23 12  6 41 10  - 25  -  - 44 46 17
 15  1  - 49 50 13 38  - 23 20  -  3  4 36 27 35  - 28 25 18 11 37  -  6 45 16 48  5  - 47 24  7 12  - 30  - 14 46 44  9 31 33 32 29  -  - 21 40 26  2
 24 25  -  -  6  -  - 40 36 47 20 28 45 11  -  - 41  9 37 23  - 46 27 29  - 22 26 21 49 44  - 14 48 17 34 12  2  - 30 42  7  - 33 10  -  8  -  4 50  -
 43 38 36 44 19 35  6  -  8 15 26 20 31  - 10  - 13  7 14  9 22 12 18  4 50 48  - 29  2 39 25 24 21  -  - 33  - 32  -  -  3 47 40 28 37  5 49 11  - 34
 29 41 42 18  - 20  - 45 38 44 37 43 12  - 32  - 33 47 27 34 48 26 15  - 11  9 46  - 23 35 16  6  4  5  2 13  - 10  - 22 21 31 50 30  - 17  -  1  -  -
 16  9 14 50 26  - 27 13 24 23 43 45 22 32 17  -  - 25 21 44 37 20 12 39  7  - 41  - 28 10 15  -  2 35  - 34 38 36 48  -  5 40  8  4  1 47 29 30  -  -
  - 48  -  -  -  - 23  -  - 50 10 26  -  -  2 36  -  - 32 33  - 41  -  -  4 42 24 20 13 31  5  - 25 47  -  7 21 15  - 38 12  3 45  -  -  -  - 16  1  6
  5 26 45  4  - 41 28 14  - 37  - 19 21  -  - 46 38 29  - 50  - 17  - 49 36  - 39 47 34  2  -  1 11 22 18  - 32 42  -  - 30  -  - 40  - 16  -  9  3 27
 48 35  - 28 20 24  - 18  6  -  - 17 37 33  5 14 39 50  - 31 12 32 23 42 30 21  4 26 44 19  -  - 49  - 22  - 25 29 34  - 27  -  3  - 10 11 15  2 16 46
 34 32 48 36  - 19 10  - 46  - 21 13  -  -  - 30 17 20  -  -  - 11 44  - 40 38  - 43 24 37  - 39 35 50 14  1 41  -  2  4 42 28 25  -  8 26 31  -  - 49
  -  - 33 22 41  2 39 27 28 32  -  - 38  - 43  - 15 11 34 26 24  - 19 50 35  3 17 13  -  8  - 45 16 12 40 49  1 21 37  -  - 42  -  - 30 25 44  5 23 10
 14  3 18  - 42 10 16 30  - 46 24 23  6 21 41  1  8  -  -  - 17 19 20 13 48  -  -  - 12  7 31  4 28  - 45 43  -  - 11 49 50  9  - 36 26  -  - 39 27  -
 23 30 21  - 13  -  7  9 49 39  5  - 44 16 45  - 43  - 31  - 28  2  -  -  - 50 33  1  -  - 42 48  - 19  8  - 46  3 15 34 24 25  -  -  4 20 27 37  6 26
 41 24  -  2 45 44 12 26 37 16  - 34  -  8  -  - 30 33 15 49 50 18  4 21  -  - 23  3 25  9 27  -  1  -  5 22 10  7  -  - 14 17 11  - 42  - 39 28 47  -
 40 50  7 24  - 25  -  3  - 28  -  - 13 27  - 12  -  -  -  - 29 45  - 17 23  - 47 46 10  - 33 41 36 39  - 21 18  - 49 37  - 32  9  1 22  -  6 15  - 11
  - 40  - 32  -  - 19  - 21  - 29 37 28 44  -  2 18  - 38  4 10 31  9 15 39 36  - 30  - 17 23  5 13  -  1 45 35 24 42  - 33 48 41 46 27  -  - 26 25  -
 22 42 26  - 11  1 33 48 35 45  - 44 16  -  -  4 50 37 19  -  6  - 21  -  9 32 43 38 46  -  - 13  - 25 17 29 40 28  5  -  -  -  7  -  - 27 41  - 10 18
 10 16  4 34  - 50 42  -  9  - 25  6  -  - 26 47 12 14  2  - 21  - 43 33 31  -  - 44  - 23  - 37 46 40 15  3 24  - 27  1 32 30  -  - 36 49 45 22 20  -
  -  -  2 23 18 49  -  - 41  1 30  -  - 26 16 24 21 12 36 43  - 48 32  -  6 20 22 45 33  - 47  -  - 31 11  - 42  8  - 44 13 50  -  3 46  -  - 29  7 35
  2  - 46  -  -  - 32 29  - 24 49  -  -  - 11 34  7 45 10 35 30  -  -  - 37  -  - 16  - 41 28 43 44 13 23 50  6  1  4  - 26 19 20  - 21  - 17 18 48  3
 17  -  - 21 10 31  - 39  -  - 15  7  -  - 29  - 48 40 41 25 36 13  3 22 28  5 37  -  4  -  2  -  6  - 38 26 43 50 12 47  -  -  - 44  - 45 46  8 30  -
  - 28 37 46  - 12 45 50 33 41 47  - 20  -  - 29 26 10  -  -  2  - 36  - 18 17  - 23  - 13 19  - 27  -  7 11 15  -  - 48  - 35 24 31  3  -  8 43  - 16
 42  - 27  - 40 29  2  - 34 10 48  - 46 22 47  - 25  - 50  - 20 24 16 12  - 23 30  - 26  - 14 17  - 32  -  6 39 31  -  7  -  - 35 37 44  4  -  -  - 33
  -  - 39  7 16 33 46  - 45  -  4  -  -  - 22 10  - 21 42 47 41 49  - 30 27 34 14  - 17 48 44 36  - 29  -  5 13  2  - 32 11  -  6 15 18  9 26 25 43  -
 45  -  - 19  -  - 22  - 10 29  1  - 50 43  -  5  3  - 18  6  - 16 26  - 24 14 28  8 32 11 13  - 30  -  - 44  - 38  - 17 37  - 21  7  - 39  - 27  9 40
 44 20 17 31  1 38 26 32  -  4 41 27 30 45 28 23 35  -  9  - 18 34 24 11  -  - 21  6  -  3  7 10 50  - 43 42 37 12 22 33 40 49 36 39 14 15 25  -  8  -
 28  - 11  - 14  -  9 36 26  - 39 25  -  4 50 22  - 35 20 13 27 38 48  - 46 37 44  - 42 15  - 47 33 34  3  2  - 23 31 41  -  - 43 12  -  - 32  - 18  8
  - 43 49 16  -  8 50  -  - 34 42  - 48  7  - 21 29 23 33  1 25  - 47  - 41 15 13 39  5 12  -  3 26  - 31 30 28  -  - 40 44 24  - 14 17 32 11 20 19  -
 19 23 47  - 30  - 20 21 18 26  3 35 39  -  1 25  - 24 49 42  5 40 28 31 14  - 15  -  - 22 50 34 38  - 10 46  4 41  - 45  -  2 12  - 43 33 48 32 37 29
 12 15  -  - 17 45 43  8 50  -  -  9 35 38  3 26  -  6 28 21  -  -  - 41 47  - 42  -  - 29 37 22 32  - 46  - 48  - 33  -  2 10 19  - 16 36  7  -  - 30
