1750
  -  - 19 36  - 27  - 24 11 18 13  3 41 46 44  -  -  -  8  -  - 28  1 29 12 38 20  - 39 33 37  - 22 47  - 21  2  5  - 48 16 25  -  - 23  -  4 15  9 34
 34 35  -  2 42  -  -  9 46  6 50 13  4  - 47 11 32  -  -  -  - 44 22 39 31 18 28 25 40 15 16  - 36 30 14 48  5  7 41 17  8  -  3 45 26 23 29 21  - 37
 48  - 36 24  7  - 37 28  4 11 19  - 47 16 35 23  - 50  - 45  1  - 30 12 13 17 14 27  - 32 15 44 41  - 46  2  -  - 29  - 43 33 22 25 20  -  3 10 39  6
 47  - 26  8  2 37 44  - 15 17  - 28 25 11 19 14 36  1 50  4 40  - 24 43 23  - 27  - 20 22  -  - 39 29  - 41  -  - 30 18 45  - 42 33 35 13 48 46 16 49
  -  5  -  - 37  -  - 20 22  - 12 40  -  - 16  - 19 41  -  - 17  -  -  -  7 27 33  - 36  -  4  -  8 10 23 43 47 45 24  1 32 30 15 13 31  - 39 38 50 29
 45 14 24 37  -  9  - 25  6 30 49  5 16 33  7 39 48 34 26  -  - 23  -  -  - 11  - 41  3 50  -  2  -  -  - 47 32 35  4 15 18  - 12 29  - 10 36 19  1 31
 17  -  - 49 26 43  9  -  1  -  - 41  - 50 10  - 14 20  2  -  -  - 12  8  - 31  - 28  - 44 33  - 34 45 30 46 25  - 42  -  - 24 35  -  - 36  - 13 21  -
 33  - 23 30 24  7 48 35 14 25  -  - 46  - 15  - 38  3 42 36 32 21  2 49 19 43  6  -  - 16 47  1  - 50  - 34  -  8 37 10 41  -  -  - 11  4  5 28  - 17
 40 47  1  - 10 33  2  - 28 16 22 25 37 24  - 19  9 26 43 41 27  - 11 23  3 12 39 21  - 29 36 42  5 20  7  - 34 38 15 13 50 17  -  - 18 49  -  -  -  -
 35 39 11  - 38  - 36  3 34  -  - 30 42 27 46 15  1  8 28 10 14  -  -  - 29 19 32 20  - 25 24  -  - 40 47 37 45  4 16  - 22  -  7  - 44  2 26 41 17  -
  7  4 47 29 44 35  - 12 40 27 10  9  - 32 11  - 24  6  -  8 43  -  3 15  - 46 26 16 17 49  - 22 42  - 45 38  -  -  - 41 21  -  -  -  - 20 13 31 25 28
  4  -  - 11 39  - 23 36 35 24  8 46  - 42  - 10 33 15 37  - 25  - 14 17  - 34 19  -  -  - 22 29 21 32 18 49 28 50  - 47 26  6 20 27 16  -  7 43  2 44
 22  - 18 33  -  - 32 16  -  - 36  7 24 15 28  8  - 48  -  1  -  - 50 21 11  9  3 10 23 19  -  -  - 14  4 35 37 41 43 12 39 34  - 44  - 42 47  - 13  -
  -  -  3 41  - 17  5  - 37 46 24  - 32  2 43  - 27 21 16 11 19  - 49 26 36  -  7  -  -  - 38 12  -  - 39 18  -  - 48  - 35 40  6  8  - 33 31 20  -  -
  2 29 44  7 41 36 30 46  - 48 40 26 27 14 38 50  3 19 33  -  -  - 32 11 34 25  1 24  - 13 49  -  - 23 43 17  - 28 35 39  9 37  5 22 12  - 10  4  -  -
 25 30  - 47  6 10 27  -  - 45  - 39 40 36  - 22 20 31 12 17 50 43  -  -  - 16  -  -  5 35 28  - 14  -  -  -  -  - 21  9  2  3  1 41  - 26  8  7 44  -
  - 19  -  - 40 18  -  2  - 31  3 23 38  - 49  - 21 12 14 47  -  - 15 33 45 13 36  - 41  - 10 32 24  -  -  - 11  -  1 43 42  -  -  -  - 44  - 35 48  9
  8  - 21 18 22  -  - 41 26  5  4 45  - 38  - 37 16  - 13 43 48  6 46  - 44 36 29  1 35  - 34  - 33 25  - 12 50 17  - 30 11 47 27 28 42  3  - 14 10 39
  -  8 45 16  3 12  -  - 33 32 41  -  -  1 39  - 31 10  4  2  -  - 48  5 47  - 24 50 27  -  -  - 11 43  -  -  - 46  -  -  -  - 13  -  - 29 21 17  -  -
 21  -  -  - 32  - 47 39 20  2 35  - 45  - 40 41 22  -  9 16  6  - 19 25 48  -  8 36 49  5 29  - 38  -  1  7  -  - 11 44 24  - 23 34 17 12  -  - 43 46
 37 10  6  - 30  -  - 14  -  9 44 35  -  - 48  - 45  - 39  5  - 41 40 13  2  - 42 29 46 34 50 26  -  3 27 19 18 49  7 11  -  4 33  1 21 16  - 25 28  -
 46 37  9 44 27 47 19 31 45 38 43 20  - 48  -  -  -  5 36  - 29  - 16 24 21 26  - 39  1  - 30  -  6  7 33  -  -  - 28 22 14  -  - 10  -  -  - 34 35 23
 18  1 30  - 20  - 46 29 50 49 34 14 12  - 31 21  8  - 45 24 23 10 26  -  - 47 17 44  4 38 42  5 25 27  -  -  3 43 40  2  - 39 36 15  9  - 19 48  - 35
 38 48  - 10  -  -  3  6 16  - 28  2  5  - 23  - 12 37  - 29 24 14  -  -  4 20  9  - 34 11 44 21  7  - 17  -  -  1 39 25 33 18 49 42 50 41 43 26  - 40
  - 20 49 48 34  -  - 27 13 37 16  -  - 17  - 46  - 38  -  3 26 35 23 45 33  - 18 42  - 39  - 30 12 41 32  -  - 36 19  5  - 21  9  -  -  - 25 24  4  -
 49 46 14 12 16 50 34 40  - 10 42 44 26 37 33  - 30  - 35 13 15 24 20 32 22 23  - 17  7 41  1  -  2  9  -  - 38 29  - 45  6 19 43 21  5  8 11  - 47  4
 10 17 22 26  - 46 28  1 36 29 31  - 18 19 30  - 43 39 49 15 21  8  -  4 25  -  -  9 37  -  3 27  - 12 44 24  - 23 33  - 48 50 34  7  6  5 42  -  - 20
 19  -  - 27  - 40  -  -  - 21  2  -  8 41 17 32  -  4 11 46 47 49  -  -  6 15 35 12  - 24 39 50 31  5  - 29  - 25 22 26 44  - 45 30 48 18 28  - 38 10
 26 33  5  1 21  6  -  -  - 35 30 29 13 18  3  2  4 23 44 49 16 20 36 46 27 39 25  - 11 10 17 14 45  -  - 42 43  -  -  - 28  - 47  - 37  - 38 22 15  8
 43 36  - 40 50  2 38  -  -  -  1  - 21 13  -  9  - 27  - 39 42 17 44  -  - 30 34  3 31  -  - 25 32 37  - 11  - 12 10  - 46 45 16 24  - 28  -  -  8 26
 13 11 31  9 25  - 29  - 32  - 20 48  7  - 45  - 15  -  - 30 12  - 38 19 50 24 10  - 33  3 26 46  -  - 21 40  -  -  2 14  - 35 37 36 28 34  1 27 41  -
 11 24  - 32 13  -  - 19  2  -  - 38  6  -  -  5 34  - 20 44  - 15  7  -  - 29  - 47 48 17  - 45 46 31 42  - 26 40  3 36  -  - 41 35  8 27  9 37 12 33
 12 18  4 23 19  -  7 43 49 14 27 33  -  -  8  - 37  -  - 42 39 38  9 16 26 35 30 45  -  -  - 24  1  - 41  3  - 47 50  - 36 13 21  6 25 11  -  -  5 48
  -  3 13 15 29  -  - 45  8  - 25 17  -  5 37 43 42 36 10  - 34  1 39 27 24 32  - 48  -  2  -  -  - 46 22  - 49 11  - 35 40 38 19  4 33 47  -  9 14  -
  1 50  - 17 12 19 26  5 10 15 23 21 43  - 20 24  - 40 34  - 41  -  -  7 14  - 44 33  2 27  - 31 35  - 36  4  6 37  - 32 38 11 30 46 13 48  - 49  3 42
 16 15  - 43  5  - 35 22 38 50 46 47 39 49 29  -  -  - 25 34 45  - 41  - 28  8 37  7 26  6 13 48  -  4  -  1 21 27 20  - 31  - 17 23 32  - 24 12  -  2
 41 32 35 39  -  -  - 50 25  4 26 12 48 40  2  7 29 17 27 33  - 11  -  6  - 10 47 43 28 37 23  3  9 49 16 36 24  - 44  8  -  -  -  - 46 30 45  - 34 19
 31  -  - 20 23 24  - 11  -  - 37  -  9  - 32  -  7 18 38 50  2  5 27 10  1  6  -  4 19 28  -  - 49  -  - 45  - 30 26 46  -  -  - 12 47 35 16  - 22 21
 50 38 15 42  -  - 14 13  9 43  6  4 22  - 27 17 25 30 23 40 36  -  - 34 18  - 12 19  -  - 41 35  3 24 20 10  -  - 45 37  -  - 31 16 39 46 33  8  -  1
  3 26 40 31  - 49  8  - 24  -  -  -  1  - 12 35 23 11  -  6  -  - 45 41 43  -  -  - 30 42  - 19 37 17  - 39  - 44 13 27 34  - 48  2  -  -  - 47 20  5
 36 41 39  -  4 30 22 18  -  1  9 50  2  -  - 12 11 46  - 25 33 42 13 31  - 49 40  -  6 43 48 16 44 28  -  8  - 10 47 20  - 23  -  -  - 15 27  3 24 45
  9 16  2 21  8 38  -  - 31 34  - 32  3  -  - 20 41  -  6 19 28 22  -  -  - 42 23  -  -  7 45  -  -  1  - 26 39  - 25 24  4 27 11  5 30 43 40 29 37  -
  - 22 12  - 33 45  - 17  3 47 32 24 19  - 34  - 49 44 15 35 30 29  5 40  -  -  - 13 50 46  - 39 26  6  - 25 48 42 14  -  1  8 10 38  - 21 37 11  7 18
  - 25  -  3 14  4 11  -  - 42 15 22 36 34  5  -  - 13 19  -  - 40 31  2  - 37  -  - 38 30  - 41  - 18 29  - 44  -  - 28  -  - 24 26 10 17 46 16 45  -
 44  - 28 46 49  -  - 38 29  - 47 10 15  - 36 34 26 24 31  - 11  - 18 50  - 48  - 35 16  9 40 43  -  -  5 13  1  3  -  - 25 32  - 39  -  - 14  - 27  -
 23  -  -  4  9  -  -  - 30  -  -  1 28 35 42  -  -  -  3 22 46  - 17 37  -  -  - 49 24  -  - 34 19 38  - 31  - 20 12  -  5 41  2 50 43 32  - 36  - 14
 32 44  -  - 43  5  - 15  -  - 11 27  - 45  - 26 35 29 18  7 49  -  - 47 41 50  - 34 42  8 19 10 16 13  9 30  - 14  - 31 37  -  - 48  - 39  - 33  6  -
 24  9 16  - 35  -  -  - 43 12 48 49 33 39  - 31 46  - 32 18  3 13  6 36  - 28 21 38  -  -  2 23 27  - 15 20  - 22  5 34 10 14 26  -  4 25 17 50 40 11
  5  - 34 14  1 39  - 42  - 44  -  - 29 26 50 48  -  2  - 38 37 12  - 22 16  4 43 11  - 36  - 13 10  - 24 32 46 19  - 33  -  9 40 20  - 45  - 23  -  3
 29 28 38 35 48 22 42 30 39  7 33 18 34  6 21  -  -  - 41 31 20  -  -  9 17  - 13 15 47 12 27  -  - 36  2  5 16 26 46  3  -  -  8  -  -  - 23 32 49 50
