1750
  -  8  3 34 35  5 18  - 27 29 12 46  -  -  -  -  9  - 21 50  -  -  -  -  1 20 38 32 10  -  -  6  -  2 17 15 23 24 33  - 30  - 13  - 48  4 43 28  - 39
 34 18 25 37 13  6 30  -  - 48  - 40 50 41 23 39 22 36 16  2  - 33 31  -  7 46  -  4 17 47 49  - 38 35 26  - 32 14 43 42 20  -  8  3  - 44  - 19  - 10
 15  -  -  -  2  -  - 37 21 20 29  -  - 23 46  - 12 45 28 14 24 50  - 11  -  6 10 18  3 27  - 19 25 34 47  9  5  -  - 33 36 39 49  -  -  - 17 22 16  1
 12  - 18  2 23  7 42 35  8 46  4 45 39 24 32  -  -  - 15  1 49 26 17 22  -  5 47 10 14  -  - 38  -  - 50  - 11  -  -  -  - 34 44  -  -  3 28 20 30  -
 11  - 17 10 49 50  -  - 39 45 28  - 43 31 30 27 38  -  -  4  6 15 23 25 42 40 41 35 16  9  1  3 36  - 29  -  7  8 32  - 19 14 20  - 34  -  -  - 33  2
 39 50  7  - 26  9 33 17 30  - 41 25  - 20  - 48 28  -  - 34  8 11 10  - 12  - 36 46  2 15  -  - 43 27  6  5 22 31 38 35 45  1 40 44 37 42  -  - 32 24
  - 29 12 42 33 14  1 38 36 15  7 19 22  -  - 25 45 11  - 21 16 46 20 31 34  - 44 37  - 40  - 35  8  - 24 49 47  - 39  -  -  -  - 48  -  6  2  -  3 23
 44  -  -  -  -  -  7 28 11  3 17  - 14 33  - 13  -  2 38 41 39  -  - 23 35 49 18 29 50  - 47 25  - 15  - 19  8 30  4 46  -  9 24  - 27 43 45  5  -  -
  - 44 31 14  - 15 45 34 40 41 25  -  -  -  -  4 18 38 43 23  - 13 33 39 19 26  - 11  - 29  - 47  6  -  2 10  -  - 21 28 27  -  7  9 20 22 50 16  - 12
 14  -  - 24  - 41 27  - 12  7  5 35 37  - 39 36 31  6  - 13 47 22 25  8 30 38 16 42 23 44 26  -  - 46  -  - 29  - 17 10  - 43  2 50 18 19  -  - 11 49
  3 36  - 30  -  -  - 26 37  -  -  1 12 49  8 34  -  -  6 17  9  - 46 44  4 27  - 24 45 43 10 21 35 18 25 32 38 20 28 31  5  - 29 41 39 11  - 14 42 16
 27 20 45 18  - 29 16 24  - 33 11 12  8  7 13 31  2  - 39 38  1 43 41 50  3 34 35 21  -  -  - 17 22  - 44 30  - 15  - 25 49  - 28 47  9 32  6 40  4 26
  - 35 37 16 50 36 47  2 41 49  - 27 34 30  5 45 14 10 17  7 33  4 24  6 22 11 43 13  - 26  -  8  -  - 39 44  - 38 42 21 15  -  - 32 19 29  1 25  9 31
 26 40 44 46  -  -  3  6 15 24  - 39 36  - 25 20  -  - 32 27 34 10  - 48  - 21 30 17 33 41 22  -  - 47 37 42  9 18 50  7  - 45  5  2 38 23 19  1  -  -
  - 25 20  6  1  - 32 42 19 44  -  - 23  8 21  - 35 28 34 18  - 36  -  - 38  -  - 15  -  - 43 46 13  - 16 22  - 41 47  - 31  2  - 49  - 37  -  7  -  -
  -  3  -  - 14  2 21 45  - 38 36 18 11  -  - 22 34 31 25  - 13 48 43  -  -  - 39  -  7 32  - 29 44 50 28 40 35  -  -  9  1 33  -  - 23  -  - 30  6 41
  8 23 38 35  4  - 37 16  -  -  -  - 28 29  7 46 49 50 10  - 21  1 44  - 41 45 11 20  - 42  - 22  - 14  9 27 13 43 34 48  2  5 31 17  -  -  3  - 40 19
  6 10  - 49 31 18  5 22  4 36  3  -  - 27 20 37  - 21  9  -  - 16  7  -  - 44 25 45  -  -  -  2 33 13  - 17  -  -  -  1  -  - 12  - 35 26 42  - 38 30
  - 30  - 50 18  8  -  1  -  4  - 36 44  - 22 43  5  - 14 40 20  3  6 42  - 17 13 26 27  - 35  - 41 25  - 33 19  -  7 16 34 47  - 38  -  - 11  - 37 45
 33  4 43 44  -  - 12 27  9 21 47 34  -  6 10 38 23  5 50 25 29  -  -  -  -  -  - 22  -  - 36 30  -  - 18  3  1  -  8 37 24 16  - 11 45  - 46 42 19 14
 49  6  -  - 29 30  -  3 25 43 46 22 17  2 27 23 48 24 35 44  4  -  9 45 32 28  -  5 31 10  -  -  - 12  - 37 21  - 11 50 47  - 36  7  1 20 16 33 13  8
 20  9 47 31 12 35  - 46 24  - 30 29  2  - 14 26 21 22  7  - 36  - 13 38 11  1  -  - 42  8 15  -  - 49 33 43  -  -  -  - 10 18 27 45  - 25 44 41 17  -
 43 48 46 32  -  - 20 19 35 50 13  2  -  -  -  8  - 26  -  - 42 31 45 33 28 47  - 27  6 38 25 36  -  - 21  - 10  1 23 17  - 40 14 34 49 12  - 37 29  -
  -  -  -  -  -  - 39 12  -  - 20 43 40  -  - 32  8  -  1 16 25  -  - 17 37  9  -  - 41 49  3 44 26 31 34 21  - 23 15 36  - 46 45 13  - 35 30  -  7 38
  - 46 24 12  - 33 23 15 13 37 21 16 10 28  -  -  6  -  -  -  7 29 22 41  - 35 45 19 49 14 11  - 17  - 40 31 26  - 25 38  9  -  3  1 43  -  5 32  -  -
 32 31  -  - 37  -  -  -  - 22  1  -  - 25  - 17 19  -  -  -  -  5 40 47 18  2 33  7  -  - 44 20 45 21 41  -  - 10 13 43 26 27 38  - 15 16 23  -  8  -
 19  - 13 47 30 17 22 11  1  8  -  - 16  5 15  - 40 20  - 45  -  2  - 10 48 42 21 43  - 12 18 23  3  - 27  - 39 35  -  -  -  - 50  -  4  -  - 31 46 33
  - 38  1  9  5  - 46  - 49  - 26 14 30 17 40  -  -  -  2  - 41 27  8 29 10  - 50 31 24 19  -  4 11 28 48 25 44 36  3 22 21 32 16  6 33 45  - 34  - 15
 38 33 27  - 24 34  -  - 46  - 16 10  9  -  6 29 32  - 12 36 48 21 14 15  8  3  -  -  4 13  -  5 47  1 49 28 20 37  - 45  -  - 23  -  - 30 41 17  - 43
 50  -  5  - 15 40 17  - 22 14 44  - 48 34 16 24  - 29 11  - 38 23 39  - 47  -  -  6 20 18 32 26  - 42 30 13 36  - 12  2 35  - 25  -  - 41  8 45  1 46
  - 28 50  -  - 22 13 29  - 35  6 38  - 26 49  5 15 47 36 37 12 44  3  - 14 18  - 39  -  -  8 33  -  - 10  4 43  -  - 20  -  7 32  - 31  9 48  - 27  -
  -  -  - 21 34 13 15 20 17 31 37 44 35  -  -  - 46 25 18  5 27  7 29  - 40 19 32  9 12 16  - 43 24 10 23 45  - 50 22 49  8  6  - 39 47  -  - 38 41 48
 21  -  - 26  3 24 11 36  - 30 34 42  6 19  - 12  7  - 49  9  - 39  - 16  2 25 46 38  - 28 41 18  4  8  1  - 17  5 45 29 14  - 43 33  - 48 31 50 20 37
  1 26 33 38  9  - 25 39  -  -  -  5  - 50  - 21 27  -  - 47 43  -  2 32 36 30  - 34 29  6  -  - 12 11  - 16 41  -  -  - 28  - 35 22  7 40 20  - 23 17
  4 15  9 29 28 39  6  8  - 19  -  - 26 21  -  1 42 33  5  3 10 37 50 46 44 36 23 16 43 24 31  -  -  -  - 35  -  7 30  - 40 25 48 27 17 18 22 49 14 11
  -  - 34  -  - 38  - 33 42  6 48  - 45 15 18 11 24  -  - 30 37  - 36  - 27  7  - 44  5 22  2 13 23  9 35  -  -  -  - 47  - 12  - 28 10  8 29 26 43  -
 37 41  2 40 38 42 36 30 18 23  8  -  - 35 11  3 29  - 48 33 31 17 32  -  - 15  4 50 22  7  - 10 39  -  -  - 24  - 16 44 43 20  1 26 14 46 25  6 49  9
 36 47 15  1 42 49 31  7  -  9 19  -  - 45  -  -  - 17 30  - 22 40 21 13 29 41 34  - 38  -  6 16 32  - 20  - 27  3  -  8 46 23  -  -  2  -  - 12  -  -
  -  -  - 28  - 37 26  -  6 17  -  3 24 39  -  - 36 48 45 35  5 30 18  - 50  - 20  2  - 33  - 31  -  - 11  8 25 19 49 40 32 13  4  -  - 34 10 43 22 27
  - 17 30 43 40 26  - 41  - 34  - 15  -  -  -  -  - 16  - 12  2  - 11 49  - 24 14  1  - 37 48 45  5  4  8  -  6 22 31  - 25 19  - 21 50  -  - 23 39 18
 45 13 16  - 22 46  8  -  7  1 42  -  5 11 34  6  -  -  - 32 44 38 12 43 20 14  -  - 19 30 21 50  -  -  -  - 37  -  -  3 23 29 18  - 36  -  - 39 35 25
 13  7 39 45  6 19 10 25  3  -  -  - 18 37 47 49  - 43 41 20 15 14  1 21 33 12 17 30  - 50  - 27 48 32 42  -  2  4  9 24 16 38  - 31  -  5  -  -  - 22
  7 49 19 13  - 43  9  4 48 16 22  - 27 40 24  -  -  -  - 15  - 12  -  -  6 31 29 28 26  - 33  -  -  3  5 50 18 45  2 11 37 41 21 46 44  - 38 10  - 36
 25  -  8  -  -  3 34 49  - 11 15  - 20  - 28  7  - 30 19  -  -  - 38 36 16 39 42  - 21  5 45  9 50  -  4 23 40  -  -  -  -  - 26 18 12  - 37  2 44  -
 41  -  -  5 43  - 38  - 23  -  -  -  - 46  - 16  -  - 27 22 14  -  - 35 25  -  3 36  -  4 24 28  - 17  -  - 33  2 20 26  -  -  6  -  - 31  9 13  - 21
 10 19 11 25 41  - 14 47 34  - 45  - 46  4 43 15 26  - 29  8 30 35  -  2 24 33  - 49 13  -  9  7 42  -  -  - 16  6 36 12  -  - 37 23 32 27 39  - 31 40
 29  1  -  - 39 16  2 18 31 27  -  6  -  - 33  -  4  - 13 46 26 45 37 12 49  - 40 41  9 21 50  - 10 44 22 38  - 17 35 34  7 28 15 19  5  - 36  8 48  -
  5 16 49  - 17 21 29 43  -  2 31 33  3 38 41 10 30  - 37 19 32  9  -  1  -  -  -  8  - 23 13  - 27 26 14  6  - 34 44  -  - 35 47  -  -  -  4 11 45  -
 30 37  - 27 25  - 28  -  - 39 10 26  4 16 36 42  - 46 31 43  - 47  5  9 13 48  8 23 11  2 17 15 20 19  7 18 49 12  6  -  -  - 41  -  -  - 40  -  - 44
  9 21 23 11 36 25 48 32 28 10 40  8  -  -  -  2  -  7 20 31  -  -  -  5 45 37  6 47  - 39 34 41 46  - 19  -  3 26 14  - 42  -  - 16 29 17 15 27  - 35
