1750
 37 21 31 22 49  6  4 20  7  - 29 27 34 30  1  - 12 19  -  - 10 50 25  -  3 38 23  5 17 48 16 14  -  -  - 11  - 18  - 44 41 24  -  - 32 26 33 47  9 36
  3 15 21 37  - 48 18 24  -  - 45 22 43 25  2 33  -  4  -  -  - 26  6 36 41  - 28 38 32  - 49 17 29 14  - 35 39 34 19 12  5 31 11 42  8 13  -  -  7  -
 32  -  -  - 21  8 41  - 35 16 34 15 33 45 10  9  3 25 11  - 26  1 46 27  -  - 39  - 22 23 47  - 12  - 38  -  - 30 13  - 24  5 42 14 28  -  -  - 49  -
 49 30 32 20  -  1  - 16 26  3  -  - 44 10  -  - 45 35 33 47  -  5 22  6  - 12 15 50 36 39 40 19 11 31 13 27  7  9 23  -  - 37 14  - 34 42 29 46 43 38
 24 38  5  - 34  - 10  -  4 39 11 31 23  3  - 29 13  - 40  - 19  6 17  -  9 43 37 20  -  - 36 16 48 47 33 26 45  - 32 15 44 46 22 27 41  -  -  - 50  8
  -  8 24 11  1  - 19 38 37 36  7 12 28 49 26 44 23  - 46  -  -  - 10  - 34 30 43 27 45  3  - 41 42 13 21  4 18  - 14  - 50 33  -  6  - 29 32  -  - 31
 25  - 13 30  7 40 43  3  - 21  -  - 24  - 14  - 17 32 28 49 39  - 31  - 12  - 46  - 34  -  -  -  9  - 26  - 41  2  -  - 19 50 16  -  - 11  - 29 20  -
  - 43 36  -  -  - 26  - 41 11 37  - 42 34 50 30  -  -  3 45 22  - 13 40 46  - 31 44  -  -  -  2 21 35 20  9 27  8  7  - 39  -  4 15 12  - 25 18  6 29
 34 37 48  4 36 14  - 31 11  2 26 25  - 18 28 13  1 22 23 43 20 38  3 32 29 40  -  - 30  -  9 46  6  -  - 24 44 21 47 50 15 10 39  - 45  5 16 12 35 33
 35  - 17  -  -  - 42 34  - 43  -  6 10  -  - 46 47 14  4 29 44 37 32 38 23 20  -  -  5 15  8  3 33  -  -  - 21 45  -  - 49 40  1 19 30  7 48 39 31  -
 33 27  -  5 30 34  - 39  8 32  -  - 26  - 35  - 38  -  - 15 23  - 24  4 44  9 17 18  - 10 43 49  - 21  - 48  - 14 16  2 46  - 13 37 42 40  - 41 28 22
  - 16 46 12  8  3  7  - 14 26  5 35 11  - 13 50  -  6 39  9 33  -  - 24 40 17 29  -  - 22 10 48  -  - 32 49  -  4  -  - 36  - 18 20  2 27 31  -  -  -
  8 26  - 40 15 22  - 11 23 33 27 13 29  9 32 48 41  -  - 31 14 49 28  - 20 36 19 42 39 46  6 37 16  7 43 50  -  -  1 34  2 30  -  - 21 18 17  -  5  -
 17  4 14 28 11 42 48 37 13  - 22  7 25  - 15 18  - 40 34  - 31  - 45  - 10 41 47 26  - 16  -  - 43 49  - 21  -  -  - 23  1 38 32 50  -  3  8 44 29 46
  -  - 44 39  -  - 34 22 27 47 20  9 14  - 36 16  -  -  -  - 48 28  2  -  7  5 13 15 31 26  - 40  1 29 50 46 24 37  -  - 32  -  6 45  -  - 41 17 10  -
  - 34  - 32 43 16  - 27 40 35 18 50  -  -  6 19 39  1 14 23  - 42 20 11 24  4 22 48  3 28  - 44 30 10 46 37  -  7 38 41  -  2  -  -  5 15  - 26  8  -
 13 44  - 33  -  - 28 47 34 23 43 30  -  -  8 10  - 16 42 50  -  2 18 31  -  - 45 12 37 21 48 29  - 40  - 19 26  - 17 36 20  - 15  - 24  9  - 35 25 39
 48  -  -  - 31  - 50 10  -  - 15 21 35  - 12  5 44 11 19  -  8 25  - 45 39 37  4 29  7 13 41 38  2 46 23 40  9 26  6  - 34  - 30 49 18  - 27 16 32  3
 22 11  -  -  - 31 29 14 44  - 13 26  7 40  - 17  - 10 27  - 36 45 23  9 15  - 41 19 35 24 30 20 49 43  - 28  - 39  -  -  - 42  -  1 38 32  6 21  2 12
 29 42  -  -  - 17 32  8  - 14  2  -  - 48 46 24  - 23 26 22  7 10 15 43  - 47  -  3 50 35 38 27  - 11  6 41 28 33  -  - 37 34 21  - 44  - 40  -  - 13
  5 23 11  - 44  - 45 30 50  - 46  3 20 43 49  7  -  - 38  - 12 47 27 48 35 31 34  - 26 42 22  1 40 16 10 18  - 29 41  -  9 32  - 25  -  4 37 13 21  2
 27  1  -  - 14  -  5 18 24 13 23 46  - 15  - 47 26 45  - 19  -  -  - 39  -  7 33  -  6 20  - 28  -  3 34 32 35  - 31 22 38 48 25  - 29 43  -  9 36  -
 11  -  7  2 19 37  8 41 48 38  - 17  -  -  3  - 42 21  -  - 45  - 33  - 50  - 24 10 23  - 26 43 18  4  -  - 36 31 28 46 13 44 29 32  - 47  5  6 27 14
  - 31  - 43 38  - 36 17  - 18 19 40 46  - 24 32  8 13  7  -  2 16  - 35  5 21 30  -  - 50  - 26 39 22  1  3  - 44  9  -  6 41 28  - 15 48 34 11  -  -
  -  7  - 48 35 44 22  -  2  4  - 19 37 27 40 49  6  -  - 32  9 21 38  -  -  - 18  - 47 14  -  -  3  1 28 29  - 11 43 25  - 36 34  - 33  8  - 15 23 10
 39 40 38 50 24 20 21  5  -  6 30 36  -  - 43  -  4  8 12 33 42 23  7  - 19  2  -  - 10  -  - 11 22  - 16 14  - 28 44 18  -  - 31  - 46  -  -  -  - 27
  -  - 30 36  2 18  3 15  5 25  - 37  - 13 47 11 16  7  - 24  - 31  8 42  - 19 20 33 46 43 50  4 23  -  - 10 12 48  -  9 40 27 35  - 22  - 45  - 39 28
 16 41  - 13  - 36 20  7 15 48  - 18 21 44 22  - 33 17 37  5 46 35 39  8 43 49 25 31  - 19  3 34 27 12  - 38 29 32 11 24 47  - 45 23 50  6  2 10 30 40
 21 39 42 46  - 10  -  -  -  - 33  -  -  - 19 43  - 48 47 41 40  4 36 14 30 11 16 22 44  9 23 24 26 25 31 34 15  -  -  -  -  - 20 18 17  1  7 50  -  -
  4 36  -  - 40 27  2  - 38 41  - 34  -  6 37 42 21  -  8  -  3  - 49 28 25 22 50  - 48 29  -  9 20  5 35  - 32 24  - 10  -  - 44 43  - 39  -  - 18 30
 36 25  - 19  -  4  -  - 10 40  - 16 49 42  -  - 18 27 45  - 24  -  - 37 38 32 44 39  - 30  -  7 17  8  2  -  -  6 21  - 26  1 46 12 43 23  -  -  3 48
 42  -  -  - 47 15 33 46  -  -  -  -  5 37 31 34 25 29  - 48 43 44 26 20 32  - 38  - 18  - 21 45  - 41  7 16  -  -  - 17 23 49 27  - 35 24 10  - 12  -
 23  -  -  8  -  - 39 44  - 27 16  - 32 19  - 14 40  -  -  - 30  -  - 13 36 18  - 35 43  - 34 33  - 50  -  7  6 17  -  4  3 12  2 22  - 46 49 45  -  -
  9  6 12 45 28 38 14  2 19 29 35  - 47  - 25  - 36  - 41 21 16 43  - 50  - 15  5  -  4  8 42 30  - 32 40 20 48  - 18 27  7  - 37  -  3 44 11  - 33  -
  - 10 29  -  - 21 15 50  9 42 44 47 36  7  -  -  - 18 16 28  6 17  -  1 14 25  -  4  - 38 19 13 45 34  3 39 22 41 33 20  -  -  5 46 48  -  -  - 40 26
 31 32  1  - 50 49 37 26 12 44  - 29 15 22 20  -  2 47  6  3 28  -  4  - 27 39  7 16 24  - 18 36 19 23 41 17 14  -  - 42 11  -  9  - 10 33  -  - 46 35
  -  -  - 35 20 30  -  - 43 31 40  2  3 24 11  - 15 50  -  7 18 46  5 33 26  -  - 32 29 36 12 23 47  9  8  6 42  - 48  -  - 17  - 39  4 34 21 37 41  -
 14 19  - 29 16 25 46 45 42  5 41  -  - 23 39 38 35 20  9 26  -  7 11  - 13 48 40  -  1 32 28  -  -  -  -  2  3  - 27 30  - 47 12  8 37 36 18 49 24  4
 26 47 40  3  4  - 23 19 29  - 39 49  -  - 45  2  5 44  - 12  1 48 34  -  -  -  -  -  - 37  - 32 41  - 15 33 38  - 35 13 43 16 24 11 20  - 36 28 14  -
 43  -  6 38 26  -  - 48  1  - 28 24 19 16 44 36  - 15  -  8  - 40  9  - 45  3 21  - 33 18  - 12  - 20  - 31 10  5 34 29 42 35  - 47  -  - 39 25 22 41
 41  -  - 31 12  - 11 43  -  - 10 44 38 39  - 35  9  - 21  2  4 18  - 23 22 24 48 34 13  7  -  - 15 36 27 42  - 25  - 40 14 26  - 28  6  - 30  5 17 37
  7  -  - 16 45  -  -  -  - 49  -  -  8  -  - 31  - 34 48 10 13  - 30  - 47 29  6  - 15  1 24 25 28 37 12 44  - 20  -  - 35 18 41  5 26 14  -  -  4  9
  - 45 35  -  5  -  6  4 46 10  -  -  - 50 29 39 48  -  -  -  -  - 41  3  1  - 26  -  - 25 31 42  - 27 22 23 30  - 12  - 28  - 38 40  7  -  -  - 16  -
 10 24 39  7  - 26  -  - 22 19  - 45  -  4 17 12 20  - 31 35 29  3 37 49 28 42  -  2  9 47 44  - 32  - 25  5 34  -  - 38 33 15  -  - 13 41  -  - 11 18
  - 12 37  6 13 32  - 23  - 45 49  4 30 36  -  8  - 41 18 38  - 22 19 26  - 14  - 24 16 34  2  -  -  - 11  1  -  -  -  - 21 20  7 17 40 25  - 31 47 50
 50  3  - 21  - 35 13  - 39  -  9  1 40  5 42 20  -  - 29  4  -  - 44 47  8  - 32 28 14  2  - 22  7  6 18 15 33 43 37  - 10 25  -  - 27  - 26 48 38 49
  -  5  - 34  - 33 47  - 18 24 38  -  - 35  - 21  -  2 43  - 50  - 16  - 49 23  -  - 40  - 37  6 10  - 48  -  - 46 39  -  -  -  - 36  - 22  - 27 44 32
  - 48 16  -  -  9  1 35 49 15 17  5 22 47 18 27  7 42 13 44 38  -  - 34  - 50  -  6  -  - 20  8 37 28  - 30 46  - 24 32  - 19  3  - 11  -  -  - 45 23
  6 33 18 27 10 28 31  - 21 20  4  - 50  2 34  - 29 37 32 30 35  - 48  - 16  -  3  -  - 44 14 39 46  -  9 45 19 15  8  -  - 43 49  - 47 12  -  -  - 42
 28 17 50  - 25  -  - 33  - 12 32 41  -  1 21  3  - 31  -  -  - 29 14 30 37 34  - 40 38  4  7 10 44 18 39  -  - 27 46 11 48  6 26  -  -  - 19  - 15 24
