1750
 15 35 50 26  - 45  - 13 43  6 27 30 17  3 49 36  - 34  - 44 11  - 40 48 29 16 20 32  2  9 33  1  - 12 31 42  -  -  - 41 10  - 18  -  - 37 39  -  -  -
  -  -  - 49 46  -  - 40 31 13 23 50  - 43 16  - 37 38 20  1 17  -  -  -  7 22 48 45 44  - 42 28  - 39  - 30  3  - 41 24 36 11  -  - 47 14  - 26 29 27
 39 48 25 41  - 46  3  - 24 49 45 14 43 10 28 50 31 22  -  - 21 30 34  5 20 15 19  6  - 44 40 17  1  -  2  7 27  - 38  - 12 32 11  - 35 26  - 47 16  -
 48  3 30 34 24  2  - 15 39  4 11 35 32 27 36 18 29  - 31  -  - 12  8  -  - 13 22 38  - 28 20 19 33  - 16  -  7 50 14 26 46  - 49  - 25  - 42 37  9 40
  2 21 27  - 47 44  9 28  - 16 34  - 15  - 24 46 14 11  4 20  1 43  6 50 19 10  -  - 40 38 37 25  -  - 35 17 36 39 22  - 45  8  7  - 30  -  -  - 12  -
  - 28  - 17 11  - 12 23  - 45 50  - 27 19 26  - 24  -  -  -  2 34 39  6 18 38 25  - 47  - 21  - 31 43 13 49  8  5  - 30 14 42 20 36 48  -  1 22  - 15
 36 30  - 22 13 25 27 17  - 32  - 47 28  1  3 38 49 24 34 29  - 31 42 10  - 46  -  -  - 35  6  5  -  - 12  2  -  -  - 23  -  - 45  4  8 20 41 14 11  -
  - 46 26  - 27  6  - 30  - 50 39  -  - 11  4 12 19  5 28  9 24  3  - 13  - 33 41  -  -  2 45 21 14 32  - 16 44  - 18  - 31 47  - 38  -  8 10 17  -  7
  9 37 42  4 45  -  -  - 47 34 21 20 36 15  - 11  -  2 10 25 13 16 26 41 44  - 49 14 17 50  3  8 29  6  1  -  -  -  - 40 35 19 43  - 33 39 27 28  5  -
 28 29  - 47 25  3  -  -  5 22  -  - 12 48 18 39  - 43 11 34 23 33 35  1 10 14 38  7  4 26  9 27 32  - 50  6  -  - 15 37  - 30 41  - 40 45 24 20 31  -
 49 16 46 28 37 15 13 12  - 26 33  8 19 38 41  -  - 17 24  -  3  5 32 40 45  -  - 42  - 36 23 30 11  -  4 48  9 27 47  -  - 18 25 50  -  -  - 34 20  -
  -  -  - 30 36  -  2 19 42 46 14 44 31 34 20  - 38  7 21  - 25  -  9 17  -  -  3  - 32 45  4 47 41 49 29 40  - 11  5 50  - 23 22  - 27 12  8 16 28  -
  -  - 38 37  8 23 34  - 36  - 13  1 35 49 31 45  - 28  9 11 26 10  -  - 41  -  - 20 39  - 48  - 30  3 25  5 19  - 33 22  - 24 16  2 21  - 15 12  - 32
  - 50  - 20 38 30 37  - 16  -  1  - 25 41 15 49  - 42 32  4 47  - 27  9 35 17  8 31 14 22 29 45 40 24 11 10 13 26 44 19 43  3 36  - 28  6 18 46  7  5
 18  - 48  9  5  - 38 43  - 30 15  - 22 21  -  -  -  -  -  -  7  6 31 16 36 45 37  - 27 24 46 11 47 40  -  - 26 14  -  2 42  - 17 32 12 33  4  8 10 50
 37 38 32 12  -  4  -  - 19 24 46 43  -  -  - 22  -  6 15 36  - 17 48  - 25  - 11  5 33 23 26 50  -  9 40 35  - 49 16 31 34 27  - 20 29  3 28 42  -  -
  - 45 10  6  - 24  -  - 25 42  - 38 50  - 21  1  2 26 47 48 32 15 22  -  -  -  5 37 34  - 43  - 28 18  3  9 17  7 12 27 30 36 35 40 46  - 44 13 33 20
  - 49 47  5 20 31 10 32  - 15 17  4 26 18 25 13 27 12 36 46  -  -  -  -  -  2 29  8 50  6  - 42  - 35 37 24 48 21  9  -  - 39 40 14 11  - 45 43  3  1
 25  4 37 50  -  -  -  - 30 48 31  - 29  -  - 26 12 41  7  -  9  - 13 23  -  3 16 15 24  1  - 43  -  5  -  8  -  -  - 49 38  6 33  - 14 35 11 39  - 44
  - 39  - 38  -  - 43 20 27 19 32  -  - 17  - 34 40 36  8  - 50 35  -  - 15 49 45 41 23  - 14  7 44  - 33 21  - 22  -  - 29  -  4 11 10 31  -  - 24 48
 19 47 28 48 34 40  7  - 15  - 20 46 41 22 11 37  - 45 16  5 42 25  - 33 14  - 10 43 35 29  -  4 13 44 18 26  - 12 49 39  8 21 24  -  - 17  - 36 27 23
 34 24  2  - 39 26  - 37  6 35  -  -  7 28  -  -  -  - 19 16  4  8 46 15 47  - 18 22 49  - 13 44  -  -  - 50  5  - 21 12  - 31 29  - 41 27 25 38  -  -
 50  - 15 11  - 14 48  -  -  1  5 10  -  4 33 44  - 19  2 24 37 27  -  - 39 20  - 35  8 46  - 22  9  - 49 36  -  -  -  -  3  - 31  - 45  7 23  -  -  -
  3 41 40  -  -  - 14 26 48 36 30 32 23  5 22  -  -  4 39 37  -  - 28 12 46  - 35 25  1  -  - 18 50 17  -  -  - 24 13 15  - 34  - 49 31 47 16  -  2 45
 27  - 45 21  - 29  -  2  - 31 16 39  -  - 35 19  5 13 44  - 36  7 18  -  - 26  4 50 46  3 30 41 34  1 17 23 25 47  - 38 48 15 10  - 24  - 49  6 22  -
 22  - 31 45  - 49 19 10 17 29 38 18  - 14  8 16  - 40  1  -  6  -  -  7 34  - 47  - 43 20  5  3  -  - 39 15 12 35 50 25 11 26 48 44  - 32 13  -  - 24
 43 31  -  - 23 47  -  -  - 28  3 48  9 46 32 25 33  - 13 15  -  -  7  8  -  - 50  - 41 42 49 26  - 11  5  - 21 29 36 20  1  - 34 22 39  - 12  -  -  -
 45  - 13 46  4 20 42 21 29 47 22  9 14  8 17  -  1 30  - 32 27 24  - 39 49 50 12  -  5 40 18 31  6  -  - 44 35 16  -  - 26 48  - 25 43 11 38  -  -  3
  -  -  - 31  - 17  - 48  9  7  6 16 42 35  5  2 47 10  -  -  - 44  - 37  - 36 33  -  - 30 24 13 12  - 26  - 40 41  -  -  4  - 23  3 15 38 29 11  -  -
  - 19 24  -  6  -  - 39 32 40  9 45 11  -  -  - 35 50  - 31  - 36 30 49  -  -  - 47 16 25 10  - 15  -  -  -  - 43  1  -  5  7 14 18 22  -  - 29 23  -
  - 12 23  7 18  - 24 47 34  - 41 27 21  - 43  -  6 35  - 14 39 26  1 46  3 28  2 36 42 31 38 15 10 22 30  - 29 20 40  -  -  -  -  - 13 25 19 50 17 37
 14  -  - 18 15  9 41 36  7 38 28 33 44  - 19  4 25 39 43  - 48  -  3  -  -  - 21 30  -  -  1 49  8  -  - 47 46  - 11 35  - 16  - 17 26 24 40  - 42 29
  -  - 18  1 42  -  - 44 49 11  -  6 39  - 13 43  3  - 41  - 20  -  5 26  8 31 23  - 19 14 28 29  2 45  - 12 38 48 17 33 25  -  - 16  -  - 50 32 15  4
 10  - 29 15  2  -  - 22 33  - 12  -  8 32 23 41  4  -  -  - 31  -  - 25 43 35 26  - 30  - 34  -  3 48  - 13 14 38 46 11 28 44 19  - 50  1  -  5  -  9
  -  -  -  -  -  5  -  -  -  - 18  - 40 47  - 32 21  - 46 10  -  -  4 45 27  1 24  2 36 17 15 37 43 29 22 41  -  -  - 48 39 12  -  9 20 34 31  -  -  -
  5 11 49 27 29 21 46  9 50  - 44  3 10 13  - 30  -  - 26  - 15  4 37 22  6 24 31  - 25 12 36  -  7 38 47  - 42 19 43  1  - 35  - 45  - 23 20 48  - 14
  - 43 16 39  - 35  - 27  - 21 26 34  - 31  7 28 18 47 25  - 41 40 14  -  2  8  -  -  - 32 12 20  4 23 44 29 24 37  -  - 33  -  - 46 19 42  - 30 45  6
  4 40  - 36 10 48 11  - 14 18 19  - 45  - 29 24  -  9 35  - 22 23  - 20  -  - 27  1  7 47 17 34  5  - 21 46  - 44  -  - 50 28  - 26 16  2 32  3 13  -
  -  -  3 35 49 19 21 14  - 25 10  - 20 37  -  -  - 29 50 26  -  -  -  - 16 39 44  9 48  8  7 36  -  - 46 45 33 42  2 32 27  -  1 41  6  5  - 15 40 22
 11  - 36  - 43 37  -  4  3 12  - 13 16  -  -  - 22  - 17  2 44 21  - 19  -  - 39 27  - 34 35  6  - 41 42 28 23 45  -  -  - 33 32 48  - 50  -  9 49 47
 44  6 39  - 48 11  - 35  1  8 40 28 46 24 50  - 13 49 30 38 19  -  - 47  - 43 14  4  - 16 22  - 37  -  - 33  -  - 27 29 18 10  3 23 36  - 17 45 34 31
 32 33 12  - 44 13 36 31  -  - 25 21  6 16  -  5  -  -  3 40 43 29  -  - 17  - 34 23 11 41 50 48 42  - 19 20 22  1  8 45  - 46 27  - 49  - 26  4 35  2
 13  1 17 24 32  - 50  - 12 27 35  7  2 26 30 42 15  -  -  3 49 14 10 43 48 19 40  - 45 11  - 38  -  - 28  4 41  6  -  5  9 29  - 37  -  - 21 23  - 34
  -  -  1 16  - 41  4  - 46 37  - 19  -  2  - 29 45  3 48  - 12 47 15 18  - 34  6  -  - 21 39 10 35  - 27  -  - 33  -  - 23 20  -  -  5 49 22  - 26 36
 42  -  -  2  - 22 20 29 41 43  - 23 38 36  -  - 46 37  - 39  8  1  - 24 31  5 28 40 26 13  - 33 49  -  -  - 45 18  -  3 17  9 12  - 32 44  -  -  -  -
 29  - 11  3  7  1 26  - 40  -  2  5  - 12 45 47 32 14 37  8 16 22  - 30 50 42 43 39  - 49 27  - 25 36  6 31 15 28  4 10 19 38  -  - 23 13  -  - 48 18
  - 17 19 10 40 12 18  5  4 33 48  -  1  - 34  8  - 23 14  - 35 11 16  -  9  - 30 24 22 15  - 39 20 50 38 27 37  - 28 13  -  -  6 31  3 21  -  -  - 49
 38 14  -  - 35  - 15  3  - 39  -  - 30 25 48 10 16 31  -  7 40 28 41 27 24 18 17  -  9 37  -  - 26 46 23  - 34 36  - 47  -  -  5 12  1  -  2  -  6  -
  -  -  - 29 30 28 40 50  - 10 24  -  -  7  6  - 11 48  - 19  - 20 45 32  -  -  -  -  3 33  8 23  - 13 41 39  - 25 37  -  - 17  2  1  9  -  - 18  -  -
  - 42 41 13  - 32  - 45  -  - 43 25 18 39  1 17 44  - 12 22  5 46 33  4 37 21  7 11  -  - 16 35  - 15 20 19  - 30 48 14 47 40 26 24  2  9 34  -  -  -
