1750
  8 41 34  6 38  7 45 15  9  - 12 13 40  -  -  - 22  - 50 11 24 46  - 29 36  - 21 18  - 10  -  -  -  - 39  - 43  -  - 28 35  - 32 33  - 42 25  - 26 17
  - 45 24  - 12  9 28  -  7 35  - 14  - 30  - 16  -  8  1  - 38  -  -  -  -  -  2 15  - 23 11  - 33 27 22  - 21  -  6  -  - 18 29 47  5 32  - 25 50 37
 36  -  4  8 43 15 14  - 10  1  - 37 48 50 32 39 20 31  - 21  -  - 24 22 19 47  9  -  -  5  -  -  -  -  - 42 29 13  -  - 16  - 18  -  -  - 11 46 25 45
  - 21 27 13 36 40  - 46 26  -  4  - 47 14  -  - 29 35  2 33 37 34 28  -  -  - 17 38  - 20 50  5 43 32 18  -  1 41  7 39 12  -  -  - 23 45  8  -  - 30
 15 12 33  - 39  - 37  - 31 18 34  -  6  5 35 17 46  -  -  -  -  9 47  - 14 24  - 30  - 40  - 28 27  -  - 45 26 22 32 11 49 10 13  -  -  7  -  - 43 42
  4  -  - 42 11  3 43  -  - 10 36 25  9  - 29 20  - 23 18 27  -  - 17  - 37 16  - 34  - 50 35 14 45  -  7 38  -  8  - 46 19 32 40 15  -  - 28  -  2 41
  2 26 44 45  - 47 29 30  - 14 32 39 27  -  - 12 10  3  5 38  6  1 42 25 18 13 15 22  9  -  -  - 50 33 28 35  -  - 20  - 34 40 23 43 11 37  - 31 16 48
 41  - 29 18  - 16  - 45 30 24  6 50 43 15  - 21  -  - 35 48 31  -  - 44 17 12 36 37 46  -  2 39  -  - 19  -  - 27  -  -  - 25 11 34 49  9  - 13 28  -
  -  - 36 11 29  - 13  5 37  - 24 23 21  7 40 25 30 41  4 45 16 17 33 28  2  - 31  3 34  6  -  9 46  -  - 32 27  - 42  - 38 49 35 39 50 18  - 14 15 26
 47 31 38  1 17 42  - 14 22  -  -  - 28  - 10  2 44  -  -  -  - 37 20  - 34 29  6 50  - 39  7 41 48 13  - 21  9 36  -  - 30  -  -  - 43 35  -  -  - 12
  - 19  8 41  4 50 31  - 21  - 23 26  - 46 18  - 11 37 14 42 13  -  1  - 44 40  - 48  -  - 39  - 12 47  3 28 32 15 17  - 45 33  - 35  6  - 29  - 22  5
 28  8 49 20 46 35 41  - 40  3  - 48 30 33 25 36  5  - 44  - 47  - 37  -  -  -  1 13  - 26 38  -  - 50 34  - 39 12 19 43 23 14  -  - 45  -  4  -  - 16
  - 25  - 30 32  -  -  2 15  -  -  -  7 28 33  - 49  - 45  - 36 19  -  -  -  - 22  - 17  3 44 26 14  8 48 29 38  - 23 35 24  - 16  9 27 11 43 18 12 13
 44 43 23 50 31  - 47  8 13 36 33 20 37  6  -  - 27  - 25  - 26 39  -  3 45 19 16  2  5  - 32 42 35  - 29 12  -  7 18  4 11  - 46 49  - 14  - 28 40  -
  -  1 28 49 42  2 22  -  -  - 45 15 14 31  - 33 34 46  - 32  4 25 12 11 47 41  - 24  - 27  3 48  9 39  5 17 18  - 26 19 20 35 37  -  - 50 13  - 30 10
  - 29 20  3  8 27  - 35  - 30 41  -  5 38  -  -  - 36 39  - 17  - 44  - 26  -  -  - 22  7 28 13 42 34 47 23  4  6  - 15 10 43  - 25 21 46  - 11 37  -
 50  4  9  2 25 38 36 23 46  5  - 32 41 13 34 28 37 22 29 26 33 30  -  -  -  - 40 44 43  - 16  -  - 17 31  -  -  1 39  - 21 27  - 48 10  - 19 24  7 11
 38 48  - 40 34  - 11 12  -  2 43 29 45  - 27 46  - 26 41 37  - 33 22 15 24 14  -  - 50  -  5 10  -  -  1 36 16 18  - 23  -  9 44  - 20 13 35 42 19 39
  -  - 47 14 16 30 34 28 25 31 39 49  - 42 12  -  6  - 10  -  -  -  - 50 43  -  -  - 38 24  9  -  - 11 26 33 13  -  -  5 37  -  - 40  -  8 17 35 44  -
  - 40 13 46 30 23 19 24 44 26 18 45 49 16  1  -  -  - 38 12 34  -  - 32 22 21 41  -  -  9 20  8 11  -  -  - 10 47  - 50 15 37 31  2 29  -  3 43 36 35
  9 46  - 10 21 45  - 29 20 12 44 35  - 48 42  - 25  - 22  -  -  5  3 24 32  6  -  8 26 31  - 50 19 28  - 39 33  - 47  2 41  7 49 13 18 27  - 37  - 36
 29  -  - 34 26 10 12 13 18  - 25  -  - 20 43 47 38  7 36  -  - 14 15  -  9  - 39  - 19 48 33  - 28  -  - 11 17  -  - 31  -  -  8 30  -  1  6 49 23  -
 32  - 42  - 41 17 25 20  - 37 13  8 31 45 28 40 12 19 16  2 11  - 39  -  - 34 48  -  - 35  6  -  7  5 10  9 50 46 36 18 27 24 26 38 22  4 44 15  - 23
 46  -  7 29  - 34  2 50  -  - 28  6  - 10  -  - 23 12 37 22 21 20 43  - 16  - 13  - 18 42  - 19 40 41 25  -  3 31  8 47 36  -  9 17 15 24  - 48  5 14
  - 36  - 27 18  4  - 38  - 43  -  -  3 44  -  - 32  - 34  -  - 15 45 23 29 33 37 35  1 16 47 12  6  -  8 25 40  -  -  - 13 19  5 11 26  -  -  2 41  -
  - 33 15 37  -  - 48  - 42 39  3 18 16 26  5  -  -  - 49  -  -  6 35 34  -  -  -  - 27  -  - 17  -  4 21  8  - 40 43 38 50 29  - 22 44 12 46 30  - 19
 33 23 45 24 13  - 27 26  - 32  - 22 25 19  7 15 41 11  9 47 14  - 16 46  -  -  -  - 42  - 31  6 36  - 17  4  8  -  -  -  - 21  - 29  3  - 30 39 35 43
  7  -  - 12  5  -  1 27 32 22  - 44 29 17 30 49 15 16  6 23 48 42  2 35  - 20 24  -  8 43 18 34 25 14  - 37 45 33 46 26 31 28  4  -  - 38  -  3 21 50
 42 11 16 28  3 41 38 40  1  - 22 43  4  2  - 19  8 50 24 35 12  - 27 39  6  - 18 31 14  - 17  7 49  - 30 44  - 29 15  - 32  5 45 20 48  - 36 47 46  -
 35  -  5 44  7 11 50 36 41 29  -  - 20 40  -  - 21 43 15  9 19 13 31 27  8  -  - 49 48  - 37  4 26  -  - 10 28 14 24  6 39 47  2 16 46 30  - 34 42 33
  1  3 31  - 23 14 40 11 19  7  - 28  -  - 13  - 33 44 48  4 50 26 36  6  - 43 10 12  - 32 27 22 29 20 42  2  - 34 49 45 47 39 38 37  9  5 18 21  -  8
 13 34  -  -  - 12 35  -  -  - 26  - 10 18  -  -  7  - 43 50 29  - 19  - 25 23 45 21 30 44 15  - 16 31 41  -  - 32  - 20  - 46 48  1  8  - 42 36 17  -
  -  - 46  4 47 39  8  -  - 13  - 31 18  - 50  1 24 15 20 36 35 48 23 17 12 11 32 42 45 49  - 30  - 43 44  -  -  2  - 34  - 22 14  7  -  -  -  9  -  6
  - 47  - 48 10 37  9  6  - 45  - 17 12 34 46 29 26  4  -  1 40 36 18 43  5  -  - 19  -  8 22 38 31 15  -  -  - 11 35 32 44  - 41  -  - 25 24 50  3 28
 19  - 48  7  2 25 10 18 27 17 31 41 13  -  9 35  - 45 40 46  -  - 30  - 15 49 42 32 20 34  - 36  5  - 37  6 22 39  3  -  - 11  1  - 38  - 23 44 14  4
  - 35  2 43 15  - 26  -  5 41  7 34  -  -  -  - 16 42  3  - 20  - 48  -  -  -  - 47  - 29 25 40 10 18 11  -  6 28 27  -  8 45 50  - 32 33  - 22 49 44
 11 49 19 38  1 33  -  -  8 15 47  - 17  -  6  4  - 14 30 20  -  2 29 18 28 10 35  -  - 36 23 44 39 16  - 31 48  9 37  -  5 26  3 50 13 40  7 32 27  -
 43 10  - 39  -  - 23 25 35  -  2 36 26 27 17 18 50 29  -  -  1  3  - 19 48 28  8  7 12 38  - 15 37  9 16  5 44  -  -  -  - 34 20  - 24 22  -  - 13 47
 14 15 12 32 20 22 49 42 48  8 46 30 34 43 11  - 17 25 33  3  9 27  - 47  - 26  -  4 36  -  -  - 24  2 35 40  5 10  - 41 29 13 21 28  - 19  - 23  6 18
 39  - 35  - 48 13 18  - 16 38 30  - 15  - 45 44  - 40 27 34 43  -  6  - 42 32  3 25 28  - 24 11  - 22  - 20  -  - 50  7  9  1 10  - 17 29 26 33  8  -
 18  7 32 19 50 26 17  3 29 40 21 12 35  -  -  8  1 48  -  6 46 47  5  4  - 44  - 10  - 33 43 16 22 45  9 41 42 25  -  - 14  -  - 27  - 31 15 38 20 49
 40 17  - 26 44  6  - 22 38 50  - 10 23 47 31 37 14 18 13 43  -  -  -  9  4  7 12 39 32 28  - 29  1 19 20 49 35  -  2  -  3  8 15 45 42 36 34 41 33 27
  - 14  1 23  - 48 44 43  2  - 35  - 22  - 36 50 18  - 47 39 32 29  8  7 33 38 49  - 40  - 12 31  3 10  -  - 30  - 41 25  4 42 27 21  -  -  -  - 34 24
  -  5 11  -  - 43  -  - 45 28 10 27  -  4  - 26  -  2  -  -  -  8 25 31 50  -  - 46 13  - 48 21  - 35  -  -  - 30 16 37 18 44 39 24 34 23  - 29  - 32
  6 50 18 36 37  1  7  9  -  - 19 21 32  - 38  3  -  -  - 44 10  -  - 13 27 42  4 33  - 47 26 25 20 29 45  - 34  - 30 14  -  -  -  5 31 48 49  8 39  -
 37  9 10  -  -  -  -  7 17 34 42 16 36 41  -  - 13  6 31 49  -  -  -  8  - 30  - 26 23  - 14 24  -  -  2 50 15  -  1  - 46 12  - 32 25  - 45  -  - 29
  5  -  - 16 35 20  - 31 33  - 40  -  8  -  - 43 28 30 32 29  7 45  - 14 10 48 44  - 11 37  -  2 23  -  6 47 49  -  4 36 22  3 34  -  1 39  - 12  9 15
  - 18 22  - 24  - 30 44  -  - 16  2 42 23 39 11 35  -  8 25  5  - 38 12 20  9 26 29 10 21  -  1  - 37  4 13  -  3  - 48  - 50 43  -  -  - 31  - 45  7
  -  -  -  -  - 29  -  - 43 21 14  7 50  3 20  - 47 24 26  - 25 38 40 16 41  - 30  9 31 12  1 23 32  - 46  - 36 35 11 13 48  - 17  8 37  - 27 45 18 22
 22  6 30 35  - 46 15  -  - 27  - 19 33 32  -  -  - 39 12  8  - 23  9 26  -  4  -  - 37 45 34  -  - 24  -  - 14 43 25 29  -  - 47 44 41 10  2  - 11  3
