1750
  - 14  -  -  6 31  - 29 33  -  -  -  - 32  - 10  - 35 34  -  - 39 42  - 19  - 27  9  -  - 38 50  -  - 44 45 11 30  7 24 12 16  - 26  2 21  -  -  5  -
 32  - 22 27  - 17 14  - 50 28 10 36 44 43 48  -  -  4  -  9 42 45  - 33 29  2  -  - 23  -  3  - 18  - 15 47 20 35  - 19  -  - 31  - 25 30 37  5 41 39
 24  5  - 44  - 18 43  -  -  2  1  4  -  3 40 21 22  8 11  -  - 14  -  9  -  -  - 25 47  - 20 34 35 15  -  - 23 33 45 31 39 48  -  - 36 16 17 46  - 41
 20  3  2  - 18 28 12  - 48 45 17 23 35  - 47 25 36  5  8 31  4 50 27 10  - 42 16 40 21 29  - 13 11  - 34 26  9 32 15 37 38 41 14 43  -  6 39  - 30 33
  9 45 35 46 42 10 36 41 34 24 50 37 33  -  - 38  - 13 25  - 40  -  6  -  - 23 32 47  4 48  7  -  - 44 19  - 39 12 14  -  - 29 27  5  -  1 21  -  - 30
  - 29 19  -  - 20 48 33  - 14  -  - 45 38  7 44 42  -  6 39 24  - 36  1 46 18  - 50  - 49 10 37 30 13 22  -  - 26  - 35 47 12  2 15  -  -  - 16  3  -
  -  8 18  5  - 13  3 47 37 25 41  9 29  -  - 16  - 49  -  7 38 28  -  -  - 12  -  - 33 35  - 24  - 34 39 30  - 20 46  - 11  1  -  - 27  - 40 48 15  -
 38 30  5 16 45 12 27 37 21 22 43 10 23  4  - 29 35 25 49  -  - 41  -  - 18 36 33  - 46 50 24 47 40 11 31  - 48 44 17  1  3 26  - 19  8  9 28 14  -  -
 36 10  - 22 13  5 20  8 25 50 44 16 19 42  - 35  -  3 38  -  - 11 46 34  -  4  - 21  9  - 31  - 15  - 43 23 18 14  6 29 41 40 48 33 24 47  1 49 39  -
 44 23 39  - 30 37  -  3  8  7 15  - 16 34  - 20  - 38  -  - 43  - 24  -  - 25  - 32 29 21 27 31  - 48  - 35  - 22  4 11  5 46 13  -  -  -  2 47 18  1
  1  2 38 21  4 50 26 43  5 39  - 32 36 25 41 28  -  -  9 44  - 35  - 12 34 27 48 24  -  -  -  - 16  -  - 49 15 37 13  - 19 22  -  6 42 33 46 17 40 18
 26 35 21  - 15 27  - 45  - 18  7  - 17 36 24  -  - 30 48 47 39 23  5 41 43 22 40 33  -  -  - 10  3  -  - 14 37 16 38 50 28 44 19 29 13 25 20 34 46  -
  - 36 10 17  - 16  -  - 39  - 47 44  -  -  5  -  - 50  - 22 11 24  -  -  -  - 12 34  -  - 48 33 19  -  8 38  - 15  - 46 30  -  1  - 21 37 27 41  - 23
 37 41 16  - 20  2  - 12 45  3  - 19 15  9  - 42 29  1 32 27 10 49  4 13  -  7 36  - 24 40 28 38  -  - 18 33 30  -  - 47 26  8  -  - 43  -  - 31 44 17
  - 19 44  -  7 26 31  - 17 37 20 28  -  -  - 43  4  -  -  2 35  -  3 30 47 11 41  -  8 45  5 14  - 12 48 32 27 39 42  -  - 25 34  - 16 13 29  -  -  9
  -  -  - 37 40  8  - 42 41  1 21  2  - 11  -  9 15 22 35  - 18  - 19  -  5 26 17 39 27  - 46  - 23 24 20 16  - 34  -  - 25  - 49  7  - 32  - 28 43  -
  - 46 34  -  -  1 49 48  - 31  -  - 28 26 32 22 47 19  7 40 37 36  - 42 14 20 35  -  -  - 15  3  2  6  - 44  -  9 23 10  - 18  - 27 45 43 16 24  -  -
  - 47 45 10 44  - 19  - 24 34  - 14 46  -  -  - 39 11 29 15 13  - 37 16 21 35  -  7 50 23  - 28  5 40 27  9  -  - 49 43 17 20  -  - 18 41 26 30 42  -
 11 50 48  - 41 35 21  - 19 27 37  - 34  - 22  8  - 42 20 36  -  - 15 23  3 33 49  1 10  - 29  -  -  5  - 18  2 46 47  7 13  -  9  -  4  - 14 45 38 26
  7 40 11  -  3  -  - 35  -  - 16 43  4 14 15 49  - 45  - 18 30 46  - 32  -  - 19 48  6  -  - 41 42  - 26  5 10 24 44 28 22 21 37  -  9  - 47 39  8  -
 16  -  - 45  -  4 40  6  - 38  - 47 25  - 12 23 10 37 18 35  8 48 32  -  - 14 43 19  -  - 41  - 24 33  - 36 34 31  -  5 46  - 17 22  - 20  3 21 50  -
  -  -  - 20  - 39  4 44  - 42 38  3  - 22 26 47 24  7 10  5  - 33  - 14 37 45 23 18  -  8 25 30 27 16 11 40 41 43 31 34  9  - 35 36 46 19 32  2 49  6
 47  9 50 13  - 30 29 39 26 48 18 12  1  5  - 11 28  - 37 45  - 22 17 38  - 24 10  8  - 46  - 21  7  3 32 20 31  -  -  6  - 43 23  - 15  - 25 40 16 42
 48  -  -  4 36 21 47 11 43 32  -  - 12 37  - 39  -  - 16  - 29 20  9 24 25 40  -  - 44 41 34  -  1 19 23  3  - 42 22  -  8  - 50  - 14 35 38 10  7  -
 50 49  7 41  - 15  -  - 38  4 46  - 39  - 17 32  - 33  -  -  - 44 18  6 11 21  2  5 34  - 47 45 26 35 40 12 25 19 30  3 16 37 24 42 29  - 48  8 22 43
 17  - 43  -  -  - 50 25 23 19  3  - 42  - 21 37  - 20 13 11 15 18  7  - 41  8  - 12  -  -  - 35  9 36 24 10  4  - 34 33  -  -  - 40  6 45 31 38  2 48
 30 39  -  - 26  -  - 22  1 47 28  -  -  - 36 24  - 40  - 23 25 19 34 46  2 13  9  - 20 18 35  6 33  -  5  7  - 21  - 12  - 31 43  - 10 50 49 29 27 38
  -  -  -  - 49 46 39  4  -  9 12 33 26 35  - 17 23  -  -  - 27 16 41 11 30 28 20  -  7  - 32 15  - 22 14 43  -  - 40 38 21 19  - 48 50  -  - 36 13 44
  - 17 15 50  - 42  -  - 30 40 35 34  - 23 11 27  1 21 26 24 20  - 25 47  6 38 14 44 18 10  - 43 49  -  7 39 13  8  -  - 45  4 16 32  - 28 36  3 48  2
 42  -  -  - 43  -  -  -  7 10  - 49 14  2 25  -  - 41 40  - 16  - 20 27  -  9  6 29 38 36 45  - 28 31 47 48  -  -  -  - 18 35  5 39 11  - 15 13  4 24
  - 18 20  - 35 24  1 14  - 23 40  - 10 46  3  - 44 12 43 19 22 13  -  -  8 34 39 27  5  - 17  -  -  -  6  4 21  -  2 30  -  -  - 16  7 36 45 42 37  -
  -  - 27 24  -  - 16 13  - 17 11  -  2 28  -  - 14  - 39  -  -  4 35 22  - 10 47 49 48 25 23  -  - 43  3  - 46  -  1 32 33  -  - 44 37 42  - 20  -  -
 19  - 46 48 10 23 24  - 28 30  - 25 18  - 38  6 16 47 17  1 41 37  -  4 35  - 50  3  2 43 13  - 34 29 33 21 42  - 26  8  -  - 40  - 32  -  -  7 14  -
 12 44  -  - 14  -  6  -  - 20 27 45  - 18  -  3  8  -  -  -  2  - 22 36  - 46 25  - 16 15 26  7 41  -  4 37  1 40  - 42 24 32 30 50  -  - 33 19 47  -
 43 25 24  -  5 40  2  - 27 46 42  - 37 10  4 48  - 44  - 29  -  7 23  - 36  1 28 14 32  - 21 39  -  -  - 15 16  6  - 45 35 13 12  - 31 18 34 22 19 49
 27 12  - 14 47 34 41 36  -  - 19 21  9  - 23  5  - 15 45  8  -  - 16  -  - 32 30  4  - 38  -  2 48  - 37  1  - 50 24 13  7  - 22 18  - 49 42  -  - 31
 33 48  -  -  - 47  - 17 46 11  5  7 13  - 18 12  - 26  4  - 28 15 21 44  - 39  -  2 49  -  6  -  - 30 16 31 22  - 36 23 43 38 42 14 20  3  8 37 24 25
  -  - 25 39  - 19 37 15 31 41  2 29 32 21 13 26 17 27  -  - 45  1  -  5 48  - 46 36 43  - 33 42 10  9  -  - 14  7 28 18  - 34 44 47 38  4 12 23 35 22
 35  - 40  8 24 45 15  5 20  -  6  - 11  - 46 30 48 28 27 21  3 26 14 49 17  - 13 42  1  -  9 23  -  - 12  2  - 41 33 39 37 47 10 34 44  -  7 18  - 36
 39 26  6  - 37  - 46  2 18 21  - 24 30 48 16 40 49 32 31 12 23 27  -  -  4  -  8 20 15  - 44  5 17  - 42  -  7 13  - 22  -  3 29 10 47  -  - 50 45 11
  -  1  -  - 22 48 18 27  2 35 14 17  7  -  9  - 12  - 33  -  5 47 40 21 39  -  3 11 13 19 42 36 44 49 50  8 24 38 37 16 29  - 41 20 34 26  -  - 10 45
  - 16  4 42 39  7  - 34 14 44  -  - 24 17  2 45  - 48 21  -  - 40 50 35  -  -  - 43  -  - 36  - 12  -  -  -  - 18 29  - 20  9  8  3 28 27  -  -  -  -
 28  - 23 33 27 14 13  -  -  - 24 38  8 16 35  - 45  - 47 30  -  -  - 40 22 37  1 26 41 39 18 20  4 25 36  - 19  -  3 48 42  - 32 12  5  2  -  -  - 46
 10  -  -  -  - 44 23  - 22  8 29 35 20  - 37 50  - 16  3  - 33 34  - 18 42 47 21 30 45  - 39 17 43  4 46 41 28 25 48  2  1 27  -  -  - 15  - 26  6  -
  - 27 37 23 46 49  - 28 47  5 22 50  - 31 33 34  7 18  -  -  9 42  - 15  - 41 24  -  - 11 12 19  -  - 25 17  -  3 39 21 10  -  -  -  -  8 44  4  - 16
  - 42  -  - 16  - 17 21  4  -  -  - 43 45  - 18 20  - 46 14 44  5  - 39  - 31 15  - 36 12 30  9 13 50 35  - 40 48 41 25 34  - 47  2  - 22 24 27  - 10
 14 32  -  2  -  -  8 10  - 33  - 18 41  -  -  -  - 39 22 43 17 12  - 19  -  5 44  -  3 42 37  4 50 45 21 11 35 28  -  - 36  -  -  - 30 24  9  1 23 40
 18 37  -  7  - 33 32 19  3 29  9  -  6  1 44 36  -  -  - 41 49  8 13 48 26 15  - 16  -  -  4 25 46  - 10  - 45 47  -  - 23  - 21 24 35  5 50 12 31 34
 21  - 13 40 34 43  -  - 35 12 26 39 48 30  -  1 33 24 44  - 19 10  -  8 15 29 37 28 31  5 22 18 14  -  - 46 49  - 50  9 32  - 45 25 41 17  4  6  -  3
 40 24 31  - 48  3  -  -  - 15 49  - 47 41 43  - 38  - 28  - 14  6 45 37 12 30  -  - 35  - 16 32  - 26 13 19  -  1  5 27  -  - 39 21 23  7 10  9 17 50
