1750
  -  3 28 11 19  9 42 10 12  - 22 48 23 13 50  5  6  -  -  -  - 31  - 44 40 38 39 16  4 37 33 27 32 18  8 26  - 43 47  - 15  - 14 49  -  -  -  - 24 34
 13 16  3 42 28  - 15  - 30 23  -  - 45  - 21 31  -  - 20 14 38  4  8  5 50 25 19  -  - 36 43  7 46  - 47 18 33 49  - 48  -  - 12  - 34  9  6  1 39  -
 14 25  -  - 41  -  - 43 45 39 21  -  - 34  -  -  - 26 38  -  - 44 15 11  5 13 32  - 23  -  3  -  - 48  -  -  - 46 33 35 10 30  9 36 20  - 18  -  8 27
 23  - 13  -  -  5  6  -  - 10  - 21 11 24 31  -  - 43 33 35 50 28 48  2 45 44 20  7 22  - 26  - 19  - 49  - 15  3 41  - 36  8 38 30  -  - 37 17 29  -
 40  - 15 21 34 33 20 23 31 46 25 18  4 27 19 16  7  9 47 24 36  1  - 30 17  - 41 43 12 32 38  -  - 49  - 45 42 26 22 28 37  -  5 48 39  3 13  8  6 14
  6 24 30  - 46  - 21 50 32 22 45  1  3 26 15 20 12 19  5  8  -  7 14 33  -  - 29  - 25  4 28 17 35  - 23 43  - 37  9 31 40  - 34  - 18 44 47  - 42 36
 50  - 35 12 29  4  - 30 49 36 17 10 16 40  -  - 26 38  - 37 22  - 42 24 15  -  - 33  1 39 20 48  9 21  -  -  -  8 45 14  -  7  2 18  - 27 32 13  -  -
 39 21 45 15  -  - 36 41  - 43 47 26  7  - 34 12  - 24 28 16  - 40  - 50  6  -  - 42 33  -  - 31  - 20 18 37  -  2  - 10 22 46 27  -  1 29 25  -  - 19
 27  8 26  -  - 21 47 48 43  - 50  -  9 41  - 42 39 40 44 15 49  - 46 31  -  2 23 13  - 34  - 16  - 38  -  7  - 17  -  -  -  - 11 20 29 28 14  -  -  4
 24 35  -  -  - 12 14  9 41 15  - 29  -  - 23 27  3 42  7 26 48 50 47 18 43  -  - 10 13  -  -  - 30 25 19  -  -  4 31  -  1 38 22  -  8 36 17 33  2 49
 16 10  - 31 20 44 45 21 14 48 32  7 13 11  -  -  -  -  - 28  -  -  9 49  2  - 47  8 34 41  - 40 42 23 30 27  - 25 18  -  -  4  -  5 24 17  -  -  - 12
  - 19  6  -  - 14 12 37 22 11  - 39  - 43 36 44 16 35  - 31 24  - 23 25  -  - 42 27 29  8  5  3 10  1 32 13  - 47  -  -  -  -  - 45  - 50  7  - 17 38
  - 50  -  9  - 24 34  -  - 30  -  -  6 22  1 49 37 29 12  7  -  -  - 45 32  - 15  4 21  - 10 25  - 27 14  - 39 44  - 43  - 33 46 17 13  8 19  2 35  -
  - 18 48 19  -  - 26  - 29 31  - 50 28 14 39 34 13  -  4 10  - 46  - 37 36 21 49 35 17 15 45  1  -  6  -  -  8 23  -  5 24 41  - 47  - 33  - 38  - 22
  - 22 34 37 13 45  - 19  5  -  1 14  - 25 16 35 11 18 21 17 33 15 31  3  7 20 38 36  6 26 30 44 47  - 40  2 29 50  -  -  8  - 41 42 10  - 43 39 28  -
 37 11 10 24 27  - 13 17  7 28 46  2 43  6 45 48 34  - 14 21 15 16 41  -  -  4  - 23  9  5 44  -  -  -  - 35 40 19 36  - 25 42  8  1  - 18 33 29 47 31
 18  - 22 46  - 29 39  - 38 35  6 19  - 28 47 26 45  - 43  - 31 10 25  -  - 42  2 44 24  -  - 36  - 11  -  -  -  1 32 41  - 49  -  8 14 48 21  -  5 33
  9  - 19 23 32  - 38 28 21  1 16 25  -  - 30 36  8  - 50 29  4  -  - 48 34  - 13  -  -  - 42  -  - 14  - 11 17  - 49  - 43 22 45 40  - 15 46  -  3 44
 22  -  5 13  -  2  -  6 50 40  -  9  8 36 35 17 32  - 42  - 27 11 38 19 23 49  - 21 39 10 24 18  7  -  - 44 12 16 14  4 29 25  -  3 37 47 28 20 15  -
 10 30 16  4 17 36  -  - 13 19  2 20  - 18 49  - 43 28  - 38  - 25 37 12  9  - 31  3 46 23  - 15  - 42  1 22  6 11  -  - 47 29  - 50 21  7 44 26 14  8
 45 34 43  - 25  -  7 49  -  -  -  - 10  -  9  3 28 31  -  -  - 42 12  6  - 41  1 18 40  -  4  5 48  2 15 17 19 32 30 44  -  - 21 16  -  -  8 27 37 47
 20 48  9  -  1 34  -  - 28 45  -  6 37  - 26 46 23 22 40 44 18 14 11  - 13 27 36  - 31 12  - 41  5 29  -  - 25 24  - 30 17 35  - 43  - 42 39 19 50  3
  - 17 39 29 24  - 50 26 27  8  -  -  1 33 28  - 20  - 36 13 16 21 44 40 11 48  - 30  3  7 47  - 22 45  2 19  -  -  -  -  - 14 49 37 23  - 15 43  - 41
  7 27 24 10 15 46 29  -  - 13 31 36 44  -  4 25 19 49  -  -  -  -  1 26  - 32 11  5 14  3  -  -  2 33 48 12  - 41 35 47  - 23 40 22 50 43 42 30 34  6
  8  4 23 28 31 32 24 20  - 41 15 35 36 48 11  2  - 14 25 18 44  - 39 43  - 12 33 50 37 45  - 38 17  -  -  5  -  7  -  - 26  - 47  -  6 13  -  -  - 42
 44 39 37 33 49 19 11  -  -  -  8  - 24  - 41  - 29 47  -  - 12 20 17 35  -  6  - 40  -  2 25 23 36  4 21 16 26 34 15  -  - 43  - 14  -  -  5 48  7  -
  -  - 50  - 22 40  2 12  - 14  7 37  5  - 32  - 42 27 39  - 47  - 13  - 26 15 24 45 44 29  8 43  - 31  - 36  3 48 19  -  - 20  -  - 11 41  -  6 10 18
 34 14 12 22  - 38  - 24 26  6 27  - 33 47 48 32 46 45  9  -  1  -  - 20 25 19  - 15  -  -  - 29 11 43 41 10 21  5 39  - 50  - 36 31  - 35  3  - 44  2
  - 49 36  -  5 25  9 16  -  - 33 40 35 19 24 43  -  -  - 47 26 23 10 39  8 14 18 22 41  -  - 32 15  7  4 28 13  -  3 29  - 45  1 34 44 12 27  - 48 11
  -  - 25  1  - 17  -  - 35 32 14 43 30  7 37 18 49 48  -  - 21 12 19  -  4 23  -  - 28 42 41 24  -  - 11  3 47 20 13 39 31 27  -  - 45  - 29  - 33  9
 29 26  1  - 36 16 44  3  - 24  -  8  -  4  7  - 35 32 31  - 13 27 18 23 42  - 40 20  -  -  -  - 37  - 43 21 50 33  2 45 38 39  - 12 28  6  9 46 22 15
 25  2 40  - 43  1  - 44  -  -  - 11  - 37 22  8  - 30 10  3  5 47 28  -  -  -  - 46 49  -  -  - 26 17 20 31  - 38  - 50 45  9 33 35  - 16 34  - 13  7
 28 12  -  - 35  - 49 27 10 25 18 41 17  - 42 11  -  7 16  2 37 39 45  -  3 43 34  - 36  - 31  - 29 19  - 30 32  -  -  8  -  5  - 44 40  -  4 15 23  -
 17  5 46 45 16 41  3  -  6  - 36 28  - 10 27 29  -  - 24 40 14  - 21 47 44 11  8  -  - 50  7  2  1  - 31 23 49 39 37  - 30 15  - 25 33  - 22 42 20  -
 47  -  - 26 50 15  5 42  -  - 13  3  2 32  -  6 17  8 11 48 28 30 29  - 39  -  - 49 10  -  - 46 43  - 37 38 31 22  7 23  -  - 24  -  4  - 12 36 41 45
  -  1  -  - 42  7 10  - 18  - 20  - 47 12 44 37 40  - 41 36 43 13  - 17  - 34 50 24  - 21 14  -  - 39 28  4 16 15 26 27  5  -  -  - 38  -  - 32 19 25
 12  7 42  8 14 31 18  -  -  - 26 23 34 44 13 45  - 46  6  - 40  -  - 22 33  5 28 19  - 17 16 21 49  - 36 39 11 29  - 37  2 50 25 41 27  4  -  9 43 24
 42 13  -  -  2  - 30 22 48  -  - 15 50  - 38 40 33  1  8  5 25  - 34 28 37  - 46 11 16 20  6 26 44  -  - 49  - 12  -  - 32  - 18 10 43 39  -  -  - 21
  -  -  - 47  - 13  -  5 11 18 30  -  -  -  2  7 21 23 27 22 34 49 36  - 16  - 43 17  - 31  -  - 28  - 46  -  1 14  -  - 41  6 39 29 26 24  - 35 25 50
 26 15 18  2  -  -  - 40  - 17 24 22 31 42 43  -  -  -  - 12  -  6  4  - 19  3  7 39 47 27 46  -  - 32  5 41  - 10  -  - 33  1  -  - 48  - 45  - 30 29
 33 37 38  -  -  -  - 35  2 34 28 27 15 17 10 14 47 44 48  -  6  - 26 21 31 45  -  - 50  -  - 13  - 16  - 29  7 36  8 20 46 19  -  -  - 22  -  -  1 23
 30 23  7 43 11 39  - 25  8 44 38 42 22 49 20 33 31 13  -  - 35  -  -  1 18 37 27  -  -  -  - 50  6 26  3  -  - 28 17  - 34  - 32  4  - 45  -  - 36  -
  - 36  - 35 38  8  1 14 40  - 41  4  - 23  - 50 18  2 32 19 42 17 24  9 46 26 37  -  - 25 13 20  - 44  - 33 43 21  - 11  7 34 31 15 22 10 16 28 12 30
 19  - 17 18  -  -  - 15 47 37  -  - 42 31  - 21 41 33 34  -  -  2  3  7 29 28  5  -  - 44 22 12 25 30 50  -  -  9 11 36 13  - 23 26 35  - 38 40 49  1
  -  -  -  -  - 28  -  8 15  -  -  - 38  - 29 24  5  - 49  -  - 36 27 14  -  -  - 48 45  9 19 34 31  - 12  6 35 18  -  3  - 13  7 33  2 30  - 25 46  -
 38  - 41 36  - 23 17 31 34  - 11 49 14  - 18  -  - 16 46 32 30 26  6  - 28  -  -  2 19  1  -  -  4  -  - 50  5 42 43 25  - 48 37  - 47  -  - 22 45 13
 15 28 11 44  - 18 32 34  -  3  -  - 49 30 12  9 10 36 23 39  2 38  -  - 47 22  -  6  7 43 17 19 41  -  -  1 45 31 20  - 35  - 29  - 25  - 40  5 21 37
 36  -  - 16  6 47  - 33 19 12  3 38 29 45 14 15 25  -  - 46  9  -  5  8  - 18 17 37 26 22 39 11  -  - 35  - 24  -  -  - 49  - 50 23  7  2  1 34 31  -
  -  -  2 39 18 35  - 11 37 21 40  - 19 16  3 23 24 15  1 33 10  - 43  - 14  - 22  - 20  - 29 30  - 47 42  8 44 45  6 49 27 17  4  7 36 26  - 50  9 28
 32  -  -  6  4 43 35  1 36 42 37 47 25 15  - 13  - 10  2  - 29  -  - 41  -  - 44 28  5 19 23  - 24 22  -  -  - 30  - 18 12  - 26 38 31 11 50  - 16  -
