1750
 14  - 28  6 34 24 43  -  2  - 31  - 19 16 10 29 18 17 46  -  9  3  5 20  4  -  - 49 38 39 32 30 23  1  - 13 12 27 47 21  - 26 42  - 48 44 11 45 37 35
  7  - 42  3  - 44  2  1 36  -  - 18 21  4  9  - 31 22 50 38 40 45 19  - 13  - 27 41 34  8 12 47  -  - 37  - 43  - 17  - 14 16  - 48 26  - 20  -  - 23
  1  5 25 17 44 14 37 35 31 27 29 10 23 48 34  - 15  - 21  - 47 26  2  - 42  -  - 20  4 50 39 32  - 22  - 33  7  6  8 40  - 11 18 36  -  -  -  - 19  -
  5 41  9 27  - 21  - 28 45 24  -  -  2  -  4  -  - 47 44 33  -  - 34 14 32  -  - 29 42  - 11 20  6 17 13  -  8 48  7  -  - 12 39 46 49  - 36 43  - 25
 37 30 33  -  - 27 20 47 39  - 15  2  6 46 25  - 26 18  -  - 17  -  -  1  8 42 35  - 49 36 41  3  -  - 40 16 32 10 11  -  - 21  - 45 31  - 24 38  - 22
  6 14 15 31 33  - 40 41 11  - 20 13 27 45 42 26  -  4  -  - 32  - 44 37  - 29 22  5 46 43  - 16 49  2 39  -  -  -  - 23  - 50  - 24 25  - 21 36  - 28
  -  - 43  1  9 37 30 32  8 18 39  -  -  - 44 42  - 33 11 36  7 20  6 48 49 28  - 24  -  -  -  4  - 14 31  -  5 38  - 17 13 29  - 16  3 25 35  - 40  -
 32  -  - 41 22  -  - 30 25  -  -  - 39  -  - 21  1  - 15  5  2 19 49 47 48  - 20 11 37 10  - 17 36  - 28  -  - 23  9  6 29 43  3  -  - 16 42  - 13 40
  8  -  1 37 38  5  - 20 47 16  - 40  - 24 17 43 12  -  4  - 14 18  - 10  6  7  - 34 27 31  3 29 30 13  - 11 19 45 28  - 46  2 44 15  -  9  -  - 33 39
  - 19 47  7 26  4  - 14 46  -  -  -  -  2  3  8 11  - 49  - 27 10 39  - 18  - 43 16 32 23 34  -  -  -  1  - 45 24  - 35 50 17 28  -  - 21  - 12 30 37
 28 29 35  9 16  8 31  3  5 41 47  - 24 26  - 45  - 25 42 13  - 34  - 12 37 44  - 50  2 21 23  -  -  - 27 39  1 15  - 36 49  -  6  - 33  - 38  -  7  -
  - 15  4  - 24  3 42  - 28 26  -  9 10  -  - 37  8 32 34  1 30 33 45 41 19 11 13  - 20 44  -  -  2  - 29  - 48  - 21 50  7  -  -  -  -  - 47 18 27  -
  - 36 23 16 30  -  4  5  -  - 35  - 48 25 29 17 19  - 41  7 13  -  - 46 10 39 28  - 44 47 18 12 40  -  -  - 42 34 32  2 15  8  -  -  -  - 50 24  - 31
  - 16  7 12  - 25  9 36 18  -  -  - 40 15  - 19 24 27  8 43  - 28 26  - 38 20 14 31  -  4 30  5 42  - 34  - 50  - 29  3  -  1  - 35 44  6  - 32 22 45
 42 25 49  8 17 43  7  -  - 32  - 11 33  5 41  9  -  -  - 19 29 27 47 13 28 35  -  -  -  2 16 10  - 40  - 23  - 26  - 20  - 38 24 44  - 37 22 15  4 46
  -  - 20 42  - 39 18 24 38 12  3  -  5  6  - 22 50 35  1 47 19  - 21  -  - 32 15 13  - 40 31  - 27  - 41  -  2  -  -  -  4 46  -  -  - 33 30 17  -  8
  -  -  6 13 15  - 17 29  9  - 26 46 37  - 45  -  - 38 48 40  3 43 10 27 25 23  - 33 14 42 35 31 50  8 36 32 41  -  5  - 24 34  - 30 19 12 28 44 20 21
  - 32 17 22 48  - 29  4 15 25 23 20 30 37 27 44  -  - 16 12 34 31 24  7 33 26 39  - 45 19 13 50 46  -  2 28 14  3 35  8 42  -  5 43 47  - 49  - 38  -
  -  -  5 36 50  -  -  - 17 49 46  -  - 42 20  - 28 12 43  3  - 14  - 15 16 19 32  8  7  - 24 48  -  -  - 37 33  -  -  - 45 40 26 23  2 30 27 31  - 38
 27 13 10  -  -  - 16  -  - 48 43 35 25  -  -  - 23  3 18 14  4  - 29 39  -  - 38 42  - 37  -  - 24 26  - 45 36  - 33  -  - 30  -  -  5 20  - 21 34 11
  -  - 34  - 45 28 46 19  7 35 37  - 41 10  - 36 42 50  -  - 24 25 38  3  - 31  8  - 22 33 29 49 26 32 11  - 23 20 16 47 27  -  - 13 15 17  1  -  -  4
 11 48 46 39  -  -  -  9 16 30 50 45 22  - 12  4  - 20 17  8 38 29 36 24  -  - 19 35  6 27  - 33 31 18 23  - 44 47  -  - 10  -  -  1 43  -  3 41  - 42
  9 20 38  - 32 12  -  - 35  - 34  - 46 43  2  -  -  - 25 11 33 39  1 17  -  6  -  -  3  -  5 27  7 41 22  8  4  -  - 45 30  - 21 42  -  - 10 26 16 49
  4  -  - 24 14 50 19  8 12  5  - 26  - 13  - 38 40  9  - 25 49 11 22 42  - 21 34  - 10  - 28 41 33  7 16 31 37 46 20 15  -  -  2 27  - 39 43  1 44  -
  - 45 31 48 10 11  - 26 49  6  - 15 14 20 35 33 38 46 32 21  - 44  3 43  - 47 42 22  - 28 37  9  5 34 19 41 16  4 25 29  - 24  8  7  -  2 17 40  - 27
  3 38  - 47  6  -  - 25  - 11 42 14 28 22 37 24 43 45 13  -  8  -  - 34  -  9 41 32 40  7 20  -  - 29  -  - 49 12 39 18  - 23 27  - 21  5  4 48 50  -
 12 47 27 33 23  -  - 43  - 15  -  - 31  -  1 14  -  7 38 42 37 48 46  4  2 16 18  6 28  - 40 22 17 11  - 10 30 44 50 34  9 49 35  - 20 29 25  8 45  3
 31 22 48 26  4 13  8 27  -  -  - 34  -  - 16  - 37  6  7  - 43  - 28  - 41  3  9 17  - 18  - 39 11 42  -  -  - 14 24 46  1 19 38  5  -  - 12 30 35  2
  -  4 41 50  - 46  - 34 37 33 44  -  1  3 32  - 10 39 29  -  -  - 14  2 47 48 30  9 11  -  - 43 19  5 38  7 15  - 45  -  - 28  - 49  -  - 13 35  - 26
 45  7 16 46 11 34  3  -  - 20 27  6 26 39 14 15  2 49 28 22  5  - 23 40 50 18 44 36  8  - 48 38 12 21 35  -  9 42 19 43 41 25 31 10  - 24  -  - 47  -
 47  6 45 23 35  - 44 49  -  -  -  -  - 34 30  -  -  -  - 28 12  8  - 29 26  -  - 39 36 38 43 15 16 27 25 22 20  1 31  5 18 33  -  - 14  - 32  7 41  -
  -  9  2 49  -  - 23  -  4 31 10 27  - 14 47  -  - 42  - 26 41 16 15 21 11  1 29 40 43  - 17 36 45 28  - 19  - 39 34 33  8  3 20  -  - 46  7  5  -  -
 33  -  8  - 42  -  6 11  -  9  4  3 12 41 15  - 47  - 24  - 50 49  - 26  5  -  -  - 13 32  - 18  - 37 48  - 46  -  - 27  - 44 36 31  -  - 34 19 39  1
  2 42  - 25 12 26 24  - 33  -  7  8  - 19  - 32 30 43 22 27  1  5  - 31 14 10  -  -  - 46 47  -  - 15  -  -  - 41 18  9 21 20 50 39 35 45 48  6 49 44
 19  - 39  - 40 45 41 10  - 38  8 33  -  7 43 18 20 13 30 48  - 12 32 35 15 49 26  -  - 29  - 14 44 16  6  - 31 37 22  -  5 27  - 28  - 36  2 23 11 34
 24 39 19 21  -  2  - 40  - 47 25 32 44  1  - 11 29  - 35  4  - 15  8  -  - 41 46 27  -  -  - 26 28 49 50  6  - 31 30 38 43 18  -  - 17 13  - 14  9  7
 20  -  -  - 49  9 21  7  -  3 19 42 18 36  6 47  -  - 37 30  - 46 27 32 22 40 17 23 25 14  - 34  8 35  -  - 26  - 15  -  - 45 29  2  - 31 16 33 48 13
 13 26  - 19 20 42  5 17 43  8  - 29  7 30 11  1  -  -  - 39  - 38 18 45 31  - 49  - 24  - 50 23  - 12 21  3 35  2 10  - 33  4 41  -  - 14 15 37  -  -
 29 37 36 28 13  -  - 12  1 42 41 38  - 49  7 40  - 24  - 45 21  - 11 33 44  -  - 26  - 48 25  - 18  3  -  4 39 16  2 19 20  9 34  6 30  - 46 27 14 32
 38  - 30  - 21  - 33 37 50  1 36 49 20 12  - 13 45 34 23 31  - 17 40 44 24  - 16  7 29  -  -  -  -  -  4  -  -  9  -  - 39 10  - 18 11 15  8 28  - 43
 15 46  3 38  8 10 39  6 26  7 49  - 17  - 31  - 32 37  -  - 25 36  - 18 43  - 45 14  - 13  -  -  1  -  - 42 21 22 23  -  - 41  -  -  - 11  5 34  -  -
 17  - 12 14  - 47  - 21 48 29  -  -  -  -  -  -  4 15  9  2  - 32 50 38  - 45 24  - 18  - 44 46 41 25 30  1  -  - 49 13  -  7 10 40 39 43 19  -  - 20
 39 43 21  -  - 32 11 16 24 34  - 50  9 33 36  2 25  8 26 49 28 13 35 19 17 12  - 15 41 30  1  -  4  - 20 44  6  -  - 31 23 42 48 37 22  - 18 47 46 29
 26  - 13 11  -  -  - 50  - 43 32 12  4  8  - 28  7  2 27 24  6 41  - 36  -  - 48  - 47 20 33 21 34 19  - 25  -  - 44  -  - 22  -  - 18 35  -  - 15  5
 49 33  - 20 18 30  -  2  6 28  1  4 50 32 40  7 14 21  5 41 44 24 48  -  - 36 11  - 39  -  9 45 13  -  8 27 17 29 46  - 26 15 43 38 34 19 31  - 42  -
 35 28 18  - 29 38 26 42 13 17  - 36  8 50 24  -  9 44  - 23  -  2  -  -  - 15  6 46  1  -  - 19 32  - 33 43 22  - 14  7 31 37 40  -  -  - 39 10 12 48
  - 18 24 15  2  - 45 39  - 50  -  7 43 28  -  -  - 11 20 29 31 30  -  6  -  -  1 44  5  9  - 25 37 33 42 26 34 13  - 49 32 35  4 47  - 27 40  3  - 10
 44  - 14  -  1 40 34  - 23  4 12  - 11  - 39  6  -  - 33  - 15  - 20 28 46  -  - 21  -  - 27  - 38 43  - 48  -  - 36 26 22 13 32 50  -  8 41 25 10 24
 41  - 22 30  -  7 49 38 32 37 21 44 16  - 28  - 33  -  - 46 35  9  -  - 23  -  5 48 12  - 45 24 20 36 26 15 25 18  3  4  -  -  - 29  8  -  6  2  1 17
  - 34 11 40  - 20 47 33  - 44 38  -  -  - 50  - 46  -  2  - 16 35  -  -  7 27 23 10 15  6 26  -  - 48 12 24 29  -  - 30 25 36  - 41 13  4 14 49 31 19
