1750
 37  7  -  - 44 46  - 39  - 45  3 36 20 34 29 24 18  5  -  -  8  -  2  -  - 17  -  - 40 28 48 10 12 11 23 13 41  4  9 32  1  -  6 47  -  -  -  - 50  -
 42  -  1 47 49 41 22 23  -  -  9  -  - 13 26  -  -  - 20 29 19  -  -  - 50 44  4  - 11 27 15  2  5  7 25  -  - 21  - 48  -  - 38  -  -  - 10 31 34 16
  - 25 20 11 37 40  4 32 28 41 45 14 47 43 38  -  6  - 23  -  -  -  3 13 36 16 34  8 24 39 27 22 19  - 12 44 49  5 21 15 48 31 46  -  -  - 29  -  -  -
 33 18  - 40 27  - 17  -  - 37 25 41 39  5 49  3  -  - 31  9 30 48 32  - 20 38 42 13 47 24  4 11 46  -  -  - 21 45  6  - 34  8  - 29  7 10 22  - 35  -
  -  - 35 16 31 25  - 30 23  - 26  - 32 33 11  -  - 41  -  - 10 19  5  7 17  - 36  -  -  - 14  -  -  - 15  -  3 47  -  - 38  9  -  -  -  -  1 24 13  -
  4  - 18 26  6 17  - 25 36 42  1  -  2  - 40 10  3  -  -  -  -  7 28 21 39 45 37 29  -  - 49  -  - 43 16 31  -  - 38 50 19 22  -  9 41 13 32 34 48  -
 46 30  -  4 21 49  -  -  -  5  - 42 15 25  - 12  - 31  -  6  7 18 48  3 40 14 13  - 44 36 20  - 10 39  - 41 37  - 50 16  - 38  - 27  8  -  - 17 29  -
  9 10 31  - 17  - 35 42 32 49 47 28 24 36 39  -  1 22 44  3 48 13 16 14  - 15  - 11 37  5 25 45  4 21 19 46 40  -  2 26 29 34  - 30  -  8  6 12 43  -
  - 41 13  1  8  4  3  - 44 16 36  -  - 12  5  -  -  -  - 37  -  - 11 45  9  - 27  7  - 23 46  - 50 32 28 30  - 42  - 21 40 19  2 22 25 29 24 18  -  6
  - 48  5 45  1  - 38 37  - 46  -  -  - 39 24  8  9 29 12  - 23 42 25 19  - 18 43  -  -  -  - 30 41 20  2  -  4 44 16 27 10 11  - 50 32  - 40 14  - 36
 16 37 36 43 35 23 27  -  - 18 32 45  -  -  4 48  8  - 30  5 25 47  - 26 29  2  - 14 38  -  9 12  - 28  3  - 19 49  -  - 15 42  - 24 40 22 41  - 39 17
  - 42  6 12 18  -  7 28  - 40 30  9  3  - 43 19  -  - 36  -  - 26 44  - 25  1 46 21 10 14  - 34 29 31 41  - 13  2  -  -  - 24  - 33  5 23  4 47 32  -
 30  -  - 27 38  - 43 46 26  -  8 21 28  - 47  6  - 25 45 49  5 23 14 33 11  -  9 20 41 16 35  7  -  - 17  - 24 48  -  -  -  -  -  2  3 34 39  - 31  -
 32 21 39  6  -  - 24  -  9 48  - 19 12 18  - 14  - 33 43 34 47 40 23 49  3  8  - 46 36 50  - 25 31  - 10  4 11 15  7  - 26 17  5 16 13  - 45 42 30 28
 49 26  9  3 39 15 30 16 11 38 12 24 48  -  - 27  - 21 28  8  - 41 17  - 22  - 18 40 35  -  - 19 25 36 31  5 45  - 44  - 33  -  -  4  2 20  - 10 42 50
 43  - 49 38 42 11 10  1  2 12 17  - 16  - 19  4  - 14 22 25 36  - 41 31 30  - 33 34 29 45  - 47  6 13 35 50  -  7  -  8  -  -  - 21 15 18 46 37 24 40
  3  -  - 17 48  - 14  - 16 19  -  - 30 29 25 36 38 13  5 44  - 12 37  -  4  - 31 42  - 32 26  - 27  -  8  9 33  - 35 18  - 47 50  - 43  - 21  -  -  -
  - 11  - 15  -  -  - 34 39 20  4 29 41 42 10 33  - 44  - 50 37 36  9 28 14 40  - 43  - 25  - 32 21  -  1 23 35 24  -  -  - 27 18  7 12 38  -  3 26 13
 14 24 43  - 11  -  5  - 38 27  - 47  - 37  -  2 41 15  8 10  -  6  4 12  - 23  -  - 30 40 21  -  - 25  9  1  - 46 39  - 28  -  -  - 29 49 18 45 19 34
 36 23 26 34  - 30 18  -  - 13 14  -  - 38  9  1 10  -  -  7 32  -  -  8 46 12  - 33 31 42  -  6 49 40  -  -  - 39 29 47 50  - 43  - 11 28  - 44  2  -
  - 46 37 36 15 31 40 48 29 28  -  -  -  3 41 26  7 11  -  - 50  - 35 42 16 24 47  - 22 19  - 27  -  5 43 21 39  - 20 44 49  2 25  -  - 33  - 13 12  4
 26  -  - 46 10 32 39 43 14  - 28  -  - 20 50  - 24 18 37 12 17 31 45  5  7  -  -  - 13  - 23 49  - 27 42 33 16 29  - 34 41  6  - 11 22 15 47  - 40  8
  - 20  - 14 25  - 26 44 30  - 41 13 42  - 45  - 23 10 19 21 28 49 46 15  2  4 12  -  - 29  1 24  -  -  - 40 43 17 33  5  - 50 22 39  9  - 34 32 27  -
 45  -  - 39 40 24 50  7 13  - 46 31  1 19 12 29 35 23  -  -  - 11 36  - 18 26 48 38 14  3 17  9 15  6  5  - 10 22  - 25 20 33 28  - 42  -  -  - 16 27
 41 31 24  2  - 38 15 26  - 36  - 43 45  - 33 18 12 16 29 19 49  -  6  4  - 10 44  -  9  - 11 39 35 50 21 27 42 40 46  - 13 48  - 20  -  -  - 22  - 37
 27 38 14 10  -  9  8 17  - 11  - 35  -  -  -  -  -  -  3 18  - 22 21 24 34 29 25 41  - 46 28 50  -  - 47 26  - 20 43  4 30  - 48 12 44 42  5 33  1 32
 28  - 41  -  5 18 42 31 27 34 44  - 43  9 30  - 46  1 26 22  -  -  - 23  -  - 50  - 32  -  -  -  3 48 37 47  -  - 17 45  2 20 40 38 36 16  -  - 21 12
 25 34  -  9  -  5  6  4  - 26 31  - 18 27 44 13  -  - 10 17 12 15 39  - 38  - 19 23 50  -  - 20 30  8 46  7 22 32  -  -  3 40 29 49 24 14  - 16 37 45
 40  -  3 23 32  1 44 29  -  -  6 49  4 45 20 30 25  - 24  2 26  -  -  - 37 41  - 10  -  9  - 15 38  - 13 48 34 18  -  -  -  -  -  - 21  5 36  - 46  7
 19  8  - 13 12 42  -  -  -  - 11  - 29 16 48 47 14  - 50 31  3 21 49  6  - 36 23  -  4 44  7  -  2 26  - 18  - 25 10  - 46 45 37  5  - 24 27  - 41 38
 12  - 23 24  - 20  -  -  - 25 15  -  -  - 35 31  4 48 32 43  9 39 50  - 27 46 16  2  -  - 37  1 11  -  - 29 28 36  - 42 22  5 49 13 47 21 26  8  3 10
  - 17 38 37 24 19 23 49  3  6  2 27 36 15 31  - 32 34 11 46 22  - 30 39 42 33  -  4  1 21  - 28  - 16 26 45 18  -  5 41 25 10  - 40  -  - 13 48  - 43
  7  - 34 21 50 33  -  -  - 24 19 15 13 49 27  - 30  3 40  -  -  - 22  2 12  -  - 44 16 48  - 41  - 14 29 25 38  - 26  - 47 23  -  -  -  -  - 36 20  -
  1  4  - 30  2 44  - 38 41 17 50 48 26  - 15 20 28 46 25  -  - 43 18 36  5  - 21 47 39 11 10 23  - 29 45 49  7 37 42 31 27 13  -  -  -  - 33  9  8 19
 18  - 12 42  4 21 37 24  5  7 35 23 40  -  - 34 11  -  - 16 38 30 10  - 48  9 39  1  2 15 47 33  - 19  -  - 26 50  3 13 32 43 31 41 46  6 20 29 17 44
 21 14 44 22  9 48  -  -  4 50  - 11  -  7 37 23 31  - 38 39 43 16 33 20 45  - 32 27  5 26  - 29  8  - 24  -  -  3  1 19  - 46  - 10  -  - 30 40 15 25
 24  3 25 48 30  -  -  9 37 47 18  -  7  2 13 21 22 32 41 11  -  - 27 50 49  - 15  -  - 17 44 35 39 38 14 43  8 10 34 29 42 12 36 31 19 40 16  6 23 20
  - 49 27 20 14  - 12  - 25  -  -  - 38  -  -  - 19 43 39 47  2 10  -  -  6 30  3 48 46 18 50 26  -  -  - 15  1 31  - 35  -  - 41 42 16 36  - 11  -  -
 44 40 19 31  - 43  - 12  - 10 29 22  -  - 21 28 20  -  7 42 24 45  - 41 13 49  - 50 25  4  6  - 32 46  - 38  2 16  -  -  5  -  8  1 27 11  - 39 36 14
 11  - 45  5  -  -  - 13  -  1  -  7  -  - 46 44 39 40  9  - 18  - 20 37 19 21 10  -  - 49 30  - 43 12  6 34 23 27 31 24 16 41  4  -  - 32  -  - 22  2
 10  5  7 32 36 26  - 41  - 43  -  - 27 46  6 17 42 20  1 23 45  8 40 38  -  -  2  -  - 13 39  -  9 24 30 22  - 14 47 33  4 44 35 25 31  - 12 50 11  3
 34 12 17  7 19 37  -  2 20  9  - 38 23  1  3 22 13 30 18 48  - 44  -  - 10 50 24  -  -  8  -  - 36 35 32  -  - 28  4 14  6  - 11 45 49 25 15  5 33  -
 39 36 30 44  - 29 13  -  -  - 42  5  - 35 17 43  - 19  6 24 21  3  - 16 41 34  1  - 33  -  - 38 26 10 50  - 27  - 18 22  -  - 47 14  -  - 25 49  9 23
  -  9 48  - 22 16  -  3 19  -  -  -  5  - 14  - 43 42 34 33 46 24  - 32 47 31 11 30 27  2 45 18  -  -  4 17 12 26  - 10  -  -  -  - 50  -  - 25  6 21
  2  - 50  - 13 12  - 21 47 39  - 20  -  - 34 41  - 37 49 32  - 29 24  1  - 42 40 22 23 10  -  - 28 18  -  - 31 43  - 46 17  4  - 36 30 45 14  - 25  5
 29 19 47 18 46  3 49  -  6  - 27 50 33  -  - 40 17 24 15  - 16  2 38 44  - 25 45 12  - 37 13  - 14 30  - 39 32  9  - 43 21 36 10 48  1  - 35 23 28 11
 13  -  8  -  - 35 28 11 40 23  -  - 50 10 18  7 44 36 46 41  - 38 19 27  -  -  -  - 42 20 24  4 22  -  -  -  5  - 45  3  - 30  - 15 34  1 31 21 49 48
 20 50  -  - 43  2 41  - 33 30 24  - 22  -  -  -  5 49 48 28 42  - 12  9 35  7 26 31  -  6  3  -  - 34 36 37 44 13  - 38  - 29 19 18  - 47  -  -  4  -
 23 13 29 28  7 10 31  -  - 15 16 30 11 17  8 45 33  -  4  - 41  -  1 48 24  - 49  6  -  -  2  - 20 47 18 42 25  - 32 39 37 21  -  -  -  9  - 43  -  -
 31 28 42 50  - 14  -  - 17  - 43  2 21  - 32  5 37  - 13  - 34  -  - 29 23 39  6  -  - 35  - 16  7  1 11 36 30 38 40  - 18  -  - 44  4  - 48 15  - 22
