1750
  5  1  -  8  - 14 38 50  - 23  -  -  - 13  - 11 15 16  - 39 31  - 49 45  -  - 26 21 24 41  -  - 22 47  -  -  -  -  - 17 33  7 42 28  - 18  - 27 43 29
 49 34  4 11 37 39 36 43 41  -  1 21 31 29 20 19 12 46  9 14  -  8 30 22 25  - 44 13 18 16  -  7 42 48 33 27 23 15  - 38 28  3  - 40 45 24 47  6 50 26
 30  -  -  - 21 49 17 26  - 22 11 43 25 37  - 32 42 13  1 33 39  - 16  - 48  -  - 18  - 20  3 12  5 29 23 40  -  -  - 45 50 44  -  - 27 34  - 36 15  4
 24 17 10  - 13 45 22  - 18 41 48  -  5  - 43 33  -  4 31 47  - 35 19 32  - 25 40  - 46  8 37 20 34 38 29 26 28  2  7 11  6 16  - 23 12 21 50 30  - 44
  - 49 33  - 31 36 23 20  6 35  5 14 26  -  -  - 37 50 28  - 45 30 27 42 16  8 12  - 38  - 24  - 41 32  1  -  - 46 25 29 21  - 44 15 13 39 43  - 19 40
 46 32 26 34  -  - 47  - 21  - 36  5  - 49 37  - 14 30  7  -  -  -  4 48  - 18 10 24 17  - 27 19  -  -  -  - 12 29  8 31  - 43 13 39  3 42  -  -  6 15
  - 36 49  -  - 19 50 18 14  -  -  -  - 24  4 31 47 37  5 22  2 46  - 13 15 27  9  - 42  - 23  -  6  - 48 45  -  3  - 28  - 38 40 44  - 32 12 25  - 17
  - 16  -  -  6 15  7  -  8  - 34 44  - 40 29 48 18  -  -  - 20 26  1 37  - 31  - 17 49  5 25 27 36 28 10 35  -  -  4 30 32 14 45 43 47 22 21  -  -  -
  9  -  - 41  - 18 31 13  -  -  -  -  - 25 36 16 17 38 45  - 34  6  -  - 32 11  - 50  - 40  - 30 29 14  -  - 42 21 12 37  -  - 24  4 35 28 23  - 39 43
 39  - 42  -  - 40  -  1 25 33 45 37 32  - 28  -  4 48  -  - 44 36 13  - 29  2 19 16  6  - 34 21  - 27 50  - 17 31 26  5  -  -  -  9 10 43  - 46 23  8
 23  - 15  3 33 22 40  8  7  -  - 34 38 16 26  9  - 28 30 32  6 48  - 11 27 10  -  - 20 35 36 46 12 49  2  -  4 39 19 41 24 50 21  1 43  -  - 44 14 37
 45 12 48  -  - 26  -  5 30 38 37 23  4 28  - 29  7 18  - 31  -  3 44 14 41  -  - 33  - 34 47  - 24  9  -  - 50 22  6  - 39 40 10 13 16  - 49 32 20 42
 13  -  - 43 45 20  5  - 39  9  -  - 47  7  -  8  2  - 25 35 27 21  -  - 49 50  - 22 19  - 26  1 31 24 17  -  - 38 48  - 36 15 41 16 32 33 46 12 37  -
  - 19 38  4 34 12  1 22  -  - 13 10 33  - 41 42  - 35 14  - 30 18 24  9 44 15  - 25  - 32  6 16 26 23  - 39  -  5 29 48 37 45  2 49 28  7 31 43 47  -
  - 41 29  - 44 32 35 11 24 31  - 47 28  - 13  3 26 33 42 49 40  - 23 21  7  1  -  5 12 45 18 37  9  4 25 10 15 34 30  - 43 20  - 38  - 48  -  8 46 50
 16  -  5  7 22 46 10 23 26  - 28  - 34 48 47 40  - 45  - 36 12 37 39  8 24  6  - 42  -  - 13 14  - 44  - 41 49  - 15  2 19  - 25 35 20 29  -  - 11 33
 25  - 45 28 20  - 12 14  1 18  - 15 21 33  - 26 30 32 35  4 17 29 10 27  -  - 11 23 47 22  - 43  -  3 49  - 40 37 13 39 44  5 16 48  - 38  6 41 42  -
 41 30 20  - 48 11 27  4 45  2  - 35 29 42 34 25  - 44  - 37 15 49  8 28  -  -  - 26  - 24  -  - 14  7  5 16  -  -  - 33  1  - 12 17  - 50 19  - 38  -
 47  5 25  - 17  - 26  -  -  -  -  -  - 45 48 10  - 20 34  - 41 24  - 16  2 29 28 12 13  - 11  - 19  - 35  - 44  1  -  -  - 37 22  6  -  -  9 14  - 38
  - 50 12 20 10  - 25 28  -  - 42  8 14 17  9 35  -  -  - 26  1 11 47 40  5 22 24  2  - 46 48  - 33 18 13  -  - 16 36  - 15 41 37  3 19 30 34 21 49  7
 48  - 30 12  3  - 46  -  - 45 27 38  -  4 18 34  - 11 15  -  - 22  - 17 36 24 47 41 31 26  9 39  2 13 28 33  5 42 16  6  - 23  8 21  - 20 25 50 32  -
 50  - 44 35  7 17 30  - 10  - 25 26 11  -  - 47  - 24 22 12  - 28 41 46 39 37 15 38 34  1 14  9 13 19  -  - 16  -  -  -  -  - 20 36 23  3  -  2 48 45
 37 38  8 29 46  - 39  3 34 27  2 49 10 19 45  - 21 42  - 18  - 50 32  4 17 41  5 36  1  - 35 28 23 16  7 22  9 26  - 47  -  -  6 33 24 13 40 15 12 20
 36 22  -  - 32  4  3 15 37 34 39 19 42 14  8  -  6  2 48  7 13 43 28  - 21 26  - 46 35 44 38  - 49  1  - 23 18 24 50 20  - 12 33  -  - 17 29 40 45 47
 28  - 39 50 47 31  -  - 23  - 33  -  -  - 32 22  8 10 12 24 46  7  3  -  - 48 38  4  9 18  - 17  -  - 44 34 35 11 43 15 20 25 27 42 36  -  - 19 41  -
 19  - 23  - 25  - 15 46 36  - 40 50 16  1  6 43 22  8  - 42 29 20 37  -  9 38  -  - 39  7 45  - 28 21  4 32  - 41  -  - 17  -  -  - 48  - 26 10  -  -
 43  -  - 27  4  - 24  9 42 47  - 32  - 12 33 46 36  -  - 25 35  -  5 23  - 21  - 37 15  - 16 10  7  -  - 11  8  - 45 19 34 29 28  2  - 26 22 48  1 39
 18 43 36 45 49  -  -  - 19  - 35  -  - 34 46  -  -  -  -  5  - 47  - 25  -  - 33  -  -  6 44 29 39  -  - 15  -  -  1 50 38  -  - 20  -  - 27  4 40 16
  - 33  - 18 39  - 19 30 17  6 16  2 15  8  - 44  - 21 27  - 49  - 38 50  - 43 34 40  7  - 29 47 32 22  -  -  - 20  -  1 42 11 26  5 41 36 24  - 28 10
  - 29 24 46 15  5  - 42 16  -  6  - 39 38 35  -  -  -  2 27  - 17 26  - 50 49 25 14 41  - 20  -  - 31 45  - 32  7  - 12  - 48 11  8  -  - 13  - 10 28
 35  - 14  -  -  7  4  - 13 50 41  - 44  -  -  - 27 31  - 46 33 19  9 49 45  - 30 29  3  2 12 25 10 17 39  - 37 48 20 26 18 24 34 22  - 23 36 11  8  -
 10 18 19 36 23  - 28 38  4 29 32  -  - 39 27 50  -  - 40  -  7  -  - 44 33  -  1  - 11  -  -  - 43 41 42 24 46 14 35  3  5 21 49 34  -  -  2 22  -  -
  4  - 21 19  - 33  2 32 50  -  - 18 48  6 23 38 28  7  - 11 26  1  -  - 13 45  8 39 22 49 31  - 15  5  -  - 41  9  - 35  - 47 30 25  - 37  - 16 29  -
 11  9  -  - 26 42  - 17 38 14 50 24 23  -  3  -  5  -  - 20  - 45  - 31  - 33 36 43  2 12 39 15 46 25 47 21 48  - 28  8 41 10 18 29  4  1 44  7  - 34
  - 21 35 22 24 28 16 19 47  -  - 11  - 23 42 27 44 49  -  6  - 32 12  - 40 39 50 48 37 33  7  - 30  -  8 17  -  - 41 14  -  9  3 10 25 45 15  - 18  1
  3  -  6  - 19 48 37 35  -  7 24 36 22  -  - 13 32  - 33 34  -  5  -  - 47  -  -  1 43  - 42 31  - 11 18 29 21  -  -  4  -  2 38 46  9  8 45  -  - 12
  1 37 32  - 14  - 20  -  - 25 23 28 45 10 11  2 41  -  - 21 42 38 35 15  -  -  4 44 16 13  - 24  - 50  - 46 30 27 49 22 48  - 29 19  - 12  7  -  5  6
  - 25 43 17 29 24 45 33  2 44 47 39 12 35  7 18  -  6 26  1  -  - 34  - 11 32  -  -  - 30 28  -  -  -  3 38  - 23  - 49  -  - 48  - 50  4 14  -  - 31
  6  - 16  5  2 29 32  - 12 39 46  9 41 44 22 24 38 34  -  - 25 23 15  7  - 35 14  - 36 47  - 26 11 37 43  -  1 17  - 10  3 13  4  - 42 27 20 28  - 48
 15 24 22 26 38  -  - 40  5  8  - 46  2 43 19  -  - 29 23 28 10 41 45  1 42 13  7  - 30  3 17 32 47 35  -  - 20 12 39 36 25 18 14  -  -  - 48 33  -  -
 26  -  1  -  5 10 18  6 29 24  -  - 17  - 40  - 49 41 37 50 28 39  2 38 34 44  3 45  4  - 33  - 25 12  -  8 31 47  - 21  9  -  -  - 22 19 32  -  -  -
  - 15  - 49  - 50 48  - 28 46 12 40  6 20  -  - 19 36 39 29  -  - 31 47  4 23  -  -  - 21 41  - 35 34 38  -  - 33 44  -  -  -  -  -  8 10  - 26  - 30
  7 42  - 44 41  - 29 48  - 20 38 45  1  - 15  6 10  5  - 13 37  - 43 33 26  9 22  8 32  -  - 50 17 36 12  -  -  - 24 46 14  -  - 11  - 25  4 39  2 23
  - 11  - 40  -  -  - 12  - 48  - 25  3  2 39  1  - 27  - 30  -  - 20  -  8  - 43 34  -  9 21 36  -  - 26 37 10 44  -  - 13 19  -  - 17 15 16  - 22  -
 44 39 17 13 50 47 34 25 22 19  - 16  - 32  - 21  - 15  - 38  4 14 33  - 12 42 31  -  8 28  1  5 27 40 11 48 24 45  -  -  -  6 36 26 18  - 41  - 30 46
 32  -  7  1  -  2 42 36 20 43 17  - 27  - 49  - 24  9 13 19 50 40 48 35 28  - 21  -  - 29 46  - 45  -  - 44 14  6 38 25 26  -  - 37  -  - 18  -  3 22
  -  - 13  9 11 35 44  7  - 37  -  -  - 41 50 39  -  -  - 16 24 31 18 36 23 14 32  -  -  -  - 49 21 26  - 20  -  - 33 34  - 22  5 47  -  - 38  -  4  2
 20 35  - 16  -  1  - 10  - 49 14  -  - 50  - 15 11 22  4 17  9 34 21 26 46  - 45  3 44 48  - 13 37  6 40  7 33 19  2 42  - 39 23 18  -  5  8  -  - 27
 29 46 11 32 43 38 33  2  -  -  8 27 49  5 17 23 34 47  - 10  - 42  - 12 20  4 37  - 26  -  -  -  - 39  -  -  3  - 18  - 45 36  -  -  - 16 28  -  - 41
 12  7  -  6 35  - 14 47 46  -  - 33  -  -  - 36  - 39  -  -  8  - 50 34  -  - 29 32 48 19  - 42  - 10 24 13 38  - 23 16 40 28 31  -  1 41  5  - 27 25
