1750
 17  -  6  3 49  -  - 36  9  -  - 14 50 42  - 44  - 46 33  - 10  -  - 24  - 29  -  - 22 35 43 18  2 30 12 48  5 32  - 39 23 45 34  - 13  -  - 11  1 25
  8  2  - 37  - 24 48 21 41 16 26 36  9 40 31 38 15  3 49 45 47  6  -  -  -  -  -  - 32  - 13  -  - 39  - 28  -  - 23  - 33 18 20  -  -  7  5 46  -  -
  - 42 11 39 25  - 45  -  - 22  -  -  5 16  - 18 49 28 40  7 36 17  9 14  - 30 48  -  6  -  - 31  3 21  -  -  - 26 19  - 13 24 10  8  - 44 46 34  -  2
 11 20  - 14  - 50 34  5 18 15  - 42  -  6 43 17 10 41  9  - 19 46  - 36 39 49  -  - 24 22  -  - 38  -  - 12 32 31 48 16  - 29 40  - 23  -  8  - 21  3
 40  - 14 28  -  - 16 42  3 45 12 31 43 33  - 10 24  4  - 35  6  - 19  - 49 20 39 48 17 25  1  - 37  - 23  8 13  -  7 50 21  - 15 36  -  5 26 32 11 29
  -  - 36  - 35 20  - 26 31 42 21 19  - 37 10  - 25 38  -  -  8  - 18  -  - 34  4  6 48 15 23  -  1 24  -  -  2  - 32  9 39  -  - 45  - 30 12 28 14 16
 12 43 46  - 22  2  - 25 19 49  -  -  7 39 37 29 38 13  - 16  - 31 27 33  - 11  -  -  -  -  - 44 10 36  - 15  - 40  4  -  - 21  6 50 35 26  -  5  - 20
 19  - 39 29 11  -  1 37 26  -  -  -  -  -  - 48 46 45 12 17  -  7 33  6 32  - 34  3 20  -  -  9  -  4 40  2 31 47  - 28  - 10 25 18 27 49 14  - 22 41
  3  - 15  - 48 47 39 20  -  9 25 35  8 14  -  -  - 27  7 41  -  - 29 49  - 31 36 10 42  2 40 13 19 38 17  -  6  - 21 18  1 43 26 37 34 16 32  -  - 33
 28  - 22  - 43 18 21  - 29 40  9  7 37 47  - 49  - 24 35 26  - 20  - 46 10  -  3  8  - 32  -  1 50 25  - 19 41 44 12  2  -  5 39 13  - 17 27  -  - 23
  5  -  2  -  -  - 24  - 49 37 13 40 16 43 32 25 21 47 34  - 35  - 17  - 26 12  -  - 45 19 11 38  -  - 39  - 22 20 18 10 48 14  -  -  4 33 30  3  7  9
 26 17 16 18  - 19 33  -  8  2 36 32 29  - 44  1 50  -  -  -  -  -  -  - 40  3 12 47 23 13 27 39  6 34  -  - 38 11 46  - 30  9 14 21 20  - 35 22  5 49
  6  - 26  - 50  -  - 33  4  - 46 21  - 10 25 32 16  - 39 29 48  -  - 28 24  - 43 23  7  - 12 22 15  - 35 45  -  2  - 38  5  1  -  -  -  8 20 18  -  -
 39  5 13 11 38 28  - 14  - 31 24  -  -  7 27  9 29 18 22 37 46 35 48  1  - 25 44  - 16 40 49  -  - 45  -  - 21 15  6 23 36 50  2  3  - 10 17  -  8 42
  - 31 40  8 28 15 10 24  -  5 16 25  - 27 26  3 12  - 46  -  - 43  - 22 29 50 45 11  - 39  -  7  - 49 34 47 23  9 36 13 44 30 19 17 33 37 21  - 35 38
  4 45 18 40 27 48 47 39 28 41  6 22 12 23  3  -  - 20 32  -  7 26 21  -  -  2  - 13  -  1 24  -  -  -  - 43 46  -  - 49  - 11  -  5  - 15  - 19 34 35
 24  -  -  - 18 38 36 44 37 29 34 11 17  5 45  - 20 12  - 22 42  - 32 48 33 39 46  - 19 31  8  6 40  - 21 23  - 41  - 14  9  7  - 15 26  3 28 43 49 30
 32  -  -  -  - 43 37  -  - 12  - 34 38 22  -  - 26 42 27 46  - 25  - 20  - 28 16 21 47 45  - 48  - 15 24 14  -  -  5 41 10  -  - 49  - 31 19  8 40 11
  - 21  - 20  8  - 43 27 17  - 37  - 18  1 19 39 22 16  - 12  2 11  -  - 28 15 32 24 30 48 31  -  - 35  - 46  3 38 10 40 41 36  7  4 47  6  9 26 13 44
  - 41 38 25 15 36  - 34 24 30 47  - 14  4 20 43 48  9 31 49  - 23  - 18 17 22  2 44 40 11  - 35 21 13 42  - 39  - 29  - 32  6 12  - 45 50 16 27 19 26
 15  -  8 46  4  - 18  - 35 14  - 41 42 29  9 50  2 33 45 11 21 44 24 39 13 40  - 26 12  6  7 10 47 37 30 38  - 22 17 27  -  - 49 32  - 20 48 23  -  -
 47  -  -  - 32  - 35 38 40  1 31 30 46 34  7 16  - 43 18  -  - 15  6  - 25 13 28  2  - 41 45 36 33  5 29 20 14 24 44  -  - 49 48  -  - 11 22 21 27 39
 35  - 43 12 42  9  - 22 47 44 17 27 33 11 28  5  - 50 37 30 41 49  - 21  6  1  - 36  - 10  2 29 48 19 18  4 26 14 15 32 16  -  8 20  3 23 34  7  - 40
  2 14  -  - 23  - 17 10  -  - 40  6  - 20  -  - 13  5  - 36  - 19 37 32  -  9 25  - 49 29 39  - 12  -  4 35  1  - 22  7 15 47 11 34 43  -  -  -  3 48
  - 15 45 10 19 13  9  - 25 35  - 48 23 44  -  2  - 26  - 39 27 32  -  - 16 18 38  - 41 24  - 46  -  - 36 21  -  - 28  -  - 20  3 14 37 47 40  - 30  -
 48  - 29  1 20 37 41  -  - 39 42  - 45  -  - 22 14 34 43  - 49 28  - 11  - 44 33 32  -  -  - 25 24 23  8 40  7 10  - 19  2 12  4 46 31 21 15 38 47  -
 44  7 17  9 34  - 42 50 22  - 11 20 35  - 14 15 18 21 26 33  - 45 46  2 19 48 41 38  -  8  5 27  -  6  -  3  -  4 49  - 12  - 47 31 29 24 43 40 37  -
  -  6  5  - 40 14 23  - 42 33  - 47 21 24  8 28 36 48 19  - 11 30 49  7  2 32  -  -  3 38 18 50  -  - 41  - 17  - 25  - 20 15  -  - 12  -  - 16 26  -
  - 38  - 31  - 44  -  3 43  - 41 17 47  -  -  - 33 22 11  - 23  1 20 10 21 42  6  -  -  9 14  - 39  - 46 25  -  5  - 15 40 28 13 35  -  -  2 30 16  4
  -  -  - 26 39  - 32 31 13  -  3  -  -  -  6  - 23 15  -  8 20 40  5 25 48  - 18 17 10  - 47  -  - 12 45  - 33 46  - 11 22 42 43 44  - 28 29  -  - 19
  - 39  -  -  -  1  -  2 46  7 49  - 32 36 13 41 40  -  - 28 45 29  - 43 34  5 17 37 35  - 38  - 26  - 33  - 27 16  -  -  -  4 18 23  - 14  -  9 50  -
 36  -  - 48 13 25  - 32 21  -  - 44 10 41 39  -  5  8 15 18 33 37 12 23 47  - 35  - 43 14 26  2 31 22  7 16  4  -  - 34  - 46  - 24  - 38  6 29  9 28
  1 36  3  - 16 21 31  8  2 17 29  9  4  -  -  -  7 10 30  -  - 50  - 13 22  - 20  - 25  - 41 14  5 44 26 33 18 39  -  -  - 34  - 27  - 32 23  -  6 45
 18 29  - 42 12 16  - 19 44 21  - 50 15 49 48 47 34  2 17 43  1  8  - 31 23  7  - 45 11  - 28  -  - 32  -  5  9  - 33 36  - 37 22 41 39  4 25 35 10 13
 29 26 41 17 31 23 27 12 50  - 10  - 30  - 36 45  4 11  5  - 39 33 40 37 20 47  - 22  1  -  9 24  - 14 15 18 42  8  -  3 35  2 21  - 28 48  - 49 46 34
 38  8 28  - 41  - 40 49  - 48 22 15 11 45 23 14 39 31  -  -  9  - 25 50 12 27 30  -  - 17  - 19 43 33 37 24 20  - 47  - 18  - 44  7  -  - 13 42  - 46
  - 19  1 27  9 26  - 29 38 34  -  - 40 31  - 20 37 44  6 42 50 48 35 30 41  -  5  - 39 21  4 23 25 47  -  - 16  -  - 17  7  - 28  2 49 43  -  -  -  8
 42 13 47 45  7 35  -  6 15  - 50  1  -  - 17 21  - 37  8 23 32 10 11  -  5 43  -  - 44 18 19 34  -  -  9 39 48 49 26  - 29 16 38 28 46  - 31  -  -  -
  - 32 37  -  - 42  5 13 30  4  - 33  -  3 41 12 17  -  - 48  -  - 15  -  - 35  -  -  - 34 46 28 36 16  -  -  - 21 40 22 11 23 50 39  -  2 47 20 24 43
 30 24  -  - 21 29 50  - 14  3 48 10 36  -  -  - 11  1 25  - 22 41  - 45  -  -  -  -  -  - 37  - 42 43 16 13 15 27  2  - 17  -  5 33  8 19 39  -  -  -
  7 30 33  - 24  -  6  - 32 11 39 13 20 28 50  - 35 29 21  9 37 38  4 27  - 41 47 14 15 12 25  - 49 10  2 44 19  - 34 46  8  -  - 26 22  -  3  1 31  5
 43  - 27 22  - 40  - 30 10 18  - 37 13  -  - 36  -  6 20 21 25  3 44  8  1 46 23  - 34 33 29 45  - 31  - 41 35 48 16  -  -  -  - 19 15  -  4 14  2  -
  - 22 48 47  -  - 25  - 45 43  8 26 28  -  - 31  6 17  1  5 44 39  -  -  - 36 14 50  4 46 21  3 13  -  -  - 40  - 20 24  - 19 33  - 38 12 49  - 29  -
 23  - 50 19 29 12 49 48 11 46  -  2  6 13  - 33  9 36 24  - 26  4 39 16 43  - 22 42  - 37  -  - 17  8 20 30  - 28  - 44  3  -  - 47 18 35 41 15 38  -
 33  -  - 30  - 11  - 40 23  -  - 39  - 18 35  8 43  -  -  - 31  - 28  - 46 38 29  - 21 20  - 15 44 41 13 10 49 37 27  - 25 17 16  - 24  -  -  4 45 32
  - 48 21 49  2 27 13  - 36 32  - 18 41  -  -  -  3 14 10 47 29  - 42  - 44  8 50  -  -  - 22  -  -  7  6 17 30  - 35  -  4 39  9 40  1 34 37 33  - 15
 31 10 23  2 17  6 12  1  7 25 32  3  -  - 30 13 42  - 36  4 40 16  - 15 14 24  - 33 46  5  - 26 27 11  -  9 45  - 41 43 28  8 35 38 48 29 50 37 18 22
 10 47  -  -  6 22  -  7 12 38 18 45  -  8 21  - 32 40 13  3  -  -  - 26 35 14 11  -  -  -  -  - 23  9  - 29 44 25 31  4  -  - 30  -  - 46  1 24  - 37
 22 37  - 32 46  3 29  -  -  - 30  - 25 50  1 24 47 35  -  -  -  -  -  -  - 26  7 16  -  - 34 49  -  -  5 42  - 13 39 31 27 33 23 43  -  -  -  - 44  -
  - 16  -  - 26  - 15 45 34 10  - 49  -  2  -  7 41 23  - 27 12  - 38 40  8  6 31 29  -  4 50  - 18  - 44 11 37 36 13 30  - 35 32  1 25  9 42 39 20 47
