1750
 29 44 12 32  2  -  -  9 15  7  -  - 13 20  - 47  - 30  -  - 37  3  -  1 40 33 23 46 48  - 34 19 27  -  - 36 43  - 14  -  6  -  - 35  -  -  5  - 45  8
  - 14 27  -  5 49  - 19 20 39 50  - 34  - 33  6 10  - 24 45  8 23 18 25 26  - 12 31  2 29 22 41  -  - 48 38  - 37 17  7  3  - 15 11  - 32  - 30 16  9
  - 28  -  9 43  -  - 37  3  8 29 42 40 17 39 16  -  5  4  - 38 34  - 48 31 13 36  6 23 21 35 27 15  7 47  -  1 18  - 19 32 45 24 33 26 22  - 20 30 49
 16  -  - 20 35 27  - 50 39  4  -  - 24  5 23 22  -  -  2 30  -  - 17 14 38  - 10  - 41 43 18 33 45 48  3 19 31  -  -  -  - 36 11 21 37 29 44  9 13  -
  3  - 45 38 13  -  - 35  -  - 25 43  - 37 44 31  5  9 28  - 18 36  6  - 23 26 15 12 10 30 42 50 49  - 21  - 32 34 47 22  1  - 40 20 16 41  - 48 14  4
  - 41 19 33 40 10  -  - 43 16 32  - 46 21  - 30 22  - 17 29 35 39  1 27  7  -  -  3  - 47 44  6  -  2  - 48  4 38 45 23 36 26  - 49 31 18  - 15 11  -
  -  4 26 45 10 15 35  - 48 47 34  - 14  8  -  -  9  6  - 24 30  - 42 41 43 37 27 40 39  3 36  - 20 31  -  - 38  -  2 11 44 12 19  - 49  - 18 32  1 17
  -  - 18 40  -  9 12 44  6 27 23  1  -  - 37 36 26 47  - 48  -  5  8  - 46 10  -  -  - 24 17 42  - 43 16 28  -  - 29 39  - 13  - 22 21  -  - 35  -  -
  5  - 30  6  -  -  -  -  -  - 43  -  8 31  - 49  - 34  9 36  -  -  - 39 14 46 37 11 32 44 45  7 28 25 22 33  - 16  -  4 48 19  2  - 13 12  - 27 40  -
  -  7  -  -  -  - 18 11  2 13 17 29 28 19  1 21 15 26 30  -  5 43 48  3  - 45 34  4  - 41 39  -  6 12 42 47 20 24  9 32 35 31 22 50 10 37  -  - 27 46
 30 38  - 15 26  1  8 36 22 35 39  -  6 11 21  - 46 48 44  9 29  -  - 16 25  4  - 47  -  2 23  3  - 14 34  - 37  - 43 45  -  - 20  -  - 17  -  - 28 13
 21 17 14 27  - 35  - 26  5  9  2 20  - 45  6  3 18  1 23 38 11 46 16 28  - 47 50  8 36 25  -  - 42 19 15 37  -  - 41 24  -  -  7 10 34  - 39 40 33 44
 37 22  -  2 20  -  3 29  -  - 42 33 36  - 12 38 21  -  - 47 45  4  - 35 39 17  - 16 19  - 41 49  - 23  - 46  - 32 27 18  8 30  1  9  5  - 31 25 43  -
 27 15  - 50  -  - 48 34  - 12 37 39 16  7 11 45  - 36 10 14 44 26  2  8 33 22 41 21  -  -  -  -  -  - 29  - 49  3  -  -  - 18 47  - 20  -  -  4  - 30
  9  -  -  5  - 48 21  - 18  1 36  - 47 40 20 43 31  7  -  -  - 16 26 12  6 38  3  - 46 37 13 25  - 27  -  8 45  2 22 14 49  4 32 42  - 10  - 23 41 15
  - 50  9  - 45 23  5  -  - 17  -  - 12  6 26 29 27  - 14 16  - 40  4 38 42 39 22 35 34 36  - 46  3 30  -  -  - 41 19 20  -  1 44 37 32  -  -  - 49 47
 44 21  3 18 14  -  - 20 17  2 11 32 49 30 48 23  - 40 45  - 41 38  5  6 28  8 47 24 15 35 33 10 34  - 12 25 26  4 31 27  9 42 43  -  - 46  - 36  - 39
  - 46 36  - 11 14  - 39 33  - 26 16 25 34 27  4  2  -  1 12  - 49 22 29 48 18  5 37 43 15  - 31  -  -  9 30 10  - 23  3 13  -  -  -  6 35 45 28 38  -
 25 16  -  -  - 39  -  - 14 23 22  - 38 44  - 24  -  - 48  - 32  -  - 19 20 36 21 43  7 40  8  4  - 17 31  -  - 33  1 35 29  -  - 12  -  9 34 41  - 11
  -  -  - 26 31  - 28  -  - 11  - 37 44  9 36 20 25  - 40  3  -  - 34 17 50 16 33 13 18  -  -  8 22 45  -  - 29  7 12 43 47 15 21  2  - 19 41 39 35 42
  - 12 42 35  -  -  - 16 45 43 28  -  - 10  4 46 37  - 33  -  -  9 19 47  1 30  7 26 21 14 48 24  -  3 32  2 11  -  - 29 50 20  5  - 25 39 17  - 36  -
 20 27  - 24 39  - 46 43 10 14  -  5 50 48 30  7 49  - 41 34  - 35 12 32 37 25 13  - 47 26  - 21 40 36 11 44 19  - 16  - 22  - 17  4  8 33  1  6 18  2
 13 36 31 47 33 38  - 22 50 49 48  3 32  -  - 19  -  -  -  - 25 18 46 44 41  - 26  9 42 27 14  - 30 21 23 29  - 15  -  2  -  - 28  1  -  -  7 34  - 43
 41  1  - 17 47  2  - 48 44 40  - 10  - 43 45 32 23 27 35 49  -  -  -  -  - 11 46  -  3 18 38 26 50 37 39 13  - 19  - 25  5  -  -  - 36 28  9  - 42 24
 10  - 41  3  1  5  - 28 36 46  -  -  -  - 18 35 19  - 25  4 17  -  -  - 47 32  - 49  - 42 20 38 39 50  -  - 40 43  7 37  2  9  - 24  - 23  -  - 34 21
 17 45 25 46  - 36  -  -  -  - 24  -  - 47  3 48 35 29 37 32 39 22 31 50  2 42  - 41 40 20  9 44 38 34 10  -  -  - 11  - 43 49 30  -  4  - 23 19  - 28
  -  -  2 41 28 24  7 21 49 36 12 48  5  3  - 44 42 10 32 13 16 15 45 37  - 29  - 19  9 17  1 43 33 40  6  - 47 27 38  -  4  -  - 18  -  - 22 50  -  -
  - 26 35 30 29 13 23 27 25  - 16 46  3  1 31  - 41  -  - 37  - 11 39  2  - 40 45 38 49 33 24  -  -  -  - 32 17  - 21 50  - 44 34 48 15 36  -  8  -  -
 26 32 50 22  9 20 14  -  - 42 21 25  - 24  2  -  -  3  - 39 40  - 43 46 34  - 28 17 16 38  -  1  4  - 37  - 36 47  5  - 30  - 35 13  - 44 29  - 23 18
  -  - 39 28 42  - 24 15  -  -  7  - 43  - 34  -  -  4  - 18  -  8 14 20 36 12  1  2 25  - 21  5  - 32 33  3 27  6  -  - 17 50 48 40  9  - 38 31  - 45
  - 29  4 31  8  - 26 32 23 19  - 36 17 12 41 50 38 13 22 11 28  6  -  -  -  7 39 44 14  5 47 18  - 49 27  9  -  1 33  - 16 48  3  -  2  - 35 42 20 37
 39 13  -  - 17  - 33 18 24 34 10 19  2 15 47  - 50 43 38  1 49 41 37 45 30 20 32 14  8 16  5  9 44 11  - 12  3 21 42  - 23  - 25  6  - 31 48 29 22 40
 50  - 37  - 12  -  -  8  4 21  1 11 27 41  -  9 24  - 46  - 42 10 33  5 13  2 20 45 22  7 16 15 35  -  -  6 48 25 40 26 34 38 36  -  -  - 28 18 31 32
 47 20 33  - 37  6  -  -  7 31 13  2 21 39 49  - 40  -  -  -  3 29  -  - 24  1  4 30  - 45 50  -  - 22 36 34  -  -  -  5  - 11  9  -  - 27 46 44 48 14
 48 10  -  -  4  -  9 33 34 20 44 26 39 38 28  - 14 12 47  - 36 37 21  - 32  -  -  -  6 23  7 45  -  8 24  - 41  -  3 17 18 46 42 19 29  - 43 16  - 35
  6 23  -  8 22 16 32 14  -  -  - 30  -  2 42 33 45 50 12  -  - 31  9 40  - 19 11 27  - 39 49  - 13  -  - 43  -  -  - 21  -  - 26 38  - 20  - 46 44  -
 11 31 13  -  6  -  - 12 16 26 27 50 10 23  9  -  -  - 36  - 47 19  3  - 15  -  - 29  -  -  2  -  - 20 49 41 18  8 48 46 38  -  - 43 40 21 30  - 39 22
  1  -  - 10  -  7  4 41 12  - 31 21 26  -  - 39  - 28  3  8  - 13  - 23  9 43 17  -  5  -  - 11 25 24 20  - 35  - 36  6 37  -  -  - 19 42 15 14 47 48
  2  - 47  -  7  -  -  4 29  -  9 17 18 16 38 11  -  -  6 46  -  - 44 26 10 14 35 48 27 12  3 20 19 42  8  5  - 23  -  - 15 37  -  - 39 24 13 43 50 33
 42  3  -  - 16  - 10  2 27 28  -  - 23  -  7  5  - 45  - 35 19 32  - 30 17 44 43 18 37 11 46  - 31  - 38 50  6  -  -  9 41 14 12  - 22  -  -  -  -  -
  -  2 16  - 50  -  -  -  1  - 41  - 35  -  - 18  8  - 20 21 33  - 24  9 19  - 49 10 45 22 28 48  -  6 14  - 42 13 44 36  - 25 38 34  - 26  - 47 32 31
 45 47 23  - 41  - 34  3 31  5  - 22 20 50  - 42 30  - 15  -  6 28 27 36  - 24 19 39  -  4 37  2 48 18  - 21 44 14  - 40 11 43 16 46  -  7 12 10  9  -
  7  6 49 44  -  3  2  -  - 32  -  8 45  -  -  - 43  - 11  - 20 42 41  - 27  - 25 22 24 13 30 36 16  4 46 23 14 35  - 12 21  - 10 17  -  1 47  5  - 50
 22 37 40 48 30 19  - 49  - 44 46  6 31 18 35  2  - 15  - 42  -  - 20 10  3  -  -  - 11  9 26 47 21  5  7 24 33  - 50  1  -  - 29 45 28 43 14  -  8 27
 38 18 17 39  - 50 16  -  -  -  6 34 42 33 43  -  - 21  8 19  -  - 47  - 29 31  2 25 35 48 12 13 26  9  -  4  5  -  - 41  -  -  -  - 45 30  -  - 15 36
 19 25  -  - 36  8 11 10 21 37  4 45  9 42 17 40  - 22 26 28 43 47 30 18 35  -  6 33  - 31  -  -  -  - 50  1 34  - 32 38 27 24  -  -  7 48  3  2  - 16
 49  - 34  -  - 45 41 17 40 25 47  - 33 46  - 13 36  -  -  -  4  -  - 43  - 21 18 50  -  -  -  -  - 28  - 20  7 48 24  -  -  6 37  5 27  - 11  - 12  -
  - 24 10  -  - 11  - 47 37  -  5  9  - 32  - 17 39 41  - 20 12 44  7  4  -  - 40 36 26  - 19  - 43 35  2 42 23 45 15  8 33  - 46  -  -  -  - 38 25  -
 34 43 15 11 48  - 47 40 32 38  - 41 19 36  - 26  1 37 27 33 46 45  - 22 21  9 31 23  -  6  4  -  7  - 30 18  -  - 25 42 14  2 50  -  -  8 20 24  5 12
 40 30 28 25  - 21 22  -  -  - 20 12 41 35 19 34  -  2  - 43 10 24  - 49  4  - 29  -  -  8 31 37  -  1 18  -  9  - 13 48  -  - 23 36 38 47 16  3  -  -
