1750
  7  -  -  - 27 11 12  -  6  - 31 41  -  3  2  5  - 35 49 17 26  -  - 10  - 38 16 42 43  - 15 23  - 29 22 14  - 44  4  8  -  9 32 47 39 45 48  - 18  -
 28 41  - 43 32 46 14 12  1 23  - 40 39 45 31 11 50 44  -  -  6 15  -  -  2  5  9 20 30 34  -  -  -  8 49 38  -  -  -  - 10  - 29 19 47 24  3 22 42 21
 21 34 46  - 33  - 35 19 20  - 39 49 40  5 25 45 14 22 36  -  - 37  - 31 28 16 23  - 32 38  -  - 12  2  -  -  4 29 48  9  6  -  3  - 26  - 17 27 15  -
  - 13  - 17 22  - 34  8  - 49  - 33  - 48  -  1  4  - 30 41 19 29  -  - 46  - 26  3 42 27  - 28 15  - 20 11  - 23 47 44  -  -  9 45  6 18  7  - 43  -
  8 36 34 22  -  -  - 18  - 45  -  1 20 41  -  -  - 26  9 19 49 14 38 30 42  - 17 43 23  7 50 44 47  - 21 33 39  - 37 12 28 40  -  2  - 35 10 13  -  -
 11 14  5 38 20  3 42 32 24 31  - 22 44 23  - 17 12 19 27 26 16  8 48  1  4  - 39 10 49  -  - 45 25  - 35 21  - 43  7  6 13  - 28 15 40 47 46  2  - 41
 46  - 21 41  3 29 11 37 18  - 45  - 38 32 40 14  -  5  - 34  -  - 49  -  8 12 25 48  -  4 23  9  2 10  6  - 26 36 50  - 33 22  - 16  - 27  - 30 28  -
  -  - 24 26 40  -  3  - 23 43  -  - 17 30 29  - 18  -  -  - 45 11  -  - 25  - 12 22  2  1  - 31 28  7 16 19 49  -  - 48  9 13 20 33  4  5 32  - 36 42
 36 38 50 39  - 14  7  - 28  -  -  4  5 40  - 13  -  8 23 18 35 44  - 29  - 46 49  -  - 25  - 30 42  6 45 34  - 37 33  2 41 16 26  - 22 48  9  -  1 27
 25 48 14  -  - 16 38  - 11  -  -  -  - 26  - 20  -  7 47 45 43  - 22 33  -  -  -  4  8 23 46  - 30  -  -  - 19 28 34 10 18  - 17  -  3  2 21  - 49 39
 42  - 43 30  - 21  4  -  - 41  - 18  - 24  - 39  - 47 22 11  8 12 14  -  -  - 28 46  - 31  - 10  - 26 27  5 33 17  - 40  -  6  1 20 23  - 25  - 35 38
 31  - 23  9 15  - 21 40  -  -  - 25 16  - 27  -  - 12 26 14  2 45  7 20 19 32 29 30  3  -  4 38 18 47 41  -  1 46 17 13 44 11  - 49 48 33  - 39 50 22
 10  -  1  - 43  -  - 26  8  4  - 16 30 31 12 33 23 11 14  - 48 38 39  -  - 13 47  7 50 37  - 46 49 15 44 17  2  3 41 34 20 25  -  9 45 42 27  6 32  5
 45 29  -  4  7  8  6  - 49  - 27 34  2 44 46 30  - 32  - 35  - 13  -  - 14  -  3  - 15  - 42  - 11  5 18 28 47 40  -  - 12  - 50  - 43 25  - 31  9 10
  - 32 17  -  - 12  1  - 37  2 22 27  - 47  5 21  - 39 41 16  -  - 45  7 35  -  -  9  -  -  - 26 10 19  -  3 40  8 46  - 38 33 49  -  - 43  - 48 14  -
  2  -  - 50 36 35 17  - 14 20 19 28  -  4 41  9  3 37 15  7 27 46  - 26 18 44 34 38  - 30  -  - 32  - 39  -  8 24  - 43 31 47  - 12 25 21 22 23  -  1
 44  - 33 19 17 48  - 41  4 16  5 35 11  1  - 27 30  3 34 12  - 47  - 23 21 14 32  - 45 49 40  - 37  - 24 46  - 50  - 28 39 15  6 10  -  - 38  9 31 13
 37  -  - 31 47 42  -  -  2 39  8 10  - 27 44  6 34 36 13 23 29 17 24  5 48  9 15  - 40  - 41 50  -  1  -  -  - 11 32  - 46  - 18 26  - 38 28 19  - 14
  -  - 12  2  - 49 46  4  - 10  1  - 35  -  - 48  - 21 40  -  -  - 27  -  -  -  - 24 28  - 45  - 19  -  - 36 44 30  - 20  7 29  8 22  -  - 23 32  - 37
 49 24 48  6  - 40  - 44  - 46 38 37  3 13 39 19 15 43  -  2  - 36 12  4 50  - 14  - 21  -  -  - 17  - 34  -  - 22 29  -  5 31 41  7  9  8 20  1  -  -
 30 46  -  -  - 34 33 39  -  - 29 13 42 18 26 50 40  - 45 44 47  - 16  - 41  6  7  - 27  -  - 14 23 49 17 10 12 25  8  -  2  - 19 24  - 11  - 43 21  9
  -  - 29  5  -  7 23  -  - 19  3  - 18 16 33  - 37 30 28 50  4  - 43 27 36  -  -  - 44  -  -  6  8  -  - 22 41 42 24  -  - 39 13  -  - 34 26 12 20  -
 29  8 27 14 21 38 13  5  -  - 46  2 33 19  -  7  -  - 32 24  - 16 11 47  -  - 35 44 34  9 31 36 22 41 28 48 45 18 43  - 40  - 30 50 10  - 42  - 25 20
  9 16 45 27 44 47 40 36  - 32  -  8  - 20  -  - 24  -  3 25 18 23 17 11 30 39 10  - 35 43  - 29 21 12  5 41  6  -  1  - 19  - 31 46 15 13 49  -  -  -
  - 26  6 33  - 17 48 22 29  - 30  - 43 38  9 25 39 16 24  -  5  1  - 12  - 37 41 19 46 14 21  - 13  - 40 49 10 15 27  - 34  8  - 28 36 32  2 20 23  7
 48 22 18  1 29  4 36  -  9  -  - 42 10  - 30  2 49  -  -  -  - 34  5 28  - 31  - 13  - 15  - 11 14  -  -  - 46 33 35 38  - 44 47 37 50 19  - 40 41 26
 13  -  - 15 26 41 19  2 46 18  -  5 23 12 45  4 11 24  - 49  - 30  -  - 47  - 40  - 33 16 27 39 29 28 14 25  9 38 20 31 36 32 48 44  -  -  8 42  -  -
 24  - 40 13  - 33  8  3 39  - 21 44 45 15 16 23  -  -  - 36  9 25 32  - 11  - 18  - 47  - 20 34  4  -  2 26 17  -  -  5 43  - 22 29 12  - 14  - 48 30
 40 15 10  - 30  -  -  - 45 37 17  - 49  -  6 24 27 42 35  - 21  - 29 14  - 25 11 41  - 48  -  5  7  -  4 13  3  1  - 32 26 38 46 43 18 36 16 33 34  -
 14  3 16 47 49  2 15 25 22 38 34 48  - 21 28  - 17 20 29 37  - 43 50 39  - 10 19  -  7  - 24  - 46  -  - 40  5  - 31 42 35  1 33 18 44  - 36  -  4 11
 27  -  - 40  8 19 18 31 43  7 49  - 47  -  1 38 41  -  - 30  - 33 28 16 22 35 46 17 25  - 26 32  -  9  - 45  -  - 42 50 11 48  5 39 37 12 29  - 13  -
  -  - 39  -  9 30 28  - 27 14  - 46  - 11 35  - 32  2 17 47  7  5 42 43 20 36  -  - 31 33 29 18  -  3  - 50 22 34 38 45  - 19 15  4 13 23 44  - 10  -
  3  9 31 23 45 37 41 27 30 21 13  -  8 36 49  - 44 29 38  - 28  - 20 42 17 43 22 15 10  -  - 25 33  - 46  - 18  -  6  1  - 34 24 14  5 50 47 26  7  -
 20 17  - 34 39  -  9 16  - 29 26  -  -  -  - 36  - 48  8  -  3  - 10 25 43  - 13  - 24 22 12  - 50  -  1 37  -  - 44 33 21 28  4  -  -  7  -  -  2  6
  -  -  2 10 23 50  - 42 16 26  9  - 19 43 24  3 22 13 37  - 33 49  - 44 40  - 27  -  -  - 28 17  - 14  -  - 38 31 36 35 45 30  -  1 21  4 15  - 12  -
  4 37  - 49 50 32  - 43 38 30  -  6 25  7  - 22  -  1 18  -  - 28 40  -  - 23  - 35 20  -  - 33  3 24 12 47 27 26  - 41 29 46 11  - 42 10 45 16  8 48
 32 12 26  -  - 44 45 14 47  - 42  7  -  -  3  -  - 34 11  1 20  -  9 50 38 27 48 16 18 21  6  - 40  4 13  - 24  5 22 19  - 23 25  8 30 39 35 15 46 17
 19 31 32 18 41 22 26 17 33 44 36 50  6 39 43 12  - 46 10  9 14 35  - 13  - 20  5 11 37 29  1 21 38 42 30 24  7  - 45 25 23  4 27  -  8  - 40  3 47 49
 26  6  -  - 46 43 24 50  -  - 47 14 36 35 42 29 25  -  -  -  1  - 23 40 10  - 33 37  -  2  -  3 27 20  -  -  -  - 13  - 30  7 34 41 16 31  -  - 11 12
  - 39  -  - 13 24 43 35  -  - 23  9  - 22 14 26 10 40 48 28  -  7 30  - 37 33 20 36  -  -  - 15  -  -  - 29 16 47  3 46 32  -  2 27  -  6 41 17 19 18
  - 18 42  7 35 39 37 46 40 12 41  - 14 17  - 44 45 49 50  -  - 19  -  -  -  -  - 47 11  -  -  4  -  -  - 15 32 20 23 21  1  - 38 13 27 22 24  - 16  -
  -  - 28 46 37  - 16 10 19 35  7 17 29  2 13 15  -  -  -  - 32  - 47  3 26 42 38 21  - 11  8 49  -  - 25  - 34  -  - 27 22  -  -  6 20  - 31 50 40 44
  -  -  -  -  - 23 29  -  -  9 16 15 46 25 17 42  - 28  - 13 38 31 36  2  - 48 50  - 14  - 34 40  1 22 37  7 21  -  -  -  8 43 39  5 11 41 30  - 44  -
 43 23  -  - 42 15  - 38  -  5 28 30 22  -  -  -  - 27  - 10 50  - 46  -  -  4 45  6  -  -  3  - 26 17 47  8 36 48 49  - 25  - 21  -  2 20 34 11  -  -
 50  - 38  8  1 25  5  -  - 34 15 43 26  - 48 47  - 41  -  4 46 22  2 18 12  3 31  - 29 10 35  - 24  -  - 39 13  -  - 17  - 20 45  - 28  -  -  7  - 33
 15 47 36  - 11 18 44  1 41 27 37 39  - 33 21 43 28 25  - 38  -  - 34 45 49 22  - 40  9 26  7  8 35  - 19  - 31 32  5  -  -  3  - 23 24 17 50 29  6 46
 16  5  4 37 25  -  - 49 34  8  - 19 27 46 10 18 43  6  - 15 40  3 33 22 29  - 36  1  -  -  -  7 20 45 42 23  - 21  9 11 50 14  - 17 41 44 13 47  - 28
 22  - 19 44  - 13 27 24 32 25 12  - 37  -  8 49 47  - 16 42  -  - 41 46 45  -  4  - 26 36 14  - 34 35  3  6 15  -  -  7  - 18 23 40 33  - 43  -  5 31
 38  -  - 20 14  1 47  -  -  3 10 12  9  - 50 46 31 18  2 43 11 26  -  - 23 29  8  - 48 32  - 16  - 27  -  4  -  - 15  - 42 45  - 25 17 49 37  -  - 36
 33 27 13  3 16 36 49 28  -  -  - 29  7 50 22 41  5  -  -  6  - 21  -  8  - 30 24  -  1 46 17 20 31  - 10  - 37 35 12 26  -  2  -  - 19 40 18  - 38 23
