1750
 38 14 16  - 45  4 10  - 44 31 30 26 36  -  - 28  - 19 50  -  - 21  - 20  9  2 46  6 33  -  -  - 48  5  3  -  -  - 24  1  -  - 34  - 23 12  - 17  - 18
 34 43  - 46 13  - 19  - 36 26 21  3  -  - 28  - 16  - 39 22 29  8  - 18  2 10  - 23 30  - 37 45  - 31 42 24 17 25 15 47  5  - 14  6 35 41  4  -  -  -
  7 41 27  -  -  8 33  5  4 49  - 39 11  -  -  - 24 36  - 47  3  2  -  -  -  -  - 42  9 13  -  - 30  - 45 32 35 23  - 50 31  - 48  - 15  1 37 38 34 19
 13  - 18 43  - 31  4 36  -  -  - 33 29 41  3 46 27 44 23  - 39 28 48  6 17 37 21  - 42  1  - 14  5  - 16  - 19  - 50  2 15  -  - 11  8 22  - 49 10 12
  1  -  - 45 24 30  - 37  7  2  8  - 47 15 25 44 18  -  -  9  - 14  -  - 20  - 32  - 13 34 11  - 39  - 28  6 21  3 35  -  -  - 33 31 50 17 40 46 19  4
 15 18 19  1 20  - 40 29  - 13  -  2 32  - 34 21  - 33 26  -  -  - 35 30  - 45 41  5  - 47  - 10 14  7 27  -  -  - 12  - 38  -  3  - 22  -  - 43  - 16
  - 24  2  -  -  - 35 31  -  8 46 37  - 23 15  - 32  4  - 50 45 17 25  -  5 20 19 48 11 26  - 40  - 39 41 21  1  - 28 27 34 18  -  -  -  -  -  6  9 42
  - 31 46  -  -  6 25 26  -  - 22 16  -  -  4  -  7  -  -  - 36  - 38 24 42  - 11 19 28  3  2  -  1  8 23  5 45 39 41  - 43  9 35  - 48 44 29 50  - 27
  -  - 30  - 40 47 22 12 32 19  2 34  -  - 20  -  4 37  7 18  - 11 23 43 38 14 48 25  8 33 10 49 31  - 46 41  6 13  1  -  -  5  - 35 21 27 45 16 42 28
 14  - 43 39 37 18 44 48  - 28  -  - 23  - 11 50  -  -  - 21  - 29 26  5  - 31  -  9 17 36 33 47 24 12 35  4  -  8  - 42  1 34 16 30  -  - 27 32 15 41
 12 30  9 26 39 37  -  8 15  -  -  -  3 18  -  -  - 21 19 23 48 31  - 22 25  - 16  -  - 29 49  -  6 47 36 20  - 28  - 24 27 17  2  -  -  -  7 42  5 14
 50 33  3  -  - 28 45  2 12  -  -  8  -  -  -  7 29 23  6 15 32 34 16 26 14 19  -  - 22 10  - 48 40  4  1 17 24 11  - 31  - 25  5 27  -  - 18 37 44 46
 42  -  -  - 27  - 46  - 33 15  - 36 40  - 17 32 26  -  - 20  - 19 49 14 29  -  7  - 47 21  - 28 34 16  - 37  - 41  - 35  3 10 12  - 30  -  2 23 24 45
  - 22  -  -  - 34  -  - 21 20 24  - 12 40 49 36 43 48 14 33 23  - 50 37 41  -  - 10  - 16 32 46 15  9  -  3 26 42  - 39 25 11  - 13  -  4  5 47  -  -
 11 45  - 28 16  - 21 46  - 37 47 17 24  - 10 39  2 31 34  6 44 27  -  9  -  - 12 30  -  4  - 35 26  -  -  -  -  -  - 41 19  - 15 29  -  8 23 36  -  7
 37 32 15 27 35 16  - 34 14 38 18  -  5  - 21  - 40 45 11 42  - 13 44  -  -  -  - 41 48  2 39  -  9 10  8 50 20 33  7 49 24  -  - 26  -  - 12 29  -  -
 29  - 28 34 18  - 36 40 17  -  - 10  2 32 43 14  -  -  1  - 33  4 27  - 47 15  - 35  -  - 42 12 21  -  -  - 49  9 30 13 46  3 39 45 31  - 41  - 16  -
  8 12 44 14  -  9  6  1  - 41 39  - 26  - 22 37  - 11 47 24 21  3  - 49 19  - 10 46 38  - 18 16 42 28 13  2 27  - 17 20 33  -  - 36  5 32  - 40 30 25
 21 40 35 33  - 45  - 15  - 43  6 41  - 13 12 27  -  3 48 32  4 44 34  -  - 11  2 22 14 18 25  - 47 38 39 36  5 37 29 28  8 46  - 16 26  - 50 10 20  -
 19  4  7 23  - 35 48 20  5  - 27  - 30 21 44 17 33 15 41  1 18 25  - 11 46  - 49  2 16  6  - 42  -  - 47 10 13 12 26 45 28 43  8  - 34 31 24  -  -  9
  -  - 21 48  3  - 42 49 24  5  - 25 46  -  - 12 19 29 13  7 50  - 33 10 27 18  8  -  -  -  - 32  -  6  - 34 31 36 16 44 11  - 41  1  2 39 35  - 17 15
 23 15 31  3 17  - 26  6 28  - 41  7 35 43  2 11 14 39 49  - 19  -  4  - 13 33  - 44 21  - 34 37 45  -  - 47 30  -  8  -  9 32 27  - 42  - 46 48 29  5
 28 34  5 24  - 48  7 11  - 32 13  -  8  1 36 25 10 40  -  -  -  -  - 15 30 17 43 39  - 12 46  -  - 23 33  - 41  2 49  - 21  -  - 50  - 26 31 45  4 37
  6 50 25  8 38 21  -  -  2 42 34 31  -  - 47  4 49 46 16  - 20 26 15  - 48  - 22 32  - 45 35  - 44  -  -  -  - 27  - 18  - 29 36 17  -  -  -  - 41  -
 36  -  - 15  - 17  2  - 27  -  - 24 39 34 30  9 41 43 37 14  6 47 40 46  3  8 31 38  -  -  -  -  -  1  - 33  - 49 42 23 18 16 44 10 12 48 21  7 26  -
  - 48  - 32 12  - 37  - 30 22  -  6  - 36  5  8  3  1 31  -  - 18 43 21  -  7 25  - 41 44  - 23  -  - 26 46  -  -  - 40 29  - 17 47  9  - 49  -  - 10
 10 39 48 19  -  - 50 14 16  -  -  -  - 42  1  3  5 20 28  -  - 45 30  -  - 25  - 37 40  8 47  - 23  2  4 35 22  6 46 29 36  - 32 33 24 13 38 12 31 21
 24 27  -  5 31 36  - 43 40  6 16  -  -  7 18 22 44  - 46 13  -  - 41 50 45  -  3 49  1  - 19 34  - 42 21 30  - 29 38 17  4 37 26 25 39 23 10 15 28  2
 30 44  -  6 15 13  - 32  - 36  - 47 45  5  8  -  9 18 33 27 14  - 17  1  4 28 42 24 39  -  3 21 16 40  2 23  7 46  - 43  -  - 10 41  - 29 22 25 11 26
 31  7 37 41 11 44  - 35 13 33 36  - 19 46  - 49  -  -  - 34 12  -  5  2 39 26 20  -  4 15 48 30  -  - 38 18 23  -  6  9 16  - 40 32 28 45  - 14  3  -
  -  -  6  - 30  - 13  -  9 46 23 21  - 26 35 31  -  -  -  -  7 38  -  3  - 47 15  1 24 41  -  -  -  - 12 42 18 16  -  - 32 19 37 43 29  - 25 39 27 49
 43  -  - 35  5 40 29  -  - 44  1  - 34 16 46 24 39  - 17 10 30  9  - 42 23 36 18  - 20  - 13 33 41 15 25 38  2  7  4  8  6 14  - 19 37 28 32  - 21 48
 27  8 41  - 25 39 38 16 23 14  4  9 22 31 13  - 50 30 32  -  -  5  2 33 36 12  -  -  - 40  1 26 28 19  - 43 48  - 34 46 17  -  - 21 11 47  3 44  7 20
 46 11 17 12 23 49 34  -  -  - 20  - 28  - 16  -  - 26  2 43 13  7  - 41  6 24 40 21  -  9  -  -  8  - 48  - 47  -  3 14  -  1  - 37 10 15  -  - 36 33
 49 13 22 16 19 20 23 27 11 17  -  5  6 24 48 15 28 34  3 12  - 43  1 32 35 46  4  8  - 42 26 25 18 41 37 40  - 21 47 33  7  -  - 44  - 10 36 30 45 50
 25 16  - 50 21 24 17 47  - 35  - 42 31 44  -  - 12 14 15  - 41  6  7 13 37  -  5  - 45  -  8 29  3  - 10 39 36 34 22  - 30 27 23  9  - 49 26 33 46 43
 26 28 14  - 33  2 32  -  3  - 48 46 43 22 23 41 35 13  5  -  1  - 47 25 21 49  -  - 31 39  - 27  7 34 24 29 10  -  9 19 12  -  - 42  6 11 15  8 38  -
  5 37 33 18  8  -  - 21 43 16 49  -  -  - 26  - 34 22 20 39 10  - 36 38  - 40 35 15 27 17  4 41  - 45  - 13 11  -  -  7  2  -  -  -  3 30  - 28 32  -
 47  3  - 40  - 27 12 30  - 21  - 19 44 11 39  -  - 10 29 35 42 49 37  - 43 41  - 16 46  7 22  2 50  - 17  - 25 15 36  -  - 24 20  - 33  6 34  -  -  -
  - 29 39  - 41 46 43 10 22 23  5 13 16 37  9  2  - 28  8 45 27 15  6 35 12 38  -  3 34 30  7 31  - 49 40 11  - 14 18 21  - 42 25 24  - 33  - 19  1 47
 17 10  -  7  1 42  9  4  6 24 29 44 50 33  - 23 47  2 18 28  - 12 21  - 32 13  -  -  -  - 31 15  - 48  - 19  8  -  5 22 41 36  -  - 16  - 14 35 37  -
  - 42 23  2 10  - 28 50 41 12  - 15  -  -  7 48 25 38  - 46  - 35 19 27  - 30 44 36 49 31 45  8 29 33  5  - 39 17 20  -  - 13  - 14 18 21 11 24  6 34
 16  6 49 47  -  1  -  3 35  4 31  - 41 20  - 33 42  - 10  -  - 48  -  - 18  5 23 14  -  - 21  - 38  -  - 26  -  - 32  - 13 45  - 28  -  - 30  2 50  -
  4  - 29 10 47 41  - 23  - 39 45 48 33  6  -  - 21 25 27 17  - 46 28  -  7  - 38 26  - 14 12 36 20  3 32  - 34 24 37  -  - 30 43 18 49  9 16 13  2 40
 20 21 36  -  2 29 15 13  -  3 10  - 17  8  -  -  -  5  -  -  -  - 31 34  -  -  1  - 43 25 30 18 49 27  7 16  -  - 40  6 14  - 45 46 44  -  - 41 23 32
 18  - 40 31  7 25  -  9 37  -  -  -  -  3 33  -  -  -  - 49  - 36 14 47  - 23 29  -  -  - 41 44 17  -  -  8  -  4 21 38  - 15 46  - 43  -  6  -  - 13
  -  -  - 38 42  - 14 44 46  -  3  -  1 49 45 16  - 41 12  - 25 10  - 17  8  4 27 11 23 22 29  7  -  -  - 15 50  -  -  - 37  - 28  - 32 18  -  - 43 39
 35  - 45 37 36 26 16 17  - 29 42 11  4  -  - 13 23 49 44  -  5  -  3 28  -  9 34  7 19 32 15  6  - 30 50 12 38 40 43 25 39  -  - 20  -  2  1 18 33 22
 32 25  -  - 48  - 18  - 26  1 11 28 13  2 37  6 45 35  9 16  - 24 20 36 15 34  -  4 50  - 23 19 27 43 14  7 46 30 44 10  -  - 42  -  - 38 17 31 22 29
 41  1  4  9 34  -  5 19 50  7  -  - 48 14  -  -  - 16 30 29 43  -  -  -  -  - 36 17 25  - 24  3 22 46 44 45 42  -  2 15  - 26 18 49 13  -  - 21  8 31
