1750
 34 40 22 19 31 42 30 29 15 14 48 36 10 47  - 21 41 11  -  8  3  5 38 26 18 35 20 13 45  - 17  6 25  2  1  9  7 46  4  - 32 37 39 49 27  - 44 23 50  -
 12 11 20 24  -  7 18 38 42  -  3 44 39 31 15 36 40  5  4 43  8 33  -  2  - 23 49 41 47 14 48 19  - 37 30 46 29 27  -  6 16  -  - 10 21 13  1 26  - 34
 48  -  -  8 16  -  - 25 45  4 26 20 36  -  - 34  - 41  -  5 11 22  6  3 29 39  -  - 23  9 21  - 44 30 28 35 14  - 43  - 27 15 42 24 37 46  - 13 40 50
 47  - 44 46 18 41  4 32 12 28  -  7 27 26 45  -  -  1  6 38  - 30  8  - 21 34 37  -  -  - 35 33  -  - 29 39  -  - 50  -  - 10  9  - 40 23  5  -  3  -
  -  -  9  - 36  -  6 20 14 13  8 34 28 11  - 31 44 29  - 18 41 25 12 43  2 42  -  5  -  - 46  - 49 35 24 48  -  -  7  - 23 22  -  -  -  - 40 47  - 30
 11  - 39 22 48  -  -  - 13  -  6  - 35 46  - 37 38  3 24  - 26 49  - 36 10 30 15 40 50 34 41  - 12  4  7 18  - 31  - 43  - 27  - 33  - 44 42  1 17  -
 16  1  - 43  4  - 17  - 27  -  - 45  -  - 21 14  - 32 41 20 46  -  -  -  7 50 12 34  - 10 42 48 31 13 37 29  -  - 36  - 49  -  5 44 38 25  9  - 28 33
 37  -  - 13  - 31  - 21  7  - 20 46  4 45 43 44 22 16 27 34 33 26  9 49  5 48 18 50  8  1  -  - 28 15 17 32 36 10  -  - 29 19 23 41 11  - 30  2 47 24
 43 15 24  5  3 18 49  7  6 20 25  -  - 17 39 38 27  - 21 32 14 31  -  - 23 33  8 36 26 12 44 34 45 10 42  - 28 37  - 19 41 35 29 50 48 11  4  -  - 22
 44  -  - 42 25 27 23 36 35  8 50 11 24 30  1 46 26  - 33  -  5 12  - 32  -  - 45 29 41 19 18 13  - 40 10  -  9 49 31  -  - 28  -  - 34  2  - 38 43  -
 14  - 11  -  - 33  8 44  1 36  7 35  -  6 47 25  5  - 34  2  9 19 37 45  - 49 39 30  - 29 43 16 32 31  - 12  - 42 15 17  -  4  - 21 46  -  - 41 26 40
  - 26 13  -  7 14  - 27 19 47 42 37 38 41 35  5  4 18 10 22 12 34  1 17  - 29 16  -  3 32  9 39  - 33  -  8 45 28  6 44 46 24 11 30 31 49 21 50 20 36
  8 30 12 36 13  - 24 33  -  2  5  -  - 21 10  - 42  -  - 49  -  6 14  -  - 44  3  -  - 43  - 46 16  7 50  -  -  - 27 23  -  -  - 11  -  - 22  - 18  -
  -  - 46 39 38  - 33 47 32 23  -  8 13 27  5 19 16  -  -  -  4  - 20  - 28 24  - 44  7  -  - 50 18 22  3  - 49  - 45 36  9 17 43 37 42  -  - 14  - 15
 27 38  -  4 43 49  -  1 26 29 34 24 17 28  -  2  3  -  - 23 35 13 45  9  - 21  - 46 19  6 37  8  -  - 15 14 18 11 10  7  - 42 48 40 32  - 39 36 30  -
 35 24 33  -  - 30 36 23  - 39 21 40  - 19  - 28 50 45 29 13 49  -  -  -  -  8 48 37  - 41 27 10 34 26 43  7  -  5  3 47 38  1  2  -  -  - 32  - 14  -
 17  - 23 27 42  8  - 49 47 24 22 18 26 25  - 16  9 34  -  -  -  - 31 50  - 14 33 39  -  - 32  4  - 29  - 11  -  6  -  - 12  - 35  - 45  3 38 48  7  -
 28 31  -  - 24 10 25  - 40 18  9  -  -  - 11 49 17 33 15 14  2  - 41 16  - 47 13  -  - 20  6  -  3 39 32 30  -  -  - 21  - 38  - 12 43  - 36 45 23  4
  -  - 36  - 17 39  7 22  - 25 40 15 21 50 30  9  - 35  5  - 43  3  - 47 13 41  - 42  -  - 19  - 37 16 20 33  1 32 44 29  -  8 14  - 49 27  - 34 48  -
  7  -  - 35 41 28 19 18 33  1  - 39 14  9 17 30 20 23 16 24 48 21 32  - 22  - 36  -  - 31  5 49 42  -  6  3 11 13  - 15  - 50 27 38  -  - 29  - 44  -
  - 49 42  - 34 48 14  -  3 11  - 16 30 20  7  -  - 26  - 44  - 43 50  - 27  - 32  - 28 46 40  - 47  - 18 24  4  1 29 38  - 23 36 35 22 41 13 12  -  -
 13  -  7  -  -  - 45 35 17  - 10  - 48 39 42  -  - 12  2 29 20 16  -  1 50 26  -  -  -  - 49 32  -  -  - 31 40 14  -  - 15  - 24  -  - 22 25  - 19 23
 21 20 41 49 35 13 10  - 50 40 46 47 33 32  - 23 43 44 37 25 22  4 27 38 45  - 34  8  -  - 28  5  -  1 12 42 48  -  -  9 11 16  7  3 36  -  - 31 24  -
  -  5  -  - 12 16 29 50 22 10  -  - 43 38  9 20  7 31 14 21 18 37 39 35  8 15 28 49 27  4  3  -  -  - 47  2 32  -  - 40 13 44 19 26 41  -  - 17 46  6
  6  -  8  - 37 46  - 14  - 45 23  - 15 13 34  - 25 40 44 36  -  - 22 30 47 12  2  -  1  - 11 43  -  3  5 38  -  - 19 50  4 31 17 48  -  9 35 33 29  -
 39 28 15  - 50 22  -  9 37  -  - 49  - 33 20  - 24 36 32 30  - 10 16 11  6  3 29 12  -  -  - 25 40 14 38 43  5 47 48  1  - 46 31  -  4 21  2  8 41 27
 15 37  5  - 30 44  - 10 38 41  -  3 45  -  6  - 47  9 49 31 25 24 36 23 26 32 40 20  - 22 16 35  -  - 34 50 33  - 11 46 21  7  1  -  -  - 18  4 27  -
 30 13  - 33  - 11 35  - 44  - 41  5 47  2  -  - 36 50  -  -  -  -  -  -  -  1  4 38  -  3 15 27 22 18 45 20  - 19 21 49  -  - 10 16  -  8  -  6  - 28
  - 47 45 16 19  -  1 43 30 15 44  - 22 49 26 32 37  - 28  4 29 17 23 48 40  2 42 18 46  -  8 14  -  6 39 36 10  - 24  -  7  3  - 34  9 31 33  - 13 25
 26  - 35 34 33  - 46  -  9  - 29 22  - 15  - 24 10 48 38  - 44  - 28  -  - 45 23  7 25 37  - 30  4 42 31  - 47 39 20 41 50  -  -  -  - 16 14 11  -  8
 40  -  1  6  -  9  -  - 43  - 47 48 42 18  -  -  -  -  -  - 34  - 13 29 44 27  -  - 10  - 12 11  7  -  -  4 26  2 41 35  - 30 16 14  - 38  -  - 33 32
 46 43 29 48  1 20 41  - 10 30  - 17  -  - 19  -  -  - 36 11  - 38 34  - 42  6 22  -  4  - 39 31 27  9 49  5 15  -  - 25 44 14  - 23 18 32 50 40 16  3
  2  -  -  - 47  5 22 26  - 31  - 30  3  - 49  8 32  4  -  - 21 46  -  6 19  7 11  - 35 36 50 17 10 34  9  - 44  - 18  -  - 20 25  - 39 29  - 42 37 38
 24 29  - 17 44 32 38 41 31  - 28 43 20 14 13 42 12  6 11 27 50 48  -  -  - 37 26  - 40  7 25  -  - 23 35 45 22  9  -  -  2  -  4  8 33 10 46 49  5  -
 45  - 31 21  - 26 15  -  -  - 27  - 25 37 38 10 11  - 30  -  1  -  -  - 48  -  -  - 43 17 36  - 23  -  8 22  -  7 33  -  - 29 13 47 50 39  -  -  4  -
 31  - 50 37 27  2  - 48 28 26 16  -  7  - 40 13 46 14 39  - 19 15 44  - 41 20  6 24 30  - 22  - 11  -  - 49 43 17 42 45  - 36  -  1  - 33 47  -  -  -
 22 23 18  1 15  - 20  6 34 44 31  4 32 29 16 41 35  - 45  9 37  - 21  7 30 13 27 48 36  8 38 40  - 24  - 19 12 50  -  -  - 25 33  - 47 14 11  -  2 49
 49  -  4 18  2 34 21 13 16 42 30  - 44  - 22 48  -  - 31 39 15 50 17 41 43 38  - 14 33 24 10  7 19 36 27  - 23  3  5 11 26  - 45 29  - 20  8  - 35  -
 36 41  - 23 46 45 50  - 29 49  1  2  -  3 33  - 34 27 17  -  - 14 43 18  - 25  9  - 42 13 24  - 35 38  - 26  -  -  - 37 10 21  - 32  - 28 15  -  -  7
 50  - 26 31 45  - 11  4 41  -  - 32  - 36 24  6 23 47 20  - 39  - 25 14 49 10 30  9 17 38  - 29  -  -  - 44 16 43  2  - 28  -  - 42  -  -  3 18 15 46
 19 44 37 20 23  6 13 24  -  -  2 14  - 10  -  3 33 21 26 12  -  -  7  -  - 22 35 17  - 25  1 15 29 50 16 47 46 45  - 27  -  - 49  4  8 43  -  5 38  -
  - 19  6  -  -  3 16  - 48 27 17  -  -  4 37 15 29 22  7 33 13 32  -  5  -  -  - 11 38 45 34 36 24  - 23 10 20 41  - 31 43  2 40 25  - 35  - 21  - 14
  - 32 21  - 28  - 47  3 11 17  -  -  6  - 18 39 31  - 42  - 38  -  - 27 35 40 24 16 37  5  - 44  - 19  - 23 25  -  - 20  1  - 50 46  - 36 41  - 12  -
  3  - 40  9  - 36 12 42 21 48  - 31 29  - 44  -  -  - 35 16 23 27 26  - 24 46  - 22 20  - 13 37  - 11  - 25  2  4 49 34 47 33 41  - 15 18 43  7  -  -
  -  - 19 50  9 29 34 30 46 38 39  - 40 43  8  4 49 37  -  - 28 47  - 12 14 36 41 27 21  -  -  2  - 17 33 16  3 44 32  - 31 18  -  5  -  -  7 20 22  -
 32  -  - 15 26  -  9 34  5 37 36  - 50  -  - 12 19 39 18  - 17 28 10 33 16 11  7  - 49  - 30  -  - 48 25 21 35  8  1  - 20 47 46  -  3 40  - 44  6  -
 38 27 28 40  - 19 48  - 18  7  4 10  2  - 50  1  -  -  -  - 31  8 29 21  3 43 46 33 44  -  -  -  -  - 36 41  -  - 25 22 24 11  -  -  - 47 34 39  - 17
  1  7 10 14 21  - 42 16 20  - 32  -  9  -  3 40  - 15 50  -  - 35 49  - 12 19 17 47  -  - 31 41 33 28  2 37  8 23  -  4 22 48 26 45 25 30  -  - 11  -
  4  6 17  - 49  - 39 40  - 33 37 12  -  -  - 26  - 19 46 50 24  - 15  - 34  5  -  -  -  - 47  - 20 43  - 27 30 38 13 32  -  -  - 31 10  7  - 29  - 48
 20  9 49  - 10  -  - 37  -  - 14 21  - 44  2 50 15  -  3  7 27 11 47 22 33  -  -  - 32 48  -  -  - 45 40  - 39  - 35  - 30  6  - 36 13  - 23 25 42  -
