1750
 26  - 14 15  -  -  -  8  - 13 31 44  7 25 46 12 42  - 34 35  9  6  - 24 47  - 41  4 22 49  -  - 20 40  2 30 19 10 43 36 45  - 32  - 16 48 27  -  - 21
  - 37 27 10  - 20 21  - 36 46  5 26  - 50 23 44 34  - 19 30  - 29 43  1  - 28  -  3 42 45 38 12  -  -  - 25 13  - 16  - 22  - 35  -  9 11 24 49 18  6
 49 35 33 27  -  -  7  - 48  1 11 13 36  - 50 28 45  8  4 39 24  - 47 41 20  -  5  -  - 16  -  9 17 10 37  -  -  6 31 44  -  - 38  -  - 22  -  3  - 42
 36 23  7 22 21  3 48 29 25  - 19  6  -  -  - 14 15 11  8  - 49 34 27 33 41 16  4 45  2  - 42  - 32  5  - 40 43  - 17 46 31 13  - 26 38  -  -  9  - 12
 29 17  - 25  - 24  2  -  -  - 35 23 12  - 33 49  - 43 14 13 41  - 39  -  -  - 31  - 32 10 44 50 40 16 45  1 18 30 19  - 26 11  8 15  6 42  -  -  -  4
  - 19 43  - 48 46 13  -  -  -  - 40 50 10  5  8  - 26 45 23 15  -  - 47 44  - 17 34 41 32  - 38  - 42  -  - 11 21  9 24 12 39  -  - 36  1  - 28 25 20
 42 29 24 50  -  -  - 44  - 33 18 22 27 19  -  3 36  - 13 15 12 31  5 21  6  - 10 47 16 28  - 26 11 30 34 45 49  8 32 37 14  - 40  -  -  7  4  - 23  1
 32  - 11  6  1  - 10  - 21  - 24 28 29 48  -  - 23 46  - 12 50  5 22 49  - 45  - 25 27 18 47 39  -  9 13 42 26 20  -  - 16  - 43 34 41  -  3 19  -  2
  - 30 41  - 31 39 12 32 34 38 13 45  - 44 42  -  9  - 17 25  6  - 29 26 11 48 46  -  - 23 35  -  -  3  - 43 36 22 20 49 37  -  - 10  4 21 40  -  8  -
  1  - 23 43 18  -  4 46  -  5 38 39  2 14 25 15  8  9  7 27 40  - 37 19 13 50 16  - 35 11 21 17  - 34 41 47  -  -  3  - 30  -  -  - 31 44 32  - 42 45
 23 32 13  - 16 45  -  -  7  - 47 42  -  - 10 24 28 49 39  -  -  1  - 46 40 12 50 14 30  5 31 21 15 25 36  -  4 26  - 18  -  - 27 38  - 17 37  - 19 29
  -  -  - 34  - 12  9 25 17 30 33 32  -  - 15  -  - 20 28 16 18 11 10  5 19  - 37 22 14 42 27  8  - 24 46  -  6 36  - 47 44 35 50  7  - 13  -  -  - 23
 47  -  6 32  - 15 23  - 46 31  - 14 25  - 27  4 24 44 49 18 42 43  - 20  -  - 48 17 12 38  -  -  - 26  7 11  - 19  -  - 50  - 22 45 33 35 29  -  - 41
  -  - 32 49 10  - 14  -  2  - 17  1  -  -  7  - 29  - 35  4 27  - 33 16  - 11 42  - 31  9 34 48  - 28 47 19  -  -  -  -  - 43  6  -  - 45  5  - 20 46
  5 43  4 16 19 34  - 33 10  7 42  - 48 30  - 26 32  6 25 20 38  -  -  8 23 47 35  - 18  -  - 27  2 50 40 13  - 44  - 12  -  1 45  - 14 15 22 11 28 17
  - 45 39 23 20 42  - 26 11 19 21  -  6 47  -  -  - 41 36  1  -  9 17  - 31  - 49 43  - 40  8  -  -  - 29  - 50  7  - 15  2 28  - 18 25  - 30 38  5  3
 17  - 48 35 15 33  - 22 39 47 25 16 30  - 49  - 10  -  -  - 45 40  -  2 21 41 38  7  8 14 20 18 19  -  -  4  - 11 13  - 28  - 26  1  - 43 44  - 34 50
 41  - 31  - 44 50  - 14 22 11 40 12 18 13  - 37  - 16 10  - 36  -  1 42  9 26 34  5  6 29 19 23 43  -  - 46 17  - 27 30  - 49 21 39  3 24  - 20 45 47
 24  6  -  - 45 27  -  2 20 34 41  - 10  - 36  -  - 28 31 22 44 30  -  -  1  - 43 12 46  - 40  4  - 47 21  -  9 25  - 32  8 16  -  5 50  - 26  -  - 37
  -  -  3 45 32 48 17 28  - 50 16  -  - 37 41  -  - 10  -  9  7  -  - 38 26  - 27  1 43 39  - 11  4 33 42  - 14 18 35 23 40 31 20 22 49  6 46 25 44  5
 21  9  -  - 33  -  6 37 29  3 43  7 15 22 12  5 27  -  - 46  -  -  - 30  - 44  - 13 28  2 24 20  -  8 11  - 35 14  - 42 49 34 31 32 19  4  -  - 47 39
  - 38 26 36  -  - 28  3  -  -  4 50  - 32 34 13 41 27  - 33 25 10 23 18  - 15 39 16 19  -  - 29  7  - 35  -  - 37  6 20 42 30 11 31 22  5  8 46 48  -
 20 44 17 29  -  2 31 10  9  8 26  - 35 11  6  -  5  -  - 28 33  - 13 48  -  -  7 24 21 27  4 42 45 23  -  -  - 15 22  -  -  - 16  - 40 25 41  -  1 38
  -  -  9  - 11  - 42  - 37 14  - 17 46 27 45 41 50  - 29 44  - 28  8 12 10 21 33 26 34  - 48  3 16 39 32  - 22  - 38  - 25 20 24  - 47 40  - 23 43 15
  8 27  - 18  -  - 34 11 42  4 15 10 28  -  -  1 25 23 12 49  - 13 24 45 14  -  2 48 39  - 16 46 36  -  - 38 31 50  - 41 47 32 17 44 35  - 43 33 26 40
  -  4  5 42 43 29 25 19 15 37 50  - 38  - 44  - 47  - 32  - 22 12  -  - 46  -  - 27  1 21 28 35 30 41  - 36  8 45  - 11  - 18  -  -  -  2 33 26 40  -
  - 12  1 13 40  4 45 16 44  - 28 36 19 17  - 33 14 30 24 21 43 49  - 29 22  2  -  -  - 47  6 31 42 11 25  8  7 34 37  - 18  - 23  -  5  -  - 50 39 32
  3  8 40  7 26 30  5  - 49 28  - 48  -  -  -  2  - 39 38  -  - 15 25 11  -  -  1 44  - 46  - 36 41 21  9 24 23  - 12 45  4  - 33 29 13  -  6  -  - 18
  - 41  8  - 28 36 27  -  - 49  - 34 39  - 37 22  - 33 16 19  3 44 50  - 24 43  - 23  - 26  -  -  -  - 30 48 42 40 45 21  5 46  1  4 11  -  - 29  - 13
  -  1 42  -  -  - 16 18  3 32 37 11  - 28 19 48 12  - 26  2 46 22  - 43  4  -  8  - 38 34  -  - 21 20 49  - 25 39 10 29  - 44  7 50  - 30  -  -  -  9
  7  - 44  4 47  - 30  - 31 17  - 41 11 38  -  - 49 24  6 43  - 39  - 14  - 18 40 15 20 19 13  2  - 22  5 16  - 27 21  1  - 12 46 23  8  - 34 42 37 25
  - 47 15  5  7 11  - 31 12  - 34  -  - 24  1  - 35 40  -  -  - 26  - 17  3 37  -  - 36 13 18  -  9 32 14 20  - 16 44  2 27 41 39 42 30  - 19  4  6  -
  - 11 19 41  3  -  -  -  -  9 12 20  5  4  8 45  - 21  -  - 23  2 35  - 39 22 18  - 49 43  7 30 25 15 50  6 24 29 26 17 34 47 42 27 28 46  - 31 33  -
 11 42 47 38 17 37 26  -  -  - 49 29  9 16 31 25  - 12  2  3  -  -  6 50 30  1 13 35  -  - 43  7  - 48  -  - 32  - 39  8 46  -  - 20 44  - 18 27 10 19
 19 10  - 11 42 31 37 48  -  -  3 27  1 29 28 43 30  4 50  - 16 17 20 34  -  - 26  -  -  8 12  - 22  -  -  - 38 35  -  - 23  - 47  -  2  9 25 45 46  7
 27 49 37  - 13 32 40 17 30 42 46  -  -  7 48 50  - 14 20  -  - 18  4 28 45 36  - 21 26  3 33  - 29  1 44  9 12 24  -  - 38 19  2  - 10  - 31  - 11  -
 16 28 21  2  - 22 50 47  - 43 36 46  -  - 38  6 39 29 41 40 30  3  - 27  5  -  9  - 17 31  -  -  - 18 48 32 20 23 11 35 24  4 19  -  - 37 10  -  -  -
  -  -  - 12 29  8 44 35 41 27  - 15 23 49 17 21  - 45 33  -  5 42  -  6  - 34 25 30 24  - 26 47 39 43 31 22  3  2  4 48  - 38  -  -  - 19  -  -  - 11
  - 18 36  -  9 38 43 23 13 25  - 21 42 39 47 29 44  7  -  - 26 19 49 31 48 14 20 11 45  -  - 24  -  - 27 33 30 46 28 40  1 17  3 41 12 16 15 32 22 10
  -  -  -  - 12 43 39 13 23 26  1 35 22 41 29  - 33 18 27 24 31 32  - 15 50  4 11 20  3  -  9  6  -  - 16 37 21 47 36 14  7  2 25 17 48  - 42  - 38  8
  -  - 25 28  8 16 15  - 32 44  6  4  - 20 26 42 21 19  -  5  - 46 45 35  - 33  -  2  -  - 14 43 23 27 10  - 34 17 40 22  - 24  -  9  - 39  - 12  - 30
  - 20 35 40 22 19  1 24  - 12 23  - 32 31 14  -  -  3 11 26  2 16 36  9  8 39 45 28 29 17 46 34 44 37 38  7  - 13  - 25 21  - 41  - 42 49  - 47  4 27
  - 15  -  8 38  -  - 49  5  - 32 18 26  2 11 20  6 31 43  - 21  -  - 37 29 17  - 33 13  - 30 22 27  4  -  3  -  - 42  -  9 25 44 46 39  - 16  -  - 36
  -  -  -  -  -  7 24 12  -  -  - 47  4  8  - 18 20  -  1  -  - 41 11 40  -  - 22 46 44  - 25 19  3 29 33 15  5 31 23 43  6 10  - 14 21  - 13 37 32 16
 50  7 16 14  - 47  - 20 19 24  - 37 31 40  - 32  - 22 44 29 13  4  2 23 12 25  - 41 33  - 15  1  5  -  - 28  - 42  -  9  -  8  -  - 43 18 39  -  3 34
 22  3 29  - 23 21  8 41  6 18  - 24 14  1 13 38 43 36  -  - 17 50  7 44 25  - 32  - 37  4 11 33  - 45 28  5  2 12 48 26 39  -  - 19  - 20  9 34  - 49
  - 34 12 26 35 23  - 21  -  - 20  8 16  - 18 31  - 42  9 17  - 27  -  3  2  - 19  -  - 36 22 25 28  -  -  - 40  - 29 39  - 37  - 13  - 50  - 30 41 24
  - 21 28  9 30 40 41  -  - 16 44  2 20 36 22 23  - 13  -  -  -  - 15  - 18  -  6  -  7 33 49  5  - 46 43  - 10  - 47  - 35  - 34 24 32 31 12 14  - 48
  -  - 10  -  2 26 29  4 43 20  -  3  -  -  -  7  - 15 18  8 48  - 19 25 42 24  -  -  - 22  -  - 13 38 23 27 16 49 14 34 11 33 30  -  -  - 17  - 12  -
 31  - 20  - 24  - 19  - 40 29 27  5 21  -  - 47 11 34 22 41  - 33 30 10 17 42 28  - 50  -  - 49  - 14  - 23  -  -  -  - 43  -  4 48 15 38  -  2 13 35
