1750
 38  4  -  9 47 30 40 22 24 44 27 48 25 10  -  - 35  -  -  5 31  - 46  -  -  -  - 13  7  - 15  3 50 20 18 19 26 17 21 16  2 45 43 36 11 33  8 34  - 32
 28  3 26  - 19 37 43 31  - 24 29  - 47  1 13 38  - 15 18 11 39 17 33 23 49  - 48 32 14  8 45 36  6  5 16  - 40  - 35  - 22  - 21  -  -  - 50  4 12  -
  -  -  - 36 42 34 10 16 18 30  8  4  2  3 46  -  -  - 23 48  -  - 50 33  - 38  - 26 40 49  5  - 35 47  - 27  -  -  - 45 43 11  - 24  6 44 22 12  -  -
 16 41 42 49  9 32  - 39  - 28 47  - 23 25 40 14 22 43  4  1 45  6 48  2  - 21 33 37 24 13 38 10  7  - 36  - 29 46  - 19  -  -  -  - 20  - 12 27 15 35
  -  -  -  -  -  6 21  1  - 10 41 37  -  - 32 47  - 11  3  8 22 40  - 48  - 20  -  -  -  9 49 50  - 15 33 34 25 35 42 27 45 24 14 46 44  -  - 13 38 43
 45 50 28 31  - 36  -  - 44 37  - 35 41 22 18  -  -  6 38  - 19 34 17 24 14  8 21  - 47 30 39 27 29 10  - 13 15  - 16  -  - 25  - 43 48  5 26  - 32  -
 41 38  6  5  - 12  -  - 21  4 28 22 37  -  3  - 11 10 50 31  1 14  - 34  -  7 24 27 29  -  -  -  2 17  - 30 35  - 36  - 23 20 25 15  - 26 46 40 44  -
 46  -  5 34  -  -  -  -  1 13 37 50  - 11  -  4  -  -  -  - 29  - 35 15  -  - 41 16  8  -  - 45  - 12  - 44  - 26  9  - 14  - 33 32  2 22 17 24  - 20
  -  -  - 18  4 21 14 25  - 11  -  5  6 32  - 44 33  -  - 30  - 19 15  - 27  1  - 38 49 35 13 22  9 46 23 28  7 37 20  - 48  - 39  -  - 12  -  - 41 16
  4  5 31 22  6 28  - 46 26  -  -  - 44  -  -  2 21  -  - 43  7  - 24  - 34 49 32  - 25  - 14 23  - 19  8  - 37 16  - 12  - 33 47  3 13  -  9 38 20  -
 10  -  - 33  -  - 47 37  -  - 50  -  - 23  -  - 39 24 28 22  -  - 30 14 42  -  - 31  6 18 17 25 34  1 21  4  - 45 29 48 12  9  - 38  -  - 32 43  3  -
 32  - 45 12 14  9  4  - 39 38  2 25 42 31  - 19 28 34 44 35 24  -  - 43  -  -  - 23 30 17 47  5  -  - 11  -  3 48  6  - 33  -  - 40 21  - 49 29 26  -
  7 45 39 10 35  - 23  5 38 29 26  -  - 19  -  6  - 13 36 15  - 21  - 17 22  -  2 42  - 47 32 16 30 48 43 46 33  -  1 50 27 41 40 28  - 49 14 18 24  -
 12 28  -  -  -  5 16  - 25  9 17 29 31  - 11  -  -  - 41 36  - 35  -  -  7  - 20 14 34 27 10 24 47 42  - 48 39 32  -  -  1  - 15 37 50 21  - 23  4  6
 14  -  - 44  -  3 39 49 32  -  - 15  -  - 41 23 36  4  2 45 27 33  - 11 46 43 25 24 37  -  8 28  - 50 19 12  1 47  - 31  7  - 34  -  - 42 48 30  - 17
 40 47 18 30 32 42 49 21 20  - 22 39  - 24  -  -  9  2 10  - 33  -  - 25 48 36 28  -  - 19 11 41 17 16 15 38 12 27 46  -  4  1  -  8 31  6  7 37 29  -
  - 20  - 11  1 38 12 35 41  -  -  -  -  - 15  3 24 49 32  - 37 22 40  - 28  -  - 34  - 46  - 19 36 31 39 23 42 44  -  8 17  -  - 14  - 29 33  - 43  -
  -  - 33  -  - 15 44  - 50 27 38 24  -  - 19  - 26 48 13  - 40 20 42  8 43 12  -  6 36 39  9 49 10  - 31  - 45 30 41  2 47 34  -  - 17 16 35 14  1  3
 19 36 23  - 15 46 32 45 12  5  - 44 38 20  2 37 40  -  - 21 35  7 28 47  -  -  9  - 31  4 42  - 33 25 50 17  -  -  3 26  -  - 41  - 29 48  6 49  - 24
 29  - 12 28 13  - 27  4  -  1  - 10 45 30  -  - 41 32 21  -  6  - 37 35 18 48 47  3 23 11  -  7  5 22 17  2 19 31 14  - 24  -  9 33 34 46 15 39 40 38
  3 31 14  - 34 17 37  - 43  -  -  1 36 39  - 15 46 47 40 27 25  8  - 32 44  5  -  - 20 42 16 21  - 30 38  6  - 13 10 33 29  - 35  -  -  - 28  9 45  -
 34 32 30  -  3 48 20 36 27  -  - 26  - 28  -  -  - 41  5 49 43 38 23 31 40  9 22 47 33  7 21  - 37  - 44 39  8 15 13 14 25  - 10  - 12 19  - 16 50 11
  - 15 50 25 17  - 30 40 31 46 20 14 24  - 12 21 19  7 37 26  - 39  9 36 29 28 43 33 48  -  -  - 32 45  - 22  -  3  8  - 13 42  1 23 18 10  4 11  - 49
 23 42  4  -  - 18 25 17 47 48 44  - 39  8  - 27  1 21  7 19 20 15 41 37  - 16  - 22  -  - 33  -  3 26 35  -  - 38  - 28  5 50 11 29 36 14 43  - 13  -
  -  2 15  1 44 45  - 10 23 25  - 17 30 36 16 48  7  - 20  - 42  - 21 39 26  -  4 49  -  - 29  6 14 33 27 50  -  8  5  -  - 46  - 34 40  9  -  - 47 31
 11  - 44  - 21  -  7 18  -  8 32  -  - 42 24 33 47  - 27  -  5 29 14 26 12  2 39 45  1 31 43  -  -  6  -  - 34 50 48  -  -  - 28 20 35 37 36 41  -  -
 36  7  - 48 24  - 13 42  -  3 12 21 18 44 26  - 43 20 17 47  2  - 16 10 23 33 15 40  9  -  - 31 27 34 45 35  - 49 37 46 11 29  -  - 28  - 19  1  8  -
  - 11  7 23 33 22 31  -  6 41 25 38  - 35 50  - 34 27 19 42 10  - 39  4  3 47 44 43  2  - 12 46 18  - 32 26  9  - 28 21 30  -  -  - 24  -  5 48 49  1
  - 40  -  - 10  - 15  -  - 50 46 11 35 47  - 36 44 38  -  -  -  -  -  -  - 39  -  -  -  -  -  -  1  - 14 37 16 23 24 49 18 32 22  -  -  - 27  6  -  -
 30 26 10 20 48 24  -  9 11  - 36  -  - 17 42 49  -  - 15 41 44 12 34 29 37 31 16  - 21 43  -  -  4  -  5  -  -  2  7 23  - 47  -  6 33  - 38 19 39 50
  -  - 32 13  - 11 19 33 29  - 15  3 10 14  -  9 45 37 35 12  4  - 25  5  2 18 46 17  -  - 24 42 39  - 48 43  - 28 31 40 38  6 50  -  - 23 20  - 30 27
  - 39  -  - 37 50  -  2 16 12 31  6  3 43  -  8 13  -  9  7  - 24  - 38 32  - 10 41  - 15 20  -  - 23  -  - 47 36 49 22  - 28 29 27  - 11 18  - 25  -
  - 17 49 39 26  4  - 20 48 33 43 47 14 46  - 32 16 12  1 50 34 23  -  - 24 22  6 36 18 28  - 29  8  7 25  - 10  - 38 13  -  -  - 11  - 30 37  - 35  2
 43 48 22  - 49 19 26  6 13  -  - 23 15  - 44 17  8 31  - 14  - 25  - 12  -  3  5 21 16 38  7 47  - 41  9  - 46 24 30  1 36 10 27  4 37  -  - 50  -  -
  - 30 40  - 43 20 22 23 28 36  5  - 46 37 38 26  -  -  - 29 15  -  2  -  9  -  - 35  - 44 18  - 11 24 12 32  4  - 47  -  - 49 31  -  7  -  - 45 34  8
 22 23 35 24 11  1  9 50  3 20 14  -  7 12  - 42 31  - 16 46 47 10 26 30  5 17 34 29 15 48 36 38  - 37  - 49  - 43  4 25  - 44 32 13 19  8 39  -  6  -
 15 33 38 17  - 27 50  8  4 26  - 41  - 18  - 40 23  - 25 39 14 37  5 20 19  - 42 48 35  - 22 32 24 36  - 21  -  1  -  - 44  -  - 16  - 47 10  3  7  9
  - 21 13 29  -  7 48 19 49  - 23 27 33  -  - 31  4 45 26 16 32  - 36  - 35 15  -  - 43 50 28 37 46  9 10 11  - 41  -  -  - 14 42  1 30 24 40  - 17  -
 24 34 48 47  -  -  - 14 35 19 45 43  1  -  7 11  -  - 33 10 41  2 12 42  - 29 13 25 26  6  -  - 20  - 37  8 49  - 39  9  - 40 18  -  5 17 23 21 36  4
 42 43 36 19  5 35 17 24  9  -  -  -  -  - 29  - 14 26 46 37 28 48 31 49  -  6 38  8 32 41 34 44 25  4  3 45 30 21  - 15  -  -  - 47  1 20 11  7  - 39
  -  1  9 41 27  -  5 28  - 45 33  8  -  7 48 34  - 16 14  -  - 50 32 21  6  - 30  2  -  -  4  - 13  - 49 47  - 12 25 11 31 39 19 42  - 43 24 35 37 40
 50 10 11  -  - 23  1  7  - 34 48  -  5 49  6  - 38 42  -  2  -  - 47  9 36 40 14 30  3 20 19  8 43 44 24 41  - 33 26 39 32  -  -  -  - 25 31 28 16 18
  - 44  - 35  -  -  8 11 15 17 19  - 43 29 49  5  - 33 47 28  9 45  6 16 21 24  3  4 22 34 25  -  - 40  - 36 38 14 32  7  -  -  2  - 23  -  -  - 46  -
 13 12  2 45 30 14 18 43 37  -  1 36  -  - 47 28  -  - 11 24  -  5  - 41 17 35 29 46  - 40 23  4 19 39 22  -  - 20 34  3  6  8 38  - 32 15 25 33 10  -
  -  - 27  - 25  - 29 38 19  -  -  -  -  -  - 10  -  -  -  3 23 18  -  - 47 50 35 11 17 24 30 12  - 43  6  5 32  7  - 37 41 15 49  - 22  - 13  - 28  -
 33 24 17  -  -  - 36  -  2 35  3  7 20  -  4 46 32  -  6 13  - 28  -  -  - 30  -  - 27 23  -  - 41 11 34  - 14  - 44  - 15 18 26  - 49 45  - 31  5 22
 44 37 16 15 50 33 38 29 45 32  7  - 13 41  - 12 10  5 42  -  -  9 43  -  - 25 36 28 39  -  - 35 48  -  -  - 20 11 23  6  8  -  -  2  -  3 34 22 21 47
  -  - 24 40  -  -  2 44 33  - 13 16 50  - 28 41 48  9 12  - 26 46 22  -  8 45 37  - 19  -  - 39 15  - 42  3 23  6 43  4  - 31 17  7 14 36 21  5 11 30
 39 27 43  6  -  8  - 34 14 22 24  - 32  - 37 30  -  - 31 33  - 26  3  - 15 10 45  - 38  -  - 11 28 49 20  - 13  5 17  -  - 23 48  - 25  -  1 47  - 46
  9 49 47 27 38 29 24 13 42 43  - 28 12 15 30 20 37  -  8  - 46 11  - 22  -  -  -  - 41 10  -  - 31 35  -  - 17 34 45  -  -  4  6 26 39 50  3  - 18 48
