1750
  - 19  -  5  2  -  -  -  8 13  7  - 46 18  - 22 20 39 42 34  - 50 27 17  -  -  - 49  -  4 36 44  - 24  -  -  -  - 47  - 35  - 41 21  9  3  - 10  - 29
  - 16  - 26  - 33 46 29 10  -  - 48  4  3  - 24 35 34 20 17  - 27  - 39  2 11 13 15 31  - 23 42 14  -  - 37 12  8 21  - 49  1 28 44 38  9  5 40 41  -
 48  2 30  - 49 41  - 18  -  5 27 50  - 31 13 44 47 42 32 29 40  7 11  -  -  - 43  9 26 38 35  -  -  1 17 21  - 39  -  -  -  - 10 12 22 36  4 23  - 19
 29 13  - 48 43  -  -  -  - 40 10 36  8 21 12 32 39 17 31 25  4 28 37 27  - 47 41 23  1  7 20 24 50 26 44 49  9 19 46  2 30  5 35 15  - 16  6 18  3 14
 47 43 28 15  9  5 21 41  - 32 37 31  -  - 24  3 26  2 34 36  8  - 38 49  - 14  - 25  -  - 13  4 39  -  - 29  7 22 18 17 11  - 50  -  - 23 12 27  1  -
  3  - 29 14  - 43  -  - 16 46 44  - 33 11 30 20  -  -  - 42  -  1  - 40 39 35 45 26  -  - 37 48 25  5  9 13  -  2 15 12  - 36  8  - 32 21  -  -  4 23
  -  -  - 33  -  -  -  -  - 37  -  4 26 40  - 12  -  5  7 13 47  -  - 32 35 18  - 20  -  2 49 41  - 31 38  - 44  - 14  -  -  9  - 10 42 25 11 30  -  6
 35  1 12 34  - 19 28  - 22  - 50 27  -  -  6 13 31 29 49  -  -  -  3  - 10  - 39 24 14 47 43  8 41  - 33 26  -  -  - 11  - 32  - 30  -  4 36  - 38 42
  -  - 14 22 41 28 26 21  -  8 42 23 12 29 25  - 17 46  -  7 48 38  - 35  5 44  - 37  - 39  9  - 19 43 50 18 49 15  3  6  - 13  -  4 33 24 20 45 32  -
  -  7 42  8 24  9 27  - 26  -  - 47  - 35  - 29 41 25  -  -  -  -  - 38 20 40  4 13  -  -  -  6 23  - 12 50  5  3 10 28 34 39 37 19 11 15 14  - 33  -
 39  4 45 47 35 12  -  7  9  - 15 22  5  -  1 23  -  -  - 37 32  8 24 16  6 21  -  -  - 19  - 17  -  -  -  2 33 18  - 31 36 20 38  - 29 41 30 49 40  -
  -  - 10 23  -  - 50 14 38 17  8 37 13 25  - 33 49 11  -  2 24 47  - 44  9  -  - 39 12 18  -  -  7 29 41 19 35 46 40 42  4  - 48  -  -  1 45  -  -  3
  - 20 35 38  3  -  - 25  6  - 40 26 15 32 19 37  - 33 10 48 42 41  -  -  -  - 12 50 23  - 18  - 30 21  - 28 13 29  -  - 31 46 45 22  -  - 24  7  -  -
 30 46 19 49 23  - 22 10 33 29  - 45 20 47 32 38 18  -  - 40 41 26 43 25 31 34 27 11  -  9  1 28 12 50  5 42  8 21  - 15  6  -  -  - 48 39 17  -  2 37
  - 40 37 30 17  - 42  -  - 48 11 14 29 39 18  - 45 35 38  -  -  5  -  4 44  - 36  -  - 41  -  -  -  - 15 24 26  - 20 49 33  2 23  -  -  - 46 13  -  -
 13 38  8  - 10 24  -  -  - 27 23  1  - 16 20 26 33  3 14 39  -  6 28  2 49 37  -  - 15  - 48  -  - 12 47 31  - 45 41  4  -  -  -  - 44  -  -  5 22  -
 21 23  2 18  - 34 49  9 15  -  - 33  -  -  - 25  -  - 26  - 38 46 10 19 14 41 37  - 16 13  6  - 17 40  8 20 24 35  5  3 45  - 30  - 36 11  1  -  -  -
  7  - 32  - 13 29 18 39 40  - 17 24  1  -  - 21 16 27 44  - 14 49  6 12 22  -  9 45 30  5 41  - 35 37 25 15 36 10  - 26  3 38 19 34  4 33 47 20 48  -
 27  5 40 42 37 44  - 12 45 15 21  -  - 26  9  8 23  -  2 14 39 20  1 48 17 50 31 19  -  6 47  3 29 16  7 36 32 13  4 46  - 10 49 41  - 38 25 34  - 18
  -  -  - 32 30 21 34 23  2  - 35 10 28 33  -  - 37 31 13 19  1 12 17  5  -  - 38  -  9 42  8 49 44  -  3 39 14  4 43 24  - 29  - 18 20  - 41 22 15  7
 25  - 43  2 18  - 15 19 48  -  - 20  9 24 22 41  5 49 28  1 26 36  - 42  7 12 32 31 29 45  3 35  -  - 39  8 21 11 37  - 17 47 44 13  -  6  - 50  - 10
  -  - 26  7  -  1  -  4 46 19  - 43 14  - 16 31 27 44 47 22 33 30  -  -  - 49 50 29 20 21  -  2 15 39 42  5 34 23  -  8 13 35 12  -  3 18 32 28  - 36
 32 34  - 28 39  - 17  -  4 23 33 44 21 41  7  5  - 15 35 12  -  - 13  -  -  -  1 46 45  - 19 11  - 18 48 40  - 14 24 47 38  6 20  8  2 50 31 37 42  -
 20 10  4 29 42 47 45 32 49  3 28  -  2  - 37  - 19 48 41  -  6  - 40  7  - 38 24 33 21 23 15  5  - 13 36  - 30 50 31 35  9 12 18 17 14 34  -  1 26 39
  4 32 24 27 21  -  2 22 30 41  -  - 18  8 34 43  3  -  1 50 49  -  5 15 19 25 11 44 42 40 10 13  6  9  - 48  -  - 38 14  - 26 46 47  - 45  - 33  - 17
 43 45  -  6 36 10 20  5 24  -  - 40 48  - 42  -  8  - 11  -  3 15 29  - 50  -  7 27 33 12 46  - 47 32  - 14  -  -  -  -  - 34 31  -  - 13 16  4 39 21
 49 39  -  - 32  - 41  -  - 14  6 30 42 45 23 27  7  8 37 31 44 10 33 29  -  -  - 12 34  1  - 50  -  - 35 46 15 43  -  - 20  4  2  3 40 48 28  - 47 11
  8  - 48 16 29  6 23  2 32  - 25  9 47 37 38  - 42 45  -  - 20 13 46 41  - 26 44  - 50 15  - 12 43 11 28 35  -  -  -  7  -  -  - 33 39 22 19  3  - 34
 45  - 34 17 44 40  - 47  -  9  4 28  - 10 48  6  - 14 25  -  - 19  - 26  3 46  -  - 24 27  -  7  - 33  2  -  - 31 11  1  - 37 36 20 13 32 49 39 23 35
 26 47 50  - 14  -  8 43 42 33  -  - 34 13  - 18  - 41  - 15  -  - 39 28 36  1  - 22  - 20  - 37 11  -  4  - 23  7  6 29 19 21 40 24 25 44 48  -  - 49
  -  - 23  - 33  2 31 27 44  - 38 19  -  - 10 15  - 26 30  -  -  -  - 46 45 17 49 42  6 37 28 18  -  - 11 16  -  - 32  -  1 43 22  -  - 35  7 14  9 25
  2  - 41 45 26  - 16  -  7 36  1  8  - 17 33 46 48 23  -  -  9 21 49 47 43 20 19 34 44 14  - 40 13 10 31  4  -  -  - 25 32  -  5  6 35 29  - 12 18 38
  9  -  -  - 47 13 32  -  - 20  -  7 19 30 26  1 46  6  5  - 25  4 35  -  -  - 29  - 48 49 27 14 42 15 18  - 28 34  - 21 39 22 43 11 50  8  2 38  - 16
 14  -  - 36 50  3  - 30 20 28 39 35  -  - 44  -  9  -  -  -  - 40 47 31 12 15 33  - 11 24 34  -  1 25  - 45 46 48 27 41 23 17 29  -  - 19 37  2  - 43
 18 26 44 43 15 38 39 11  3  - 47 13 31 34 35  - 30  - 22  9 28  2  4 21 46 32 20 40 27 16 12  - 49  8 37  6  - 41 36 10  - 14 17  -  1  5 23  -  -  -
 42 21 13 10  - 48  5  - 47  7 29  - 43 22 36  -  1  -  -  - 27 33  -  - 18 30 16 28  - 26 50 23 46 38 14 44  - 32  - 34  2 15  - 37 41  -  - 19  -  -
  -  - 16  9  -  - 35 37 25  - 49  -  7  1 41 48 44 38  - 33 15  -  -  6 28  2 22 10 43 34  4 29 45 36 24  - 47 42 13 23 40  8 27  - 21  - 50  - 14  -
 15  6  7 37 38 45 11  - 35 16 20 49 30  -  2  - 50 21 46 32 17 14  -  8  - 24  -  4 10 36 42 26 18 41  - 34  -  1 29  5  - 23 25  - 47 12  - 43  -  -
  - 44 18  -  6  8  3 38  - 42  - 16 32 48  4  -  - 13 23 49  - 37  -  - 34 29 17  1 36 33  - 15  -  - 20  9 43  - 28 39  - 25 26 14 12 10 35 24  - 22
 38  - 17  3  - 50 47  - 31 11  - 21  - 19  -  -  - 12  -  -  - 39 26 24 32  6  8  - 40  - 44  -  4  2 29 33  1 49 48  - 15 28  7 43 23  -  -  -  -  -
 31  3  - 12 28 37 40 49  - 10 13  - 22  - 43 19  6  -  - 47  -  9  - 11  4 36  -  2 32 29 25  1 38  - 27 17  -  - 33  - 50 45 16 46 30 26  -  -  -  -
  -  -  9  - 25 31  - 48 36 34  - 39 40  5  -  -  - 22 18  - 35  - 45 33 23  - 15 47  -  - 14  - 20 49 13 11  4  - 26 44 37 42  3 29 46  2 43  - 27  -
 37 50  -  -  8 42  - 17  -  -  3 15  -  7 14  - 28  4  - 24  - 11 44  1  -  - 47  - 13  - 31  -  - 22 21 41 29  -  9 20  5 18  -  - 34 30 33 46  - 12
 23 31 20 41  7 49  1 36 43 35 22  - 44  -  -  4  -  - 17  5 11  - 15  -  -  -  - 21 37  3 33 25  - 28  - 38  - 30 50 13 29  - 39  9  6 14 42 32  8 24
 28 33 31 50  1  - 25 13 29  - 24 41  -  -  -  -  -  - 15  - 12  - 42 37  -  7  -  5  8  -  - 21 22  6 49  3 45 16  -  - 48  - 11  2 19  -  -  - 34  -
 22 15 46 39  4 36  - 35 17  - 12 18  3 49 11  9  - 24 33 26  -  - 34 43 27 19 14  -  5 28  2 10 32  7  - 23 40 38 42 16 21  -  6  -  - 37 44  - 50 20
  -  -  -  - 46  -  -  - 37  -  5 32 23 38 31  -  -  - 29 16 19 24 22 14  1 39  6  -  - 44 26 20  2  - 10  7 50  9  -  -  -  -  -  - 17  -  - 41 45 48
 16 48  -  -  -  - 24  6 12  - 46  - 25 36 15 17  - 10  8 20 37 22 18 13 41 42 34 35 49 32  - 33  5 23 19 47  - 40 39 45 28 50 14 26  7 43  9  - 31  -
  -  -  - 11 34 17  7  8 14  - 48  6 24  -  3  -  -  - 45 44  5 18 21 36  - 13  2 43  4 22 29 39  - 35 46  - 31 33  - 50  -  - 42  -  - 28 27  - 16 40
 19  - 36  4  - 15 48  - 21 12 18 42 39  - 27 30  2  1 50 35 46  - 23  - 47 31  - 16 25 11 45 38  9  - 32 22  -  5  8 43 10 49  - 28 37 40 13  -  -  -
