1750
  -  - 48  8 43 15 22 50 12 16 17 24 41  5  1 49  7  - 39 21 19 29  - 38 13 28 32 42 47 46 30 27  3 25 40 35  -  - 11 36  -  4 20  -  -  - 44  -  2 34
 32 25 10  3 16  6 43  - 23 12  8  -  5  -  2  - 11  - 17 24 13  - 36  -  - 14  9  - 18 38  -  - 50 37 27 30  -  -  - 48 33 28  -  - 49 31 22  - 42 15
 22 21  - 47 27  - 30 24 39 26  7 31 40  2 41  - 36 25  - 43  1  -  5 14 35 42 50 38 12  -  -  - 44 17 11  - 15  -  -  4  9 10  - 16 18  3 19 28  -  -
  1 41 49  - 33  -  -  -  -  - 40  6 47 31  - 45  - 34  9 39  - 22 18 35  4 30 12  5  2  - 23  -  - 16  - 10  - 21 28 32  -  3 48  - 46  -  - 26  -  -
 45  -  - 21  6 41 44  -  -  -  4  5 28 35 14 47 42 30 18  -  - 10  3 27  2 43 48  - 33 32  1  - 29 19  - 49 46  8 15  -  - 38 13 11 26 40  -  - 16 25
  -  -  9  2 26  - 15  - 47 21  - 27  -  - 29 34  -  -  4  -  - 25 14  7  - 16  - 33 32 31 38 43  5 39 44 17  - 40 36 37 50  -  - 30 10 11  -  - 23 19
 17  - 11 22  5 39 25 46 13 29  -  - 10  - 12  - 44  -  1 41 14 18 16  - 34 48  4  8 31  - 37  2 24 50  9 23  7 20 19 21 43 32 45 49 28 47  - 35  -  -
  -  4 35 16 12 49 13  - 41 28  - 33  - 14  8 29 19 23 42 38  - 46  - 43 48  - 47  -  - 24 31 22 20 10 34  5  2 30  -  - 39 26  - 32 45 36  9 50 44 11
 38 27 20  1 22 24 32 45  - 33 29 21  - 13  - 31  8 47 14 30  - 12 40 28  - 46  3 19 48  - 15  5  - 41 17 50 43 39  - 49 18  - 25  4 34  7 42  2  -  9
  7 23 44 26  -  -  -  9 18 13 45 22  4 17 40 10 38 49 15  -  - 16 41 48  - 27 35  - 46 42 14 12 31 29 36 19  -  3 33 47  - 30  -  6 11  1 39 24 25  -
 26 50 40  - 34 19 29  8 48  - 46  3 11  1 30 22  -  - 24  - 37  -  2 18 45  -  -  - 13  -  7  -  - 42 33  - 27 32  4  - 23 41 38  -  - 28 15  -  - 10
  -  -  - 32  2 14 47 18 46 36 39  -  - 37 11 42  9 19  - 12 31 45 26  4  - 40  -  3 17  1 24  6 30  - 38  - 50 22  8 10 20  - 41 35 27  - 48 16 49  -
  - 38  1  - 46  8  6 17  -  5 26 47  7 39 18 27 10 40 16  - 25  - 21 37  - 34 29  - 45  - 35 11 41  -  -  9  - 19  - 42 49  - 44  - 50 22 12 43  - 23
 44 10 22  -  - 35  - 27 42 48  -  -  -  - 25 33 16  - 32 46 41 11 20  - 30  5  6  -  -  -  4 21  -  1  - 40 24  -  -  3  -  - 31 15 14 23  - 18 17 39
  -  - 25 11 24 50 38 44  2 14  - 32 39 45 31 43 48  3  8 33  - 42  4  - 47 21 23 18  5  -  -  9 22 35 46  6 36 10  7 26 41 12  - 40  - 27 28 29  -  -
  - 36  -  -  8 38 34  2  - 11  - 13  -  -  - 25 31  - 27 45 49 32  - 47 20 33 22 46 26 14 17 10  1  4  5 29  6 44 41  -  3  7 19 43 39  - 16 42 30  -
  - 33  - 10  - 16 40 49 17 15  - 41  9  4  - 35  -  7  -  -  5 38 13  -  - 12 20 23  - 48  3  - 28 32 47 26  -  - 45 25  - 29 46 34 21 50 14 36 24 18
 25  1  - 19  7 20  8  - 10 39 36 35 14  - 46  4  - 27 12  3 47 24 15  - 50 45  -  -  6 49 44 31 40  -  - 48  9 42  -  2  -  - 18  -  5 34  - 30 13 38
 13 16  - 45  - 10  -  - 27  2  -  - 12 34  - 50 18  - 40  -  - 14  1  - 37 15 46  -  9 47  - 26  -  -  -  -  - 11  - 28 44  -  -  7 24 30 36 41 22  -
 21  6 27 12  - 23  - 29 20  - 38  7  - 43 39  - 46 14 36  -  9  - 47 26  - 25  - 34 30  4  5 42  - 11  - 28 16 48  - 17 24 49 32  - 15 19  2  - 31 22
 35  -  -  - 19  -  -  - 21 37  -  - 49  - 23  -  1 32  5 22  -  4 30 13 42 29 18 24  -  -  - 41 47 48  - 31  -  - 38 44 10 27  - 46 20  -  6 34  - 16
  - 26 50 28 18  1 19 48 15 34  3 44  -  - 45 11 14 31 10  -  4 27  -  - 12 17  5 43 35 21  - 20 37  6 24 22  - 29 47  - 40  -  -  -  9  8 23 25  7 49
  - 24 15 25  - 18  - 12 29  3 47  - 33  - 37 26 17 50  -  - 21  7  - 45  - 10 30  - 38  2  -  4 23  -  - 44 40  - 14  1 31 22 43  8 48  5  - 19  - 41
 30 22  4  5 14  - 27  -  6 23 10  -  1 47  7  - 28  - 20  - 36  - 49 21 26 37  - 48  - 29  2  - 46  - 19 16 31 17 12  - 45  -  - 44  - 13 43 32 18  8
 36  -  -  - 38  - 48 31  -  1 44 15  - 46 49  - 13 16 21  - 27 23  -  2 19  3 17 47  8  - 22  - 25 45  4 12 41 33 29 30 34 37  6  - 35  - 10  7  -  -
  8 11 36  4 21  -  - 47 35  - 34  - 30 26  - 41  -  - 49  -  7 37  - 20 10 31  - 45 50  9 28  - 15 24 12 27 22  - 17 29 16 18 39  - 38  -  -  6 48 32
 47 35 31  -  - 40  3  -  - 46  - 38 29 36 20 23  -  -  - 16 48 15 19  -  -  - 33  - 44  - 18 39  -  - 14 21  -  6 42 27  -  9 50  1 13 10 11  -  - 26
 40 47  - 18 10 48 45 16 34  -  5 17 31 12 44  - 15 41 22 13 42 33 23  8  -  4  - 37 39 19 43 36  2  -  -  3 35  -  -  -  -  - 28  -  6 29 25 27 21  -
 43  -  6 44 11 46  - 37 26 42  -  9 48 49  -  - 21  -  - 47  -  - 32  - 31 35  - 13 40  - 50 45  - 36 22  2  3  - 25 23  4 34 33 29  - 15 24  8 39  -
 14 45 41 23  - 37  -  -  - 40 20  -  -  -  9 48  6 43  -  4  -  1 28 46  - 22  - 50  7 33  -  - 11  8 25  -  - 13  - 19  - 31 42  2  -  - 34  - 29 30
 39  8  3  6 41 29  - 21 37  -  1  -  - 32  -  - 45 44 13 15 35  -  -  - 28 38 10 12 23 25 26 48  -  2  -  - 14  7 18  -  5  -  - 22 16  -  - 11 33  -
  3 29  -  -  - 28  -  -  7 35  - 11  8 44  - 32  - 17  -  9  - 26 22 12 27  - 21  - 37 18  - 49  4 15 39 42 38 16 30 31  - 24 47 50  - 20  -  1 34  -
 31 14 38  - 44  - 35  -  - 50  -  -  - 42 16  8  - 33 47 37 23 43 46 10  - 39 13 27 49 26 48  1  -  -  - 11 30  9 40  - 21 15  4 45 41 12  3  5  6  2
 19  - 30 33 17 25 39  4 43 32 21  - 23  3 26 14 22 20 50 18 10  -  9 15  - 47 16 11  -  - 29 40  -  - 42 34 13 24  - 38 48  8  7 28  - 35 27  - 45 44
 48  -  - 29  -  - 20 35 33  4  - 50 25 16 32 15  - 28 11  -  2 13  -  -  7 19  - 40  - 10  8  -  -  3  - 47 49  1  - 45  - 42  - 41 17 38 18 39  9 21
 16 15  - 46 48 30 31  1 44  -  - 10 21 29  - 12 39  - 33 26 50 28  -  9 24  8 14 22 20 17 36 13  -  7 18 32  -  - 27 34  -  5  - 23  -  - 49 38 40  6
 50 20 16  - 49  - 36 10 19 22  - 39 17  - 28  6  -  - 31 29 30 41 25  - 40 23 45 14  - 35  - 44 32 38 21 37  5  2  9 33 12  1 27 47 42  -  7  -  -  3
 10  2 47  - 15  -  5 34 25 27 31 12 43 40  - 20 37 21  - 28  8 39 24  6 22  - 19 17  -  3  - 46  - 49 16 41  - 18 32  7  - 48 30  -  - 45 35  -  1 36
 46 48  - 49  - 34 12  3  - 31  -  - 26 27 22 13 33  -  2 17 15  9 39 40 38 18  -  1  - 45  -  -  7  5 35 20 42 28 24  - 30 14 11 10 44 21  - 23  4  -
 23  9 26  - 47 43  -  6 31  - 42 40 18 38  -  - 27 29 41 10 28 19 45 33  -  -  -  - 36 39 20 17 16  - 50  8 32  4 49 35  7 21 24  -  -  -  1 13  3  -
  5  7  - 34 31 22 37 41 38  6 11  -  -  - 35 36 24 46 45  -  - 47 12 49  -  - 42  - 15 30 32  - 21 13  1  - 28 14 44  - 26  -  2 33 29 39  -  9  -  -
 34 32 45 48  3 26  - 43  8  - 50  - 38 19  - 17 47  2 25 35 18 20 27 23 15 44  - 30  -  -  9 29 49 33 10  4 21 37  1 11  -  -  - 36 22 46 41 31  - 42
 49 34 28 20  9  - 41 42  -  7  -  2 36 33 21 18 50  - 35 14  - 31  8 25  6 32 26 16 29 12 45 24  - 30  3 46 23  - 39 43 11 19  5  - 47 44 17 37 10  1
 33 17  -  -  - 42 28  7 49 18 12 48 45 50  - 21  -  5  3 23  - 44 37 31  9  -  -  - 27  - 34 25 10 47 43 39 11 26 13 16  - 36  8 20  4  2  -  - 46  -
  -  - 18  - 28  - 16 22  - 17 30  - 37  -  -  5  - 42  -  1 43  6  -  -  - 20 36  9  -  -  - 38  8 12  -  7 44  - 23  - 35 47 29 19  3 49 26 15 41  -
  -  -  -  -  - 47 10 30  1 38  9  -  - 11  4 44 35  -  -  2 40 50  6  - 49 24  - 20 42 15 33 28 48  - 13  -  - 25 22 46 17  - 21 31  8  - 32  -  -  7
 28 46 34 31 50 36 26 39 30  - 22  - 35  - 24  7  -  9 43 19  - 48 42 11  -  - 44  6  3  - 10 47 18 40 15  1  8  -  5 14  2 23  - 17 32 16 37 20 38  -
 37 44 46 27 40  -  -  -  3 10  6 19 20 48 47  -  -  - 23  8  - 49  -  1  -  - 11 41 21 34 12  7  9  -  -  - 25 50 35  - 32 17 14 39 33 18  -  - 43 45
  -  - 13 17  -  - 23 11  -  - 16  8 15 24 50  2  5  - 30 40 29  - 34  -  1 49 41  7 22 28  - 33  6 44  -  -  - 47 10  - 38  -  - 12 36  - 46  - 35 31
  -  - 12  - 29 45 24  - 14 47 13 37 22  -  - 30  -  -  -  - 46  5  -  - 16  1  2 35  -  8 40  -  -  - 28  -  -  -  - 15 42 44 10 26  - 32  - 48 11  -
