1750
  -  6 40  -  - 28 27  - 39 38  -  -  -  - 19 10  - 50  - 23  - 48  -  -  1 14 11  - 42 33  - 16 20  - 34  - 41  -  -  -  8  - 26  - 12 31 13 25  - 44
  -  3  5 13  2  -  - 19 28 20  7 16  - 12 27 15 44 14  -  - 24 46  -  - 45  8 18  -  - 47  -  - 32 26 37 42 36 43 34  -  9 10 31  - 25 21  -  - 33 38
  - 41 50 26  -  - 15 49  -  - 24 10 39 37 31  - 19  8 12  9 18 33  - 30 40 32 47 13 28  4  6  -  - 45  - 46  5 14 36 44  - 42  - 21 20 17 43  3 34 29
 22 28  4  - 32 26 16 12 40 43 18  -  - 46  5  - 29 47 31 14 41 10 11 44 50 35  - 34  -  1 21 24  - 15  - 20 13  - 23 33  - 30 25  - 36  8 45 17  - 39
 37  -  -  -  -  - 14 47 31  3 35  -  5 32  2 34 28  - 16 46 33 43  - 49  - 20  - 30  - 50 22  -  - 44  -  - 24 12 19  - 13  1 21  -  - 45 15  - 18 40
 18 17  2 24  - 19 44  - 25  -  - 47  3 31  -  -  -  6 36  - 26  -  - 40 33  - 49 27 10 45  - 50  5  -  -  -  9 32 30  8 37  - 23  4  - 48  - 15  - 12
 47 45 19  -  -  -  -  -  -  - 34  - 40  7  - 17 31 23 44 42  - 50 32 36 20 27  -  - 14 15  -  5  2 11 26  - 49 22 10 21 43 39 28 38  4 37 46  - 13 35
 43  9  -  1 28  - 31 13 35  7 14  6  - 30  -  - 21  - 39  - 23 41  4 46 17 15 50  5  - 44  -  - 19 34 11 48  3  8  -  - 12  2  - 18 32 20 25 10 27 33
  -  -  - 29 21  - 47  - 16  -  2  -  - 48 15  - 36 24  9  -  -  - 46 17 22 34 19 38  5 40 39  - 33 13  - 28  1 23  - 10 42 12 37 50 41 25 30 43  - 49
  - 25  - 36  -  -  - 50  - 24  8 37 48  - 32 44 10 22  -  -  -  4  - 13  - 40 27  3 30 18 31 19  1 49 16 17 43  -  -  - 35 47  9  6 11 41 23 14  2  -
  -  1 29 14 19 49 36 11  -  - 30 26 16 22 48  -  7 40  -  6  - 27  - 45 44 21  -  - 23 12  - 28  3  - 42 13 32 34  8 39 50 18  - 33  -  -  9 35 25  -
 24 48 10  - 31 13 20 23 34  - 15  7 43 41 17  - 26  - 30 11  - 18  -  - 38  - 40  - 19 28  - 39 46 32  - 16  8 44 35 27  -  -  - 12 47 14  4  - 42  9
 34 16 31 41 43 44 10 45 38 32  5 39 22 21  -  - 47 27 33 12  4 23 28  -  -  - 36 49 18  - 24 26  -  - 48 35  7 17  1  6 15 25  8  -  - 11 14 13 29  -
  - 10 17 12 38  3 40 44 32 29 26 33 49  9 47 30  - 36  4 22 13 15 21 25  - 46  2  7 11 19  - 31 16  5  - 41 39 37  - 28 20  - 45  -  1 35  8  - 24 34
  - 47 25 31 30 15  - 37  -  2 33  - 34 42 41 21 49 38  -  - 19  5  1  - 10 43  8  9 20  - 45  - 18 40 27 12 35 13  - 16  -  -  6 11 22 44  3  4 23 36
 48 20  - 42  5  - 35 16  - 44 17 46  4 13 50 23 24 18  -  - 27 11 49  3 12 30 43  - 36  -  - 34 21 37 14  - 29 28  -  - 47 38 10 45  8 19  -  -  - 31
  - 24  8 20  7  - 49  - 46 40  -  -  - 38  -  - 14 13 26  2  - 19 44  -  -  - 12 10 35  -  - 25  4 16  5  -  - 18 15  -  3 29  - 17 37  - 21 47  -  -
  3 35 30 43 14 46 18 28 26  -  9  - 38 39  7  - 27  1 20 31 45 24  - 42 23 41 21  8 16 36  -  4 25  - 17  - 50 15 11  -  6 34  - 37 48  -  - 32 12  5
 41 26 48  - 34 50 30 17 44 33 37  -  9  - 23  - 13 31 27  - 25 45 43  - 36  6  4  -  - 35 28  - 29 14 21  3  -  -  - 20 49 40  -  8  5 18 38 46 16 24
 38 11 41 30 22  -  -  - 23 42 25 48  2  - 21  -  - 10 18 29 43 39  9  8 28  -  3  1  -  -  - 33  - 50 31  -  - 40  - 47 24  - 12 19 27  - 17 44  -  6
 25 33 42 21 39 30 13  -  - 46  - 50  -  -  1  -  - 35 14 17  -  - 45  4 41 16  -  -  -  - 43 27 11  -  -  -  - 49  - 31 34  -  - 22  -  6 28 26 44  -
  - 44  -  7 40 37  4 24  -  - 29 32 13  - 43  3 50  - 23  -  - 16 36 12  - 28  9 17 22 38 42 14  - 25  - 19 34 21 39 49  -  - 30  5  - 15  6 31 10  -
 49  - 18 46  -  2  - 31  - 13 42  9 36 50  4 39 33  -  5 32  8 44 30  - 25  - 45 11  - 23  - 17  -  1 41 47 15 38 37  -  -  6  - 35  -  -  -  -  - 43
 17 12 15 10  -  -  - 25  - 28  -  4  - 18  - 48  -  -  -  - 11 20  5 27  - 22  1 33  - 43 13 36 26  8 23 24 16  - 21  - 31 46  2 34  -  - 40 45  - 14
  1 30  3  6 44  - 33 29 18  - 50 11 14 24 10  - 46 42 37  - 28  - 38  5 31 25 48 20  8 21  - 43  - 12 47 22 26 35 32 17  4 23  -  -  - 27 49 19  7 41
  -  5 28 39  -  - 22 27 42  - 12 24 15  -  - 45  2  - 32  - 40 14  3 21  -  9 35 48  -  - 23  -  -  -  - 38  4 19  -  7 41  -  -  - 13 47 44 29  - 16
 23 49 33  - 41 16 28 15 20  -  - 12 45  -  -  -  - 44 29 40  1 25  -  - 37  - 17  - 43  -  2 21  -  - 46 39  -  9  - 38  - 14  4  - 24  - 50  5 19 26
  - 18  - 32 13 42  8 14  - 45  -  - 12  - 28 25  -  - 21  - 39 36 10 35  2  -  - 19 31 29 46 23  -  -  3 43 40 33  6 22 44 49  - 15 26 30 24  9 50  7
  - 31 43 25  -  - 46 26 13  8 48  - 10  - 35 27 34  4  2 15 50 21  -  - 30  -  - 45  9 20  - 41 47 38 28  7 18 24 12 23 17  - 36  - 42 22 19  6 49  -
  -  - 39 11  4 23 34 38  1  - 46 35  - 19 45 24 48 29 13 41  2  - 12 43  6 42 28 21 17  8  -  - 40  9  - 10 20 25  7 15  -  - 33 26 49  3 27 37  - 22
 27  2 38 37 25  -  -  9 12 26  -  - 44 45  -  -  5  -  - 10  -  3 31  -  8  - 14  -  6 13 16 42 39 33  -  4  - 30 50 48  7 32 20  1 17 34  - 11  -  -
 28  - 16 27 36 43  -  1  - 12 22 45  - 14 13  -  8 11 19  -  9 31 48 32 18 50 46  - 47 24 15  6  7  2 39 44 25  -  - 34 40  4 35 29  - 33  - 21 38  -
  - 15  - 23 16 32  -  - 21  - 40 25  - 11  -  6  3 48 10  - 34  9  -  - 39  - 33 36 13 27 30 47  -  7  4  - 17  - 26  - 38 41  - 24 19 12  - 42  -  -
 46 38  1  4  -  6  - 40  -  - 13  -  8 23  - 35 16 26 42 34 31  - 19  -  5 12 20 14 48 25 32  7  - 29 24 49 30 39 27 18 33 21 11  3  9  2 36 41 28 10
 40 42 22 16  -  8 23  - 47 17 20 31 29  6 39  - 32  -  3 50  - 49 15 14 35  - 24 44 33  2  -  - 12  - 43 36 11 27 41  - 19 26 46 10 45  -  - 30  - 25
 35  - 27 44 47  - 39 43  - 50  - 15 19 33  - 12 25  3  - 28  - 29  -  2 21 49 34 16  - 32  8 10 45  6 38 18  - 36 17  9 14  - 13 20 23  -  5 22 30  -
  - 36 23 33 50 18 41  - 45  -  3  2  - 34 22  8 12  - 43  - 49 38  - 31 48  1  7  4  -  -  - 15  - 24  -  9 21  6 28 26 11 27 39  -  - 32 47 40 20 13
 45 13 44  8  - 40 25  2  - 41  -  -  - 17 24  7 35  9 47  - 38 12  - 16  4  -  - 46  1 49 10 29 14  - 18 31  - 50 33 37  -  3 15  - 34 42 26 28 21  -
 19 46 34  -  -  7 48 36 27 39  -  8 37 35  - 14  -  5 40 13 12 32 50 28  9  - 44 29 24 42  - 22  -  -  1 11 47 31 43  - 26 15  -  - 21 16 33  - 17 20
 32 22  - 45 48 35  - 34 37  - 49 30 25 29 14 43  4 21 28 26 44  - 20 38  - 31  - 24  - 17 11  3  8  - 13  - 23  - 42 50 46  - 19 39  6  9 41  2  1 27
 29 21  - 47 23  - 12  3  - 11 28 36  -  4  -  5 43 37 35  - 15 42  - 19 24  7 39 26  - 22 41 30  - 31  9 50  6 45 38 13 48  -  1 16 33 40  - 34  8  -
 21 19 46  - 17  - 43  - 30  - 27  - 24  - 34 26 40  - 50 33 20 22 13  -  3  - 42 31  -  - 48 38 44 23 12  6 14  - 45 11 29  8 32 28 35  -  1 36 15 37
 12 32 24 28 42 36  -  5  - 48 19 20 23 44 38  -  - 49  - 43 17 35 26 34 11  -  -  - 46  -  -  -  -  3 22 45 33  - 47 29  - 37 14  9  -  -  - 27 41 21
 13  - 37 19  8 33  9 10 36 34  6 44 27  - 12  -  -  -  - 30 29  - 35 24  -  - 23 28  -  -  -  - 38 43 40 25 48  - 31 42 21  - 47 41  7  5 22 50 39 15
  -  - 36 50  3  - 32 30  8 10  - 38  1 49  -  -  - 19  7 35  6  - 33  - 27 18 16  -  - 26 17  2 34 42  -  5 45  - 14  - 25 31 44 43  -  - 37 12 47  4
  2 23 35  - 29 14  -  -  - 49  -  - 20  - 33  9  -  - 48 21 37  8 47  -  -  3 13 32 40 34  7 12 36  -  - 26  -  -  -  1 28 22 18  -  - 46 42  -  - 30
 10 43 12 40  -  - 38 18  4  -  -  3 21 25  6  - 30 33 45  8 47  -  - 22  - 36 26 35  -  - 50 11  - 46  2 32  -  - 20 24  1 19 42 49  -  - 34 39  5 48
  - 29  -  2 35 21 11  - 24  -  4 27 30  5 16  -  - 12 38  7 14  1 41 39  -  - 22 15  -  - 26 13 43 18  - 34  - 47  9 25  - 44  - 40 50 28 31  -  -  -
  8 27  -  - 18 10  -  -  3  6 31  -  -  1  9 50 38  7 25 49 16  - 22 33  - 11  5 42 21 30 12 45 24  - 44 40  2  - 46  4  -  - 48 47 28 36 35  - 32 19
 31  7  - 35 20  -  - 48  - 25 16 49 18 40  -  - 17  -  - 39  - 34  -  1 42 47  -  - 38  - 14  - 37 41  - 21 10  4 13  -  - 28 24 27 44 43  - 33 45 23
