1750
  -  -  - 21  -  - 31  - 19  9 15  - 50  - 26  - 30  8  5  6 25  -  - 47  - 37  -  - 34 41  -  - 42 16 32  - 48  2 43  - 46 20 35 12 45  - 39  - 10 13
 50  6 20  - 18  3 19 45 14 38 34  - 21 40 44 35  -  - 17 31  7 42 22 27 48  - 32 49  8 16 25 13 47  1 26  - 29  - 10  9 11  -  -  -  5  - 37 30 46 23
 46 21 15 33 34  9  - 22  -  2  -  -  -  7 37  - 12 50 10  - 11 31 18 26 16 13 29  1 19  - 44  -  8 36  3 17 14 24 47 30  - 42 40 27 41  4  6 45 39  -
  1 13 25 29  - 20 18  6 39 19  -  - 27  3  -  -  - 34 50 10  5  - 47  9  4  2  - 32  7 48 33 44 36 28 41 11 17 12 42 35  -  8 22 31 23 49 26  - 24 37
 42 37 36  - 11  -  - 35  8 32 10  -  -  -  5 20  -  - 13  -  1 46 15  4  6 29 49 40  - 25  - 47 31  - 17 39 19  -  -  3  9 23  7 30 12 34 41 43  - 14
  - 23 50 18 32 42 27  8 38  1 31 28 36 33  4  -  - 39 29  - 22 20 25 14 11 45  -  9  - 43 13  -  - 47 12 49  -  6  2  7  -  -  - 26  -  -  5  3  -  -
  - 26  3 30  -  5  - 44 24 37  -  - 23 20 48  - 10 21 42 27  - 28 19  - 29 38 25  - 35 36 14  1 34 22 16 13 12  -  - 45 18  - 15 41  - 32 33  -  -  -
 21 22 41 23 28  - 46 47  5 36  - 34  3  - 17 33 15  6  -  - 45  -  - 10 14 11 42  -  9 18 48 49  - 44 40 16 26 43 13 29 20  - 30  2 38 37  4  1 27 12
  - 19 22  9 43 40 10 14  1 34 33  -  - 17 11 24 29 49 20  7 23 25  2 13  - 27  4 30 50 31  -  - 28 15  -  -  -  - 26  - 16 32 37 38  -  - 18 35  - 45
 36 17  - 27 49  - 37  -  -  - 19  - 13 15  9 16  -  2  -  - 33 34 45  - 25  -  7  - 44 20 32 21 39 18 23  - 24  8  - 38 40 14  - 29 42  - 35  4 26  -
 31  - 19 14  - 48 50  - 34  3 20  -  - 41 39  -  -  -  - 46  4 29  - 28 49 22 45  - 24 30  - 42 18 23  -  6  9  - 37  - 27  7 38 15 44 12 13 26  -  1
 34  -  5  8  2  7  -  4 23 43  -  - 31 21 38 11  - 44  6 48  -  -  -  1 17 35  -  - 10  - 22 24 27 14 47  - 36  - 29 26 28 19 42 40 39  - 45  -  - 25
 27 30 49  -  5 36  9  2 35  - 38  7  -  4 43 12 26 15  - 22  - 48  - 18  3 10 44  - 25 24 20 37 45 11 29  8 34 14  6  - 17  - 19 32  - 33 16 23  - 50
 40 47 23 20  - 13  -  5 41 33 12 35  2 25 14  - 42  -  -  - 32  -  -  - 18  3 22  - 31 26  - 27  -  - 21  -  - 10 15 44 36 39  -  -  -  - 28  - 49 30
 49 46 21  - 23  2  - 41 29 16 36 14 44 24 15 37 25  -  - 40  - 33 10 45  -  7  1 43  - 17 18 38  - 26  8  -  5  -  -  - 48  -  4  -  - 35 42  - 32 39
 24  - 29  -  -  - 26 10  - 42  - 13 15 45 19 17 41 22 43 11  -  3  -  8 36 31 47 46  - 39 12 20 49  7  - 23  - 34 18 40  -  - 44 35  -  6 21 48 25  2
 28 44 39 24 20 35 16  -  - 25  - 48  - 14 13  2  3 40 32 21 29 45  4 30 41  1 37 50 46  -  - 11 12 42 36  - 23 33  - 34  - 17  - 22  -  5  7 10  -  -
  -  3 26 43  8 31 47 48  6  - 35 24  - 10  7  9 39 12  -  - 50 36 49 16 13  -  -  - 45 11 42 17  1 46  - 40  4 41 30  - 19  - 34  - 14 28  - 32  -  -
 33  1 43 40  - 41 34  -  -  - 39 47  9 48  -  6  4 36 38 23 21 44  - 50 26 17  8 25  5  7 29 16  - 49  -  2  - 31 35 42 12  -  - 10 13 15 27 11 19  -
 11 28 34  2 10  - 40 16  - 50  -  - 37 22 46 30  8 48 27  - 31 38 29  -  7 44 13  -  - 19  5  - 23 45 49 12  -  1 14 36 32  4  3  - 24 25  -  -  9 20
  -  -  - 26  9  - 24 20  -  8 28  6 46 12  2 45 47  4 40 17  - 49 31 19 38 34 27  - 29  -  1 23  - 37  - 44 35 16 32 41 42  - 50 36 25 11 30  7  - 10
  - 18  - 10  6  -  - 31  -  -  2  - 25 38 41  - 50 43 28 14 49  9  7  -  - 36 40 12 33  1  - 29 17  -  -  4  -  -  5  - 45  - 13 16 46 23  -  - 30  8
 39 34  - 13 31  - 49 15 40  - 32 22 42  - 50  -  -  1  - 38 18 30  8 25  - 26  -  5 11 14 17  - 37 48 19 35  -  - 28 43  - 10  - 24  7 45  -  - 20  -
 25 36 32 17  - 49 20 23  7 41  6  8  - 26 28 22 34 42  3  -  -  2  - 44 15  - 33 35 13  -  - 45 40  - 31 43 11  - 38 27  - 21 10 47 50 48  1 14  - 29
  9 31 38  6 21  -  5 24 30 15  1 10 12 29 40 49 48  - 35 44  - 18  -  - 34  - 23 37  3  4 19 39 25 41  - 32  - 11 17  -  -  -  8  - 22  7 46 27 50 47
 37  9 16 28  - 50 25  - 26 45  4 21  - 34  - 14 40 33 19  1 13  -  3  - 39 24 41  2  -  5  - 30 10 12 11 42  6 29 46  - 35 38 17  8 36 20 44 31  -  -
  -  8  - 12 25  -  - 36 37 46 45  1 26 31  6 43  - 10 49  - 44 40 17 22 21 19  -  - 42 32 16 34  -  -  - 38 30  -  - 47  -  - 23  - 35  9 15  -  - 24
 10  - 12 45 13 23 33  3 36  7 27  -  8 46  -  4  -  - 48 30 43 50 16 32  - 42 26 34  -  2  - 14 15 38  1 22  -  5 24 17  6  - 28 44 11  - 20 18 21 41
 32 45 33 38 44 17 36 39  - 10 46  -  - 16 47  -  -  -  - 29 37  4 14 35 19 25  5 20  - 15 41 40  - 34  9  - 22 30 21  6  1 26 48 43 27 13  -  -  -  -
  -  -  -  -  - 30 11 28  - 48 49 43 40 50  -  1 32 46  7 33  -  6 38  -  - 41 24 10 16  -  -  - 21  2  - 14 44  - 36 20 39  - 25  -  - 42  3 29  -  -
 20  -  - 25  3 19  - 18 15 24 29  - 39 37  - 28  5 11  - 49  2 22 34 46  8 30  - 21 26  -  7 36  6 10 48 47 16  -  9  - 31 12 43 45  - 27 40 38 41  -
 38 42 46  - 36  - 32 11 31 21  3 30 14  - 34  - 18 25 41 12 26  8  -  - 23 48 28 29  -  -  - 15  9  5  6 20 13  7 39 22 10 35 33 50  - 24 19 40  - 17
 30 15  - 42  - 44  -  9  -  -  - 27 35  - 12  3 46  -  - 13  - 39  -  - 33 49  - 26  - 45 40 31 43  - 50  -  - 38  - 23  - 18  5  -  -  1 29  -  - 21
 19  -  2  - 12 15  - 38  -  -  - 39  1  - 33  7 24  - 47 37 14 13 26  -  - 18  9  -  -  - 36 25 32  8 46  5 20  - 44 10  3 27 29 17  - 22 23 34  -  6
 45 14 37 32  1 27  -  - 21  - 30 29  -  6  8 10 19 31  2 41 35 11  5  -  -  4 36 15 12  9  - 33 48 43 22  -  - 20 23 46  -  -  -  - 16 26  - 47 17  7
  - 20 13  - 37 10 28 43 50 18 24  - 33 32  -  -  6 29 21 26  9  7 41  3 45  - 39  4 23 42  -  8 35 19  5 48 15 40 11 12 25  - 27  1 30 36 38 16 47 22
 16  -  - 11 39  -  -  - 32 40 26 17  6  - 30  - 14  5  9 19 47 23 35  -  - 21  2 38 41  3 37 22 33 31  - 45  7 50 48  1 15  - 20 25 29 44 12 13  - 49
  - 41 40  -  4 24 42  - 27 49  - 25  -  -  - 39 44 13 14 50  - 32 37 29  -  - 31 28 48  - 10 43  - 30 20  7  1  -  -  2  - 34 46 21 18  - 22 15 11  -
  4  -  -  - 17 25  - 40  -  - 37 49  -  - 29 36  -  - 23  -  6  - 43 20 35  8 48  -  -  -  3 10  - 32  - 50 46  - 45 15  - 33 26  - 21 31 11 19  7  -
 47  - 30  3 48  -  1 46 11 17 16  2 28 42 21  -  - 45 12  - 20  - 23  5 40 15 19 18  -  8  -  -  4 35  7  9  - 44  -  - 29 25  - 37 34 43  - 49  - 26
  - 39 10 44 41 46  -  -  - 35  8 11 45 28  1  - 43 14 24 18 34 17 30  -  -  9  6 19  - 33 15 32 26  - 25  -  -  -  - 31 38  - 47  7  -  -  -  - 48 16
  6  -  - 15 38  -  -  -  3 14  -  - 34 36 42  -  7 32  8  - 27  5 33 21  - 46 20  -  - 29 30 26 41  - 44  -  - 19 16  - 37 47  - 13 10  -  2 50  -  -
  -  2 44  1 33 11 45  7 48  - 40  - 49  - 35  -  -  -  - 42 10  -  - 39 12  - 50 36 15 38  - 19  3 29  - 28 37 47  -  5 34  -  6 14  -  - 43 41 31  9
 41  -  -  -  -  4  8  - 10 47  -  - 16  -  3 32  -  - 26 39 17  -  -  - 37 40  -  - 36 34  -  7  - 25 30 46  -  - 12  - 49  - 45 42  2  - 31 44  1 15
 26 35 14 49 29  8 43 25 45 30  - 42  -  - 31 27  - 47  - 20 12 10 24 41  1 33 18 22  - 23  -  - 38  6  -  - 32 28  7 16 13 46 21 48 15 17  - 36 44  -
 43  7  -  - 42  - 29  - 47 27 44 19  - 11  - 15 33 23 36 35 16 41  - 31 30 32  -  8  6 50 38  9 13 17  - 21 40  -  1 25 22  -  -  3 26 14 48  -  - 18
  - 24  -  - 26 45 15 37 33 22 21  - 38 13  -  -  - 41 34 25  -  - 12  7  - 47  - 44  -  - 35  6  -  3  -  - 43  - 20 32  -  -  9 11  -  -  8 17  - 28
  -  5  9  -  - 43 30 34  -  - 25 40  -  - 36  - 23 18 46 45 48  -  6 24 10  - 15  -  - 12 50  - 22  - 28 29  2 37 33  - 21 11  - 49 47  3 17 42  - 19
 23 50 17 22 30  1  - 32 42 44 48 16 29  9 27 38 45 35 18 24  - 37  - 12  -  6 43 14  - 21 49  -  7  4 13  -  - 36  8 11  - 15  -  -  -  - 34 25 28 33
 29 40  7 35 46  -  - 27 25 23  -  - 24 19 10 34  -  3 37 16  8 15 44  -  -  -  -  - 22 13  -  -  - 21 45  1 39 26 41 48  5  - 11  4 20 30 14 28 43 36
