1750
  2  - 33 37 25  - 11 10  - 38  7  - 29 31  - 19  4 14 16  -  -  - 34 32 28 18 43 42 22 35 30 12  -  - 44  3 50  -  - 41  - 49 40  -  5 13  - 36  -  9
  - 32 41  - 42  -  - 34  -  - 28 40 36 44  - 46  8 29 24 25  - 45 48  - 31  9 14  - 27 13 12 22 30 15  - 35 16  - 11  - 21  -  1  -  - 23  -  - 33 43
  -  -  - 12  -  -  5  - 16 26 44  -  -  - 21 39  -  4 31  - 33 37 17  -  - 29 46  3  - 32  6  - 40 20 18  -  - 42  - 28 49  7 30  1 36 24  - 23 38 47
 26 13 15 45 30  -  - 20  - 34 12 39  3  - 42 35 16  5 33 31 41  6 14  -  2  -  -  1 18  - 28 48 46 10  - 21 23 38  -  - 24  - 25  4  - 47 37 11 27 19
  -  9  6  3  - 32  8  - 49 41  - 25 40 12 13  -  5 26 34 18  - 20 11  - 43  4 50  - 48  - 29  - 39  - 42  -  -  - 35  -  - 27 33  -  7 36  - 47 14 22
 20  5 39 15  -  - 49 35 42 47  -  1  -  - 43  4 25  -  - 19  - 23 40 13 21  - 29 41  - 14 44 16 36  - 28  - 31  6  - 32 48 50  8 18  - 34 17  - 22 24
 42  -  8 19 14 11 30 47  - 18 35 26  5 17 40  - 27  -  - 34  7  -  - 43 50 48 25 13 10  -  -  3 31 49 20  6  - 21  - 37 45  -  -  -  -  -  -  - 36 32
 23 41  3  -  5  - 45 13 48 12 30  -  4 27 26 44 39 34 38  -  -  1  - 15  - 28  - 21 14  -  -  7  9 24 46 25 42 50 36 40 43 10 37  - 22 32 20  - 31 18
 48 24 14 31 10  9  - 22 43 16 26  - 42 15  8 27 13 11  - 36  -  2  - 30  7  -  -  -  1 45 25 46  - 38 41  - 21 19 28 23 18  -  - 29 17 44 40 39 35  -
 33 12 30  -  - 27  -  -  -  -  - 47  -  4 10 37  6 24 23  8 13  -  -  - 46 32 31  -  7  1 45 21 25 22 49  -  3  9 19  - 36  - 17  2 38  -  - 34  - 42
 27  - 23 18  8 44  2 26 31 11 46 16  - 20  4 25  7 17 15  -  - 35 47  - 19 42  - 43 50 40  1  9 33  - 38 49 41 28  - 30  - 14  6 13 34  3  -  - 24  -
 38  - 49  5 47  - 32 48  -  -  -  -  - 40 28 26  9 16 10 11 34 24  - 31 37 12 22  4 39 25 41 36 45  - 30 42  - 18 43  -  -  -  - 27  1 50  3  -  7 17
  1 25  -  8  9  - 34  - 33  -  - 42 35  2 31 12 30  - 29 44 21 40 24 39  5 41 18 28 11 49  - 37 14  - 15 38  - 46 22 27 26 32  -  6 50  4 48 17  - 23
  -  - 20  7 13 15  - 30 36  -  - 38  - 23 33  - 46 32 50 49  - 28 37  -  3  6  -  - 21  9 17  - 29 34  2 41  -  5 42 45 25 39 14 16 26  - 44  - 12 35
 29 18 12  -  4  - 33 40 21 39  3 19 28 38  -  - 17 44 46 16  -  - 22  -  1  -  7 24  - 10 23  8  - 35 48 43  - 45 34 47  -  -  - 14 27  6 26 20 50 37
 21  - 16 25  3  -  -  - 18 48 45 30 41  -  -  7 35 49  6 50  - 22 44 19  - 24  - 27 37 46  9 23 15 14  - 26  - 36 20 10 40 47  -  - 13  - 12 42 32  -
 13 40  -  -  -  -  - 12  - 32  2  3  - 50  - 47  - 48 36 21 49  4  -  - 39  - 26 11  -  - 31 20 27  6 34 33 38 22 17 43  -  - 23  -  9 42  8  7 18 16
 35 39 44 46  - 29 28 11  3  -  8 48  - 47 14 23 19 21  -  2 26 10  5  - 15 31  4  -  - 34 40  -  - 42  - 13 37 41 32 24  - 38 22 17 43 16 49 25 30 50
 39  -  -  - 31  - 46  -  -  - 19 17  - 36 25  - 38  -  4 41 48  - 50  - 49  -  -  - 13 26 21 15  - 12  8 32  -  - 18 42 14  -  - 11  -  -  - 30  - 28
 34 44 18  4 17 39 21  6 26 23  - 28 31  -  - 16  2  - 11  - 37  5 49 12 30 45  - 22 29  7 13 10  - 19  - 27 48  3 40 33 47  - 24 50 42 43  - 38 46  -
  - 20  4 24 36 45 19 25 35  1 31 10  - 18 37  - 23  - 28 38 42 43  - 14  - 22  - 26  - 33 47 49 17 46  - 48 30  - 21  - 44 41  - 12  - 27 29 40  - 13
 25 35 34  1 45  -  9 39 27 17 13 31  -  -  - 49 36  -  - 40 11  -  -  - 12 21  - 20 41 42 48 26  3 37 14 23 32  -  -  4  - 43  5 33 24 18 16  - 28  6
  -  - 29  - 35  - 25 37  - 31 27  - 44  1 24 30 34  8 40  - 20 21  9  -  -  - 28  - 47  -  -  - 43  -  - 16 17  - 39  - 10 22 45 42  - 33 14 48 15  -
 45 22  - 50 19  8  - 23 11  -  1 33 20  - 32 34 29  -  9  - 10  - 21 28  - 17 42 15 44 27 36  -  - 31 16  -  - 30 38 35  5 24 48  - 25 46 13  6  -  -
 24  -  -  -  6  -  -  5 32  3 14 36 49 34 11 50 22 30 17 46 39  -  -  1 16 44 41  - 25 48 42 27 10  2 23  -  -  -  - 38  7 28  4 15 20  - 21  - 26 12
  4 10 31  6 15 22 44  1  8 21 24  9  - 49 41 28 14 13  -  - 43 16 26  5  -  - 40  - 17  - 20 33 23 18  - 34 46 47 12 11  - 42  - 19  -  - 25  3 48 30
  -  -  - 48 37  1  - 17  - 29 18 43  2 10 19 20 42 33 35  -  - 47  -  -  -  - 21  - 26 28 14  6 50  - 25 31  7 13  3  9  - 12 38 34  - 49  4 41 45 27
 37 29  - 32 48 49 10  8 12 28 25  4  6  - 18  -  - 43 20  - 47 41  - 27  -  -  -  7 24 21 46 39 11  5 19 17 15 34 23 31 16  9  2 44 40  -  -  -  -  -
  -  - 21  2 23 46 18 41  1 45 42 24 25 11 30  9 43  - 49 39 31  - 28  -  - 34 38 36  4  5 10 50  8 32 22  -  -  -  - 15 35 37 27  3  -  - 19  - 47 29
 41 17 26  - 43  - 15 46 47  4 49  8  7 39  5 32 33 31  -  -  -  -  - 20  - 10 36  -  2 24  -  -  - 50  3  - 34 48 45  1 23  -  - 40 11  - 18  - 25 44
 16 30 17 33 28  - 50 15 39 43  - 44  -  6  9  - 24 12  2 20 38 25  4  7 10  8  - 31 34  -  -  5  - 29  -  - 14 23 49 18  - 13 26 35 19  - 45  -  3 40
 28 16 45 43 22 12 36  7 34  - 47 32  -  5  - 42 49  1 19 23 46  8  - 50 14 40  -  - 38  - 15 35  - 33 17  - 25 44 27  -  - 20 10 48 31 11  2  -  -  -
  7  - 46 40 11 24  -  - 23  8 10  - 39 35 36 13 28  2  -  - 15  3 18  - 25 27 30 47  -  - 43  -  - 17  6 14 19  1 41 34  4 48 12 20  - 45  -  -  9 49
 47  -  - 11  -  - 40 49 28 30 34  - 27 33 17 48  -  - 44  3 24  -  - 46 35  - 13  9 20 41 32 42 38 43  -  -  5 14  -  6 31 15 50 25 12  - 22 18  - 45
  -  - 36  -  - 18 13  - 19 42  - 45 12  - 23  - 32 41  7 43  5 29  - 25 27  - 37 39  9 31  -  -  - 44  -  8 49 11 26  - 17 40 35 28 15 20  -  1 16 38
 17  -  5  - 34  - 27 38 25  - 21 15 33 13 45 24  - 37 47 42  6 39 16 11 23  - 19 46  - 36 18 28 35 48  - 50  -  - 31  -  8  -  - 32  - 26 41 10  -  4
 15  - 27 49 44 13 39 14 29  - 40 46 30  -  - 45  1 42 26 24 35 34 23  - 11  2  - 10  6 18 16  4 19  3 33 37 12  -  5  8  -  -  - 31 41 25  7 28 21 20
 49  -  - 28 41 31  - 36  -  - 17 12 46  -  - 22  - 20 13  9 14 48 42 23  6  - 47  -  -  -  2  -  -  7  - 30 27  - 37  -  - 25 18 43  8  - 11 24 19 21
 11  1 43 14 21 25 42  4 44  - 29  -  - 16  - 38 37 22  - 48 40 15 31 33  -  - 45 18 32  6  -  - 49  9 26  - 20  8  - 19  3 23  - 36 28  5 30  - 39  -
 12 31 19  -  - 34  - 43 17 25  - 21 24  8 38 18 41 46  - 10  -  7  -  6 26 49  9 14  - 44  5 13  4  - 50 29 47 35 33  -  - 16  3  - 48 15 28 37  - 11
 18  - 38 16 12 40  4 21 30 36 20 34  - 28 22 15  -  -  - 37  - 13 45  - 24 39  5 29 31 43  - 47  -  8 10  - 44  - 25  3 27 26 19  - 14  -  - 49  - 46
  9 50 40 30  7 43  -  -  4 37 39  - 26 48  3 21  - 35 14 29 16  -  - 41 45 47 27 17  5 15  -  - 18  -  -  - 10 25  - 46 13  2 44  - 49 19 36 33  -  1
 43 26 10 21 39  3  - 28  - 13 50 29 38  - 12 14 18 19 25 17 30 36 33  -  - 46 15 35 23 11  - 40 34 16  1  9  6 27  2  -  -  4 41 49 47 31  - 32 42  -
 46 11  9  - 16  -  -  - 14  -  4 27 23 19 48 10 50 45 37  -  1 30  -  -  8  5  2 44 12  - 49  - 13 26  -  -  - 33  - 17  - 35 42  7 18  - 31 21 34 41
  - 42  -  -  -  -  6 33  2  - 38 14 13 21  -  -  -  - 43  - 36 17 12  - 18  1 23 25 16  8 50  -  - 41 47 39 45  -  -  7 11 19 46 10 35  -  -  5  -  -
  -  -  - 39  -  -  -  9  7  5 48 18 14 24  -  6 44 10 21 45 19  - 15 34 17 20 32 33 35 23  8 29  - 11 13  -  -  -  4 36  1 30 31 47  - 38 43  -  - 25
  8 28  2  - 33 42 23 31  - 20 22 35  - 14  - 41 21 50 48  4 29  -  1 45  - 25 44  -  - 30  - 17  -  -  7  - 11  - 13 39 37 18  -  9  - 12  - 15  5  -
 44  2  - 13  - 35  - 32  - 33  -  7  8  - 20 31 15 36  -  6  9 11  3 47  - 38  - 40 49  - 27 19  1 25  4  - 24  - 14  - 34 46  -  - 23  -  - 16 43  -
 31 46  -  - 40 23  3  - 37 15 36 13  -  - 27  - 47  -  -  7  - 44 43 17  -  -  6 12 19  - 34 11  - 21 35 20 22 49 24  - 50  - 32 26 30  - 39 14  2 48
  - 34  - 38 50 26  - 44 13  6  - 49 10 25 35  5  - 40 41 27 23 33  - 21 47 19 20  - 28 17  - 24 22  -  9  1  -  2 48 29 12  3 11  - 45  -  - 43  8 14
