1750
 12  - 42  - 25 32  -  -  - 28 38  4  - 22  -  -  -  - 29 24  5 16 19  6 39  - 18 21  -  -  7 40 20 26 13  -  - 15  - 30  3  8 37  2 11 46  -  -  - 14
 43 32  -  - 26  -  - 35 27 41  - 15  -  - 29 11 24  - 20  4  3 18 40 25  1  6  -  - 38 33 10  2 14  - 23  8 37  9 19 17 13 28 50  - 45 47  - 49  5 12
  - 41  4  - 15  -  -  1  -  - 17  -  -  - 26 49  - 47  - 32 12  - 16  5 34 33 35  - 19 24  -  -  6 36  - 22 45  - 40  - 25 18 27 30 31 42 39 44 48 13
 50  -  1 18 28  - 42 23 24 43  -  - 33  - 34  - 45 15  - 20 41 44 26  -  5  4  -  - 11 46  -  -  -  6  9  - 16 22 12 31  - 47 21 49 27  -  7 37 30 40
 10 17  -  - 45 18 49 38 14  2  - 16  - 13 15 46  9 39 11 31  -  - 23 27 35  -  -  - 21  7  - 48 47 29  3  5  -  -  1  -  8 24 42 19  - 26 25  - 12  -
  -  5 44  -  - 40 15 10 45  1 46 14 42 36  8  9  - 19 38 37  -  -  - 24  -  - 22 18  - 28  -  - 50 48 31  6 32 17 26 13  -  7 49 16  - 21  3  -  -  -
  - 36 19 37 31 46  - 32 43 35  5  - 16 15  6  1 20  - 21  3 49  - 30 48 17 26 44 13 14  9  -  7 33  -  -  - 25 12 50 28 10 34 38  - 39  -  - 11  -  -
  -  - 16  6  8 25  4 24 17 40 36  -  -  - 46 34 33  - 10 50 43 19 14 42  7  - 30 35  1 20  3 47  - 13 26 11  - 45  2 37 18 22 29  - 32 48 49  - 21  5
  5  -  - 48 41 33 23 21 35 18 44  - 43 27  - 19 14  8 13  - 45  - 34 30 50  -  6  3  7 16 37 29 17  - 25 32 40 36 39 46 24 11 28 20 22  2  9 15 38  -
  - 38 30 39 48  -  -  -  -  6 34 40  1  - 16  - 47 31  7 29 11 35  3 21 22  -  8 27 18  -  - 14 43  -  - 36 49 23 13 41  5 10 20  - 28  -  2 26 42 46
 32  7  - 21  -  - 41 19 28 30  -  -  5 26  1 35 31 34  - 14 24  - 38 11  - 12  3 22  - 49  - 17 23 25 10  4  -  6 42 20 40  -  - 37 44 16 15 43 50 36
  7 27  3 23  - 30 22  - 40 25 24  - 35 43 13 29  - 21 26 17  - 34 45 14  - 20  - 28  5  - 48 18  - 46 41 37  - 10 15  - 16  9 47  8  -  - 12  - 39  -
  -  - 17 50 37 11  - 26 23  -  - 31 39 35  7  -  2  -  - 10 19 32  - 41  3 47 12 38 27  -  - 44 13  5 18 28  -  -  6  - 49 20  - 29 25 22 24  - 45  8
 25 24 40 14 17  2 39  - 33 23  9 48 10  -  - 38  7 37 12 45  -  5 13 16  - 32 47 31 46 43 34  -  8 18 35  -  -  - 41  -  - 42 19 28 36 20 22  1  - 50
 27  -  - 28 12 19  5  4  -  - 10  1 25  -  - 32 43 13  2  -  -  - 22  - 49 23 11 16 30 50  - 15  7  - 33  -  -  8 24 38 26  3 31 17  6 45 42 18  - 21
 26  8  - 19 40 23  - 39 21 17  -  - 14 24 42 43 18 22  1  9 37  7  - 15 20 25 49 33 10  - 13 32 34  - 46 44  3  -  -  - 29 12  - 35 41  - 38 36  2  -
 46 16  7 45  2  4 12  5 36  -  - 50 13  - 43  - 41  - 18 48 28  - 42 10 21 40  - 26 37 34  - 39  -  -  6  9 20  - 44  8  - 23  - 24 38 33 17  - 11 35
 33 10 20 26 42  -  2 29 13 16  - 45 28 21 19  6  - 11 32  - 14  -  - 47 48 37  -  -  9 18 12 22  - 38 49  -  7 24  5 15 46 40  -  - 30  -  8  - 17 31
  9 34 29  8 23  - 25 31 41 21 22 11 18 37 36 44  3 46 30 27 35  - 50 40  -  - 38 45  - 10  - 28 24 17 47  -  6 13 20  1  -  4  7  - 12 39  -  -  - 43
  - 31  - 34  4  - 47 36 50  - 16  - 17  -  -  8  - 25 33 42  - 38 44 49 46  - 28  9 41 29 39 12 26  - 11  - 10  -  - 21 23  -  -  - 14 24 48 32  6 22
 20 12  -  1  -  -  - 22 11  4 28  6 38  - 39 36 49  -  -  - 15  -  - 37  -  8 32 29 50  - 31  - 30 42 34 18 43 41 48 26  - 44 25  -  -  5 47  2 27 24
  3  - 23 27  -  - 35  -  - 39 31 26  7 17  - 30  -  1 24  2 50 29  -  - 33 44 41 34 36 19 43  9  - 40 28 10 12  -  -  - 21 16  -  -  5  -  -  6 22 42
 16 40 50  3  -  1 44  6  -  7 49 35  - 34 47 42 26  - 45 41 31 13 24 22  - 10  - 14 17 37  5  - 21  - 38  - 15  4 32 29  9  2  8 43  - 12 28 25 33 20
 49  9 18 40 27 13 36  2  - 22  - 19 31 45 50 24 16  7 28  -  1  - 35  4  -  -  -  -  -  - 23  - 25  - 21 12 44 37  8  - 38  -  - 33  -  - 14  -  -  3
  -  - 15 47 16  -  -  7 10 27  2  9 26 25  4 14  6 32 31 12 44  1 49 36  - 13  - 48  -  - 46 35  -  3 39 17 42 18 28 24 43 41  - 22 33 34 37 40 19 29
 35 39  2 15 29 41  1  - 25  -  - 46 50  -  - 21 37  5 23  8 22 17 12 43  - 38  -  6  3  - 32 45  - 44 27 30 36  -  4 42 34  -  - 14 13 31 16 20  -  -
 45  -  - 43 34  9 18 40  -  -  - 38  - 12 44 20  - 14  - 23 16 49 10  - 25 35 37 17 15 32  - 21 42  -  8  -  -  - 22 39 19 31  6  - 26 41 36  -  - 11
  -  -  -  - 44  3 40 28  9  - 13 43 12 31  - 10  - 17  8  -  -  - 48 20 15  -  - 32 39 38 27 41 29  -  -  - 22  5 34 23  1  - 11 36 16 14  6 46  7 18
  - 23  -  - 21 44  -  - 20 36 48 37 41 39  -  - 28 26 14  -  -  4 15 33  6 45  -  -  -  - 24 31  -  -  -  -  5 42  - 27  - 30  -  - 46 43 11 50  - 16
 42 49 21 11 30 27  - 18  -  - 15 23 34  - 28  - 12  - 47  -  7 14 36 50  - 29 13  - 25  -  - 24  5  -  - 16  -  - 38 10 32 39  -  -  -  9 20 45  - 17
  - 15  - 22  - 48 32  8 12  -  - 20  4 30  3 28 38 33 44  -  9  -  - 17 40  -  - 46  - 11 36  6  1  - 14 34  - 19 21 45 39  5 43  7 50 27  -  - 35 23
 28  -  - 33  3  8  - 45 42  9 27  - 40  - 32 47 48 18 41 21 29  - 20 46  4  2  1 49  - 25  - 43 36  7  5  -  - 39  -  -  -  - 26  - 17 13 34  -  - 10
  - 13 39  - 22 12 46 42 49 11  3  7  8  - 40  5 34 50 48 43 38  6  - 19 47  1 45 15 35 44  -  -  -  -  - 25  -  -  - 33  4 26 24 27 20 10 29 21 18  -
 30 33  - 44  7 37  - 34  -  - 43  - 27  5 31 22  - 12 15  - 17  3 18 38 28 41  9  4 24  - 50 13  - 14  - 35 48  1  -  -  - 32 45  - 21 36 23 16  -  2
 39 50  6  - 46 42  - 14  - 44 12 17 24 10  - 37 21  - 16 28  - 20  1  2  - 11 33 43 29  -  9  8 41  -  - 38  -  -  - 18 30 19  - 26  3 23 45  5 15  -
 37 47  - 13 35 24 26 43 38  -  -  - 23 16 20  - 32 49 22 39  6 31 25  -  - 36  2 40  - 14  - 19 44  - 15 41  - 34  -  5  -  - 46 12  7  - 21  9  1 27
  - 42 28  -  - 35 24  -  - 34 11  5 46  7  - 48 40  6  - 15  - 45 37 13  -  -  -  - 32  - 25  - 10 41  -  -  -  3 30 16  -  - 14 23  -  - 33 17  - 39
  1 43 49 12 20 50  - 48  8  - 21  - 47 14 38 17 22  3 36 33 18 41  5  - 30  9 42  - 44 27  -  4 32 16 29  2  -  7 46 25 35 45 23 11  -  - 10 24  - 37
 19 35 31  7  1 17 43 41 15 12 47  2  - 18 11  3 36  - 40  - 46 27  -  -  -  5  -  - 42 26  -  -  -  - 48 45 39 16 37 34  6 13  - 21  4 49  -  8 23  -
 22  -  9 42 11  -  3 30  2 31 35 29 19 47 41  - 27 20 17  -  - 36  8 34  - 16  - 24 13  5  - 46 39 28  -  - 14 33  -  6  - 38 18 48  -  -  1  -  - 44
  - 22 41 10  5 47  - 46  7 33  8 36 49  -  - 31 11  - 42 18 27  -  -  1  - 39  - 12  6 45 40 16  - 21  -  -  -  -  -  3 15 43 17 50 23  - 32 14  - 30
 18 30 38  2 24  - 13  -  3  5 20 44  -  - 33  - 39 29  6  7  - 28 11 32 45  - 10 41 31 22 26 23  -  8  - 49 17 43 14 50 27 25  4  1 47 37 35 42  -  9
  -  -  - 16 10 28 38  -  - 45 33  -  - 29 37  - 13 24 49 22  -  -  - 39 14  - 26 23 12 30 42 27 11 19  4 21  -  -  9 32 44  1 34  5 40  -  - 47 25  -
 48  -  -  5  - 22  -  -  - 20  6 32 15  - 27  2  - 43  - 11 34 50  -  - 23 21  - 36 16  - 41 30 18 24 45  7 19 47  3 44 42 17 10  9  - 35  - 12 46 38
  - 44 46 24  9  -  - 12 16 38 14 27 32  -  -  - 17 42 19  - 25 48  6 23 18  - 34  7 28 41  - 33  -  -  2  -  - 35 29  -  -  -  - 39 37 11  4 10 36  -
 13  - 32  -  -  6  - 37 22 14 50 21  - 49  - 16 44 45 46  - 23 30 47 31 26  -  4  5  8  - 17  - 15 34  - 42 29  - 33  -  7  - 12 41  2 28  - 27  - 25
 44 29 27 32 36  7 20 15  1  - 37 39  3  -  9 23 10 41  - 19  - 46  - 45 42  -  - 47 40  6 30  - 35 11 17 24 21 49 16  - 28  -  - 31 48  - 13 22 14  -
  -  - 43 31 39 38 28 13 32  - 23 33 21 50 35  - 46  -  -  - 20  - 27 44 37 48 24  1 26  -  -  -  - 12 36 29  -  2 49  -  - 14  - 18 42  -  -  -  3 45
 36 45 47  - 50 34  8 11  6 48 26 22 44  -  - 18  - 10 35 40  - 23 31 12  2 46  5 37  4  - 16  - 28 32 30 33 38 14 43  7 20 21  9 15 24  -  - 13  - 41
  6 37 24  - 38  - 14 27  - 47  7 12 29  8 18  -  -  -  4 16  -  - 21  3  9 28 43 25  2 23 15 34  -  - 50 31  1  -  - 19 41  - 22 10 35 32  - 30 13 49
