1750
  -  6 40 39 16 30  3 34  -  - 48  9 25  7  - 18  1 27 21 41  - 26  5 20 11 28 31 33  -  8 22 29 44 15 42 32  - 13 19  -  -  - 14 37  -  - 38 10 35 24
 48  - 42 27  -  1  9 16 40 31 19  -  -  4 29 22  3 37  -  - 25  8  - 28 21  - 44  - 39 14  -  -  6 26  -  - 17 38  -  -  - 49 45  - 10 35 23 36  5 41
 15  -  - 16  - 13 23  2  - 30  -  - 11  - 26  5 48 49  6 40 21 35 22 41  7 36 17  -  - 10 28 44  -  - 46 27 33 50 18  -  -  -  -  8  - 25 24 12 47 32
  - 24 13  - 35  - 10  -  -  2 38 32  - 49  - 11  - 45  - 12 36  5 46 21 37 43  6  - 27 44  -  - 14 22  -  7  4  9 42 39  - 20 25  - 40 48  - 47 41  1
 35 32 24  - 13  3 36 46 49  8  5 18  6 30  - 20 27 25 42  - 10 19 40 47 17  - 50 22 15  - 37  - 28  - 12 43 39 23  9 16  -  - 31 21  1 34  4  - 44 45
 23  - 47 35 33  -  2 39 11 29 10  5 45 26  -  -  -  - 36 27  - 44 32 15 30 17  -  7 38 21 31  - 19  - 43 14 37 49  - 48 16  -  -  -  - 46  -  9 20  4
  2  -  -  4 11 32 37  -  - 13 44 46 47  - 28 14 35 10  - 50  8 22 16 33  - 45 41 39 34 26  - 36 29 40 21 25  -  -  - 42 27  9 49 31 48 23 20  -  - 30
 26  4 38 46 24 37 45 13  -  -  - 10  3 41 35  2  - 31 44  -  -  7 43 32 27 12  8 23  - 49  6 50 39 21  - 33  -  -  - 20 34 28 22  - 18 42  - 48  9  -
 28 20 22 12  - 17 41  -  -  - 42 37  7 39  - 15  6  - 46  - 30  2  -  3  5  1  - 13 35  - 43 25 10 33  -  9 26  -  8 31 45 19  -  -  -  - 11  - 48  -
 20 16 15  -  - 46 30  - 23 37 50  - 12  -  6  7  2  -  -  - 41  -  -  - 29 14 42 32 48  -  4 45 24 39  -  - 38  - 47 21  - 44 43 49 33 27  - 19 13  9
 43  2 48  9  -  -  8  -  -  - 11 26 35  3  1 29 31 12 34 14  -  4 36 19  -  - 23 44 33  7 25  - 32  - 50  - 40  - 49 10 46 16 27 18  - 37 15 17  - 13
  - 36 44  -  -  4  -  - 41 24  -  - 28 32  9  3  8 39 11 15  - 12 20  6 25  -  2 29 30 16 13  - 48 50 47 21 14 45 27  - 42 40 23  - 31 33  7  - 10  -
  - 45  7 11 31 41 13 38 16 35 12  - 42 25 44  - 50  -  8 47 48  -  - 46 24  - 21  2 14  - 19 43  - 10 30 26 20  -  6 23  -  4  9  -  -  -  -  - 49 34
 21  - 37 10  6  - 33 11 31 39  - 44  2 47 42 45 46  9 35  7  -  - 29  1 23  - 24  4 43 20  - 48  - 49  - 17  -  - 36  5  8 32 34  -  - 40  - 26 22 25
 50 18  6  3  -  -  5 12 33 45  - 22 40  - 49 13 36  7 48 44 46  - 19 38 28  2  -  - 16  - 23  -  - 31 17 42 27 21 32 14 24 29  1 47 41 30 43 15 26  -
 44 25 50  - 20 29 18 15  - 21 14 40  9  5  -  - 17  - 28 22 27 16  - 23 26  - 46 45  - 37 38 34  - 36 24  3 13  -  4  - 12  2 39  7  - 32 33 41  6 42
 39 46 28  8 14  -  -  9 13 26 34  4 24 42 30  -  -  3  -  -  -  -  -  -  -  - 43 11 23 40 17  1  -  - 33  -  -  5 21  7 41  - 50 25 20 38 22  2  - 44
 45 44 16  - 12 47 29 42 37  5  3  2  - 17 14 25 49 19  - 39 31  -  4 40 48  - 20  -  - 30  9 22 26 27  - 18 35 36  7  -  - 41  - 46  - 43  -  - 23 21
  - 35 29  - 49 28  - 45 30 50 47 13  4  -  - 17 11 33 39  - 22 40  1 43 46  6  5 25 37  9 24  7 15  -  - 23  2  - 10  -  -  - 18 14  -  8  -  -  3 26
 18  - 45 41 19  - 50 48 24 16 15  - 38  - 17  - 30  8  -  - 37  3  - 31 14 47 12 27 42 22  -  -  -  -  - 28 43 25  -  - 23  7 40  2  -  - 10  5  -  -
  -  - 30  -  - 49 40 25 26 15 46  - 29 50  -  - 21 44  -  5 35  - 37 14 38 27 10 34  - 17 20 31  - 28 23  -  -  -  -  9  - 22  7 24  4 41 18 13 16 33
 33 40  - 38  - 23  - 20  4 44  - 41 21  -  8  - 13 26 14  6  7  -  -  - 43 29 49 35 18  -  - 19 12 16  9 48  - 17  -  2  -  5 42  -  -  -  - 30  - 15
 16  -  - 50 32 15 31  - 27  -  -  - 49 44 23 12 25  - 18 30  5 34 24  - 40 33  1  9  8 39 47 37 21 19  - 38  -  - 46 36 26 13 41  4 28  3 35 42  -  6
 29  -  -  6  -  - 34 50  -  - 35  -  - 19 33  - 44 43  -  4  9  -  - 13 18 15  - 21 36 32  -  -  3  8  -  2 47  1 22 27 31 24  5  - 23 17 42 14 37  -
  -  - 25  - 15  7  -  - 28  - 20 33 37  - 19  -  5  6  -  2 49 36  -  -  -  -  4 18  - 38 11 14  - 42  -  -  1 40 35  - 44 31  -  9  -  - 46 16 27 29
  -  -  9 48 44 38 49  - 47 46  -  - 23 45 22  - 24  - 29 16  -  -  - 11  -  -  7 30 31  2 39  - 41  3 14 19 21  -  -  6  5 33  - 27 25 36  - 34 15 18
 24 48 41  -  -  5 20  - 35 43 21  -  - 33 25 30 29  2  9  - 44  - 26 27  -  - 45 47  4 34 42 10 38  -  6  - 22  - 50 11  -  1 13  -  - 12 32 49  - 19
 25  - 18  -  - 36 14  5 45 32  4 42  8  -  - 16  -  - 43 19 50  6  2 37 44 40 35  - 24  1 34 33  9 46 13 10 41  -  - 26 48 17 11 23  3 29 49 22 12 47
  - 34  1 42 21  - 17  - 22 40  - 31  -  -  -  - 19 47  - 10  -  - 28  - 15  - 27 14  -  - 46 24  8  6 26 50  -  - 33  - 30 18 48  - 35  - 36  3 45  2
 49  -  -  - 46 34 19 31  - 48 40  6 36  8 43  - 22 32 41  - 17 42  -  4 47  - 38  - 25 15  -  3  2  7 20 44  - 27  - 13  - 35  - 33 26  9 21 45  -  -
  7  -  -  - 17 39 27 35 38 11  -  -  - 40  5  - 33 16  3 31 43 13 23  8 22 26  -  - 21  4  - 49 46  - 48 41 24 42  -  - 29 47  - 19  -  2 12  6 18 36
 14  - 11 36  -  - 16 24  -  -  - 47  -  -  2 23 32 20  5  8 12 50  - 29  -  3 39 15  - 13 35 28 49 43 41  1  - 34 37 44 10 46  4 17  - 26 40  -  - 27
 37 13 35 44 48 14 43  8  5  - 28 30  1  - 12  - 26 21  2 25 33 23  - 34  - 49  - 17 20  - 36 15 22 45  7  -  6 32 38 19  3 50 10  - 29 47  9 11  -  -
 27 15 39  5  - 31  - 47 50 19 23  -  - 35 21  8 28  - 25 38  - 45  - 10  4 24 48 37  9  -  - 26  - 17  -  6  - 18 11 12 13 30 46 41 16 20  2 44 34 43
 19 41 21 20  4 27  - 36  9  - 39  8 10 29 34 26  7  -  1  - 14 18  - 50  2 25 47  - 28  6  3  - 23  5  - 49 31 48 17 38 22 45 12 43 11 24 13 40  -  -
 31  -  4 32 18  -  - 27 25 22 41 43 44 36 47  1 16 23  -  -  2 49  - 30  - 38  -  3  7 33 48  9 20  -  -  - 46  - 28  - 50  - 17  - 34  -  - 29  -  5
  -  - 26 37  - 21  7 14  -  -  - 34  - 48  - 19 38 11 15 32  4 30 33 24 49  - 29 31  5 36  -  -  -  2  - 12 23 46 41 47  - 43  3 20  -  6  -  - 25 22
 46 27 31 45  - 44 47  -  6 25  8 15 32  -  3 42 34 13 19  -  -  -  - 49 33 21 37 26 17 50 18  -  -  - 39 22  - 35 43 29  4 12 30 38 36 16  - 24 11 28
 32 47 33  -  - 43 26  -  -  3 30 49  5 14 45  -  -  -  -  - 19 17  - 44  - 20 15 41  2 46 40 11  - 25 18 36 34  4 23  1  -  -  6  - 22 13 29 31  7 50
  4  -  8 13  - 11  - 43 39 17 24 28 48  - 41  - 42  1  - 46 26 38 47  7  9 35 16  - 40  - 14  6 31 30  3 34 44  2 15 33 37 25 36 45  5  - 19 20 29 23
  - 30 36 23  1  - 35 44  - 18  2  - 14 28  - 21 40  - 33  -  - 47  -  - 31 42 32 46  6  - 49  -  4  - 11  - 10 19  3 50 25  8  - 22  -  - 41  7 39 48
  8 19  2  -  -  9  - 30 46  - 32  7  -  - 10 40 47  - 20 42 15 14  -  5  3 44 25 38 49 11 21 12 18  - 29  -  -  -  -  -  - 39 26  1 43 28  -  - 36 17
  9 37 49  - 23  2 12 41  - 36 43 48 39 21  7 38  - 22  4 28  - 29  -  - 34  - 13 16 46 19  1  -  - 35  5 30 15 24 44  3  - 11 33  -  6  - 25  -  -  8
  5 22  - 49 29 42 25  -  1 14 26 24  - 46 48 31 20 41 38  -  - 33  -  - 16 23  - 19  -  -  8  -  - 13  4 39 28  -  - 15  - 21  2 10 32 44  6 35 40  -
  6  7  5 47  - 33 15 29  -  -  - 38 31 20 32 41 45 28  -  - 24  9  -  -  - 39  - 40  - 43  - 17  -  4  8 13  - 12 14 35 19 10 16 44  -  -  - 18  -  -
  -  -  -  - 37  - 44 22 32  9 33 35  - 38  -  - 43 34 23 24 11 21 39  -  -  - 28  -  - 31  - 41  5 47  2  - 42 15  1  - 49  - 20  3  -  7  -  8 50 14
 42  - 34 40  - 16  - 19 14  6 36 25 13  - 37 35 18 46 12  - 47 48 44 22  -  - 26  5 32 23 45 27 50 11 15  -  - 33 24  8 38  3 21  -  7 39  1  -  - 20
 11  - 19 15  8  -  1  - 18 38 49 29 34  6 50  -  9 36  7 33 45 24 42 17 39  -  - 48 41 35 10  2 27  - 16 46 25 26 40 30 20 37 47  - 14 22 44 23 43 31
 41 23  - 43  -  - 11 26  - 28 16  -  -  - 39 50 12 30  - 48 40 37 18  -  - 34 33 49 47  3  2 35 13 14 31  -  7 20 29 46  6 38  8  -  9  - 27  -  - 10
 36  - 46 31  5 40 28  -  - 42 13  - 41 12 24  -  4 14 49 45 38 27 34  - 10  - 11 50 26 29  - 39  -  1 37 20  -  6  -  -  -  - 15  -  - 19  -  - 21  7
