2520
 30  - 17 47 13 14 60  -  4 12 18  - 44 27  - 10  - 51 35 59 36 29 46 38 50  - 34 28 43 45  - 23  5  6 26  -  -  - 15  -  9 24  - 20 41 33  -  2 57 25 21 58  3 42 31  -  -  8 40  -
 40 37 52 27  -  - 58 16  -  9  - 50  - 46  5 54 17 13  -  1  3  -  - 33 29 59  - 48  - 31  -  -  8 55  - 44 53  - 49 22  -  - 60 43 10  -  7  - 41 45 36 24 35  - 18  - 20 32 34 19
 50  - 12 43 59 24  - 56 58 53 46  -  1 44 22 21 42 14 41 23 18 20  - 10 34 55 60 36 16 26  - 37 38 15 39 51  - 13  7 31  - 48  - 30 32  3 45  -  -  9 54  -  5  - 19 57  6 35  -  -
 41  7 31  - 12 17 48 49 38 55 22  5 29 14 58  -  - 42 11  - 54  -  -  - 45 25  - 52 50 13  3 34  9  - 23  - 19  - 43  - 60 39  4 10  - 46  1  -  -  -  - 37 53  - 35  6 40 20  - 30
 10 42  - 31 15  - 11 23  - 38 50 28 47  - 53 30 58 56 32 60 34  8  -  - 21 41  5 16 36 25 44 52  - 26  - 13 27  4  - 12 49 20  1 37 59 18  -  - 29 40  - 35 39 22  7 54 14 43 33  -
  - 57 18 20  -  - 54  2  - 26  - 10  6 45 55  - 15 37 27  - 28 41  - 49 53  3  -  - 42 22 30  -  - 24 48  -  5 44 13  -  - 12  - 29 16 60  4 31 39 19 14  - 40 25  - 17 36  - 47 38
 32 10 14  2  -  - 17 37 13  - 27 54 60  -  -  - 20 26 30 34  -  4  6  - 33  -  -  -  7 12 11  -  - 21 31  5 44 41 59  - 55 43 47 19 46  9  - 53 36 22 16  -  1  - 25 56 15  - 24 28
  - 11  6  - 10 53 15 21  -  -  - 39 41 19 27 55  4  - 40 44 58 14 36 17 49 16 43 42 35  8  - 20  -  -  3 37 48  -  -  7  -  9 30 51 13 59 18 54  - 33  - 50 24 56  -  - 38 29  -  -
  -  - 34  -  3  -  8 41  1  - 24  -  - 37 39 43  -  - 42 36 56 27 29 59 54 14 55 13 51 40  - 44 16 23 28  2  -  - 50 46 38 33 10  -  - 49  - 17 47  - 58 45 31 15  4 11  -  - 12  7
 44 59  - 57 31  - 14  - 36  -  - 46  -  -  -  - 47 17  -  - 23  - 51  - 37 48  -  8 45 21  5  9 28  - 32 30 15 39 22 41 18 60  - 40 49  2  - 50 20  3  -  - 33  - 26  - 16 42  6 10
 21  - 32 18  - 19  4 46 49 10 17  -  - 60 44 27 33  - 31 29 51 28 50  6  - 35 48 14  9  - 24 12 43  - 52 36  - 23  - 30 53 55 20  - 26  7 22  -  -  - 40  2 11  - 45 13 39 57  -  1
  -  - 46 55  - 49 18 36 50  -  1  -  - 58 31  - 27  -  -  7 42  -  - 60 38 13 54 53 17  - 34 10 24 45 47  -  6  -  - 32  -  - 28  - 29  - 23  3 51  -  - 20 12 59 15 16 19 41 14 21
 38 33 58 59 44 28 16  -  - 60 57  - 56 55 49  9 25  3 45 53  -  -  - 42 35 51 41 24 20  - 19  7  - 22  1 43 11  - 48  -  6 29 14  -  - 50 47  8 34 18 27  -  -  -  - 37 52 39 26 23
 22  -  7  -  -  - 42 15  - 20  5 24  3  - 25  -  -  - 48 43 32 56  -  - 18  -  8  - 11 44  - 49 27  - 37 54  4 29  - 39 12 23  -  - 38 28 34 46 17 36 45  - 26  -  - 31 30 58  1 16
 37 45 48 24 19 11 10  -  -  - 21  7 28 38 14 42 22  - 58 32 41  - 30  - 56 12 50  -  5 34 36  - 55  -  - 59  -  1 60 54 57  - 40  6  - 35 25  - 31  -  - 49 16  -  -  4  -  - 17 52
 17  -  - 33  -  - 26 59 53 54 20 57 13 12  - 28 19  -  -  3 10 18 45 14 58 31 42  -  1 55 15 41 25 40  -  - 16 52 24 37  - 50  -  2  -  -  -  -  4  - 49 47 32 35  - 22  -  5 30 46
  - 60 25  -  -  - 20 33  -  - 32  -  - 43  1  - 56 49  - 27 45 42  -  - 41  -  - 11 57  -  - 59  -  - 55  - 10 50  9  4 47  7  - 21 58 36 35 28  2 51  - 44  6  -  -  - 17  -  - 40
  - 41 15  - 17  5  7 10  3 25 44 11  -  -  -  - 50  - 49 37  -  -  - 20 28  -  - 39  - 57 47  2  -  - 40 14 45 31  - 23 29 27 54  1  - 52 36  - 22 30  -  - 51 16 32 55 60  4 35 33
 51 46 49  7 45 59 40 54  - 23 55 20 38 22 10  -  -  -  - 50  - 13 18 11  - 27 47  - 44 48 17  - 41 30 42 16 36  2 33  3  8  - 26 56  -  -  - 34  - 12  -  - 25 29 24 58 21  - 60 35
  - 56  9 37  - 29  -  - 40 33 42  - 24 41  7 20 13 22  -  - 14 57  5 21  4  8 25 47 48  2  - 51 19 44 49 60 12 10 11 59 50 15 23 35  -  6 16 32 26  - 28  1 55 30 38 52 31 18 39 54
 45  - 59 14 43 38 31 42  - 11  -  -  4 34  - 41 26 23 22  - 39 16  - 18 47  - 46  1  - 36  - 32 40 35 10  7 52  - 37  - 27 49 51 17 19  5 20 55 44  - 57 21  2 12 48 50  8  - 13  -
 36  -  -  5  8 10 49 44  -  4  6  - 37  - 43 26 23  1  -  -  -  - 58 12 11  -  -  2 14  - 31 15 51 52  -  9  - 32 42 38  - 57 55  - 33  -  - 35 45 46 30  -  -  -  -  -  - 25  - 34
 15 23 50 56  -  7 38 17 60  1  -  - 48  8  -  -  -  5 12  - 57 35 33  3 19 40  4 22 46 53 14 13 47 10 51 18 32  - 27  - 16 42 11 52  - 29 49  6 28  2 39  - 59 36 58  - 43  - 54  -
  2 27 35 34  - 32 43 30 24  -  -  - 16  -  -  -  - 11  3 20  - 39 31  -  - 57 10 50 56  - 40  - 15 60  -  1 22  5 46 17  -  - 19 12 55  4  -  -  - 29 23  - 38 21  - 53  - 59  9 47
 47  - 53  - 60  6 51 35  7  2  - 16 59 13 42  - 21 39 10  - 15 55  - 34 57  4 17  5 40 29 28 46 18 49 14  -  8  - 54 44  - 56 52  - 11 31 12 38 24  - 41 43 30 33 20 27 22  - 45 26
  1 35  - 54 33  - 34 11 55 32  - 17  -  -  -  -  -  -  5 28 27 45  3  - 43  -  6 59 12 49 38 14 39  - 36 41 26  - 30  - 19 21 42 31  - 15 13 37 25 56 60  - 47  2  -  -  9 44 10  -
 57 18 24 42 27 30  3  - 28 40 38 32 58 25 59 46 60 53 54  - 21 43 35  -  9 15 36  -  -  5 41 17  2 14 56 12 49  - 34  - 10 16  -  -  - 51  - 20 13  - 37 31 44  - 23  -  - 48 22  -
 14  -  8  - 29 48 52  9 35  3  - 60 18  - 40  -  - 15  -  - 17 37  - 32  - 26 24 55  -  6  -  -  -  - 57  -  7 49  - 42  - 22 44  - 54 21  - 58 33 10 50 36 27 53 13 28  - 46  - 31
  6  - 10  - 14 39 50 38  -  - 13  - 32  - 19  - 34  -  8 51 37  -  -  - 36 45 59 23 47  - 57  - 30  4 12 42 33  - 18  -  5 11  - 26 31 53 29 21  7 15  - 46  -  9  - 43  - 16 25  -
 54 38  - 17 32 26 45  - 30  -  - 48 50 29 41  8 57 33 55 52 47 51  -  9 12  7 44  - 60  -  - 22 10 37  6 20  -  -  -  5 15 35 46 49 39 16  - 14 21 31 43 18 42 23 53 40 25 56 19 27
  7 52 26 38 40 51 21  -  - 15 12 31  2  -  -  6 37  - 28  -  - 36 48  - 13 17 56  - 10 35  -  -  3 58 16 55 39 54 45  - 14 34 33 60  - 24  9 59 49  5  - 42 43 32  1 30 44  - 27  -
 28 26  - 35  -  - 57 27 47 48 40 29  - 15 38  -  -  -  - 49 13  - 22  - 20 46  - 34  - 43  -  6 21 53 24  - 51  -  -  - 23 30  -  - 14  - 42 52  -  - 11  5 54 31 59  -  - 45 56 58
 58 36 23 10 50  - 44 22 16 21  -  - 51 52  8  -  - 24  1 18  5 40  - 26  - 34 39 33 49  4 20  3 32 31 38 28 46 53 29  9 30 17  - 57 25 47 48 19  - 54  - 11 41 14 60 45 56  - 43 13
 35 48  - 50  -  - 29 19 17 30 43 33 40  - 36  -  2  7 37 57 24 12 41 31 59 44 15 38  8  -  -  - 56 28 34 53 42 14 32 58 20  6 45 23  9 22  - 13 46 27  3  - 10 54 51  -  - 52 21  -
  5 30  -  -  - 42  -  - 31 39  - 14 35 50 28 13  9 59  -  - 25  - 60 45  -  - 33 40 23 16 21 29  6  8 17 46 38 11  - 15  - 37 36 22  - 43 32  4 54  1 34 51 18 58 10 44  -  - 57  -
 56 58 29  -  - 16 30 28  2  8 39 34  - 10  - 31 48 55 20 11  9 47 27 43 15 21 22 45 41  - 42 24  1 18  -  3 13 57  - 14 52  - 38  7 50 26 19 40 53  -  - 17 36  - 33 35  -  - 37  -
  -  -  2 30 21 31 56 51 59 47  - 41  - 36 32  - 44 16  -  - 60  1 12  -  - 20 13 58 33 23 43  4 53  3  5 26 18  - 39  - 54 45  -  -  -  - 38 25  9 14 10  - 46 49  - 42 28  - 52 24
  8  1  -  3 52 34 39  -  -  -  - 38  - 57 23 51 40 58  - 21  - 59 37 46 44  2 27 12  6 33  - 42 35  - 25 47  9 18 31  - 45  - 48 15  -  -  -  5  - 13 56 16 22 10  -  - 41 60  4 49
 16 49 45  -  - 57  - 31  - 41 15  -  - 17  - 24  - 12 33  -  -  -  7  1  -  - 35 54 22 59  - 28  - 50  -  6 29 38  - 10 11 47 32 39  -  - 27 26 58 20 52  9  - 60 43  - 13  -  -  5
  4 47 43  8  - 37  5  - 18  -  2 45 31 21  - 49 54 27  - 38  -  - 20 35  - 50 11  -  3 24 25 57  - 32  - 29 17  - 10 55 28  - 41 48  -  1 58 16 40 53 51 15 34  -  6 33 23  -  - 60
  -  -  - 16  -  3 55 52 42  - 60  1 12  2 18 17 45 28  - 35  6 33 34 54  - 36  -  - 29 27 37  - 44 20 13 31  -  -  -  -  -  -  -  - 15  -  8 22 10 59  -  -  - 51 40  9 57  - 41  -
 33  5  -  - 24 41  -  1  - 35 49  -  - 31 37  3  -  2 59  - 11 52 23  -  - 30 16  - 26 18 27 40 36  9 43  - 25  - 21 34  -  -  -  - 60 17 46  7  - 44 55  - 58  - 14 39 42 38  - 51
  -  8 37 21 47 54 28 26  -  6  - 15 22  5  - 32 49 45 46 40 12  - 57  -  2 43 20  -  -  7  - 16 50 41  - 17 59  -  - 25 39  1 24 36 52 11  -  - 27 38  -  -  - 18  - 51 35 23 29 48
 31 51 11  -  - 40 53  - 25 42 35 26  -  -  3 14 24  8 43  5 48 15  9 30 52 29  - 46  - 19  - 47  -  - 27  4 57  - 28 13 33 54 34  -  6 55 56 44 37 50  - 59 45 17  2 41  - 22 38 36
 26 25 30 39 57 13 37  - 19 56  -  9  7 20  -  5 11 44  -  -  - 46 10  -  -  6 18 60 59 15  - 43  -  -  -  -  -  - 38 51 40 41 29 42  - 58  -  1  3 47 22 32 23 24 52 36 50  -  -  -
 13  - 39 41 28  - 35  - 10 43 14  6  -  - 15  - 46 32  -  - 52 38 56  -  - 33 19  -  -  -  -  - 54 34  - 22 55 20 12 11  - 59 17  - 37 45 50 29 48  - 44  3  -  - 36  2  -  1 16 42
 43 44  -  - 34 45  9  6 48 36  - 55  -  - 17 35 10 29 14 31 50 24  - 57  - 60 51  -  - 20  - 19 37 56  2 33 30 42  1  -  -  4  - 53 21 27 26  - 23 41  -  - 15  -  -  -  - 28  7  8
  - 50 38 40  -  4 41 25 32  - 48 22 30  - 16  2  7  6 24 10  - 58  1 53 46 18  - 15 39 37 13 54 17  -  - 52  - 26 36 56  - 44 27  -  - 23  - 60 42  - 20 29 19  -  5  -  - 21  - 57
  -  -  - 46  2 60 24  -  8  -  -  - 36  6  - 19  -  - 44  - 16 10 14  4  1  - 26 17 52 32  - 55 59  - 22 48 41 43  - 27 58 38 35 13 20 56  - 23 18 28  - 25  - 37  - 15 29 40 50 39
 27  9  - 12  1 46 59  -  - 34 53  - 39 18 47 22  - 30  -  - 35  5 38 56  8 32 52 31 25  - 10 33 26 54 60 50 43 45 40  -  -  - 16 44  - 19  - 51  - 23 13 57 29  -  - 14  4  7 58  2
 55  - 33 52 56 21 22 60 44  -  - 42  - 53 54  - 51  9 23 16  4 50 25 29 14  -  - 26 24  -  -  -  - 48  - 49  1  8 41 47  -  -  6 28  - 38  - 45  - 57 31 30 13  - 34  - 27 12  3 59
  -  4 42 44 41 33 47 29 26 16  - 23 19 59  - 45  3 40 50  - 22 54  8 51 31  -  - 18  -  9 52 27 13  - 58 25 24 60  6  -  -  - 21 55  - 57  -  -  - 11  2 48 28  5 12  -  - 14 49 15
 11  -  5 58 16 12 25  4 22 46 31 44 57 33 60 18 14 19  -  - 26  6 47 15 48 39  - 37  -  -  -  -  7  -  - 34  - 27 35 53  - 28  - 45  - 20 59  -  - 17 38 56  9  - 49  - 55 30 23 41
 49 15  -  9  -  - 23 50 33 14 11 35 46  - 26  -  - 36 29 25 55 17 13 39  6  - 37 56  - 10  -  - 45  7 41 40 58 19  -  2  -  3 12 59  - 54  -  -  5  - 24 34 60  -  - 32  - 47  8 44
 25 22  -  - 23  - 33 48 15 50 41  - 52  - 51 40 30 54 16 56 38  7 49 55 10 19 12  - 37  -  -  5 60  2 35  - 31 21  -  8 34 32 58 18 45  - 44 27 11 42 47 53 57 43  -  - 26  - 28  9
 46 54  - 36 30 47 13  -  6 37 56  -  -  -  - 57 29 38 15 41 49  - 53  5  - 28  -  -  -  -  - 58 52  -  -  - 35  -  2  1 26 19 18  - 23  - 51 39  - 55 48  -  7  3  -  8 34  - 20  -
  - 55 60  -  - 25  -  8 12 13 23 40  -  9  6 38  5  - 52 17 31  - 16 37  -  1  - 35  -  - 22 26  - 39 20 27  - 56 53 28 44  -  - 58 34 41 24 57  - 21  - 14 48  7 47 29 46 10 51 11
 39 13  1 28 11  2  -  7 56 29  -  -  - 23 57 52 55 20 60  - 19 22 42 25 16 37 49 30 15  - 48  - 58  -  - 45 21 51  - 43 32 31 53  - 44 10 41 24 12 26 35 33  4 40  9  5 59 34  - 50
 20  - 51 49 48 15  1  - 11  - 10  - 21  -  4 47  - 31 34 55  - 23  -  - 60 38  9 27  2  - 39 30 29 19 46  - 14  -  - 26  - 18  -  -  - 13 40 36 16  - 32  - 52 50 56 25 54 17 42  -
 29  -  - 26 46  - 12 53  -  - 37  - 27 30 52 60 43 35 57 47  1  - 59 19 24 42 58 49 55 50  6 56  -  - 15  -  3 16  - 33  -  -  -  - 51 44 17 48 38 34  - 13 14 41 39 10  2 54  - 45
