2520
  5  - 39  1 58 34 41 20  - 12  - 15  - 24  -  -  3  - 47 36 52  -  - 46 11 27 37 28 44 31  -  -  -  - 50 13  2  9  - 26 40  -  - 51  - 23 25  -  4  - 21 33 53  - 45 59 60  - 57  -
 27 40 37 13 50 22 33  5 21  1 26 44  4 56 54 58  8  -  3  - 43  -  - 10 19 35  -  - 39  - 42  - 18 36  -  - 31  - 60 55 30  6 11  -  - 41 59  - 46 57 38 53 49 51  - 48 14  9 12 16
 16  - 51  3 30  -  -  4 44  - 29 55 37 22  -  - 10  - 39 50  9 20  -  1  - 18 14 26 53 15 52  - 17 60 31 58 38  5 35 27 45  - 33  2 28  - 24 42 36  - 49 32  - 54  7 41 46  6 21 13
 60 14  - 55  -  - 48  7 46  -  -  - 59 35  -  - 22 16 12 32 33 19 39 45 30 23 50  4  - 10 36 25 51  -  -  - 37 28 54 15  1 47  8  9  -  -  -  -  -  3 58  - 40 21  - 31  - 56 26  -
  - 43  -  -  - 13  - 31 25 52 11 23 36 33 47  - 24  - 45 39 17 51  - 27 18  5  - 20  -  1 58  -  - 37  - 41  6 14 56 35  7 49 12 57  -  4  - 28  -  -  -  -  8  - 26 15  -  - 30 54
  4 56  - 10 59  - 34  - 13 11  1 58  8 21 16 33  6  -  -  7 26  -  - 54  -  -  - 50  - 35 14 18 27 19  - 23  5  3 24 52 46 39  - 38 45 57  - 49  - 44 20 42  - 12  -  - 53 30  - 15
  3 13 46 49  1 17 11  - 36  - 31 14  6  - 42 37  - 33  -  - 21  -  -  -  - 24 10 48  -  - 38  7 16 41  - 59  -  - 40  4  -  -  - 54 18 29 20  - 50 30 47  -  5 32  8 44 45 19 34 22
 23 60 49  -  4 40 31  - 47 56 17 45 32  - 26  - 12  -  - 20  - 37  2 51 52  - 28 13  - 46 18 42 35 48  -  3  -  -  -  1 53 33 36 43  -  7  - 14 21 16  - 25 54 19 55 10 11  - 59  5
 46 27 29  9  - 16 53  -  -  - 41  -  - 32 24 17 20  -  - 48 47 49 44 26  - 40 23 19 36 43  5 21 42  -  - 33 18  - 52  7 56 10  - 11  6 50 45  2  -  - 54  - 13 15 14 38  8 31  - 51
 21 12 17 42 38  - 26 60 15  - 16  8 24 34 10  - 50 57  - 43 53 35  - 20 23 54 49 55  -  - 46 58 37  -  - 22 45 41 27  2 59  - 47 40 11 51  -  - 33 52  - 39 14 29  - 32 28  5 48  1
  - 18  - 31  - 32 57 39  6  - 46  5 20 53  - 49  - 35 15 28 48  8 26 25  4  -  - 51 11  - 45 13 33  -  - 27 12 38 59 37 29 34 14 58 36  9 21 17 55  2 24 10  -  - 42 47 22 40  - 41
  -  - 21  - 54  8  - 47  - 40  3 18 48 28  - 11 42  5  - 56  - 53 32  -  2  - 25  -  1 39 12  - 14 58 60 38  9 52 10 20 34 41 13  - 24  - 50  - 26 15  - 45 57  - 17  - 19 59 49 37
 50 23 35  - 51  - 40  - 59 21  - 32 11 42 56  - 55  - 33 22  4 47 43  -  - 19  7  - 30  -  -  - 39  - 18  1 14 13 25  - 41 48 15  -  2 53  -  -  -  - 45  -  -  8 46 49 44 52  -  6
  - 25  9 56  -  - 30 45 28  - 51 26 22  -  6  -  4  - 23 19  - 54 35 39 57  - 60 58 40  -  - 47  1  - 42 14  - 34  - 59 18  - 53 44 32  2 15 50  - 21 10  - 16 17 20 43  - 41 13 55
 59 58  1 25 39  2  - 11 38 42  -  - 41  -  -  - 54  -  4 18  - 14 10 43 48 37 33 52 26  7  9  -  - 22 24 30  3 45 12 28  5 53 51  -  - 55 23 34 15 60  - 57 47 49  - 50 21  - 40 32
 30  - 50  - 29  - 24 40 27 15  -  - 60  -  -  - 48 51  -  - 49 52 16 41 53 38 26 34  - 37  -  6 13 21  4 18 57 22  8 32  - 42 25  - 44 19  - 46 20 56 17  5 36 55  -  1  - 35  3  -
 22 47  5 30 24 42  4 54 11 16 21  -  - 48 49 45  -  - 41 26 58 13 17 15  -  8  6 56 43  -  - 59 46 14  - 19 60  -  9  -  - 38  - 27 31  - 51  - 52 10  - 29 39 34 28 33 36 57  2 53
 58  - 38 57 49 14 46 44 31  -  - 60  -  -  - 16 27  6  -  - 15 34 54 11  7  -  -  - 12 22 37 41 30  - 25 21  - 18  4 48 26  5  2  1  -  - 29 43 45 51  3 20  -  9  - 39 24  -  - 28
 15  - 55 51  - 47  - 26 19  -  - 46 33 60  -  3 11 31  - 13 20 27 34  7 45 52 18 57  - 54 32 53  -  -  - 12  4 36 14 42 39 23  - 22 41 37 40 59 49 17 30 58  1 25  -  - 10 38  9  8
 44  1  4 28  -  - 35 32 60 54  -  - 39 30 46 24  - 27  -  - 11 22 52 55 13 41  5  -  - 34 50  9  8  -  -  - 36  6 21 57 23 17  3 59 10  - 19 15 37 53 14  -  7 58 33 12  - 25  -  -
 32 15 47 33 37 49  - 25 45  - 18  9 56 19 58 12 13 21  -  5  -  7 24  -  -  4  - 59  - 14 54  - 23  2  - 60  - 16 20  6  -  -  - 26 34  1 10  -  - 41 53  - 17  - 38  8  - 46  - 29
 31 52 12  6 20 59 39 21 14 25  8 53  -  -  9 10  -  - 37 16 35  5 45  -  3  2 38 44 22  -  7  4 54 50 32 28 47  1 58 13 42 19 18 33 43 26 48  -  - 46  - 49 27 11 34 29 55  - 15 56
 40 57  - 58  - 54  - 19 26 10  - 31 12  - 53  8  - 22  2 27 56  -  -  - 20  7  - 45 55 42  - 50 38  - 14 17 24  - 30 33  - 25  1  - 37 47  4  9 51 39  - 41  -  3 32 13  - 16 28 35
 28 36  - 19  -  7  - 52 39  - 54 11 53  -  -  2  -  - 29 14 42 33 21  - 34  - 47 18  -  -  4  - 22  - 51  5  - 17 26  - 43  - 24 31 57  - 30 55  - 32 41 13 45 37  -  -  -  1 50  3
  -  3 15 48  - 60  7 17  9 18 35 34 16 12  - 13 41  - 49  6 44 50  1 56 21 59  2 29 45 30 51 46 32  -  5 54 22  -  - 40 19  4 52 20 33 58 55  - 14  8  - 23  -  -  -  - 31 42 39  -
  - 10 32  - 15 24  3 35 41 49 43 54 52  7  4  -  - 18 59 17 19 25 56 13 51 45  -  5 38  - 53  2 21 40 11  - 33 30  - 50 57 29 55  - 42 31 14  1 58 47 37 12 60 46 27  - 39 48 36  9
  - 24  - 11  -  4 14 48  3 45  -  - 35  9 52  -  - 30 50 37  -  -  - 21 42 20  -  - 19  - 34 17  2  - 39  - 43 46 53 25 32 44 58 55  8  -  - 47  - 54  -  - 22 27 41 26 59  - 56 31
  8 30  - 59  -  - 43  -  -  - 32  4  -  - 11 22  - 15 58 60  - 39 36 57 12  - 40  - 54 18  3 55 41 28  -  6 42 26 51 21 10 20  - 45  9  - 16  - 34 49 13 31 24 56  -  2 47 23  -  -
  2 20 31 54 32  6  -  - 57  -  - 24 26 49 17 43  - 46 34  - 38 29  3 19 37 44 27 39 41 33  -  -  9 55  - 15 35 42 22  5 60 51  -  - 53 56 28 16 30  -  1 21 18 50 48  4 58  -  - 14
 41 31  -  -  9 11 20  -  - 17 22  - 55 47 14 40  -  -  - 33 50 57 48  3 32  - 12 38 23  -  2 51  -  - 10 37  - 56  - 58 21  - 34  -  -  -  7  -  -  -  5 35 44 52  -  -  - 36 45 25
  - 33  -  -  - 37 56 12  - 32  - 30 42 14 19  - 59 48 31 51 45 17  -  4  9 11  -  8 21  5  -  -  - 52  6  7 26  - 13 36  2 22 27 34  1  -  -  -  - 24  - 40 38 44  - 53  - 28 41 23
 13 45 22 53 44 36  6  -  8 27 48 42 49 50 43  -  - 17 56 10 59  -  5 31 14 57 19 37 35  - 39  -  - 38 47 26  -  -  7 16  9 60  - 30 54  -  - 58 24 28  -  - 20  - 11 23 12  -  - 21
  1  - 20 12  -  - 28 23 49 48  2 59 31 11  -  - 58 34 53  - 16  -  - 17  -  3 35 42 14  - 21 45  -  - 33 46 52 40 32  - 47 30  - 13 60 22  -  -  - 25  - 51  4 36  -  - 38 29  -  -
  9 22  - 17  - 55  5 30  -  - 23 36 21 44 60  - 29  - 18 31 41 15 27  - 54 53 13  - 16 52 19 37  -  1 20 39 58 49 43 11 25 28 10  -  - 46  3  -  8 42  4  2  - 26 51 56  -  -  6 40
 10  - 42 39  - 30  - 14 52 38 45  6 43 16 23 35  - 58 57  - 27  - 28 33  5 12 17  7  -  -  - 11  -  4 41 25 21  8 44  -  -  - 19 50 49 20  - 51  - 37 55  -  - 47  1 54  - 60  -  -
  -  -  -  4 42 15 58 49 33 22  5  - 27 20  - 47  1 53 28  8 10 59  7 23 44  - 51 32  - 21  - 31 40 12 55 48 46  -  2 39  - 11 16 60 29 34  - 45 17 50 56  -  - 41  3 19  6  -  - 38
  -  -  6  -  - 25 54 24  - 14  -  -  7  - 15 53 19  -  - 47 36 46 40 18  - 21 44  -  5 49 29  - 11  - 17  -  -  2  1  - 58  3 42 41 56 28  - 35  - 33 51 52  - 13  -  - 30  -  - 26
 34  -  3  - 14 27 36  -  -  -  9  -  1 46 22  6 43 28 24 42  -  -  - 52  -  - 59  2 25 51 30  - 53 57  - 45 39  - 16  - 20  - 56 21 47  -  - 31  -  - 40  - 15 18 60 37  4 13 17  -
 26 46  -  -  -  -  9 53 24  -  -  - 13 36 40  4  -  -  6  -  -  - 50 16 56 15  1  3 49  -  -  -  - 42 58 34 28 37 29 43  - 14 21 23  -  -  - 22  - 31 48 11 33  - 54 20 27  -  - 57
 38 35 56  - 41 18  -  - 20 39 30  -  -  - 32 27  7  -  1 49 60  9 31 40  -  -  4  6 42 47  8 12 15 23 19  - 10 48  - 34 54  -  - 16 51 21 52 33  5 29  -  3  -  - 36 11 13 14 24  -
  - 49 25 52  - 39 59 38 32  - 33 56  - 10  8 21  -  2  -  4 23 45  - 36 24 13 34  -  -  - 20  -  - 30  1  -  - 58 42  -  - 26 60  -  - 54 22 11 40 35  - 15  - 53 57 27  7 55  5  -
 56  4  -  - 55 41 19  -  - 46  -  -  - 31  - 38  - 37 44  -  - 12  9 60  -  - 20  - 13  - 11  - 26  - 54 40  -  -  -  3 49 16 45 17 23 36  2  - 42  - 27 50 52  -  6 30  5 24  8 47
  - 38  -  - 13 26  -  3  - 47  6  7  - 39  2 29 16  - 60 11 25 58 20  - 46 48 21  9 17  - 23 22 49 15 40 44  -  4  5  -  8 45 31 56 55 24  - 54  - 12 43  - 32  - 19 18 41 37 51 50
 11 32 60 29 19  - 51  -  5 26 55  - 45 18 44  1 37 36  -  - 40  - 15 48 59 34 42 54 33 27  - 20 50 46  -  - 17  - 57  -  -  -  -  -  7  6 58  4  - 38  - 24 35 16 43  - 23 10  - 39
  -  6 10 41 25  -  - 59  - 29 13 38  5  - 31 20 56  3  -  - 24 11 14 32  - 16 58 40 60 50 27  - 57 49  - 42 34 21 55 47 35 37 46 53 39 44  - 12  -  - 19  -  9  7  -  -  1 51  4 45
 51 28 59 50 40  - 32 41 10  5 39  - 15 25 55  7 21 47 20  -  - 48 49 42  8 56  - 12 24 60 43 23 36 26  2  9  - 31  - 45 16 18 22 37  - 33 57  - 53  4 29  -  -  - 44  - 52  -  - 17
 36  5  - 24  - 29 47  6 23 59  - 33  2 45  7 55 18 56  - 25 46 60  - 14 38 58 57 53 27  -  - 34 28 51  - 16 15 50  - 41  -  -  -  - 40 12 35  - 13  9 42  -  - 48 31  3 37 39  1 49
 53 16 13 36  - 45  -  -  - 60 47 10 54  -  - 19 49 38 48 15  2  -  -  9  - 42 52 11 34 26  1 35 44 39 56 50 32  -  6 46  -  7 20  -  - 30  -  5  - 58  - 14 37 57 59 40  -  - 29 27
  - 19  -  - 60 21  1 33  -  6 40 22 47  3  -  - 28 44 54 57  -  - 51 38 41 14 48 27 46 32  - 24  - 56 59 55 11 35 31  - 37 50  5 42  - 45 34 29  -  7 26  -  - 39 53 52 15  - 43  4
 55 37 41  - 46 44  - 16 42 33  -  - 18 17 59  5 26 45 14 23  - 10  - 47  - 51  8  1 15 56 49  -  - 11  3 31  7 29  - 24 13  9  -  - 12  - 36 20 38  -  6 43  -  2  4 58 35 53  -  -
 14  -  - 47  6 50 37 55 40  3 15  2  9  - 51 26 33 43 52  -  - 31  - 28  - 22 45 21  4 48  -  8  5 35 27 36 41 54  - 60 44 24  - 49  - 13 11  - 18 34 32  - 23 42  - 17 20 12 58  -
 49  -  - 21  -  -  -  -  4 13 57 51 40 37  - 50 17 23 42 44 32  -  8  2 43  - 41 22 59  - 15 19  - 34 36 11 56 25 45 14  6  - 26 28 46 60  5 53  9 55 39  - 29 30 52  -  3  - 20  -
 45  - 44  7  -  -  -  - 48  2 53  - 28 55 27 51 36 19  - 41  1 16  -  -  - 50  9 24 47 25 40 32 58 43  - 57  -  - 33  -  - 52 37 12 26  - 13 23  - 11 18  -  -  4 22 35 56  3 31 34
 25 17  - 14  2  - 50 43 56 31  - 19 29 57  3 46 53 11 27 54  -  - 33 44  - 55  - 60 58  8 41 28 47 10  - 20  - 23  - 51 48  -  6  -  - 35  1 21 32 45 59  -  - 38 12 42 18  7  - 24
  -  - 11 60  - 46 42 50 54  -  - 29 25 58  1 23  - 39 13  3  - 43  -  - 15  - 22 41 56  - 17  - 48  8 57 49  -  7 28 30  4  - 44 36 52  5 47  6 27 18 12 26  -  -  - 45  - 20 32  -
  -  -  -  -  - 53 29  2 51  - 60  -  3 38  -  -  5  4 55 45  6 23  -  - 10  - 31  - 37 17 24 26 52 33  - 47 25 19 18  -  - 57 59  8 30  -  -  - 28  -  -  1 48 20 40  - 50  - 14 46
  -  - 53 23 36 31  2 42  - 24  4  - 17  -  -  -  - 12  - 46  8  - 60 58 33  - 43  - 52 19  6 14 45 20 13 56  -  -  -  -  -  -  -  -  -  - 49  7 39 26  -  - 28 22 21 34  - 15 25  -
  - 41 28  - 22 52  - 46  -  - 34 37 19  1 45  - 47 50  - 58 14 44 53  8 29 17  - 36  3 57 16 40  -  -  -  4 20 27  - 10 33 12  -  -  - 32  -  - 23  - 35 54 11 31 49 51 25 26 42 30
 33  -  - 37 28 19 45 58  -  9 59 16 51 54 18 42  -  7 10  -  - 21  - 29 49 25  -  - 57 11 48  - 20 32 26 35 53 43 47 17 12 46 40 52 38  3  8 60  - 14 23  - 41  6  -  5  - 22 27 36
  7 21 45  -  -  - 22 28  - 44  -  - 46  - 57 41 14 29 38 30  - 36 25 59 17 33  - 43  8 53 47 60  -  - 52 24 23 32 11 12 15 40 49 18  - 16 31 26  -  -  2 27  -  -  -  6  9  - 10  -
