2520
 50 57 58 46 43  3  1  - 15  -  -  - 30  - 26  -  - 31 13  -  5  - 48  - 53 20 45 56  - 11 32  -  4 17  - 60  6  -  - 28 55 12  7 27 29 21 37  -  8  - 38 49 59 25  - 24 52 18 51 35
  -  - 48  3  -  - 56 58 23 46 14  5 40 43 51  - 53 33 50 55 35  -  -  1  -  2  -  - 24  - 20 45  -  -  4  -  -  8 42  - 60  9 28  - 54 22 36  7 30 52 16  - 21 31 18 12  - 19 59 47
 45  1 15 39 52 27  -  -  5 49 32 38 57 37  - 56 18  -  - 31  - 34 24  7 46  -  3  - 40  - 16 43 54 30  2 58  - 47 59 51  -  - 50 10 22 55  -  -  -  - 25  8 42 12 53 48 19 60  - 21
 16 12 22 54 32  - 31  2 18  5 57 35  6  8 19 45 11 10 26 27 46 48 53  - 47 34  1 13 28 37 49 40 36 21 14 52  - 44  - 33 51 43  3 25 23 58 50 39 56  -  9 17 15  -  4 20  - 59 29 42
 52  - 50  - 60 13  -  6  - 33  -  9 51 10 37 27 57  - 31  -  8  - 40 47 59 58 30  - 35 43 23 49  - 20  -  -  7  2  - 16 28 56  - 19  - 29  - 42  1 34 24 53  4 36  - 45 32  -  - 14
  - 52 40 24  -  - 11 16 54  - 43 18 58 32  - 10 17 23  7 38  - 21  5  2 36  -  - 37 31 50 47  4  8 13 55  - 33 53 45  - 15  -  - 12 14 56  - 19  - 28 46 39  3 29 26  -  -  - 49  -
  - 13 51  - 42 57 46  -  - 10  6  - 33 27 18 39 56  2 25 59 54 19 43 22  5 35  - 38 49 60  -  - 50  7 30 21  -  9 11 58 31 55 26  - 37 41 20 40  -  - 47  - 53 14  -  -  - 29 52  4
  1  - 46  7  - 32  - 50 10 55 49  - 59 28 23  3  - 18 47 24 38  - 21 35 11 15  9 12 45  -  -  - 14 33  5 51  - 27  - 60 29  8 36 57 16 26 19 44  6 53  -  - 56 52  - 41 54  4 40  -
  6 10 42 22 13  -  - 30 36 25  - 31  - 60 15 50 19  - 17 37 47  4 16 27  1 38  - 54  -  - 14  -  - 51 28 24 55  -  -  7  - 39 52 45 20 46 57  - 21 26  8 35  -  -  - 34  - 11  -  -
 12 35 25 60 59  - 26  - 19 23 18 37  - 57 21  2  - 52 46  - 16  7 45  -  - 10  -  -  8 20 48 51 44  4 53 39  3 50 30 15  -  - 32 24  5  6 33  - 34  -  - 58  1 22  - 56 55 42  9 43
 31 28 38 47 56  - 42 21  -  - 23 20  -  7 48 46  - 13 14 19 45 43 59 32 34 29  - 51 27 44  -  -  - 53 18 49 25 37 22  - 57 54 12 36  - 50 52  3 55  - 35  - 30  -  2  - 58  -  - 39
 14 25 47 13  -  - 28  -  7 42  1  - 16  - 39 37 50  - 27  9 57  - 12  - 43 21  - 46  -  -  - 34  - 54 40 56 24  - 17 26 19 48  6 44 59  - 58  - 49  3  - 22 29 55  8 23 11 36 31  -
 46 20 10  5  -  - 12 32  -  - 17 43  -  1  4 51 24 16 40  - 34  -  - 52 27 26  -  - 37 33 15 14  -  -  - 30 28 49  - 13  - 59 44 22  - 42  -  -  - 56  - 36  8 18  -  - 25 48 60 55
 27  7 12 36  9 52 50 18 26 21  -  6 43  - 44 14 31 56  - 39  - 35 33  - 40 11 19 34 20  - 10  - 42 15 58  - 22 29  -  -  - 13  -  -  2 23  5  - 60 45 28 54  -  - 25 38 16 30  4 24
  -  - 29 58  - 41 16 25 33 50 35 47 60 40 34 53 42  -  6  8  - 27 55 14 31  - 26  -  4  -  - 21  - 44 39  -  -  5 18 56 12 10  - 23 11  - 22 13 15 46 45 43  - 38 30 28 48  - 54  -
 15  -  - 53 21 37  - 11  -  8  7 29 27  - 13 42 54  - 28  -  -  - 46 44 25  -  -  - 19 23 36  9  - 35 17 26 12 16  - 50 20 51 45  4 60 10 31 41 22  2 30  5 43 57  - 18 38 34  - 49
 18 38  1 14 40  -  8 19  - 13 22 26 42 58  5 28 36 60  -  - 20 51  4 29  -  - 25 53  -  - 27  6  - 24 59 54 57  -  9 44 45 47 43  - 41 35  -  - 50 10 52  - 17  -  - 49 12  -  7  -
  5 24 55  -  - 28 27 53 44 26 46  -  -  3  1 19 38  - 52 12 22 49 25  -  - 13  - 32 42 58 18  - 10 36  7  9 34  - 41 11  6 14 29 33  - 17  -  - 40  -  - 50 39 59 23 47 51 43 45 60
  -  3  - 16 58 14 40 54  1  -  8 23 18 51 31 36  -  4 10  5 26  - 50 21  9 57 33 15 11 25 37  -  - 28  - 45 48  - 60 43 24 49 34 53 42  7  - 27 17 19  - 12  -  -  - 52  -  - 38 29
 42  -  -  -  - 59 39  -  - 56 29 40 12 53 38  5 58 45 44 30  - 18 41 23 51 16 46  -  - 35 26  - 22 32 11  3 50 13 48 21 36  7 37 54 28 33  8 24 10  1  -  - 25  2 57  - 34 55 15  -
 37  - 45 48 23  - 59  - 35  9 60 13  - 11  8 33  - 36  -  -  - 42  6 41  -  - 47 29 25 10 19  - 34 46  - 15 38  - 53 24 56  4 16 17  - 49 27 28  - 51 54  -  - 21 12 55 30 58  5 26
 59 44  - 23  8  - 32 20  -  - 51 19  -  -  -  1  -  - 58  -  - 25 11 56 13 43  -  - 16  5 60 10 17  - 57 18 14 22 39 48  2 38 24  - 21  - 42 53 36  -  -  - 26  6  3 54 33  -  -  -
 21  - 17 43 28  -  - 51  -  2 34 53 44 13  - 11  5 14  - 36 25 26 47  8 15  - 52  -  -  -  -  -  - 31  - 50 10 40  6 37 39 35  1  -  4  - 24 48 33  - 18 59 45 27 46 58  9 56 23  -
 58 11  2 49 29  - 55 12 48 27 53 28 22  - 32 18 43  - 34  -  - 23 37  - 45 40 60 57  -  -  -  -  - 39 21 16  - 31 35  1 46 50 33 30 10 15  - 25  -  7 20 44  5 26 56  -  - 47  - 51
  -  -  -  - 12 19 38 36  - 39  -  -  - 44 57  -  4 37  1  - 58 45 30 34  - 49  - 60 53  3 50 35 18 16 29  - 52  6 55  - 41 21 40 32 17 48 11  - 24 25 31  - 54  -  - 26  -  9 56 15
 34  5 31 10  -  - 58 57 46 32  -  -  3  - 16 54 51  1  -  6  -  -  -  -  -  - 59  -  -  - 41  -  - 50  -  - 49 30  - 22 52  -  - 38  7  2 23 55 45  9  - 18 40 17  - 33 14 24 43 28
 17  - 44  1  5  - 45 33 49 36  - 10  - 52 22  - 47  - 41 43  2 37  8  -  -  - 29 18 58  - 11 42 28  - 32 35 23 21 13  -  - 26  - 20  - 60 39  -  3  -  - 48 51 40  7 27 57 31  - 16
 30 54 19  -  7 12  -  - 50 14 21  4 25 20  - 17 41 15 39  - 59  - 51  - 24 28 43 22  - 13  - 58  -  6  3  -  - 32 46  5 44  -  -  - 18  - 49 33 23 37  - 40 27 35 38  1 53 57  - 56
 35 41 18 11 38 54 43 29  - 44 47  8  - 15 24 20  -  - 42 25 32 60  - 36 58 56 16  - 13 31  - 37 27  1 49 19  -  -  -  4 59 46 48 26  - 34  -  9  -  -  - 14 28 53 50 17 21 23 33  -
  - 50 37  - 34 44  -  1 45  4 36 33  -  5 60  -  - 48 30  - 42 32 22  - 28 39 17  7 51  - 56 25  - 43 23 14 16  - 26  -  - 57 19 59 12  -  - 18 29 38 13 55 58 54 21  -  -  6  - 53
  - 53 52 44 10  8 54  - 34  -  - 24  4  - 46 58 20 38  9 35 15 14 17  6  -  5  -  2 23 21 33  1  - 57 50 59 56 11 27 29  - 32 13  - 49 36 28 12 16  - 51  - 47  -  -  7 37 25 39  -
 19 22  4  -  - 43 60 34 20 17  - 25 26 35 27 44  -  8 56  - 28 40 18  - 30 53 24 11 38  2  - 48  9  - 52 37 41 51  1 54 13 33  - 21  -  - 45 16 39  -  - 46  7  - 31 36 29 15  6  -
 57  - 49  4  -  - 37 56  - 20 25 30  - 21  7 26 22  9 36  - 31  - 23  -  -  -  8 24  - 59 28  -  - 48 45 43  - 42  - 14  -  - 51 50 35 11 55  5  -  - 44  - 38  - 39  - 27  2 47  -
  -  - 24  -  3  7  - 26 56 45 58 46 35 48 17 32 34  - 15 18 21 39  2 60 42 31 41 49 22 19  9 28  - 25  - 33 47  1  - 53  5 37 59  -  -  -  -  - 14 29 23  - 11  - 52  -  4 44 27  8
 44  - 16  9 30 40 24 23 37 53  -  3  -  2 10  - 27 26 55 50  - 56  7 59 54 32  -  4 15 49 35 33 19  - 12  - 11  -  -  - 22 18  -  - 47  -  - 52  -  - 60 25 13 45 17 42  -  5 46  -
 39 34  -  - 47  - 53  - 59  - 28  - 54  -  3 48 21 17 37 57  - 30 44 46  2 22 12  - 41  4  - 13  -  -  8 40  1 19 31 49  -  - 25 60  - 38  -  - 43 50 26  6  9  -  5  - 23  - 36 18
  -  -  - 59 46 31  -  -  9 52 56  - 50 39 54 12  - 20 60 45  7 41 28 51 23 27  - 48 29 55 24  - 57 49 43  -  - 58  -  3  - 17 30 11  - 16 47 21 32 40 34  -  - 15  - 35 26  - 10 19
  -  9 39 33  - 10 36 35 14 43  -  - 37 59 11 31 46  -  -  - 19  -  -  -  -  7 58  -  - 24  -  -  - 26 16 23  - 52  4 45 53  3 54  2 57  - 56  - 47 44  -  - 49 30 40 50 42  -  1 32
 20 42 57 17 19  -  -  -  4 30 13  -  - 56 59  -  - 34  2 53  -  - 32  -  3  - 14 44  - 54  6 50 52  - 31  - 40 25 23 39  -  - 35 15 26  9 60  -  -  -  1  -  - 46 36  -  7 49 41 38
 25 23 54  - 24 39  -  -  - 40  -  -  -  9 50 22 55 12 57 56  - 11  -  -  -  1  - 20  - 47  - 27  -  - 34  - 31 36  - 46 21  5  2 37 58 43 59  - 13 48 33 45 18 16 49  3  - 35 30  6
 56 51 13  6  - 55 48 46  -  - 40 52 19 41 45  - 49  - 54 33 37  8 10  -  4 36 11  - 30  7 21 32  3 47  - 27  -  - 24 12 17 58  9  - 31 39 25  - 26  -  5  2 34  1 59  -  - 38  -  -
  - 58 43 51 45 17 44 42  -  - 37  - 39  - 35  -  -  - 19 40  - 50 36  - 33  9  - 27  5  -  4 20 53  8 24  1 59 46 16 47  3  -  -  -  - 14 30  - 25  - 21 13 23 10 34 31 56 52  - 11
 13  -  - 18 27 20  - 40  - 58  - 48  7  - 30 16  -  -  3 28 36  -  -  - 35  - 53 55 50 14 12  - 51 29 26  -  - 60 33  6  8  1  5  - 43  - 46 31 41 49  - 37  - 19  - 25  -  -  2 22
  3 33 20 42 39 36 22 13 21  1  - 27 34  - 43  - 32 11 35 23 17 16 31 15 14 44  5  - 46 40 54 38  -  -  -  - 53  - 51 52  9 60 41 18 56 59  6  -  - 58  2 10  - 28 47  - 50 37 24 25
 23  8  6 40  2  - 19 37  3  - 10 56 36  - 42  - 15 49  -  - 11 46  -  - 44  -  -  - 14  - 58  5 45 52 13  - 60 35  - 27 54 16 55  - 39 12 26  -  7  - 41  - 33  4  - 30 22  - 53  -
  - 21 35 25  -  1 18 43 60  - 38 45 56 42 47  - 28 40  4 11  -  - 20 30  -  -  6  5 44 26  -  -  - 19  -  - 36 17 49 55  7  - 10  8  - 53  - 51  -  - 12 27 37 32 16  - 15 13 58 57
  8 43 21 57  -  - 14 27 51 28  - 54 23 26  - 24  - 55 29  - 30 33 60  -  6 47  - 45  - 18 46  - 35 59 37  - 13 38 34 40 32  -  -  1 36 19 48  - 58 39 50  - 16 49  - 15 44 12 11  -
 55 45  -  - 25 51  3  - 22 15 19  -  - 29 40  - 35  -  - 21 49  - 52 13 17  8  -  - 47  1 59 36  - 18 56 10  5 43  -  -  4 41 14 16 24 54 53 26  - 30  -  -  6 39 33  -  2 50 20 46
 36 18 53 21 11  - 52 14 25 54 31 44 46  -  - 35 10  - 22  - 27 58 13 45 16 59 39  -  - 41 34  3 33  5  6 20 43  -  -  -  1  - 60  -  - 47  4 49 42 23 56 38 12  - 28 51  - 26  -  -
 54  -  -  -  -  -  - 39  2 38 50 14 55 25 12 49  -  5 16 52  - 22 56  -  7  - 10 28  - 42 17 18 37 11  - 53  4 45 15  -  - 36 58 35  8  -  9 47 57  - 43 20  - 24 32 21 31 46  -  3
 11 29 59  - 44 38 21  - 41 18 45 16  -  -  - 15  -  -  - 60 24  -  - 49 48 19  -  -  6 28 39  2  7 37 51 17 27 54 56 36 47  - 31 14 34 52  1 30  -  -  -  - 20  -  - 10  -  8 22 33
  4  -  - 20 16  -  7  - 43  -  - 57 21  -  2  -  - 39 49 17  -  1  - 11 29  -  -  - 55 12 53 15  -  - 33  - 32 26 28 38 37 40 47  5 25 45  3 60 27  - 10 23  - 13 51 44 35 54 42  -
  - 31  - 56 53  4 35  - 16 51 33 42  - 24  - 52  -  -  -  - 39 55 58 10 19  - 54 43 59  -  2  - 21 60 15 48  -  7  - 18  - 22  - 40 45 32 44 38  -  -  -  1 46 23 14 13 41 20 37 27
 40 30  8  - 26 47 41 59  - 34 44 21 29  - 14 13 16 50  - 58 52 36 15 28  -  4  -  9 43 51  1 53 32  3 42  6 17 24  5 35 11  - 22 31 27 25 10 37 48 18 39  - 60  -  - 46 49 45  - 54
 29 16 27 12 55 22 13  8 17  3  - 50  - 19 56  -  -  -  - 14 53  9 38 18 21  - 44 39  - 36 45 47  1 23 60 57 26  - 58 25 42 28 15 46 51 40  7  -  2  - 49 30 35 37 10  - 59  - 32  -
 48  - 28 35 49 25 33 60  -  -  -  -  -  6 58 47  - 42 18  - 40 59 26  -  - 12 34 21 39  -  8 57 11 56  9  5 54  -  - 19  -  -  - 41  -  -  2  - 37 27  7  - 10  -  -  - 43  1  - 36
 28 60 41 55  -  -  9 48 47  -  -  - 17 31 20  - 39  - 24 44 50 10 49 53 26 33 36 23  3 16 13 59  - 58  1  - 21 12 43  - 30  -  -  - 46  - 38 56 51 14 11  4  -  5 27 29 45  - 34  7
 10 26 56 31  4 23  2 22  -  7  9  -  -  - 49  -  -  - 53 34  6 47  1  - 37  -  - 36 33 45  5  - 48 38 46 42  - 41  - 17  -  - 27 39 40 28 16 43  -  -  -  - 32 20 13  - 24 14  - 44
 51  4  3  -  -  - 20  -  8 47 27  -  - 46 33  -  7  -  - 16 41 15  -  -  - 14  -  - 18 29  - 26 43  -  - 12  -  - 57 31 50  -  - 52 48  - 17  - 53 13  - 24 19 56 35 22 39  -  -  5
 53 27 34 29 18  -  - 15 24 12  - 59  - 16 52 30 40 57  - 48 33  - 54 42  -  6  - 35  2 38  - 60 26  - 25  4  - 56  -  -  -  - 11 58  3  - 43 14 19 31 37 28 50 44  1 39 47  -  8 41
