2520
 53 30  - 17 48 50  -  - 40 59 20  2 57  8  - 18  1 51 11 28  3 46 36  -  -  5 13 37 60  - 43 41 34  -  -  6  - 15  - 38 31 35  -  - 23 56  - 12 14 33 29  -  - 49 42 55  - 32  4 39
 14  - 15 55 58 45 13  - 53 27  -  - 40  7 23  3 35 60  - 47 48 36 42  -  6  -  - 17  - 25 39 32 19  - 54 44 52 22 18  - 11 49 46 38 24  -  -  - 29  -  9  - 59  - 31 34  - 43 10  -
 34 27 11  - 15  -  -  5  8 31 21  3  - 43 56 16 26 25 58 37 22 47 60 40 20  - 39 46 32  - 14 54  - 42 50  7  -  -  - 59 44  - 41 57 18 49  1  4 23  - 55  - 29 48  2 51 53 10  - 30
 35 23 42 36 10 28  5 16 51  -  -  - 50 15  8  - 38 44 59  7 60 22  -  4 31 33  - 53 24 58  - 14  -  - 18 56  3 47 43  -  - 20 26  - 11 17  -  2 21  -  - 32  1  -  - 40 27  9 48 55
 21 13 50 26 19 29  3 38 15 33 28 56  -  -  - 53 18  -  - 25 30  8  - 23  - 57 35 12  - 16 34 10 44  - 42  - 54 58  - 14 17 39  2  -  -  -  - 60 20  - 31 11  -  5  - 37 32  4  6  9
 48 43  - 23  -  -  - 25 50  -  - 44  3 34 11  - 29 58 24 41  - 31  -  - 18  - 57 30 35 20 22 55  -  -  -  - 14  -  9 45 53 19  -  - 16 26  - 37  - 27 36  - 47 54  - 32 42 12  - 40
 51  -  -  -  1  - 54 29 13 37  -  - 14  5 31 21 48  - 15  4  2  - 27 25  9 35  - 55  - 52 46  - 16 24 17  -  -  - 23 39 38  - 45  - 50 28 58  - 40  - 44 49 32 30 41  8 12 18  7 53
  - 19  - 12 38  - 29 53 34 24 26 43 56  9 30  - 14 33  - 49 31  6 50  1  - 15 16 57  -  - 20  4  - 54  - 40 11 10 35 41  -  - 17 52 55 51  - 32 22 59 39 44  - 13  5 60 48 21  - 46
  - 34  - 16  - 37 46 26  - 49  -  - 38 29  - 57  -  -  5 11  - 51 58  8  - 36  2 25 31  9 47  - 41  -  -  1 55 24 32 15 54 52  4 42 10  6 60  -  -  3 56  - 27 45 30 39 20  - 35  -
 26  - 24 25 46  - 44  - 52  4  9  - 41 49 38 17  -  - 57 23  - 19  -  -  - 60 37 13 42  6 28  - 56 36 53 35 30 16  - 54  - 14  -  -  - 27 50 47 59  -  7  8 20 10  -  -  -  3  - 22
 19 59  4  - 44 22  2 14 24 41  - 55 30 35 40 27 25 47 60  - 33 53 45 38 52  -  9  -  3 12 37 18 15  - 23 49 58  -  - 11 48  7 20 56  - 43 26  8 32 57 50 16  -  6  -  -  -  -  -  -
  - 15 53 14 56  8 36  -  7 45  -  9  5 11 21 12 23  3 10 60 28 37 55  - 40 25  -  - 50  - 44  - 32  -  -  -  - 42  - 58  - 59 47 35 57 54 39  -  -  -  - 13 51  - 52 38 18  6 19  1
  - 56 12 34 42 59  1  -  4 21  2 57  - 28 52 30 15 16 23  5  - 54 44 37 33 41 26 38 53 36 49  9  6  - 25 43 32  - 47 31  - 45  8  -  - 24  -  -  3  - 51  - 46 58 48 19  - 29  - 11
  -  - 10 49 52 39  - 35 48 36  - 20 37 54 51 32  - 55 47 56  5 21  - 19  2 18 15 28 13  - 17  -  -  - 59 58 44 14  7  - 26  - 24 60 33  - 46 34 50 31 23  1  9  -  6  4  - 25  - 41
 44 50  9 27 36 38 47 24  2  - 37 17 46 41 43 56  -  -  - 51 52 20  - 59 57  8  - 14 54  -  - 53  - 18 21 34 60  - 28  1  3 16  -  6 58 13 23  - 45  - 35  - 31 55 10  - 22 39 49 25
  7  -  -  6 53  -  8 18 29  - 32 35 28  - 22  -  2 46 51 10  -  - 15 60 16 49  - 47 21  - 12  -  - 55 37 50 17  3  - 44 20 25 54 43  -  - 13 39  -  - 19  -  5 33 38 31  - 36 34 23
 37 11 40  2  - 55  - 30 35 42 25 27 26 18 12  5 60 22 28 44  4  1 19  - 47  -  - 33 45 34  -  - 20 58 15  - 16  -  - 51 13  - 52  - 49 46  3  - 31 54  -  - 14  - 17  -  -  7 38  -
 40 24  3 57 35 42 56 21  - 55  - 60 18 51 53 54 31  4 38 50 58 25 13 17  -  - 44  - 48  1 23  -  8  9 22 20 33 37  - 46 30 32  -  2 27  -  - 28 36 14  6  - 12 15 39  - 49 26  5 52
  2 18 45 44 31  1  - 49  - 48 38  - 15 39 27 55  6 41 32  - 35 29  -  - 53 11 17 40 34  7 19 47 14 52  -  - 51 13  -  -  -  -  5 24  8 30 59  3  - 20 10  - 23 50 43 56  - 42  -  -
 47 37 41  - 13  9 16 39  - 34 57 49  4 48 44 23 45 38 53  - 17  7 43  -  - 54  -  1 28  2 55 33 42  - 29  - 59 51  -  5  - 12 56  - 32 25 52  - 60 24  -  3 22 27  -  -  -  -  8  -
 32 46 28  -  - 57 53  3 31  6 56  1 55 38 16  - 47 35  - 22  - 48  - 18 41 37  5  7  - 44  - 27 29  -  - 45  -  - 17 43  9  -  - 33  - 39 11  - 12  -  -  - 42 21  - 54 58 60  2 14
  - 41 22 52  -  -  -  2 11  9 46 40  - 16 60 35  7 14 34  -  6  5 57 26 38 47  3 44 37 45 50  - 39 56 58 10  4  - 15 18 12 55 32  - 25  - 20 29  1  -  -  - 43  -  -  -  8 28 31 21
 22 57  - 37  - 14  - 48 27 54 36 29  - 31 41 34  8 40  1  - 55 58 24  -  - 32 28 15  - 39 38  3 10 51 20 52  - 19 12  - 60 56  -  7 45 50  - 18  - 49  - 46  - 25 21 13  -  - 53  -
 15  9 54  - 32  - 49 13  -  -  -  - 31 45  -  -  4 23 43 16  - 50 10  - 28  -  - 35 12 37 56  - 38 40 26 57 20 46  1 21 24 47  - 11 14  5 18 48 55  - 25  -  3 42 22  2 60 17 30 59
  1 14 30 31  - 54  - 37 32 13  - 15 33  -  5 38  - 34 36 46 25 49  - 41 19 52  - 48  - 53 11 12 50 43  - 60  - 40 26  9 45 51 55  -  - 42  -  - 35 16  -  -  -  - 24  -  2  - 17  -
  -  - 44  -  - 35  6  -  - 51 48 31  - 12  - 22 11 57  - 43  -  - 54 50  - 45 40  -  - 23 42  -  - 59  8 21 37  -  -  3  - 38 14 55  - 52  -  -  - 25  - 60  - 28  4  5 41 58  - 26
  -  - 38 30 26 52  9  - 45  - 27 19  - 47  -  - 41  5 54  - 43 14 46  3  - 28 23 18 10  - 33  -  - 34 49 12 25  -  - 57 50 31 35 22  -  2  7  - 56  - 13 55  - 16 32 44  - 51  -  -
  -  - 46 29 55 18 12 47  - 15 14 21 43 26 57  1 42  -  - 45 40 39  - 31 24  9 32  -  5  -  2 48  - 23  - 30 27 17 59  - 10 33  -  - 34  4  - 25  - 28  - 56 54 51 58 36  -  - 37 50
 43 53 55 48 11 49  - 57  -  - 29  - 12  -  -  -  -  - 26 19 20 44 47 13 58 34 50  -  - 60 54  -  - 45  7  4  5 41 21 27 28  8  1 32  6 18  - 59  - 15  -  - 16 46  3 30 51 14 39 38
  9  -  - 24 50  - 33  -  -  - 40 52 32  - 59  -  -  - 14  8 10 41  4 29 51 19 27 20 17 46  -  - 11  - 45  - 21  -  6 56 39 43 42 25 38 35  - 57 18 23 48  -  -  1 28 47 44 49  -  5
 36 33  - 45 30 53  - 19 44  - 50  - 34  -  4 42 43  - 52  - 14  9  - 51  - 56 47  -  2 28 27 15 12  6 32  -  -  - 55 24 18 17  3 23 21  8 48  - 58 37 11  7 41  - 16 26  - 57  -  -
  -  2 19 56 27 10 35 54 46 60 13 12  - 32  - 29 44 37  - 33  - 11 38 36 48 17  7 58 59 55 18  - 43  8  9 24  - 26 30 28 42  4  - 15  1  - 40  - 57  - 16  6 52  - 50 14 21 41 47 51
 29 58  - 21 34  - 18 36 59 11 45  - 19  - 48 40 53 12 20  2 54  - 25 16  7 24  -  -  - 14 35 28 60 31 47  3  8 57 13 49 55  - 51 37 52  -  -  - 41 17 22 38  6  - 56  1  - 27 46 44
 12  -  - 38 22  - 57  4  -  7 15  -  - 44 19 48  -  -  2 26 34  - 14  -  - 53  -  3 43  - 31  6 46 47  - 42 40 59 25 23 56  - 18  -  -  - 24 30  - 10 37  - 17 52 49  - 54 11  -  -
 49  - 37 40  - 27 55  -  9  -  - 10 29 20  - 60  - 42 48  - 45  -  7 53 14  -  - 34 41  4 59 26 36 17 33 11 19  2  8 22  5 30 25  -  - 32 12 54 39 44 24 57 21  -  - 52 23  - 58 15
 60  6 34  -  5 17 14 15  1 32 44  - 47 52 10  - 27  7 30 29  - 28 23 20 56 48  -  8 16 21  - 58 40  - 39 54 18 43 37 55 59 26  - 12  4  3  -  -  - 50  - 35 19 22 13 42  - 53 51 36
  5 40 18  9 33 34 31  - 54  8 43  - 58 14  -  -  -  - 35 42  - 17  - 45  -  -  6 50  - 15 60 38 22  -  -  - 10 52 27 13  -  -  - 30 44 57 19 16 28 29  3  4 53 24  - 41  -  - 32 48
 50 55 57  -  4 46 39  -  - 23  3 47 59 30  1 49  - 29 17  - 32 12  - 52  -  - 19 41 27 40  -  - 48 28  -  -  - 18 42 16  -  -  7 20  -  -  - 11 38  6 14 34  -  9  - 24 15 22 60 58
  - 21  1 10  - 58 37 23 49 18 31 11  - 13  -  4 50 32  7  - 56 57 16 42  - 22 29 52  - 41 26  8 55 48  - 51 39  -  - 35 47  3  - 17 28 38  - 43  -  - 27  -  -  2  -  6 19  - 14  -
  -  4 25 18  6 24  - 51  - 29 60 14  9 46 13 11 10  - 16 52  - 30 12 54 43 38  -  -  -  -  - 49 47 35 27 37  -  -  - 36 34 44 57 40 42 58 32 53 26 45  - 20  2  7  1 15 28 55 59  -
 46 47 31 50  - 60 11 43 39 35 49 30 21 42  3  -  - 54 12 20 41 15 33  7 55  -  4 27  - 56  - 52 58  - 38 36 22 25 44 53 40 48 34 45 59 16 51 19 17 32  - 24  8 14  -  9 10 37  -  -
  - 20 48  1  - 36  4 17 12  - 16 25 42 58 28 14  -  - 33  - 49 60  3 57 29  - 10 31  6 35 30 40 26  - 41 23  -  - 54 32 43 37 11  -  - 34  -  - 13  - 47 27 38 19  -  -  7  -  - 18
  - 12 59 32  - 44  -  1 30 56  - 39  7  6 15 36  9  8  - 13 47  - 35 14  - 42 51  5  - 10 29 45  -  - 55 31 41  4 38  -  -  -  - 27  - 48  - 46  -  - 58 28 26  -  -  -  - 23  -  -
  - 10  -  4  3 48 60  8  -  - 24  - 51 56  6 28 52 45 40 15 27 55 39  2 32 14 54 49 29 13  - 35 30  - 19 18 53  - 20 50 57  1  - 26 47 21 22  - 46 11 34  -  7 37  - 12 59  - 25 42
 10 35  - 13 43 23 59 27  -  - 54 42  - 33 55 52  - 17 18  - 57  4 28 12 39 50 21 22 40 51 36 56  -  - 30 29 49  - 14  -  -  - 48 47  2  - 44 31  5  9 26 41  -  8 19  -  -  - 15  3
 28 39  2 41  9 40 21 56 19 26 52 45 27  4  - 31 58 20 42 36  - 23  1 44  8  - 11  6  - 30 25 50  - 14  -  - 48  7  - 47 35 15  - 13 54  - 49  5 10 51  -  - 34 32  - 59 57 16 24 29
 23  -  - 15 14  -  - 59  - 19  7  - 53 57 34 10 54 49  - 40 16  - 26 24  - 12 55 51 44 22 45 31  - 38 43  9 13  1  - 37  4  -  -  3 39 11  - 17  -  - 60 25 48 20 29 58 47  5 42  -
  - 54  - 39  7  6  - 10 22  - 35  - 52 17 42  - 57  -  -  - 37  -  -  -  -  - 34  -  9 48  - 25 24  - 12 53 38 20  2  - 51 36  - 14 60 31 15  - 49 56 40  -  -  - 18 27  5  - 28 19
 57  - 52  3  - 16 41  -  - 10  - 38 60 22 25  - 20  -  -  1 39 40  -  - 15 26  -  2  -  -  8 30 27 29 11 48 42 35 19 33  7  - 21 34 31 53 54 13 43 36  -  -  -  4 47 46  6  - 56 45
  - 26  - 51 40  - 48  - 18  1 12  -  - 19 33 39 55 27 22  9  -  - 29 47  5  -  -  - 58  - 21  -  -  7  - 25  2 28  - 10  - 54 50  -  -  -  - 15  - 52 46 31 30 44 36 11 37 13 43 24
  3 48 32 60  -  -  - 42 20 57 18 53  - 36 35 47 49 50 55 12  -  -  - 15 22 29 14 23  8 54  6  -  - 25  - 59 28 11  -  2 58  5  - 44 40  - 27 38 37  -  - 45 33 31  - 17 46 30  - 13
 42 16 20  - 25 47  - 60 26  3  - 51  - 23 54 41 19 24  - 34  9 52 17 56  - 58  1 43  -  - 10  - 37 46  2 28  - 33  -  6 49 13 53 31 36 44  - 40 27  -  - 12 55  -  -  7  - 15  - 32
  6  3  - 43 60 41  -  9  - 47 55 37 25  - 32  - 36 18 13 30 59  -  -  -  - 10 12  4 14 11  7 16 54  - 35  2  -  - 49 42 19  - 38 51 46 23  -  - 44  5  - 22  - 17 15 53 40  -  -  -
 18  - 14  - 37 12 51 52  - 30  - 24  -  3 49 59 17  - 39 38 46 32 48 11  4  - 43  - 22  8 40  7  -  -  -  - 45  -  - 19 41 29  - 53 56  -  6  - 47 42  - 15  -  -  -  -  -  1 23 20
  -  1  - 22  2  -  - 33 25  -  5  4 17 27  - 26  -  6 19 55 36 43 18 30 23 51 52  -  - 32 53  -  - 41 44  -  - 39 58 48 16 10  -  8  3 60  - 56  - 12  -  -  - 34  - 45 29 20 57  -
  - 32  6  -  -  5  - 55 37 40  - 50  - 60  - 43 30 26  - 58 42 10 34 49  -  -  - 54 33 18  9  - 45  -  -  -  - 38 51  4  - 22  - 16 15 19  2 52 48 47  -  - 28  - 53 57  - 56  3 27
  - 51 47 20 41 13 40 50 17 43  8  -  - 25 29  2  - 19  -  -  - 56  6 22 12  -  -  9  - 31  3  - 57 33  - 27 26  -  -  - 23 60 37  - 53 10 55 58  -  4  5 21  - 18  - 35  - 34 44 49
 58 49 51 59 45 43 10 28 42 16 30 54 44 53  - 13  - 15  3 24 29 38  - 32  1  4  - 60  -  - 52  - 23  -  - 14  -  6  - 25 46 21  -  - 41 33  - 26  7 35 12 48  - 36 40  -  -  -  - 47
 54  -  - 53 29  - 34 22 16 17 51 36 49  -  2 44 46  - 50  - 26  - 20 28  -  - 31  -  - 59 48 24 52 37 60 41  1  -  4  - 33 57  - 21  - 47 14  6 19 13 32 39 10 56 45 23 25  -  - 43
 45  7 43  -  - 25 15 31 41 38 34  - 22 50 39 46 56 10 37 14  - 33 53  - 17 44 20 21 19  5 24  1  - 49 16  - 23 55  - 40  - 27 30  -  - 36  - 42  -  - 59  - 35  - 60  3  4 52 26  6
