2520
 15 42 16 51 44 38 56  - 18 47 45 25 24 31  - 19 58 34  - 29  5  - 59 49 22  -  - 36 41 37 55 43  1  -  - 54  - 57 35  4  6  - 14  - 53  2 26  - 20  - 23 46 28 60  -  9 21 33 30  -
  - 37 18  5 29 32 25 13 21  -  1 51  - 38 53 54 30 39  -  4 34 48 24  - 59 55  7 17 28 43  - 36  -  8 46  - 27  -  - 56  -  2 15 20 14 12 22  -  - 19  -  -  - 50  - 35  -  -  9 11
 60 18 34 57 50 16 54 15 17 14  -  - 31  - 42  - 25 49  1 20 55  4 38  -  -  - 35 27 24  - 21 33 12 43  - 53  5  8 28 19 41 36 10 46  -  - 59 45 26 30  - 22  - 23 56  6 13 44  3  -
 55 39  4  - 18 22 48 20 27  -  - 45 13  -  5  -  - 30  -  9  8 26 17  - 34  -  -  3 15  -  7 42 60 52 50  2  - 24 29  -  - 56  6 11 46 37 12 54  1  -  - 33 44 38  -  - 16 35 47  -
 38  - 37  - 57 47 58 23 44 53 13  -  - 14 17 22 16 11 46 39  - 12 40  7 55  - 50  6 25  -  - 29  - 10 24 42 21  - 45  - 48 15 54  5 59 35 60 19 30 56 49  -  -  3  4  2  - 31 20 41
  - 57  -  -  -  -  3 41 48  - 53 49 20 54  - 42 35 25 37  -  - 51 19  - 33 43  - 11 60  5 24 21 50  - 13 15  2  -  - 17  - 31  7 44 47 59  1  - 14  - 40 18  4  -  6 26 23 38 52 32
 27 31 40  -  - 54 38 30 19  4 28  -  6 59 55 13  - 46  -  -  - 22  8  2 17  -  - 14  5  3 47 20  - 16  -  - 18  - 36 10 44 41 32 24 56 11 53 33 48  -  7  1 50 58 52 60  - 15 49  -
 22 14  -  3  8  2 39  - 46 36 57 16 32 48 40 28  -  -  - 31 41  - 27 19  -  - 52  - 54 15  - 51  -  1 33 21 38  6 25 50  - 55 35 60 20  -  - 43  4  -  - 53  - 26 37  -  - 30 42  -
 24 22  -  -  6 33  -  - 23 31  8  - 30 21 49  -  -  - 52 18  -  7  - 48  -  - 15 43 16 35 13 17 20 55  3 12 47  2  5 37  - 26 58  1  -  - 19 25  -  4  - 11 10 51 53  - 38 56 27  -
 12 26 51 46 60  -  7  6  5 23  -  - 34 42 43  1  9 50  -  - 27  - 20  - 41  - 53 48 21 56 40 24 58  -  -  -  - 47 49  -  -  -  4  - 10  -  - 39 45 52  -  - 19 17 32  - 37  - 33 31
 47 55  - 26  - 28  - 19 41 37  -  - 52 32  -  -  - 38  2 44 13 46 14 54 25  -  - 50  -  - 51 59 34  -  -  7 40  - 12 27 57  3  - 48 21 42  -  8 15 23  4 16 18 29 58 24  9 39  -  -
 30 48 36 20  - 12 28 37  8 25 47  -  - 44  2 35 32 10  - 42 38 60 53  -  - 59  -  -  - 41  -  -  -  -  - 17  - 40 23  -  - 13  3  -  1  4 51 24 18  5  - 56 31 55  - 14  -  -  6 46
 39 38 35 37 30 48  4 46  - 58  -  -  8 12 13 44  - 41 59 14 60  5 29 53 52  - 26 10 20  -  3  1 22 18 23 49 11 34 57  - 42 19 31 47 24  7  -  - 33 27  - 21  - 28  -  -  - 16  -  -
  5  4 32 56  1 17 22 28  3  - 18 13 57  - 11  -  8  - 42  - 16 34  - 12 31 41 19 29  -  - 54 52 39 58 20 27  -  - 26  -  - 46 50 33  -  6  7  - 37 55  - 15  9 44  - 47 45  -  -  -
 49 50 33  8 12 10 20 31  6  3  -  - 28 52  -  - 23 55 32 45 15 35  - 58  -  -  2 21  -  - 41  - 44 13 30  -  - 22 34 57 11 54 53  -  -  - 46  -  -  -  - 43 36  -  - 56 18  -  1  -
  -  -  - 34 56  - 23 33 13  - 51 52 40 43 32 16 37  - 12  -  - 20 46 22  - 39  - 55 45 54  9 14  -  -  7 58 31 19 41 36 18 50 30 26  -  - 47  5  - 28 27  -  -  -  - 53 44  6  4 49
 19 29 30 25  -  -  -  9  1 39  -  3 53 16 36  6 24 27  -  - 23 55 57 32  - 18  5  -  -  -  -  - 41 21  - 48 49 37 11 59 56  - 45  2 52 31 33 28  - 15 34 42 12 13 14  -  - 26  - 20
 53 46  6 30 11 60  2 51  - 42 54 32 50  -  4 17  -  5  -  3 26  8 15  - 28 48 55 44 14  -  - 25  - 31 12 38 24 45 10 58 27 29 21  - 41  - 57 34 43  - 22 40  - 56  9  -  - 49  -  -
  - 16  8 38 19 43  - 36  -  -  3 17 22  - 57 30 13 26 45  -  6 47  - 18  -  -  -  -  - 29  - 53 35 15 11  5  - 59 60 25  -  -  - 27 37 49 41 23 52 40  9  - 24 39  - 33 51  - 56 58
  -  1 27  - 43 15 50 25 36 12 42 40  - 29  8 60  - 32 20  - 31 49 13  3  7 23  -  - 30 11 44  -  - 28 35 24 55  - 54 52  - 34 38  -  9 41  6  -  - 10 56 26 51 57 39 46  - 45 37 18
  -  - 60  - 46 31 32 11 22 50  - 15 25  7  -  8  -  - 30 21 39 33 51  5  -  1 20 18  - 36  - 55 28  -  -  - 16  4  - 23 54 38 52 56 19 24  -  - 13  - 42 14  - 45 10  - 59 41  - 47
  - 41  9  -  -  4  - 17  - 11  - 57 26  -  - 32 36  -  - 37 25 44 12 60  - 31  -  -  - 58  8  - 52  - 53 28 10  - 48 13 21  -  - 51 15  -  3 20  -  -  - 29 40  -  -  - 55 27  5  6
 14  -  2 17 59 49  - 21  - 22 37  -  -  - 52 38 28 16 15  7 10 58 56 47 13 33  - 32  - 19 46 26 30  6  - 39 29  - 18  5  -  - 36  8 27  3 40  - 50  - 20  - 42 48 34 57  - 25 31  -
 17 20 12 10  4  - 13 56 51 18 46 39  3 36 35 23  7 21 54  2 44 14 49 15  -  -  6 25 47  - 42 32 45 29 55 19 52  - 58 34  - 22 57  - 33  - 27 59 40  -  -  - 38 37 48 11 31 28 26  -
 57 45 59  - 32 18  - 29  -  - 26 47 10 35 24 11 46  -  - 16  9 30 34 56 44  5 13 52  7 12 15  6  - 38 21 14 48 54 39 53 55  -  8 49 25 50  -  - 41  3 17  - 20 43 42 37 22  1 58 51
 35 54 45 13  -  - 46  8 28 32 49 18  - 37  - 41  -  -  - 43  -  9 30 14  4 56 39  -  3  - 19 40 36  -  -  - 12 38  2 22 26 24 60 15  6 53  - 27  5 44 50  -  -  - 17 23  - 59  7 55
  9  - 17 28 31 25  - 52 50 26 44 34 16  -  -  4 48 58 56 41  3 43  -  - 37 20 24  - 13  - 36  8 23 12  - 59  - 21  6 46  - 57 22  - 55 10 42  - 19 29  - 35 54  2  -  - 33  - 60  7
  -  -  - 11 27 58 41 54 55  -  -  -  1 57 51 49  - 18 34 17 36 19  3  - 47  7 30 24 22 14  -  - 38 23 45 37  8  - 43 60  - 53  - 42 50 29 21  - 12 48  - 44  - 52 26 20 40  - 15  -
 18 36 15  1 38 37 30  -  9  - 48  8 47 56 45  - 52 44  - 57 43  3 10 24 32  - 51 60  - 28 23  - 17 42  - 41 14  - 59  -  4  - 20  - 39 40 49 46 54  - 33  7 27  -  - 29 50  - 25 22
  - 23  1 44  - 24 11 45 59 20  -  - 49  - 34 36  -  8  - 50  -  - 55 25  -  -  3 26  - 30  - 18 46  - 40  -  - 17 51  - 60 33 28 43 31 14  - 48  - 47 32 19 56  -  7 12 57 13  - 27
  - 59 28  -  -  - 19 44 16 24 12 53 11 10 47  - 45 48  5 30  2 27 58 31  - 13  -  - 29 33  6 39 32 17 42  4 57 43  -  1 34 20 41 38 40  - 56 55 25 22  - 37 23 46  8  - 52 36  - 15
 37 44  3  - 23 45 16  -  7 55  - 42 27 15 21 12 19 47 18  - 48 54  - 50  6 46  - 53  1 52 17 56  - 49  - 57  9 35 33 51 38  - 11 31 22  5  - 30  - 20  - 25 60 10  -  - 58  -  - 29
  - 15 43 24 10 53 18  3  - 51 39  6  9  -  -  -  2 19 35 47  - 45  -  - 11 12 57  -  -  -  - 41 49 36 56  8  - 50 40  -  -  7 13  -  -  - 48  - 29 42 46  - 55 54  1 21 32 34 17 14
  -  - 47 60 13  3  - 43 52  5  -  -  -  9  - 33  - 29 58 27 54 15 39 41  1  - 21  - 32 16 25 50  - 34  - 11  - 46 14 12 45 44 23 59 26  - 31 51 10 37  -  -  -  - 18  8 49 42 24 56
 34 13  - 15  - 59  - 12 32 21  - 10  -  -  -  - 38 14  - 19 53 28  1  -  5  - 49 30  - 42 29  - 16 25  - 45 37 60 56  - 52  - 17  - 51 46 55  2 39 24 43  -  6  - 40 58  - 23 41 57
 36 43 53  6 42  - 60 27 34 30  - 46  - 23 15 24  - 35 11  8  - 57 37  9  3 58 16  - 10 49  - 47 18 54  1 25  -  7 52 33  5  -  - 14 28 17 38 41 44  -  -  -  - 12  -  - 48 50 19  4
  -  -  -  - 53 39 15 35  2  - 34  - 54 24 30  -  - 37  4 60  -  - 41  -  - 40  - 45  6 27 28 16 21 19  5 10 23 33  -  8 43 52 44 12  - 58  9  -  -  -  3 32 57  - 55  -  - 51 22 50
  - 52 42  -  -  5  - 34  -  - 21 59 39 17 50 47 11  - 38 36  1 16 31 55 53 35 43 56  8  -  - 37  - 60 49 13 25 29  7 48 15  - 27 40 18 30  - 22 51  - 41  9 46 19 24 54  - 57  - 44
 10 51 20 23 21 57 37 58 15 59 36  - 14 60 22 43  - 31 19 49 56 38 48 30 26  9 54 12  - 55  - 46 42 40  -  -  -  3 13  - 25 39  - 45  -  - 29 17  - 33 24 52  -  4 11  - 35  2 50  -
  1 58 41  9  7  - 44 32 57  -  - 24  - 53 26 10 21 22  -  - 33 59  - 28 49 60  - 47 19 34  -  - 29  5 37 40 42 14 38 55  - 18 39 36  - 20  - 52 11  -  - 30 15  - 43 31  4 54 45  3
 58 21 38 29  - 46  -  - 14  - 41 20 44  - 48 27  3  - 24  - 18  - 23 37 39 36 47 22  -  6  - 13 25  - 28 60 50 11  -  7 10  5 26 30  -  8 43 56  - 59  2  - 34  - 12  4  - 17 57 19
 31 25 19  -  - 21 57 14 29  - 59  - 35  3  1 53 50 15 26  - 52  -  - 51  9 37  8  2 40 46 39  - 43  7 18 56  4 23  - 16 36  - 55 17  5 22 24  - 34 11  -  6  - 41  -  - 60 47 10  -
 33  - 54  - 14 27 40 42  - 38 52  -  - 25  - 29 18 24  - 53 51  - 32 20 36  - 59 34 39  1  - 19  2 45  4 50  - 55 46  3  - 58 49  - 60 48  -  -  6  7 12 41 16  5  - 44  -  9 35 17
  -  - 39  - 51 11  6  4 12 15  -  -  - 40 44 26 49  9 55 34 50 23  - 33 35  -  -  -  -  - 58 38 59  -  - 20 54 28 32  - 16 60  -  3  - 13  -  - 27 21  1 24  -  -  -  - 17  7  - 10
 23 34  -  -  -  - 26 39  -  -  6  - 55  4 54 51  -  1  - 10 47 36 35  - 15 24 37 57  9 59 52 30  - 14 43  - 19 20  - 38 49 17  -  -  -  - 18 31  - 16 45 50  2 40  - 22 27  3  - 33
 59 27  - 50 39 52 33 24 25 41 31 60 36 49 58 46 44  6 14 51  7 37  - 34 20  8 40  - 17 53 38 54  -  -  2 18 45 15  1 30 22 35 16 10 23 19  -  -  9 57 55  - 21  - 29 43 42  - 32 28
 43  - 57 40  3 35 49 38 39  - 14 50 56  -  -  5 55 13  6  -  - 31 18 23  - 27 58 20  - 45 12  -  -  4 51 47  -  - 15 32 33  1 24  - 16 52  -  - 28 34 11  - 22  - 59  - 30 53 21 48
  8  3  -  - 36 42  - 48 60  -  - 31  4 39  -  2 43 57 41  - 49  6 50 52 51 44 33  - 38  -  - 15  7  - 34 26  -  -  -  - 14  - 40 29  - 54  - 18 59 25  -  - 11 24 20  -  5 19 23 53
 51 32 49 54  -  -  - 53  - 29  -  -  -  - 60  -  4  7 33  - 59 10 52 35  8  3 42 37 50  -  1  - 31  2 26 46 56 58 20  - 28 30 43 18 48 55  -  -  -  9 15 23  - 34 41 38  -  - 40 13
 26 10  - 33 58  - 17  - 47  1  5 56 43 50 41 37 12  3 57  - 30 21 22 44  - 49  - 15  -  2 34  9  - 59  -  - 20  -  8  6  7  - 25  4 35  - 13 32  - 45 29  - 14 36  -  - 19 60  - 38
  3  - 56 59 22 41  -  -  -  - 38  - 58 28 20  -  -  - 16  - 45  - 33 13 24 19 44 49  2 47  - 10  - 51 57  - 53 25 21 29  - 27  5  -  - 18  -  1  - 36 48 31  -  6 50 39  7 46 11 37
  - 35 14  2 17  6 29  -  - 43 55 36 60  - 28 25  - 56  - 11 40 41  9  1 12 15  -  -  -  8  4  - 26 20 38 22 30  5  - 21 31 32 19  -  - 23  - 37  - 54 44 58  - 47 16 10  - 18  - 59
 41  9 25 42 49  -  - 10  - 56  - 54 23  - 19 55  1 53 31  - 12  - 43  - 57 45 46  8  -  - 48  2 14  -  -  - 15  - 16  -  - 40  -  6 58 60  -  -  3  - 59 47  7 21 51  5  - 20 28 24
 40  5 23  -  -  - 53 50 35  - 32 41 48  -  - 56 29 60  -  1  -  - 54  -  - 30 38 31  - 44 11 49  -  - 17 33  - 27  - 18  8 12 59  9  -  - 15 42 21 51 57 39  -  -  - 19  - 22 16 52
  -  6 55 48  -  - 47  2 53  - 60  - 18 46 39  9 10 59 36 15 24 13  4 17 50 54  - 42 11  -  -  - 51 44 29 16  - 41 22 49  - 37 34 35  -  - 14 57 38 12 21  - 30 25  -  -  3 32  - 26
  2  - 24  7 54  - 43  5 20 57 29 30 59 27 56  - 41  -  - 46  -  -  - 39 18 32  -  - 55 13  - 58  -  -  9  - 28  -  4 15  3 42  - 16 38  - 23  - 31  - 26 10 52  1 35 25 53 37 44 60
 25 24 22 52  5  -  - 47 26  - 30  2 33  - 31  -  - 20 39 48 29 53  6  -  - 16 41  - 43 57 56 60 55  -  -  1  7  - 17 54 12  4  9  - 11 38 58 50 35  -  8 49  3 59 15  - 28  - 51 42
 11  -  - 47 55 20  5 59 10  6 15  - 38  8  - 39  - 33  7 54  -  2 45 36 43 21 18  - 52  - 14  4 57 24 58  -  - 26 19  -  - 49  - 50 17  - 28  -  -  -  - 51  - 32 44 13  1 48 46 16
  6  7 26 22 24 51  -  - 54 60  - 19  2 55 33 50 57  - 40 59 46 11 25  -  -  - 36 16  -  - 30 44  - 39 15  3  1  -  9  - 47 21  - 32 29 43  -  4  - 31 52 27  -  -  5 17 12  8 13 34
 13  - 58  -  - 44 10 22 49 52 56  -  - 26  - 57 33  -  -  6 19 39 28 40  - 14  -  - 35 18 60 31 48 53  -  - 34  -  - 20 23 25 46 37 36 27  -  7 32 38  -  -  5  8  - 15  - 21  -  -
