2520
 18 45  -  5 34 41 30 47  9 23  - 15 59 27 26 21 13  -  - 31  - 36 39 16 25  - 40 19 10 48 22  4 50  -  3 33 49  - 38 57 37 46  6 58  -  2 44  - 54 52  1 43  8 55 29  - 35  - 11  -
 43 17  - 31 44  4 20 42  - 15 47  - 57 25 14  - 24 13  -  - 55  - 38  - 32  6  - 49  -  -  1  3 52  - 21 37  -  -  7  - 34 51 16  - 46 11 48 30  -  - 26 45  -  - 10 56  -  -  - 36
 58  5 39 35 55  -  - 51  - 56  9  -  3  1  -  7 26  - 31 37 46  - 28 11 12  -  - 16  - 32  - 49 47 50  - 43 57 18 30 17  - 44  - 34 42  6 19 33  -  - 36  - 29 59 27 54 25  2 23 38
 17 14 52 51 16  - 50 37  8  -  -  -  -  4  - 13  7 36 38 54  3  5 49  9 23 59 57 33  - 55 45 46 30  2 29 25 32 43  - 12 27 22  - 53 39  -  6  - 48  - 19 10 42 24  -  - 26  -  -  1
  8  - 40 26  7  - 14 19 39 30  - 60  -  2 28  5 16 34  - 50 11  - 57 35  9  - 45 31 49 54 43 42 18  6  -  - 17  - 37 46 55 32 13 20  - 53 51  - 47 58 38 22 25 23  4 59 33 44  3  -
 12 48 46 60  -  - 28  -  - 18 56  - 19 14 31 55 44 57  5 59  -  - 33  - 26  8 20  2 13 36 32 50  - 45  - 54  -  9  1 47  -  - 29  - 27 38 22  - 42 53 11 41 39 34  3  -  -  - 35  -
  -  2  - 38 17 56  - 54 55 31 44  - 45 20  - 50 47 22  - 14  8  - 52 51 39 24 32  -  -  7  -  - 33  9 19 11  - 58 28 15 57  - 43  3 12  - 42 41  - 40 23 34 46  -  1  5 18 16 49  -
 39 55 54 23 56 13  -  - 34  - 22 31  -  - 58 43 29 41 24  4  -  - 42 48  - 47  - 35 57  - 12 51  -  8  - 49  9  -  -  5  7 20 44 50 32 37  1  - 40 17 45  - 18  - 36 46 16 15  - 10
  9 60  - 25  - 30  - 29 41  -  -  6 20 45  -  -  -  - 13  - 38  -  - 55  -  4 50 58 17  -  - 21 32 43  - 56 28  - 42 11 15  - 48  5 19  - 59 54  -  - 10 39 35 18 12  1  -  3 44 57
 31 23  -  -  - 37 47  -  7 36 33 30 29  -  - 16 20 45  -  1 52  -  -  4 19 50 42 55  -  - 25 13 60 57 51 46  - 40  -  -  - 41 12 14  9 18 43 44 26 28  -  - 21  -  6 39  - 48  5 17
  - 52 13 17  - 28  8 34 46 10  - 24  -  7  - 37 38  - 47  - 29 35  1 41  -  -  - 45 43 30  - 32  6 58 53 18  - 44  -  - 42  5  - 12  - 26 16 21 22 19 25 20 57 27  2  -  -  -  -  -
  -  -  - 28  - 39  2 58  - 24 15 50 53 40  -  - 21  -  -  - 41 44 32  - 51  -  -  - 18  1 29 26 56  -  -  -  -  - 25  7 54 55 17  8 22  - 33  -  -  -  3 23 19 36 47 42  - 45  - 52
 25  - 17  1 23 35  - 27 60 47 26  - 36  - 48 59  -  -  2  - 12 43  - 42  - 40 51 46 11  5  - 33  -  - 20  - 39  - 45 30  -  - 22  -  - 15  4  - 16 57 56  9  - 14  - 34  -  - 41 13
  - 31 44  - 50 20 54 53 42  3 29 40 58  - 49 32 17  6 51  - 18  - 25 45 10 35  - 26  - 13  -  2 41 11 14  - 12 47  - 36 39 59 57 16 24 56  -  5  - 33 28  1 23 60  - 37 21 19 15  -
 23 47 27  4 35 40  -  -  - 21 59  1 16 13 57 15  - 14 45 10  - 29 54  - 38 32  6  8  -  3 49  7 20 18 42 26 43 28  - 55 46 24 19 30  -  -  - 25  2 44  - 12 48 11 22 17  -  9 60  5
 50 29 41 55  - 32 45  -  - 39 54  - 28  5  - 27 52 56 19  - 42  8 53 22 44 26 15 18 34  -  - 11 57 25 10  1 46 33 24 16 21  - 51 38  - 13  -  -  - 43  6 17 31  - 20 12 58 14  -  -
 28 56  - 33 29 26  7 23 38  4 36 17 44 48  - 14 34  -  - 58  -  - 55  - 15 54 47 42 59 57  - 45 10  - 43 13 53  3  -  - 35 21 30  -  5  9 27  - 37  -  -  8 60 12 41  2 11 50  - 25
  - 44  4 10 57  - 15  6  -  - 18 59 31 34  -  2  -  - 11  -  5  -  - 19 56  -  1 32  - 49 38  -  - 55 52 29  - 50 35 23 48 27  - 26 47 20  -  - 53 24 30 14 51  - 37 43 22 39 58 40
 16 33 12 36 11 45  -  - 27  -  -  -  5  -  -  -  3 39  1 49 25 15 19 53  - 57 37  4 60 31  - 23  - 44 28  - 24  2  - 58 43  8  -  - 38  - 13 29  -  - 46 35  -  - 56  6  7 18 22 20
 24 57 35 54  - 50  - 22  - 12 49 27  - 36  - 56  5 46  -  -  - 16  -  7  -  - 48  - 41 21  -  8 38 13 40  -  2 51 23  1 28 31  - 17 43 58 45 32  - 10 29 59  -  -  - 26 39  - 30  -
 13 27  - 48 37 49 39  - 31 28 51 19 11 29 21  - 46 53  - 17 23 38 41 24 18 22 58  - 16  2 54  - 34 20 35  - 26  -  6 32  -  -  1  - 50  -  3  - 30 25  - 33  5  4 59 10 40 57 55 15
  1 32  -  -  8 48 34 11  - 46 37  9  - 15  - 39 19 44 57 13 59  - 14 21 53 12  - 27  5 22 40 28 17  - 54  - 18 55 51  4  6 36 38  - 41  3 56 49 10 42 31  - 52 43  - 23 50  - 47  -
  3 42 34  - 18  -  -  -  -  - 55  -  - 44  8  1  - 54  - 41  9 37 31  6  - 53 43 50 25 23 52 40 46 51 33  - 21 60  -  - 56 15  -  -  -  -  - 38 59  - 27 48  -  - 58 28 30 17 29  -
 46  3 60 39 42  - 35 24  - 52 28  5 32 43  7  - 48 33  - 20  -  -  4  - 34  - 56  - 14  - 59 57 15  -  - 53 30  - 19 22  1 25 36 44 16 29 21  - 49  9 55 51  - 40  -  -  6 38 54 58
  - 22 38  -  4 19 23 59 12  -  - 10 51 46  -  - 28  - 42 24 16 49 30 34  -  -  - 11 37 33 60 14  -  5 56  3 27 54  -  -  2 43 20 52 35  8  - 45  - 31 50 18 15 25 21  7 47 29 57 53
 54 25  - 52 13 29  - 50  5  -  - 56  - 58  - 49 27  - 60 55  - 28 44  - 42 16  8  -  7  -  - 37  -  3  - 23 31 46 36 26 51 12 53  6 20  - 11  -  -  1 18  -  -  - 38 35  9  -  -  -
  - 41  -  - 39 36 51 18  - 20 50  - 42 32  6  -  -  - 27 45 13  - 26  -  -  - 46 24 29 15 23  - 21 56 47 31 59  1  - 44  -  4 60 10 55  - 30  - 35  - 40 52 49 54 14 16  - 25  - 48
 20 38  - 44  -  3 41  7 47 50  5 21  - 52 32 24  -  2 49  -  - 59 46  - 45 18  9  - 15  - 27  - 37 54 39 42 36 35 48 51 23 58 11 13 33 28  8 14 17 26  - 31 40 16  - 57  - 55  4  -
  5 15  7 43 19 38 11 16 54 22 12  - 50 26 37  - 59 30 29  6  - 58 35  -  - 20 25 17 52 40  - 18  9 14 32 41 23 57 44 49 31 34 56 46  2 10 24  8 33  -  -  -  - 45 13  - 55  - 51 39
 53  - 22 50 41 43 26  -  - 38 46  -  6 55 25 47 15 19  - 32 34 42  3 54  -  -  5 40 28  8  - 39 48 27 59 12 44  -  - 35  -  2  - 37 10 60  - 24  - 13 21 56 16 17  - 30 49 36  - 11
 45  7  6 57 60 18 43 55 14 16  - 25  - 23 39 19 51 48 59  - 20  - 56 44 17 31  -  3 40  -  -  5 12 46  1  8  - 36  2 29 49 42  -  - 30 33 37  -  - 21  - 11 50 28 24  - 41  - 52 54
  -  - 18 13 36  9 16  - 44  5 42 55 48 56  - 51 11  -  7 40 39 14 34 31  - 19 22  - 32  - 26 43 28 37  2 38  6 41 15  - 60 10 27  - 59 21  -  -  -  -  - 57  4  - 54 25  - 49  - 35
  -  -  -  - 54  -  -  5  - 58 24  - 46 35 38 18  -  -  -  - 40  - 60 49 41  -  - 20  -  - 21 10  4 34 22 55  - 23 50 19 59  1  9  - 17 39 36  -  8 30 12 15  -  - 31 48  - 53  6 29
  - 13 50  - 28  - 22 35 32 26  - 47  - 19  - 31  1  -  - 46 33  - 18 30  - 44 38 36 45 59  -  6  - 39 11  - 15 34 58  8 20 29  5  - 37  - 53 12 60  7  -  - 41 56  -  - 27 23 16 21
  - 19  - 22 26 17  -  -  6  - 31  -  - 21 46  - 56 49  -  - 24 60  - 58 33  -  -  -  - 50  7 41  -  - 38  -  4  -  - 59 13 37 25 39  1 30  - 18 32 14 57  -  - 35  - 36 29  - 34  8
  - 53  - 46 25  - 13 14  -  1 58 39 21  8 16 17  -  - 50 12  -  - 29 60  3  - 33  - 36 11  -  - 51 40 37  -  -  - 59 42 52 45  -  - 15  -  -  - 18 38 54 44 34 41  5 55 19 10  -  -
  4  - 14 53 45 22  - 43 17  8  -  - 52 41  - 25 55  -  3  - 36 23 48 50 57 46  - 59 54 27 11 47  - 15  9  - 40 10  - 39  - 30 28 18 44 51  -  -  -  6  5 37  - 29  - 49 42  - 38 19
 47  - 51 30  -  -  - 49 48 53  - 37 39  6  - 46 54  - 15 23  - 33 17  3 36 13  - 34  -  - 55 22  -  -  - 57  7 32 27 14 25 50  - 43  8  - 31  - 11 56 20 19 24 26  - 29 60  1 21  -
 52 58  - 18 27  - 37 13  -  -  -  - 38 16 17 29 40 15  - 25 44 32  -  - 14 10 55  -  3 46 56  1  -  - 57 20 48  -  9 33 36 35 21 41 11  - 54  6 45 34  - 50 30 42  -  - 53 22  -  -
 21  4 47  9 14  5  -  - 10  - 13  - 15 57 40 52  2 37 55 36 26 20 11  -  -  - 54  - 51  - 39  - 35  1 48  - 42 22 17 38  - 19 58 27  - 12 32 31  -  3 33 28 45  - 30  - 56 46  7  -
 14 36 32  - 48  8  - 21 23  -  - 35 27  -  1  3  9  - 52  -  2 24  -  -  -  - 13  - 30 41 34  -  - 59  - 15  5  6  - 10  - 18 50  - 40 55 25  7 58 45  -  - 22 47  -  - 51  4 12 26
  - 43  3 11 58  - 27 41 53  - 16  - 13  - 59 26 37 31 10 29  6 40 47  -  8 25  -  - 38 44  -  - 22 12  - 35  1 56  -  - 30  - 32  7 45 24 15  -  -  - 39 21  -  5 55  9 28 20  - 33
 30 49  - 21 22 47  -  1  2  - 11  -  8  - 12 34 32  -  6  5 57 10 36 37 46 56 23 13 58  - 44 20 31 41 55 39  -  -  - 54 53  -  - 15 26 25 38  3  - 27 42 29  7 50 43 33 59  - 14  9
 51 12 37 27 43  -  9  -  1 59  - 29  - 11 33 35  -  3 32  - 56 46  - 13 49  -  -  - 22 24  2 55  - 36 15 10 14 25  - 20  - 28 39  -  -  -  7  - 38 50 41  5  - 57 42  -  - 30 17  -
 56  - 36  3 21  6  -  9 45  -  - 18 37 39  - 10  - 35 28 34 32 55 43 26 11 58  - 23 12 38 31 29 19 17 60 22  8  - 14  - 24 57 46  4 51  7 41  -  1 47 16  - 54  -  - 13 48  -  -  2
 26  1  5  - 38 23 56 44 15 37 52 11 10  - 22  - 36  - 30  -  - 47 27 25  - 45 16  -  8 51 57 17 59  -  7  - 34 20  -  - 19  - 24  - 49 48 18 42  -  -  - 46  -  6  -  - 32 41  - 28
 55 16 25  -  - 33 58 36  3  - 57 32  -  9 11  8  - 59 56 47 17 26  7 10 21 30 34 37  4 60  - 31 43 48 49  -  -  - 41 40 18 39 15  -  - 45 12  -  5 54  - 13  6  - 35 20 44  -  - 46
  -  - 57  2 59 16  -  - 21 27 25  - 17 24 23  - 58 47  - 26 43  - 20 52 13  -  3 30  1 18 35 54  8 29  -  - 41 45 56 31  -  - 42  - 28 49  5 60 19 37 51 32  9 44  7 14 46  - 10 55
  - 11 59 37  -  - 19 30  - 48 38  -  - 60 20  4 14 50 40  - 54  6  - 32  5 21  -  - 46 39 17 16 49 35 44  -  - 13  -  - 12  -  3 51  - 43 58  - 56  -  - 53 10 52  - 22 24 42 36 47
  - 18 11 56  6 51 48  3 57  9 39  - 40 31  4 54 10 42 21 19 22 17  -  - 29 36 28 44 47 20  -  -  1 30 46  - 55  5  -  2 58 16  -  - 34 23 52 27 50 35 60 25 38 32 33  -  8  - 37 41
  -  -  - 58 40 60  1 25 37  6  -  - 26 28  2  - 12  - 35  7 30  9 24  -  -  - 49 38  - 52 50 15 29  -  - 44 11 59  - 21 47  3 31 36 54 16 10  - 41  - 17 27 56  - 48 18  -  - 20 51
 11  - 55 40 51 42 60  - 20 35 21 45  - 50 54 36 57  7 25 16 47 31 58  -  4  -  -  -  - 43 37 48 14 53 18  6 10  - 12 28 32 56  - 33  -  - 26 34 29  -  - 30 44  -  - 24 15 27  -  3
 32 37  1 19 20  2 49  -  - 55  4 22 14  - 43  -  8 23  - 42 21 39  9 46 58 11  -  -  - 12 41 25  5  -  - 59  - 17 29 45 38 13  - 48  - 27 35  -  3  - 15 40 33 31  - 60 57  7  -  -
  7  -  - 47 30 52  - 56 36 17 35 53  - 33  3 12 25 27  - 22  -  -  -  -  -  - 24 57 55 26 48 44 13 38  -  - 60 49 39 18 41  -  4  2 23 19 34  - 21 29 43  6 59 37 32 11 45  8 42  -
 48  - 53 29 33  1 44  -  - 60 23 38 18 17 24 20 30  -  - 52 45  2 59  8 35  5  - 25 39 42 36 56  - 16  -  - 51 15 46 34 14  -  - 19  6 54  - 43  - 49 37  - 13  - 57 27 12 47  - 32
 59  - 29 15  2 34 31 39 11 19  - 33  - 10  - 60  -  8 26 57  7 50 22 23 27 17 36  9  -  - 16 53 55  -  5  -  - 30  - 43  - 49 47  -  4  -  - 51 25 32 35 38 28 13 52  -  - 12 45 14
 38  -  - 41  - 15 17 20 30  -  8  -  -  -  - 28 50 18 54  2  -  - 23 12 59 43 35  -  - 58  5  - 16 31 25 45  -  - 13 52  9  7 40  -  - 57 29 56  - 39 22  - 32 51  - 47  1  6 46 27
  -  -  -  7  - 44 21 46 19 29  3 34 47 12  - 57 60  9 33  -  1 41  - 15 22 39 18  -  -  - 51  - 58 23  - 28 13 26 10  - 11 48 55  - 53  5 17 20 43  -  - 54  -  -  -  - 38 37 27  -
 10 54  - 49 12 59  - 31 50 13 43  4  - 42  - 30 53  - 23  - 27 51  - 38  1  3 29  - 20 25  6 35 39 19 36  - 22 11 33 48 26  -  -  -  - 17 47 55 46  -  - 24  - 15 16 32  2 52  -  7
 22 35 15 32 24 54  6  - 26  2  - 41  -  -  - 11  -  - 44  - 14 57 51 36  - 48  -  -  - 29 46 38  - 21  8 58 56 16  5 37  3 53 45 47 60  - 40 19  9  -  4  7 12  1 49 52 20 13 43  -
