2520
  - 13 42 51  2 11 16 50 28  - 60 47  8 17 37 58 46 12  - 34  - 35  -  -  -  3 49 59  -  - 45 26  -  - 40  - 55 41  -  - 39 18  - 32 29  4 43 23  7  5  - 38 21 56 20 24  -  - 10 53
  - 36  - 53  -  - 35 11  - 22 18  3 50 33 39  - 57 58  6 45 56  - 26 21 48 30 42  2 49 24 47 31  - 28 43  - 27  -  - 38  - 29  -  -  -  - 17  4 32 20 19  -  -  -  -  - 54 41  -  8
 24 19 37 60 52 47 10  7 18  - 50  - 33 46 49 43 20 34 32 17 31 30  5 56 36 15 39  -  - 40 58  - 23 27 38 22 25  6 54 26  - 13  -  3 57  - 11 53  -  -  2  - 12 35  -  8  -  -  - 45
 29 16 14  -  - 50 49 15 56  - 47  - 43  5  - 10 30 45 11 22  3  -  - 52 26  7 48 60 55  -  -  -  -  - 53  1 44 21 19 13  -  -  8 28 12 18 58  9 40 23 17  -  -  - 46  - 59 37  6  -
 44 41  2 49  6  - 30 59 21  7 57 60  -  -  5 29  - 47 50 11  - 53  -  8 45 19  9 43 48 37  - 25 31 24 12 56  - 36 58  - 15 40 54 10  - 32 51 34 23  -  -  -  - 13 18 39 55 26 46  -
  - 17  6  - 12 60 45  -  - 46  - 53 39 16  -  5 36 50  - 24  -  1 33  - 35  - 44  7 51 11 41 57 52  - 34 28  - 31 26 22 10  -  3  - 58 42 56 29 55  9  - 14 37 38  - 23  - 27 30  -
 15  - 32  - 51 49 19 33 24 21 23 52 57  -  8 27 35  -  - 10 50 43 60 39  - 59 34 13  -  1 18 22 47 38 26 40  2  9 45  - 12 46 29 37 41  - 55 17 14 31  4 56 20  -  7 28  - 25 36  6
 37  - 58 32 22 25 11 45 33 13 16  -  - 53 46 35 10  - 27  5 24 59 29  -  - 43 55  9  - 20  -  3 56  1 60  -  - 17 34  2  -  -  - 38  - 49 41  -  6  8  - 57  - 36 19  -  -  -  4 44
  6  - 44  -  3 52 58 48  -  - 59  -  4  -  - 19 51 42 40 57  - 22 34  - 17 16 27 41  1  - 30 49 25  -  -  - 32 33  -  -  -  - 37 47 13 50 39  8 36 14 45 46 35 28 60 38 23  -  -  9
  - 18 25  - 57  3  6  -  - 19  - 32  9  - 20 30  -  - 28 55 11 27 51 59 53  - 41 44 38 45 13 23 22 37 10  - 46 29 31 42  - 24  -  -  -  -  4 48 50 12 16  - 58 47  2 26 17  5 60 15
 33  2 13 14  -  - 55  - 54 40 56 10 12 47  3  9  -  -  - 41  - 58 59 57  7 26 52 42 35 38 23 19 20 48  - 16  -  -  - 45 11 31 53 34 15 21  5  - 25 28 22 51  1  -  -  - 36  -  8  -
 20  - 30 22 60 33 32 16  -  9  -  -  2 40 28  -  1 35  4 54  6 15 55 12  -  - 29 11 43 19  8 10 34 50 51 13 38 44 23  - 59 26  -  - 45 46 42 36  - 37 18 27 41  5 14 25  3  - 24 47
 40 15 36  2 41 21  -  4 31  -  - 16 30  -  -  -  -  5  -  -  8 23 46 11  - 55  6 22  - 14 42 50 37  9  -  -  - 58 51  - 44  - 49  - 60 17 27 20  - 34 35 45 28  -  1 33  - 10 57  -
  -  -  -  6 37 57 23 54 22 60 24 50 28 27 15 49  - 10 21  -  1 18 17 43 25 29 58  - 41  -  - 51 12 39  -  3 14 46 59  - 47 32 13  - 19  - 33  -  - 35  -  - 36 31 48  - 40 38  -  -
  9 37 59  7  - 38 31 21  5 48  3 29 55  -  4  - 54 44 10 60 52  - 47  -  2  - 43 17 45 53 25 33  - 58  - 36  - 40  - 46 24 56  - 30  - 27  - 16 35 50  8 28 51  -  - 13 15 34  - 32
 56 40  - 48  -  -  - 17 35  - 46  - 24 23  - 26 21 30 44  -  -  -  - 13 59 50  4 33  - 28 14 27 41  - 54 29 43 12 18 58  6  9 11 57 42 55 52 37 10 36 34  2  3  1 49 60 19 15 47  -
 31  -  4 33 10 51 57  9  -  - 20 44 53  2  - 42 15  - 43  -  - 55  -  7 58 38 36  - 11 48 52  -  -  5  - 46  3  - 32  -  8 49 28 17 54 14 40 56 34  - 27  - 50  - 47 12 26  - 18  -
 51 48 11 35 38  -  3  - 16 57  - 23 26  4 60 41 50  -  - 30 27  5 24 45 19 39 56  8  -  - 31  -  - 10  - 25  - 53  -  -  -  - 22 44 14 47  - 28 12  - 52  1 34 43 33  -  9  6  -  -
 30 35  - 56  1 44 51  5 10  -  - 27 31 48  -  6 18 39  - 16 49  2 22  -  -  -  8 53 19 59  9 20 45  -  - 58 28 43 17  - 42 50 23  - 38  7 12 26  - 57 36  -  - 15  - 11  -  -  -  3
 60  8 49  - 39 37  - 40  -  -  2  - 34 57 12 25  - 21 16  - 32 28 10  - 55 46 31 48  -  - 20 15  - 33 30  -  - 27 29 47  9 38 43  - 44  - 18  -  - 53 56  4  7 14  -  -  -  - 59  5
  -  -  - 24 21 53  4  - 19 32 17 15 46 35 44 50 47  - 54 13 45  6  7  9  - 36 38 34  -  - 51 11 60  - 41 12 26  5  -  - 58 27  -  - 40 20  -  -  -  - 28 59 23 33 57  -  - 56  3 25
  - 58  3 42 43  - 36  - 46 24 13 26  -  1 25 34  - 32  - 29 41  - 28 17  - 44 12 27 57  - 19 14  -  - 39 21 50  8  -  -  2 45  -  - 20 10 53 30 33 60  - 48  -  9 37  - 51 11  - 16
 12 60 34 52  - 29  - 51  4 44 41 57  -  - 31  - 19  - 23 21 33  -  -  1 15 17 11 39  - 50 53  - 48 30 24  -  9 18 42 49 55 28 58  2 10  - 35  -  - 32  - 47 45  3 22  -  -  8 27 54
 23  - 16 46  - 40 20 12 38 10  1  -  - 24 52  2  8 15  - 18 21 39 19 49  -  - 50 30  4  - 54 34  - 41 45  - 56 13  -  - 27 58 48  - 32 57 47  -  - 17 44 55 25  -  -  -  -  -  -  -
  - 51 19 25  -  -  5 58 44 26 33 48 21  -  1 32  2 23 13 36  - 45 31 50 57 56  - 38  -  3 15  -  - 40  8  9 54 14 37 12  - 10 46 24 11 52 22 35 59 47  - 29  - 49  6 41  - 53  -  -
  -  3  -  - 28 59  - 57 26 12 15  - 60 34 56  - 37  - 53  - 36 17  - 38  5 42 45 55  - 18 46 29  - 14 19 47 20 51  -  6 41  4 25 21 31  1 44  -  8 13 49 23 54  7  9 58  -  -  2 39
  -  - 29  4  - 36  9 44  - 28 53 58 10 38  - 33 31 57 18 35 34  - 32 46 37 20 14  -  -  - 59  5 42  2  - 41  1 25 16 11  -  - 45 49 47 13  6  -  -  - 60 39 26 27 30  - 22 48 19 43
 54  - 33 17 24  - 26  1  - 50 19 46  - 42 11 39  -  - 25  3 43  - 20 23 56 31 22  - 21 47 40 13  9  -  -  8 30 32 28 57 53 37 41  - 18 36  - 51 44 52 48  6 38 55  4  7 35  2  5 29
  -  -  1 39  5 14 38 10  -  - 11  4  - 52 22  -  -  -  -  - 54 25 15 44 13 57 19 26 47 30 29 36  - 35  - 42  - 48  -  9  3  8 24 53 43 45 20 58  -  - 23  - 31 32  - 59 46 28 17 34
 38  4  -  - 20  1  - 22  - 27 45  - 17 19 40 28 43  -  - 15 60  7 44  2 10 12 32 31 53 57 11  - 33  -  9 49  - 42  6 37 14 21 36 41 52  8  - 25 18  -  5 24 46 39  - 56 16 13  - 48
 28  - 50 27 42  -  - 19 41 25  - 36  - 15  - 23 11 48 46 20 59 40 30 51  -  -  -  - 58  - 56 44  - 22  -  - 34  -  - 21  -  2  - 55  5  -  -  -  -  - 13  -  9  - 39  -  6 43 14 57
 41  - 47  -  - 17 56  -  - 34  -  6 27 20  - 11 29 55  - 33 10 51 21  - 43 35 60 12  8  - 44  1 50 52 59 18 23 54 40  -  - 16  - 46  - 38 28 45 49  4 57 25  - 22  - 53  7 42 15 31
 17  5 51  - 27 35 13 41 30 43  9 34  - 21  -  -  -  -  -  6  - 33 56  - 54  -  -  1 22 31 55  2 46  - 36 50  - 24  - 14 28  - 32  4 37 25 19 47  - 38  3 20 48  - 10  -  -  - 49  -
  5 44  7 37  - 43  8 18  - 17  - 45 56 12 57 59 48  3 19  -  - 26  - 55 11  -  2 21  9 41 60  4  - 51 13 30 10 28 52 31 16 36 39 50  1  - 29 22  - 54 47 32 40 23  - 27 34  - 53  -
 48 38 31 34 50  4 15 42  - 18 26  1 44  - 36  -  -  -  7 19 39  8 58  6  - 47  -  5  -  - 49 41  - 53  - 35 21  3 46 28 45 25  - 52 17 16  9  2 27 56 40 30 29 60 54 55  -  - 11  -
 52  - 43  - 26 30 37 32  -  - 31  -  1 28  -  - 13  -  - 46 17 47  -  -  - 51 21 45 59 54 24 16  -  - 35 39 33  4 56 15  - 60 50  -  -  6 57 38  5 11 10  9 19  -  -  - 42  3  -  -
 26  9 20  - 33 22  -  -  8 53 30  - 45 13 35  - 28 56 31  4 38 29 18  - 47  - 24 57  - 42 50 55 58 11 44  - 48 39  3 32 25  1 34 27  7 12  -  5  -  - 59 40 49 52  -  - 43 14 37 46
  -  - 21 44 15 55  -  -  1  - 29 13  3  -  - 18 16  -  - 27 23 24  -  - 12 52 17  - 40  9  4 56 28 59  7  - 45 57  - 39 43  -  5  - 46  2  -  - 11 48  -  - 32  - 34 10  - 31 26 50
 46 43  - 11  - 10 22  - 47 45  -  9 13 30 54  -  - 16  - 58 44  -  - 53 27 14 57 40  -  -  5 32  -  -  1 48 17  - 35 59 60  - 21  -  -  - 25  - 19  3  7  -  - 50  - 15 33 29 51 52
  - 54 57 38 58  -  -  - 51  -  6 33 19  - 59  -  - 28 60 56 13 21 49  -  -  -  - 32  - 22  -  7  -  4 31  - 11 20 47 52  - 55 17 35 27 34 15 10 45  - 29 43  -  -  -  -  - 46  -  -
 45 25 15  -  -  5  - 35  - 39  - 38 11 55  -  -  -  6 52  7 28 48 42 47  - 34 23 37 50 36 32 54  -  - 58  - 12 22  1 18 21 44 27 51  -  3  -  - 26 10 24 33 16  - 29 30 56 19 20  2
  -  -  - 41 29  - 12 53 60  1 21 22 48 59 34  3 33 31  - 28 51 10 52 36 46  5 16 23 42 25 37  -  -  -  - 14 18 30 50 17 26 20  7  6  -  - 54 27  - 43 38  - 44  4 13 19  -  -  - 58
 59 57  -  - 49  - 21  8 12  3 48 14 23  -  2 56 45 27  1  -  - 20 50  -  - 25  - 19 30 10 34  - 29  - 32 11  - 26 55  - 17 52 15 18 36  -  - 13 47 39  - 22  6  -  - 31 60  7 43  -
 14 20  -  -  8 24  - 28  -  -  - 49  5 18  -  - 17  - 47 52 19 13 12 22  - 37 26 36  7 46 57  9  -  - 56 38  -  - 21 51  - 48  -  -  6 39  - 41 29 16 43  - 27  - 11  1  - 59  -  -
 53 45 26  1  -  -  -  - 42 16 28 11  -  - 47 37 12  8 33  -  -  -  3  5  - 32 20 25 44  - 17 43 15  -  - 59 39 60 13 23  4 19  - 29 30 24 10  -  - 27 51  -  - 34 35 52 50 18 40  -
 22 24  - 20  9 18 42  - 45  5 10  - 35  6 55 47  - 54 41 44  - 34 36  - 49 60  7 50  - 43 27 38  -  -  - 15 31 23 39  - 57 14 52 59  4 19 46  - 30 33 37  -  -  - 16  -  - 40 56  -
  - 50 22 29  - 27  - 43 34  8 32 39  - 36  -  - 56  -  3 59 12 44  9  - 31 24  - 47 13  -  - 48 30 17  -  6  7 16  - 41 38  - 18  - 33 60  - 49 52  2 53 15  4 11 26 51 58  -  -  -
 47 23  -  - 30 56 41  3  - 42 37 17 59  -  - 48  5  1  2 26 53 11 16 28  -  - 54 58 10 35  -  -  4  6 20 60  - 19  - 34 40  -  -  - 25 29  - 14  - 15  9 49  -  - 31  -  -  - 38 13
 49  1 52  9  - 28 34 24 20 35  - 40 36 22 42 60  - 14 26 47 37  -  - 58 33 23 51 16 25 29 10  8  7 21  3  2 15  -  5 27 46 41 19  - 56 31  - 39 48 30 11  -  -  - 17 45 18  - 12 55
 57  6 27  - 47 54  - 39  - 52 51  5  - 31  - 46 60 38 55 43 18 50  -  - 29 45  - 28 17 23 48 37 26 44 33  - 58  -  -  -  -  - 16  9  2 22 34 40 41 25 14 10 59  - 21 36  4  - 32  -
  - 34  - 36 45 46 29  - 15 30  8 37  - 10 43  -  - 24 51 39  2  -  - 27  9 40 33  3 56 55  7 12 14  - 25  -  4 49 57  -  -  -  1 11 59 26  - 54  -  - 20  - 60 16 52 22  - 47 48 28
  -  - 18  5  - 19 52  - 49  -  - 59  - 45  - 53 14 43  9 40  - 54 13 33  4 10 35 56  -  - 22 30  2 55 17  - 36 38 48 25  -  - 31  - 28  -  - 24 21  1 41 42  -  -  3  -  - 16  -  7
  -  -  8 28 23 26 33  -  - 15 34  -  -  - 13 14  - 51 48 49 30  4  2 24 21  -  - 46  - 44  3 53 10 56 52  - 41 55 43  -  -  -  6 39  9 11  - 60 17  7  -  -  -  -  - 47 38 54  - 19
  - 39 10  -  - 48 40 60  - 31 22 41  - 29 53  - 23 52 56  2 55  - 45 14  -  9  - 35  -  -  1 28 18 54  - 57  - 11 49 30 13 12  -  - 26 37 36  - 38 59 46  - 24 17 25  - 44  - 50 21
  8 21 24  - 55 39  2 26 57 54 35 56 41  -  - 40  -  - 58 48 15 60  1  - 52  - 28  - 34  7 43 45 16  3  - 23 42  - 20 36 33  - 12  - 22 44 50 46 13  - 25 18  -  - 27  4  -  -  9 59
 36 31 60  - 13  9  - 37  - 49 39 21  -  -  -  - 40  - 30 53 42 38 57  - 51  1  -  6  3 12  2  - 55 18 16  -  -  7 22 33 19 34  - 45 48 59 23 15  -  -  - 26 14 58  5 43 10 50 35  4
 43 10 17 30 11  8 27 31  -  4 58 28 29  -  6 57  -  9  -  -  - 14 38  -  - 54 25 15 46  - 21 18 51 36 55 24 16 56  -  -  - 59 35 20 50 40 32  3  1 45 42  -  - 48 44  -  -  -  -  -
 27 14 45 43 56  - 44 52 50 55 38 18  -  - 16  -  - 36 57 37 25  3  -  4 24 28 53 29 23  -  - 21  -  -  -  -  -  2 30 10 32 35 40 26  - 48  7  - 31 46 39  5  -  - 59 49  - 60 33  -
  7 11 39 50 35 16 43 27  - 23  - 25 40 14 10  -  4  2 17  1  5 37 53 34 60  8  3  -  6  -  - 47 59 13  -  - 51 52 38 20 31 15  - 36 55 28 48  -  - 26 32 58  - 45 24  - 57  -  - 30
 13  - 56  -  - 34 46 47  3  - 44  -  - 49 33  - 59 53 29  - 57 41 54 42  -  2  -  4  - 17  - 58  -  - 48 55 37 10  9 43 35 39 14 40 23 51 31 21  -  6  - 60 18 24 50  5  - 52 25  -
