2520
 52 34 44  5  - 11  - 57 33 60  2 39 56 59 22  - 36 45  -  -  8  - 21 42 17 37 46  - 26 12 50  - 55 28 47  - 53 25  -  6 14 23 43 40 38 58 51 32  - 15  7 41 24  -  -  - 16  4 20 31
  9 32 24 18  - 41 35  - 38 23  - 31  - 45  - 54  - 51 25 40 36 13 27 12 44 22  -  -  5  - 11  - 50  - 48 34  - 39  -  1  -  - 15 57 56 20  -  - 33 60  -  4  6  - 26 10 28  - 30 58
  7 25  -  - 50 33  -  -  -  - 59  - 41 47 44 11  -  - 16 14 53 27 38 54 30 56 39 10 34  -  9 36 32  - 18 45  -  -  -  - 43 48 42  2 26 15 19 21  - 17  -  6 40 49 29  - 37 60 58 23
  8 21  -  -  -  -  -  - 50 44 31 34 17 35  - 29  - 58  - 36 32 41  7 56 51  1 13 54  - 11  - 30  - 15  - 47 38  3 10 27  5 19  -  -  -  -  - 37  -  - 60 33  4 46 24 25  -  - 26  -
 39  -  - 57 22 13 27  - 18 36  - 47 42 37  7 20  6 11 26  -  -  1 60 28 33  - 38 12  - 34  - 50 45  -  - 56 25  4  - 51  - 44 54 53 24  - 32 49 30  -  - 58 31  9 14  -  - 35 43 17
  - 60  -  - 28  -  6 47 57 18 17  - 30 21 33 12  - 19 22 42 49 53  -  - 54 34  -  1 32 16  5 39  - 37 55  -  - 41  8 15 27  - 52 38  3 26 59 56 51 58  4  - 29  -  -  - 43 50  9  -
 56  6  -  8 27 36  - 24  - 33  - 18  -  -  -  - 51  - 17  - 39 31  - 10 45  - 26 32 53  9 52 21 60  - 22 58 14 37  5 20 13 59  4 44 23  - 15 30 19  - 48 46  -  - 42 57 41  - 54  2
 60  -  -  -  6 30  -  -  -  -  - 33 28  -  -  - 46 47 42 23 40  - 19 18 20 52 56 58  -  2 41 17 27 34 38  -  - 32 49 14 48  9  5  4  - 45 26  - 57 22  - 15 39  3  - 43  -  - 29 35
  - 48 19  -  - 56 57  -  9 13 58 46 55 22 31  - 12 14  - 38  5 23 29  -  1  -  -  3 35 37 18 10  - 32 27 16 51  -  -  -  - 47  - 33 30  -  8 25 15 45 59  -  -  4 43  7  - 49  - 20
 23  -  - 22 55  - 10  2 20 30  5 43 18 50 41  -  - 17 24 53 54  -  - 46  - 35  - 16 33  3 51  - 49  -  -  - 19 57 14 25 60  -  -  6  - 29 58 48 37  -  9 36 13  -  -  -  -  8  - 59
 51  - 30  -  -  - 20 56  2  - 23 41 11 27 21 17  -  -  8 13 59  - 47 58 34  7 33  - 39  -  - 43 57 45  -  - 49 35  -  4 53 25 32 10 40 38  -  - 14  6 24  -  -  - 52  -  1 42 31  3
 11 24  -  -  -  -  -  -  -  -  -  - 51 55 13 58 47  - 27  -  -  5 14 31 57 59  -  - 38 36 37 20  - 41 26 42 48  6 16  - 15  - 19  8  4 40 60 22  -  - 44 30  - 28 17 50 34 23 32  7
  - 54  - 15 23  - 45 14 17 56 20  - 38 29 35 39 52 16  6 18  3  7  -  -  5 19  -  - 51 50 12  - 46 40 33  - 42 26 36 22  - 53 30 43 32 28  1  -  - 37 34 60 47 41 31  -  2  -  4 27
 12  2 23  - 19 16 14  -  7  8  - 55  - 56 29 28 48 41  - 15  - 10  - 44  -  -  - 37 52 33  1 25  5 38 17  -  3 40 11  9 32  - 39  - 49 18 35  - 31 47  - 26 59 20 21  -  - 57 53 46
 42 52 34 12 20 55 51 27  - 58 32  - 13  - 56  -  - 36 44 59  -  -  - 47  - 28  - 38 31  -  -  5 40  2 43 11 37  -  3 54 10 26  -  7 25 49 57 33  -  8  - 24 14 22 48 39 29 30 45 41
  1 27 31 17  - 34 40 54 11 32 50 37 44 23  2  - 30 48 57  - 41 29  - 13 22 45  -  7 49  - 60  4 21  -  - 25 56  - 18 26 42 36  - 16 51  - 10 39  6 55  - 19  - 43 20 12 38 15 14  -
  - 38  - 56  - 40 47 49  - 43  -  -  -  - 11 19  -  - 18 57 51 58  4 39 27 13 12 52 45 20  -  2 29  -  1  - 50  -  -  -  - 10 28 48  5 54  9  - 35 36 37 25 34 21  6 46 44 16  8  -
  -  -  - 13 53 15 41 39 23 31 26  9 20 48 10  - 25  -  - 22  7 21  8  - 24 30  1  -  4 43 42 55 12 49 54 35  -  - 45  - 37  - 58 27 47 11  - 50  - 29 57  - 17  -  3 38 59 51 40 34
 29  3  -  1  8  -  -  5  - 22  -  6 31 49  -  - 45 52 56 16  - 20 55 35 10  - 34 19  - 54  - 13 11 33 21 60  -  - 15 46 58  -  9 12 27  -  - 41 53 59 18 23  -  - 51 40  7 47  - 25
  -  8 27 46 52 39 48  - 60 20  - 38  -  3  - 49  1 29 53 44  - 18 11 45  -  -  - 15  -  4 28 22 19  - 35 54  - 23 33 10 24 16 17 41  - 12 30  7  - 25 21 56 57  - 50  -  -  -  - 32
  - 58  -  - 47 42 55 29  - 41 37 19 24  -  -  3  - 21 60  4 30  -  - 14 46 38  - 50 44  8  -  7  - 12  -  2  - 52 53  -  - 57 26  - 31 27 34 59 18  - 39  - 56 13 33  - 54 28  5 45
  - 43  8 38 49  1  -  - 32 42 30 16  -  2 52 41 50  - 58 24 31  3  - 27 56  -  - 45 17 48 21 37 39 23 44  - 40 11 25 29 33 35 57 60  - 14  6 28 20  - 46 34  - 36  9 51 19 54  - 26
 22 13 20 40 38  -  8 45  -  - 52  4 10  - 37 42 35  - 43  7 15 30 16  - 49 53  -  - 59 47  - 32 33  9 60 31  -  - 12  - 28  - 25  -  - 46  2 11  -  - 56 48 44 29 19  -  - 58 17 21
 32 56 58  -  - 43  3  - 30  - 14 40  - 51 20 50 60 42  - 55  - 36 33  -  8 54 53 18 25 38  - 28  1 13  -  - 52 15  7  - 26 11 27 24  6 34 37  -  - 35 41 49 19 47 22 31 17 44 59 57
 35  - 45  -  - 58 44 38  -  - 41  -  -  - 36  4 55 37 10 29 16 43 18  2 53  6 59 14  1  - 19  9  - 20 32 51 24  - 52  - 12 34 60 47 54 30 56 31 49 11  3 50  - 40  5 15  - 17 22 42
  -  -  3  - 51 27 49 20 37  -  -  -  - 39  6 31  -  - 55 21  - 34 10 38 16 36  - 48 13 58 45 60 30  - 23 57  8 19  - 59  1 33 18 14 53 22 17 29  - 50  5 52 41 44 12  - 47 32 35  4
  5  - 57 44  - 37  - 21 53  - 60 45 27 41 32 52 10 24  - 30 22  - 49  -  -  -  - 36 54 42 31  8  7 43 25  6 15 55  4 19 16  -  - 51 33  1  - 14 26 34 29  -  -  -  - 35  - 39  - 12
  6 36  - 20  4  -  - 23  -  1  - 28  -  7 39 16  - 60  - 26  - 35  - 57  2 50  - 46  - 49  - 52  - 48  - 18  -  - 22  -  9 58 55 59 15 56  -  5 12 32  -  - 43  - 41 30 53 25 11 14
  - 49 13 14  - 23 21 58  6  7 55  - 33 42 27 34  - 54 31  1  4 59 28 41  - 15  8 22  2  -  - 16 53  -  9 38 17  -  - 40 25 52 35 32 60 48 39 24 29  - 51 20 45  - 47  3 57 18 36  5
 40  -  -  - 15 46  - 59 31  -  4 42  -  - 24  - 33  -  -  - 55 57 56 51  -  2 32 47  8 28 26 44 13 29  -  - 16 48 19  - 17 54  - 30 21 43  5 38  -  -  1 39  - 35 58 60  -  3  6 36
  - 18  - 29 59 60 42 37 56  - 28 51 26  - 38  9 40  - 33 10 14 32 30  - 47  5 24 13 57  - 22 15  - 19  - 46 41  - 21  -  - 45 31 58  -  -  7 23 25  2  - 11  - 34  8 53  - 48 49 44
  -  -  - 58  -  -  -  6 24 19  3  -  9  -  8  - 39  -  - 51  - 54  -  - 25 33 21 35  - 45 10 12 59  7 57 53 46  5 50 44  - 14  - 42  - 41 28 43 32 23  - 55  -  - 27  -  -  -  - 52
  -  1 10  -  - 51  5  - 29 40  - 32 39 57  4 37  2  - 20 60  - 38  3  9 55 11 19  -  7 41 46 14 34 31 24  8 45 36 56 35  - 15 49 18 12  6 44  - 13 33 42 53 50 58 59 22  -  - 27 16
 44 33 43 19  -  - 34 60 49 51 38 36  3 14 45 30 59 53 23 54 57 24  - 52  - 10 29 55  - 27  2 56 48  8  - 28 12  - 58 50  -  -  1 15  - 37 40  - 21  5  6  -  - 42  -  9  - 41 39  -
 47  -  - 28 42  4 43 53  5  6  -  - 59 38 19 18  -  - 36  - 35  9  - 30 26  - 23 56  -  - 54  1 25 50  8 14  - 13  - 16 44 51 24 45 39  - 20  2  -  - 58 29 33 52  -  -  - 34  - 55
  - 23 17  6 12 38  9 46 43  - 33 57 60  8  - 22  4 59 48 50 11 42 26  1 52  -  -  - 15 39 53 35  - 58 14  - 21  -  - 49  3 37 51  - 55  5 41 47  2 31 40 10 27  - 32 20 45 13  7 29
 24 42 26  -  -  -  -  9 19  -  - 30  -  - 46  - 58  -  - 45 60 16  -  5 59  4  - 51 10  - 17  -  -  - 31 49 57  - 27  -  7 38 12 29 36 33 14 54 47  - 43  3  -  6 34  -  - 22 23  1
 16  - 56  - 43 35 18  -  - 15  6 20  1 10  - 46  - 50 40  - 19 45 52  - 58 49 55 39 23  5 25 38  -  - 37 21  -  9 17  7  8 41 34 31 29 59  -  4  -  - 12  2 48 53 30 11  -  - 60  -
 48 41  -  -  - 12 60 10 22  - 47  - 19 58 53 25  -  - 52 56 26 50 34  -  - 16  -  2 27  -  7  - 51  - 13  -  - 20 35  8 38 42 36 21 43  3  -  - 54  - 45  1  9  -  -  -  -  5  -  -
  - 45  -  - 39 32 36 35 40 57 51  - 47 11  1  - 54  2 12 52 38 49 58 15 18 46 37  - 41 14  -  -  -  - 56 24 31 60 44 48 50  4 29  - 28 42 53 20 34 21  - 13  7  8 23 16 22 19 10  -
  - 16  - 41  - 25  - 44 26 50  -  -  5 54  - 15 21 31 28 17 20 56  6 29  - 40 30  - 47 52  8 42  -  1 59  3 23  - 39 11 18  -  - 19 48  - 38 57 24 10 32 27 58 60 46  -  -  - 12  -
  - 20 47 50  -  9 17 12 13  - 40 59 16 28  - 60  -  8 32  - 33 39  2  - 19 23 44  - 24 26  - 53 18 22 52 37 35 43 30 38 49  5  - 36 46 21 29 55  3  -  -  -  - 27 45  6 58  7  -  -
 43 40  6  4 37  - 50 42 52  -  -  - 53 60 49 21 34 20  1 39 29  - 25 48 38  -  5  -  - 17 44 58 26  - 51  - 36  - 24  -  -  - 45 22 11 31 27 15  - 19 13 47 46 56 54  -  3  - 55  8
  - 51 35  -  - 47 33 31  - 39  - 44  7  -  -  - 53  1  - 32 18  - 20  -  -  9  - 57 19 60  - 40 14 21 41 52 59 46  - 55 29  6  2 28  -  4  -  - 22  - 50 43  - 16 13 37 27  - 25 11
  -  - 12  2  -  - 38  - 21  5 46 13  4 19 40  -  - 27  7 47  -  8 48  - 29  - 51  -  -  - 58  - 16  3  6  - 54  1 42 31 36 18 59 37  - 60  -  - 41 43 35 44 26 17 39 24 56  9 52  -
  -  9  - 45  - 53  - 17 28 26  - 14  - 30  3 56 31  - 49 19 42 22  1 24 36 43 25 33 12  - 29 59 23  -  4 44 13 34 41 60 35 20 37 50  - 32 54 58  5 46 27  7 10 48 57  - 11  6 51  -
  - 55  -  - 41  - 56 13  - 34 53 15 25  - 48 23  - 46 21  -  - 17 24  3 14  - 20 42  -  -  - 51  -  6 40  - 47 30  -  - 39 50 44 11  -  2 31  1  - 28 52  - 54  - 10  -  8  -  - 19
 58 15  9 55 45 18 54 30 27 25  1  - 14  6 60  8  3 44  - 28 48 52 22 43 31 21 17  4  - 29 24 23 20  -  -  -  - 49 57 13  -  2  -  5  7  - 47  - 36 16 10 38 32 33  - 59 51  - 41  -
  - 53  -  -  -  -  - 36  - 14 42 26 49 15  9  -  - 38  2  -  - 12  -  - 21  - 11  - 55  -  4 29  -  - 28  1 32 59  - 24 45  3  -  - 19  - 43  -  - 41  8 17 51 10 44  - 18 56 33  -
  -  -  2 27  1  8 31 22 36 46  9  - 48 43  - 55 32 49 41  6 44  -  -  - 42 20  -  - 60 21 47  - 38  - 11 26  7 10 29  -  - 24 23 13 18  - 45  - 50 39 33 35  - 37 53 19  -  - 34 56
 50  - 16  - 11 44 25  1 42 49 29 12  6 13 59 26 43  3 38  5  - 37 35 55  7 31  - 17  - 56 23 19  4  -  - 41  2  - 51 34 54 39  -  -  9 53  -  8 46 18  - 40  - 15 60  -  - 52  -  -
 57 17 52 43  5 19 46 33 47  -  -  -  -  - 18 51  - 30 15 49  1  4 59  7 23 12 50  8 37  - 34  -  3 60 10 55 28 44 20 42  - 27 40  9 45 36 22 13  - 26 11 14 53  - 16 21  - 31  2  -
 18  -  - 31 57 20 19 25 10 35  -  2 32 12 17  -  -  - 13 37 47  -  9 40 41  - 27 49 30 53  -  - 43 14 29 23 11 51 26 21  -  -  -  3 58 39  -  -  - 24 15 54 42  -  1  -  -  - 38  -
  - 10  - 34  -  - 23  - 54  - 21  5 29  - 43 57 42 39 35  2 25 28 36  - 60  8  - 20 58 30  - 24 15  -  - 13 26  7  -  - 47  - 38 46 14 44  - 19 17  3 53  -  1  - 55  - 48 27 37 51
 14 30  7 37 21 10  - 32 59 45 13 60 50 34 47  6  - 56  - 11 17  -  -  8 43 27  9 40  - 57 20 18  -  4 36  - 29 54  -  - 31 22  - 55 41 23  -  - 44  - 26  - 12 38  -  -  - 53  - 15
 30  7 59  -  -  6  - 28  3 17 24 27 45 16 50 53  - 33 54 46 12 40 32  -  - 39  -  - 21  -  - 31 42  - 20  - 58 29 13 47 41  -  8  1  2 19 18 35 43 49 25  -  -  - 11  - 55 36  - 48
 26 47  -  9 18 31  -  - 45  -  - 35 40  4  -  - 41  6  3 58  - 33 39 21 48 25  -  5 50  - 15 46 52 44  - 36  -  - 59 32  - 17  7  - 20 10 13 53 42 30 19  - 37  - 38  - 60 29 28  -
  - 26 33 39 24 14  -  -  -  -  - 54 22 44 12 45  7  4 29  -  9 47  - 20  - 17  - 11 43 25  - 27  - 42  - 32 30 58 23 28  -  1 50  -  - 13  -  6  8 57  -  5 55  - 18  - 46 10  - 38
  - 59 37  - 40 49  - 41  - 38 18 24  -  - 14 35 27 32 19 25  - 51  -  6 28 29 58 26 48  - 56  - 44 55  - 10  - 45 47  3  2 21 46 17  -  - 33 52  -  - 23  - 15  -  4  8  5  1  - 54
 46 35  1 49 26 21  -  - 41 47 25 10 58 20 30  - 19 12  - 48 34 15 42 53  3 44 43  - 29  6 14 45 31 51  2  -  - 22 55 33 40  7  - 52  -  - 11 18  -  - 38 57  8  - 28  - 39 37 16 60
