2520
 38 15 32  8  -  -  3 24  - 18 43  7  - 29  -  - 60  - 30  4 13  - 58 22 59 46 44 37  - 36 10 11 40 51  -  9  - 23  6 53 28  - 54 34  2 57  - 27  - 19 12 17 21 47  - 26 56  -  - 45
 21 56  2 52 51 16 24  3 40 29  8 14 25  - 58  6 31 23  9 57 47 28  -  - 18 44 38 30 27  5 54 60  - 50 43  - 11 20 55 49  -  1  -  -  -  - 22 12 45  - 46  - 48 53 42 17 39 41  7 32
 51  -  - 44  3 21  6  - 56 59 29 37 31 12 57  -  - 53  - 58  -  -  - 26 13  - 46 33  7 25  - 19 14 41  - 52  - 47  - 32  - 34 50  - 45 23 54 24  2  -  - 49 42  8  - 40 55 38  -  -
 48  - 45 38  4  - 10  1  - 26 28  -  - 46 56 31  6 60 44 32 22 14  9 51 57 16 27 42 15 21  - 59 30  2  -  - 13  - 20 37 39  - 55 50  -  - 24  7  - 35 40  - 43 41 23 47 11  - 58 29
 36  - 43 37 58 29  - 53  7 41 39  9  -  6  - 59  - 47  - 60 19 52 15  - 35 30 24 20 28 23  -  - 32  - 56 27  - 51  - 38 55 18  8  2 40  - 17  -  -  1 22 14  -  - 10 48  - 25 42 12
  - 19  - 20 53 23  -  - 38 55  9 51  - 48  2  7  -  1 16  8 29 31  - 37  - 41 12 39 17 33  5  -  3 24 44 45  -  -  -  - 50 57 47 58 28  - 40 54 36 27 25 30 34  - 13  - 18 35 21 42
 55 47 20  5 30  8 37  -  - 51 49  1  3 35 29  - 10 15  - 46 21  7  - 18 50 14 31 54 42 59 40  - 26 60 38  -  6 25 53  - 57 58 17  - 41  -  -  -  -  2 16 12  -  9 32 43  - 45 27 23
 45 26 48 18  -  3  - 54 14 23 55  4  -  - 16  2 46 38  7 44 39 11 13  -  8 37 42  - 10  -  -  - 34 20 49 30  - 43 40 52 60 53  -  -  - 56 28 21  -  - 59  -  - 32  -  -  6 12  - 36
 19 44  -  9 57 59 45  -  - 52  -  8 55 26 43 46 54 25 18 28  -  6  - 21  - 10  7  -  4 58 20 32 24 33 37  - 16 14 30  -  - 48  - 27 42 15 47  - 22 23 41  3 40 36 17 13 12 50  5  2
  6 17 44  -  -  9 30  -  - 46  - 40  - 33 13 32 58 27  -  2  5 21 18  7 49  -  - 19 24 56 41  4 11 42  - 15 34 53 50 16 12 26  -  -  -  - 52 28  8 10 60 25  - 43 39 59  - 14 36  3
  - 34 50 36 43  6  - 30 27 25 14 12 45 51 38 49 20 42 53  - 59  - 17  - 58  2  - 16 35 26  - 44 18  - 52 21 46  9  5  -  -  - 15  - 19 47  4 40  3  - 24 28  - 23  7  1 10  -  8 54
 60  -  - 41 14 51  - 42 20 47  - 55  -  3 12 34  -  2  - 33 37 58  - 32 23  9 15 22 59 10 26  - 44 16 25  8  - 18  -  5  1 17 43 39 36  -  - 52 28 45 30  4 53 29  - 57  - 21 50  6
 28 30 35 55 10  - 16  -  4 60 41 11 54  -  - 37 27  - 51 34 52  - 49  - 20 24 47  2 19  - 56  5 48 32 29  6 25  - 43  -  8 44  -  - 58 18 33 15  - 36  - 21  - 22  - 39  -  -  9 14
 39  - 15 19 59 24  -  - 41  - 46 54 30  -  -  - 29 17 55  - 58  - 27 60  - 47 34 50 52  - 49 53 35  8  9  - 42  - 48  - 36 21 25 45 38 11 23 43 40 44  -  6  - 20 14  4  2 51 10 16
  - 57 24 50 31  -  - 60 21  - 17 49 58  - 42  -  - 20 37 23  -  5  -  3 44 11 39 59 48  -  1 30 29 18 41 55 32 13 52  - 34  6 40 16 10 12  -  - 43 33  2 47 51 45  4  8 27  - 38 26
 12  3 42 22 18 20 23 44 28  - 53  - 40  -  9 45 48 41  - 35 43  - 24  -  - 38 21 51 55  -  - 54  2 26  1 11  - 29 13 47  - 10  - 56 27  -  - 14 25 37  7  - 39  4  8 32  -  5  - 46
 35 13  -  7 60 37 27 50  3  - 32 29 38  -  - 40  - 19 42 14  - 34 51 55 16 39  -  - 31  2  - 58  - 15 59 12 54  -  - 56  - 36 45 26  -  9  - 25  - 47 10 48  - 46 22 18 21 52  - 44
  - 24 38 40 50  - 33  -  - 56 44 32 57 21 54  -  2 22 17 25 36 48 47 13 34 42  1  6  - 28 55  - 52  4 53  - 26 27 45 10  - 43  - 23  - 29  9 39 30  - 31  - 35  - 58  7 37  8 60 20
 20  - 57  -  - 11 21  -  - 12 30 13 44  - 39 33 23  - 54 26  7  - 52 59  - 53  -  1  2  -  9 28  - 10 60 24  - 50  -  -  - 49 16  -  -  - 25 41 48  - 34  -  -  5 18  3  - 42  -  -
 18  - 60 23  -  - 20  -  6 45 50 57 10  - 30 19 17 14 36 48  - 15 40  -  - 59  - 24  -  - 39 35  - 29 47  - 38  - 31 12  - 41  -  3  - 37  2  1  -  -  -  -  4 28 21  - 25 43 56  -
 43 28 12  -  - 19  -  - 10  - 36 58  4 14 22 23 41  - 33  9  -  - 59  -  - 31  - 38 45  - 53  - 13  - 32 60  -  - 29  - 44 47  - 54  -  8 34  - 15 56 26 40  -  -  2 51 49  3 57  5
 13  - 16 15 56 31  - 59  - 11  -  - 39  - 34  1  -  7 50 22  - 26 55 47 27  5  -  9 53  - 46  -  - 45 14 23 18 12  - 21  -  -  6 49 32 28 29 36  - 17 38  - 19 33 52  2 24 57 35  -
  -  7  - 49 17  -  -  -  -  - 13  - 36 23 55 28 32  - 11 21 24  -  -  - 19 52  9 46  1 53 34 25 50 59 20 58 44  2 57 54 27 14  - 35  - 45  3  4 26 12 43 31 16 15 56  - 51 22 41 38
 50 39  7  -  - 48 55 17 11  -  2  -  - 54  -  8  - 16  -  - 12 19 56  5 28 57 37  - 49 45 32 18  - 36  -  -  - 35 47 60 58  - 38 30 25  -  - 31  - 22 42 53 59  -  - 24  - 33 52 13
 59 55 23 21 15 28 11 25 18 54  5  - 41 32 31  -  - 36 12 40 16 37 26  - 14 35 17  -  - 22  - 42  - 19  -  - 27 10  1  3 47  8  9  -  - 49 20 50 56 24  - 13  2  - 53 52  -  - 51 39
  3  5 18 16  - 15  -  - 52  6 19 45  -  8 32 43 39 29 58 10 46  - 50 42 24  7 53 40  - 57  -  - 41  9  4 26  2  -  -  1 23  - 49 38 17  -  -  - 27  - 35 56 14 37  - 54 59  - 33  -
  -  2 41 60  - 44 46  9  -  - 24 53 33  - 35  - 40 57 38 59  - 55 36  - 56 49 43  - 54  -  -  -  - 37 11 25  4  - 28 13 20 31 34 14  8  - 45  -  7  - 47 50 22  - 16  - 58 26 29  -
  - 38 34 30  - 58 39 41 13 27 37 24  - 40  1  3 47  -  - 49  -  -  2  9  5 26  -  4 14 43  - 17  -  - 12 22  8  -  - 15 10 55  - 28  - 46  - 42  - 53 29  - 33 50  - 19  7 11 54  -
  7  -  - 43  -  - 17 12  - 38 33  -  8  - 60  - 37 59  5 55 41 27  6 15 48 18 49 23 46 47  - 57 54 56  - 50 22  3  4 36  - 28 11  - 16 53  - 44 35  - 52  -  - 21  - 10 26  2 34 24
 47 18  - 53 12 38 42  2  - 39  - 19  -  4 26 35 36  5  - 30 55  9  -  - 43 58  - 45 25 51 17  - 57 27 40 28 59  -  - 31 11 54 46 24 21 32  6 16 20  7  8 22  - 34  - 56 48 23  1 50
 46 40 30  -  2  -  8 31 32 16 52 38 37 44 51 26 43  - 27 15 54 17 29 28 21  -  - 11 33  - 18 22  - 47 23  -  - 34  -  -  - 39  3  5 56 13 42 49 19  - 58 55  - 14 48 60  1 10 53  -
  - 12 39  - 36 54  -  - 29 34  - 33  -  - 45 30  9  -  6 53 32 18 35 24  - 51 13 31 41  8  - 40 42  -  - 10  - 22  - 50  5 59  - 20  7 38 43 57 46  4  1  2 23  -  -  -  - 48  -  -
 25  -  - 29  - 17  - 45  -  - 20  -  -  -  8 22 28 51 13 56 50 41 54  -  -  - 32 44 58 38  - 33 31  - 18 47 37  1 15 11  - 16  - 57 30 39  - 19  - 21  3 52  9  7 46  - 53  6  - 43
  4  -  - 56 46  - 58 33  8 53 48  - 52 30 11  - 51  6 26 31 44 45 34 23 10  -  - 60  - 54 22  1 47 13  -  5 57 21 39 40  7 37 12  -  -  -  - 35 50 43 32  - 38 17 20  -  9  - 24 41
 44  - 27  -  6 60  - 58 17  9 21  2 47  - 37 10  - 32  4 13  - 39 57 41  -  -  3  -  8  -  - 20  -  - 33 43  -  -  - 34 52 22  7  - 51 16 30 53 14 42  -  -  - 55 15  - 29  - 12 35
 10  6 55 13  - 47  -  - 23 36 45 44 60  - 19 41 25  - 35  - 33 53 22 49 46  1  - 43 34 48  -  -  8 38  - 31 39 16 18 14 26 12 21 52  - 17 59  2 57 30  - 32  - 27 37 50  - 58  -  -
 49 54  - 59  -  1 19 37 36  -  4 52  -  - 33 44  - 26 56 20  - 25 45  -  7 40 29 47 43 42  8  6  - 23 30  - 53  -  -  - 17 27 22 60 12  - 39 11 41 58 50  5 13  - 38 16 34  9 32 57
  - 53 51  - 39 22  9  - 49  - 26 28  - 36 27  - 11  - 23  - 38  3 48  - 33  - 40 10  5 12 52  7  - 44  -  - 60 24 19  - 46 35 42 25  -  -  -  -  -  - 45 29 32 56 59  -  - 37  - 31
  - 52 29  -  -  -  - 55 50  - 11  - 23 43 36  -  7 45 47  5 42  - 32  - 38 21 16  - 18 30  -  2  - 49 58 13 19  6 35  -  9 24 20  - 22 33  -  - 10 59  - 60 41 57  -  - 28  1  - 40
  - 27  -  - 45  -  -  -  2  - 25 17 34 47 40 58 16  8 43  - 56  - 21 35  -  - 57 28 29 15 13 55  -  6  - 51 12  - 42 24 19  - 52  - 48 36  7 20  -  5 53 11 10 39  - 14 31  - 18 49
  8 14 31  4 34 43  -  -  - 15 35 22 26 49  - 52 53  - 59 39 28 40  - 16  -  - 30  - 57 44 37 47 46  7  - 48  -  - 51 41 21  5 36 33  9  - 58 29 11  3 55 54 27  1 24 45  -  -  2 10
  - 25 37 10 24 50  -  -  - 17 12 31 19 60  -  - 55 34  - 47 45 30  7 36  6  -  -  -  - 14 59  -  - 58  - 39  - 49  2  - 42 11  1 32 54 20 56 26 21  -  -  - 18 16 40 53  - 29  - 27
 34  -  3 32 29 52 40  5 55  7  - 16 53 10 49 25  - 58  8 24 15 20  -  4 47  -  -  - 50  9 33  -  - 12  - 57  - 48  - 43 41  -  - 19 11 42 27 59 38 28 21  -  -  -  6 36 35 54 22 60
 23 36  4  - 40 12 52 46  1  - 10 27  - 41 44 16 26 35  - 18 20 50 60  -  2 13 33 21  - 39  - 29 45 53  - 38 14 56 22  -  - 30  -  6 43  -  - 55 47 49 15 34 11  - 19  - 54  - 59 37
 14  - 17 26  - 39  -  -  - 44 22  - 18 27  - 36  1  - 25 52  - 23 38 33 12 43  -  - 47 16  -  -  -  - 51  4  -  - 54  - 32  -  - 15 13 58  -  - 34  - 11  - 31 24 49 30 50 56  - 19
  5 20  - 17  8  -  -  - 12  - 59 50 32  -  -  -  -  -  - 16 51 54 30 46  - 22  6 27 11 13  - 34 56  - 15  7 40 28  -  -  -  - 44 21 23 26 41  -  9  - 36 45 29 48  1 55 42  4 43 58
  - 32 33  - 11 57 22  - 46  - 42 30  5  2  3 13 12  - 24  - 34  1  - 58 25  -  - 56 44 49 38 14 15 40 10 29 51 45  7 27 35 19  - 55 31  - 18  8 17 48 20 41 26  - 36  6 16  - 23 21
 42 46 52  -  9  4  -  - 45  - 40  - 11 57 24  - 21  - 31 43  -  2 10 48 36 23 35 41  -  - 12  - 33 30  -  - 50 39 38  - 16 60 18  - 37  - 19 34  - 25 28  1 44  -  -  - 13 15 17  8
 15  -  -  - 38  -  -  - 57  3 23 41 51 18  - 20 14 56 46  - 40  - 12  - 55  - 48  8  6 60 16 13 22 43  -  - 31 37 49 58 59  -  - 53 24  - 11  - 39  -  - 44 47  - 50 28 33 17 19  -
  -  -  8 48  - 26  7 40 19  5  - 15 28 38 59  4  - 39  2 36 49 57  -  -  -  -  -  -  - 24  -  - 16 25 46 17  - 44 11  -  -  - 29 12 14  - 31  - 60  - 23  -  6  -  9 34  -  -  - 51
 40  4 47 54  - 34  - 27  9 24 31 18 29  -  - 21  - 44 22 41 48 10  8  -  -  3 58 52  -  -  - 56  - 17  5 35 28  7  -  - 53 15 39 13 46 25 51  -  - 16  -  - 57 26 30 11 14  -  - 55
  - 50 59  - 13 18 53 14  - 22 58 35 42  - 52 11 38 33 32  -  - 47 20 45  -  - 25  -  - 19 15 23  -  1 48 41  3 54  8  2 49  7 28  - 39 40  5 10 29  6  4 43  - 44 34  -  - 24  - 17
 54 60 58 45 21  - 31 22  -  - 56  3  1  - 47 57 42 10 52  -  - 38  5 43  - 28  8 53 40  4 50  -  9 11 39 16 49 59  -  6 24  -  2 48 55 14 44 17 13  -  - 35 15 51  - 25 30 19  -  -
 24  -  5 39  - 46 51  - 30  2 16  -  6 19  - 48 44  4 28  7  1 22  3 25 53  - 45 57 21 41 43 31 17 34 36 32 15 42 27 26 54  - 13 29  - 60  8  9 23 40 14  - 50 11 12 37  - 47 55  -
 53  -  1  - 26 30  -  - 54 13 57 39  - 25  -  -  -  - 10  -  4 56  - 52 51 12 50 29  - 31 58  - 60 28  - 42 36 11 16 45 14 40 24 43  - 55  -  6  -  -  - 33  7 18 41 23  3 27  - 47
  - 58 36 46  - 35 13 43  -  -  - 21 24 56  - 54  -  -  1 45 14 16  4 12 22  - 55 15 23 32  - 49  - 48  7  2  9  -  - 25 38 29 57 17 60 41 50 30 51 18 37 59  -  -  5 20  8 53  - 33
 52 59 56 27  -  - 28 15 31 57  -  6  7 55 23  -  -  - 20  - 17 12 11  - 45 33 51  - 13  1  - 39 43 46  8  - 21  - 58 44 48  4  - 22 50 54 26  - 42 41  - 10  -  - 35  9  -  - 40  -
 32 33 28 11 52 56 14 34  -  8  3 43 50 16 48 12  5 49 60  -  - 35 53  -  9 25  - 26  - 55  7  - 10 39  -  - 17  4  -  -  - 45 41  - 47  - 15 23 59  -  - 24 58  - 57 46 36  - 13  -
  2  -  - 28 44 13  - 36 39 49 34 47 46  -  -  -  - 24 14  -  -  -  - 40  4  -  -  -  3 37 35 43  -  5 57 53 52 58 33  - 51  - 27 42  - 59 10 56  - 50  - 19 54 12  - 41  -  - 31  1
  - 51 46  - 41  - 32  8 24 31  6  -  -  - 14 50 59 55 29 17  9 36 23 44 37 27 19  5  - 35 11 10  -  -  - 56 47 15  -  - 43  -  - 40  4  -  - 48  - 60 54  -  -  2 26 12  - 16  -  7
