2520
 48 25  - 41 27 18 16 31 33 36 26  - 42 60  -  - 21  5  8 12 34 49 57  - 32  - 24 17 43 29 53 37  -  -  3 38  7  2 52 10  1 58  -  - 11  -  6 47 40 28 35 44  9 23 59  - 15  - 30  -
  8  - 46  - 56  - 49  - 54 34 38 39 16 40 31  - 59  -  - 26 60 20  - 55 12  1 15 36 48 28  9 47 19 37  - 18  2 13 14  -  3  5  -  7  -  -  -  - 22 10  4 17 58 51  - 25 35 45 24 53
 32 27 24  - 46 56  - 38 49 16  -  3  1 31 34  - 53 23  - 28 50 51 11  - 35 43 59  - 21 60 17  - 40  - 39 29  6 44 33  7  9 42 20  5  - 15  - 57  -  - 48  4 22  -  - 58  - 52 25 13
  - 57  - 36 50 29 55 12  -  -  -  -  -  -  6  - 11  9 39 38 54 16 10 23 41  -  - 51  - 42 15 31  - 40  8 27  - 28  4  -  - 21  - 35 56 32  -  2  1 46  5 25  -  - 14 48  - 53  -  -
 30 50 54 16  - 51 21 39  6  -  -  7 37  - 18 23 20 26  - 43  - 57  - 53 38  - 31 14  2 36 56  -  - 15 29 58  - 60 24 13 11 28  8 10  -  9  1  - 17 41 52  -  4 12 22  - 19 35  - 49
  - 23 12 18 36 35  - 45  -  1  8 51  - 47 27  - 25  6 54 21 31 17  9 30 52 53 46 40 50  - 39 13 55  7  5  -  - 24  -  2 49  3 32  -  - 41 42 59 19 26 34  -  - 37  - 14  - 20 38  -
 29  -  - 30 38  4 53  -  - 12 43  - 33 51 21  - 13 59 15 34  - 42  - 46  -  -  2  - 23 56 52  -  - 60  - 49  - 57  - 55  - 39  - 26 44  - 17  - 28 18 11  5  8  - 25 10 16  - 32 41
  4 47 26 21  8 58  -  - 11  -  3 24 39 23  - 41 32 60  - 17  -  - 54 37 43 55  -  - 53 13 57  -  2  9  - 19 22 45 48  5 33  1  - 28  - 20 16 15 59  - 38 52  7 34 36 35  - 12  - 44
 25 56 47  9 37 27 29 11  - 41 58  - 19 17 22 50  -  -  - 20 36  -  -  - 49 12  1 42  - 52  - 44  5 57 28 59 39 55 15  - 13 24 33 48  3  - 54 23  6  -  - 21  -  -  - 53  4 43  2 30
  - 16 50 33 43 37  -  1  5 11  -  - 20 55 30 15 58 48  - 14  7  -  8  - 17  6 54  - 42 35 22 38 59 44  - 34 26 56 45  - 21  -  - 46 40 47 53 31 51 60  - 12  - 19  -  4 57 28 41  2
  -  2 18 32  - 54 27 19 47  - 49  -  -  6  4 45 48 35 43 59  8  - 24 29  - 17  -  3 57 23 38  - 13 39  9 50 12  1 42 22  -  - 46 53  -  - 40 37 11  5 33 16 10  - 15 34  - 36 31  -
  - 14 15 31 55 33  - 27 37 59  -  -  4 10 39 11 24 41  1  7 18  6  - 32 22  -  - 54  - 20 42  -  8  - 13 12 38  -  - 16 57  - 48  3 34  - 45 26 30  - 17 50  - 44  - 56 21  2  9 19
 23 33 17  - 14 50  8 56  - 57 18 28 31  - 32 34 10 47 59 11 30 12 41 19 20 38 16 49  - 54  - 51  -  - 52 36 40  - 25  - 24  - 60  -  -  -  -  - 15 27  -  3  - 42  -  - 22  -  - 37
  -  - 25  6  -  - 59  - 56  - 24  -  8  2 15 10 18 31 19  - 12  -  - 38 51  5 23 35 52 39  -  -  1 50 46  - 29 16 47 57 44  - 43  -  -  4 36  -  -  -  - 34 32  9  - 21  -  - 58 60
 60 51  -  7  - 41 14 23 29  -  9  -  - 21 16  -  8 38 44 57  - 31  - 28 46  - 45  -  5  - 30 34  3 33  -  1  - 18 22  -  - 35  -  4 26 43  -  - 27  6  -  - 24 15 17 36  - 58 47  -
  5 19 43 10 60 26  -  - 25 55 13  - 49 41 47  - 38  - 37  -  -  - 29 39  - 44 12 56  -  9  - 17 23 58 27 31  -  - 30  -  - 40 28 36  -  -  - 21 53  -  -  - 18  8  2 51 50 24  1  6
 37 49 23 45 39 20 58  - 36  -  2 48 50  -  -  7 51 43  -  -  6 15  -  - 56 41  - 12  - 26 13  - 52  4  - 11  - 33 16 18 46  - 14 21  5 22  9 30 29 35 32 19 25 24  1 17  - 34 60 27
 42 45 14 29  - 40 10 36 35  - 46 18 54 24 60  3 30 15 58 44  - 28 52  - 11 34  -  -  -  8  -  4 37 51  - 43 50  -  - 21 41  9 19 23 12  - 38 49 33 22 47 32  - 17  -  1 25  6 20  -
 19 41 13 37 44  1  - 35 55  7 40 32 30 36  -  - 12  -  -  - 29  - 26 58  4  -  - 31  - 24  - 49 54 53  - 45  5  -  - 27 59 16 15  2 42  - 56 34 52 57  - 51 48  - 20 43  3 17  - 38
  - 21 22 17  -  - 38 42  -  - 12 25 48 54 56  -  -  - 46 58 28 10  - 31 26 50  - 33 11  -  - 32 29 14 15  - 37  7 59  1  6 18 27 51  9 57 20 35 55 49  - 23 41  - 43  -  - 44 45 36
 16 28 31 48  6  - 56 17 21 30 34 50 55  - 20 43  - 49 36 19 37 40  -  - 18 23 33  - 32  - 41 57  - 25 51 53  -  - 26 47 29 44 13 52 14  7  - 10 35 11 12 60 59 38  8 24 39  - 22 58
 14 32  - 56  -  - 51  2  -  -  -  -  9 50 23 17 34 29  -  - 40  -  - 44  5  3 22  -  7 11  -  - 36  -  -  - 10 46  -  - 35 19 18 59 15 58 47 20 57 43 28  -  -  - 55 12 33  -  - 48
 34 59 60  -  - 49 48 44  -  - 37 16 45 20  9 22 33 30 52 24 39 29 18  -  - 27 56  2  - 46 21  1  -  - 35 26 36 41  8 12 31  - 38  -  - 42  -  -  4 17 25 10 14 13  - 23  6 51  - 32
 21  3 30 38 54  - 41 59  -  - 16  5 24 15 26 53 52  2 29  1 22  -  4  7  6 13  - 11 45  - 37 14 39 20  -  -  -  -  - 49 58  8 56 32 36  - 44  -  -  9  - 43 46 33 34 31 28 25  - 57
 57 15  -  - 20 44  - 24  8  - 45 42 40  1 14  -  - 16  -  - 43 32 33 22  -  - 38  9 25 53 19 18 35  - 26 10 17  -  - 56 51 49 34  -  -  5  7 27  - 58 59 47  - 48 46 37 23  - 11 54
 43 12 36 11 51  9 31 13 44  - 32  4 27 28 25 16 29  -  - 56  - 53 47 60  8  7 10  -  -  - 45  -  -  -  - 21  3 22 17 54  - 41 42 58 33 48 55 14 34 23  - 49 30 35  -  6  -  5 50 59
 33 38 16 25 17 30  7 57  - 28 11 43 22 45  3 44 41 32  - 48 35 13  -  -  -  2  9 60 29  4 55 36 18 59 34 56  -  - 54  - 15 27 21  -  -  6  -  - 12 52 53 14 37 31  -  -  - 40  -  -
 31  -  -  -  -  - 57 40 41 48  - 52 51  - 58 37  -  - 20 10 19  - 36 43 55 29 50  - 16  7  8  - 60 12 45  2 35  - 46 32  - 56  - 42 24 18 33 39 38  4  -  6  -  - 30 26 34  - 53  -
  -  -  - 58 42 12 45 50 34 32 35  - 56 37  -  -  - 39 60 49 53 18 55  2 47  - 28  8  -  3 29 54 30 10  - 51  - 20  6  -  7 25 26 19 27  - 22 11  5 36 41  - 15  4  - 13 43 48  - 17
 15  - 42 57 34 17 40 48  -  - 60 26 29 35 12  - 43 14 13  - 21 54 30 47  1 37  - 58 28 50  6  - 24 45  - 33 11  -  - 59 19 23  7  9  2  -  - 22 49  - 27 55  - 36  - 39  -  -  8 16
  - 22 56 42  - 48 43 32 58 47 44 19 10  - 38  -  6 34 45  -  -  - 17  - 50 16  5 24 35 37  1 60 21  - 14  - 18 31  -  4  -  -  - 49 52  - 57 41  9 59  - 33  - 55  -  8  7 39  -  -
 11 35 48 52 13  5 20  7  -  9 10  -  -  - 40  -  -  -  - 29 32 47 43  - 25 59  6  - 22 18 36 56 31 17 16 46  - 19 53 39  8  2  - 14 45  -  -  -  - 51 26 38 27  - 33  -  - 55  - 15
  2 54 57  5  -  -  -  - 27 51 52 13 12 32 35  1 46 36 24 15 38  -  -  -  7 30 40 55 20 58  - 48 10 28 42 14 23 11  -  - 53 17  -  6 39 29 21  - 45 16  9 22 33 41  - 50 26 18  -  -
 56 36 52 15  1 57 28  -  -  8 51 17  7 22  2 24 44 40 12 42 23 30  5 49 27  - 60  - 47 59  - 16 53 32 18  - 54  -  -  - 37 10 58  - 50  - 31  - 48  -  -  - 55  3 21 19 38 41 13  -
  -  - 41 51 30 15  -  - 60 46 20 49 59 53 17  - 36  4  -  - 45  - 40 16  - 26 13  -  -  - 11  - 58  1 48  -  - 27 18 23 25  -  2 12 47  -  - 42 39 50  8  7  -  - 54 57  - 33  -  -
 59  1 28 44  - 24 34 26  - 35  - 36 32  - 53 13 16  -  7  4 52 11 51 41 58  - 25 21 37  -  - 27 43 19  - 22  -  -  2 17 40 30 49 55  -  -  - 38  -  - 14  9  -  - 60 29  -  8  -  -
 39 30  -  - 45  8  - 21 53  - 31 15 28  - 48 60 56  - 49  - 47  - 59 35 14 46  - 16 18 27 12  - 57 42 55 20 24 37 43 41  - 36 29 13 51  1  -  - 44 33 23  - 19  - 52  - 17  -  7 40
 49 34 33  - 15 55 35 25 42 50  -  - 17  7  - 51  - 18  5 39 58 37 48  -  - 19  - 20 13 14  - 41 22 24 57  6  - 10  - 38 23 53  4 45  -  - 11  3 32  - 60  1 28  - 44 27 29 16 12 31
 12  5  7 59 25 53 17 54 46 49 21 34 52 43 51  - 45 19  -  9 27  - 20  1 57  -  - 22 24 38 31 42 33  - 47 35  -  -  -  - 30 29 50 40  -  -  - 60  -  - 16 41  6 28 10 11  2  - 36 55
 20  -  -  -  2 22 60 46  - 29  - 53  -  8  - 32 57 13 31 41 51 58  7 25 24 56 48  - 49  - 23 33 15 16 17 37 42  -  - 28  4  -  - 34 21 38 18  -  -  -  6  - 12  - 11 55 27  - 40  -
  1 43 59  8 35  - 52 29  - 22 19 30 23 33  5 38 28 37 14  - 10 45  - 11  - 47  - 34 26 41 40  -  - 55  - 44 48 54  - 36 39 46  - 56  - 13  -  - 50 32 18 58 51 20  9 60 49 15 17 24
 13 26  -  - 59  - 39 16 50 37 29  6 36  - 44  9 54 11  -  - 17  - 34 27  2  - 19 38  - 57 14  - 32  - 25 48 43 53  7  8 20 45  1  - 10 52 41 24  -  -  -  -  -  - 35  - 12  4  -  -
 45 48 21 43 58  -  - 41 15  2  - 40  - 16  -  - 39 51 35 18 44 23  -  - 30 32  4  - 19  - 27  7  - 49  -  - 33  8 13 37 60 55  3 24 22  - 52 50 20 38 54 57  -  -  - 28 31  -  -  -
 51  -  - 13 10 36  - 53 23 56  - 38  -  4 37  -  5  -  2 32 11  -  - 33 44 48  8 19 39  - 50 30  -  - 20  -  9 14  -  - 42 22 40 15  - 45  -  -  - 24 43 27  - 46  3 59  - 49  - 21
 55 42 19  - 29 38 13  -  3 10  6  2  - 49 41 27 50  1  - 60 16  - 25  -  -  -  -  - 44 34 33  -  -  8 36  - 57 40  -  9  -  -  -  - 17 26 51 52  - 53 58 11 47 59  7 30 54 32 43 28
 58 39 34 14  - 52 26  - 22 27 53  1 38  -  - 12  - 46 11 35 25  4 28  - 54 36 17  - 41 30 24 19  6 18 49 47  -  -  - 15 56 48  5  - 59 10  8  -  - 13  2 31  - 45 42 16  9 23  3  7
 10  4  6  2 23 31 12 28  -  - 25 33 58 56  -  - 42 17 22 27  - 19  -  9 40 21 11  -  -  -  - 46 49 47 32 54 34 38  - 60 36 51  -  -  - 55  - 16 26 37  -  -  -  7  - 52 20  - 48 14
  -  - 10  -  - 28 22  - 43 42  - 11  - 25 55  2 31 21  -  - 49  - 39 59 37 54 36  -  6  - 44 40 27 13  -  4  - 48  - 52 50  -  - 57  8 34 14  9 16  -  3 20 53  - 45 46  -  - 56  -
  - 52 32 34 48  -  - 37  4 43 36 58 60 27 50  -  2 45  9 46 26  - 15 24 59 20 49 13  - 21 25 39 38 41  6  7 19 12 44  -  -  -  - 22 53 16 35 40  - 31  1  -  - 57 56 47 55 29  5 51
 46  6  - 23  - 32  - 34 16  4  - 55 18  -  - 54 22  3  - 33  - 24  1 14 10 42 43  -  -  -  - 15  -  - 40 17 28 51 41 58 52 37  9  - 60  2 13 29 31 47  -  -  5  - 26 20 48 19 35  8
  -  9  -  - 24 59 15  4  - 38  - 54 53 26 49 56  - 33 40  - 57  5 12  - 23  - 29  - 51 22 43 45  -  -  -  - 41 50 21  6  - 60 39 17 35  -  - 28 58 30  7  - 16  1 31  - 11  - 52  -
  -  -  - 20  -  -  -  9  - 23 50 35 34  -  - 47 14  - 53 40  - 59  - 42  -  -  -  4  8  - 46  6 17 29 11 52 31  3  - 30 22 54 45 33 57 27 60  -  7 12  -  - 36  - 28  -  5 56  - 25
  7  - 27  - 53 13  2  - 52 26  - 31  5  - 11  - 49 55  - 47  9 41 19 56 34 58  -  - 15  1 54 35 48 21 43  -  - 39 38  - 14  4 16  - 46 23  -  6  -  - 37 42 40 10 50  - 36  -  -  -
  9 17 58  1 22  - 46  -  7 52  -  -  - 34 24  - 35 28  - 53 33  2  -  4  -  8  - 10 36  - 16  - 50  - 41 40 13 59 20 48 12  - 44 43 32 30  3 18  - 19  -  - 21  - 51 38 45 60  - 23
 53  - 55 22  - 10 18  - 26  - 57 23 13  - 42  -  4  -  -  5  - 35 50 17 19  - 37  -  1 43 51  9  7  -  -  -  -  - 32 40  - 34 59 30 38 31 28  8 54  - 46  - 29 16 47  -  - 11  -  3
 50  8  - 53  - 34  - 14  - 20 48 27 57  - 43 31 15  -  -  2 55 39  -  -  - 22 47  - 46  6  - 29  4 38 60 30 21  -  1  3 18  -  - 16 58  -  - 13 10 54 42 35 45 52 32  - 59  -  -  -
  6 40  -  - 28 16 33  - 19  - 22 44 15  - 13  -  7 53 26 30  4 60 45  - 29 10  - 41 27 51 59  - 11 35 23 39  8 17 57  - 38  - 25 31  - 37  -  1  - 55 21 56  2  -  -  9 32  - 18 42
 28 29  4 49  5  - 24 60 31 13  - 57 44  -  7 55  -  - 16 37 20 38  -  -  - 11  -  -  9 19 10  - 41  - 22  8  - 30 34 45 54 15  -  1 25 59 46  - 23 42 36 39 26 43 40 32  - 27  6 47
  - 53  - 12 57  - 42  - 17 33  4 47 11 14 19 18  9 25  3  -  2 48 13 54 45 60  -  - 56 32 20 24  - 36  - 28 55 52 40 29 34 59 10  - 31 35 37  7  -  - 50 15  - 58  - 44  1 21 23 22
 41 20  9 39 18 43 37 47 59  -  - 12 46 38 54 36  - 27 28  -  - 34  -  8 33 24 52  - 10  2 35  3  - 31 58 55 25 49  - 51  - 26  6 11  - 60  5  - 21 44  - 29 42 53 23  7 40  - 57  4
