2520
  - 41 48  -  -  - 45  - 35 23  -  -  5 32 29 55  -  3 28  - 25  -  - 14 57 37  8 56 59 34  - 38 17 53 21  - 46 26 31  1  - 40 54  - 22 30 18 58 43  7  4  -  -  6  -  - 42 51 47  -
 50 36 49  - 51 54 21 46 19  9  - 60  - 41  -  - 48 31 29 43 56 57  - 35 37 39 38 12 18  5 16  - 13  7  1 44  - 11 25 40  2 10  4  - 42 52  - 17 20  6  - 58 45 26 23  - 28  - 55 24
 12 42 36 54 33  5 25 20 50  - 10 14 46 57 28 40 47 15  - 32  - 56 53  -  - 44 43  - 60  - 23 11 18  -  -  2 31  -  9 59  - 39 26 22  -  4  - 41 30  1 29 19 27  - 37 13 51 34 58 21
  -  7  5 49 40  - 51  - 17  4 59 38  - 24 36 10  - 44 14 54 35 32  3 12 47 15 33  6 56 43  1 18  - 34 50  8 52 58 13  - 42 37 41  -  - 31 45  -  - 60 25 57  -  - 27 29 48 16  - 28
  2 50 53 42  -  - 39 59 21 16 40 46 25 60 20  - 32  -  - 27  - 34  5 51 56 55 31 19  -  8  7 17  -  - 15  6  -  -  - 10 12 18 11  - 58 44  -  1 37  3 23 36 54 24 38 28  -  9 43  -
 54 18  - 13 39 15 33 24 38 22  - 28 11  6  - 43 23 60 51 14 40 49  1  -  - 26 20  -  - 36  8 10 42 25 58 12 59 57  -  - 45  9 46  - 50 29  7 55  -  2 34  5  - 32 41 17 19 44  -  -
 20 23 38 25 35 32 12 29  1  - 47 48 49  - 24  - 42 57 33  3 54  -  - 31 60  - 14 26  -  -  5 40  - 13 41 43  9  -  - 51 46 58  6  4  - 56 59  2 11 37  -  7 50 21  - 19 52 22 16 27
 21  1  -  - 49 36 22  6 29  - 26  -  -  7 51  - 34 18 44 55 28  3 41 52  -  8 59 46  - 11 25  4 53  - 12 14 48 50 35 17  -  -  - 13  - 19  - 24 39  -  - 31 43 42 20 30 47  -  5 23
 49 27 50  -  - 16 53 19  -  6 25 40  2 26 23 22 21  - 30  -  1  -  - 17  8 18  -  - 51 47 35  -  -  3 20 42 15  - 11  -  -  - 45  - 43 57  -  9  7 41  -  4 44 52 32 38 13 36  - 46
 31  -  -  -  - 24  - 12 56 25  -  - 26 54  - 20 50 39 49 19 10  9  - 36 27 51  - 58 41  - 30  - 37  - 22  - 43 35  -  - 44 23 42 21  -  - 57  - 29 53 18 13  -  - 48  - 32 14  - 16
 47 17 44 48 15 41 50  1 34  - 46 16  - 10 33  - 54  - 11 56 52 24 19 21 18 22  - 53 20 42 37 39  - 60 31 49 57  - 45 25 58 29  9 35 51  7 13 59  5  - 28  -  8 23  - 55  -  6  4 26
 46  - 43 35 19  1 14  - 23  3  7 49 22 16 31 11 26 58  -  -  6 36 50 10 12 13 51  - 33 30  - 34  8 24 56  - 37 48 53  2  -  5 47 32 41 39 28 44 45 59  - 54  -  -  -  9  4 42  - 55
 40  2 23 45 30 33  - 43 39  - 54 22  6 21 37 34  -  - 53 12  4  - 44 25 51  1 17 42 58  - 46 28  - 26  5 50 29  -  7 18 16 20 36 59  - 49  9 27 32 31 55 41 57 13 19  -  -  -  - 56
 38  - 41 40  -  - 13 58  - 14  - 42  - 18  4 25 55  1 26  -  - 11 29 37  -  5 36 28 15 44  - 59  9 47  - 46  -  2  - 43  - 60 23 10  -  6 17  8 27 12 16  - 51 49 24 22  - 56 19 39
 22 38  -  - 25  - 18 35 41 24  -  -  - 52 54 48 51  -  -  - 43  - 23  -  1 60  - 44  - 16  - 32 57 40  2 17 33 46 34  4 53 42  5  - 14  -  - 39 13 28  - 11  - 37 45  3 59 15  -  -
  - 24 58 21  - 39  - 48  5  - 32 51  - 49 46  -  - 54  - 42 33 31 17  - 29  - 12 41 35 23  -  -  -  -  -  9  - 27  2  3 13 22 55  -  -  - 53 34  -  -  - 18 52 56 26  - 25  7  -  -
  - 10  - 52  - 31 38 18 16  - 27  - 17 22  - 12 36  - 37 13  -  1 28  6 43  - 30  -  -  - 44  - 55  -  9 58  -  - 20  8 11 57  - 51 15 14  4 35 54 40 53 45 34  5 60  - 33 41 46  -
 17  5  - 33 42  - 15  - 30 26  4 23  1 38 19  8  - 28  - 59 31 12 47  - 48  - 29 11  -  -  -  -  3 52  6  - 27 45 32 14 56 24 22  2  - 18  -  - 34 43 50  - 53 51 35 39  -  - 20 49
 60 21 28  - 10 12  -  - 18  1 56  -  9 11 38 58  8 17 36 35  - 51  - 40  - 31 24 50 45  - 27 23 34 16  - 57 44  - 52 47  6  - 15  - 48 37 55  - 42 14  5 26  - 46 29  - 41  - 59 33
  -  - 15 55 38  -  4 34 22  - 60 26 57 37  7 42  -  8 19  -  -  -  - 11  6  - 56  -  9 20  - 50  - 39 13  - 18 32  -  - 35 36 27 12 44 10  1 23  3  5 51 49 25 47  - 31 16 24  - 43
  -  -  - 57  4 47  - 53 15 33  6  -  - 17  -  -  - 24 18 25 49 37 48  -  - 34  - 10  7 22  2  - 12 43  - 45  - 19  8 32 54  - 39 50 13 55 58 40 41 35 46 59 56  - 11 60 30 29 38 44
 29  - 54  - 11 45 49  8  4 58 22 35  - 36 14  3 15  -  - 20  5  - 52  - 19 16 44  - 34  - 42 13 31 56  - 23 21 25 10 28 59 17 60 53 37 38 47  7 40  -  -  - 12 33  - 50  - 18  1 30
  - 39  - 38 32  - 46  5  3 31 55 30  - 13  - 53 41 21 45 17 60 43 10  -  4  -  1 51 23 18 22 57  7  -  - 19  - 20  - 16 14 49 59  - 26 34  -  - 58 33  -  -  - 25  - 11 56 28 44  -
  3  -  4 18 17 42  -  - 31  - 35  - 33 30 53  - 58 40 16  -  - 60 59 32 41 47 34  - 48  - 50  2 46  1 28 38  8  6  - 39 10 15 49  -  - 13  5 11  - 36 45  - 29 44 43 20 27  -  -  7
 43 53  - 11 14 46 44 10 12 50  - 52  -  9  - 23  - 59  -  8  - 29 32 41 16 21  -  7 28  2  - 58 60  5  -  4 40  -  - 42 31  3  -  -  - 33 51 45  -  - 36 39 17 54 47  -  - 49  - 22
  9 32  7 50 13 28 57  -  -  -  2  5 41 51  - 26 46 23  -  -  - 30  -  - 59 54 58 22 11  - 18 60 40  -  - 24 12 34 16  -  - 27 43  - 52  - 49  3 36 38  - 25  - 10 33 14 17  8  -  4
 13  -  -  -  - 40  -  3 43 10 23 58 35  - 55  5  -  -  -  -  - 25  -  -  - 20  - 16  6  - 33  9  - 36  - 54  2 53  - 49 15 11 32  - 59 22 42 38 56  - 31 27 30  7 28 45 57 19  8 29
  - 11 29 17  - 55 52 37  - 49 51 53  - 48 43 54 57 35 58 47 41 45  -  - 28 50 16  1 25 14 60  -  2  -  - 15 20  - 23  - 40  - 24  7  -  - 39 36  - 21  -  -  5 19 22  -  - 33  3 13
 36  9 14  - 57 56 23 44 27  - 42  -  - 47  - 17 43 16  - 22 24 10 39  -  -  - 35 32  1 15 31 53  6 54  -  -  -  -  -  5  8 12  - 29 45 60  - 51 26 20  - 46  -  - 21  -  - 13 40 48
 41  - 16 26  3 51 43  -  - 13 53 12  - 56  - 32  4  - 10 38 37 28  9  1  - 46  6  - 27  - 48 29 52 58  - 55  - 39 22 54  -  - 17  5  - 36 35  -  - 47 24  - 23 15  7 59 40 50 11  -
 33 57  8  6  - 59 54 41 14 46 37  -  - 12 35  - 40 49 23 52  -  7 45  5 11  -  -  -  -  - 28 48 36 15 29 56 25  4 26 55 32 16 31 43  -  1 19  -  - 22  -  - 18 58  9 21 38 30  - 47
  - 31 39  -  6 25 36 26  9 35 49  4 44  - 13 19 56 41  -  -  - 58 55 15  5 40 57 30 42 33 17  -  -  -  -  - 22 43  - 48 60  -  -  -  - 23 21 50 47  - 37  -  2  - 46 24 18  -  7 14
 37 12 60  -  - 49 42 45  7 56  -  -  -  2 22 59  1 50  - 39 55 23  -  8 13 52 19 34 24 53 47  5 27 14 54  -  4 41 57 15  -  - 10 20 36 51  - 46  -  - 17 21  9  - 40  - 29  3  - 58
 26  3 59 20 22 44 37  - 58 47 33 11 60  -  1 14 25 19  - 53 57  - 56  -  -  - 13 38 54 40 45 35 15  -  -  -  7 29 50 31  - 52  -  6 16  - 43 28  - 46  - 55 32  4 51  -  - 10 27  5
 59  -  -  8  9 18 28 40 53  2  - 34 20  -  - 41  -  - 22  -  - 44 15  - 25  - 32 55  5 13  - 21 43 11 17  1 24 49 58 23 51 35 56 26 31  - 10 47  - 39 19  -  6 29 16 33  -  -  - 60
 23  - 25 58 55  2  -  - 24 37  -  - 10 31  -  6  - 38 42  - 19 50 18  9 21  - 22 57  4  - 12  - 51 44 34 52 39  -  -  - 30  7 33 46 40 26 32  -  - 29  - 16 14 43 54  - 11  - 15 20
  - 49 12  -  -  3  8  - 11  -  - 15 48  -  5  - 29 37 21 60 18  -  - 53 26  - 47  - 32  - 52 19 23  2 16 35 56 14 30 58 36 43  -  1 10  - 20  - 50  - 57  - 38 45 31 51  -  - 54 25
  -  8 42 51  - 10  7 27 48  5 39  - 18  - 45  -  3  - 34 21  -  4  - 19 54 49 11  -  2 35  - 55 38 12 47 13  -  -  -  6  -  - 40 57 23 41  -  - 25  - 52 28  1 60 15 43 24  - 36 50
 25 43 46  1  - 26  -  - 32  - 12 24  - 29 60  2 17  9  3 10  - 13 49  - 15 30  7 18 55 31 58 56  - 59 39 41  5 33 21 45 38  6 28 14 47 54 22 52 19 27 11 44 48  -  -  - 35  - 23 51
  -  4 47  7 45  6  1  - 57  - 18  -  - 33 25  -  -  - 56 44 36 38 21 54  - 42 50 14 43 46  -  3 24 49 11 29 23  -  - 30 52 41  - 34  - 58 60 19 53 48 20  - 16 31 10  - 37  - 26  -
 45  -  - 32 24 38  - 14  - 17  -  8  - 19  - 46 30 10  -  4  - 20 13 47  -  - 21 25  - 51 15 16  - 33 40  -  -  -  - 36  1 50  3 37 56  - 41  6 28 18 59 48 60 11 44 12  -  - 34  -
  5  - 13  9 36 22 35 32  2  - 16  6 51 23 21  -  - 34  - 33 38  - 24  - 40 29  -  - 19  3  - 25 45 48 30  - 17 31 46 52  - 44  - 56  8 47  - 43 10 11 58 12 55 50  -  4 53  -  -  -
  - 28 34 36  -  - 20 21  - 30 43 37 19 15 41 29 35  6 32  - 11 47 33 45  - 58 40 23  - 59  -  -  4 42 49  5 16 44  -  -  - 53  2  -  7  - 24 25 55 13 48 56 22  3 18  - 12  -  - 38
 51  6 52 47 48 43 41  -  - 39 45  - 53  - 32 15 11 26 38  - 42  5 58 60  9  3 23  - 12  7  - 54 50 10  - 30 13  - 19 20 22  - 21 24  - 28 27 57 17  4  2 29 59 40 25 34 44  1 14  -
  - 26 10  4  - 52  -  - 37 29 28  - 15  -  - 36 31  7  9 46 58 59 25  - 38  -  -  - 53  - 39  - 49 45 23 48 32 18 40  -  - 34 19 27 60  - 14  5  - 51  - 43 24  -  - 54 55 11 22 42
 14  - 20  - 60  -  -  - 28 57 48 59  7 55  - 21 13  4  2 29  - 15 42 26  -  - 27 54  - 38 24 51 11  - 53  -  - 47 18 34 41  -  1 39 12  -  6 56  - 17  - 22 37 36  - 44 45  -  -  -
 18  - 26  3 44  -  6 30 13 36  -  - 14 45  -  - 39  2 31 37 32 40 60  - 53  -  - 43 52 27  -  -  - 21  -  - 41 59 24  7  - 47 57 16  - 46 48 54 35 55  -  - 28 17  - 10  5  - 29  8
  -  -  6  -  - 27  3 50  -  - 11 10  - 59  - 18  - 53 55  5  - 16 54 34 20  4 25  -  - 19 21 43 32 57 48  7  - 60  - 26 23 28 29  - 39 17  2  - 22 24 40 15 42 12 52 35 58  - 37  -
  4  - 11 43  8 17 29  -  - 53  -  - 54  5 15 35 10  - 20 28 12  -  - 33 50 19  - 37 21  -  -  -  1 46  -  -  - 52 44 22  - 45 13  - 38 48  3 49 18  - 32 23 40 16 57  - 60 26 41  -
 16  - 45  - 23 50 10 31 59 43  -  1  -  -  3 60  -  -  -  6 17 14 51  - 34 28 54 24  -  -  - 22  - 20  4  - 42  9 36 19 55  -  8 33 29  - 44 30 52  -  -  - 11 48  - 25 26  -  - 18
 24 56 33 19  7 35  - 39 47 34  9 54  - 25  - 50 12 20 13  1  2 18  - 49 46  - 10 15 44 45 55  - 22  4 52  - 51  5 27  - 28  - 37 41 53  -  8  -  - 23  - 30 31 14  6 58 43 21  -  -
 42  - 22 23  1  - 16 36 46 11  -  2 40  - 49 47 53  - 17 41  -  -  - 55 45  - 28  - 31 29 59 52 39  - 60 26 58  -  6 44  3  -  - 30  -  - 12  -  9  - 27 24 15  - 56 48  - 54 51  -
 34 58 37 27 54 53 55  4  -  7  -  -  3  -  -  - 20  - 52  - 30  - 11 44 24 17  5 29 38 28 43 42  -  - 10 51  6 36 56  - 26 14  -  -  -  - 46 12 21 45 15 50 49  - 59 23  8  2  -  -
 52  - 35  - 59  -  9 51 20 48  - 32 45 28 18 31  - 29 12 23 39 54  -  2  -  -  - 36 22 26 11 24  5 38  7 60 53  - 43 33 17  8 44  - 49  - 37 21 46 30 47 34  -  1  -  6 15  - 25  -
  - 37  3 59 52 23 34  - 55 45 19  - 29 50 17 16 24  - 48  -  8 21 38 43 22  - 53 33 40  -  - 41 28  - 44 47 60  -  - 13  -  - 51  -  -  -  - 14  1  9  -  - 39  - 36  - 54 58 10  -
 57 16 17  -  5 11  2 54 42 60  - 56 31  - 10  -  7  -  - 34  - 48 46  - 36 25  - 45 50 52  - 20  -  -  - 22  3  - 33  -  - 26  - 28  - 43 40  - 15  8  -  -  - 18 53 49  1  - 39  6
  -  -  - 56  - 34 26  - 49 18 21  9 50 43 16  - 45 22  -  -  - 41 31 24 44 33  -  5 17 57  3 30 20 28  - 53 35  8 15  -  -  - 38 52 27  2  - 60 48  -  6  -  - 59  - 47 46 12  - 19
  7  - 21  - 29  -  - 23 40  -  - 18 37 34  -  -  2 25 54 48  9 26  - 39  -  - 46  -  -  6 53  -  -  - 51 27 55  1 42  - 33 19 30  - 32  - 50 16 24  - 14  -  3  -  5  -  -  4 45 41
 11 30  - 15 47  7 31 33 60  - 50 43 58  3  - 45  -  -  -  -  - 35 27  -  - 14  -  - 16  4 34 49  -  - 26 28 10  - 48 24  5  2 20  - 54 12 56  - 44 19 38 53  - 57 39  8 21 25 17  1
 10  - 57 29 43 14 32 16  - 51  - 41  -  -  - 52 33 48  5  -  -  - 20 23 55  7 42 47 36  - 26  6  -  9 38  - 28 24 60 27 50  1  - 44  - 25  - 53  8 54 12  3 21 22  -  2 39  - 18 37
