2520
  - 58 11 22  7 35 51 29  1 26  9 54 34 13  3 57 32  - 55 19 27  -  -  -  - 16 46 28  - 15 60 25 47 12 37  - 53 44 48 10 42 38  -  8 49 14 30 41  6 59  - 17  2 21 39 40 23 33  5 45
 13  - 43 35 59  -  - 24 36 23  - 48 47 33  -  - 41  - 53 22 57  -  -  - 46 17  - 18 15 49  7 30  - 51 29  - 20 37  -  4  -  -  3 26  -  6  - 10  - 34 60 39 45 38  -  8  5 31  -  -
  - 41  - 40 55  -  -  - 57 46 20 33  -  - 45 60 59 11  -  -  4 29  -  -  2  -  - 15 51  -  -  1 56  - 48 25 43  - 37 23 38 53  7 16 28  5  - 17  - 35  -  - 21  - 44 39 54 42 18 32
 57 60 44 13  4  2 41  9 58 28 53  - 56  - 29 47 11 50 45 35 55  6 39 34 27 19 33  - 22  - 49  8 18 32 42 59 24 38 25  - 54 23  1 40  5  - 14 21 46 20 15  - 26 31  -  - 37 43  -  -
  8  - 46  -  3 40 16  - 51  1  -  9 59  4  - 27 20  -  - 47 24 53 58 23 18 55  -  - 30 44 54  5 12 10 35  7  6 13  - 29 52 14 26 38 43 60  - 32 28 57 41  - 49 25  - 11 50 36  - 15
 39 10 41 31 54 20 57  - 26  -  -  - 12  - 51  - 34  - 36  4 18  - 59  9 38  - 23 29  -  - 17 32 30 46 33 50 27  -  -  - 15 42  - 56  -  -  -  7 14  - 35 58  -  -  8  - 40  -  -  -
  -  - 40 29 26  -  - 58 14  -  - 41 54 28  - 45  -  8 18 42  - 44  - 21 17 13  -  -  4  - 10 20  - 50  3 19 59  - 43 52  - 31 15  -  - 46  1  - 48 22 32  - 24 36 53  -  2  - 23  6
  - 21 31  -  8 22  -  -  - 14 23 45 58  -  - 56  -  -  - 44  - 38  1 49 41  -  - 32  - 17 37 27 40  -  - 29  - 18  - 55 28 54 35 43  6 19  7 42 50 16 24 36 33  -  -  -  4 11 52  -
 25 22  2 10  - 45 24 13  7  - 54 20 28  - 18 30  - 40 35 26  3  4 14  1 49 34  - 42  6 52  - 58  -  - 17 36 60 33 15 32  - 47 48 11 37  -  -  -  -  - 38 43 19  - 27  - 46  - 41  -
  - 12  3 15  -  - 10 37 54  -  8  - 24 50  -  4 16  - 56 60 39 33 36 48 21 20 31  - 11 45 30 42  - 38  2  6  - 25  -  - 35  - 52 17 18 23 32 14 26 27  7 59 34 19  - 41 57  - 55 46
  -  - 14  - 20  - 58 52  - 17 25 24 13  -  -  - 27  6  -  -  - 35  - 10 37 44 28  - 47  2 57 18 31 60 54 22 33 30 50 51 55 15 12 19 40  - 46  3 59  4  -  - 16 11  -  1 49 26 36  -
 11  7  -  - 23  -  - 34 20 35  - 46 57 18 16  - 54 29  - 38  - 27 48  3 53  - 45 52 44 12 25 14  - 15 32  - 56  5 55  -  - 10 13 21  4 58  2 59  - 28  -  6 39 22 33 30  - 24  9 36
  -  -  - 59  -  - 14 55 22 32 60 34  - 36  7 10 21 19 24 17 42 56 15 20 35 48  -  1  5 38 46 16  4 41 12 58 11 23 45  - 39  -  -  -  -  - 25 51  2  6  - 47 52  9  - 37  -  - 43  -
 37 52  - 44 36  - 20 16  -  - 24 17 25 14 40 41 47 43 28 12  -  -  -  5  - 30 32 26 35 53 31 19 49 21  -  - 57 15  3 60 18  - 22 50 56  - 54  -  - 38  - 10 58 33 48  -  - 27  -  2
  - 36 13 53 29  -  - 49  -  - 59  - 37  -  - 52 12  4  3 23 41  5 56 43 15  -  - 24 48 54 40 57  - 17  8 11 50  -  - 31  - 26  9 30 47 27 38  2 51 42 45 33 28 44 10 25  - 35  - 18
  -  -  -  2 35  -  -  - 25 16 22 50 52 43 44  8 15 31 54 39  6  7 34 12  9 29 10 13 40  - 18  -  - 26  -  -  3  - 41 36 48 24  5 51  - 56  -  -  -  1 17 60  - 42  -  - 32  - 59  -
  - 13 29  - 50 58 19 38 35  - 14  3  - 32  - 40 36 42  9 53  - 21 24  6 59 11 20 49 25  -  -  2  7 30  - 41 52 48  4 56 45  - 55  1  - 47 17 23 16 43 31 51 37 60 46  - 26 54 12 39
  -  - 12  5 44 38  4  - 32 57 55 35  1  6 19 16  -  7 40 37  - 59 54 36  8  - 29 60 26  - 53 15 22  -  - 23 17 52 11 18 50 21 46 48 20  9 10 45  - 13 33  - 42 51 43 49 39 28  - 58
 10 29 52  - 27 16  - 12  -  5  - 21 33 57  - 55  6 36  -  - 48 34 51  -  - 32 13 53  -  - 59 37 45  - 14 26  -  -  - 41 43  - 42 49 54 22  3  -  -  -  -  - 23 18 19 35  - 50 24  -
 43 17  9 49  2  6  -  - 13  - 37  -  - 38 10 18 57  5 11  - 36 14 26 28 56 31  - 51  7  - 19  - 35 58 41  3  -  - 33 47  - 46  -  -  -  -  - 16  - 45  4 50  - 55 12 15 52 44  -  -
 45 59 60 52 34 47  -  5 11  -  6  8  4  - 24  - 49  - 38  - 54 39  - 42 32 22 50  -  - 46 48  - 37  -  - 30 36  2  -  3 29 56  - 12 51 41 27 40 18 17 57 53  7  - 58  -  9 13  - 28
  7 43 39 38 45 21  6 47  -  - 41 57  -  - 59 33 24  - 20 14  - 11 53 22 48  -  - 27  3  - 32 52  -  -  -  - 42  - 58  8  9  - 25 46  1 44  - 37 31 60 34 16 12  -  - 51 35 19  - 23
  -  2 19  -  1 49 52  - 42 50 31  - 15  - 55  -  -  -  -  -  8  3 23 37  -  6 41  - 59 24  - 54  - 48  - 33 18 14 51 27  - 22  - 58 10 34  9 39  -  -  - 45 47 35 28 29 60  7 13  -
 44  8 21 51 25 14  - 54  - 27 34  -  2  -  - 46  - 10 30 16 52  -  -  - 45  - 53 17 24  -  3  - 55 31 38 20  4 28 29 43 59 35 39 47 60 32  - 36 19  5 23  - 41  7  -  - 11  - 57  -
  4 27 50 26  -  - 15 10 47 29  -  -  -  -  - 36  9  - 34 46  - 17 41  -  - 21 60  - 14 39 11 49  - 56  - 24 23 42 32  -  - 57 59 13 25 38 28 55  3 19 51  -  5 48  6 33 18 37 22 30
  9 40 20  7  6  - 45 15 43  - 27 25 23 30 34 12 55 44  - 33  - 37  - 38 22  8 19  - 17 35  2  4 60  - 39  - 31  - 26 50 51  1  -  -  - 53  - 48  - 49  - 57 32  -  -  5 10 14 47 24
 50  - 48 18 11 39 36  4 40  2 45  -  - 59 27 20  - 28 19  8 26 51  - 33  - 38  - 47 52  - 22 29 24 16 31 35 37  -  7  - 10  6 54 60  - 55  5  -  - 21  1 12  9 56 49  -  - 41  - 42
 26 25 55  - 17 48 59  -  6 42  - 30 21  7 12 19 44  3  -  -  - 41  -  - 60 54  9  4  - 23 51  - 46 28 20  1 58  -  -  2 14  - 29 57  - 33 34  -  - 56  -  -  - 53  -  - 15 40 35 52
  -  -  -  - 38 50  - 21 28  -  - 13 51  8  - 53  - 57  - 15 59  - 52 47 40  - 35 10 42 60 33 24  3 29  7 16  - 46 30 54 36 18 14 23  9 45  6 26  - 44  - 19  4  - 11  2  - 34 48  -
  - 23  - 33 30  - 37  1  -  9 26  - 50 19 20 31 29  2 42  3  - 43 40 35  5 51 52 58 56 10 16 59 11 25 49 57 48 24 47 45  - 13 28 32 41 36  - 60  - 54  -  - 46 27 34  -  - 12 39  -
 23 38 27  - 42 59 11 30  - 13 21  - 41 46  -  - 26 34  - 18  -  -  -  7  -  - 51  - 32  -  -  - 52  - 45  9 19  - 53  5  - 55  - 15 31 50  - 20  -  -  -  - 10  -  4  -  -  -  6  -
  - 35  - 11 15  -  3  - 50  7 18  2  -  - 58 17 52 56 16 49 32 45  - 14 24  - 25 55  - 21 29 41  - 40 51  5  -  -  1 13 12  9  - 39 36  4  8  -  - 46  - 54 48 47 37  6 44 20 10 33
  5 15 54 28  - 30 22  6  -  - 39  7 38 16 35  2 50 24 44 40 12 46  9 17 10 45  4  - 57 19  - 11 41 49 58 32 26 29 23 14  3  - 60 52 53 18 59  1  - 47 25  8 51 20 13  - 42  - 21 31
  -  - 15 60  -  - 48 46 55 44 10  -  -  - 52 35 22 14  - 41  - 16 18 29 11  - 47  -  - 32  - 39 42 59 34 51 49  - 57  1  - 17  -  -  -  8 12 25 24 31  2 20  - 43 40 50 56  -  4  3
  - 46 49  4 33  - 40  - 45 25  -  -  - 42  -  -  -  - 10  -  - 15 30 18 50 23 54  -  -  -  - 51  - 13 21  - 32 59  5 37  - 34 27  -  - 24 11 44 60  - 47 56 36  - 22  -  7  3  -  -
 40 20 53 34 43 15  - 57  - 47  - 37 39  -  -  - 18  - 12 45 17 60  - 59 26  4  -  2 54  9 50 23  1  8  - 55  - 11 31 58 49  7 41  -  -  -  - 52 13 24 27 44  -  -  -  -  -  -  - 14
 53  - 23 32 51 55  - 31  - 12  -  -  3  -  8 42 37  -  7  -  - 48 20 41  - 58  -  - 45 50 26 60 15 19 40 10  -  4 35 16  6 59  - 27  2 13  - 18  1 36  - 14  - 29 24 56  - 17 33 49
  -  5 22  - 18 19 44  - 12  - 35 59  9 11 53 39  3 17 51 31  -  - 43  8  - 10 27 23  2 40 20 33 57 14  4 37 41  - 54 38 13  -  - 55 26 21 29 47 32  -  - 49  - 24  - 46  - 48 45 34
 38 51 30 20  - 28  -  -  4 34 15 23 55 49  -  5 42  - 46  - 14 58 31 13 29  -  7 12  - 41 27  9  -  - 22 48 45  -  -  - 60  -  -  -  -  1 24 53 57 18 19  -  -  -  - 32 43  - 37 59
  -  - 16 48  9 31  8  3 23 58 19 27  7  - 46  -  - 47  - 24 53  -  6 54 39  5  - 41 21 42 35 44 29  - 50 12  -  - 17 40  - 28 37  -  - 57 45 56 36 30  -  1  - 14  -  -  - 38 26 22
 29 24  - 42 32  - 49 33  - 43 48  4 19  - 56 38  - 12 22 13 37 55 27  - 20 47  6  9  - 18  - 53 25  -  -  -  7 50 14  - 44 51 30  - 35  3 60 57 52  - 21 40  - 16  - 54  -  -  -  -
 59  - 42 17 31 46 33  - 30 10 12 52  - 34 28 11 25 15 48  9  - 32  8 55 19  -  - 57 13  1 44 26 54 23 56 18 40 16 38 24  4 60 36 14  -  -  -  -  5 58 20 21  -  -  7  3 22 53  - 35
 15 47  -  8 41  - 23 35  - 21 49 53  - 60  - 51 45 52  - 32 11  - 44 25  - 59 17 14  - 28 55  - 19  - 36 38 10  6 16  - 33 37 57 34  - 42  -  - 20  3  5  - 40  - 31  9 48 56  1  4
  3  9 51 24 52  - 25 26 53  -  - 14 30 48 17 54  1 27  4  - 29  -  -  -  -  -  - 45 46 34 41  -  -  - 60 21 13  - 56 39  - 43 49  - 59  -  -  -  - 10 42  5 20 50 18 55 47 22 16  -
  - 31  -  -  - 56  - 53  -  -  7 42 10  - 36  6  8 54  -  -  -  -  - 52 43 57  -  3 18  - 58  -  - 39  9 49 16 32 59  - 11  - 34 45 29 35 44  -  -  -  - 22 15 40 41 38  -  -  -  5
 49 14  - 54 12 26 29  - 31 24 33 55  - 41 50  9  - 45 58  -  -  -  3 27  - 15 37 22 34 20  8  7 48 35  -  -  - 47  - 25  -  -  - 18  - 10 21  - 38 40 39 13  - 32 57 53 36  6 44 43
 36 54  - 19 10  -  - 60 33 49 42 51 45 55  1 21 43 38 31 20 34  2 29 57 58 41 30  - 37 56 47 40 13 22 16 15  -  - 52 48  - 11 44  - 39  - 50  9  - 12 53 46 27 28  5 24  - 32 14  -
  -  3 33  9  - 10 42  - 56 15  4  - 18 53  2 29 28  -  -  - 44  - 17  - 57 49 12  - 20 14 21 38 23 11  - 13  - 54 60 46  - 52 43  5 50 39 41  - 40 51 55 30 35 45  -  7  -  -  - 19
  - 32 26  3 53 33 60 42  2 51 58  -  - 39 30  -  - 37  -  -  1 20 13  4 36 12  -  -  -  7 23  -  -  - 18 56 22 35 28 15 47 45 21  9  8 17 48  - 43  - 46  - 14 49 25 59  - 52  - 27
 17 39 37 23 14 18 43 44 34 59 51 15  6  - 60 13 35 48  - 11  -  - 10  - 47  - 57  - 16  5 52 36 53  7 27  -  9 55 24 12 21  - 56 28  3  -  - 54  -  2  -  - 29  -  - 45 41  4  - 40
 35  -  -  6 16  - 17 39  - 30  - 56 27  - 15 24  7 51 13 59  - 28 38 32 55 25  - 31  - 37  -  - 50  1  - 54 21  -  -  -  8 29 45 44  - 52  - 49 41 53  -  - 60  -  - 14 12 46  - 47
 41 42 45 36  -  - 39 11 18  - 32 31 22 27 13  - 40 49  1 51  2 50  -  - 23 35 48 20 53  8 56 28 33 52 30  - 54  9 44 59  - 58 10  -  -  -  4  - 12  - 29  3  - 17 38 16  - 47  7  -
 22  - 47 25  - 27 31 51  9 11 16  - 53  - 32  - 33 35  -  -  7 12  - 44  1 36  3  - 39 58  4  -  6 37 10  - 14  -  - 42  - 48 50  2  - 54  - 34  - 52 26 29 55  - 15 19  - 49 38  -
 32 44 56 43  -  -  - 45 49 48  -  - 14 58 25 59 19 23  2 55  - 42 57 39 51 37 18 21  - 16  1  3 34 27  - 40 46 20 36 53 26  5 24 41  - 30 35 33 15  - 11  - 50 54 52 10 31  - 17  7
  - 16 36 56 60  -  - 14  - 22 17 40  - 37 42  - 46 41 27  - 38  9 50 53  4 52  5  6 23  -  -  -  2 18 28 44  -  - 13 19 57 32  - 31 11 48 55 58  - 33  3 26 59 30  - 47 20 45 25 51
 58 49  6  - 37  - 32  8 52 18  - 19 48 10  -  - 56 60 23 30  - 47  5 15 54 46  1 34 29  - 45 43  -  - 55 17 44 36 12  -  7  - 51  -  - 40  - 31  - 25 16 41 38 13 35  - 21  -  - 50
  - 19 35 46 39 17  - 50  -  - 30  - 40 15  -  -  - 55 21 29 56  -  7 60  6  -  -  - 10  - 12 47 38 24  -  - 25 26 20  - 22  - 32  4 27  2 31 11 54  - 44  -  1 34  3 57 45 23 58  9
 60  - 59 50 21 57 38  -  - 40  -  -  - 23 47  - 10  -  8 52 45 25 46  - 14 33  - 39 28  6 42 56 36 20 44  - 30  7 18  9  - 49 19 29 32 11 43 35  4 15 48 55  -  -  - 27 16 51 54 41
  - 11 17 58  -  - 54 40  - 52 46 39  - 24  -  - 23 53 50  1 20  - 32 51  3 28 36 25 33 13  - 48 43  -  -  - 55 12 34 49 30  -  2  -  7 16 19  - 45  - 59 35 18 15  - 31 27  8 56 10
 48 45  - 12 56 36 53 32  -  4 29 11 44  - 21 28 14 39  - 58  - 10  - 16 34 42 43 19  - 59 15 50 27 57 46  -  2  - 40  -  5  3  -  - 22 20 26  6  7 23  - 38 25  8  9  - 30  - 49  -
