2520
 45 22 15  5 19  - 17 34  1 28 16  2 36 26 44 43 59 56 32 52 38 50  -  - 13  8  -  -  -  4 42 53 35 31  7 29 14 46 11 27  - 40 37 24 25  - 10 23 48 47 55  9 41  -  3 39 60 49  6 30
  -  8 17 42 37 44 46  - 55  -  3  - 54 39  - 30  -  - 15 28  - 47  - 23  - 60  -  - 13 18 53  -  2  - 50  5 40 43 58 35 20  - 57 32  -  - 14 26 38 52 25 51  - 41 31 36  6 29 19 27
 12 42 16  - 14 30 39 35 37 32  -  - 53 52  - 38 21 22 34 59  - 56  - 54  -  -  - 28 58  - 25  9  - 18  -  1 41 45  - 51  - 26  - 31  - 17  -  - 36  6 13 15 10  -  2  -  -  8 27 11
 27 17 31 38 50  - 48 45 54  - 37 30  4  1 58  - 32  -  - 56  - 52 47 43  -  - 11 26 44 36 18 24  5 46 33  7 59 28 35 42  - 15  3  9  - 25 40  -  - 49 34  - 57 60 20 23 14  6  -  -
 44 50 20  -  8 37 16 57 26 48 39 14 17 53  - 59 13 11  -  5 56 54 33  -  1  -  - 32  - 35  - 52 60  6  - 28 31  7 15 24 41 12 45  -  4  - 23 19 43  - 42 36 58  - 10  - 47 40  - 22
  9  -  - 30 45  2 14 28  - 35  6 25  - 13  - 40 23 24  - 20  - 19  - 51 27  - 10 52 34  -  8 18 47 21 43 17 12 37 55 26  - 56  1 60 50 57 54 31 16 32 59  -  - 11 46  -  - 48 41  3
 39 47 35 32 29  -  - 14 11 45 15  - 52 30 24 48  - 37 36 40 57 16 34  -  -  - 53 33 23 17  -  6 19  2 18 12 49  5  - 58 38  -  - 22  - 28 13  7 21 26 43  -  -  - 25  -  -  9 60  -
  -  - 11  - 46  -  - 55 47  3  - 31  1 25 14 18 22  -  -  - 44  - 10  9 26  2 35 17 41 39  5 56 32 45 24 21  8 20 33  -  - 42  6  - 29 59 53 36 28 43 52 16  -  - 37  - 23 13  - 51
 53 48  - 37  - 15  - 40  - 27 29  -  - 47 42 32  2  1 35 12 49  - 38 46 23 51  -  -  -  -  - 14 54 20 39  4 33  -  7 18 36 25 10  8 21 56 50  5 31  -  -  6 55  - 45 19  - 58  3 60
 49 37 42 22  9  -  4  2 51  -  -  -  - 27 32  - 34  -  7 35  -  - 28 58 44  -  -  6  -  -  -  - 11  -  8  - 43 30 19  - 16 17  - 59 54 52 60  - 14 57 38  3  -  5 13 12 50 33 20 39
  - 11 51  - 38 28  - 15  -  4 60 40 32  - 29 56  - 25 48  -  9 35 45  1 53 59  - 16  -  - 30  - 23 58 14  - 27 22  2  - 19  - 33  - 24 43 47 34 18 36  - 31 50  - 42  -  - 39 46  -
  4 45 32 41  - 19 22 11  - 20  - 56 34  - 26 25 15 40  8  - 14  5 18 59  - 58  - 23 37 28 21 33 42 16  3  -  6  9 27 39  -  - 36 54 30  7  2 46 55  1  -  - 48 57 12 49  - 24 13 35
  -  - 40 18  - 49 35  -  2  -  - 33  6 24  -  -  -  4  - 14 19  - 25  - 30 46 27 60  - 44  7  -  - 17  -  8 20 23 42 38 26  5 58  -  -  - 22 55 13  - 36 43 11  - 56 47  - 10 54 29
  3  - 50  -  7  - 20  4 36 14 48  5 40 22 59 57 58  - 49 26 34 51 27  - 35 29  -  2  -  - 32  - 13 38  - 56  - 54 18 44  8 37 12 28 19  1  - 10  9  - 31 47 39 25 17  - 33 11  -  -
 55 52  -  7 23 11 58  5 24  2 40 28 30 41 36 33 37 35 12  -  4  - 59  -  - 15 60  -  -  -  - 54  - 25  -  3 57  - 51 13  - 14 18 20 46 22 19 50  6  -  1 27 56 47 21  - 16 45  -  -
  - 26 27 56  -  - 18 25  - 46 13 11 33 20  -  - 51 38 30  -  -  -  -  -  -  - 12  - 32  -  - 15  -  -  -  -  - 57 17  - 37 53 21 50 36  -  - 45 29 58 28  -  -  - 52 54 48  -  7 47
 28  - 52  - 21  - 25 37 44 49  - 32  - 43 15 58 47 14 18  - 41  3  - 30  - 54 22  - 60 57 20  - 33 13 45 36 24 26 38 55  - 19  -  - 35 42 11 59 27 56  6  8 31 39  - 46  2 23 29 53
  -  6  - 34 31 56  -  - 58  1  2  -  7  - 13 16  -  -  -  -  - 23 48  - 28 52 42  - 40 54 47 26 53 49  - 14  -  -  - 37 17 50 24 10 59  5 57 38  - 12 41 18 32 33  - 45  -  3  - 20
 47 55 29 49 10  -  - 31  - 58 59 21  - 14 53  6  - 23  5 33  - 41  - 57  - 28  -  - 46  - 26 37 51  -  - 30 45 44 54  2 60 32 17 40 48 39  - 13  8  -  - 11  - 15 22 34  7  -  4 19
 30  - 48 50 24 17  -  6 34 59 53 19 39  -  - 11 41 49  -  2 12  - 52 31 14 16 38  1 55  - 54 57  -  -  - 25  9 27 22  5 29  3 28 47 60 26 20 15  7 18  -  - 23 51 33 21  - 32 10  -
 43 58  3 28 18 39 29  -  - 21 27 54  - 34  7  - 30  - 47 11  -  2  - 12  6  5 13 24 36  - 56  8 55 42  - 45  -  -  - 50 57 10  9  - 23 48 37 44 60 20 14 25  - 53 59 38 49  - 17 31
 13 34 59 23  - 58  -  - 50 52  -  8 14  2  - 42  - 18 57 17 60  -  - 16 36 41 33 25 11  - 37 31  - 24 48 49  -  - 28 47 44  7 39  1 56 21 26  6  5 40 15 35  - 45  - 27  - 22 30 12
  - 40 44 16 20 50  -  -  3 10  4  9  5 38  - 51 43 30  6 32  - 57  -  - 55  - 37 41  - 49 29  - 18 26 56 58  - 53  - 28 27 22 13 36 15  2  - 11 25  7 60  - 24  - 47 14 45 19 59 33
 16 20  - 57 33 48  5 32 14  - 28  1 25 44 55  9  - 29  - 30 54  -  -  6  8 23 40 49 18 42 46 13 59 60 37 51  7 10 39 56 50 27  -  - 17 35 31 52  -  - 11  - 34 19 58  3 26  - 24  -
  6  -  - 24 36 10 55  - 56 60  5  - 43 37  - 46  - 21 17 45  - 33  3 25  -  - 48  - 27  - 14 28 12  -  -  -  1  2 31  8  -  9 23 44 58 49 41  4 35 53  - 52  7  - 57  - 54 30 42 15
 18 16 33 20  - 52 57  - 59 37 11 46 38  - 34  -  - 28 55 13  6  -  7 41  5  - 45 56  -  - 15 27  - 19  4 40 36  - 32  1  -  - 54 23 44 29  -  9 10 39 48 50  - 22 43 35 12  2 31  -
  - 53 34  - 32  -  8  - 42  - 45  4  -  -  - 44 55 51 31 22 28  -  -  7 41 18 30  5  - 52  -  - 14  3 35  - 29 12 25 11 46 21  - 16 57  -  6  - 20  -  -  - 47 13 39 15 59 54  -  -
 14 10 26 58  4 29 33 59  -  -  - 15  - 45 19 36 27 47  -  9 50 34  - 44  -  7  - 57  -  -  - 39 48 40  - 53 54 13 41 20 56 18 22  -  - 24  - 43 51 21  5 42  - 16 23 17 11 46  -  -
 41 38 18 14 17 47 36  -  -  -  -  - 31 42 50  - 10  - 56  -  -  - 13 49  -  - 24  -  -  -  9 32 40 54 53 59 25  - 37 33 23 52 44 12  1  - 15 29 46  -  -  5 45 55 51 22 57  - 28 16
 11  9 24  -  - 23 53 18  - 55  -  - 58 50 51 31  - 27  - 36 21 46 26  4 45 44  -  - 28 48 52 41 16  -  2  6 13 29  -  -  -  - 25 19 39 40 30  - 47 54  - 57 60 32  5  - 37  7 15  -
  - 56  - 55  - 32 15 12 28 39 24 17  - 33 37  3 54 26  - 41 48 30 60  -  7  6 29 38 47 43 27 36 52 59 31  - 16 49  -  4 13 45  - 46 20 14 21 58 34  8  -  2  -  9 18  1 10 57 22  -
  - 41 37  8  - 53  -  - 33  - 22 18  2 10 16 60  - 57 29 44 55 17 51 21 46 30  -  - 45 34  -  -  9 15  - 38  - 56  1  6 42  - 26 13 32  3  - 49 12 59 24 20 27  -  - 40  - 50 11 43
  1 46 56  - 53  - 50 51 22 19 52 42  - 23 31  - 36 10 54  - 58 44 40 37  -  3  4  - 35 47  - 20  6  9  -  -  -  - 57 12 43  -  - 45 16 15  -  2  - 34  - 14 21 26  -  - 25 18 39  -
  -  5  - 39 30  -  - 23  - 43 57 58  -  - 21  - 46 16  - 50  -  -  9 27 17  - 36  -  -  - 40  -  -  4 47  -  - 48  - 22 12 29  - 42  - 20  - 60  1 37  - 59  8  6 14  2  - 51 26  -
 25 23  -  9  -  - 13 42 57 41 56 35  - 32  -  1  4 46  -  -  -  -  6 22  - 19 31  - 29  -  -  2  - 34 51  - 58 50  - 10 14 59 16  -  8  - 43 12 17 30 47  - 49  - 55  - 40 37 18 44
  -  - 43 45 12 25 32 29  8  - 19 37 16 21 28 17 35  2 24 18 15  -  1 56 31 57  - 40 14 22 41  - 10 53  - 27 51 33  4 52  9  - 60 11 42  - 48 47  3 23  7  - 38 36 26 30 13 20 44  6
 24 28  -  4 60 31  -  - 27 13 23 16  -  -  1 26 52 42 19  - 33  -  - 35 20 53  6 46  -  -  - 12 30 11 54 10  5  -  - 36 21  -  -  - 34  9  - 39  - 15 57 32 43  -  - 56 55 17  - 41
 21  - 22 47 59  -  2 44  - 18 33  - 24 12 48 20 60  5 41  7 39  - 56  - 29 11 51  9 52 30 50  - 49 35 17  - 10 58 13  - 32  -  - 26 40  -  - 27 45 31 23  -  3 37 54 57 46 42  - 38
  -  - 38 11  -  - 24  - 48 51 18 23 41  7  - 28  - 52 10 25 59 21  -  - 22 34  - 19  9 15  -  -  -  - 13 47 56 17 26 31 45  - 42  4 37 46 29  - 57  - 54  -  2  - 16  5  3  - 36  -
  -  -  - 13  - 60  -  -  -  -  9 44 27 55  - 54 42 33 14 46 11 39 16  - 59 10  - 21 12  - 24 25 43  - 32 35 52  4 50 30  -  2  -  -  -  - 51 37 15 48 20  -  -  - 29 58 31 38  -  -
 48  -  7 52 58  -  3 60 53 16 14 34  - 15  - 10 45  - 22 47  - 24 43 38 54  - 23 30 56  - 57  - 31  5 12  - 50  -  9 41 59  -  - 49 33 51 39  -  -  - 17 26 35 44 28 13 18 21 32  -
 20 32  - 31 52 26  - 47  - 25  -  - 57  -  6 19 14 54  - 38 40 27  2  - 39 22 18 29 53  -  - 60 24 36  - 16 15 11 12  -  - 35 55 41  - 13 59  -  - 33  - 46  1 49 34 10  - 28 50  -
  - 49  9 36 34 54 30 41 32 47  -  6 23 58 10 45 25  -  -  1 46 26  - 14  - 17  2  3 39 59 16 11  4  -  - 44 37 18 60  -  -  -  -  - 12  - 27 53 24 35  - 13  - 38 15 55 29  -  - 57
  - 44 28  2 55 43 27 49 29 11  - 41  -  - 60  - 24  9 59  - 17  - 23  - 18 20 14  -  1 53 19  7  - 12  - 13 39  6  -  - 51 58 31  -  3  -  -  8  - 22 35  - 15  - 30 26 32  - 33 45
 59 57 54  - 22  -  -  - 46 38 26  3  -  6 41  - 49 39 27  -  -  -  4  2  - 48 52 58  -  - 23 10  -  -  - 37 21 31  -  -  -  -  - 56  - 44 16 20  -  9 32  -  -  - 19 28  - 60 14 40
 42 19  8  -  6  - 40 53 35 17  - 29  -  - 27 14  -  - 13 37  - 11  - 39 16 26  9  - 57  - 33 55  1  -  - 60  3  - 44 43 48 23 32  2  - 10  7  -  - 25  - 38 18  -  -  4 22 36 58 56
  -  - 46 54  - 45 60 13 49  -  -  -  - 56 30 35 53  -  9  -  1 28  5  -  -  - 15  -  - 27  - 34 37 29  - 23 17  - 48  - 18 38 20 39 11 55 24 40 42 14  2 21 12  8  -  - 41 52 57 58
 52 59  - 12 13 42 28 46 23  - 25 48 50 35  8 39 11  7  3  -  -  6 29 20 47  1  - 15  -  - 58 17 26 51 60 19  - 38 10  -  -  -  -  -  -  -  - 54  -  - 44 40  5 27 49 43  - 14 45  -
 57 29  -  -  2 59  9 21 39  7  -  - 35  8 56  -  - 13  - 19  -  -  - 53 37 42  - 45 49  - 38 16 17 55 58 22 26 47  - 14 24 48 27 51 18 54  - 32 11  - 30  4 52 28 44  6  5 41 23 50
  - 21 58 53  - 18 26  7 10 12 47 43 28 48  - 27 33  -  - 24  - 60 41  -  -  - 17 31  -  1  3  -  8 44 57 46  - 35 14 25 55  -  -  -  2  -  -  - 23  -  - 34 37 29  4 51 39 16  -  -
  - 36 60  3 41 33 34  -  -  - 58 24  -  - 12 15  7  -  2 42  -  - 44 26  - 35 55 47 10  - 17  - 39 32 20 57 11 21  - 59 49  1  -  -  -  8 28 18 19  - 40 30 16  -  9  - 27  - 38  -
  - 14 41 51  -  -  6 24 12 56 42 39  - 49 11  -  -  - 40 23 35 38 20 29 57 33  7 36 17  -  2 22 34 10 26  - 30 60 47  3 15 44 43  - 27  -  - 25 32 28 18 37 46  -  8 31 53 59 52  9
 32  2  - 35 48  8  - 38 18  - 30 50  -  -  - 13 12 58 26  -  -  - 55  -  -  4 19 37 43  - 11 29 27  - 42 24 47  1  - 60  -  - 46  3 14 53  - 21 49 44  - 23 20 59  - 41 17 34 16  -
 58  - 21 27 11  - 43 54 41 24 31 47 48 40 52 29 17  3 20 60  - 55 12  - 19  9  8 44  6  2 13 50 38  - 59 42 22 39 23 45 10 16 30 35  7 32 34 57 26 51 49 33 53 18  1  - 36 15 37 46
  7 60  1 19  -  6  - 33  5  - 54 52 55 17  - 50 57 48 44  -  - 32 39 42 25 21 56 20  3 23 45  - 36 30 16  - 38 41  -  -  -  - 34 14  - 37 12 28 58 11  -  -  4 35 27  8  9 47  - 18
  -  -  - 26 40 20  -  -  -  - 46  - 42  -  9 23 48 17  - 39 53  - 37 45 56 12  3 14 19  -  - 30 28  -  6 41 34 55  8 15  - 24 52 38  -  - 32 16 54 50 27 22 51 10 11 29  -  - 21  -
  -  - 55 46  3 13 11 17 21  9 34  -  -  -  -  8 44  - 33  - 31  1 24  - 10 56  -  -  -  - 12  -  -  - 15  - 18  -  - 32  - 36  - 27 28 45  5 48  4  -  -  -  6  7 50  - 42  -  - 14
 17 24 23 40 39  - 21 10 16  -  - 57 47 54 43 49  - 44 46  - 32  -  8 11 58 50  -  - 20  9 59 38  3  - 36  2 28 52  6 48  - 34 29 18 26  - 35  - 22 13 12  - 14  1  - 33 30 31 25  -
 19 12  -  1 27  7 49  -  -  -  - 10 44  -  2  - 18 43 11  8 51 20 30 34  - 14  - 50 31  - 36  3  -  - 46 15 23 40  -  -  - 13 48 37 38  - 42 35  -  -  9 28  - 17 53 32 58 55  -  4
  -  7 14 44 28 21 59 20  - 42  - 22  -  - 54 52  - 31  1  - 13 53  - 24 15 55 41 27  - 10  - 45  -  -  -  9  2 25 16 46 11  -  5 34  6 47 36 17 39 19 58  -  - 30  - 18 38  -  -  -
