2520
 30  - 25 12 46 36 43  - 28 50 47 39 42 17 16  - 55 57 21  - 45  - 49 14  4 35  - 11  - 54 31 37 41 48 52 32  5 56  - 40  - 33 15 26  6  7  - 29 10 19 18 51  -  - 27  2  9  - 59  1
 36 19 12 55 58 45  - 53 34 39  -  -  -  7 51 38  8  - 16  - 10 29  - 35  - 50  - 54 44 41  9 14 22 47 20 46 33  3 13 25  - 43 49  4 15 27 31 60 52  - 24  - 59 57 23  1 26  - 11  -
 35  9  - 10  - 17 27  -  - 25 59  - 48  -  2 36 11  - 37 55 42 31 22 45  6  -  - 56 50  -  - 46 15  - 13  - 26 14  - 32  3 47 40  - 21 33 29  - 18  4  - 60  -  - 39 16 24 19  -  -
 45 20 35 41 57  7 32  -  - 44  - 19  5  3 15 49  - 27  - 48  8 39  - 28 60 22 53  - 33  - 18 34 55  - 58  6  - 21  - 30  - 25 37  -  9 11  - 59 24  -  -  -  - 10 13  - 52 29  1 36
 23 37 57  -  3  - 41 44 47 22  - 56 33 45 59 39 14 17  - 58  -  5 16 36 46  -  -  - 25  -  -  8  -  -  -  4 48 51  1  -  - 13  -  - 24  - 50  2 15 32 42  6 30 43 29  - 40  - 52 12
  7  -  - 31  1 25 54  4 39 52 11 20 60 35 24 13 15 36 47  - 38 50  - 42  - 17  -  - 40  -  2 53 33 37 56 28  -  - 23 46 22  - 19 43 51  -  -  -  - 30  6 32  - 44  - 14 59 49  -  8
  5  - 30 21  - 24  -  2  - 49 53 50 38 56 48  8  - 60 34 40 17 15  -  -  -  9 14 31 37 25  - 18 51  - 19 58 46 20  3 44 45  - 41  - 23  - 13 36 39 35 27  -  - 32 26 12 57 43  -  7
  1 60  - 25  - 47  -  - 21  -  9 46  - 15 53  3  - 13  - 34  -  7 39  - 52  6  8 10 26 42 11  5  -  - 12 14  - 35 30  -  -  - 17 32  - 49  - 50 37 29 44 58 57  -  -  -  - 38 19  -
  - 24  - 53  - 30 58  -  - 16 26 57  - 19 25  - 18 41  2  7  - 17 60  9 45 12 54  -  -  - 20 40 29  - 10 15 42 34 59  - 11 50 31  1 52 48  -  - 23 51  4 36 27 38 55  - 37  - 13 44
  - 29 18 16  -  - 33 56  -  - 27  - 13 52  - 51 49  1  - 38 44 60 25  - 57 21  -  -  -  -  - 15 30 50  - 31  - 53  -  -  -  - 39 47  - 37  3  7 34 46  - 10 26  - 59 36 20  8 42 17
 47  4  - 44  - 39 15 31 14  - 48  -  -  5  - 19 41  -  - 52  -  -  -  7 11 37 50 58 29  8  1 56 35 25 60  -  - 43  - 57  -  - 20  - 28 12 23 21 45 18 53 38  - 55  6  - 42 54 49 40
 56 22 50 20 27  4 25  5 33  3  -  - 37  -  - 24  1 39  -  9 53 57 51 29 31  -  - 52 43 13  -  - 45  - 38  - 18  - 58  7 21 46 14 16 11  -  - 12 35 10 59 44  -  - 15 23  -  6 40 30
  -  -  - 26 12 34  - 29 50  - 20  - 44 11 35 48  5  6  - 18 25  -  -  - 47 53 33 46  - 22 28 16  - 49 15  3 52 36  -  - 31  7  -  2 60 13 45 57  -  -  8  - 17  4 32 54 51  - 38 27
 11 38  - 60  - 56 59 32 37 12 58 49 16  6 45  -  -  -  - 42  1 28  - 26  - 52  4 14 55  - 50 23 36 30 54  - 10 13 25 43  -  -  - 27 57 39  -  -  - 53  2  -  8 29  -  -  - 15  -  -
  2  8  -  7 14 60  - 52 23  - 21  - 54 30  9 31  3 26  -  -  4  - 40  -  - 41  - 15  5 32 34  - 58 51 25 11 53 27 16 35 36 20 45 56  - 24  - 47  -  1 22  - 19 48 17 39  6 50  -  -
 28 11  - 37  - 52 14 59 55  - 49  - 30 40  - 21 53 50  -  -  2  -  -  -  -  3 58  - 38 12 24 39 26 29  6 18  8 31  - 36  9 35 43  -  -  -  - 20 47 15 17 13 46 45 57  7  - 51  4 19
 46  - 48  1  8  9 49  - 20  7 18 47  - 13  4  - 19 33 51 45 23 10  -  - 14 38 15 22 17 24  - 31  -  - 32 42  - 29  - 54 50  -  - 25  2  5 12  - 55  - 11  - 43 56 52 57 60 16  - 37
  -  - 53 28 50  - 47  7 26  - 60 13 10 39 52  - 59  - 30  - 21 37 46 31  5  -  - 40  6 36  - 35  - 44 11  1 57  - 22 27 38 34  - 49  -  8 16  -  -  3 41 45  4 15  - 20  -  -  -  9
  -  - 52 39 15 28 18 30 40 23  1  4 41 32 50  - 29 55 57 11 37 43 31  -  - 36 22 12  7 53 49 60  9  - 33  -  - 42 54  - 46  - 59 19  8 38  -  - 44 25  -  -  - 26 51  6  -  2 20  5
 41  -  - 11 42 58 53 33  7 30 57 43 29 24  5  9 35  8  6  - 49 45 12 47 51 46 48 36 56 17 21  4  -  - 37 54 14  2  - 26  -  -  - 34  - 25 10  - 13 23 52 18 20 27 50  - 31  3  -  -
 13 50 19 33 18  - 44 35 59 37 25 54  - 53 58 27  9  4 41 51 12 30 11 21 24  - 26  6 20  -  - 43  8 46 14  7  - 48 57 38  1 40 60 36 17 56  -  -  -  - 32 55 34  5 10  3  2 42 31 29
  - 55  -  - 37 51  -  -  3 48  7  - 28  - 21 47 27 25 58 44 24 35  - 10  -  - 52  - 23  5 46  9  - 54 39 33  1  - 11  -  - 42 30 50  - 16  - 32  6 20  -  -  - 31 19 56  - 36 22 18
 42  - 59 48  -  - 45 40 49  8 29 21  4  1 18 50  7 19 53  -  -  -  - 46 32  - 38 17  - 34 37 20 14 56 26  -  - 22 12  3 51 31 52 24 27  - 25  - 58 11  5  9 35 13  2 47 16 30 55  6
 52  - 34 29 13 59 36  - 48 56 28 26  - 55  - 41 12 16  -  - 19  6  7 58  -  8  - 42  -  -  -  1 47 31 46 25  - 60 35  - 39  4  -  - 32 50  -  - 40 44 23 53  -  2  9 38 33 17 45 15
  3  -  - 13  -  -  - 28  - 14  -  -  -  - 60  -  - 21  - 33  - 34 59 41 55  - 39  2  -  -  - 36  -  -  1 57  6 10 37 19 12  - 18 29  -  4 56  9  - 22 20  - 16  -  - 17 23 47 26 58
  -  - 47  2 29 16  -  -  -  -  - 32  -  - 34  - 25 24  -  8 40  9 14 57 38 19 42 21  - 23  -  7  -  4 28 41 27  - 50 22 10 55  -  - 39 54 26 51 11 31 56  3  5  - 49  -  1 35 12 60
 48  3 42  -  -  - 28  - 10 38 55  - 59 57 54  -  - 14 13 27 22  -  5  - 56  1 45  -  - 43 39 11 40 12 16 34  -  4 47 31 58  -  -  7 29  - 24  -  2  -  -  -  - 51 36 44 21 26  -  -
 53 57  2 32 25 43 29  -  1 34  - 45  - 60 40 28 38 15 17  - 46 14 54  -  -  -  9 41  -  -  - 10 42 11 35 55 31  - 19  -  - 12 21 58 48 47 20 30 26 33 36 22  -  - 56 18  -  -  5 49
 27 14  -  - 55  1  - 18 36 28 22  -  - 31  - 15 39 10 33 17 50 51 37 11 12  - 47  3  - 56 40 24  -  -  - 48 59 58 43 29 60 49  - 42  - 23  - 19 32 45  -  7 38 54  - 35  - 46 41  -
 24 31  - 22  4 21 46  - 56  1 33 53 12  -  -  -  - 45 10 43  5  - 38  - 28 13 59 35 57 15 47  - 27  9 49  8 34 37  - 17 41 52  -  - 19  2 51 18  - 16 55 23 14  - 30 29 25 11  -  -
 59 58 22  - 10 49 34 48 12 60  - 24  3 42  - 29  -  - 46 15  -  - 57  - 40  -  -  - 13  -  6 21  4 32  - 47 25  - 33 18  - 56  -  8  1 41 35  - 38  -  9 11 36  -  7 43 14 53 54 28
 43  -  -  -  - 57 10 16 13  4 44 33  - 58  - 32  6 12 49  -  - 20  - 38 19 54  - 59  -  - 42  - 48  - 40  -  3  5 15  - 17  9  8 45 55 51 60 25 30  7 29  - 37 41 47 22 46 52 21 11
 60  5 38 46  - 35  -  - 27  - 10  7 23  - 11  2 56 31 19 36 57 54  9 49 22 44 41  8 32  - 30  - 20 39  - 59 47  - 53 48 33 18 13 15  3  6 40 28  - 58 37 24  - 14  -  - 45 55 34 52
 21  - 39  - 38 10  - 22 24  - 14  - 46 34  -  - 32 54 55 23  - 26 19  3  - 42 60  - 51 35 12  - 31 43 41 45  -  8  7  -  -  5 57  9 49  -  - 52  -  -  1 25 58 40  - 50 48 44 29  -
 49  - 40 42 32 33  -  9 35  - 43 29  -  -  3  4 30  - 11 20  -  -  2  6  -  -  - 16 47  1  - 27 17  -  - 53 58 41 60  5 34 38 54 12 22  -  8  -  - 24 13 19  7 39 14  - 10 59  -  -
  -  -  -  3  - 26 37 24 53 19 30 28 57  - 49 56  - 58  1  - 43  2  - 18 20 10 36 39 12 16 35  - 25  -  - 22 23 46  -  - 54  6  4  5  - 45  - 44 29  - 33  - 42 47 40 55  - 13 14 31
 40  -  - 30 33  2  - 27  - 47 56  - 45 43 37 59  - 28 38 12 39 11  -  4 29  -  - 23 24 49 44 26  -  1 21  -  -  9  - 42  - 53  -  6 13 46 48  -  8  - 19 34  -  -  3 32 18 14 60  -
 26 23 55 18  -  5 16 54 42  - 40  9 49 51  7 10  - 30 31 53 14 21  - 48  2 11  - 32 22 20  -  -  - 58 47 38 12 44 56  6 29 41  -  - 43  - 59  4 19 50 60  -  -  -  8  - 28  - 25  3
 57 45 37 24 30 31  - 26  -  2 17  - 27  - 46  6  - 22 36  -  3 12 34  1 16 23  -  - 58  - 13 29  -  - 51  - 55 32  -  -  - 54  - 59  - 52 43 10 33 48 47 14  - 19 38 53 49 40  - 56
 31 26 21 59 56 14 60 47  8 41  6  3  -  - 39 57  - 37 50 54 20 42 44 43 35 16  - 29  -  2 15 17  -  5  - 51 40  - 49 52  -  -  - 28 34 53 58  1 36 27 45  - 25  - 18 11  - 24  -  -
 32 18 31  - 54 46  - 13 60 21 36  -  1 14 33  -  -  - 56 41  - 19  -  - 49 24 30 34  4 48 26  -  3 20  2 17 38 11 29 16  6  - 55  -  - 43  9 39 53 37  - 12 40  -  - 15  5 22 58 50
  - 25  8  5 16 53  -  - 44 33 46 60 58 12 27  - 17  -  - 29 55 38 35 15 37  - 32 48 39 45 41 52  1 36 43  - 50 23  2  - 30  -  - 13  - 21  -  -  -  - 31  - 47  - 22  4 56  7 18 54
  4 47 29 40  -  - 21  8 52 31 12 14  -  -  1  -  - 20 39  2 18  - 23  -  - 56 17 44 30  -  -  6  - 13 57  - 32  -  - 50 48  -  -  - 54 10 15  5 51  -  7 43  -  -  - 25 36  -  3  -
  -  - 26  -  - 29  -  - 31 42  8  6 36 41 28 20 47  - 23 60  9 40 48  -  - 58 18 33 35 11  3  - 44 27  - 13  -  - 52  -  -  - 12 39  5  -  2  - 14 49  - 54 21 46  - 59 19  - 17  -
  -  -  - 58  5 15 38  -  -  - 13 30 53 10 29 17 48  3 40 22  - 32  -  - 42  - 37 27 31 60  -  - 49  - 59 20 45 24 39 12 52 16 23  - 35 36 19  - 43 54 28 41  2  9 21  -  - 34 56 33
  - 35  -  4 36 13 30 42  -  - 24 51 17 18  -  -  -  2 20 14 48 22  3 33 53  - 57 45 10  -  -  - 60  -  - 56 21 26  6 23 16 44  1 40  7 28 34 37 27 52 50  - 55 49 12 41 32  9  -  -
 20  -  7 56 53 19 12  1 17 59  - 48  -  -  - 34 54  - 15  - 51 41  6  -  9  -  3  -  - 27 29 44  -  - 18 40 39 33  - 45 13  8 50 10 37 32  - 11  - 28 57 49 52 16  - 31 38  - 46 43
  - 34 13 45 44  -  - 46 51 36 23  - 50  - 30  7 28  -  -  -  -  8  -  - 39 31  -  1  - 18 57  -  5  - 22 26 17 25  - 49  4 32 47 55 38 29  - 43  9 12 21 20  - 59 33 24 11 60 27 10
 14 54  -  - 31  -  8 17 45  - 37 35  -  -  -  -  -  5 44 19 13  4 20  - 30 34 10 57 49 58  - 22  - 26 23 21 16  1 18 39 15 29  - 38 36  - 46 56 48  -  -  - 32 12  -  - 53 41 47  -
  - 33 27  - 51 44  - 57 29 55  3  2 14 36  8 18 31  - 28  -  - 46  - 17 43 39 25  4  9 50 53 54 13 42 48  - 20 15 24 58  7  - 38 22 47  -  6 23  1 60 12 56 45 21 34  - 41 37 35 59
  - 12  - 15 40  -  3  - 25 57 41  5 47  - 19 52 16  - 18 35 29  - 10 13 17  -  1 50 36  9 38 59 54 21 44 30  2 39 26  - 14  -  - 46  -  - 32 53  - 43 49  - 23 42  -  8  -  -  - 51
  - 46  -  -  7 32 23 19  - 40 51  - 20 22 43 54 52 38 24  - 58  - 17  - 27 47  -  9 60  - 56 42 18  2 36 29 35  -  8 53  5  -  3 21  -  1 37 48 28  - 14 16 49 33 41 10 55  - 50  -
  -  -  4 54  6  8 39 41 38 45 50  - 26  -  - 11 58  -  -  -  - 27 56 44 34 14 19  - 16 37  - 33 32 53 55  5 30 52 36 24 47  2 35  - 12  - 28 17  -  - 51 40  1 18 43 21  -  -  7 23
  - 15 46 23 41  3  - 21  4  -  -  -  9  - 14  -  2 49  - 47  6 25 26 56  - 18 13  7  - 33 45 30  - 10 53 35 29 40 17  1 43 24 28 52 42 20 54 22 50 38 48  - 60 11 37 58 39 32  - 55
  - 43  6  -  - 54 13 20 19 58 39  - 24  - 41 55 40  -  7 28 60  - 21 53  8 25 51 18  2  - 36 32 37 15 42 12  4  - 31  - 56 14  5 23 50 22 44 46 59  - 34  - 11 35  1 52  -  -  - 45
 38  - 56  - 52  -  - 10  - 29  2 15  8 16  -  1  -  - 35  -  -  - 50 51  - 32 11 24 18 28 33 49 39 45  9  - 37  6 46 55 40 57 42  3  - 14 27 58 17 36 54 21 53 60 31  -  4 48 23  -
 51 28  -  - 45  - 56  - 43 24  -  -  - 33 31 40 36 23 22  - 52  1 47  5 54 15 49 53 14 26 10 41  - 34  -  - 13 12 32  4 35 60 16 18  -  3 30 27  - 17 39 29  - 25 42 48 58 21 37  -
  - 56  1 36 60 20 55 43  2 32 52  -  - 23  - 12 33  -  -  -  - 49  -  - 21  -  - 51 48 38 22  3 11  - 17  - 19  7  - 13 24  -  - 41 46 26 47 42  5  6 15  - 31 37 53  -  - 58  - 14
 37  -  -  8  9 38  4  -  - 17 31 18  - 47  -  -  - 48  -  5  -  - 24  - 50 40  2  - 54 55  -  - 57  - 29 43 44 28  - 10 49 21 33  -  -  -  -  -  - 14 30 26 39  3 11 46  -  -  6 42
 55  -  - 14  - 40  - 50  - 35  - 22 32 27  - 42  - 46  - 31  - 16  - 39 58  - 20 49  -  -  -  - 56 33  3 23 24 19  - 28 25  - 53  - 59 57  -  - 54 21 38  5 41 30  - 34 15  1 36 47
