2520
 16  - 33 51 48 45  - 29 22 39 53 52 12 31 18 37 26  5 42  - 56  - 20  - 50  -  - 27 60 25 54  - 57 15 47 36  4 19 46 38  - 28  - 40 55  - 30 43 35 23 24  1  - 44  8  7 58  -  -  -
 45 57 36  - 46  -  7  - 18  - 38  - 20  - 54 16  - 58 14 21 47 11  - 35 37 59 17 40 15 32  - 30  9 13  -  - 22  8 55 51  - 29 31  - 10  - 25  -  -  -  -  - 52  5  -  -  -  - 42 24
 20  8  6  -  -  - 25  - 15 32 28 30 47 36 34  -  - 31  -  - 52 39  - 46  - 37 45  - 49 22 17  4 42 27  - 41 59  1  -  7  -  9 50  -  3 14 43  - 12 60 56 21 33  -  - 55 16 51 26  -
  -  4 42 54 31 35  2 20  - 44 29 14 19 25 60  - 23  - 15 59  - 18 28  9 41  - 13  1  - 12 51  - 11 36  -  -  - 32  - 55  -  7 27 16  8 56 21  -  - 38  3  5 43 30 40  - 45  - 37  -
  - 21 28  -  -  8  -  -  3 34 13 40 29  -  5 60 19 46  -  - 33  -  - 25 43 53 24 50  4  - 38 54 31 10 36 11 12  -  2 41 26 49  -  - 42 15  - 22 56 52  - 57 37  - 18 14 51 48  - 59
 33 59 14  -  - 12 36 45 35  7 25  -  - 53 37  - 54 50  8  - 57  1 30 39  3 58  - 10  - 47 55 18  4 17 32  - 26 56 29 15 38 19 51 48 31 43 13  2 49 27  - 40  5  9 16  - 24  - 44 42
 38  - 40 55 28 26 14 58  - 47  -  - 54 48  1  -  - 19 35 20 60  - 24 45 46  - 15 11  - 51  - 42 44  -  5  4  -  -  9  - 43 16 34  - 41  - 23 12  7  - 32 59 30 39 57 13  - 22 21  -
  - 13  - 11 49  2 42  -  - 40 43 46 24 35 19 57  - 29  - 10 28  - 51 31  - 15  - 30 12  - 36 39  5  8  4 16 18 59 52  - 21 27  -  6  - 55 53 44 14  3  - 23 22 54 41  -  - 45 20 17
 17 60 34  5 47 32 19 24  4 52  8 13 18  - 50 36 51  - 55 56  2 29 41 10 58  - 33  7 25 28 20  - 27  -  -  - 57 14  -  - 23 43 22  - 40 30  -  9 11 26  -  -  3 38 35 12 39 37 46 49
 37  -  - 53  - 29 40  - 43  - 50  -  - 11  - 54  - 33 22  - 35 28 38  2 16 56  5 21  - 17 42 10  -  -  - 23 34 12 31  - 25 15 24  -  - 26 52 51  -  4 18  -  -  3  - 19  - 47 30  7
  -  - 11  - 19  -  5  -  1 31 22 24 45 43 57 52  9  - 33 40 58  -  - 47 36  - 46  - 35 60 29 44  8 16 56 21  -  -  6 59 51  2 14  - 54  - 20 27  3  7 26 15 10  - 34 25 18 30 55  4
  - 41  - 37  - 10 17 44 57  -  -  -  1 23  -  3 35  - 16 50 24  - 29  - 32 51 34 28 46 59  7 38  6 21  - 19 52 43 54  8  - 30  -  - 25  4 27 13  5 47  -  - 48  - 20 60 31 40 12  -
 55  - 21 57  7 40  - 25  -  -  -  -  -  6 31  - 43 20 54  -  8 47 52  4 34 38  - 22 10  5  -  -  - 29  - 15  2 27  - 36  - 14 39 42 16 35 32 23 17  9 33 37  - 60 24 45 28 12  1  -
  - 10 16 50 11 28 13  5 44  - 34 36 42 55 58 32  - 39 45  4  - 17  2 19  -  -  -  - 48  -  1  - 15 54  -  -  9 30  -  - 52  - 25 41 51 47 49 35 37  - 40  -  - 26  - 18 14 33  -  -
 41 19  - 48 50  - 60 36  - 54 11  7 35 47 28  9 14 22 39 57 15 31 32  -  2 29 20  -  - 42 27  1  -  - 21 56 13 53 40 37  - 33 30 43  - 18  4  - 26  5 16 45 49 23  -  6  -  -  -  -
  - 32  - 52 60 30 44 40  5 33 16  - 23 41  8 39 55  1 21  3 46  - 50 53 49 13  - 57 27 36 15 37 26 56 20 51 11 58 10 34  6  -  - 31 45 54  - 47 43 14 12 24 17  4  - 38  2  - 59 48
  -  - 20 10 22 57  -  9 31 16 47  -  - 54 55 41 45  -  -  - 21 19 14  -  - 48 60 35  8  -  -  3 43 28 42 34 51  - 15 50 13  - 18 46  5  1  - 11 36  -  - 26 23 40  - 59  - 53 32 56
  -  - 50 59 56 58 51  -  - 23  2 43  -  -  - 27  - 35 26 53 19  - 18 49  9 10 12  -  - 24 48 47  - 20  -  -  - 57  -  - 40  4 11  -  -  - 41 17  1 31  -  8 28 34  -  -  -  -  5  -
 58  - 27  2  - 41 55  - 28  9 37 17 40  -  -  4 53  - 20 15 51 22  - 54 52 18 21 31 33  8 35 50  -  - 19 59 10  - 60  -  -  - 42 57  7  - 34  - 45  -  5 47 56 49 29 36 23  - 38 43
  1 37  -  -  -  - 41 22  -  5 51 56  -  8  7 12 47 49  -  9 32  -  6 58 19  - 28 14 55 40 45 59  3 30 23 46 53  -  -  - 34 60 52 35  - 50  -  -  - 11 39 17 38 16 15  -  - 24 25 10
 23  -  -  - 18  - 34 42 19  - 24  - 30 44 53 25  - 59 40  2  9 12  -  -  -  - 58  6 17 39 33 45 60  -  7 13 31 36 51  -  - 50 38  - 26 11  - 55 20  - 22 14  8  -  - 21 54  -  - 35
  - 27 10 40 38 56 47 53 36 51 20 42  8 59  - 31 28  -  - 58 49  7 44  - 45  -  2  - 34  9 25 19 50 57 41  - 32  - 37 24  -  5 12 26 13 23  - 39 55 17 54 43 21  1  6 52  - 11  3  -
 59 12 53  - 42 23 29 14  - 27  -  -  9  - 25 22 15 51 13 28 30 58  -  - 18 36 37 48 57  - 16 34  -  -  - 17  - 44  - 54 10 20  - 38  2 31 40 24  8 55  6  - 60  -  - 43  5 50 41  -
 44 18 26  - 41 19 54  - 59 29 27 38 15 57  - 35  5  3 43 37 55 23 48 24 17  8  4 25 52  6 31  9  1  - 16 45  -  - 39 10 28  -  - 14 47 32  7  - 21 40 53  -  - 51  - 34  - 13 22 50
  -  - 60  1  -  - 39 43 20 46  -  5  -  9 23 24 18 37 29 45  - 25 40 33  - 50 16 42 51  7  - 13  -  4 53 12 54  -  - 49  - 17  - 47 34 19 57  -  - 44 55  - 26  -  - 15  -  - 48 41
 19  -  - 38  - 13 57 48  - 21 23  3  -  - 20  - 56 15 59 29 37 46 17  - 14  -  -  4 16  - 49 58 53  -  - 27 42  - 35  2  - 12 60  - 24 10  6 32  - 45 36 34 54 52 31  - 30  8 40 18
 29 36  - 35 17 44  -  3 14 50 12  - 28  7  - 47  - 40  - 43 54 45 22  - 55 39  - 51  - 34  - 16  -  -  6 42 41 48 56  4 31  - 20 37  - 59  - 52 60 53 57  2 11 27  -  9 25 32  - 23
 47 46 19 44 58  -  -  -  6 60  -  - 31 34 56  -  - 18  - 55 38 40 12 21  - 43 49 52  - 15  -  - 10 45 14  -  - 16  - 32  8  -  1 59 23 29 50 53  - 57 13 51 27  - 42  3 17  -  -  9
  6 31  - 42 34 18  4 28  - 56  7 32 11 58 43 33 50 47 57 16 39 15  - 48  - 23 59 26 44 38 22 35 45  1  - 37  - 21 14 29 53  - 41  -  - 24  2 20 30  -  8 46  - 13  - 49 10  -  - 54
 11  2 32 27  - 36 31  8 58 53 26 23 50 15 29  -  - 42  3  - 14 37  -  6  - 45  - 13  - 49 47 20 54  - 59 43 56 18 33  -  - 21 44 28 22  - 38  -  - 24 10 25 51 12 52 40  - 16 17  -
 54 34  1 20  - 47 48 51  -  2  -  -  - 17  - 43  -  - 27 33  5  - 36 13  - 25 53 39  -  - 59  - 16 12 18  - 35 40 32 19 42 45 15 23  -  8 10  3  -  -  - 56 14  7 22  4 57 49 58  -
  -  - 17 22 53  -  -  - 10  - 55  -  - 12  - 45  - 36  -  - 40  - 59  - 27 20  -  - 13 35 34 43  -  5 37 44  3  4  -  - 19 23  8  - 39 52 46 18 42  6  -  7  - 41 33 29 15 25  - 14
  - 56  -  - 36  -  3  - 37 20  - 53  5 13  4 42 22  - 12 14 43  - 10 52 21  6  - 23 59  2 44  - 34 18 49 58 28 26 41  -  - 31 47 50 33  - 19 46 40 25  - 29  1  -  - 17  -  -  -  -
 39 48 41  - 27 53 43  - 11 57  3 10  - 52 21 49 16  2 51 26  -  - 42 38 23 35 19 34  -  - 50  5 47  9 24 32  -  -  - 25 14  -  4  - 12 28 59 33 18  -  - 22 20  -  -  1 36 17 31  6
 40 54 47 29  - 14 59 60 24  - 10 31 44  3  -  -  - 45 23  - 50  2 39 20 57 33 22  - 18  4  -  - 38 37  1 55 36 35  -  - 48  - 19  -  -  - 56 41 15 16  -  -  -  - 30  - 34  6  - 12
 56  3  - 23 44 11 33 10 49  - 31 51  -  - 13  2 52 57 46  - 25 26 54  - 47  7  -  - 24  -  8  -  - 22 45  -  5 38 17 18  - 55  6 15 32 16  - 34 41  - 27 28  - 43  9 58 53  4  -  1
 50 52  -  - 24  -  8  - 42 22  4  9  - 20  3 28 31 53  -  6 34 14  - 44  - 11 48 36 40 13  - 17 21 33 51  - 29 15  - 39 57 59 56  - 27 46 12 16 25 18 38 60 35 58 37  -  7 54  2 55
 27  7 48 17 25 43 18 37 33  - 32 45  -  - 35 51  - 41 34  -  -  - 31 16  -  -  1  -  - 57  - 40 52  - 55 50 38  - 12 30  - 42  - 60 49 22  - 15 39  -  - 44  - 21  -  - 19 23  -  5
 34 30  - 56 35 60 20 15  - 43 14  2  - 21  - 44  -  -  - 13 23  -  -  - 42 31  - 16  -  - 46 48 28 59 17 25 19 22  1  3  7  6 49  - 50 37 45  8 27 41 47  - 58  - 55  - 52 36 33 40
 43 39 31  6  3 54  - 34  2  - 49 44  - 27 42  5 17  - 60 41  - 59  - 56  - 22  7 12  - 58  -  - 55 19 40 18 47  - 48 52  - 38 16 36  -  - 15 25  - 35  9  -  -  - 11 32 37  -  -  -
 15 17 44 25 32 16 22 33 46  -  9 59  7 37 52  - 30  -  - 24  4 36 27 50 28  -  -  - 58  1 53 56 29 23 12  -  - 41 18 14  - 34  - 19  -  5  -  - 47  -  - 39 45 48 13 54 40  - 11  2
 12  -  - 28  - 42 30 38  - 35  - 47 32 26 11  - 25  - 49 52 20 43  - 34  -  5 40  - 45 33 60 31 56  - 10  9  7 50  - 16 18  8 36  -  - 27 44 29 54  -  - 55 41 15  - 51  3 19  - 53
 51 25 57  -  -  5  - 27 39 15 44 48  - 33  6 19 49  4  - 23  1 41 60 32  -  -  - 18 47  3  9 29 40 52  - 24  - 34 38 13  - 35 17  8  -  -  - 54 59 28  -  -  -  2 43 20  - 21 56  -
 46  -  7  -  - 51  1 19  - 10  -  4 27 30 40 14 24 28  - 17 18  -  - 42  - 54 47  -  - 31  -  - 39 32  -  -  8  5  - 56  - 25  - 21 29  2 22 48 23  - 49 50  6 59  - 57 13  - 35 34
  5 14 35 36  6 48  -  - 17  - 54 60  -  2 15 18  7  - 41  -  -  - 56 26 59 19 44  9  - 45 10 32 37  - 52 33  - 31 57 21 50 13 55  - 30  -  8  1  - 34  -  4 24 42  - 28 27 29 43  -
  - 53 58 45 30 52  - 21 41  - 57  -  - 19 27  8 40  - 10 12  7 56  -  -  -  9  -  5 14 18  4 60 24  -  -  - 48 55 25  - 49 37 23  - 46 13 54 50  2 20  -  - 42 31 36 39  -  1 16  -
 53  - 18  -  4 22 56  -  - 55 41  - 21 14 12 30  -  6  - 35  - 51  1  -  8 34  - 58 31 44 32  - 33  -  2  - 49 60 50  - 29 54  7 27 43  3  9 37 46 48 45 13 36 57 38 16  - 42 39 19
  8 47  - 18  5  -  -  - 32  4 56  - 43 46  - 34 21  -  -  - 17 24 37  - 31 41  - 15 39 10 13  - 19  -  - 30  - 33  - 23  2 51 54  - 20 40 60  - 29  - 44 35 50 28  3  -  1  - 53 26
 42  -  -  - 12  -  - 52  -  - 15  -  - 49 41 29 59 56  5 54 26 20  - 40 38  - 31 32 43  - 23 27  - 50 25  - 33 47 19  9 60 22 45 10  - 44 58 14 16  - 28 53 18  -  1  -  - 55  - 30
  -  9 56 14  -  - 10 16 54  - 35 22 49 28  2 50  - 55 47  - 48  -  -  - 40  - 36 60 37 30 18  - 32  - 29  1 43 11 58  - 59  -  - 20  -  -  5 19  6 46  - 27  - 24  4 31  - 52 51 44
  - 40  -  -  - 25 15  1 38 11 59 54 17 42 30 46 41  -  - 47  - 50  - 14  4 57  -  -  5 23 39  6 20  3  -  - 16 29  7 58 44  - 48 56 53 34 55  - 28  - 51  9  2  - 60 22 33 18 24 21
 60  - 30  -  -  4  - 50 26  -  - 37  - 51 39 38  2 10 19  - 42  6 13 41 48 40 14 54  -  - 56  8 49 24  -  - 46  7 28 47  9 36  - 17 18  -  -  - 52 32 34 20 15 55  -  - 29  - 57 25
 48 38  -  8  -  - 28  -  - 30  6 55  - 10 17  - 29 60  - 46 53 35  - 36  - 14 32  - 11  - 26  - 23  -  9 52 44  - 16  -  -  1 40 39 59  - 31  - 13 22  - 18 47 56  7  - 12 20 19 27
  - 55  -  3 21 59 23 49 16  - 60 41  - 50 10 58 46 43 28 42 13 52 15  5 54 32  8  -  - 27  6  -  - 31 34  -  - 39 53 40  1 24 57 30  -  - 11  7 22  -  4 38 29 35  - 44  -  -  9 47
 14 42  -  - 54 55 26  - 40 24  1  8 10 18 47 23  6  7 56 36 31 60  5 43  - 52  - 29  - 21  -  -  -  - 33 35  -  -  4  - 32  -  - 12 17 39 37 45  - 51 19 16  - 11 59  - 20 34 49 13
  - 15 23 39 55 31 35  -  - 13  - 12 37 40  -  - 60  8  - 34 36  3 45 17  - 21  6  -  - 14 57  - 41  - 28 53  1 20  - 27 16 58 59 33 38  9 26  4 51 49  2 19 32  -  5 48  - 56 29 22
  - 35  -  - 45  - 46  -  -  1 17 16 52 24 48 11 38 14 50 18  -  - 33 29 44 30 51 56 23 41 40 28 25 55  - 39 21 37  - 22 27 26 58  - 60 12  - 42  - 59 31  -  7 19 53  8  6  - 15 36
 13 45 54  - 20 46 38  -  8 42 33 28  - 22 49  - 39 17  -  -  -  -  7 57  6  - 18 53 41 37  - 36  - 48 43 10  -  -  -  -  - 47 29  -  -  - 35  - 34 30  1 52 25  -  - 11 21 27 14 51
 18 43 49  9 15  7 32 59 23 25 40  - 48 38 14  6 57 21  -  - 41  -  - 55  -  1  - 44 42 16  3 22 35 51  - 47  -  -  -  5 39 52  - 34 56 20 33 28  - 12 58 36 19 53 50  - 60 10  - 46
 57 16  4  -  - 50  - 46 45  - 19  - 36  - 59 55  1 34 18  - 22 21 25 12 39  -  -  3  - 20  -  - 14  - 27 38  6  - 43  - 37  - 53  9 58 60  - 40 44  - 23 11  - 33  -  2  -  - 13  8
