2520
  - 19 40 47  4 28 60 31  - 46 42 37 20 26  7  - 10  - 57 38  -  -  6  3  -  - 29 35  - 27  -  - 54  2 56 52 16 15 53 13 21 12 43 45  - 18  - 32 25 44 17  - 24 51 58  - 39  -  5 48
 28 40 45  -  5  - 31 27 20  -  6  -  3 32 59 39 23  - 29  - 38  4 55  - 15  - 11 57 33 17  - 18 44 56  - 58 34 43 12 53 30  - 37  -  - 52  -  - 47  - 49 19  - 48 46 26 24 16 21 10
 42 48 21 23 12  8 15 30 57 44  9  7 14 28  - 45 41 25  -  - 51  -  2  4  -  -  5 52  - 58  -  - 10 26  3 24 19  - 32 60  - 49 11  - 34  - 35  -  - 37  1 18 59 33 43 13  - 46 31 40
 37 29  - 57  -  -  - 10  -  -  -  - 13 52  -  -  6  5  9 42  - 49 24 36 44 20 35 16 21 40  - 53 27 43 51  -  4 38 34 17 54 22  - 31 60  7  - 46  - 48  - 15 28 39  8 41 33 19  1  -
 27 49 42  1 41  -  -  - 38 56 52 28 24  - 36 11 17 48 58 14  - 47 22 30 55 44 16  6 51  - 34  -  -  - 35  -  7 19 29 21  5 31 15 25 18 37 59  -  -  9 12  -  - 54 53 40 10  2 26 46
 49 23  9  - 56 25  - 19 26 38  - 33 40 41 31 48  8 32 37  -  -  3 34  -  -  -  - 27 13  - 18 29 42 50  - 60 30 55  -  1  -  6 21 11 44 20  7  -  - 59 57 58 46 43 36 28  - 52 53  2
  -  1  - 20 54  - 57 38  6 11  - 35 27 44 33 23  - 30 15  - 29  -  -  - 37  - 50  2 24 59 22  5 31  - 53  -  -  -  -  -  - 28  - 13 19  8 34 52 21  4  -  7 55 60  -  - 41  -  - 58
 54 25 39  -  - 15 34 49 22 40 57 53 35  - 19  - 59 20  - 41 11 18 46  - 51  2 48  3  - 28  - 17  -  -  - 30 50 60 23  9 56  - 58 44 29  -  -  5 13  - 31 43 36 32  4 55 38  -  -  6
 46  - 38 60 55 52 24  9 19  6  - 30  - 35  - 36 58 42  7  -  -  5  8 21  2  - 23  1 25  -  -  - 28  - 12 16 37  - 51 31  - 54 39 40  - 27 33  -  - 57 13  -  - 18  - 48  - 15  4 20
  -  -  -  4 32 27  3 17 60 49 26  -  - 36 51  1 54  - 55  5 40 38 37  - 21  -  2  -  - 24  -  -  6 22  - 33 25  7 28 15 11 45  9  - 30 10 14  - 39 23 46 20 13 50 18 59 35 44  - 43
  7  - 60 55  3 40 51 22  2 13 14 11  - 42  -  -  -  - 21 46  - 24 58  9 53  - 57 50  - 16 30 27 32 39  - 15 38 12  -  - 33 59 29  -  - 41 17  4  - 20  - 37  6 35  - 25 54 56  - 34
  - 31 41 22 42 30 11 25 52  -  3  8  - 21  - 15 37  - 24  - 23  2 49 29 57 43 17  -  - 33 10 44 19 46 59  - 14  -  - 40 16 48  7 38 56  4 47 13 12 53 54  - 34 28 27  - 18 26  -  -
 26 54 30  7 59  -  6 13  -  4 20  - 48 10  - 12 36 28 53  - 41 42  -  - 52 58 39  5 16 32 27 22  - 44  - 34 33 46 56 55 51 14 45 60  3 15  - 23 11 17 29 24 40 31 57  -  9 21  -  -
  -  -  - 56  - 37 44  -  9 14 35 20  -  - 27  - 48  -  -  - 10 21  - 42 41 29  7 22 28 30 46 16  - 38 39  - 26  -  - 25  3 58  6 59 11  - 13 54  -  - 60  1  2 57 50 34  4  - 52  5
 14  -  -  9 26 33 18 60 11  - 59  -  -  - 57 53  - 55 34  -  - 40 19 27  -  4 47 54 30 15 43  - 39 10  - 13 49  -  - 56  - 38  - 36 12 22 52  - 58  - 45  - 35 37  -  7  - 24 41  -
 34 16 49 38  - 45 12 59 18  - 19 27 26 53 28  7  5  - 40  2  - 15 13 37 56 48  - 24  - 23  6  4 20  - 29 43  - 42  - 39  -  -  - 21  - 54 60 36  - 58  - 44 11 46 22  9  1  8 57  -
 53  -  - 31 51 39 38  - 28  -  -  3  - 18  - 57 33 43  - 55  -  -  - 59  - 35  - 49  - 20 54  - 60  -  - 17  - 32 19 58  7 46  -  - 25  6 56 34 24 29 16 30 26 40  -  - 37  -  - 42
  - 22 31 12 16 38 53  -  - 24 49 52 11 37  -  -  - 23 20 59 39 14 29  - 30  7  - 45 17 21 35 48  2  - 27  -  -  6 54  - 50 43  - 57 55 40  4 56 19 10 34  - 33 13  -  - 47 58 60 15
 33  4  - 39 36  -  2 55  - 10 41 50 47  -  - 17  - 26 30  7  - 60 28 19  - 56  6  8 31 54 42 12 21 27 20 53 58  -  - 51 46  - 57  -  - 24  -  -  1  - 40 59 29  - 34 52  - 25 18 23
 19 47 25 53 30 18  - 57 58 35 46 29  -  - 50  3 55  - 28 34  1 33  - 51 26 14 10  -  8 52  -  - 37 23  -  - 13 49 59  4 22 20  - 15  7 38  - 16  - 60 11 31 17  -  - 32  - 40 43 27
 16 59  5 52 22 42 40 35  -  - 39 19  - 29 14 27 60  2 23 15 45 48 43  -  4 57 58  -  1 13  8  - 18  - 26 37  -  - 11  -  -  -  - 50 51  -  -  6 41 46  - 54 12 36 55  -  3 20 34  -
 52  -  2 59 43 48 16 45 21 31 10  -  -  - 58  - 14  - 56 12  -  - 23  - 29 17 51 28  - 41 25  6 35 19 57  -  - 11 26  8  - 50  -  -  - 13  5 42 27 36  - 47  -  3  - 44 55 18 38  -
  - 24 27 44 11 56 32 26  7  -  -  - 46 16 18 29  - 13  -  1 37 45 36  -  -  - 34 14 19 51  4 52 47 40 30 25  - 48 21  -  -  5 17 53  - 23  3 20 50 54 58  - 43 38  - 31 57  9 22 39
 17  - 36 40 50  6 23 47 16 42  - 24  -  9 35  -  - 54 46  -  -  - 14 55 12 39  -  -  - 18  - 11 26 57 28 27  -  -  7 48 19 30  4 29  -  - 20 53  3  1  - 60  -  8  - 33  2 49  -  -
 23  - 35 50 44  - 17 37 45  -  -  5 49 56  -  - 31 34 33 24  -  - 59 22  3 27  - 25  7 53 11 58  -  4  - 42 48  - 46 14 18  - 32  - 10 60 54  - 28  - 47  - 41  -  9 39  - 57 12 51
  - 39  - 21 48  4  - 11 31  -  - 60 54  6  1 32 42 57 49 20  - 58 35 46  -  8 37 40 12  3 29 15 36 55 10  - 51 30  - 59  -  - 23 47  - 34 19  -  -  7 28 41 14 53 13 43  -  -  - 16
  - 44  4  2 40 16 59  - 14  - 58 26  - 49 42 55  7 36  - 53  -  -  - 31  - 25 52 34  - 57 48  1 24  9 54 28  -  - 38 41  6 13 19  - 47  -  - 33 56  8 20 45  -  - 15  3 27 30 46 29
 25 51 29 36  9 13  - 56 37 12 50  - 43 31  - 49  -  -  - 57  - 27 11  2 18 33 38 17  -  8 58 59 46  -  - 47  - 39  - 23 35  3 55 20 41  -  -  - 34 26  4  -  - 16  5 45  - 32 48 30
  -  -  -  6 46 36 35 44 49 18  4  - 56  - 47 30 20 21  - 25  -  -  5 45 50  - 13  - 40  -  -  8 16  - 41  - 52 58  - 11 29 53 24 34 26 48 28  -  2 19  - 14 57 17  - 23  - 10 51 60
 36 28  -  - 49 19 25 15  8  9 21 22 30  - 54 31  4 44 16 52 18 11 27 40  - 12  3  - 50 43 51 56  5 32 24  - 57  2  -  - 10 33  - 55 48 45 41  - 59  6 42 39  - 23 37  1 58 60  - 38
 13 30 18  -  -  - 19  -  - 45  8  - 34 55  - 54  -  3 60  9  - 39  - 23 35  - 26 53 41 36  - 37 40  -  - 21 56  - 50 20 32 44 22  5 59  -  - 14 57 25  7 52 51 58  -  6  - 33 16 28
  -  -  - 28 33  - 42  3 15  - 43  4 38  - 29 56  2 24  1 21  7 37 41 44 10 46 49  - 57 60 23 32  -  - 47  - 22 25  - 54  9 36 13 35 45 58 39 59 18  -  -  -  - 52  -  - 11 50 20 26
  - 27 10 15 28 43 29  -  5 30 22 45 58 47  - 13 35 41 17  3 59 32  -  -  -  -  -  -  - 56 49 42 11 37  1 36  - 31  2  -  - 55  -  - 20  - 57  - 14  -  -  6 16 34  7 24  -  - 33  -
  -  - 57 17  - 21  -  5 36  8 16 48  - 23 11 52  - 46  3 49 44 22  - 28  - 51 30 19 26 34  - 24  - 41  -  - 55 40 39 33 60 18  - 54 15  9  - 37  - 47 50 27  - 20 29  - 43 13  -  4
 21 52 56 14 47 31  -  4 23  7 45 39  -  -  6  -  - 22 41  - 54 13 60 57  - 42  - 18 29  9  -  - 30 35 25 10 20 37 27 50 15  - 40 33 58 26 43 24 46 32  - 16 48 55 19 12  -  -  3 59
  4 33 15  3 27  - 46 50 34 23 17  9 52  - 60  - 18  - 25 56  6 43  - 14 59 53 22 12  - 37 47  - 13 45 11  - 21  - 30 24 48  - 35  -  - 42  2 38 29  -  - 40  1 10 51  8 16  - 36 44
  - 15  -  - 60  - 14 41  - 54 47  -  - 38 46  -  -  4  - 28 21 59  - 17  6 11 19 26  -  - 50 57 12 48 49 32  -  - 43  - 39  8  - 16  1  - 29  -  7 27 18 10 58  2 35 20 45 42  9 36
 29 53  - 35  6 10  - 33 50  - 25 42 18 24  4 28 22  - 13  -  -  - 32  8  -  - 41 23 39  - 21 14 58 59 16  -  3 54  1 49  - 27 34 19 46  - 31 17 43 30 55 38 45  7 60 51 56 11 40  -
 43  3  - 30 35 58  - 54 56 41 60 18  8  - 26 50  - 39 31 27 57  - 15 48 24  - 53 59  2  6 40 28 51  -  9  1  -  - 20  - 44 10  -  -  - 11 45  - 16  -  - 55 21 19  -  -  -  4  -  -
 32  6 24  - 38 54 26  -  - 33  - 17  4  8  - 44 21 14  - 19 27  - 48 35 47 52  1 11  5  -  7 36 53 60 58  - 46 45 25 42  2 57  - 18 13 39 15 29 20 49  - 34 22  9  - 50  - 55 30 12
 24 26 59  -  -  - 55  - 41  - 34 57  -  - 39 47 43  - 42 40 19  8 50  - 49 15  - 56 23 10 13 35  1  - 52 31  6 44 36  - 25  4  - 22  -  -  - 28  9  3 30 29 54  - 14  5 20 37  2 11
  - 21  - 34 17 20 13  - 48 43  - 31 60  -  - 41  -  8  6  - 58 28 52 53  - 16 33  -  - 50  -  3 59 18 40 11  9  -  - 45  -  -  -  -  -  - 36 49 26 42  5 57  - 22  - 46  - 29 35 47
 10 37  -  - 34 12 50  1  -  - 30 41  7  - 45  4  -  -  8 43  2 26 33  6  9 28 42 29 47  -  5  - 15  - 13 22 54  - 60  3 17  -  - 48  -  - 16 58 40 18 44  -  -  - 52  -  -  -  - 57
 45 60  7 41 52 29  - 58  -  -  - 21  -  - 40  - 50 12  - 17 25  - 26  - 54 13 27  - 42  -  1 31 33  - 34  2 18  5  6 47 20 35  - 30  - 56 24  -  -  - 32 46  -  - 38  - 48  3  -  -
  - 11  - 19 13  -  -  -  - 39 15  -  2  -  - 38 46 52  -  - 32  - 16 60  7  -  9  - 18  -  3 26 43  -  6 44  - 21 57  -  - 47 31  - 40  - 53 10 42 35 56  4 49 25 28 27  -  1  -  -
 44  - 55  - 29  - 21 46  - 47 18  - 16 34  3 60  - 50 14 30  8 52  -  -  - 24  - 58  9  4 38  2 45 12  5  7 10 33 42 35 13 15 51  -  6 57 37 40 17  - 59 26 27  - 11  - 22 53 39 41
  - 35  - 46 57  3 36  - 24 60 44  -  1  - 43  - 47 29  2  8  - 20  -  - 40 54 12 51 37 38 16 34  - 25  -  - 27  9 33 28 55 11 30  - 22  -  -  -  4 31 39 42 15 45 10 21  -  - 32  -
  - 13 54 58 20 51  - 34  - 50  - 49 12  -  -  2 27  -  - 33  - 16  - 18 32 30  - 60  6 47 59 46 17 53  -  -  -  -  - 26 24 19 14  7  4  -  9 57 38  - 23 21 42 56 31 29 28 48 11 52
 22 45 23 24 39 41 47 14  - 15  - 46  -  5 32 10 40 59  - 58  - 44 42 12 11  -  -  -  3 49 57 20  9 28  4 54  -  8 37  6 52 16 18 27 17 43 48 51 33 34 35  - 60 26  2  -  -  -  7  1
  3  -  6 26 37 57 48 29  - 34 40  - 44  - 21 20 38  - 36 10  - 30  9 58 23  - 25  4  - 55  2  7 50  - 19 49  8  1 35 22 28 39 60 46 33  5 27  - 45 13 52 17  - 11 12 16  - 59 54  -
 11  9 19  -  - 53  -  - 42  - 24 44 21  - 49 59  - 56  4 18 16 35 47 13 60 32 40 10  - 25 33  -  -  5 38 46 31  - 48 36 26 34  -  1 54 29 55  -  8  - 27 22 20  - 45  -  - 28 50 17
  9  2  -  - 45 44  - 21 13 53  - 32 15 20  -  -  1 40 35 50  3 46 56  7 17  5  8 36  - 11 19 25 14  6  - 51 29 41 10 16  - 60 27  - 39 12 26  -  -  -  -  - 52  -  -  - 31  - 47 33
  -  - 47 11  - 46  -  -  - 22  - 23  - 50  2 40 29 27 39  -  -  6  3 16  - 59 20  - 60 44 14  -  - 52  - 56 35  4  - 38 12 17  -  -  -  - 30 15 53  5  -  -  8  1 54 58 19  -  -  -
  -  7  - 42  -  - 30  -  - 17 32 16  - 48 34  9  - 51 19 60  4 57 12 11  -  1 14 44 20  - 15 33 22 54 18  - 59 26 58 46 37  -  -  -  -  -  -  - 36 50 25 13 10  - 49  -  5  -  8 55
 47 18 43 49  7 60 52 28  - 16 11  - 41 13  -  - 39  -  -  - 48  - 21 34  - 38  - 37 35  - 17 45  3  - 23  -  - 27  5  -  8 42 36 56  -  - 46  2  -  -  9 33  4  - 20 22 29  -  - 50
  2 57  -  - 10 59 27 42 54 29 37 25  - 22 15 35  -  - 18 16  - 19  -  -  - 55 44  - 49 12 31 40  8  -  -  3 39 53  -  -  1  - 50 24 52 14 58 60 23 11 26 48 38  4 33 36  -  6 56 32
 57 32  1 43 25  -  -  -  - 59 12 56  -  - 13  -  - 11  -  6  -  -  -  -  - 45 54 47 34 42  - 60  - 33 14  -  - 36 16 29  -  -  -  3 50  2 23 30  5 40  -  - 18 24 21  -  -  - 37  8
 59 17 11 10 19  -  7  2 12  -  -  -  - 39  -  - 53  - 47 37  -  - 57 24 46  - 31 38 48  - 60 41 49 20 21  - 43  3  -  - 40  -  5  9 16 33 32 50 35 52  8  - 44 29 26 42 30 45 27 14
 30 36 37 16  8  -  - 53  -  - 55 12  6  - 20 25  - 38 26  -  9 56 54 50 45 40 18 33  4 14 32 10 34  -  -  -  - 52 17 19 31  - 46 51  5  1 11 41  -  - 21  3  - 59 47 15 42  - 44 13
  - 41 17  -  -  -  4  6 40  5  7  -  - 25 53  -  -  -  -  - 34 50 20 52  - 18 21 30 27 46 28 13  - 49 33 48  - 57  8 37 36  1 16 39  - 59 12 11 10 56 15 51  3 47 44  2  - 54 58 19
