2520
 25 47 35 20  - 40 22  - 23 39 15 31 59 49 11 12  4  -  -  3 19 48  7  -  -  - 16  8  -  1 18 42  -  -  -  9 45 28 10 29 60 37 51  - 56 55  5 57 26  - 44 17 52  -  -  -  6 50  - 32
 10  9  1 45 37  - 25  - 16 60 18  7 14 44 30  6  -  - 11 13  - 54  - 17  - 40 20  -  - 50 55 53 19 57 26  - 21  - 24 35 27 23 32 31 39 43 46 15 12  4 29  -  2 22  - 36 28 38 33 42
 50  -  - 25 30  - 55  -  -  -  5  -  6  -  - 26 52 23  - 53 32  - 24  -  - 37  - 28  1 31  9  3  4 11 12  - 35 27 16  8  - 57  - 49 45  -  - 54 59 14 19 34 21 46  -  - 10 48 60 47
 54  - 40  -  9  -  - 23 43  -  1 44 12 25 38  -  8  - 32 57 34 27 31 55 46 47  - 45 21  - 50  - 15  5 52 33 59  - 11  -  -  2  -  -  -  - 60  7 39  - 16 22 53  - 41 30 18 10 24 35
 13 51  6 54  8 24 26 45 53 38 27 21 22 33  - 30 32 15 59 52 31 25 44 43  7 28 41 50 20 35  - 37  - 58  1  - 60 49 39 56 57  4 46 29  - 16  - 55  -  - 40 12  9 11  -  - 17  - 48 36
 43  5  -  7  6 45  - 10  - 26 23 24 56 28  -  -  - 12  -  -  -  - 42 49 37 18 47 17 51  -  -  -  - 35  - 44 29  - 59  -  -  - 14 57 33 27  - 31 30  - 38 55 39  -  - 11 48 20  1  -
 32 13 55 52  - 16  - 18 51 12  -  - 11 48 23 28 17  9 24  4 54 20 15 42 39 58  - 41 56 37 46  - 29  -  - 53  -  - 57  - 30 25 22  2 27  6 31  -  - 44 43 45  - 60 26  5  - 47 19  -
 18 24  - 36 45 21  7 46  -  -  -  8  5  4 55 29 57  - 35  -  - 15 43 10 59  2  -  1 23 44 53  - 40 26 31  -  - 12 28  - 56  - 39 25 49 60 48 30 16 54  6  - 37  - 32  - 22 52  - 17
  1 30 39 13 50 52 59 19 10 58  -  - 37  -  -  - 14  -  5 41 45  -  - 38  - 21 22 36  -  7 24  - 27 54 55 34  -  - 44 53 48 12  4 42 15 28  3 46  6 26 33 60 43  - 35  - 40  2 56  -
 41  -  -  3 34 59 21  -  4  8 45 15 48  -  9 58 44 35  2 42 38 30 25  - 56  5  6 57 53 43 19 24 28 33 18 37 51 20 29  - 36  - 27 12  -  -  - 32  - 46 26  - 40  7 22 50 31 55 54  -
  -  -  - 43 33 20 18 15  - 30  - 11 21  - 39 40 13  6  -  - 46  - 10 22 42  -  - 59  7 34 41  -  5  -  - 36 32 50 23 44  2  -  - 38  3 24 26 25 56 52 31  1 45  - 55  - 57  - 27 28
 40  -  - 17  - 51  - 42 29  -  8 28 10  -  -  - 34 14  1  2 25 24  -  - 49 54 21  - 41 11  4  - 56 43 46 38 15 22 60  9 18  - 30 35 19 50  - 48  - 12 32 23 44 39 45 20 53 26  -  -
 57  3 23  6 58  -  - 48  -  1  - 38  - 37  - 15 11 32  -  - 42  - 35 39  - 29  2 34  - 49  - 36 47  - 24  - 26 43 40  - 59 53  8  7 50  - 30  -  5  - 27  -  - 13  -  - 20  - 28 10
  5  -  - 53 54  6 58 22 57  -  -  3  - 50  1 31 30  - 56  -  - 16  - 28 24  -  8  - 37 48 33  -  -  - 21  -  -  -  -  - 26 39 40 55 59  -  - 35  -  2 36 18 15 29 25  - 19 12  - 11
 26 20 15 41 57 50 32 43 27  -  - 49  7  - 31  9 40 52 17  - 39 34 59  - 10 22 46  - 29 12  - 33 38 28 37  -  - 55  5  2 53 14  3  8  1  4 18 60 54 16 45 11  6 36  - 42 47 56 35 51
  8 41  - 24 18 23 45 40 30 15  - 17 38  - 43  - 29  - 50  -  2 19  - 58 35 48 26 42 54  - 25 55 11  - 27  7 33  4  - 52  6  - 53 10 31 39  -  -  -  9 59 37  -  1 47  - 12 36 51  -
 49 57 48  1 59 55 37 34 50 16 19  - 36 46  5 20 47 28 60  - 40  - 52  3 30  -  7 14  -  - 39 10 45 18 29 15  - 11  -  -  - 22  - 24  - 32 38 51 17 56  -  - 23 35 54 27 33 31 26  9
 16 55 37 51 11 47 10 44  -  2 31  1 19 42 34 39 33 49 30 17 43 38 48 15  - 56 36  -  6  - 58  - 12 40 25 21 52  -  - 59 46  - 60  -  -  - 24 28 27  8 18  -  -  4  5 45 54 13  7 20
 22 28  -  2 25 11  - 36  6 56 32 14  9 52  - 17 16 44  -  - 13  - 57  - 45 49  - 12 59 20  7  1 31 23  - 60 40  -  - 21  - 50  5 58 24  -  - 18  - 42  -  -  -  - 48  -  -  3 46 54
 24 46 28 14  - 48 29  -  - 43 36  - 18 21 13  -  3 17 49 47 53  5 38 45 25  - 31 19 39 27  -  - 16  -  6  -  7  9 30 33 20 44  -  -  - 54 51  - 35  -  - 10  8 56 60 59  - 34 58  -
 20 49  - 15 44  -  -  4 24 17 10  - 51  -  - 32 21  -  9 45 27 29 13  - 28 14  - 40 31 33  - 23  -  -  - 11  8  -  7 25 12  -  - 16  - 19  1 39 55 50 60 48  -  -  3  -  -  - 53  2
 29  2 43  - 28 60 50 57 55 14  9  -  - 30  -  - 23 25 13  5  - 17  - 46  - 20 35 39 45 21 27 15 22 31  -  - 19  - 32 37  4 26 48 59 36  - 52 24 51 53 49 47 33 54 44  -  7  -  - 38
 33 52  - 10 36  -  3 38 21 13 47 59 27  - 16  7 56  -  - 48 50 43 30 26 22 23 14 37 58 18  - 12  - 45 40  8  6 60 53 20 42 24  2 34 54 15  9  - 49 25 35 57 51  -  - 32 39  - 55 31
  4  - 16  -  -  -  9 12  3 52 41 25  - 19 60  - 48 27 47 11  7 35 54  -  - 50 40 18  -  5 56 39 55  - 32 30  - 26 17 14 15  8  - 13 44 21 42 45  -  6 57 20 49 31  - 28  -  - 36 23
  7 27 10  - 52 12  - 39 59 44 57  - 50  - 48  - 26 11  3  -  4 22  -  -  -  -  1  - 55  - 31 43  - 41 30  - 36  6 25 34 49  -  - 51  - 42 47 53  2 17 24  - 13  - 23 19 21  8  -  -
  - 23 27 26  7  -  -  - 58 45 43  -  - 18 20 13 36 10 15 25  -  -  - 54 32 55  - 22  2 14 47 31  -  - 11 56 37  -  8 39  -  - 44  -  4  -  - 21 42  -  3 49  - 16  - 35  5 46 17  -
 34 48 17  -  - 31  - 49 20 24  - 53 45 57  -  - 10  - 37 35  - 26 60  - 55  7  -  2  5  -  -  - 13  - 36  - 58 32 19  - 52  - 43  3 25 18 11 50 22 23 46  6  - 21 33 56 16  1  - 39
 37 32 50 46  1 43  5 20 17 18 21 23  -  - 26 49  9 54  - 60 22  - 29 56  4  - 48 24 27  - 35  - 44  -  2 31 57  - 45  7  - 36 34 39  - 38 28  -  - 19  - 30 10  - 15 12 55  - 52 25
  -  - 57 34 16  -  -  6 47  9  -  - 42 40 37  - 51  - 48 27 33  -  3  -  - 30 17 60 26  - 49  7 36  - 45 59  - 39 21  - 11  -  - 43 29  -  - 10 25 20 53 19  -  5 38 22 35 23  - 58
  - 56 52 57  3  - 54  -  -  - 53 43  8  -  4 33 12  -  6 10  5 58 39 31  -  -  - 11  -  - 44  -  - 48 49 29  9 24  -  - 17  - 19 18  -  -  -  -  -  - 14  -  - 59 40  2  -  7  -  -
  6 19 21  -  -  - 51 53 45 40  - 41 16  -  7  1 55  8 12  - 15 39 18 11  2  -  3  - 13  -  - 58 60 34 22 26 25  - 14 32 50 38 20  - 43  -  - 52  - 59 47  - 28 42 37 44  - 57  5 33
  - 29 14  - 12  - 33  - 49  - 58 50 26  1  - 35  -  - 55  - 59 18 47  5  9 53  - 48 10 16  - 28  - 30 44 41  - 36  -  -  -  - 13  -  6 25  -  - 11  -  -  8 54  - 19  -  2 22  - 34
  9  - 31 35  - 30 48  - 28 32 37  - 40  - 21  - 22 60  - 12  3 57 23 14 16 39 10  - 42 51 43  -  - 17  7 24 27 44 49 18 47 19 36 15  - 11 33 20 29  1  2 52 26  -  - 53  - 41  6 55
 11 43 54 47 20  -  - 56 52 53  4  -  - 35 36 37 19 41 45 33  6 42 17  1 48  -  -  -  -  - 40 18  3  8  - 46  - 30 12 26 31 34 21  - 51  - 29 59  -  -  9 27 24 55  -  -  -  -  -  -
 35 53  - 31 22 25  - 41 36  -  - 12 49  3 14 52 27  1  -  - 23 11 33  4 20  9 19 15 44 45  - 60  - 47 39 57 54  -  - 38 51 56  - 28  - 30  - 37  -  - 55  5 29  -  -  8 58 21  - 48
  - 17  - 22 41 37 28 21 19  -  - 47 60 10 59 34 39  2 29  - 55  - 12  9  - 31 24  -  - 36  5 35 51 25 33 42 56  3 15  - 14 46 16 30  - 49 58  - 52  -  7 32  - 53  -  -  -  - 23  -
 30 25  -  - 60 14 57  -  -  - 52  - 58 16 49 44 50 37 39 54 21 32 19 12 36  6 15 46  -  -  - 38 35 13  - 23 55 33 56  3 41 28 42  9 53 59  8  - 34  - 48  -  4 20  7  - 27  - 11 22
  - 39  -  -  5  -  6  - 56  -  - 45  -  2  - 36  - 33 41 19  -  -  - 52  - 16 18 55  4 26  -  -  - 42 20 43 11 47 58 13  -  -  -  - 34 31  - 14  - 49 30  - 25  - 27  - 46 35 44 24
  - 12  7 37 10  8 11  - 34  -  - 27  - 22  -  - 46  3  - 58  -  - 51  - 19 44 32  -  - 59 29 26 57  1  - 39 16 25  - 28 38 20 45 54  9  - 40  4 48 21 56  2 60 24 52 43  - 15 18 49
  -  1  -  -  -  - 36 28  7 10  - 42  -  - 12  - 35  - 27 24 18  -  - 21  3 59 29  6  - 38 11  8 39 14  -  - 46 57 48 51 55 43 52  - 16 37  - 56  - 15 34  -  5 50 17 26 60 49 31  -
 27  -  -  -  -  4  - 54 44 37  -  6  3 15 17 48 24 50  -  - 12 40 56  - 53  - 60 25 28  2  - 32  - 55 13 58 47  - 22 46 33 49 31 11 41  1  -  -  -  -  5  -  -  - 29 34  -  9 20 59
  -  - 19  -  -  9  -  - 42 23  3  -  - 13 54 55 38 45 10  - 49  -  -  -  -  - 25 27 11  8  - 29 14  - 60 18  4  - 52 40  -  - 15  - 48  -  7  -  -  - 17 26 50 47 16 46  - 30  2  1
  - 37  - 21  -  -  4 60 38 47 44 20  - 17 27 46  1  - 54 40  -  8 28  - 15 36  5 33 25  - 16  -  9 29 23 13  2  -  -  -  - 31 41  - 18  - 14 26 58 43 50  -  - 12  - 24  - 11 45  7
 46 15 49  - 38  - 19 14  - 35  6  - 57 43 24  8 18 16 20  -  -  -  - 48 41 13  -  - 40 42  - 45  -  -  - 27  5 53 54 23  7  9 25  -  - 29 44 34  1 32  -  - 36  2 11 51  - 28  4 56
  3 40 56 48 27 44 31  8 18 54 26 16  2 39 53 42  -  - 36 55  -  4  -  7 33  1  - 51 47  -  - 46 17  9 10 50 12 52 35  5 25 11 28 21  -  - 45 58 32 30  - 15 19 37 43  - 29  - 41 60
  - 26  4 39 17 15  -  -  5 25 55 29 52  - 19 10 31  - 42 37 51  - 22 60 38 11 45 44 57 47  2  - 33 21 28 32  - 18 34 36  -  3 56  -  -  7 16  - 14 48 41  -  - 49  - 13  8  - 40 43
 38 33 29 42 48  -  -  3 14 34 11 35 43 36  -  2  - 47 53 56 28  7 46  -  - 60 55 26 24  - 21  - 58  4 59  - 49  -  - 19  - 40  - 45  8  9 12 22  - 27 20  - 31 23  1  6 44  5 39 57
 14  - 51  - 24 53  - 17  1  - 56 55  4 38 57 60 41  5 31  - 35 52  - 27  - 15  - 23 34 13 42  9 18 39 58  -  -  - 47  -  -  6  7 33  - 40 25  8  -  - 12  - 30  3 10 48 26 32 22  -
 42 45 58 33  -  - 12  - 25  - 51 39  - 47 29  - 53  - 38 59 17 55  - 57 50 46  -  4 22 23  - 48 24  - 19 35 28  7  3  -  - 15 49 60 40  - 56  5 10  -  - 36 11  -  -  1 14 27  9  -
 39  8 46  5  - 58  2 11  9 36 17  - 32 26 25  -  -  - 44 23 37  3  - 19 54 34 27 10 35  - 59 47  6  7  - 45 38 29  1 55  - 48  - 41  - 33  - 12 15  - 22  -  -  - 57 31 43 42 49  -
  - 36 22  -  - 49 53 24 46 33 28 30 44  - 18 27  - 42 16 29  -  6  2 25 52 38 57 35 12 15  -  - 26 56 51 48 10  1 37 47  5  - 59  - 21 13 34  - 60 39 58 40  7  9 31  -  4 17  -  8
 44 60 18 19 23 27  - 47  -  7  - 34 53  6 51 50 54 58  -  -  -  - 21  - 11  8 28 30 38 29 36  -  - 59 16  - 31 56  2  -  -  1  -  -  - 26 39 49 13 33  -  4 55 57  - 15  - 37 25  3
 28  7  - 56 13  3 30  2 11 59 60 48 41  - 22  4 20  -  -  - 57 10 40 18  -  - 44 29  9  -  - 49 32 12 34 55 50  5  - 24  - 58  - 36  -  8  6 27 53 35  - 46 16 15 14 21  -  -  - 37
 12 21 25  - 40 36 27 29  -  -  - 52 46 14 44  -  6  - 58  - 56  - 26  - 13 33  - 53  - 41  1 34  7  - 54  3  - 51  -  - 10 17 11 20  - 45 59 23 24  - 42 50  - 43  -  - 37 16  8  -
 15 34 24 11 53 54 20 35 33  - 29  -  -  7  - 18 25 39 26  -  - 45  - 40  5 12 56 32 50 17 48 14  - 36  - 22 23 58 27 31  -  - 10  4 28 46 49  - 19 60  8 38  - 44 30  -  -  - 59 13
 23  - 13 28  -  1 24  -  - 19 59 57 34  - 46 38  - 29 33  - 36  -  - 44 40 26 30  - 16  3 15 56 37 20  - 49 17  -  9  - 32 10 55  5  -  - 53  2  - 45 51 25  - 27 21 52 11  - 43 12
 47  - 12 59 55 42 43  - 41  - 14 26 13  -  2 19  - 48  -  6 10 21 34 33 27  4  - 20  - 56 30  -  - 49 15  -  3  -  -  - 37  - 38  -  7 58 35  -  - 29 52  - 32 40 53 60  1 39 50  -
  2 22  3 49 15 19 23  7  -  - 35 46  - 32 50  5 37 56 18 43 26 31  - 20  -  -  -  - 14 55 34 59 21  -  -  1 48 10 42 11  9 13 33 44  - 53 27 38 36 40 54 16 17  -  - 25  - 51  - 41
 56 50 33  - 49  -  -  -  2 57 40 13 55 53 35 45 42 24 21 15 60  1  - 36  6 51  -  3 48  -  -  - 41 27 43 14 20  - 31 12 23 16 26  -  - 44 54  - 46 38  -  7 34 10 39  -  - 58 30  -
 19 16  8 55 51  7  - 58 35 11 34  5 20  - 40 54 49  -  - 32  -  9 27 59 31  3 12  - 30 60 23 44 10  - 38  2  - 46  -  6 39 21 29  - 26 56 50 17  -  - 28  - 48  - 36  - 42 14 37  -
