2520
 55 35 12 36  6  -  -  - 49  -  3 21 38 26  -  - 32 17 13  -  - 60 34 40  8 53 31  - 43 59  -  - 16 30 14 20 29 22  - 44  -  - 27 24  7 45 52 51 23 56 58 54 47  5 28 41 37  -  -  -
 31 45 51  -  -  - 18 36  6  9 54 25  8 41 16 39  - 55  - 43  - 38 53  5 37  2  - 13 46  7  4  - 56  - 10 40  1  - 22 48 14 27 28 32 26 30 49 21 52 11 33  -  - 42 44 20 34 15 58  3
 21 53  - 60  - 43  - 40 28  - 14  7 32  -  - 25 48  - 52 46 26 57 54 20 22  -  -  -  - 29 17 39 24  - 27 30 51 59 36 37 49 18 31 10  6 15 50  -  8  1 12 16  -  -  2 35 33  9  -  -
 29 24  6 53  - 30 23 16 17  7 19 38  - 35 51 36 49 34 57  - 58 56 12 60  -  - 40 20  4  8  - 14 25 28  1 42 37  -  - 43  - 46 15 47  2 21  - 52 27 44 39 11 45  - 22  - 48 50  - 33
  -  - 28 20 33  -  8  - 21 12  5  -  - 37 30  - 18 51 10 59 22 53 36 34 17  -  4 56  - 54 48 57 39  -  -  2 52 47 19  - 55  -  - 40 35  - 45 43  -  6 31  -  - 46 14 11 29 58  - 24
 23  - 43  5 15  4  - 28 58 26 57 53  -  - 38 12  -  -  -  -  8  - 50 54 16 39 52 25 34 20  - 24 22 48  -  - 13  - 40  2  6 49  -  - 42 32  - 45 60  7  - 29  - 18  1 19  - 55 35 27
 45 32 19  - 43 20  - 10 42 11  - 17  - 48 12 34 28  - 46 37 41  7 29 49  -  1 24 44 38 36 60  - 53 50 13  6 14 21 57  - 18 22 26 23 51 56  5  2 30 59 35 15  -  4 33  9  - 31 52 55
  -  - 32 14  -  -  2 33 18 38 20  - 55 17  - 31 25 24  - 45 46  - 30  8  6  3 27 26 35 12 40 60 19 13 53 22 50 54 49  - 57  - 34 21  - 29 11 41 15 48 37 42  -  - 47 36 52 10 39 59
 40 48 33 24 32  -  -  -  -  -  - 26  2  -  - 45 20 60  - 19 56 22  - 28 30 42 37 54 57  -  - 27  - 43  -  -  7 49 50  -  9 23 29 38  3 34  - 13 59 18  - 39 44 35  - 55 31  -  -  -
 14 36 60 34 59 46 38  -  - 44 43 57 52  -  - 58 10  4 48  - 42 12  -  -  - 56 16  5 15 32 21 45  -  -  3 26 18  7  2 28 35 11  1 17 40 23 22 54 55 13  - 25  -  -  -  - 41 53 49  -
  - 26 21 30 13 40 49 38 54  -  -  - 29 28 57 32 41 27  -  1 50 14 31  4 23 55 19 22  2  -  - 15 59 18 46 53 39  - 60  3 56  5  -  7 44 42 51  8  9 35 47 12  - 43  6  - 20 48 33 34
 41  -  -  - 23  - 39  -  - 13 48 32 34 49  - 37 22 12  - 57 40  -  - 33  -  - 56 60 20  5  9  7 30 45  2  -  - 35  4 59  - 10 36  - 16 14 31 50 43  3  -  - 27 44  - 54  1 21 53  -
  - 17  -  - 39  -  6  -  - 22 27 40 51  - 19  -  8  2 26  7  - 31 18 46  - 41 54 34  1 56  - 29  - 53 23  -  -  -  5 49 30 37 50  -  - 58 60  - 25 33 28 35  - 14 24 59 16  -  - 47
 59  3  -  -  -  5 50  -  - 58  - 27  - 32 34 52  7 57 42  - 20  6  -  -  - 11 13 30  - 44 49 28 45  -  - 17 40  - 48 22  - 21  4 36 38 55 24  9 33 14 54 47 35 39 53  8 12 56  - 60
  -  - 55  7 29  - 35  -  9  2  - 42 21  - 50  - 13 39 49 60  -  -  3  - 52 20  8 24  -  - 32 53 27 54  -  - 15 40 25 16  -  - 37  - 45 43 47 56  -  - 23  - 57 17 30 44  - 28 41  -
 19 38 44 43  -  -  -  - 10  - 18  -  4  8 46 27  - 54  - 40 21 55  - 29  2  -  3 58 26  - 57 16 49 12  - 39 20 52  - 15  1 48 35  - 34 28  9  -  -  - 24  -  -  - 60 17 45  -  -  7
  - 58 30  4  - 10 37 47  -  - 44 54  - 51  - 41 53 20  - 55 15  -  - 38  - 21 32 11 25 40  -  6 52 35 43  -  -  -  -  -  - 31 56  - 17 12 34  -  -  2 60 27 16  -  - 13 49  -  - 45
 39 47 45 52  8  -  7  - 20 59  -  4  3 14 36  6 56 37 30 50  - 35 49 43 13 15 34 53 10 46  - 18 38  -  - 25 41 23  -  -  -  1 17 29  5 40  - 24 58  - 22 48  - 11  9  -  - 60  - 12
  -  -  -  -  - 31 57  8 32 34  -  6 42 33 44  3  4  -  2  - 27  - 48  - 14 59 21  - 11 17 15  -  1  - 36 28 26 20 54  -  - 30 41  - 19  -  7 53 51 24  -  -  - 10 58 25 13 16 37  -
  -  - 53 40 52 47 45 12 48  - 56 50 39  - 11 60 54  6 27  - 31 58 42  - 20  - 36 16  -  - 35  4  8 49  7  - 23 34 33 10  3  - 22 15 29 13 32  -  2  9 14 46 24 19 38 51 17  -  -  -
 11 27  - 54  1 28 40  -  3  -  -  -  - 42 20 35 39 30 58  6 13  9 33 16  -  - 53  - 18  -  -  5 37  7 52  -  4 44  - 23 17 43 51  -  8 22 36  - 56  - 15 50 12 21  -  - 55  - 57 49
 24 34  - 17 21 16  -  - 31 56 33 44  - 45  -  - 15  -  7 29  - 41 60 14  -  - 18 46 36  3  - 58  - 10  4 52  - 11 30  9 51 55  - 25 54 50  -  6  - 38 20 22  - 37 57  - 42  - 12  1
 54  7 29 42  -  -  - 34 47  - 32 10 43  -  6 56  -  -  -  4 45  -  - 41  - 12 50 28  5 30 31 35 60 44  8 24  -  -  - 14 13  3 39  - 37 19 15 48 36 57  - 23 49  - 25 33 22 20 51 21
  -  5  -  - 35  - 60 44 55 24 22 12  1  -  - 49 50  -  - 30 52 18  - 26 36  - 59 51 41  - 28  -  - 33 56 19  - 57  9  - 16  -  6 27 43 31 13 46  - 45  3  7  - 58  - 39  - 34  -  -
  - 59 11 49 19 14 13  -  5 10 24 45 40  -  -  - 44 35 17 48 28  2  - 55 34 52  -  - 58  -  -  - 31  6 47 37 33 50  -  -  -  8 38 22  - 25 30 32  - 54 57  - 56 29 36  -  - 41 27 53
  -  2 41 44 16  9  -  4  -  5 25 30  -  - 31  -  - 15 14 56  - 20 43  1  3 51 42  - 24 49 11 26 12  - 40  - 36  -  7 17 10  -  - 45 60 39  6 35 46  -  - 55 59  -  -  - 23 54 38 52
 30  -  - 37 45  - 46  - 34  -  2  8  - 50 42  -  - 31  - 52 18  - 57 51  -  - 26  4 27  - 23 54 58 25 28  -  5  - 43  - 38  -  - 44 14 17 53 33 39  - 49  -  -  - 35 32  7 12 47 11
 36 18  - 59  - 26  3 54 16  - 58 41  -  9  7 20 27 46  - 33  -  -  - 11 12  - 22  -  -  - 53  - 35  - 42  - 28 43 21  - 48 40 14  -  -  5  - 29 10 51 38 56  2 25 50 60  - 52  8 15
  - 60  - 23  - 22 14  -  - 35 51 59 30  7  - 57  - 40 54 39  5  - 20 27  -  - 25 15  - 52  - 48 32  3  - 11 56 13  1 58 53  2 42 46  - 44 19 49 31 21 36 17  8  -  - 18  6 33 43 28
 52  -  - 51 24  - 34 56 40 27 37  -  9  - 29 30 23 44 12  - 48  - 10 47  - 16 38  - 55  - 39 46 43 41  - 13  -  4 11  - 15 32  -  - 33 53 42 36  -  -  -  - 60  -  3 45 57  1  - 18
 33 54  - 35 42 55 52  2 15 51  -  -  -  6  -  - 37 26  - 27 60 47 25 18  - 22  -  - 44 53  - 13  - 39  9  -  - 32  -  - 59  - 19 14 28  -  - 40  -  - 34 30  - 16  - 56  5 49 48 43
  1 46  - 33 20 50 28 48 51  - 29 18 11 21 54  -  - 52 38  - 12 26 56 42 43 10 30 45  9  - 13  3 34 17 59  - 47  2  8 36 19 25 16 37  -  - 23  - 44 40 41  - 53 31 32 49 15 24  7  -
 22 11  2 27 36  -  - 55 33 40 26 13  -  1  - 53  - 10  3 23 25  -  -  - 42  8 58  - 54 60  - 21  - 14  - 12  6 41  -  7 39  - 43 31 30 48 57  - 20 32  4  - 37 34 29 50 56  5 24  9
  -  - 27 56 55 53  1 30  -  - 42 52 33 15 25 44  - 13 24  -  - 50 28 10 19 48 11  - 31 23 41  8 40  - 51  -  3 36 35 29 45  6 20 43  -  2 21 58 12 22  9 18  - 57 17 37  4 14 54  5
 51 43 54  - 50  7 44  -  - 48  - 39 10 34  - 11  -  - 22 17 55  -  -  -  - 58 47 21 32 27  -  - 28  - 24  -  -  -  -  -  -  -  5 12  -  4  - 42 13 60 46 36  - 52 40  1  9  - 45  -
 13 33 26  - 56 37 11 43  -  - 46 16 25 40 60  -  - 28  5  - 39 45  - 22 49  - 35 27 23 19 59  1 51  - 41 38 17 48  -  -  - 57  - 34 50 47 29 31 42 36  7  9 58 53 21 12  -  -  - 14
  3  - 16 31 48 36  -  - 45  - 39 15  -  -  -  - 40 32  - 18 38  4 23  -  -  7 41 10 47 43 22 12 20 57  5  - 24 30 14  6 34  - 25 42  1 37  - 44 35 55 11  -  9 49 54 58 60 51  - 17
  -  -  -  - 34 45 30 41 27 32 12  - 19 58  9  8 17 25 20 42 11  -  -  -  -  6  - 52 39 57  -  - 23  - 60  7 59 18 16 54  -  4 40 35 47 26 38 28  - 53 43  2 50 55  -  - 24  - 46  -
 58 56  -  -  -  2 19 37 60 33 50 11 12 55  - 18 14 23 45  - 16  -  -  - 10 34 48 41  - 42 43  -  6 31 25 29 35  - 59  - 32 44 24  - 22  -  -  -  - 46 21  3  4  1  - 30 38  -  - 36
 27 19 37 12 38  -  5 21  - 23  - 46 13  -  - 40 42 56  - 53  7  8 35 48 32 57 45  1 60  -  - 47 41 20 44 51  -  -  - 31 36 33  3 54 15 11 58  -  6 16 29 43 18  9  - 22  2 17 10  -
  - 51  -  - 10  - 43 49 53  - 16  3  - 52  - 42 55 22 25  -  9 33  - 19  - 23  7 40 45 31  - 56 18 21  6  - 48  -  - 32 58 14  -  4 11  - 41  - 54 47  -  -  - 30  - 15 50 39 60  -
 35  - 17  -  - 58  -  7  2  - 36  - 44 43 45 38 34 21 39  8  3 25 41 52 40  -  - 50  -  - 37  9 15 11 29 60 49 26 24 51 28  - 30 53 13  -  -  - 57 27 42  5 32  - 16  - 46  - 20  -
 10  - 47  1 58 41  - 46 57 45 38 36 48 22  -  -  -  - 11 31  - 13 16 32 60 49 28 59  -  - 34 30 42 40 50  9 44  6 53  -  - 17 12 18  - 27  3  -  -  - 26 19 14 24 15  - 54  - 29 37
 38 42  - 39 60  -  - 22 23  8  -  - 14  - 48  - 36 29 18  - 54 52 55  9 45 19 17 57  6 10 56  2  3 59 26 15 25 31 12  - 40 35 11 50 20 33  4  - 37  5  1 13  - 32 27  - 53 43 44  -
  - 15  -  -  -  - 53  3 41  - 10 55 45 11 32  -  - 50 36  5 29  - 44 59  4  - 43  2 22 38 52  - 13 24  -  -  -  - 56  -  8 16 54 28 58  6 35  -  1 30 40 26 31  - 20 27  -  7  -  -
 60  -  -  -  3  - 56  - 12  6 31  5 37  - 10 55 35 47 33  - 43  -  -  7 53 14  9  - 52  2 30  - 11  - 49  - 46  - 27  -  - 26 48  8 18 24 16 39 19  - 50 57  - 54  -  -  -  -  - 22
  6 55  - 21  7  - 33 50 24  - 60 49 35 16 41 13 59  - 19  -  -  - 46 23  -  -  -  8  - 11 51  - 26 27 45 58 31 10 38 57 47 53  2  - 48  -  -  -  - 34 30 14  - 22 56 42 43 44  - 32
  5  9 39  8 51  -  - 25  -  - 17  2  7  - 22 50 58 43 35  - 14 28  - 15  - 33 57 38 12 45  - 37 55  - 19 34  -  - 23  - 26 42 60  6  - 10  1  - 24  4  - 32 41 36 52  - 18 47  - 30
 26  1 48 58 22  6 21  -  4 50  -  - 53  -  5 54  3  - 40 24 32  -  - 17 46 36 15  - 16  - 12  - 57  2 30  - 10  - 29 11  7 47  - 56  -  - 55  - 49  - 51 41  - 28 13 52  - 38 59 44
 53  4 24 32 54 33 47 57  -  - 41 28 18 44 23  - 29 58 51 12  - 48 59  - 56 25  - 42  - 26 27 49  7 15 20  1  9 14 39  - 60  - 21 55 36 16 40  3 34  -  -  6 22 13  5 38 11  - 19  -
  - 40  - 10 41  -  - 17 19  -  -  - 20  -  - 51 16 48 56 58 30  -  -  3 33 45 14 18  - 50  - 31  -  - 54 49 43 12 46  - 37 24  -  5  - 57 25  7 47 52  6  1  - 38 23 29 44 59  -  8
 50 16 40 41  -  - 25  -  - 43  6 47 22 46  -  1  9 59  - 54  - 32 58 30 28 31 29  -  8  -  7  -  -  - 11 27 42  5  -  - 24 20 33  - 56 35 18 12 38 49 10 53 21 60  4  3 39 45  - 57
 20 52 38  -  - 27 31 23  -  1  -  - 54  - 56 14  -  - 34  - 59  -  - 44  5  - 51  - 53  - 45  - 48  9 33 35 22 39  - 30 41 60  - 58  - 49 12  - 17 29  -  - 26  8 43  6 36  3  4 42
 37 41 34 57 25 24  - 45 35  - 49 14  -  -  -  - 30 11 60  - 51  3  6 39  -  -  1 12  7 55 36  -  -  4 32 50  - 38 20  -  -  -  -  - 59 18 33 27  - 23 56  8 40  - 46 43 28 26  2 54
  -  - 13 48 12  - 41 32 59 17 30 23 28  3 55 29  5 36  4  - 57 40 19 53 21  - 33  9 49  - 42  -  2 38 31 10 54 16  - 56  - 39  - 11 25  7  -  - 26  -  - 24  1  6 18 46  - 35 22  -
 12 25  - 19  -  - 27 35  - 55 34 24 59 13 58 10 60  -  - 11  - 30  1  6 47  -  - 32  3 21 50  -  - 52 37 43  - 46 31 45  4 38 49  2 53  -  -  -  -  - 18 40 51 15 26 28  - 22 56  -
 56 30  5  - 28 32 12  -  -  -  4 35 60 54 18  -  - 41  - 26 49  - 22 13 25 29  - 37 48  9 47 36 14  - 58 33 53  -  - 52 21 34 55 51  - 46 20 59 45 50  2 31  - 27 10  - 40  - 42  -
  - 23 56 45 37 49 22 27 50  - 52 29 15 12 40  - 46  - 21 35 34 51 47  -  -  5  - 36  - 18 44 55  - 58 38  - 16  3  -  - 54 13  -  - 10  - 59  1  -  - 25  - 20  2 11 48  - 57 26 19
 47 14  3  - 30 23  - 39 25 29  - 34 49  - 21 28  -  1  -  - 24 11 40 58 27  - 44 33 37  -  - 38 50 22  - 56 45 60  6 41  2  -  - 19 52  -  8 16 18 31  -  -  - 26 42 57  -  - 32 48
 46 57  7 11 40 42 20 59 14 53  - 37 58 23  - 33  - 45 31  - 17  -  - 21 35 26  2  - 29  6  - 51  -  5  - 54  - 56 15 27  - 41  8  9 55 38 44 18 32 12 48  - 34  3 19  -  -  - 36  4
