2520
 31 14 18 53  9  - 36 34  7  - 41 12  -  2  - 32 59 44 38 33 51 42  - 49  - 35 20  -  -  - 13 23  - 17  8 48 46 40 10 16 26  5  -  -  - 30  - 15 55  1 54  - 52 43 19 27 57  -  - 58
 54 60  - 58  - 12 52 39 32 18  -  -  - 24 49 19 11  7  - 14  2  - 38  - 27 34  - 47  -  -  -  - 26  9 15 45  -  -  -  - 35 40  3 50 17 22 30  - 16  - 21 57  8 36 56  1  -  6 46  -
 25 10  - 28  - 30 49  9  8  3  - 53 58 31 22  - 57 39 17  6  - 14 13  - 48  - 45  7  -  - 35 12 59 37 34 32  - 56 41 55 42 26 46  - 33  - 19 36  - 15 50  -  -  -  4 60 11  - 23  -
  - 20 19  - 56 15 37 32  - 39  -  -  5 55 52 22  4  - 44 43  - 58 48 24 18 17 60 29 27 38  - 59  - 40 33 30 36 53  6  -  - 34 31 47  -  - 10  - 11  8  - 23  7 54 41  -  -  -  - 25
  - 56 25 16  4 35 58  -  -  1  - 19 39 27  9  2  - 14 31 55 12 41 32 42 43  -  -  -  - 48  -  6 33 10  -  3 30 44  8 45 17 13  - 22  - 11 40 60  - 47 52 34 18 49 36 50 20 29 28 51
 32 19 54 44 22 14  -  -  - 49  - 10  -  - 46  - 43  -  -  -  -  - 25  - 37  1 11 42 55 51  -  - 56 52 31 39 20  - 15  -  - 36 21 17 18  4  - 34 59  - 24  7  - 16 53 29 38  - 13  6
  -  2  -  -  8  7 42  - 56 27 12  - 14 16 38 55  - 31  - 15 46 50 19 22 60  - 44 57  5  - 17 40  - 11  - 18 26 29  -  -  - 59 54 36 37 23 52 28  6 48  9  4 20  -  -  -  - 43  - 30
 53  -  5  - 37 56 50 16 15  - 10  -  7  - 41  - 48  3 58  -  -  - 36 52 11 14 47 28 40 44  6 42  - 59 18  4  - 46 30  9  - 45  - 23  - 27 24  - 22 34 25 19  -  - 32 51  1 21 55  -
  7  - 28 29  - 41  - 12 57 46 52 21 55 10  - 59 22 40 16 34 17  -  - 56 38 26  1  - 45  - 48  8  - 23  - 44  -  - 49  - 14 39 58 24 35 36  - 25  3 13 11 42 37  -  - 47 19 50  9  -
 38 35 36  - 21  - 51 48 30  -  5 50 12  - 34  6 17 26 33 57 15 44  3  - 59 60  -  - 49 39 10  -  -  8 14  9 16 11  - 13 45 20 42 46 27 53 29  - 23  4  - 22  1 52 18 19 47  - 37  -
 60 28 57 14  - 38  6 25  -  8 42 59  1 52 40  5  - 11  4 45 22  - 50 16  - 37 35  - 56  - 18  7 55 21 26 19 51 47  -  -  -  - 33 29  -  -  -  - 17  - 34 41 39  - 48 36 49 44 24 46
 13  - 17  - 14  9  -  - 55  -  -  -  -  4 56 50  7 49 11  -  - 31 60 37  - 33  - 44 18  1 15 36  - 19 51  - 40  8 20 39 41 29  -  - 59  3 47  6 12 57 30  - 54 22 43  2 58 42 45  -
 27 38 29 18  -  -  9 10 12 40 36  7 34  -  8 30 50 57 15 49 14  -  - 43  6 31 23  - 24 25  -  - 54 55  5 16  -  - 28  - 19  - 32 60 52  - 26 17 39  -  4 48  - 51  - 37  - 35  - 33
 36  - 45 35 51 53  -  -  -  2 18 58  -  -  - 31 24 10  -  9  - 22  -  3  - 54 49  -  - 46 43  1 13 12  4 52  -  - 25  - 47 55 16 30 56 41 14 32  7 39 29  - 28 23  -  - 21 59  - 15
 18 13 60 15 43  - 44  - 58  - 32 47 25  - 28 27  - 34  - 37 23 55 12 30  -  -  - 17  8 35 38 10 19  -  - 36  - 52 31 11  -  6 22  4 29 59  - 20  9  - 46 33 49  -  - 53 48  1  3 54
 41  -  -  5 54 32  7 29  2 14 25  - 57  - 59 43 45 23 20  -  - 38  6 10 12  8  -  -  - 49 39 52  - 13  - 33 37  - 26  - 46  - 60 44 47 31 11  1  -  -  - 17 36  -  - 42  9  3 35 21
 39 37 50 43 34 13 56  - 40 51 11 46 35 32  - 47 20 28  -  - 33 21  - 26  1 49 59 10  4  2 24  5 18 38  9  6 17 27 45  - 16 57  - 19 48 42  -  7  - 30  - 52 14 55 23 44 36 58 29  8
 40 22  4 57 17 43 47  8 31  7 59 26  - 39  - 52 23 27 34  - 55 15 14 45  - 44 37 30  2 11 12 33 25 60 28 13  -  - 48  -  - 41  - 38  - 35 20 21 19 58  1  - 29 50 10  -  5 24 54 53
 48  -  8 22 41 26 54  7 39  - 53  -  - 43  -  - 51  - 13  -  5 29  -  - 58 56  - 24  9  - 57 11  - 42 37 55 23 31  - 27 52 18 14 28  -  - 33  - 40 46  - 50  -  - 12 30  -  2 49 59
 58  8 41  - 11  -  3  -  - 35 55 45  -  - 32 56  - 60  -  - 50  - 26 53 46 19  4  5  -  -  -  -  - 31  - 23  - 30  - 10 12  -  - 21  - 33 36 59 49 54 15 28 24 20 38  6 14 16 27 13
 51 31 27  6  -  - 13 11 26 20 22 15  - 25 48 44  -  - 37  - 16 24 55 59 50 47  -  3  - 17 28 32 49 30 52  5  -  1 56 46 29 60  7  -  2 12 57 45  -  9 23 53 34 58  - 40  -  - 42  4
  3 39 30 60 46  - 16  - 18  - 26 28 41 22  6  7 19 38 50 21  -  - 24  - 29 36 52 13 48 10 47 34  1 49 58  - 45 54  9  -  4 37 12 31  - 14 59  - 20 53  - 35 55  -  5  - 17  - 15  -
  -  -  3  - 53 10 11  - 27  - 24 36 56 40 47 29 31 18  -  - 49  - 28  -  - 30 33 37 43 55  - 17  6  - 48 34  - 38 46 50 59  -  - 12 58 54 41 22  - 21  - 39  -  7 26  9 44 45  1 52
 55 40  -  1  - 42  - 21 20 22 49 52 23 45  - 10 37  -  2 27 32  -  -  - 54 43  - 39 25  - 50 31 51 53 60 58 11  9 59 30 36  3  -  6 34 18  8 41 38  -  5 16 48 15  -  4 56 13 33 47
 17 18  -  -  -  -  -  -  -  - 16 23  - 50 44 40 55 32  - 12  -  -  4 28 56 11  6  -  -  - 37 26 38 29  2  1  3  - 13 49 43  -  - 53  7 52  - 24  - 10  -  - 51 39 59 46 41  -  5  9
 12 59 56 17  - 22 15  - 16 50  - 31  -  -  -  - 42  9  -  - 52  - 20 11  -  - 40  2 47 30  1 24  7 35 32 54 57 37  - 44 33 46  - 25 43 48  5 13  -  3 38 49 19 45 55 14  -  -  -  -
 37  1 32  -  - 45 10  - 46 30  7 39 47 48  - 21 56  - 23  3 28 11 27 36  -  - 41 60 54 50  5  - 44 14 17 29  -  -  -  -  8 33 49 20 16 57  -  9  - 55 53 51 12 25 22  - 18  - 40  -
 49 15  - 40 13 33 31 41  - 59 47 29  - 35 16 58 14 46 19  -  - 34 18  -  - 50 25  -  - 22  -  -  - 24  -  - 10 12 52  5 44  2 39  -  4  8  - 30 53 23  - 54 26 56 37 55  -  - 20 11
 10  6 11  2 45  - 55 52  9 43 33 38 19 57  4  -  - 22 30 46 35 53 37 17  - 23 12  - 42  -  -  - 60 32 36 20 44 15 14  8 54 51  - 48 26 29 50 49 47  7 39  -  -  -  3  - 31  - 25 18
  - 57  -  - 35 52 30  - 21 16 43  - 24 20 33  - 53  -  -  5 40 37  7  9 31  - 22 32 23 34 60  4 10 44 29  -  - 19 51 59 13  -  8  - 45  6  - 55 50  - 42 14  -  -  -  -  - 25 58 12
  - 33  7 52 60 23  - 49  - 37  - 51  -  8 35  -  6 45 54  - 19 26 30 21  - 25  3 59  - 12 55  -  - 36 43 56  5  4 44 31 10 50 15 13 42  - 32  -  - 28 16  2  -  -  - 41 39  -  - 48
 45 44  - 19 59  - 53  - 51 12  3  -  - 47  - 17 52 16 32 56 20 25 46 48 23  -  - 41 15 24  4 35 30 33  - 14  - 34 38  - 31 58  9  -  8 55 43 39 54 60  - 26  - 10  -  - 13  7 22  -
  1  9 42 51 31 37 27 23  4 34 17  8 59 58  2  - 26 56 24 22  - 54 29  -  5 55  -  - 19 20 53  - 36  7  - 41 21  6 60  - 18 44  - 16 32  - 39 35 46 33 57  - 25  3  - 49  - 10 14 40
  - 26 15  - 28 39  -  - 59 52  - 14 51 21  7  - 33 12 55 50 60  - 17 13 49  -  9 58  3  5 44 29  - 48 24 53  -  - 47 34 56  -  - 37  1 46  -  2 35 45 32 38 31  -  -  - 16  -  - 36
  - 41 20  9 49 51 48 57 29 26 23  -  - 46  - 24  - 33  -  -  -  -  -  5  4  - 39 15 30 52 54 53 14  -  - 22 12  - 58 18 27  - 10  - 11 56  - 44 36 40 37 59 45 19  -  -  -  8 60 50
  - 21 40  3 47  - 38 33 45 54 19 43  - 44  -  -  9 30 42  8  - 46  - 15  - 53  - 52  7 28 20 16 31 41  - 49 14  - 36  -  5 11 35  -  -  -  - 57 51  -  -  - 60  - 27 12  -  4  -  -
  - 45  -  -  - 28 34  - 36 19  - 16  6 33  -  4  - 47 49  - 38  1  5 20 15  - 14 31 46 29  - 58 23  -  -  -  8 41 42  -  - 54 25 57 12 43 53  -  - 17  - 11  - 26 35 39 40 55 50 22
  - 42  -  -  - 25 28 59 48 55  - 56  - 11 51 26  - 17 36 60 39 32 49  -  9 13 57 14  -  -  - 45 20 50  - 37  - 58 18 40 23 16 19  -  -  7 12  5 29  -  3 15 10  1  -  - 53 33  8 35
 14 12 38 39  1 55 57 18 47 53  -  -  4  -  - 41 15  -  9  - 10  6  - 46 17 59 34  -  -  -  - 37 27  -  -  - 28 60  - 24  - 42  -  3 20 44 51 29  -  - 31  -  5  - 30  - 35 23 52 26
 15  - 31  8 55  - 29  -  6 10  4 30 33 37 57  - 36 54 26 23  -  - 47  - 42  -  - 38 44  - 11 39  -  1  -  - 49 25  -  -  - 17 45 51 21 34  2 58 24 56 59  -  - 12 16 18 22 20  7 14
  -  3  -  -  -  - 26 28 10 33  -  -  -  9  1 51  - 42  - 18 36 35 34  8  - 41 29 27  - 37 40 25 24  -  - 11 22  2 32  - 15  -  -  - 46 49  -  - 31 43 45 12  - 53  - 57 55 19 56 44
 24 36 39  -  -  4 40 45 25 15 31  - 37 34 50  3 29  - 47 48 27  -  -  -  - 12  2 49 21 42 46 38  5  -  - 51 18  - 17 19 57 14  1 58  -  -  -  - 41  - 56  -  - 44  - 26  - 53  - 28
  - 23 55  - 50 36 19 46  -  - 40  - 44 30 43  - 12  -  - 10 11  - 21 29  7 28 27  8 53  -  -  -  -  -  -  -  -  - 39 60  - 38 20 33  -  -  1 47  -  - 49 37  -  4 54 22 45 32  -  3
 26  -  - 37 58 46  1  - 19  - 57 11 50 51 20  8  -  6  - 59  9 33 16  - 55  - 54 36 38 23 52  - 42  4 27  2  - 14  - 15  7 25  - 18 49  - 60  -  - 22 10  - 44 24 31 13 28 56  - 45
  5 46 52  7 44  - 43  - 24  - 37  3  -  -  - 15  -  - 40 53  - 19  - 39 13  4 38  -  - 26  -  -  -  - 23 12  1 17 55 33 60  -  6 27 10 28  9 50 45 18  8 58 41  - 42 25 59 11  -  -
  9  - 22  - 39 16  - 27  5 48  8  - 13 28  -  - 49  -  - 31  -  - 15  - 35 24 26  1  -  - 56 51  - 34  6 59 38  - 53 36 25  4 18 52 60 45  - 12  - 42 14  - 11  - 58  -  - 17 47 57
  - 49 34 59 30  -  4  - 50 11 51  - 26 38 54  - 44 19  - 20 37 36 10  1  - 46 56  -  - 58  9 18 35  - 57  -  - 28 22  - 40 21 55 39 41  5 17  - 15 32 60 29  3 48 47 52 12 14  - 31
 35 27 14  -  - 47 18  -  - 42  6 20 46  5 45 37 58 48  - 17  7 49 22 23  -  9 55 53 26  - 29 13  4  3 41 31  2  - 16  -  -  - 51  -  -  - 28 11 56 25 36 40 43 57 52 15  -  - 44 19
 59  7  2  - 42  5  - 26 23  4 13 49 36  6  - 46 18  -  - 30  - 52 41  -  - 48 53  - 35  9 32  - 11 51 12 50 25 22 21  - 37  - 29 55 31 20  -  3 28  - 44 60 17 40 34 10 15 57 38 39
 29 58 24 49 36 57 59 55  -  -  -  1  - 53 60  - 27  - 48  - 25  - 11  - 40  - 13  - 12  - 51 22  3 15 19  - 39 33  2  - 34 23  5  - 28 38  - 18  -  - 41  8 50  9  7 35  - 46 31  -
 20  4 46  -  3  - 14  6 11  - 30 60  9 54 26 39  - 58  7 28 18 13 44 19  -  - 16 23 34 45 42  - 12  2 22 35 55 50 37  - 49 24 52 59 36 10 38 40  1  -  - 27 57 47  - 31  - 51 32  5
 30  - 23  -  -  - 17 36  - 45  - 42 54  - 15 34 47  - 29 24  4  -  - 55 39  - 31 51 28 18 59 44  - 46 16 57 19 21 12 25 11 32 27 35 40 50  - 38 13  5 33  -  -  8  -  3  - 22 41 10
  - 25  - 11 16  - 23  -  -  9  - 40  - 41 53 20  8 55  5  -  - 47  - 27  - 10  - 12 17  - 26 49  -  - 50 24 34 35  -  - 58 52  - 15  -  - 22 46  - 36  - 18 38  - 29 54  - 37 59  7
 50  5  -  - 12 31 60 22 14 23 15  4  - 17 58 25  - 53  -  - 29  -  - 57  -  3  -  - 32  8 19  - 28 18 42 26  -  - 40 52 39 49 38  9  6 37 56  - 44  -  - 55 35 46  -  -  - 47  - 41
 22  - 47 38  - 29  5 44 17  - 34 35 15 59 11  - 16  4  - 52  3  7 56 51 45 21 58  - 14 60 25  -  8 39 20 40 42  - 50 23 32 19 48 49 30  - 55 54  -  -  -  - 46  - 33 28 43 36 57  1
 16 54  - 55 48  -  -  5 34 47 29  - 49 36 17  - 40 41  -  7 31  - 52  -  -  - 30  -  - 14 33 50  - 26 46 10 27  - 43  - 21  9 23 42 44 60 25 37  - 20 22  1 56 59 28 38  -  - 39 32
 52 30  9 42 25  3  2 56  - 58  - 24 29  -  - 49 39 36 35  -  - 23 43 50 44  -  -  - 11 59 22 19  -  - 45 46 60  7  5  - 55 53 57 34  - 26 13  -  -  - 47 31  4 14 15 21  - 12 10 17
  - 52 48 32  - 59  - 31 49  - 50 25  2  - 23 36  -  1 46 38  - 27  - 18  - 22 17 55 33 13 30  - 40  6 56 21 58 45 11 54  3  - 28  -  - 16  - 14  - 19  - 47 42  -  -  - 37 15  -  -
 47 24 49  4  -  -  -  - 38 60  9 27  3 15 10  -  - 25 21  2 59  - 23 31 52  - 50 54 20 33 58 46  - 57  - 43 48  -  - 56  - 35 44  -  - 19 37 26 34 12  -  - 13 42 14  - 29  -  - 16
  - 48 35 45  - 50 32  - 52 13 56 37 31  3  -  - 28  5  - 26 21 12  - 33 57 29  8 25 39  6 36 43 46 16 11 47 53 55 24 41 38  -  2 54  - 58 49  - 27 51  7 20 15 30 17  -  -  9 18 34
