2520
  -  5 11 49  - 44 18 32  - 10 55 48 38 12  -  -  -  - 16 23 25  -  - 20  - 45 43  -  - 47 33  2 22 40 31 54  7  1  3 13 35  - 59 17 26 29 28 42 57  - 41 51  -  - 60 52 36  -  - 15
  -  -  -  7  - 37  1  -  - 13 57 40  - 16 43 31  - 12 11  - 17 59  2 10  - 60  - 42  - 46 52  -  8 15  - 25 20 33  - 24  -  - 30  - 48 38  -  4  -  -  - 23  5 19 35  6  - 58 56  -
 29  1  -  - 56 46 17 21 49 39 47 35 16 45 18 27 48 30 53  7 24 10 52  9  2 23 44 15 34 50 43 57 58  -  -  - 25 32  -  6 14 51  - 38 41  - 31 54  3 26  - 12 20 11 42  - 60 19 28  -
 11 33  - 14 59  -  - 55 32  3  7 58  5  -  - 41 27 24 26 35 16 49 51  - 60 15  - 44 57 12 40 10  - 56 48  -  -  6 36  2 20  -  1  -  -  -  - 23 37 25 22 39  4 54 13 17 18 38 46 43
 55 34 48  2 10 23 43 44 26 17 15  - 12 27 32 57  5 40 38  6 54  - 42 22 37 56 33 24 53 31 28  -  -  - 19 47  1  8 59  - 13  4  3 36 39 41  -  - 49 20 35  -  - 25  -  -  -  -  7 50
  - 24 33  - 47 21  - 59  -  9 18 55  - 37 16 40  - 56 22 28 19 44 43 23  -  - 38 35 39  -  4 36  - 48  - 58  -  3 25 60 53 17  - 11 42 57 26  7  -  - 10  -  - 29 15 30  8 54 27  -
  7 19  - 24  - 54 46 52 42  - 37  - 14 10 56  - 21 33 29 48  - 38  - 53  4  1  - 49  3 28  9  6  - 43  - 34 41 35  -  - 36 23  -  -  -  - 59 20  - 50  - 44 57  - 31 55 13 45 17  -
  -  -  -  3 27  -  9  -  - 46 43 50 34  -  2  -  - 51 35 49 38 45 40  - 22 32 37 57 33 60  - 24 28  -  5  - 31  - 18 53 21  - 58 44 52  6  4  1 14  7 48  - 56 55 11 23 26 10 12 20
 45 52 37 10 40  - 42 48 54  - 44 38  -  -  -  - 15 19  9 59 39  - 18  - 27 29 21 26  2 51 12  3 43  - 57 35 16  7 20  - 30 28  4 46  -  - 60 22 31 47 58 14  8  - 55  - 50  1 33 53
  4  -  -  1  - 48  5  - 25 31 10 53  - 34 58 44  -  - 39 27  - 15 26  - 47  7  3  -  -  - 11 59 56 55 23 45 32  -  - 18  - 19  -  -  - 42 52 12 60 46 38  - 49 57 24 36  -  -  - 41
  -  - 23  -  4  -  6 42 10  - 60 52 39 26  -  7  - 13 36 45  -  - 35 16  -  -  5 19 46  -  -  8 31  2  - 33 59 25 56  -  - 11 15 53 20 21  -  - 17  9 40 30 47 12 28  1 22  -  3 32
 47 37 25 12 16  7 31 26  - 60 36 59 22 15  - 14  -  -  4  -  - 43 21 44  -  - 28 41 30  -  - 51 11 39 24  - 58  -  - 38 46  3 53 52  5 48  9  2 50  6 27  - 18  1  8 32 54 23  - 56
  2 47 21  - 43  -  - 34  - 24 26  9 53  - 42  - 23 52  - 37  3  -  1  -  - 44 31  -  6 49 14  7 30  8  - 48  -  -  - 22  - 45 18  -  - 40 55  - 13 29 56 25 41 20  - 60  - 50  -  -
 19 21  - 26 60 58 38  -  - 29  - 49  -  2 36 35  6  -  5 43 23  8 44 48  -  - 34 32 31 54 25 22 33 28 37 14 11 15 50 57  4 42  -  - 45 53 13  - 39 55  - 41 46 56  3  -  - 27  - 10
 12 46 14 25  8 11 32  7  -  - 29 45 19 43 21  - 34 59 55  - 33 58  -  3 36  4  2 18  - 27 54 52 20  -  - 31  - 37 28  9  - 38  - 56 22 39 57 51 23 15  -  - 30 47  5 13 24 35 40 48
  -  -  - 46  - 22 57  9 56  - 39  - 51 32 33 45  -  1 59 30 53 34 25 36 48  -  -  - 14 55  -  - 29  7  - 10  - 54 17 28 37 20  - 49  -  4  3  -  - 18 31  - 35 24  - 50 41 13  - 40
 14  -  -  - 58  - 10  - 60  - 22  - 27 42  - 12 38 46 47 50 15  - 36  - 24  9 51  - 21 59  - 20  4  - 52 19  -  -  - 32 57  - 54 41 23 28  1  8  -  - 33 43 48 35 26 56  5  -  - 13
 17 25 43  -  -  4  - 22 21 56  -  -  - 44 57 39 28 50 19  2  9  6  - 15 20 10 11 45  5 35  - 32 24 59  - 18  - 49  - 40 31  7 60  - 38  - 12  -  1  - 23 53 13 41 46 16 52 34 36 55
 37 13 22 33  2  -  - 14 58  - 56 19 18  -  -  3 44  - 20  8  - 21 27  - 10  -  1 55 52  - 23  - 60  -  -  5 36  - 12 59  9 16 48 54  - 35  -  6 46 42 47  4 15 32  - 28  -  - 51  -
  -  - 17  -  - 40 14 45 30  -  - 47 37  7 55 51 46 48 28 19 60 22 23 56  -  -  - 21 58 20 10 42  -  - 29 12  4 13  - 39  -  -  - 15  1 11 44 43 25 36  -  8 31 16 50  - 57 33 59  -
  8 55 35 41  - 27 23 40  -  - 46  - 25 29  4 58  -  - 32 56  - 12 28  1 38 43  7 34 50  3 13 30 44  - 59 49 42 24 37 51  -  -  -  2  - 52 21 18 16 22 20 54  - 33 14 15 45 31 57 60
  1  -  - 40  9 19 35 58  4 47  -  6 20 57  -  8 31  - 46  -  - 54 50  - 53  - 32  - 37  5 24 11 14 29 34 21 23  - 30  - 16 27 42 33 18 26  - 36 51  -  7 59 44  3 56 49 17 60  -  -
  -  - 10  - 57 56  - 16 40 34 58 37 31 18  -  9 12 20 41  - 21 29  5  -  -  - 49  - 15  - 44  - 59 53  6  - 54  - 38 42  - 26  - 50 55  2 19 46  7  1 36 35 24 39  - 33  3  - 22 45
 58 31  1 42  - 45  -  8  - 54  -  - 52 60 20 37  - 36 18  -  6  - 56 51  5 59 27 28 10  - 26  - 46 35 32 44  - 50 22  -  7  - 23 34  9  - 41  -  - 48 17 21 12 53  - 25  -  -  - 38
  -  9 55 20 54  - 48 60  - 50 21 36 45 59 26 25  - 43  - 16  - 23 12  -  8 17 53  -  1 44 31 13  7 11 41 15  2  5 46 56 58 35 38  6 47  -  -  - 22 49  - 34  - 30  - 24 27 42  4  -
  -  - 58 13 12 17  7  4 27 53 40  - 47  - 59  6  -  - 43  -  - 25 55  - 50 24  -  3 18 42 19 26  9 57  -  - 49 20  - 52  -  -  - 39 29 23  - 38  -  -  - 31 16  -  1 45 44  -  5 22
  9 48  8 47 35 28 50  1  - 12  - 26 30 54  -  4 42 27  2  -  -  - 58  -  3  -  -  - 29  - 49 56 57 52 21  -  - 44  -  -  - 32  - 23 24  - 43  -  6  - 15 13 45 51  - 59 25 22 18  7
  - 59 56 54 17 35  3  - 18 33  4  - 60 47 50 11 24 26 48  - 30 51  7  - 21 22  - 14 20 13 39 28 53 23 38 57  - 31  -  - 45 25 41 16 19  - 46 55 52 44 43  - 37  -  -  - 49 40  -  9
 18  4 28 60 51 12 19  -  - 23 50  - 58 20  3 48  8  9 24 39  -  2 15 35 25  5 52 30  - 32 59  - 26  - 56 41  -  -  -  - 40 33  - 45  -  7  - 47  - 43 13  1  -  -  - 10 42  -  -  -
  - 28 20 35  6  -  - 43  - 18 25  1  - 13 30 33 10 11 34 58  8  -  3  5 16 57 23  - 49  9 32 14  - 36 22 39 12 29  4 41 52  -  - 59 60  - 40  - 47  - 37  7 21 45 54 38  -  - 50  -
 57 58  3 30  -  - 47 11 20  - 28  8  1 31 12  -  9  -  6 29  - 39  -  4 46 49  -  -  - 25 48 55  2 60  - 43  -  - 33  -  - 41 56 13  7 54 22 24 19 38 59  5  - 50 53  - 23  - 21 37
 23 40  - 11 13 10  2  6  - 22 31 44  -  8  -  -  3 15 52  9 45  -  4 21  1 54 59 27 55 36  - 17 35  -  - 16 37  - 43  -  - 30 20 14  - 50  - 56 48 33 46 32  -  5 47 53 51 39 19 12
 30  -  -  9  -  - 12  -  6  -  - 46 36 55  - 56  -  -  - 47  -  - 17 34 54 33  -  - 16 22 20 25  - 32  -  -  5  - 40  -  - 59 21 24 43 49 39 50  4 35 51 48  3  - 44 31  1 15 41 11
 39 16 30  6  -  - 52 38 29 44 48 51  7 22  -  -  -  -  -  - 57  1 54 12  -  -  -  - 13  - 35  4 18 25  -  2 45 28  - 27 50  9 34  -  - 37  5  -  - 24 26 40 23 21  -  3 43  - 60 19
  - 12 39  5 36 30 56 19 51 41 38 28 49 53  -  -  1 55  - 22  -  - 32 57 23  2  6 13 59  -  - 33 40 17  -  9 34  -  -  - 60 52 31  7 25 44 58  - 29  -  8  - 26  - 20 35 21  -  -  -
  - 60  - 21 55  - 24 30  - 45 34 31 42  - 22  - 52  -  3  -  -  - 39 18 32 48 36 20 56 58  - 54 38  - 47 50 19 17  -  5  - 29  -  - 15  - 27 41 43  -  -  - 33  8  - 26 14  4  -  -
  - 38 31  8 23 14 29 12 19 43 45 17  -  -  -  - 56 53  -  -  -  - 49 13 41 40  -  - 51  - 27 50  - 20 30 24 44  - 55 58  -  5  -  - 11 33 35 52 59  -  - 42 36  9  - 22  - 25 47 16
 60  3 47  -  -  9 34  - 50  -  - 39 28  -  - 18  - 31  - 44 29 20  -  -  - 14 46  -  - 56 16 58 41  6  1 52  - 48 13 37 38 12  -  -  4  -  - 27 15 30  5 17  -  - 23  -  7  2 26  -
 53 54 51 19 15  8 28 29  -  -  - 20  9 14 37  - 59 45 33 25 35  - 31 27  - 52  -  7  -  -  - 16 50 13  3 40  - 42 10 12 39 60  -  - 57  1  -  5 11 32  - 56 43  -  -  2  - 41 48  -
 33 18  -  - 52 13 25  3  - 35 19 34 41  4  - 16  - 14  -  - 12 11 53 42  -  -  -  - 28 38 37 49 17 50  7 32 30  -  6 48  8 46 55 31 54 20 56  - 44 59  2 27 22 58  9  - 39 29 24  1
 28 10  - 43  5  - 41 54  - 19 11 57 35 38  1  - 29  -  - 21  - 24  8 39 15  -  -  -  -  - 46  - 16 34 25 26  9  - 47 49  - 22 51 60 50 13 14  3 55 58  -  -  6 52  -  - 32 44  2 36
  - 17 59 32  -  -  -  -  -  -  6  5 56 36  - 13 22 35  8 33 55  4  - 60 42 37 24 31  9  - 41 19 12  1 40  - 15 18 23 44 51 47 26  - 46 10 38 29 28  -  3 58 54 48  - 14 16  - 43 34
 54 11 27 15 34 60 13 46  3 32 20  7 59 50 48 24 25  -  - 57 40  - 41 38  - 42 29 17 47  - 45  5 10  - 26  - 56 21  2 14 23 36  9 12 51 19  -  - 35 31  -  - 52 22 16 58  4  8 53 49
 13 43 41  - 18 20 59 23 28  -  3  - 54  -  -  5  -  7 17  - 22  - 33 55  - 51 57 25 11 39  -  - 19  -  - 38 27 47  - 46  1 14  - 21  - 56 37 35  - 60 49 50 40  -  - 34  - 12  9 42
 59  -  -  - 37 57  -  -  - 40  - 33  - 41  -  -  7 16 27 26  - 36  -  - 14 19 10 50 17 34 53 38  6 18 15  - 24  -  8  3  - 48  5 47 44 25 51 32 54 12  1 22  9  - 49 29  -  - 45 39
 26  -  6  - 25 38 33 49  - 28 30 43 17 40 15 60  -  5 56 10 46  9 29  - 13 41 16 12  4 48 21  - 39 37 55  3 22  -  -  - 19  -  -  - 58 34 23  - 53  2 32  -  1 18 36  - 20 59  -  -
  - 35  - 23  -  - 15 56  8 20  1 14  3  - 52  2 11 44  -  - 59  - 48  - 26 55 42 58  -  4  5 60 54 31 12 22 18  -  - 29 32 57 25 40 30 46 50 34  - 39 45  - 53  - 51  -  6 36 13  -
 32 29 49 48  1  -  - 53 36  -  9  -  8  - 35  - 17 41 42  - 26 52  -  -  -  6 60  - 23 37 34  - 25  4 39 20 13 22 24  - 47 43 33  3  - 31  - 19  - 14  - 55  - 28 58  - 12  - 11 59
 51  - 24 18  - 16 58  - 35 52  - 56 40 46 41 34  -  - 21 53 49 57 38  6 39 50 26  -  7  - 22 12 27  - 44 60  - 14  -  - 59 31 10 29  -  - 54  -  - 23  -  3 11 37 48  - 55  - 20  4
 16  - 12 55 20 42 11  - 44 25  5 24 50  -  - 32 53 21 23  - 41  - 22  -  - 47 56 59 60  1 38 18 36 30  - 29 43 19  - 45  - 40 52 48  3  -  -  - 27  -  -  9 58  - 33  - 10  7  8 14
  - 50  2  - 30  - 37  -  -  -  - 22  -  - 28  1 20 54 58  3 47  - 34  - 29 18  9  -  - 14 56 31  5 27 11 42 48 59 32  - 12 24 49 26 13 16 17 40 41 57  - 60 55  -  - 51 15  - 23 46
 36 30 15  -  -  - 54 47  2  -  - 41  -  5 49 19 37 10  - 38  - 56  - 17 33 31 13  - 26 57 58  1  3  -  9  -  6 53 27  - 29  8  - 20  -  - 11 39 40 21  - 45  - 43  7 42 34 52  - 44
 42  - 38  - 48  1  -  - 13  7 23  - 21 52 17  -  -  3  - 54 37  - 19 26  - 58 45 16  -  -  - 46  - 47 53  6 35 51  - 20 11 55 12 27  -  - 36 59 24  4 50 29 39 60 22 44 31  - 14  5
 38  - 36 34 31 41  -  - 12 27 49  3 43  -  -  - 35  2  -  4  - 17 10  - 40 13 55  9 24  -  - 23  -  - 60  1 14 16  -  - 25 53  -  8 56 58  6 15 45 52  -  -  - 59 19 39 47  5 44 18
 31 15  -  - 24 26 39  - 41 30 14 25  -  -  8  -  - 22  -  -  -  - 46  - 52 28  - 38 40  - 51 44 23  -  -  4  -  - 19 43 55  6  - 32 27 17  7 16  - 10 12 33  - 34 59  -  - 18 49  -
 48 23 52 50 45  - 16 39 11  -  -  2  -  3 24 28  - 38  7  - 36 55 37  - 30 20 15  4 35 26  -  9  1 54  -  - 33 10 44  -  6 49 43 58 21 22 42 25 32 56 29  - 17 14  -  - 46  - 34  -
 27 14  - 36 41  - 30 18 31  - 16 23 46 33 51 43 13  - 40  1  -  7 47 19 49  3 22 53 38  -  -  - 21  - 35  - 60 12 45  -  5 58 39  - 37 59  -  -  - 54  6 15  - 10 57 11  9 28 55 24
 40  -  -  -  -  6 36 25  - 38 33  4  -  - 44 55  - 58 14 12  - 19 13  -  -  - 17  5 48  - 15 41 49 51 42  - 52 26  - 11 56  1 22 28 35  -  8 31 21  3  - 46 27  -  -  9  -  -  -  -
 20 22 32  -  -  3 44  -  -  4 35  -  2 49  - 47 51 57 13  - 31 50 59  -  6 12 19 40  - 45  7 15 55  9 46 17 53 58 29 23 33 56 14  1 10  5 30 11  - 41  - 36 25 26 34 37 38  - 39  -
  5  -  -  -  3 49 53 50 15  -  2 10  4 58  - 26 55  6 44 42 34 18  9 28 11 39 25  -  -  - 47 48 51 16  -  7 40 56  1  -  -  -  - 57 14 12 32  - 20 19 52 24 38 13  - 21 33 30 54 23
