1280
  3 11 16 22  7 35  6 19  -  - 39 40 18 27 30  1  -  - 34 14 37 26 24 23  2  8 17 10  - 33 21 25 20  - 28 13  - 32 36 38
  8 33  - 29 21 19 16 31  - 25 10  -  7 26  - 13  - 32  - 30 28  -  - 11 14 18  - 36 39 22  -  - 17 24  6  5 15  2 38 35
 22  -  - 10 31 23 33  -  -  6 38 29 35 32 40 21 20  - 25 26  1  - 28  -  -  7 12 27  -  - 19  3 11 18 24  -  8  9 14  -
 14 39 34 20 33 30 21 40 23 27  2 38  -  6 18 25  4 11 13 19  - 29 10 36 24  5  9 37  - 28  8 32  7 22  -  - 26 35  1 16
  5 31 26  - 38  8 20 24  2 39 22  6 21  - 37 18 12 17  - 10 11 32 23 28 27  - 36 30 13  - 29  1 16 33  9 34  -  4 15  3
 10  - 21  3  - 22  4  - 26 38 29 11 32 31 17 27 35 23 28 36 12 33 14 18 15 24  -  8  -  9  1  7  6 13 20  - 37 19 34 25
 34 24 28 18 20  - 27  1  4  9  8  - 13  - 14 11 32 35 16 22 33 10 30  5  -  - 37 19 23 12 31 29 38 36 25 26  - 17 39  6
 40 36 35 28 37 32 24  7 27  2  4 39  - 13 21 26  - 34 14 12  -  8  - 16 22  -  6 15 17  3 30  9  1  -  5  - 18 33  - 20
  4 15 17 26 34 21  -  - 22 40  - 18 10  -  - 29  8 14  1 31 30 39 20 25  - 23 24  9 16  2  - 36  - 28  7  6 33 37 27 12
 23 32  5 16 18  4  3 22 10 35 26 21  9  - 11 33  - 37  - 29  8 28 39 30 19 34  - 13  - 25  - 15 27  -  - 24  7 31  6  2
  - 23 30  8  -  -  - 16 36 20 33  -  5 21 31  -  -  - 17  4 40  2  3 37 38  1 27 32 19 34 35 12 39  - 13 28 14 24 22 29
  6 12 13  2 30 27 23 29  1  7 17 37  -  -  - 34  - 38 26 32  9 40  5 19  -  - 28 33  8 15 10 22  - 14 21 25 36 20 16 31
 33 26  - 13 15 16  1  6  - 10  -  - 17  3 28 32 27 24  8  -  7 30 11  2  - 38 40  -  - 31 39 14 12  - 34 21 29  - 37 36
  - 37  9 27 40  6 26 21  7 18 31  - 30 22  - 24 23 12 11  8 16 34  -  - 25 20 32  3 10 13 33  - 14 38 17  1  4 29  -  -
 24 25  - 23  - 31 18 35 30  4  -  - 36  -  8 12 13 27 32 34 20  5 22  -  -  - 29 21  - 16 26 28 33  3 37 38  9  - 10 15
 12  - 37  1 27  - 34 10 15 26 21 22 33 11  2  -  - 36  -  5  6 25 18 39  - 40  - 29  -  - 14 17 13 16 31 19 20 30  3  -
 28 18 38  - 36  9  - 27 35  -  1  4  - 40 10  3 22 33 15 20  -  -  6 29 16 14 30 25 37  -  5 19 23 39 32 31 34  - 21  8
 38  9 22 37  -  1  - 23  - 24 25 15 28  -  - 20 14  7 36  6  2 11 34 33 10 17 18  5  - 27  3 31 32  4 40 16 30 26 13 19
  -  - 12  4 24  3 39  -  - 31 28 16  - 29  5 38 36  9 18 13 19 23 21  7  6 35  - 17 27 14 34  - 37 25 30  - 22 15 33 32
 13  6 24 21  - 36 11 37 18 22 34  5  -  -  -  2 30 29  3 28 38 15 40 10  1 27 19 39  - 20  - 33  -  8 23 32 35  7 26 17
 15 30 29  - 13  7  9 11 37  1 40 17 22 36 39  4 18 26 33  3 14 24  -  - 23 12  2 34 28 21 25  6  5 32 35  - 27 38 31 10
 35  - 11 34  8 20  - 25  6  5 18 13  - 12 23 37 21 39 31 33 36 16 32 22 26  9 15 40  - 19 28 38  3 29  1  -  - 10  4  -
 17  - 10 25  2 12 29  5 28 23 30 33 15  - 38 14 39 31 27 21 24 37 36  6  - 26 13  -  1  8 32 35 34 40 18  - 19  3 20  -
 29  -  7 33 10 37  - 34  5 21 15 31  8 23 13  -  - 20  - 16 25 17 12  3 18 32  1 38 22  4  - 24 30  -  2 14 39 11  9  -
 31  -  6  5 39 14  -  - 32 36 16 35 26  -  4  9 25  1 29 23 34  -  - 17  -  - 22 24 20 18  2  - 40 11  -  7  -  8 12 27
 20  7 31 30  9 15 22 36 21 33 37 32 16 38 25  5 24  - 12  - 17  - 19 35 34  4  - 14  2 11 13 27 29 10 26  -  - 28  8 40
 21 27  3  7 14 40 28 33  9 30 32 12  1 20 19 15 31  2 37  - 10  6 13 38 29 22 34 35 26 24 11  8 18 23 39  - 17 16  5  4
 16 29  8 15 26 28  -  4 13 14  -  3 40 37  - 23  2  5  - 24 22 35  - 27  - 39 11  - 18  6  9  -  -  - 33  -  -  - 17  7
  7  3  - 11 23  -  - 30 33  - 14 34 12  9 24  - 10 19 20 27 31 36  -  4 40  - 21  - 25 29 17  - 26  2  8 35  5  6 28  -
 36  -  1 14  -  -  8 38  3 19 12  - 34  2 15  - 16 40 35 37  4 20  9 21 28  - 10 26 31  5 27 18  - 30 22  - 11 23  - 39
 18  - 25 17 29 11 15 14 24 37 19  - 23 34  7 16 38 21 39  -  5 27 31  9  - 30  - 28  -  -  6  4 35  - 12 33 32 13  2 22
  9 16 33 38 22 25 14 17  - 32 27 30  6  5 26 10  - 28 21 15 13 18  7  8 39  2 31 23 34  - 12 11  - 35  - 37  3  - 24  1
 25  8 19 32 16 33 13 20 40  -  5  -  4 24  6 35 29  3  2 11 21  7 37 34 12 31 23 22  -  1 18 39  9 17 36 15 10 27  - 14
 32 21 20 12  - 18  - 15  - 34 24 36 29  -  3 17 37 10  -  7  - 22  -  -  5 13 25 11  6 38 23 26  8  1  4  9 16 14 40 28
  2 34 15  -  3 26  7  - 29 12  6 14  - 10 16  8  -  -  -  9 35 19  -  1  - 37  - 31 40 17 36 23 28 21  - 22  - 25 32 11
  - 17  4  - 25 24 30  9 38 11 20  - 37  - 22 40 15  - 10  2  - 21  8 12 31 16  -  1  - 39  7  - 36  5  -  -  6  -  - 23
 37  1 27 31 28 29  -  3 25  8 13 20 38  - 34 30  7 22 24 35 39  9 26 14 21 36  5  - 32 23  - 16  2 19 11  4  - 40 18 33
 30 28 18  - 17 34  -  -  - 15  9 10  3  8 27 31  6  4 38 39 23  1 29  - 35 25 33  - 14  - 24  5 22  7 19 20 13 21 11 37
 19 38  2  - 11  -  - 32 31 13 23 27 25 16  - 39 40  8  9 17 15 14  - 26  -  -  -  7  - 30 22  - 10 37  3  - 28  - 35 18
 27  - 39  9 12 13  - 26  -  3 11  8  2  7  - 19 34 25  - 38 18 31  - 24 37 28 35 20  - 36  4 30 15  6  -  -  1  5 23  -
