1280
 39  -  - 28  - 30  - 25  -  2 33 10 21 36 24  1  8  -  - 34  - 31 14  -  4  7 23 27 29 20 16  - 15 26  9 38  5 19 40 11
 30 26 13 17  -  -  9  8 40  - 19  -  2  - 12  -  - 29  -  1  -  4 22 36  - 20 10  5 32 35  7 33 28 25 11 23 34 39 15  -
 33  3  -  4 18  - 32 36 16 27  -  - 20 21 40 15 24 28  - 30 38  - 10 39 14  -  - 22  2 26 34  -  -  1  6 11 25  5  -  -
 15  -  - 35  - 14 16  - 34  - 12 21 39 25 30 36 17  4 10  - 22 13 32  -  - 38  -  8  6  7 11  -  -  - 19 24 20 40 29  -
 21  4 24 18 15  2  - 14 19 35 22 33  -  - 36 12 13 17  - 38  8  -  9 23  - 28 30 20 11  1 37 16 40 31 29 32  6 25 39  5
 35 24 37  9 25 33 23  1 10 17  5 18 31 12 27  3  - 22 36 40 34 39 26  2 20  - 11  - 19  -  6 30 13  8  - 14 21 28  - 38
 19  - 28 25 38 36  6 16  4 33  - 13  -  2  1 22  -  - 24  - 29  5  8 40 30  - 18 23 20  3 21 27 14 32 26  - 10 17  - 12
  5  - 18  - 27 23 28 19  - 15 30 40  -  - 33 25 39 21 12 29 35 10 36  8  1  3 26  7 24  9  4 14 32  - 37 13 31 38 17 20
 17 16 22 27 26  - 18  4 15 39  - 20  -  -  - 28 32 30 13  - 36  6  - 33 11  1 19 12 21  8 35 38  - 34  5  -  -  -  - 29
 16  7  - 33  - 19 20 23 18 37  3 31  6  -  -  - 29  1 22  4 21 11 35  - 38 27 13 40 14 30 28 15 24  - 34 39  -  9 25 26
  1 11  3 29  5  - 25  -  - 30 38  - 33 23 15 27  9 34 35 24  6 17 13 21 22  - 12  4  - 16  8 20 26  - 14 10 18 37 36 40
  7 17 20 14 40 39  8 37  - 38  - 36 35 28 23 24 31 12  - 10  5 34  - 32 25 16  - 13  -  -  -  9 22  -  1 26 30  6  -  -
 36 10 21  7  9 29 13 32 23 28 16 15 30  - 17 26  - 31  - 22 12 27  -  1  - 18  -  - 40  - 20  2 39 11 24  - 19  -  4 25
 38 12  -  1  3 10 15  6 13  5 35  7  - 30 22  2 25 18 14  - 20  8 34  4 27 26  9  - 16 11 39 32 29 17 33 19 40  - 37 24
 13  -  7  - 12 16  2 17 11 36 39 19 15  1 18 37  5  -  8  - 30 33 29 20 34 32 35 26 28  -  -  4  9  - 10  6  - 21  -  3
 34  1 29  - 36 38 35  5 17 16  - 30 40 13  8 31 28 19  - 18 14 25 39  7 37  4  - 10 22 21 24  6 23  9  2 33 12 11  3 27
 24  -  - 21 13 25 30 22  5 40  7  6 34  - 38 39 37 32  - 35 11  2  1 19 18 29  - 33  - 28  - 23  4 15 31 36  8 26 14 16
 12 21  -  - 20 32 14 34 30 29 28  9 26 15 19 10 33 16  - 11  1 18 17  - 24  6  3 37  - 31 36  - 35  - 39 27 13  - 22  4
  - 20 33  - 19 15 29 38  6 18 32  5 24 11  7 13  -  8  1 37  -  -  - 30  - 34  2 28 17  -  - 35 12  4 27 21  -  - 10 39
 28  -  6  - 17 24  -  7 27  1 31  8 36  9  - 11 22 25  - 16  -  3 21  - 12 10 20 35 37 13 15 26 19 18 40 30 29  - 33 34
  -  -  9 10 39 27 36 40  1  -  2 28 22 38 20 19 23  - 21 32  - 24 18 11  - 14 17  3  -  4  5 29  -  7  8  -  - 12 26 30
 23 40 17 19 10 11  - 12  8  6 24  4 18 39  - 29  - 14 15  3 25  - 31 27  9 33  7 16  1 37 26 34 36 38 21  5  -  - 35 32
  - 38  - 36  4  5  - 35 21 32 13 25 29  - 16  - 10 40 23 17 24  - 12 28  - 39  6 19 26 34  -  7 31 33  3 18  -  1  -  -
  8 27 34 37 32 35  3 39  7  -  - 22  9  - 29 30 11  5 25 13 26 40 19 12 23  - 33 18 10 38  1  -  6 20 28 16  4 15  2 21
  4 18 14 30  1 13 31 10 26  7  - 29  - 22 21 35  -  3 11  - 40 19 15 37  - 36 24  - 34 32 27  -  - 12 16  9  - 20 38 28
 29 37 30 22 16  6 17 15 25 20 10  -  8  - 35 21  -  9 28 19 39 23  4 24 32  2 34 11 27 14 31  1 33 13 36 12 38  -  5  7
  - 39 38 12 35  - 33  3  - 14  6  -  5 26 37  8 34 36  4 15  - 29 11 10 13 31 16 30  9 27 19 25 18 40 20  - 23 24 21  -
 14  -  1 24  2  -  5  9 32 12 40 37 38 16  -  - 19 20 30  6 23 35 27 34 26  - 39  - 25 10  - 13 17  - 18 31  3 29  7 22
  - 13 36  8 14  - 37 28 35  4  -  - 27 20  3 23 18  - 19 25  2 22  6 29  - 30 32  - 33 17  9  - 21  -  - 15 26 16 12 10
  6  - 40 26 24  1 27 11  3 34 21 16 19 33 25  - 36  7 39  8 32 28  2 22 31 35  - 14  4 12 38 18 20 37  - 29 15  - 13  -
 25  -  4 16 34 31  - 20 38  8 37 12 11 18 26  - 27 24 33  7 15  1  5  9  - 23 14 29 39 40  3 10  2 21 22 35 17  -  6  -
 22  - 16  6 33  9 21 24  -  -  8 23 32 29 31 38  7 26  3 14 10  - 20 15 28  -  4 25 13 19  - 40  1  - 35 17 27 34 18 36
 10 32  - 15 21  - 34 33  2 26  -  -  1 19 14  7 40 38 17 20 28 36 30 16 39 12 25  6  - 24 23 11  - 35 13 22  - 31  -  -
 37 23 26 20 29 17  1 31 14 22 27  - 13  6 34 16 30 35 40  -  3 15 38 18 19 24  - 21 12 33 25 39 11  - 32  -  7  - 28  9
  2 31 19  - 11 26  - 29  - 25  9 14 12 35 13 40 15 39 32 27 17 16 24  6  5 21  -  1 18 36 10 28 37  3 30  - 33 22  8 23
 18  - 39  2  -  7 40  -  9 23 34 11 17  4 10  - 12 33 27 36 13 37  - 35 21  5 28  - 38 22  -  -  - 19 15  3  1 32  -  8
 20  - 35 39  7 37  -  - 36 24 15 27  4  -  6 34 26  2  9 12 16 38 23 31  - 40  8 17 30 18 32  -  3 22 25 28 11 33  - 14
  3  8  - 31 30 18 24 27  -  - 36 34 37  7  5 17  -  6 29 26 19 32 40  - 15  -  1  9 23  - 13 22 38  -  4  2 28  - 20 33
 27  6  - 13 28 20  4 21 24 19 18 38 10  8 39 33  1 23 16  9 37 26  - 25  2 11 22 34 31  5  -  3 30 29 12 40 36 14 32 35
 11 25  8  -  - 12 38 30 29  3 26  1 14 32  4  -  - 10  7 23  9 21 28 13 33 22 40 39  -  -  -  - 16 24 17 20 35 27  - 31
