1280
  - 29  - 15 26 31 16 40 28  -  7  6 36  -  -  4 27  -  9 18 22 14 32  -  - 19  5  - 25 12 30 24 34 38  - 37  3  - 23 20
  2  1 20  5 36  - 15  3  - 24 30 35 39 16 27  8 25  6 17 29  - 26 13  -  4  -  7 19  - 23  9  -  - 11  -  - 14  - 38 12
  -  - 26 12 11 15 38 27 30  6 35 36 10 22 14  7 16 20 37  4 40 32  -  - 18 13  2 24  - 33 39  - 19 25  3  9  5 31  - 29
  4 36 13  - 15  - 27  1 39  2 25  9 14 37 16 11 23  5 19 35 38  3 40 12  8 20  - 33 21  7 17 18 29 26 32  -  - 28  6 24
  -  -  -  - 25  4  - 38 14  - 11  - 40 27 17  -  -  1 22 26 35 21  8  2 33 24 36 23  5 15 34  3 12  9  - 28 31  7 18 10
 32 38 17 33  8  - 26 11 35 25 36 14  - 29  2  - 34 24  1  - 23  4 31  3 37  7 40  - 30 27 16 13  - 21 20 19 18  6 15 39
 37 21 38 28  5 17 31 24  - 30 16  -  - 18 15  1 32 36 39  2  - 20 10 27 40  -  3 14 33 34  7  9 11 12  -  - 13 23 19  6
 17  -  -  1 19 18  - 21  -  4 24 39 37  -  7 28  -  - 26 20  3  5 36 30 31 23 14 29  8 16  6 38  2  -  - 32 35 13  - 22
  - 37 18 16 17 24 34 12 26 33  8  1  5 15 32 35 36 22  - 19 31 38 20  -  - 10 39 25 29  - 40  6  4 30 21  3 11  -  -  7
  - 39  6 10 20  5  -  4 13 36 12 29  9 30  -  - 31 16  - 14  7 28 17  -  3  1 38 11 32 25  - 19 21 18 23  - 15 26 40 33
  -  6 19  2  - 40 23 18  -  8 14 28  4 24  -  - 39 21 12 38  - 31  - 36 29  9  - 16  - 26 10  5  - 32 30 20 34 15 35 13
 18  5  -  - 35 21 19 32  - 34  2  - 30  - 36 39  6 12 23  - 10  - 38 14 15 11  9 37 26 29  1 40 13  7 28  -  4 17 20  3
  - 35 24  3 16 26  -  - 36 17  4 30 15  9  - 20 18 33  8  - 28 34 37 23 19 21 31 13 40 38  - 11  -  2 29  -  6 32  5  1
  7 11  -  9 33 36 35  6  2  -  1 31  8  -  - 29 28 10 15 32 26 30 25 19 17  - 21  -  3 13 12  - 18  - 22 38 24  5 34 16
  -  - 29  - 30 25  3 31  - 39  9 11 22  7  5 19 15  - 20 28 14  1  6 18 10  8 13 35 27 21  2  - 37 33 24 17 26  - 36 32
  6 26  8  4 34  1 22  7 37  - 21 23 18 33 40 32 17 15 27 39 25 10  2  - 20 30 24 36  9 11  -  - 31 28 19 14  - 12  3 38
  5 34 37 35  3  - 32 33 16 31  - 17  -  - 18 15 24 25  6  7  9  2 26  4 13 38  1 21 28  8 14 22 40 23  - 11  - 36 29  -
 31  3  -  8 23 37 25 19  9  - 22 27 35 17  - 10 12 18  -  6  - 36 30 24 16 32 20  -  7  - 15 29 33 13 26  1 40 34  - 14
 19 31 15 32  - 30 29 16  - 21 23  -  7  2 38 36  -  - 33  - 11  - 28  9 35 18  8  - 20 17  4 25  6 10  - 12  - 39 37 40
 15 24 35 18 12  8  -  - 20 23 17  5  -  - 11  2  4 28 30  - 37 25 33  -  -  3 29 32 10 19 13  - 16  6 34  -  1 38 39 27
 20 23  9 11 39 33  8 10  - 18 34 13  2  - 24 12 21 17  7  3 19 15  5 40 38  -  - 22  - 14 27 36 30 37 16 25  - 29 31 26
  - 22  5 17 29 10  - 15 19 20 38 40 33 23 34  - 35  - 24  9 32 39 12  -  - 27 18  -  2  3 31 16 25  4  -  8  7 37 14 21
 21 12 27  - 28 29 18  - 23  - 39 16  3 34 33  9 30 26 40  8 15  - 22 17 25  5 10  6 38  - 32  2  1 14 11  4  - 24  - 35
 14 25  2 13 10 22 24 39  8  3  -  - 11 40 12 18 33 30  -  -  -  - 27 21  6 36 15 34 19 28 29 32  9 35  7  5 38 16  1  -
 33  2  4 21  9 38 36 14 10  - 18  8 27  - 20 40  -  - 25 37  5 17 19 15  7 22 28  1 34 24 35 31 26 39  6 23 29 30 16 11
 11  -  - 38 31  - 30 36  4 10 33  -  -  6 29 37  5  -  - 24  -  -  - 20 12 17 23  3 14 35 26 15 32 27  8 22  - 19  2 25
  - 18  -  7 32 11  - 35 33 26 40 37 16 36  9 21  - 13 14 23 17 29  -  6  5  4 30  - 31  -  -  1 20  -  - 34  2 25 24 19
 24  - 21 39 14 16 28 23  6  9  - 12 34 20  - 30 11 31 13 10  4 27  1 26 22  2 35 40 36  - 38  7 17 15  - 33  -  -  8  5
 10  - 36 22  1 13  5 29  - 38  - 34 19  8 30 25  - 27  3 21 39  -  4 35 11 14 32 28 16  2 24 20 23 31 17  -  -  9  - 37
  - 10 34 19  7 39  4  9 12 28 32  -  -  1 22 33  8 37 29 15 21  6 16 31 23 26 11 18 35 30 25 14  3 40  5  - 17 20  -  -
  - 33  7 23 24 20 14 30 17 27 13  2 21 35  8  -  9 19 38  1  -  - 29  - 28 16 26  4 12  5 11 39 15  3 10  6 25 40 32  -
 26 20  3 34 38  7 40  8 32 22  5 21 25  -  - 31 19  -  4 11 16 35 24 37 30  6 17  - 18 36  - 28 39 29 15  -  - 27  - 23
  - 19  - 14 21 32 33 13  7 16 15 20 17  3 23  - 40 38  5 25  -  9 35 11 34 28  -  -  4 18 36 37 27  1 12 29 39  8 22  2
 39 13 32 30 40 14 17  2 29 15  3 19  6 38 10  -  -  7 35 34 36 12 23 22 21  -  -  5  - 20 28  4 24 16  9 31  -  -  -  -
  -  7 14 29 22  3  -  -  - 35 31 38 24  5  6 34 13  4  - 40 12 16  9 39  2 15  - 20 11  - 23  -  -  - 18  - 30  1 26  -
  - 17  -  -  4  - 21 20 34 11 10  - 32 26 31 14  2  - 18 12 29 33  7  5  1 40 25  8 39  6  - 27 38  - 13 16 36 22 30  9
 13 14 33 20 18 27 39 26  3 29 28  -  -  -  - 38 37 35 36 31  6 22 15  -  - 12 16  - 24  -  8 30  5 17 40 10 21 11  - 34
  -  4 12  -  2 23  6  5 25 40 27 18  - 31  - 16  1  9 11  - 34 24  3 10 32 33 19  7 13 22 20  -  -  - 14 39 37  - 21 15
  9  - 30  - 13  6  1 28 11 37 26  - 20 19  4  3 38  -  - 33 27  7 14 16 24  - 34 39 15 40 18 10 36  - 35 21 23  2 12 17
  -  -  - 24  6  2  7 34  5 32 19 10 29 39 26 23 20 14 16 13 30 11 18  - 36 37  -  - 17  4 21  8 35  - 27  -  -  3  - 28
