1280
  2 33  - 11 23  - 18 25 28  8 17 34 30 22 38  -  - 19 39 31  - 29 26  5 14 37  9  4  - 13 12 40 21 24  -  - 20  7  - 32
 13 32 30  1 38  - 36 39 35 18 20  - 37 19 24 23 31 28 26 33  9  - 16 21  7 12 34 10 29  - 27 11 15 14  5  3  2 40  4 22
  9  7  1 18  - 15  - 30 14  -  3 29  -  8 35  6 20 40 19  -  2 34 39 22  - 25 31 32 13 10  - 38 17 12 16 37 23 21  5  -
  - 23 40 30  -  3 24 11 32  4 15 17  - 14 31  7  - 39  8 21 19 20 22 37  -  - 12  -  - 35 28  2  9 25  6 26 33 16  1  5
 15  2  - 36  - 28 30 21 19  6 10  9  - 32 23  1  - 12 18 38 39 31  3 13 37 40  - 27  8 16 24 34 20 22 29 17  4  5 33 25
 14 27 20 21 39  -  8  -  -  - 38  -  3  9 17  - 25  - 12 16 24  6  1  -  - 34 22  - 37 28 18  - 23 10 35  - 29 30 19 11
  - 18 29  -  7  -  - 15  - 12  - 33 21 25 37  -  - 14 35  - 17 40 32  -  -  9 38  - 11  5 26 27  2 30  - 22  -  4  -  -
 17 14 23  - 18 26  -  6 39 24 30  8 12  1 34 22 21 35 16 29 31 11 36 40  9  5  4 25  7 38  2  - 10  - 33 27  - 37 20 19
 10 16 34  -  - 31  4  9  - 30  - 23  2 40 27 17 37 13 28 26 35 18 15 38 33  -  3 19  6 24 39  8  1  - 32  - 14 22 12  -
  7 29 21 31 19 40 35  - 11 23 27 13 15 16 14 37 33 38 25 30 18  4 20 24 22 10  2  -  5  3 36  1  - 17  - 32  9 26 28  6
 20 19  - 12 25 22  - 24 16  - 36 32 29 15  -  8  5 11 37  - 30  3 34  9 26 18  - 38  2 27  1 31  -  - 17 13  7 33  6 40
 23 39  - 24  -  - 17 19  -  3 40 26  - 11  9 25  2  5  -  8  - 16 35 28  -  1  6 12 18  - 22 30 29 33  -  7 37  - 14 10
  - 30 38 37  - 23  1 18  9  - 21 22 13  - 12 32  - 31  4 10 36 25 11 17 27 16 33 35 20 40 19 26 39  -  7 15 34 14 24  3
 33 20  9 35  - 19  - 16  - 27 31 21 17  -  - 30  1 23 14 40 29 15 24 32 12  8  7  - 25  4 34  - 22 26 39  -  6 38  - 13
  -  1 12  4 40  - 16  5 36 15 29 18 24 26 28  - 19  6  -  -  8 13 10 33 11 22 20 14 17 37 35  7 27  3  9 30 25 32 23 21
 40  3 32  -  - 35  - 14 12 20  2 27 16 30 18 26 10  9  7 15 33 21 13  1 29  4  - 34  -  8 23  -  - 36 19  -  5  6 25 24
  - 35 18 33 32 29 25  7  -  - 34  2 10  - 11 13  - 15  - 22 14 37 38 26 39 31 19  1  -  9 16  6 30  5 27  4  - 28  - 36
  - 40 37 39 13  -  - 33  2  5 18 10  1  7  -  4 24 34 38 32 21 36 12 31 30 23 27 29  - 15 20 35  3  - 22  - 11  - 16  -
 37 15 19  3  - 25 33  - 20 10  -  -  5 21 16  9 27  4 24  -  - 22  - 12  2  - 17 28 39  1 29  -  -  7 38 40 31 13  - 34
 32 38  -  - 36  5 12  4  - 39  9 24 14  6  7  3 13 17  - 34 40 27 21 11  8 35 37 20 22  -  - 28 31  - 18  1 26 23 15 33
 11  9  -  - 17 37 32 35 13 34  - 40  -  3 10 36  8 20  - 28 25 33 27 39 21 24 18  - 19 30  7 16 38  4 31 14 12  - 29  2
 19 28  6 23 14  7  - 40 24 21 13 37 27 29  -  - 26  1 17 18 12 10  5  2 34  3 11 36 15 32  4  - 33 38  8  -  - 39 31  -
 25 17 26  - 35  8 29 22 27 13 33 31 11  4  6 28  9  - 20 37  - 12  - 34 16  -  1 30  3 23  - 39 24 15 40 19 21 36 18 14
  1 11 27 19  -  2 23  -  5  - 16 20 18 34 29  -  -  3 33 39  -  7 14  - 25 38 40  - 21 12  6 10 13 31  -  8 30  9 37  4
  - 24  7 16 15  - 21 29 34  -  - 30 39 37  5 33 23 36 11  - 22 28 31  6 32 17 35  3 40 25  8  9 14  2  4 38  - 10 27 12
 35  6 13 32 12 10 14 28  - 11 23 19 26 24 40 18  -  7  - 36 37  -  9 27  3 20  -  -  4 33 17  -  5 39 25 31 38  -  8 16
 24  - 36 17  6 39  -  -  -  9 28  - 31 12  2 38  - 30 40  -  7  1 29  - 23 26 10 22 33 34  5 14 19  - 21 25 35 18  - 15
 12 34  -  2 21 36 22 13 29  -  4 11 38 17  - 31  -  -  1  5 16 24 30  -  - 33 25 18 26  -  - 20 40 37 10  -  - 19 39 27
 27 25 16 10  9 11  7  1  6  - 37 39  8 23  - 19 22 33 36  -  5 26  4  3 38  - 21 24 30  -  - 29 34 35 12 18  -  2  -  -
 36  -  -  7  2 27  - 26 31  - 24  - 40 13 22 15  - 16  -  - 34 35  8 10  4  6 32 21  - 17 11  3 28 19 14  9 39 25 30 20
  4 22 35 15 37  9  - 34 21 31  8  6 32 36  1  -  3 27 30 17  -  - 25 16  -  - 24  7 28 39 14  - 26 29 11 12 40  - 38 18
 22  4 17 27  1 12  - 20 26  7 11  -  9 33 39  5 30  -  2  6 28 38 23  8  - 14 16 40 10 18 15 24  -  - 36 21 19 29 13 37
 21 37  3  8 16 30  - 27 10  1 32  - 28 38 15 40  4 29  9  - 20 14  6 25 17 39 26 33 34 31 13  - 11 23 24 35  - 12  -  7
 31 36 25 40  - 33  6 38 23 16 22  -  - 18 32 29 11  2 13  4  1 17 28 35  - 30  5  9 14 26 37 15 12 21 20 10  8 27  - 39
  3 31 28 14 29  4 39 10  -  - 25 38  6 27 13  -  - 37  5  7 32  9 19 20 35  -  8 16 24  2 21 22 36  - 26 34 18  -  - 23
  5  8 24 38 22 18 26 23  4 29 19 35  - 28 33  - 36 10  - 25  - 39 37  - 20 13 15 17  -  -  - 12  - 40  - 16 27 31  2  9
 28 12  -  9 34  6 38 36 22  - 14 15  7 39  - 11 35 21 23  3 27 32 17 29 19  2 30  5 31 20  - 13 25 18  1 33 16 24 10  8
 26 10  - 20  - 13 40  2 37 32 39 28 25 35 19 21  -  - 34 12 38 23 33 14  - 27  - 31 16  -  3  4  -  - 30 11  -  8  7  1
 39 26  8 34  -  - 31  3 17 36  7  - 23  -  4 24 14 22 15  -  -  5 40 18  1 28 13  6 32 21 25 19 16 20  - 29 10 35  9 30
 30  -  -  -  4 16  5 17  1  - 12 14 33  -  8 20  - 18 27  9 13  -  7 23 40 36 39  -  - 29  - 37  - 34  2 24  -  3 26 38
