1280
 23 37  -  - 24  1  8 32 21 14  - 39 35 33 19 28  4 31  5 40 13  - 26 12  6 10 11  3 15  7 20 22 29 18 27 36  -  - 38  2
  2 39  - 30 40  -  - 24  -  - 36 34 20  8 25 31 19  -  9 14  6  -  1 38  - 35  7 11  3 23  - 21  - 28 33 22  - 26 12 15
  -  5  7 25 13 23 29 20 12  - 22 26  -  6  - 38 28 39  - 33  - 18 30 40  2 34 31 19  -  -  - 14 24  8 35 16 36  3 11  1
 13  2 39 27 32 33 21 18 25  - 12 38  1 37 23 17 15 35 31  - 29  3  7 19 16 36  - 24  9  - 26 30 11 22 40  5  4 10  - 14
  6 17 31  - 20 11 34 21  2 26 16 25  3 10  -  -  - 14  8 35 22  - 40 36 23 29 24 15 28  -  7  - 30  5  -  - 18  -  -  4
 17 36 14 28 22 24  5  -  - 10 23 32  - 26  - 40  - 33 27  9 39 31 34 35 15  - 13  - 20 25 16  1  8 19  -  -  3 21 18 38
  1  - 27 39 25 34 40 16 37 24 20 11 30 15  - 22 17 23  -  8 10 26  6  -  - 28 38 36  - 35  2  -  - 32  4 14 33 19  5  -
 14 12  3 31  5 15 17  9 19 23 40 24  -  -  - 27 32 10 22 37 20 33 35  -  4 39 25  2  8 13 11 16  7  - 26  1 21 30  -  6
 24 40 26 18  6 36  2 13 17  -  7  8 25  - 15 23  -  5 30 22  1 12  9 37 35 19 27 39 16 20  -  4 32 33  - 28 14 29  3 10
 12  4 10 36 26  8  6  5 34 32 37 21  2 22 40 29 13 17 14 15  - 27  3  -  9  - 20 23  7 16  - 18 19 35 25 31 11 38  - 39
 33  -  -  7 37  4 11  -  - 34 27 12 38 40 16  - 30  2 20  5 18  -  -  8 17 14 39  -  -  3 28 26  - 24 36  - 13 22 19 31
  -  - 15  9  8 16  - 17 11 25 32 14 24  - 35  2 18 36  -  3 12 20 13  4 33  6 26 40  5  - 10 37 22 30 38 29 39  7 28 23
 31 35 38  - 30  5  -  - 32 11  8 13  - 36  2  1  7 26 10  6  3  - 12  - 25  - 21 28 33  - 18 23  -  - 34 17 22  4 16  -
 30  6  -  -  - 22  -  - 15 27  5  - 31  -  3  4  - 25  - 39  8 35 16  -  - 23 12  - 40 28 21 19  -  -  9  7 17 24 32 11
  7 31 21  - 16 20  - 29 39 19 10  -  - 38 26  -  - 34 12 28 14 17  - 18  -  2  4 25 32 15  -  5 33  -  1 11  9  -  8 35
 32 27 19 12  1  - 15 30  - 29 34 23 26  2  9 35  8 16 28 17  5  - 38 24 39 11 40  7 22 14 36 20 13 10 18 33  - 37  - 21
  4 24  -  2  7 31 23  8 13  - 39 19 16  5 14  -  -  - 35  - 25 15 17 11 38 37 32 30 36 22 12  -  - 34 29  3 20  1 33  -
 20  - 29  - 33  9 30 25  5 40  6 36 23 13 27 32  2  -  - 12 15  - 22  - 21 18  3  4 11 17  8  -  -  7 24 34 19 28 35 26
  - 19  - 17 12 32  9 11 28 39 26  - 33  -  -  -  - 24 15 38 35 36  -  -  -  -  5 27 23  - 31  2 21  6  -  4  -  - 20  -
 27 34 40  3 38 19 18 10 22 30 13 28 12 29 21 33 35  1 16 32 11 23  8 17 31  - 36 20 14  2  - 39 15  9  - 26  6  -  7 25
 40 32  - 15 34 30  3  4 23 12  -  5  - 19 20  - 39  6 38 24 36 37  -  7 28 27 22  -  -  9  - 11 16  2 10  8 26 17 29 33
  5  -  - 40  2 38 35  -  -  3 29 17  4 23 28 34 24 32  7 25  9 22 20 30 11  -  1  8  6 21 37 15 27 12 19  -  - 31 39  -
 10  9 35 13 15 37  -  1 38  -  4  - 29  -  5  - 23 21 32 30  2 11  -  - 19 33 34 26  - 24 39 25  3 20 22 40 28  - 17 12
 35 21  4 22 36 17  - 31  8 33 11 30 14 39  6 18  5  3  - 29  7 28 10  - 27 26  2 16 24  - 25  - 20  1 32  -  - 13  9 19
  3  -  -  4 17  - 20 26  9 37 31  -  - 30  -  7 21 12 25 23 16 19 36 22 10 40  - 38 35 27  6 32  5 39 15 18  1 34  2 24
 11  -  2 14 39  - 32  3 30  - 38  9 13 21 36 10  - 20  4  7 33 25  - 16 29 31 17 18 19 12 35  -  - 15 23 24  8 27 26 34
 39 18 33 21  - 13 38  - 10 20  - 40  7  9  - 30 37 27 11  1  4  - 29  -  - 32  6 31 17 26 19 36 25  -  -  2 34 15  -  -
  - 10 34  5 11 25  7 14  -  -  3 35 22 16 12 19 20 28  6 31 27 32  4 13 26  9 15 17  - 30 24  8 36 21  2 23 29 39 37 40
 36 30 13  8 21 29 39 34  - 16  9 37  6 25  - 11 10  - 18  2 28  - 24 26 20 38 23 12 27 19  5 33  1 14  - 15 35 40 22 32
 16 38 11 10  - 27 26 35 14 13 21 29 15  - 33 12  - 40 34 19 17  - 28 25  1 30 18  9 39 32  -  3  4  -  5 37 24  - 31 20
 29 33 23  -  -  -  4 38  -  2 19 15 36 35 18  3 27  8 26 34 37 39 11  9 24 13 30 10 25  5  1  - 28 31  -  - 32 16 21 22
 15 23 16 29 19 35  - 39 20  7  - 18 32 28  4  5 31 30 33 36 26 40 21 27  - 12  9  1 13  8  - 38  2  3  - 25 37 11 24 17
 34 26  - 16 10  6 28 19 36 31 30 20 18 12  1 25 38 22  -  - 21  9  - 33 13  - 37  -  4 29  -  7 14 17  8 27  -  -  -  3
 37 20 12  -  9 26  1  6 24 28  2 22 27  4 38 36  3  - 39 21 40  - 32 15  8  7 33 29 34 18 17 35 31 11 16 10  -  - 14  5
  - 28  - 19 27 10 25  -  3  5  - 31 17 24  - 20 16 37 36  4 38  6 14  - 18 22  8  -  - 11 32 29 12  -  - 35  7 33  1 30
 22  -  1  - 28  - 31  7 40 38 18  4  - 11 39 15 34 29 24 27 30 21 19 10 36 25 14  5 37  -  3 13 23 26  -  -  2 32  6 16
 28 29  - 38  - 39 24  -  4 17 35 16 34  - 22 14 26  7  - 13 23  - 15  5  - 21 19 33 12 31 30  -  6 25 11 32  - 36 10 18
 25 13 36 37  4  7 22 28 18 35 24 27 19 17 11 26 33  9  3 10 31  1  2  - 12  - 16 21  - 38  -  6 34 40 14 39  5  - 15 29
 19  7 37 11  -  2  -  - 35  1 25  6  5 32  8 24 36  - 21 16 34 30 33 20  3  -  - 22 38 39  - 31 26  -  -  9 12 18  4 28
  -  - 17  - 31  - 13 12 16 22 33  - 37  3 10  -  - 11 23 18 19 34 25  1  5 20 35 14  - 36  9 24 40  4 28 30 38  - 27  7
