1280
  - 37  9  - 21  8 22  -  - 30  - 40 16  -  2 23  -  7 38 19 29  1 36 31 12 34  - 39 13  5  -  3 20 10 33  - 11 15 24 26
  - 33  6  -  5  - 24  3 37  7 30 35  8  - 21  4 15  1 17 12  - 38 16 18  - 32 31 11 39 13 14 29 25 23 10 19 20  -  -  -
 12 13  1  5 32  - 31 27  - 21 29  -  -  - 37 17  2 25  - 18 26 35 23 14 24 38 20  6  - 19  8 16 40  7  9 28 22  4  3 15
 19 29 33 36  - 22 40 12 15 10  7  9 28 11 25  -  -  2  5 37  4 26 27 32  3 21 23 18 17  - 34 30 38  - 31  8 14  1 39 24
 20  2 18  - 12 36 35 17 29 22  3 21 25 32 10 38  -  - 11  5  -  8 15 26  6 16  4 24 19  1  9 39 30 14  - 40 31  - 34 13
 26  - 16  - 30  4  - 38  9  -  - 20 22  - 32  - 18 34  3 13 17 27 10  - 15  2  8  -  6 25 24 31  1 39  -  -  - 35 12 33
  5 18 14 23 24 38  - 28  6  - 31 32 15 19  8 10  7  -  4  -  - 33 17 37 35 13  - 20 29  3 40  -  - 30 21 26 36  2  1 22
  4 32 13 20  - 14  -  1 28 25  9 10 27  6  5  -  -  3 37 24 35 18 21 36 29  - 15  -  - 26 33 17 39 40  8  7 30  - 16 11
  - 34  - 40 27 29  - 19  1 33 38 15 30  -  9  - 36 37  -  7 18  2  5  - 32  - 10 17  4 39 12 20  6  - 35  - 28  -  8 14
 38  - 37  1 40 35 30 36  - 17  - 27  - 25 15  3  6 26  - 31  8  -  - 29  -  - 18  9 23 33  - 11  - 20 39  2 13 34 21 10
 22 24  - 14 36 23 15  7 39 38 35  -  - 29 17  - 19 33 16  8  1  3 31 30 28 12 26 21 40  9 10 37  -  2 13  5  4 11  6 32
  - 21 11  - 17  - 18 23  -  - 33  - 34 35 16  9  - 39  8  3 20 22 37  - 14 24 40  1  - 28 27  - 15 29  6 13 26  - 36 38
 15  8 35 33  - 34  - 21  -  1  2 24  - 38  6  -  - 13 20  - 11  7 30 22  9 29 28 12 32 17  5 19  -  - 26  - 39 10  - 25
 34 10  -  - 26  - 38  8 13 23 21 16  - 17 11 12 30 14 15  4 36 31 39 35 37 33  - 40  7  -  1 28 19  9 18  - 25  6 29  5
 32  7 31 16  -  9  -  2 40 39  4 26 11 37 33  -  5 24 18 28 27  - 14 38  - 17 36 10  - 22 19  6  -  - 25 20  1 30  - 23
 18 23 28 12 37 20  - 11  3 24 17 36  9  - 31 39 35  -  - 34  7 10  4 33 25 30  - 22 16  2  - 14  - 32  1 15  -  8 38 21
 21  3 29  9 13 25  2 10 18 15 24  - 14  8 28 31 32 27 40 22 39 37 20 11  4  5 33 35  1  -  - 26 17 34 16 38  6  7 19 36
 11 12  5 39  4  6  -  9  - 37  - 38  - 18  3 33 29 21  -  1  - 28 25 24  -  -  -  2  - 20 16  8 36 22 32 34 19 14  7  -
  2 35 10 21  -  1  6 40 32  - 15 11 29 39 23  - 24 20 33 16 37 34  - 25  7 14  - 38 18 30 26 13 28  - 19  9  - 31 27 17
 36 14  7  2  - 18  - 16  - 31 12  8  6 26  -  1 39  5 34  -  9  -  - 23  - 22 38 25 24  - 13 15  - 33  - 32  - 17 37 27
 27  - 12 22 10 37  7 24 21 26 25  - 17  - 13  - 16 38 30  - 19 40  -  8 33  -  3  - 36  4 39 35  9 15 11  1  5 29 32  -
 33 11 21 31 23  3 14 39 16  9 18 37 35 10 40 15  1 22  - 30  -  5 32 28 36 26  6  -  8 38 20 34  7 13 17  -  -  -  4 12
 37 26 24 10  8  -  - 35 33  6 16 22 31  - 34  5  4 18 23  - 30 39  1  - 27 36 11 29 20 40 15  - 32 12 38 25 17  3  -  2
 23  - 30 26  - 11 37 20  - 27  1  -  2  -  - 14  9  -  - 25 32 36 38  6 19  3  7  - 10 16 31 22 35 21 12 39 34 18  5 28
 29 30  3  8 18 27 10 25  -  - 37  6 19 23  4 26  - 16  - 40  - 21 35 13 39 15 32 36 14  7  2 38 33 28  5 11 12 20  9  -
  -  9 17  4  6 12 25 15  5  3  - 31 37  -  1 30  - 11  - 33  - 13  8 10 23 28 39 26 38 29 32 18 24 19 14 35 16  - 40  -
  3 27 36 35  1 17 34  4 20  -  - 19 32 16 39  7  -  6 26  9  -  -  2 12 30 10  5 15 33 37 18 24 13  8  -  - 21  - 23 31
  8 22 40 18 38 15  1 32 30  5 34  3 24 13 19 37  - 23 12  6 33 11  -  4 10 39 27 28  9  - 25  2 31 35 20  -  - 16  -  -
 39 16 38 28  9 30 33 22  2 32  -  -  5 15  7 13  - 12 35 17  - 24 18  1 31  - 29  3 25 34 11 36 23  4 27  6 10 19 26  -
  - 38  2 30 31 33 32  5 17  8 14 29 39  1 27  -  - 35 21 23  3 20  -  -  - 18 19 13 37 11 36 10  4 26 28 12 15  9  - 16
 17  - 23  - 16 19 39 26 34 28  8 13  7 36 30 11 14  -  1  2 15  9  3  - 21 25 35 31  5  -  - 40 12 27 22  - 33  - 10  4
  -  - 26  - 15 32  - 30 12 35  5  2  - 20 18 22 28 19 29 36 34  - 11 17  - 23 24  4 27 10 38 21  - 31  -  3  9 39 33  8
  1  - 27 13 33  -  9 18 36 20 11 28  -  - 14 25 12 17 22 38 16  4  - 39 26  -  -  -  3 31  -  - 29 37 24 30  - 32 15 34
 24 36  8 25  2 39 21 31 27 29 10  - 12 34 35  - 38 30  - 32 13 17 40  5 20 37  1 16 22  -  3  4 14 18 15  - 23 26  - 19
 16  4  - 29 25 24 11 13 10 14 23  5 38  - 26 35  3 40 36  -  -  -  - 21 17  8  9 27 28 12 37  7  -  1 30 22  - 33 20  -
 28  - 39 15 11 31  - 34 24 16  - 30 18  3  - 19  -  4  7 10  - 23 33 40 38  9 25  5 21 27 35  1  8  6  2 37 32 12 22  -
  9 17 34  6 39  7  8 33 38 13 32 25  -  - 22 20 23 36 28 26 40 29  - 15  2  1 16 37 31  -  - 27  - 24  - 10 35  5  - 18
 30 15  - 17  7 16 20 37 25  2 39 18 23  9 29 40 22 10 14 11 24 19 12 27  1  6  - 32 26  - 28 33  5 38 34 36  3 13 31 35
 25 39 15  -  -  - 36 29 26 18  6  1  - 21 12 32 27 31 10 20 28 14  9 16  8 11 30  - 35 24 23  5 22 17 37  4 38 40  2  3
  -  1 32  - 35 21 27 14 23  - 28  - 26 33 38  2 20  8  6 29  5 16  -  9 18  -  - 30 11 15  7 12 34  - 36 31 24 22  -  -
