1280
  5 22 39 34 19  -  4  - 40 16  - 23  7 10 26  6 11  - 12 15 20  - 31  2 18  -  - 33 32 21  - 14 35 28 25  -  - 24 38  -
 22 17 36  - 10  - 12 38  -  -  -  7 37 13 27  9 15 18  4 16  -  - 23 39 25 28 32  5  - 20 29 21  -  3  1 31  8 34 33 26
 24  2  8 35 22 20 13 36 12 14  -  -  3 33 18 25  7 31 16  5 26  - 39 30  -  1 40  9  - 28  6 38 37 15 32 34 29  - 11 23
  - 10 23 20 31 37 28  - 36 27 11 21 39 38 33  - 18 24 30  4  8  6 16 32 14 19 29  -  -  -  2  - 12 40  -  - 26 13 34 17
 35 27 31 16  3 29  -  9 23 17  -  -  - 15 12  5 32  - 34  - 22  2 21 36  4  - 38 20  - 30 18 26 24  8 10 40  - 33  - 14
 30 36 10 37 24 19 26  2  -  -  7  -  - 40 32  8  5 16  - 14 21 23  -  - 13 33 15 39  -  - 31  6 22  - 27  - 28 20 17  4
 19 37 34 26  4  7 17 28 31  - 22 25 20  - 13  - 23  8 32  2  - 12 30  -  - 35 24  -  9 18 38 16 39 11  - 29 15  3  -  -
 33  -  7 18 14  4  - 17 21  3 26  - 25 16  - 28 10  -  2 36 15 35 29 12  -  9 39 24 20  -  8  1 34 30 11 13  - 23 22 31
 11  -  - 40  - 27 25 14  2  8  5 28 12 39  4 29 38  - 19 33 17  -  7 26 35 20  6 34 10 31 16  -  9  1 13  -  - 36 23  -
 28 12 32 22 36 38 20 10 13  -  6 40 24  - 37  - 17  7  8 21 23  3  - 34 29 31  2  - 39 25  -  - 27  4 26 30 35  - 16 15
 26  -  1 10  6  -  9  3 28 31 38  - 30 29 24  2 27 22 23  -  7 40 34 20  - 18 37 17 16 36  - 33 15 19  5 14 39 32 21  -
 39 31 14 33 18  9  7 20 16 22  3 38  2 37 28 23  6  - 13 27 19 25 36 11 30 12  5  1 29 17 21 15  -  - 24  8 32 35 40 34
 15  -  - 11 33 32 39  -  3 38 13 18  1  9  - 30 21  - 36 31 12 27 40 28  - 16 23 22  -  -  -  4  6 20  2 10 14  - 35  5
  - 16  -  5 23 21 24 12 10 25 32  - 35 18 39  7 40 28 14 26 38 31 22 27  - 17  -  8  4 15 34 30  3 13  9 19 20 29  - 11
 38 25 21 13  - 23 40 24 20 26 18 22  -  -  - 32  3 36 35 17  - 34  - 16  5 29 11 12 37 39  - 31 10  -  8  4 33  1 14  -
 31 34  5  1 35 13  3  8 32 28 16  9 17 14  -  - 36 33  - 12 24  -  - 15  -  6  4  -  - 23 10 29  7  - 21 22  - 27 20 30
 36  4 12 19  - 34 27 40  -  2 35 30 23 31  9 15  - 29 22 32 33  -  1  6  - 39 14 21  5 24 20 37 17 26  3 25 13 16 10 38
  6 33 27 14 38 35 16 22  1 20  - 13  -  - 17 40 19 25 15 23 10 32  8 21  9  4 31 37  3  - 39 11 28 24  -  -  7  5 18  -
 21 39 13 32  - 28 23  - 24 34 15 16 38 11 20  - 22  - 29 40 37  - 18 14  -  3  9  4 33  -  7  -  5 35 31  6 36 25  8  2
  -  3 18 23  8  -  -  -  5 30 28  4 16 27  -  - 29  1 39 24 36  9 38 33 20  - 10 11  -  6 13 25 31  - 34  - 17  -  2  7
  8  - 30  -  7 18 22  4 37 21 24 39 13  1 36  -  - 20 33  3  6  - 10 23 32 38 27  -  2  5 11  - 14 29  -  -  - 40 31 12
 10  8  6  - 16  - 11 39 18 40  -  1 27  - 15 36 26  9  - 19  - 28 24 17  - 13  -  7  -  4  - 35 33  5 14 32  2 37 25 21
  4 24 25  2  5 15 31  7 27 32 10 11  - 30 35 38  - 17 18  6 40  - 20  -  -  - 33  - 23  3 28  -  - 36 39  - 21  8 12 16
 40  9 24 12 39  2  5 34 11  1 31  6 10  3  - 26 25 13 37 29 18 38 33  8 15  7 21 32 14 16 22 19  4  - 20 35 23 28  - 36
 20  - 19  8 29 12 14 33 39  4  2  - 40  -  6 22 13  - 31  9  -  1  5  3 10 32  - 15 36 35 26 27 23 21  - 38 25 30 28 18
 17  - 20  -  -  - 37 21 30  -  1 31 14  - 29  4 16  2 27 18  - 33 15  -  3 34 35  6 25  8 23  9 36  7 19 26 11  -  - 39
  -  - 29  -  - 39  - 23  - 13 12 32  5  8 14 17 35 38  9  -  1  -  2 24  7 10 28  - 34 22  - 18  - 31  - 11  3 15 26 40
 13  - 15  3  - 16 18 37 35  5  8 20 22  - 23 24 34 40  - 10 30 26 11  - 31  - 12 19 28 32  - 39 29  2 36 33  6  -  9  1
 14 32 26 28 37  6 15 29 34 12 17 36 31 35  1  - 39 21  3  -  4 11  - 25  -  -  8 30 40 13  9 24 16 33 18 20 22 38  5 10
 32  - 16 21  1 40 34 30 14 37  4  2  8  5  - 39 12 23 11 13  9 24 26 22  - 25  - 36 31  -  3 20 38  6  7 28 18 17 29 35
  -  5 28 30 20 11  - 31 38  7 29 14 32 22 40 10 24  - 17 35 34  8  9 37  - 21 26 23  6  - 27  2 13  -  4 16  -  -  3 25
 34 30 22  -  - 25  1  -  6 18 20  - 36  2 16 11 33  5 24  - 29 15 17 31 28 37  3 13  8 27 40 12  - 14 35 23  -  7  4 32
 12 35 38 17 40 14  - 11  8 23 21  -  9 20 31  -  2 10 25 28 16  5  3 18 24 26 30 27 22 29 15  -  -  -  - 36  4  6 13 19
 25 13 11 31  2 33  -  6  - 15 14 29  4 28  3  -  1 35 26 22 39 20 32  7 19 36 18 10 38 34  5 40 30 23 16 27 12  9 37  -
 23 28  -  7  -  - 21 26  9 19 33 24 18 17 11 13  -  6 10  8  - 16 12  - 39  - 22  - 35  2 32  - 25 27 29  -  5 14 30 20
  9  - 33 24 11  -  2 16  4 10 39 15  - 32 38 34 30 12 21 20 35 13 28 29 26  5  7 31 27 37 25 36  - 22 23 17 40 18  6  3
  7  1 40 15 21  5 35 13  -  6 37  - 33 34 22  3 20 14 28 11 25 10  - 19  8 30 36  2 17 26 12 23 32 18  -  - 16 31 24  9
  - 18  2  - 32 26  - 15 22 29 30  5 21  - 34  1  4 11 20 37 13 36 19 35 38 23 17  -  7 14 33  8 40 25  - 24 31 12  - 27
  1 20  -  - 12 24 29 18 15  - 23  3  6 36  7 31 28  -  5 34 32  4 13 38 16  8 25 40 30 11  - 17  2 37  - 21  9 10  - 33
  - 23  9 36  -  3 30 32  - 33  -  8  -  4 25 20  -  -  6 39 14  7  -  - 40 24 34  - 21 10  - 13  -  -  -  5 38  2 15 22
