1280
  - 33 25 35 34 14 13  3 10 21  7  5  1 11  4 27  - 26 28 32  - 20  -  -  9  8  - 37 36 30 38 16  6  - 24 12  2 23 31 19
 28  -  8  - 12 35 34 19  7 29  - 15 17 14 40 21 26 39 25 24  4 18 10 16 30  3  1  6  -  -  5  9 31 33 38 36  - 11 20  -
  7  -  4 19  -  - 14 31  -  9 16  2 18  1  - 26 37  - 34  - 39 28 29 27 20  -  -  - 15 17 40 35 30 11 12 13  6  -  8  -
 26  5  -  - 31  6  -  - 27 39 29 38  -  - 30  - 36  - 10 17 14  4 13 35 23 20  7 18 16 21 22  3  1 24 15 11 28 33  - 40
 25  - 34 36  9  1 33 12 24 22 27  6 35  8  -  - 29 13 31  - 23 21 26 39  -  7 20 28 30 11 17  -  -  5  3 40 37 16 15 32
 27 11 35  5  2 37  -  - 32 31 28 23  - 39 33 13 12 15  6  7  8  3  1  -  4 25 17 40 22  - 30  - 26  - 36 16 34 24 14  9
 12 39  - 28  -  3  - 13  2 36 33  4 27  - 18  - 15  -  - 35  1  -  5 38  8 34 37 22  -  - 21 30  - 26 25 23 31  6 40 29
 11 36 23 10  6 17 16  - 25  -  9 37  8 18 35 19 13 14  5 15 30  7 27 24 32 21  -  2  4  3 31 26 22 34 20  1 12 38 33 39
  4  9 37 29 40  - 23 27  - 32 12  3 10 13  8  -  - 19 33 38 17 36 14 31  5  -  - 34  6  1 24 20  - 28 22 35  -  - 26  7
 29 22 30  3  1 10  - 16  -  -  2 28  6 40 37  9 19 35 20 33 13 26 11  7 12 24 31 27 39 32  8 34 15 38  - 21  5 25  4 36
  - 17 22 37 18  4 32 35  1  -  - 14 15 30 16  - 23 24 40 10  -  9 28 33 11 39 38 31 21 26 13 12 25  7  - 27  8  -  3  5
  - 26 21 25 14 31 24 39 22  5  -  - 33 16 12  1  8  -  2 20  - 19  6 40 36 15  3  - 10 23 11 17 34 37  - 38  - 27 32  4
 40 28  6 38 30  7  - 21 36 20 26 10 29 23 31  -  9  3 11  - 19 15 25  1  - 14 33  - 35  4 37 27 32 16  5  - 22 18 39  -
 15  1  - 11  5 36  -  9 20 35 19  -  - 24  - 30 16  - 26 39 37 29  -  8 31  -  4 14  - 34 10 13  - 18  6 32 21 22  2 17
 20 37  -  7 26 25  -  -  6 15 40 16  5 17 13  - 34 18 24  4 11  - 35  9  - 31 12 19 27 36 33 10 38  1 28  - 29 32 30  2
 24 35  1 16 23  - 36 15 39  2 13 21 22  4  7  3 17 29 30 34 10 12 40  5  - 28 14  8 19 31  -  6 33  - 37 18 38  - 25 11
 10  6 16  8  -  9 29 40 19 24  - 12  3  7  - 20  - 37 38 31  2 27  -  - 15  - 30  - 23  -  1 22 28 21 39  - 33 14 34 25
 38 34 11 18  4  2 39  - 13 33  - 20 30  6  -  -  1 27 12 26 24 10 16  3 19 29 22 32  5  -  - 36 14  9 23  -  7 40  -  -
 34 20  - 30 35 29  1  6  9  7 14  - 31  - 17  4 24 21 22  - 36  -  - 37  3  -  - 16 28 12 23  2 40 10 11  8 18 39  - 15
 16 30 32  - 27  - 35 14 28 11  5 33  4 25 26  -  3  7 15 37  - 34  - 23 22 17  2  -  8  6 19 21 36 29 10  - 20 12  1  -
  6  4 38 31 11  -  2  5 29 19 34 36 14  -  1  7 25 12 32  - 22  -  9 18  - 37 10 33 13  8 35  - 39 30 16 20 17  - 23  3
  9  -  - 40 24  - 27  1  8 25 38 34 37 20  2 39 11  5  3 29 28 22  - 13  6 35 26 30 33 19 32 23  - 31 14 17 15  - 36 21
  - 25 39 24 38 23 31  2 17 16 15 32  - 12 29 22 28 20 27  9  -  6 34 30 37 33 36 11  -  -  - 19  8  3  1  4 35  - 13 10
  5  3 15  4  7  -  - 26  - 12 22 27 19 37  9 23 20 17  - 14  6 40 30  2 10  1  - 21 38 33 29 31 11 39 34 25  - 36  - 35
 30 24 20 23 25 38  4 11 15 10  1  - 36  - 27 29  -  6 13 16  5 31  2 12  7 32 21  - 37 18  9 39 19 14  8 34 40  3 28  -
 35  - 17 32 28  - 30 33 23  -  4 39  -  3  - 12 27  -  - 40  -  - 31 22 29 10  5  1 26  -  -  - 20  -  9  - 36 37  6 24
  2  8  - 15 13 34 11 36 12  - 35  -  -  - 32 16 38 31  -  -  3  5 39 19 17 26 18  -  -  -  - 33 23 22 40 37 10 21  7  6
  3 23  2 39 29 20 10 34 40 27 31 13 25 26 11  - 33  1  - 36 32  -  - 28 16  -  8 12  9 22  6 18 24 15 21  -  -  7  - 38
  8 16 27  1  - 13 40 23 31  - 17 19 32  - 28  5 10  9 36  - 25  2 21 34 38 22  6 24  - 39  4 15  - 35  - 33 11 20 18 26
 33 19 26 17 20  - 37 30  5 34 36 31 23  - 39 38 21 22  1 18  7 14 24 15 13 40  -  4 11  9  3  -  -  - 29  2 27 35  -  8
 31 15 40 14 36  -  - 25 11  4  3 18 20 21 24 28  - 33  7 13 35 38 22  -  -  2 32 23 29  -  -  5 17 27 26  9 19  - 10 37
 32 14 36 34  8 21 38 10 26  3 37 35 39  - 15 18  7 40 19 22  9 33  -  -  1 27 23 29  -  -  2 11  - 20  4  6 30  - 24 16
 17 32 18 20 16  8 22  - 33 37  - 24 34 27  - 35  6  4 21 19 12 39 23 36  - 30 29  -  3 15 26  -  9 13  2  7 14 31  5  1
 21 29 28 27 10  -  5 37 35 30 18  8 16 38 22 32 31 23 39  -  - 13  -  -  -  9  -  7 17 25 12  4  2 36 33  3  1 19 11 14
 39 21  -  - 37  - 19  -  3 18  6 11  7 36 20 33 14 34 23 28  -  -  -  -  - 12  -  9 24  - 15  - 29 40  - 10 26 30 35  -
 19 40  9 21  -  -  7  -  - 26 10  1  - 22  6 11  5  - 14 23 31 37 38 17 33 16 35 36 34 28 39 24  -  4 13  -  3 15 27 20
  - 10  5 12 39 33 26  - 34  -  - 40 13 19 23  -  4 30 37  -  - 16  - 21 35 38 11 15 32 29 27 28  7  2 31 14  9 17 22 18
 13 31 12 26 15 24  -  - 37 17  - 30 11  - 14 40  -  - 29  -  -  1  7 10  -  - 19  - 20 38  -  8  5 23 35 22  - 34 21 28
 23 12 24 33 22  -  6  7 38  1 21 29 40 28 10 31  2  - 17 11 26 35 32 14 34  4  9 39  - 20  - 37  -  - 27  5 16 13  -  -
 37 27 13  - 21 11 15 20  4 38 24 22  9  2  5 36 40 10 16  1 33 25  3 32  - 19 39  - 31  7 28 14 35 12  - 30  -  - 29 34
