1280
  4 19  5  2  1  - 14 15 30 10 24  3  - 29 11  -  -  - 21 18  - 28 40 16 23 13 22  6  9 25 33  - 37 26  8 36 39 34 12 20
  -  -  - 30  7  2 19 11 23 20  4  9 27 14 12 37  -  -  5 33  - 16 21 13  -  - 36 38  -  - 24 39  - 17  - 32 40 15  -  1
 38  7 23 16 27  - 17  -  -  -  3  - 19  6  -  1 24  -  4 13 35  - 36 32 29  - 20 28 37 34  2  - 39  - 22 14 11  -  9 33
  -  5 22  - 15  3 12  9  6  2 19  - 24  4 13  - 36 18 20 23 28 14  -  - 34 40 30  -  - 37  - 25 33 35  - 29 17 31 32 27
  9 16 32 35 10 24  -  - 29 26  5 19 15 36 33 13  7 37 31 22 21 25  6 38 39 23  -  4  -  - 28 18 30 34 40 27  - 20 14  2
 22  3  - 21  - 32 13  8 33 29 37  -  4 34 15  6  -  -  - 31 40 36  7 26 10 27  5  1 19 12 35  - 28  2 30 18  9 16 20 14
 11 25 39 27 32 31 23 14  - 28 35 33 13 37 38  -  -  6  - 10  9 21 34 20 15  5 24 26 40 16  7 12  4 30 18 17  1  2  8 22
 15 27  -  1 33 10 20 32 25  6 34 38 23 31 16 26  -  - 18 30 22 39  -  7 17  - 14  3  8  2  5 13 35 36 29  - 28 40 11 24
 23  - 27  9 19  5  6 17 14 31 29  -  -  1  - 20 33 32  - 11 39 12 13  2  - 15  3  8 18 30 16 21  7  - 24 38  - 22 37 26
 39 31 30  8 29  9 27 28 34 11  - 15  - 35 37 14 40 16  -  2 20  7  3 36  1 17 38 21  6 33 13  - 25 18 32 26 19 23  4  5
  -  6  - 33 20  4 24 19  2  - 11  - 36 26 25  - 31  - 32  5 27  1 10 14 38 12 16  - 34  9 15  - 22 29 17 37 23  - 39 35
 16  9 20 19 28 37 38 39 40  - 27  8 14  5 29 21 35  1  - 12 18  -  - 15  - 26  6 34 30 13  -  4  -  7  -  -  -  -  2  -
 21 14  8 32  4  6 15 34 13  -  - 30  5 10 22 11 19  - 24  3 17 26 23 33 37  9  -  -  2 31 18  - 16 38  - 12 27 39 36 28
  6 23 26  - 30  -  9 10  7  4 12  2  3 32 39  - 15 35 37  1  - 18 24 40 11  8 34  - 28 17 29 14 27 21 31 13 16  - 25 38
  - 39  -  - 23 13  - 27  -  5 15  4 20 12  1  7 30  3  - 34  -  -  - 28 21  -  2 18 31 38 26  - 19 22  9 25  8 32 40  -
 10 33 12 40  9 34 22 30 15 38 14  -  2 25 35  3 29 28 26 17  7  8 39 18  5 32 19 13 20  1  - 27 23 37  - 16 36  - 31  6
  - 11 19 24 31 38 30 16  8 17 18  - 35 27 36  9  -  4 28 26  5  3 25 23  2  -  - 14 15  - 20 34 10 39 13  - 33  1 21  -
  - 20  - 14 11  -  2  -  5 22 21 27 28 39  9 25  -  8  - 37 10 38  1 30 32 29 31 16  - 24  - 23  3 19  4  6  -  - 34  -
 36  1 40 29 35 33  - 26 24 14  - 16  8 22  6 32  - 10 27 39 25 20 17 12 28 34 37  7  - 18  9 15 21  5  - 30  - 13  - 31
  - 21 13  4  2 14 40 37  - 33 28 23 38  - 31 34 18  9 39 29  1 32 27 19 12 36 11 25  - 15 10  -  - 16  -  5 35 30 26  3
 31 18  9  6  - 17 26  7  - 35 13  5  - 23 14 40  2 33  -  - 12 29 19 22 36 16  4 37 38  -  8 28 11 24 39 34  - 21 27 32
  - 40  - 37 13 16 32 18  - 34  -  - 11 21 27 22 25 14  2 38 30 33 26 10  4 24  1 36  5 39  -  - 15  -  - 35  -  8 28 23
  8  2 25  3 14 27  - 22  -  1  - 24  6 18  - 39 16 30 23  - 34  5 29 35  9 31 26 20 13  4 36 32 38 15  - 11  -  - 17 40
 25 37  2 23  3  8  7 36 28 15 22 12 16 17 20 24 39 21 13 19 26 31 32  9 18  6 33 35  -  - 14  -  1 10  5  4 34 27 38 30
  -  8 36 31 37  - 34 23 27 16 39 20  9 33 18 12  -  -  3  -  - 11 35  4 25 38 29 17 26  -  6 22  2  1 15 28  -  - 30 21
 14 26  -  - 21 23 39 33  -  - 20 34  - 15 32 35  6 22 38  -  4 17 12 24  -  3 18  2 27 29  -  5  -  - 28  1  -  9 16 13
 35  - 14 22 40 21 16 20 38 13 17 29  - 30 28  -  -  -  6  4 31 27  2 37 19 39 25 11 10 36 34  3 24  - 12 15 26  5  1  8
  2  - 38 18  8 12  -  -  - 37 36 13  -  - 17 15 14 27 16  9 23 34  4  5 30 10 39  - 35  - 31  -  - 20 25  7  - 28 33 19
  1  - 31 25 16 39 28 21  -  - 40 18  7 11  - 10  -  2 22 15  - 35  8  - 27  - 13  - 36  6 38 29  5 32 23 33  4 37 24  9
 30  -  -  5 34 28 21  4 20 39 38 35  - 16 24 23 37 29  1  - 11  -  - 25 14  -  7  9 17 40 32 19 31 33 10  8  6 26 15 12
 18  - 34 38 26 40  8 35 11 21 32 25 29 20  4 27 10 23 19  7 16 15  5  6 31 30  9 22 39  -  1 37 12  - 14 24  2 33  - 36
 33 24  7  - 22 29 37 12 10 32  1  - 40  3 23  - 38 34 17 36 15  2  - 21 16 25  8 27  - 20 19  9 14 31 26 39  5  6 35 18
  -  - 28 36 39 30  -  -  9 27 23 31 26  - 21  4 12  -  - 16  - 37  -  8 22 11 32  5 24 19 25 10 34 40  1  - 29 14 18 15
 32  - 16  - 24  -  - 13  3  -  9  1 39 38 30  -  - 11  8  -  - 40 33  - 20 37 15 23  -  5 17 26 29 14  -  - 18 12 10  -
 20 15 33 26  5 11  -  3 32 12 31 39  - 40  7 38 13 36  - 35  -  4 18 34  -  - 28 19  1 27  - 16  -  6 21  2 22 29 23 10
  - 10  6 12 36 26 35 25 39  9  8  -  -  -  2 16  - 19 30 24 37 23 28  -  3  - 40  - 11 14 21  - 18 13 34 22 20 38  5  4
  3 13 35 34  - 15  -  - 18 23 30 37 25  9  8 17  5 26 11 32  2 19 38 31 40 33 27  - 14 21 22  7  - 28 16  - 10  - 29 39
 19  4  1  7  6 25 18 31  - 24 16 14 12 13  5  2  - 20 34 21  -  9 37 17 33 28 10  - 32 22 40 30 26 11 27 23 15 36  - 29
  -  - 17 15 18  1  5  2  -  3 25 26 32  - 34 29  - 24 14  8  - 10 30 11  6 19 21  - 12 23 39 36  - 27  7  9 37 35 22 16
 28 12  4 11  - 20 29 24 37  - 26  -  - 19  3 33  -  5 10 40  8  6 15 39 13 18 23  - 16 35 27  2  -  -  - 31 14 17  7 34
