1280
 25  2 17 24 35  - 13 22  3 20 29 12  6 23  -  1 33 11 37  - 27  - 32 30  5 28 31 36 26 21  - 38  -  - 34  -  4 18 19 15
 13  -  -  1 28 25  3  - 23  4 35  8 39 15 16  - 19  2  5 37 20 12 38  - 40 32 24 11 14 27 31 10 22 17 18  6  - 36 29  7
 29 12 23 11  - 18 17 10 24 15 33 30  - 13 35 37 34 40  3  -  -  9 14  -  -  6  - 39  4 22 20  -  1 36  7 32 38 31  5 27
  6  5  - 19  -  1 24 17  9  7  4 27 22  -  - 40  - 21  - 39 37  -  - 32  - 20 15  3 28 11 18  -  - 23 33  - 26  - 12 30
 31 26  5 21  8  9  7 35 29 38 25 22 32 30 28 11  3 17 14 20  -  1  2 37 23 13 18  - 24 36 19 34 16  6 27 33 12 39  4 10
  7  3 10 34 37 19 32 16 12 14  - 24  -  4 11 27  2  -  - 33 38 13  - 17 31 18 35  - 29  5  1 39  -  8  6 23 36 20 40 26
  - 16 37 26  -  - 19 38 39 12 34 29  -  7 10 14  - 22 33  3 25 30 20  1  2  - 36  6 21 40 23 13 18 27  -  - 17 15 32 24
 17 31 38  9 15  - 20  -  1 18 39  2  - 36  - 26 11 32 22  - 35  4 25  - 28 24  6 21  3  -  - 33 40  - 12  - 23 10 30 34
  2 24 22 40 29 37  - 18 26  8  3  - 17 20  - 30 21 19  - 12  7 32 11 10 27  1  9 28 15 14  - 23 39  - 25 36  - 38 35 33
  - 17 26  - 19 35  2  - 32  9 10  - 18 21 34  - 24  - 11 16  1 37 39 28  - 14  7  5 30 13 12  -  - 25  - 40  6 23 27 22
 35 27  7 32  9  2  -  -  8  - 28 16  4 22 20  - 18 25 26  6 23 38 40 21 17 39 30 14 33 29 37  1 15 11  3 34 13  - 36  -
 15 18  - 22 38 36 27 30  5 17 40 26 23  6 14  4 25 28 39  - 11 21 24 34 12  2  8 33 35 37 29 16 19  - 31 10  7 32 20 13
 34 36  1  -  7  - 11  - 17 31 37 32 14 24 39  - 15 20  4 19 30  - 16 40 26 12  2  9 22 28 33 29  3 38 10  5  8 13 23  -
 28 39  8  -  - 10  - 20 37 33  -  -  - 14 40  2 26 24  - 23 32 36  3  -  -  -  1  - 34 18 25 19 12 29  - 21  9 11 22  -
 20 14 36 15  3 12 25 24 35  - 16  7 11 37 22  - 40 26 27  - 39  6 31 13  - 29 10  1  8 30 34 17  2 33  5 19 28  -  -  4
  - 11 19  - 40 13  5 14 15 16 27  - 36  - 17 28  -  7 10 32 18 24  -  2 20 37 33 31 25 38  6  9 23 12  8  1  - 34  3  -
 18  - 32 16  -  - 21  3  4 11  9 33  5  - 36 38  - 31  2 35 13 39 10 22 19 23 34 29 12  6 30 24 17 15 26 37 40  -  1 14
  3  6  4  8  1 16 18 31 19  - 17  - 29  - 33 10 39 27  - 25 40 22  -  5 21 36 20 32 38 23 26 11 13  - 15 14 24  - 37  9
 33 25 31 10 32 17  -  4 21 28 12 37  -  -  6  - 38 18 24 29 34  8  -  - 36 19 11  - 23 15  2 22  -  - 16 20 27  3 39  1
 19  - 20  - 31 21 37 32 28  6 18  5 12  - 30  -  - 33 15 14 36  3  -  - 10 34 26 22 17  4 11 40 24  2 39 27 29 16  - 25
 26 23 18  3 14  -  - 13  - 24  8 19 37 31 27 12 32 36  - 28  5 40 33 20  - 16 29 10  -  - 22  4  - 39 11  -  1 17 21  -
 30  4 34  - 21 14 26 29  - 19 32  -  -  -  3 31 13 38  1 24 10 23  5  6 35 33  -  8 37 12 40  7 36 28  9 22 15  - 16 20
 24 13 40  5 18  3 35 34  -  - 20 23 31 12 21 25 36  - 19 11 14  2  1 15  4 38 17 16 27 39  8 26 37 10 28  9 33 29  7  -
  1  - 30  4 17 28  - 36  7  - 11 10  8 33  -  6 23 34 38  2 31 26  - 18 29 22 13 24 40  -  - 12 27 16 20 35  -  -  -  3
 21 38 12 20 39 22  1 25 36 34 26  3 30 16 37  8 14  -  -  -  2 10 29 24  6  7 27 19 11 33 15 18  4 32 40 28 35  5 31 23
  - 34 24 30 10  4 12 28 27 35  - 38  - 25 29 36 31  3 32 26  -  -  -  7 11 40 16 17 20  8  - 21  6 22  - 18  - 19  9 39
  8  -  6  2  - 26 36 33 18 37 22  4 20 11  1 29 16  - 30 21  9 34 13 39  - 27  5 15  -  - 28 32 35 40 19 17 14  7  - 38
 14  1 15  - 34 23 28 39 16  - 38 18 33  - 12 22  8  4  - 27  - 20 35  -  - 25  -  7 32 10  3 36 29 24  - 13 11 30  6  -
 12 35  - 28 24 20 34  9 40  -  - 36 26  3  7 13  -  - 23 22  - 29  -  - 25  -  - 38  - 31 21  - 32 18  -  - 10  -  8 37
  -  -  - 33 12  -  -  2 13 32 30 34 38 17  5 21  4 15 25 40 22 11  6 16  1  8  3 35  9 19 36 31 14 26 29  7 20 28 24 18
 11  7  - 14 25 38  - 23  6 26 31 40 10  - 32 33 20  - 29  - 19  -  -  3 24  9 12 34 36  1 27 15 21 37  -  4  5  - 17  8
 16 29 11  6 20 33 10 15 38  3 19 14 34  9  8  - 37 35 18  -  - 17 27  4 39 21 23  -  5  2 13 25 28  - 22 12 32 40 26 31
 23  -  3 36 33 11 38 21  - 27  6 39  7 32  - 15  5 14 12  9 16  - 19  - 18 31  4  -  - 25  -  8 26 20 13  - 37 35 10 40
 40 33 13 39  - 24  - 27 31  - 36  1 35 28 26  -  -  8 21 15  -  7 30  - 34  - 38 12  2  -  -  5 20 19 37 29 18  -  - 16
 39  - 25 13 16 32 15  7 20  - 24  6 40  -  - 23 22  -  - 30 17  - 21 12  8  -  - 27 10 35  4 28  -  - 14 11 19  -  -  -
 32 30  2 29  5  -  - 12 33  1 14 25  3 27  4 16  - 23 20 31  6 15 36  - 37 11 28 18 13  -  7 35  -  - 24 39 22  9 38  -
 36 15 28 27 13 31  6 19  - 40 23  - 16 39  2  3 29 10  8 34 21 18 12 26 38 17 22 37  - 20  - 30  5  4 32  - 25  1 33 11
  9 28 39  -  -  - 33 11  - 13 15 20 19 29 31 24  1  -  -  - 12 27  8 36 14 10 21 23 16 32 38  6 30 35  2 26  -  -  - 17
 27 40  -  -  2  6 29  1 30 36  7  - 24 19 15 39 12  9 13  4  8 25  -  - 22  5 32  - 18  3 10  - 33 34 35 38 16 37 14 28
 38 32  - 12  6  -  8 40 10  -  1 13  2 35  - 17 27 16  -  - 29  - 18 33 15 26 25  - 39 34 24 37 11  9  -  - 31  4 28 36
