1280
  -  -  7  - 10 27  1 34  - 28  -  - 20  5 36 25 14  4 37  - 24  - 40  - 35  -  2 33 30 31  - 16 32 19  - 11  6 12  - 18
 15 21 18  -  - 37  4 27  - 16  - 23 11 29 40  1  - 14  - 38  6 20 31 26  - 17 28 25 36 34 24  -  7 39  8  - 35  2 30 10
 26 30  4  -  -  3 15 10 40 35 13 37  5  - 16 31 12 28  -  9 11 34 24 18  -  -  -  - 22 32 33  7 20  2  -  8 19  1 36  6
 27  - 30 23 40 19  6  7 36  -  3  - 26  9 33  -  4 22 21 20 16 39  2  1 32 37  - 31 28 15  - 34 17 13 29 25 24  8 35 14
 35 34  1  - 14  - 12  6  -  8 20 15  7  3 25 10 21 24  - 28  4  - 33 16 23 32 38  5 37 30 13 36 27 22  - 31 17  - 11  2
  3 31 24  1  - 32  -  -  - 22 30  -  2  - 15 21  9  -  - 13 33 29 12  - 17  8  - 28 19 35  5 20  -  4  7 18 40 14  - 38
  1 36 12 17  2  7  9 18  - 33 27  -  - 24  8 19  -  5  4  - 35 15  - 32 37 40 26 39  - 20 16 38  6 25  - 29 13 21 14 30
 10  4 17  -  3 20  -  - 38  - 40  1 37 27 28 24 16 12 30  - 13  6 11 14 31 34 29 35 39  7 19  -  8  - 36 26  2  9 25 23
  -  -  - 16 37 30 22  - 24 26  - 19 18  4 21  -  -  8 28 25  2  9  - 20 36 39 40 17 15  -  7  - 12  3  5 32 10  - 33 34
 14  9  5 38 22 40 10 12 33  6 36  4  - 20  - 27 15 26  -  3  -  -  -  - 21 11  1  8  - 18  -  2  - 37 24 19 23 39  7 28
 12  - 20  -  - 15 37  9 14 11  - 39  - 10  - 38 18  - 40 34 17 36 25 29 33  - 32  3  4 26 21  -  - 30 22 23 28 35 27  8
 24 11 35  - 34  - 20 22 10  7  - 13 32 38  2 23  6 30 14 29 15  4  -  - 40 31 39 36  3 33 27  -  1 26  -  - 18 17  -  5
 36 26 11 35 23 21  5  -  - 12 33  8 28  2 32  7  - 25 20  6 34 30 27  -  3  -  - 19 31  1  4 40 15 18 38 39 14 24  - 29
 25 32 27 20 17  - 35  5 12 40  -  2  3 11 10  - 29 39  6  1 28 23 19  8  - 13  -  7 14 21 38 31  9 15 34 16 30 36 26 22
 33  2 21 10 35 28  8  -  9 19 12  7 17 26 24 40 38  1 25 23 39 18 14 36  -  4  5 37 20  - 15 30  -  6 32 34  - 16  3 31
 34 39 26 31 25 22 21 29 37 17  1 12 14 16  -  4 28 10  2  - 32  8 36  6  9 20 18 13 24 40 30 27  3 11 19 33  7 23  5 35
  - 29 22  9 26  - 39 15  5  1  6  -  - 37 17 28 36 23  8 40 31  3 32 38  2  7 13 30 34  - 20 35 24 16  - 14 21 33 19 27
 39 25  - 15 36  9  -  - 28  5 17 16 24 21 34 20 31  2 38 19 22 14 18 10  7  - 30 29 27  6 32 33 35  8 11 40  4  -  1 26
  8  -  - 14 31 23  -  - 15 36 22 26 27 18  - 11  1  9 16  - 19 13 37  7 30 35  - 24  -  2 29 17 25 34 21  - 39 10 38 40
 31 15 25 40 18  2 38  - 27  3 37 14 34 35  - 17  8  - 36 16  - 10  6 21 22  -  9  - 33 19  -  - 30 29 12 28  5 13 32 24
 32 13 15  5 38  1  - 39 34 29  - 24  6 17 14 12  - 36  - 10  8 19  7 31 11 18 33  -  9 23 37  4 21  -  -  - 25  - 40 16
 30 19 10 25  - 26 13 33  2  - 14  -  - 40  6 15 20  -  - 32  9 17  5 35  4 27 34  - 29  -  8 11  - 23  - 37 12  7  -  -
  6 12 33  4  - 14  - 20  -  - 31 36  9 39  - 22 11  7 23 30  - 37  3 15 19  - 35  1  2 28 10 25  -  -  -  - 29 34  - 32
 16 28  - 19 30 13 11  - 18  -  -  -  4  8  - 33  5 29  3 27  1 24 15 34 10 36 17  6 40 25  9 14 39 32  2  - 26 22 21 12
 21  8 32 13  -  - 29  2 25 18  5  - 38  1  4  3 35  - 34 17 27  -  -  -  - 14 36  -  -  - 28 26 22  9 33 24 31 19 37  7
  2  7  - 11 33 16 28  8  - 37 34 32 39 12 27  -  -  - 19 21  - 35 29 40 26 15  6 18  -  9 22 24 14 31  4 10 20 38 23 13
 18 22  6 24  7  5 40 36 23 30 10 25  1 34  3  9 19  - 15 31 14 32  - 33 20 29 21 27 12 17  2 39 26 35 13 38  - 28  4 37
 38 17  -  8 20 31  2 14 32  9  4  - 29  6 11  -  -  -  - 36 12 21  1 39  - 30 24 34 16 10 40 19 23  7 18 27 15  -  -  -
 29 14 39  -  - 24 19 16  - 27 28 11 30  7 23  8 33 32 17  -  - 26 34  5 18 22 31 40 25 37 36 12 10 38 20  4  - 15  2  9
  - 16 29  -  1 35 18 19 26 21 24 20  8 22  - 36  - 33  -  -  - 11 39  - 15 23 25  4 38  3 34 10  5 14  6  7 37 40 31 17
 40 33  -  3 27 10  - 26 35 20 23 31 13 19 29 16  7  6  -  - 18  1  4 12 28  9 11  2  8 38 14 37 36  - 30 15  -  5 17 25
  9  3 14 22  - 38 31 30  - 34 15  - 36  -  - 39 26 27 10  2 23  - 20  - 12 19  7 16 21  8 35 32  - 17 37  6  -  - 18  -
 19 38 13 34  5  - 27 24  7  2 21 40 12 31 30 35 23 18  - 37 36 33 10  3  6 28  - 32 11 29 26 15  4 20  9 22 16 25  -  -
 20 40  8  6  4 29  - 35 17 10 39 21  -  - 19 30 24  -  -  7 37 22 26  -  - 16  3  9 13 14  - 18 28 12 25 36  - 27 34  -
 37 20  - 27 12 11  -  3  -  4  9 17  -  - 39  2 10 19 31 33  5  - 23 25 38 24  8 15 26 13  6  - 18  - 14  1 34 32 22 21
  5  - 19 12  9 39 17 38 11  -  8  6 15 23  - 32 40 31  - 24  -  2 28  4 34  1 16 14 35 22 18 21 37 10 26 13  - 30  - 36
 22 18 31 36 39  4  - 17  1 32  -  9 10 33  - 34  -  -  -  8 26  - 38 28 14  2 19  -  7  - 23  - 29 27 40 30 11 20  6 15
 17  1 16 32 29  - 25 40 13 39 11 34 31 30 26  - 37  - 24 14 21  7  - 22  8 38 15 10 18 12  3 28 33  - 23  2 27  - 20 19
  4 24  9 37 11 34  - 31 29 23  - 30 40 25 22 26  -  3  7 18  - 28  - 19 16 33 27 21  - 39 12  8 38  1 15  5 36  6 13 20
  7 37  2 30 32  8 36  - 20 14 38  - 22 15 35 29  - 34  - 26  -  - 21  - 25  3 10 23  6  -  1 13 19 24 31 12  9 18 16  4
