1280
  - 33 39 35  - 37 28 22  - 15 17 12 10 14 19 36  -  7 32 30  -  - 25  4 26 24 16 21 38  9 13 20 27 18 34 31  2 29  1 40
 34 36 25 39  1  5 18 35  - 29 12  -  -  - 26  - 28 22  8 11  - 17 31  - 20  - 27  - 21 10  2  -  6 33  4  - 30  7  - 32
  -  4 33 21  - 11 25 26 14  5  9 31  - 36 12  3 27 37 19  - 34  -  6 29  1 10 23 15 20  7 22 16 32  - 24  8  - 40  - 35
  1 38 20  4 36 22 30 31  6 33  8  9  2  - 24 23 14  -  - 12 19  -  7  3 25 17 29  - 39 40 26  5 11 16 10 15 32 28 34 18
  -  - 24  9  3 10  - 39  7  - 25 19 26  8  1  - 20 31 29 22 36 23  2 17  5 12 13  - 32  4 11 30  - 34  - 28  - 35 14 38
 24  -  6 22 10 36  5 23 33 28 31 15 13  7 11 34 17 29  9 37 38  4 14  2 27 25  - 18  1 30  - 32 21 40 35  -  -  8 16 39
 20 31 15  - 13  -  8  - 24  7 14 27 40 35 10 33  9 23  3  -  1  -  - 21 37  -  - 29  -  - 30  - 17  5 26 19  - 16 38 11
 15 18  9 27  - 13  4 37 25 40  1  2 38 11 21 29 12  - 33 10 28 34  -  - 30 32  -  5 35 22 16 24  3 17  6 36  - 19 31 20
 26 12 29 19  - 21 20 14 18  2 39 36 25 22  3 15 30  1 37 35 33 40 27 16 28 31 10 13 11 32 34  4  9 38  7  5 23 17  6  8
  4 29  -  -  7  6 22  - 32 14 30 11  -  9 13 38 26  5 10 23 24  - 34 15 12 16 28 20  -  8 33  1 39 35 25 40 36 18  3  -
 19 17 16 34  -  - 31 10  9  - 24 25  8  3  2  - 29 12 11 28 14 37  - 20 40  -  - 30  -  1  - 23 22 15 39  -  7 36 35  5
  - 14 18  - 34  3  -  - 26 24 16  7 21  1 36 28 31 25 22 20  - 19 15  -  2  - 32 11 17 37  -  - 12 29 23  6 10 30 13 33
  9  -  4 40 19 35 36 33 23  - 29 16 37  -  5  6 38  - 20  3  8 24  - 27 17 21 30 28 13 11 14  -  - 10  - 39 12 22 25 34
 14  -  - 24 18 17 11  -  5 38 13  - 39  -  - 10 40 28  - 16  4 12 29 23  9  1  6  - 26 20 36 37 34  - 33  7  - 25 19  -
 28  3  8  - 23 31 12  9 15  - 35 10 19 34  4 16  6 30 13 17 26 32  - 39 11 36  - 24 18  2  1 33 29 25  5 14 22  -  -  7
 18 24 40 26 37  -  9 38  1 19  4 39 34 15 23  - 16  - 17 27 20 35 28 25 22  8  5  - 31 33 21 29  7 30  -  3  6 12 11 13
 21 40  -  2  -  7 14 32  8 23 19 13  - 39 34 37  -  -  -  - 12 15 35  5 31  -  4 17  6 24 20 25 10 11  -  - 16  9  -  -
 32 34 14 28 35 18 10  - 27 22 37 23 24  4  -  -  - 17 26  1  2 25  3  -  -  - 31 19  9 29  6  -  - 12 11  -  - 33 39  -
 22 10 17 18 32 25 39  - 28 13 38 21  7  - 16  1  4 33  2  5  - 30  -  - 35 14  - 34 40  -  8 36 24 20 31  9 27  -  -  3
  - 16  - 12 15 29 38 24 19 30 40 35  9 31  -  -  - 11 23  6 10  1  - 36  4  7  2 22  - 26 25 17 28  - 37 13 20  - 21 14
 29 35 26 14 12  -  3 34  -  4  2 32 18 17  6 13 19 27 28  - 16 20  1 24  - 11  -  8 37 21  -  7  - 31 15 22  5 23 30 10
 12  9 35 30  8 34 37  - 36 26 10 14 32 28 25 18 11  6 16 31 22 29 21  1 38  - 17  -  -  -  5  3  - 27  -  - 13 15  4 19
  5 39 38  - 20 28 19  8 12  - 22 26  - 25 14 24  -  3  4  -  9  - 40  6 21 34 11  - 27 36 32  2 33 23 30 10 37 31 15 17
 33  2 19 23 31 38 34 16 35 32  7 22 11 21 30  4 36 13  1 15  -  9 39 37  8 20 25  - 29 18 10 12  5  - 17  -  -  - 28 27
 23 13 10 29  - 26  -  6 37 20  -  - 36  -  - 27 25  4 39  - 17  - 30 35 24  3 33 14  2 31 12 28 15  - 40 11 19  5 18  -
  2 37 21 36  - 24 26 25  -  9 33  4 27 12 28  -  3  - 15  - 35  8  -  - 13  6 14 23 16 17  7 34 30 39  - 32 18 10  5  1
 25 15 11 33 38  -  -  3  2 37  5 40 31  -  - 17 22 34  6  7 21 16  - 10 18 30  -  -  - 13 24 35 26 19 14 27 28  4 20  -
  - 25 12  6  - 19 40 29  - 36  -  - 14  5  - 30  7  - 34  2 15 28 16  8  -  -  3 33 22 35  - 11  1  9 32  -  - 13 24 21
 16 27 36 15  - 23  - 17 13  -  6  -  4 30 31  2 18 39  7 21  3  -  -  -  - 37  9 32 25 19 35 10  - 14 38 26 11 20 40 24
 17 32 23  -  -  -  2 36 40 27 26 34  3 20  - 12  -  - 35 19 39  -  - 22  6 28  8 25 10  - 15 38 16 13  9  4  1 24  7 37
 30 28  -  - 27 16  7  - 10  - 23 17  5  - 35 22 15 21 25 14 37 39  4 18 29  2  -  9 12  6 40 13  -  -  - 33  8 34 32 26
  7 22 37 11 25  1 23 40 30  - 36 29 12 27 20 31  - 38 18 33 32 10 24  -  -  5 35 39 15  - 17 21 19  6  -  -  9 26  -  -
  - 26  2 16 40 39 13 11 17 25 18  -  6 37  8 35 21  - 36 24  5  3  -  - 19  9 34  1  7 27  - 31 14  4 28 12 15 38 23 22
 35 20  -  3 16  4 27 28 22  8  -  - 15 40 38  9 24  2 31 34  - 26 36 32  - 29  -  6 30 25  - 14 13 21 19  1 17 39 10 12
  6 21  - 25 17 20 33 19  - 39  - 24 28 26 27  5 32 40  -  4 29 11  - 30  3 23 22  7  8 38 18  9 37 36 12 35 34  1  2 31
 27  1 34 17  9 40 24 13 11 35 21  8 20 18  - 25 39 19  5 32 30 14 22 31 10 15  -  - 36 12 28  6  - 26  -  -  -  2 37 23
 39 30 22  1  - 15 17  4 21 10 28  6 35  - 40 14 23 36 12 18  - 38  8 19 34 27 24  2  3  5 37 26 20  7 13 25 29 32 33  9
 36 23  7  8 33 14  -  - 20 12  - 28 29  - 22 21 10  - 38  9 27  2  5 13  - 19 15  4 34 16 39 40 31 37 18 17 35  - 26 25
 31  - 28 13  -  9  -  1  -  3 32 18 22 10 15  8 37 16  -  -  7 33 17 11  - 35 20 36  4 23  - 19 25  2 27 30 24 21 12 29
 40 11 30 10  5 27  - 18  -  - 20  -  - 33 37  7  2  9 24  -  -  - 32 12 15  - 21  -  - 28 19 39 35  1  - 34  4  3 22  6
