1280
  5 10 31  - 15 22 36  6 12  - 20 27  4 37 18 33 21 23 32  - 30 25 38 34 19 26 16 40  9 17 11 39  2 13  8 35 28 14 24  -
 13  4  - 39 36 38  1 30  -  3 33  6 24 25  - 32 22 26  7  8  5 29  9  -  -  - 17  - 15 12 16 18 21  - 28  - 31 10 11 14
 18  9  - 22 13 24 14 31  -  -  -  3 40 26 17 16 39 10  - 25  2 37 32 27 15 28  -  1 20 33 34 36  6  8 35  - 19 12 29 23
  -  -  9  4 25 11 16 36 40 12  7 10  -  -  8 37 15 24 33 31 27  2 18 35 22  5 19  - 17 39 20 23 34  - 38 29  - 32 14  -
 14 31  2  8 10  7 24  - 29  4 15 33  6 19 11  - 18  - 34 36 13  - 35 16  5 32 12 28  - 23 17  9 37  - 21  - 40  -  - 30
 10 15 17  -  9  8 34  - 19 13  -  - 20 18 12 38  -  - 28 16 39 36 21  5 23 33  -  3  6  - 22 11 32  - 27 26  7 29  2  4
 40 14 10 28 26 15 17 18 39 22 19 25 12  5 20  - 37  1  -  9 24 34 13  4 27 36  - 16  7 32 21  6 23  -  3 38 33  2 31 11
  1  - 23  6 20 12 38  3 14 15 39  2 21 34  9 18  -  - 24 37 33 22 25 36 40  8 31 10 11  7 30 29 13 27 26  4 35  - 19 16
 27  - 26 33 18  - 40 23 34 29  - 39 14 16  4 11 12  5  2  7  - 13  - 32 31 37  9 21  8 28 10  - 30 22 19 15  3 24 25 20
 31 25 18 15 29 20 39 22 33  - 40 35 27 11  - 23 14 37 19 38 12  -  - 24 36 13  - 26 34  -  -  -  -  -  1  - 21  - 10  6
 15  5 40 30  - 19  - 11 37  9  -  - 26 33 31  - 35 22 16 28 10 27  - 23  8  2  - 39  -  - 36 13 18 17 24 25  4  6 34 32
 12 23  3 21 38 32 28  4  -  -  - 36 10  2 15 40  -  -  1  5  -  7  8 22 30 17 20 34 25 18 19 33 26  9  - 24 16 11  - 13
  2  - 29 11 31 37 13 32  4 39  -  - 34  1 38 27  9 36 26  -  6  - 22  - 18  3  - 14  - 25 28 40 10 35 23 20  - 21 12  7
 20  6  -  - 28 40 31 16 27 32 23 37 17  - 39  4 33 18 22 30  -  -  2  9 34 11  - 19 26 38 35  8  1 15 29  - 12  - 21 25
 17 30 25 37  4 14 23 24  1 35  3 22  2  - 40 12 38 11 36  -  - 31 19  - 26  6 39  7 10 16 18  -  9 21 34 13 29 15  5  8
 21 13  - 20 16 25  3 33 23 19 32 12  - 29 24 31  4 27 14 17 28  8  5  -  7 22  6  9 37  2 26  -  -  1 30 40 15  - 39 18
  9 17 35 36 40 27 33  -  -  -  5 26 15 14 21  8  7 34 11  - 23 30 12  2  -  -  3 29 28  1 32 38 31 16 25  -  - 39 37 19
 32  - 24 26  5 33  - 12  2 16  - 28  -  - 23  -  -  7 17 40 18  -  -  8 29 27  - 31  - 22  9 15 14 20  6  - 38  -  4 37
  - 20 13 29 39  3  - 17 24 26 16 15  5 38 28 19 11 31  9 23 21 12  -  7  2  - 40  8  - 36  - 25 35  - 32 18  6  4 30 27
 24  8 38  - 23 17 22  -  6 36  9 11  - 10 35  5 27 33  -  2 16 20 28  - 12  4 21 30 32 34 14  1 19  7 13 39  - 40 18 31
  - 18 37 38  - 21  7 15 32  5  - 13 28 12 33  6 25  -  - 26 14  3 27  -  9 23  2  - 39  - 24  - 29 19 22 17 30 16  1 34
 11 34  8  9 33  -  - 39  -  - 28 32 31 24 26 20  2 30  - 22 17  5  -  6 10 38  7  - 16 40  - 19 25 14 36  3 18  - 35 29
  -  - 12 10  7 39 18 34  9  6  4  -  8 20  - 14 31 32  -  - 25  - 30  3  -  - 36  5 24 35 29 26 40 37  2 19 17 22  -  -
 29 35 39  3 34  2 26 38 31 33  6 18 36 23  7  - 16 13 27 20 11 14  - 21 24  1 15 25 30 37  4  -  - 32  5  9 10 19  - 22
 35 38 21  - 11  9 27  -  -  7 24 31 13  - 22  -  5  -  4 34  -  -  - 25  - 20 33  - 14  8  6  - 15 36 37 30  -  1  - 39
 34 33 22 23  -  1 29  9 26 14 27  4  7  -  5 10 30 40  6 15  8 11 31 18 39  - 32 20  2 19 37  -  3 12 16 36  - 28 38 24
 16 40 11 18 24 23  2  8 28 38 10 34 37  - 13  3 32  4 31 33  -  - 20  - 25  - 27 22 21 26 15 14 12  -  -  - 39 30  9 36
 26  - 32  5 30 34 35  7 36  - 18  9  1 17 25  -  3  - 21 27  - 33 23 39 20  - 10  4 31 29 12 37 22  6 14 16  - 38 13  -
  - 39  -  - 14 13  5 19 38 28 31  - 33 15  - 34  - 21 37 18  9 35 10  - 32  - 22  - 23 30  2 20 16  3 40 12  8 25 27 26
 30 29 14 16  -  5 15  2 25  - 35 38 11 21 37 28  6 19 39  - 36 18  4 26 13  -  - 23  1 27 40 24  8  - 12 33 20  - 32 17
 25 12 16 34 37 28  - 20  - 18 26  -  - 40  -  9  1  2 29  6 32  -  - 13 11 24  8  - 19 21 39 31 27  - 33  - 22 36  7 10
 37 19  6 27 32 10 20 40 17  -  -  - 18 22 16 13 34 38 25 12  1  -  - 30  -  - 11  -  -  3  8  7 33  4 15 31  9 26 28  2
  - 37 33 40  -  -  -  - 22  - 29  - 19  8 32 24 10 14 12 35 26  6  - 11  1 21 18 36  5 13  7 30 38 34 39  2 25 23  -  9
  4  7 28  1  - 26 10  5 16 34 13 14 25  -  2 39 20 29 35 19 22 40 24 38 21 15 23  -  3  - 33  - 36 11 18  8 32 31 17 12
 38 22 15 12  2 35  - 21  8 30 25  1 16  9 29  - 13  - 10 11 34 32 14 40  - 39 26 27  4 24  -  3  - 28 20 37 36  - 23 33
 22  - 19  - 21 18  6  1 30 40  -  7  - 13 34 35  8  -  - 14 29  - 17 20 16 31 37 33  -  - 25  5  4 39 11 28  -  3 26 15
 19  - 30  -  1  -  - 25 11 31  -  8  9 28 10 22  - 15  5 39  4 16 33 12  -  - 38  - 18  - 27 17  - 26  7 14 34 37 36 35
  8 24 20 31  - 16 11 35 21 25 34 40 22  4  1 15 36 17  - 10  7  - 29 28 38 30 14  -  -  -  -  2 39 18  9  - 37 33  3  5
  - 36 34 19 35 30  - 27  3  2 22 23 39  -  6 21 26 25 20 13 31  -  - 29  - 12  - 18 40 15 38 16 17 24 10 11  -  8 33  1
 39  -  1 35 12 36  8  -  7 23 30  -  - 31  3  - 28 16 18 21 19 17  6 14 37 10 25 15  - 11  5 22  - 33  4 34 27  9 40 38
