1280
  9 22  - 15 13  7  -  - 17  1 24  8  - 19  -  3 11 25  4 12  - 27 21  -  - 36 23 34  6 40 30 18 33 28  -  5 39  - 35 20
 21 15 27  4 12  8  3 35 20 11  - 17 40 32 39 31 37 29  -  -  2 34  - 23  5 16  6  -  - 22 25  1  - 10 24 18 26  - 19 28
 32  - 37 25  2 18 40 17  - 38 29  -  -  -  -  5 26 15 16 33 20 30  7 31  4 19 28  -  3 23  - 34 11 35  6 21 13  - 22 24
  - 39 17  -  1 10  4  - 40 33 27  7 22  9 26  -  -  6 11 21 35 14 15 13  -  8 34  - 25 12  - 28  - 32  - 20 37 24 31 16
 15 30 39 20 35  3 36  - 28 26  2 37  1 18 22 25  6 23 33 14  5  - 38 11  - 21 17 24  - 29 40 32 27 19 16  -  9 31  4 13
 10  - 23 35 26  9 28 33 38 16  7 31 13  -  - 34  8  -  2 18  -  3  - 29 39 37 32 12 21  5 11 36 19 27 14 40 25 15  - 22
 11  - 22  -  6  -  - 34 37 10 36 21 24 31 15 40 14 28 35 16  8  - 19 25  - 17  -  -  -  3  7  9 18  - 30 12  2  - 32 26
 13 24  - 17 18 31  - 20 36  2  6  - 10  4 34  - 39  9 21 30  - 23 37 40  -  1 33 11 19 32  -  7 26 29  3 14  8 27  -  5
  - 18  - 26  9  - 21  - 34  -  - 19  7  -  - 17  - 36 14 29  3 22  -  5 35  - 37  8  -  - 13 31 38  6 39 25 15 40 20 10
 28 13 11  - 25 32 17  2 23 37 20  4  5 21 33  - 16  7 34 35 36 18  8  3  - 10 38 40 29 14 19 15  - 24 22  - 27  -  6 31
  7 16  1  - 14 35 29 38 11 31 13  - 21 26 37 12 23  - 32 28 19  - 17  4 33 24  - 25 15  2 18  - 10  5 34  9 22 20 30  8
 20 31  9  - 40  - 39 21  3 34  4 12 29 16  5 24 30  - 26  8  -  2 18  - 17  -  7 33  -  6 32  - 13 22  1  - 36  - 14 25
 27 25 36 23 17 13  6  - 12  - 11 20 30 15 18 39  - 24 19  -  7  -  - 38  9  - 16 37 22 26 31  3  - 34  2 32 21  5 40 35
 22  4 18 39 34  2 26  7 19 20  - 28  - 24 13 35 40 14  9 15 12  5  - 32  3  6 27 36 33  - 38 29 31  -  -  1 16 11 10  -
 12  6 10 27 33 34 30 14 39  7  9 24 25 40  - 15  - 19  -  - 23 21 29 17 36 18 26  - 35  -  -  4 22  3  - 31 38  -  5  -
  -  9 34  2  - 11  - 22 14  - 17 30  6  3 21 27  - 16 18 36 29  - 26 37  - 38 25  7 12 39 23  - 24 13 20  - 10  - 15 33
  - 14 24  6 22  -  -  - 13 32 10 27 37 28 17 36 15  8 31 19 33 20  - 21 11 23  4 29 34 35 26 12  1  9  7  -  3 30 38 39
  - 21  -  - 38  -  2 37 10 30 26 36 16 34 32 28 27  -  3  - 39 35 13 15 20 40 24 31  -  -  8  -  -  -  9 22 29 18 23  -
  6  8 25  7  - 22 20 36 18 24  1 32 31 39 27 14 13  5 28 26 40  - 35  9  2 33  -  4 38  - 34 30 37 16 11 17 19 10 21  3
  - 11 31 24 32 37  -  3  2  - 33  - 35 10  7  8 21 17 15  1  9  -  4 16  - 12 18  - 39 19  5 20 36 25 28 38 30 14 29 27
 17 19 13  -  - 23 10 26  6 36 18  3 38  7  - 20 29 22  5  2  4 40 11 24  1 39 31 35 32  9 33 14 15 21  - 27 28  - 12  -
 38 12  6  - 20 21 18  -  5 19 40 11 23 29 30 37  - 35 25  7  - 28 32 34  - 26  1 22  - 10 24 16  4 36 27  -  - 13  -  -
  5  - 19 14 11 36 13  4  -  - 39 33 34  - 25 16 17  - 12 22 27 37  6  8 18 20 15 10 23 38  3  2 32 26 31 35 24  - 28 40
  -  -  - 16  8  - 31 29  - 25 21  9  - 14 40 32  4 26  -  6  1 11  - 20  7 34 35  5 10 30  - 24 28 37 18 13  - 23 39 15
  3  - 29 40 19 39 35  5 30 15 22  - 11 12  1 21 25  - 37 13 28  7 20  6 24 27 10 14 18  -  9 17 23  4  8 26 33 36 16 32
 39  - 14 31 36  -  1 13 26  - 34 15  - 11  -  -  7  - 17  - 18 24  3 19  6  9 22 28  - 27 29 21 16 23  - 10  - 38  8  -
 24 28 15  1  - 14  -  - 35 29 32 13  - 37 11  - 18 31 23 20 25  -  9 27 30 22  - 26  5 36  - 33  8  2 40  6 12 34  7 38
 35  - 40  -  - 16 12  8  - 13  - 14 18 36 38  6 24 32  7 34 31 25 27 26 15  5 11 30  - 33 39  -  2 17  -  -  1  3  9 21
 29 37 35 13  5 27 22 25  -  9 38 23  3  6 24 33  - 18 40 32 15 16 39  7 26  - 14 20 36  -  - 19 30 31 17 28  -  -  2 12
 16  7  - 18 27 26 38 24 22  -  3 40  8 20 31 29  - 37  1 23 17 33  - 36 14  - 39  - 30 28 21 25 12 15 32  4 35  2 34 11
 23 33 20 11 39 17 19 40 21 18  - 22  4 38 36  2  - 13  -  - 37 31  5 12 25 29  9 32  - 24  1  -  -  8 15  3 34  - 26 30
  8 36  4 30 10 40 27 39 16 14  5  - 19 13 12 26 31  3  - 24 21 15 23  1 29 35  2 38 28  -  - 37  9 20 33  7 32 17 11  -
 33 20  - 34 28  -  9  - 29  - 25 39 12  - 14  7 38  4 24 27 30 32  2 10 13 31  3  -  8  1 17 26  6 18 35 37  - 22  - 19
 36 23  -  - 15  1 14  -  -  3 31  2 27 35  9  - 10 34 30 17 24 38  -  -  - 25 19 16 40  7 37  5 20 12  4  - 18 39  -  6
  1 26  -  - 16 20 24  9  -  -  -  - 15 25 35 22  3 21 38 39 11  6 28  -  -  - 36  - 17 13 12 10 40  7 19 23  4 29 37 14
 14 32  - 38 24  -  8 23 27 17 12 18  9 22 19  - 20 10 29 31 16  4 34 30 40  3  - 15  1 37  6 39 35 33 26  2  - 21 13 36
 26  3 21  -  7 19 37 27 24 40 15  - 28 23  6  9 32 38  - 25 34 39 16  2 31 30  -  1 14 17 35 13  5 11 10 36 20 33 18  4
 34  5  - 21  4  6  7 16  - 27  - 10 20 33  - 19 36 11 39 40  -  9 30  -  - 15 13  3 31 18 14  - 25  1 12 24 23 28 17 29
  - 40 32 12  - 30 34  6 15 39 19 16  - 17 28  4  2  1 10  -  - 26  - 18 22  7  -  - 24  - 20  - 21 38  5 29 14 35 27  9
 37  1  8 28 21  4 11 10 25 35 23  -  - 27  3 18 22 12  -  9  - 29 31 39 19 14 30 17 26 20 15  -  - 40 36 33  6 16 24  -
