1280
 29 19 26 25 32  3 37 39 40 30 13 28 21  -  1  -  -  7  -  -  8  4  6 16 24  5 14 10  2  - 12 11 15  - 23 20 34  - 38 17
 10 25  1 23 24  4 18 34 17 32 35 27 15  3 21 12  - 13 19 26  - 14  8 11  - 39 16  2  5 22  - 20 40  -  7  9 36 33  -  -
 39 13  5  -  7  -  6 18 34 29 15  - 16  -  - 40  -  -  8  -  2 22 27  -  9 30 20 24 19 25  - 38 32 21  3 12 33 23 10  4
 34 27 20  1 29 13 32  - 16 12  - 14 30 37 40  - 38 35  - 36 10  9 17  8 39 18  - 33 21 23 22  -  - 24  - 31 26  - 28  5
 38 40 33 12  6  -  -  7 13 18  - 21 36 11 23 10  - 31 24  - 27 26  4  -  -  8  5 39  - 14 29 17  9 25 37 32  1  - 35 28
 13 29 31 39  -  7 20  -  - 21  5 10  - 12 38 35 22  2 17 27  4 18 40 34 16 37 23 30 36 26  3 25 28 11 15  1 14  8 33  6
 24 32  4  -  - 22  -  2  5  - 34 29 37 26 39 23  8  - 14 31 19 30  - 38 12 35 28  -  7 13  - 40  6  3 11 33 21 17 18 36
  - 24 40 19 12 36  7  -  8  6 17 20 35 29 16 18  1 15  5 21  - 38  3 10 27  4 26  - 23 30 39 34  - 14 31  -  - 37 13 11
 26 36 24 10 33  9 34 29 28  2  - 22 11 32  5 20 35  6  - 25  1  8 31 39 38 40  -  3  - 37 14 21  -  - 27 15 23  - 19 30
  5 35  9  -  - 20 10  8 31 14 24 19 25 33  7  - 17 28 21  -  6  3 11 29  - 23  - 36 22 16 37  1  - 38 34  - 13 30  2 39
  8  4 36 20 16 35 39 31 25  3  -  -  2 19  6  - 30  9 27  1 23 15 29  -  - 10 34  - 40 24  5  - 21 22 12 14 18 38 37  -
  3  -  8 14  - 37 30 24 36 27 32 25 38  - 20  1  7 29 28 39 40  6 18  -  - 34 19 22 35 15 23 26 11  5  9 16  - 13 12 10
  - 10 28 22  8 32 35  - 39 31  - 34 33  6 36  7  - 23  -  2 13 25 26  5 17  3 11  1 12  -  9  - 24 40  - 30 29  - 21 38
  - 39  -  7 22 30 25 11 35  4 40  -  - 17 26  3 15  - 10  5 29 28  -  9  - 36 27 16  - 31  1 13  -  2 32 37  8  6 20 14
  - 30 14 21 23  1  - 28 19  - 39  - 40 25 24  -  3 11  2 10  - 33 37  -  -  -  6 38  8 29 32 18 26 16  - 34  5 15  4 20
  6  9 19  - 15 26 40 30 38 10  -  -  8 16  - 14 29 12 23  -  3 27 32 22  - 33 25 13  - 18 20  5 39  - 17 36  7 35  1 34
 31 22 27 38 34 33  2  4 30 16 11 26  3 20 29  -  9 18 32  7 39  5 23 40 13 12  -  - 14  - 36  8 37 19 25  6 10  1  - 15
 33 17 16  4  - 15  8 21  1  -  6 11 31 38 34 22  2  5  7 20  - 10  - 36 26 14 39  -  9 32 25 19 23 18 13  - 35 29 40  3
 21 16 29 26 28  - 33 10 18 19 20 30 17  2 12 15 37  1  - 22 14 23  -  3  5  -  - 27  -  - 35  7  - 36  6  4 40 34  - 31
 30 31 23 37  -  - 13  - 26  - 38  - 22  -  - 16 28 19  - 33  9 39 10 12 36 32 24  4  - 27 15 29  5  6 14 40 25  3  7  2
 37  1  -  8 25 12 14 13  - 20  -  -  -  5 27  4 16 36 26  3 33 32 24  6 15 31 40 21 38  9 11 35  2  -  - 23 28  7 17 18
 16 12 15  - 11 27  9  -  6  - 33  - 18 39 22  - 25 40  4 29 34 19 13  - 35 28 37 14 10 36  -  3 31 17 30 21 20 32 23  8
 11  5  -  - 17 23 29  3  - 36 21  4 12 15  8  - 13 32  - 34  -  2  -  - 20  6  - 19 37  - 33 22  - 30 26  7  -  - 14  -
 32 14 22 13 38 16 31 20 11  - 12  - 27 35 33  -  -  - 25 24 37  7  5  -  2 21  1 34 39  6  -  9  3 23  -  8  - 10 26 40
 25 11  - 30 31 17  5 37 15 39 26  - 19 27  - 29  4 34  3 28 36 35 21 23 10  2  - 18  6 40 24  -  7 33  8  -  - 20 16  -
 17 18 39  - 37 10 12 27  9  7 29  - 28  - 14 38 19 25 31  8 35 36 33 21  -  1  3  5 20 11 40 30  4 32  2 24  - 26 22 16
  4 15 35  2 40 38 26  9 23  5 36  8 39  7 25  - 24 20 33  6 11  - 34 31 14 13 17 29  - 28  - 16 18  - 22 19 32 12  3 21
  -  8 12 24  5 39  4 23  7 26 27  3  6 36 18 34  -  -  - 19  - 17 16  -  - 20 29 31 33  - 13  - 10 28 40  -  - 25 11 22
 22  6  2 32 21  5 16 38 37  -  1 40  -  8 10 24 31  - 18 11 26 12 36 25 19 29 15  - 13 20  -  4 30 34 39 17  3 14  - 35
  1 23  - 33 26  - 36  5  2  -  - 31 10 30 17 19  - 39 34 40 21  -  7 24  6  9  8 25  -  - 18 28 14 13 38 11 16  - 27 37
 36 26  6  - 14  -  - 35 20  9 37 24  -  1 32 11  -  8 16 12 38 31  - 30  7  - 18 28  - 21 34  -  - 15 10 39  2  - 25 13
  - 37 17 36 35  8 22 15  3 38  - 12 34  - 28 33 10 26 40  9 25 16 20  7  4 11  2 32 18 19  - 24 29  -  -  5 30 39  - 27
  9 20 37 28  - 19 11 16 27  - 31  6 14  4 13 25  - 38 30 35  5 21 39 17 23  - 33  7  3  2  8 32 34 29  1 10 24 36  - 12
  7  - 38  9  3 18 28 12 29  - 23 33 26  - 11  8 21  4  1 14 17 37  - 19 32 16  -  -  - 34 30 27 20 39  -  - 15  5 36 25
  -  -  - 34 30 28 17  - 21  -  - 37 20 14  -  - 26  3 29  - 12  -  2 33 31  -  - 35  - 39 19  - 36  9 16  -  - 27  - 23
 18  -  -  - 13 11 19  6  4 17  2 16  1  9  3 32  5  - 39 23  - 34 14 37  8  - 30 40 26 12 21  -  -  - 35 38 27 24 29  7
 20 33 30 17  -  6 24 26 14 34 25  5 32 40  - 39 23 37  -  4 16 29  1 13 11 27 36 15 28  7  2 31 22 12 18  3 38 21  8  9
  2  3  7 40 20 14 23 19 12  1 10 35  - 21 15  -  - 24 36 38  - 11  9 27 30 22  4 26 25 17  -  -  8 37 33 29  -  - 34 32
 35 34  3  6 39 24 38 36 33 11  9  7 23  - 30 21 14 16 22 13 20  -  - 26 29 15 31 37 27 10 17 12  1  8  - 25  4  - 32 19
 14  - 11  3 36 34 21  - 32  - 18  1  4  -  2 30 20 17 12 16  - 13 19 15 25 38  -  8  -  -  - 39 35 26 28 27 37  9 31 33
