1280
 35 11  7 28 23 29 13  - 34  4  - 25 12  1  3 32  9 30  2  - 37  6 26 22 18 38 33 17 31 21 20 19  - 40 36 16  -  - 10  -
  - 17 26 21  7 18 38 37 23 10  5 12  2  - 25  -  -  3 29 30 28 20 36  8 14  4  - 22  1 40  -  - 24 27  6  - 39 32 16 33
 24  9 15 30 26 12 29  - 39 18 25 17  8 21 38  6 27 36  -  - 35 32  7 33 11  - 31  5 19  4 22  3  - 10  - 14  1 34 37 23
 25 23 31 33 17  -  - 34  7 13 24 18 27 16 26  - 28 19 10 39  3 35  -  9  1 12  4 14 36 38  8 15  -  5 40 29 21  6 20  -
 15  - 16 35 13 10 11  - 14 33 18 30 26  -  -  7 23 20 27  - 24  - 29  4 40  - 37  -  8  9  6  2 32 17 22 31 36 38 12 19
  9  - 36  -  - 14 23 30  5 27 21  4 38 35 29  -  -  -  - 31 13 10 11  - 20 15 22 19  7 34 39 28 33 32 37  8 40 16  2 12
 14  - 22  -  6  - 24 21 15 11 39  3 25 34 32  -  -  - 19 28  - 30  -  -  2 36  -  9 26  - 33 12  - 20 13  4  -  8 23 18
  - 36 20  -  5 37 16  -  - 21 40  2  6 17  - 39 12 28 22  4  -  9 25 31  - 29 30 24 27 23 35 33 10 34  1 38 13 15  -  7
 28  -  6 12  9 19 33 16  1 34  - 21 29 36 11 37 15  - 13 25 20  -  - 17  3 24 14 35  -  8  7  5  - 38  - 30 22 31  4 40
 33  4 38 11 35 34  7 28 12  5  6  - 18 19 36 13 22  - 23 27 15  - 20 16 31 39 25 26 10  2 30  1  -  9  8  - 17  -  3 14
 16 32 10 37  2 22 34 20  -  7  1 11  -  5  9 31  - 40 25  -  6 21  4 28 30 23 13 29 38  -  -  8  -  -  - 27 35 18 33 36
  -  -  -  9 25 16  4 38 29 12  - 36 30  -  - 24 11  7 14 34 33 22  - 40 27 31  -  2 37  - 13  - 18 23  - 32 26  3 15 20
 26 19 33 40  -  - 14  8 11  2 38 27  1  9 39 23  -  - 17  5  - 15  6  - 22  7 20 28  - 16 12  - 34 25 24  -  - 30 36 37
  3 13 34 31 32  7  -  - 18 39 17 14 40  - 33 10 29  -  - 21  8 28 38  - 24  - 15 12 23  1 16 20 26  - 25 11 37  9  5 22
 40  - 39  - 21  3 28 10 30  8 15  - 13 20 19 12  -  -  -  1 17 18 27 34 32  5 26  7 22 29 14 37 36  - 11  9 38  2 24 31
 17  -  2  1  - 25  8  - 27 24 29 28 10 23  -  9 37 12 35 26 16  4  5  7 13 33 21 32  - 30 18 36 22 31  3  6 34 20 19 38
 30  7  -  - 16 15 35 26  6  -  - 23  - 31  2 19  -  5 18 24  1  -  - 32 33 17 40 10 14 20 27  -  9 39 21 22  -  - 29  -
  - 30 32 36 38  -  - 31  3  1  9 10 22 26 17  -  - 21 20 35  7 16 39 23  4 37  - 34  5 12 28 29  8  - 15 33 24 25 11 13
  6 26 19 29 34  - 22  7 25  - 28 38 23 18  - 20 36  4 32  - 39 37  2 11 16 27 12  -  9 10  - 24  5  - 35 17 14  -  8  -
 31 15  4 14 22 20 27 29 19  -  - 34 36 10 35 30  7  1  -  2 23 39 13  -  9  8  6  - 21 33 11 38 12  - 18 28  5 24 17 16
  8 33 27 18 28 17  - 23 22 30 34  5 35  7  1  4 13  - 36 20 40 25  - 15 12 19 29 16 24  -  2  - 38 21  -  - 11  - 14 26
 20  - 14 10  8 28  6 39  - 17  - 29  9 22  7  - 34 25 30 40 36 19 21  5 38  - 23  1 16  3 32 26  - 24  4 15  - 33 13 27
 12 20 30 22  -  5  - 18 38  3 27 39  -  -  - 40 35 33 28 17 14 29 34  -  - 26 10  -  2  6 23 32 31  - 16  7  -  1  9  -
  4 27  - 16 24  1  2  6 21 15  3 22  - 12 34 33 30 39  8 29 26 23 14  - 35  -  - 25 40 13 37 11 28  7 10 36 32  5 31 17
  7 24  -  2 31  - 12 22 28 29  - 40 15  8 16  5 32 38  1  - 11 34 17 27 39  -  - 13 18  - 10  4  3  6 30 20  9 23 21 35
 19  8 21 25 20 27  1  -  - 23  - 16  - 33  5 36 17 24 37  - 38 40  3  6 28 35 18  4 11  -  9 22 13 29  2 34 30 26 39 15
  -  5 25 20  3 23  9 33 17 32 35 26 16 37 18 29 19  -  -  -  - 36  -  2 34 13 39 21 12 14 40 30  -  1 31 24 28  7 38 10
 21 38  5  -  -  2 17  -  - 31 36  - 14  3  - 26 20  -  -  - 30 13  9 35 23 34  - 33  6 39 15 40  -  - 29 37 19 28 25  1
  2 29 28  4 10  -  5 25 13 16 20 15 32 39  -  1  6 37 38 18  -  8 23 26  -  3 24 36 33 27 17 35 40 11 14 12  7  - 22 34
 23  - 35  3 12 24 10 17  4 37  2  - 11 13 20  - 33 15 31  7 22  5 40  - 26  1  8 38 34 28 29 21 16 30 19  -  - 36 32  9
 34  1  -  -  4 36 30 32  - 22 13  7 19  - 27  -  - 29  -  9  5 11 12  - 37 16  2 20  3 25  - 18 14 28  - 23  - 35 26  6
 10 35 29 19 37 38 39  1 40 28  4  - 33  -  - 16  -  6  3 36 12 14 22  - 25  -  - 27 20  -  5 13  -  -  - 21 31 17 34  8
 39  -  3 17 40  - 18  2 37 20 22 19  5 15  8 34 21  -  7  -  9  -  -  - 29 32 28  -  4 36 25 27 30 13 38 26 23 12  6 24
 38  -  1 13 33 40 25 36  9 14 31  8 17  -  -  2 26 34  - 37  - 27 16 20  - 10  3  - 30  - 24  7  4 18 12 19 29 22 35 39
 36  - 11  -  - 30 37 35  8  9  - 33  7 40  4 28  5  - 24  -  - 17 10  -  6 20 19 18 25 31 26  - 15  2  - 13  3  -  1  -
 37  - 23 26 15 13 20 12 35 19 30  1  -  - 24  3 38  9  5 11  -  7  - 39 10  6 16  -  -  - 21 14 25  - 34 18  -  - 27  4
 29 40  - 38 11 39 36  9  2  6 19 13 24  4 12 35  8 27 16  - 25 31  -  3  - 22  - 30 28  - 34 10  1  - 33  5 20 37  7 21
  -  2  9 23 36 21 26 19 20  -  7 31 34 30  - 25  - 14 39 10 32  3  - 12 17 28 35 15 13 24  4 16 27 37  5  -  8 11 40 29
  1 37 24 15 30  8 21 40 16 35 26  -  4 27  - 18  - 11  9 38 34 12 31 13  7 14 17 23 29  5  - 25 19 33  -  2  6 10 28  3
 32 18 12  7 27  - 31 15 36 26 33  9  3 14 37 21  1 35 34  6  -  2 24 29  - 40  5  8 17 22 38 23 11 16 20  -  - 13 30 28
