1280
  -  9 11  - 19 36 21 26  -  2 33 16 25 39 31 38 22 10  8 40 23 27  1 18  3 32  - 30 37  - 17 24 14  7 15  5 34 29 20 28
  - 20 26  1 35  6 40  - 27 30  3  9 37 25 38  - 31  -  - 13 39  - 24  4  -  2 16 12  -  7  - 14  8 23 22  - 10 33 21  5
  -  - 27 22 40 38  7  1 13 11  4  - 12  -  8 36  2 32 15  - 33 18  - 16  - 30  6 34 20 17 37  3 24 39 28 29 26  5 25 21
 34 19 31 24  - 18 11  9 17 39 38  - 27  -  - 25 20 40  2 28 16 12 21 35 15 23 37 32 26 30  1 29 22  -  3 33  -  4 14  7
  6 37  2 26 22 21 38 36  1 27  - 11  9 12 15 29 23  5 17  - 14  8 18 39 35  - 31 19  7 25 10 34 28  - 24 32  4 13 30 33
  -  -  6 15 31  -  - 12 34  5  7  - 14 37 16  3 18 25 23 20 38 21  9 10  1 29  - 13 27  -  4  - 17 40 19 35 36 30  8 11
 16  - 19  8  - 30 10 21  7 20 32 35 18 36 17  2 39 14 27 15 37  3 31 25 40 24  - 38 11  -  6 22 33 26 34  1 29 23  - 12
  4 22  8  -  1 26  9 27 25 28  -  - 13  - 29  - 15 37 12 34  6 35 39 14 16 31  - 40  -  5  - 11 10 32 21 23 18 20 36  3
 14 28 23 11  - 20 35  -  8 38  5  7 39 17  - 21 37  4 40 22 15  1 30 36 27 16  -  - 19  - 26 12  6 31 13  2  -  - 10 34
 25  -  -  - 34 15 31 35 24 19  9  1 21  - 10 40 32  3  -  6 18  5  7 29 37 12 36  -  4 23 16 30 11 22  - 39 14  - 33  -
 30  1  - 18  - 39 28  - 21  - 17 29  -  6 14  5  - 26 20 32 11 25 22 23 34  9  3 31 24 33 15  -  2 12 27 19 38 40  - 10
 40  -  -  6 10  4  1 22 32  3 13  -  - 33 20 12 26 28  -  5  8 31 14 21 24  -  -  -  -  - 23 37 39 18 35  9 19  7 27 36
 10 34 28 14 32 12  -  7  - 26  -  - 16 40 30 22  9 13 35  8  - 29  - 27  -  6 17 39  3 21  5 33 20  -  4 18  - 37 38 19
 29 31  4 30  6 35  3  - 11  - 19  8 32 20 33  -  5  - 10 39  - 37 25 17 18 26  - 23  - 36  9 27 34  - 12 14 13 38  7 15
  - 21 24  -  8  -  -  -  6 25 26 15 30  - 27 20  -  - 22 36  - 23  5  - 28 18  -  - 12 11 39 35  -  4 14  - 40  1 32 29
  1  - 36 37  -  7 17  2  3 34 35 30 11 32  - 39  -  - 16 12 40 28 19 13  -  4 22 27  - 26 14  5 29  9 25  - 31 24 23 38
  9 16 21 39  3  - 18 11  -  8  2  6 17  -  -  4 27  7  5  - 29 26 34 15 13 14  - 37  -  - 33 19 12  -  - 10  - 32 31 30
 32 27  -  - 25 40 39  6 37 18 29 22  4  -  3  -  8 35 38  1 12 36 11 30 14  -  9 24  2 16 21 23  - 15 33 20 28 10 26  -
 37 12 38  9  4  - 24 14 35  - 20  - 40 26 34 23  - 29 31  -  - 13 27 19  - 36  8  - 10  1  7  - 25  - 18  - 22 39 11 16
  3 29  -  2  5 27  6 38 15 23 39 25 24  9  -  - 11  - 37 17 30 22 32 40  7  - 14  - 16 10  - 36  -  -  - 13  8 19 28 26
 13  3  9 32 11 22  5 18  - 35  - 27 29 10  7 30  - 17 14 25 31 19 33  1  2  8 24  4  - 15 36 16 23  6 40 26 12  - 39 37
 35 25  - 13 33  8 16  4 23 37 10  - 28 18  - 24  - 31 32  2  3 11 20 22 38  7 30 17  9 34 29 40  5  - 26 21  1 14 15 39
  - 38 17 28  -  5 12 39 40 15  8  -  -  3 37 14 13 16  4 30 10  2 29 11 31  - 18 26 36 24 34  7 32  1 20 25 21 35 22  6
  -  6 22 19 15 25 26 30 38 29 23 39 31 34  - 18 14  -  9  - 28 10  3 33  4 35  1 20 32  -  - 21 36  8  7  - 37 17 24 40
  8 30 32  5 29 16 13 15 33  4 28 20  - 14  -  -  1 12  - 31 36  -  -  - 11 22 23 21 35  -  - 26 27  - 10 24 39  -  2 18
  -  2 16 40 14 31 25 37 30 24 12  - 20  1 26 10  7 34  - 27  - 33  6 32  -  - 39 15 21 22  -  - 13  3 11 38 23 28  4  -
 21 36 33  - 37  - 32  -  -  - 14  3  6  7  - 26 28  8 24  -  - 16 10 31 17  - 20 35 30 13 25 15  1  -  2 40  5 18 34 22
 23 39  - 21 26 10  - 34  2 13 27 37  5 28 11 32  -  -  7  4  9 30 16  8 12 40  -  6 17 18  -  - 38 14 36  -  3  -  1 24
 39 18 15 33 21  2 29  - 16 10 36 24  -  -  4 13 40 23  6 19  - 20  - 34 26 38 27 14 25  9 11  1  3 37 30  -  - 31 35  8
 24 15 37 16 30  9 23 17 26  - 34 12  3 35  -  6 21 22  - 29 13 39  4  -  8 25 19 10 38 14 18 20 31 28 32 36 27 11  5  -
 22 40 14  3  - 32 27 19 28 17 31 21 10 11 36  - 24 18 39  -  5  9 38  - 30 34 26  8 23 35 12  4 15 13 37  6 20 16  - 25
 36  -  3 25  2  -  4  -  - 31  - 34 26 24 39 11 30  9 28  -  1 15 40 38  5 13 32 22  - 37 20  8  - 33 17 27 16  - 19 23
 17 26 10 12 39 13  - 25 14  7  - 40  2 30  1 31 34 24  -  -  4  - 23  5 21 15 35  -  -  3 22  - 37 20 16 28 33 27 18 32
 18 13 34  7 27 37  -  5  9 16 25 32 33  4 40 15  -  - 21 14  -  -  8 20 22  1 29  3 31  -  - 28 19 11  -  - 30 36  - 35
 20 32  1 23 12 14  8  3  -  - 15  - 36  - 35 28 19 11  -  - 34 38 17 26 10 37  - 33 39 27 24  -  -  5 29 31 25  - 16  4
 26 33 30 27 28 24 34  - 39 32 22 10  - 15  6  8  - 38  - 23 20  7 36  - 19  3  - 29  5 31 40 17 18 35  9  4  2 21 13  -
 11 35 20 34 17 28 14 32  - 21 18 33  8 29 23  9 25 39  1 37 22  4  2 24 36 10 12  7 13  - 27  -  - 38  - 30 15 26  - 31
 33  - 40 36  - 34 30 13  5 22 37 31 23  - 21 27  -  - 18 16 19 14 26 12 25  - 10 11  1  4  -  9 35  - 39  3  7  2  6  -
  5 14  7 31 23  3 15 20  - 33 30  - 35 16 24  - 29  - 19 18 32 34 13 28 39 27 21 25  6 38  2 10  -  -  8 11  9 22  - 17
  7  5 39 29 38  - 33  -  - 14 16  - 15  -  - 35 36 30  -  - 21 32 28  9 20 11  4 18 34  8 19 31 40  2  - 37 17 25  - 27
