1280
  6 36 38  4 11 30 35 27  1 39 13  8 20 32  -  7 16 24  - 26  - 29  2 17 31 19  -  - 10 22 21 14  - 34  5  - 15 23 28 12
  - 27  -  1 37 28  - 39 40 16 30 38 26  -  - 34  - 33  6 10 36 14 11  9 17 23  7  5  -  4  8 12 13  - 21 35  -  -  -  -
 35  -  9  8  5  -  2  - 37 30  - 32 15 24 34 22 29  - 23  - 14  7 17 11 10  - 12  4  - 36 27 31  1 21 26 33 20 39  - 19
 31  - 26 12  8 39 11 37  -  5 33 13 16  2  4 20 25 30 14  - 24  - 10  -  1 29  6  7 35 28 18 40 22 38 17  - 19 15  - 27
 34 22  2 32  1 36  - 14 26 24 11 40 21  4 10 25  7  3 37 12 19  - 16  - 33 17 38 20 18  9 23 39  -  5 27 31  8 30 15 35
 13 32 20  - 31 24  - 34 22  6 18 37  -  -  -  4 38 19  - 40 16 21 12  7 11 10 35 23  9 29 36 15  8 25  -  3 27 17 33 14
 18  - 29 34  -  - 33 40  4 20  7 31 11 10 22 26  - 21  -  5  6 17  3  -  8 28  2 35  - 16 39  9 14 37  -  1  -  - 30 25
 21  -  -  9 29 16 22 36  - 40 15 30  - 39  8 24 12 14 19  4 27 32 25  - 26 38 18  3 34 33 37  - 28 10  1  7  5 13 35 17
 14 40  5 17  - 31 39  - 24  -  -  9 38 23 29  -  - 22 15  -  4 36 32  8 19 25 13 12  7 30  2 28 37 26 16  - 35 18  6 21
 27  1 18 21 38  -  7 20 23 34  -  6  9 29 31 32 26  -  - 30 40 37  -  5  - 15 16 13  - 17 35 36  - 12 24 19 10 11 14  8
  - 26 33 14 32  7  -  5 36 15 19  3  -  - 35 40  - 11  8 18 31 23 28 30 20  6  9 25 13 10  4 21 29  2 37 24 38  - 22 39
 23  - 25 33 40 17  -  1 15 10 21  - 18  - 39 35  5  4 34 38  - 26  - 27  -  3  - 37 32  8  - 20  -  - 13 12 28  -  7 22
  5 17  8 24 15 32 34  - 27 33 29 16  - 25  7 19  2 18  -  - 28 11 20 21 12 36 37 30 39  3 40  1  - 14 35 26 13 22 10 31
 28 25 32 23 21 12  9 22 14 13 27  - 29  -  -  1 10  5 40 36 38 15 19 33 30 16  8 26 31 35  6 37 20  - 34  2 39  4 11  7
 30 10 23  - 16 20 24 17  - 22 12 34 37  - 32  8  1 39  7 31  2  6 29  3 36 35 40 21 38 19 13 27 26 11 33 28  -  - 25  4
 36 19 15 13  6  4  - 28 20 31 32 29  3  9 25  -  -  7 26  -  -  -  5 16  - 24 17  8 22 12 34  -  - 27 23 14 33  -  2 10
 10 13 37  3 17 38 32 35 28 12 34  - 31 30 36  -  9 40  2 24 20 27 22 19  -  - 14  - 15 18 29 11  5 33  4  8 21  1 26 23
 33  - 27 36 34  1 23 11 38 19  - 39  - 13 15  - 21 32 12  6 26  3  - 14 35  - 10 29 16 40 28  8  4 30 31 18 25 37 17 24
 40 18 19 29  - 23  - 13 39  -  - 11 22 20 30 10 37 31 35  -  3 24  1 12 16  7  -  - 26 25  -  - 21 32 36 27 17 28  8  5
 32 24 36  - 30  -  8  -  - 27 31 18 28  - 19 12  6  -  9  - 34 10 26 40  5 11  - 14  1 20 15  -  2  -  - 13  - 16  4 33
 12 39  4 22 28 19  - 32 10 36 40 14 25 34 38 29 31  1  3 33 35  - 15 26  6  9 24 27 21 11  7 13 17  -  8 20 23  2  5 30
 20  - 13 16  - 22  - 24  - 17  - 21  -  - 23 18 19  9 31  8  7 33 36 35 34  5 39  -  -  1 25 10 27 40  -  6 30 29 12 37
 15  -  - 18 12 26 38 31  9 28  - 36  8  3 14 39 35  6 21 27  -  -  - 23 13 33  - 32 17  7 10 29  -  - 19  5 16  - 37  -
 19 21  3 35 39 13  -  -  -  8 36 10  5  - 37 14 20 17 16 28 23  1 18 22  4 31 33 11 30  - 12 24 25  7 29 32  9  6 38 40
  -  7 39 38 14  -  3 30 13  - 17 28 32 35 16 23 22 20 24 37 18  - 27  - 29  2  5  6 12 15 19 26 31  1 10  9 40 33  - 34
  - 11 17  6 35 10 19 29 30  2 16 22  7 14  - 36  - 27  5  - 13  8  -  1  - 12 26 38 33  - 31 25 18  4  3 40 34  -  - 32
 38 37  -  5  2 21 40  8 16 26  - 12 33 28  9 31 15 34 36 25 32  - 30  -  7 14 29 17 27 23 11  3  -  -  6  - 18 35  -  -
  - 23 11 10 36 27 12  6  3 38 24 25  - 17 21 15  - 29  -  2  5 34  - 39 14  - 19  -  8 26 30 33 16  - 20  4 32  7  -  9
 29 14 21  -  - 34 31 26  - 23  9  5  4  - 13 16  -  - 32  -  - 25 33 18  - 27 20 36 37  - 17 38 15  -  -  - 11 12  3  1
  2 33  - 37 10 18  - 25 29  7  8  - 24 40 27 28  4 13 11  -  9  -  -  -  - 30 31 22 36 21 26 16 32 35 12 15  6  5  -  3
  -  2 30 28 25 29 20  -  - 18 14 27  -  - 11 17  8  -  -  - 15 31 35 24 32 40  4 19  -  5 16 34  - 23  7 36 37  - 39  6
  7  - 35 20 18  8 25  -  5 29 38 26 10  - 17 27 13  -  1 15 33 40 21  6 24 34 32 39 14  -  3 22 19  9 30  -  4 31 23 36
  - 31 10 26  9 33 30  -  -  - 39 35 19 37  2 13 11 36  -  - 12  -  8  -  -  - 25 24 20 34 22  -  7 16 38  -  3 27 32 15
  3  5  - 31 22 40  - 18 17 25  6 19 27 33 12  9 28  8 20 39 37 35 14 15 23  4 21 34 29 13  - 30 11 24  2 38  1 36  - 26
  - 34 14 11 13  5  -  3  - 37 35  1 40  8 20  2 27 15 39  7  - 12  4 25 38 22 36  -  6 31  9 23 30 28 18 21 26 32  - 29
 37 15 28 27 20 14  -  -  2  3  4  -  -  7  5 30 36 10 13  - 21 38 23  -  -  8  - 31 11  6  - 19 40 39 25  - 12 26  - 16
 17  6 12 30  4 35 18  - 31  - 10 15 13 36  -  3 33 23 29  - 11  -  9 37  - 21 27 40  5 14  1  7 38  - 39  - 24  8 34  -
 11 30  6  -  7  9 29 12 19 21  5  4 34 22 24  -  3 26 10 16  8  - 40 31 27  -  1 28 23 32 33  - 36 15 14 17  2 20 18 38
 39  - 16 40 26 11 13 19  -  - 23 17  - 12  - 21 14  -  4  1 29  5 34 38  - 32 28  - 25 27 20  2 10 36 15  - 31 24  - 18
  1 35 22  - 23  3 17  -  8  -  - 20 36 31  - 11 40 16 25 34 39 28  - 10 21 26 15 18 24 38  5  - 12 13  9  -  - 14 27  -
