1280
 25 40 18 39 21  -  - 12  9  1 30 36 33 35  4  - 19  - 34 10  6 23 32  5 15  7  - 11  - 24 22 20  8 26  - 38 17 27 31  -
 10 39 22 40 27 37  - 24 34 21  5 38 29 13  - 28 30 14  -  - 26 20 31 36  9 25 23 12 15  2  - 33 18 16  6 17 35  1  -  4
  - 31  8 37 22  4 20 38 35 23 10 18 39  - 29 33  - 21  - 13  2  -  7  - 14  1  - 19  3 26 28  - 34 25 32  9 15 36  - 12
 22 13 10 35 32  - 36 25 14  3  -  6 21  -  5  4  - 27 28 29  -  1  8 37 39 31  9 24 16 33 18 30 12 38  -  7 34 40  - 11
 28  2 34  - 11 19 18 37 36  - 24  -  - 31 38  -  9  -  - 21 14 15  - 22  6  - 39 29 35  - 12  1 23  4 13 32  -  - 16  3
  -  - 27 31  - 17 22 33  - 39 28 23 16  6  1 29 25  8 20  2 32 19 26 21 36 11 24 15 12  7 13  4 10 18 34  - 37  3  -  9
  - 32  5 15  -  2 35 11  1  -  - 27 26  -  - 19  - 23 16 37 28  3 20 12 29  - 18  9 33 22 25 17 14  8 38 39  - 21  6 34
 38 22  4 30 36 24 11  - 27 10 12 20 18  -  - 14 34 39  1  - 35  -  2 28 33 26  -  - 37 32 31  - 17 19 21  -  3  9 23  -
  - 20 29 32  - 22 13 31 18 24 27 40  9  5  2 11 39 16 23 30  - 35  - 25 10  4  6  3 19 21 15 38 33 14  - 12 36 28  - 26
  - 11  - 24 25 30 37  3  -  5  9 35 31 20 36 22 12  7  -  - 18 27 29  - 28  - 32 38  8  1 39 10 15 34 16 19 23 17 40 13
 31 14 11  6 39 18  -  7  8 29  - 24 22 23  - 17  - 20  - 12 37 40  1 13 35  -  - 36 26 16  3 15  9  -  4 10 19 32 25 30
  4 21  3 38 24 23 34 16 12 28 39  -  -  -  7  5  8  -  9 31 30  6  - 29  - 35 33 18 27 17 36  2  - 32 40 20 26 11 10  1
  -  7 19 28  6  1  - 13 20  - 40 31  - 29 37 12 17 11  -  - 10 33 38 23 24  5  4 22  - 30  -  -  -  - 18 35 14  2 36 16
 30 12  7  -  5 14 24  6 17 26  8 28 27 39 34 15  - 37 35 36 31  - 25 32 21 20 10  -  -  -  1 22  4  3 23  2 38 29  9 19
 15 36 17 26 19  -  - 29 10 33 20  4 34  7 30 13 14  1  2 22 38 24  9  3  8 16 11 27 18 12 37  -  6 35  5 23 31  -  - 28
  -  - 28  9  4  6  3 23 40 20 16  -  5 15  - 31 13  - 39 33 22 32 34 26  - 27  2 25 38  - 24  7 37 29 12 36  -  -  8 18
 34  5 25 27 31 21 12 32 30 11 38  3  2  - 20 37 10  9 33 23 36  -  6  4 16  8 19  1 39 13 35 26 29 17 22 14 40  - 15  7
  -  - 23  - 12 35 26 19 11  - 36  5  8  - 21  9 32  2  -  7 13 31 28 17 34 22  - 14 10 29 27 40  - 24  -  -  - 30 39 20
 13 29 39 25  - 16 23 15  2 32  - 34  - 28  -  8 26  - 10  -  3 30 18  -  7  - 21  -  5 35  - 27  - 12 14 31 22  6  - 33
 29 16 12 34 20 13 14 22 21 35  -  1 23  - 28 25 18 10 31 27  9 36  - 40 38  2  -  8  6 19  - 11 39 37 24  4  7  - 32  5
 36  - 32  -  - 15  - 18  -  -  -  - 11 27 40  1 29 38 19  -  -  9  - 35  -  6 31 30  4 23  7 25 28  2 20  5 12 39 13 10
 11 17  2  8  -  - 33  9 13  -  - 10  3  - 26  - 23 24 38 35  - 21  - 15 32 18 30 34  7 28  6 19 16 20 39 22  4 37  - 31
 35  -  6  - 29 26  9 34  -  2  7 13 10 17  -  3 37 22 36 28  4  - 14 24  - 39  - 32 20  5 38 31 40 15 11  8 21  - 30  -
  -  - 40 12  3 29 31  2 32  4 18  7 35  9 19 38  -  - 37 16 15 22  - 27  -  - 28 39  - 36  5 34  - 33 25  1 30 14  -  -
 20  - 16  2  7  9 27 28 31 34 15 37 38  - 14 40  5 29 12  - 21 39 13 19  - 30  3  6 25  4 26 32 22 10 36 33  1 24 35 23
 39 23 37 16 15 25  7 17  6 14 32  8 12 26  - 18 22 28 13  - 20 10 19  9  2 29  -  4 34  3  - 21 36  - 31  - 33  - 38 27
 12 33 21 17  2 39  1 36  5  - 23 14 20 32 25 27  - 30  4 24  - 34 10  - 22 15 13 31  9 40  - 28 35  6  7 26  - 38 19 37
 27 24 38 23 28 33  6  5 15 19 14 11  - 22  8 35 20 32 26  - 16 18 39 31  - 36 17 21 30 37  9 29  2 13 10  3 25  7 12 40
  5 35 20 18 23  -  -  1  - 16  - 12 28 11 13 34  4 19 15  6 25 38 37 30 40  -  7 17  - 10 29 14 26  9 27 24  2  8  3 22
 40  -  1 36 37 10 38  4 22 12 31 30  -  2 32  - 28  3  8  -  5 29  -  6 27  - 34 20 11 25  - 35 21  7 19 16 13  - 18 17
 23  - 36 21 30 40 28 10 24 17  1  -  7 34  - 26  2  6 27  3 19  - 16 39 12 14 20  5 32  8 33  9  -  - 37 13 18 31 29  -
 18 28 33 10  -  - 39 21 37  7 35  9 32  3 27  - 31 12  -  - 24 16 40 14  - 13 29 23 17 15  - 36 25 11  - 34  - 22  1  -
 32 34 26 33  - 27 17  - 23  - 21 29 19  - 11 10 35  4  7  -  -  5  - 18  -  -  -  2 36 39  8  - 31  -  - 37  -  - 22 24
 33 19 30 22  - 34 10 26  7 15 29 16  1 12  -  6 24 31 25 14 11  2 23  8  3 17 38  - 28  - 20  5 32 21 35 18 27  4 37 36
  9  4 15  3 18  7 19 35 29  -  6  2 30 16  - 32  1  - 22 25 39 14 21  - 13  -  - 26 24 20 40 23 27 36 17 28 10  5 11 38
 17  -  - 20 33  -  5 30  3  8 26  -  - 21 18 16  - 34 14 15  1 25 36 10 31 19 35 28  -  -  - 37  7 23 29 27  - 12  2  -
 24  -  -  - 16 28 15  - 25 38  - 17 14  - 35  7 21 18 29 40 27 37  4 33 19  - 12 10  1 31 23  -  5 39 30  6 20 34 26  2
  2 26 31 29 17 12 30 39  - 36 19 22  - 10 16 23  7 25 24 11 40  8 27 20  5 34  -  -  -  6 32 18 38  -  3 21  9 13  - 15
  1 25 13  5  9  - 29 14 33  6  4 15 36 37 10 24 27 40  3 18  - 26 35  7  - 38 22 16 23 34  -  - 30 31  2 11 32  -  - 39
 16 18  -  - 14  -  4 27 28  - 37 32  - 25 22 21  -  5  -  9 34  7 30 38 23  -  - 13  2 11  -  -  -  1 15 29 39 26 24  8
