1280
 21 18 25 15 28  -  7 10 12  2  1  - 27 40 35  8 32  4 14  3  6 36 39 13 26 33 22  - 34 20 19 30 17 29  -  - 11  - 31  -
 16  - 36  7 39  9 34 27  - 14 26  - 13 15  - 24 20 10 17  - 32  6 30  5 12 31  3  1 18 28  - 21  -  4 37 23 19 38 40  -
 29 12  9 23  - 18 25 30 21 26  -  6  - 36  1 11  - 22 20  - 34 19 14 28 35 37  - 39  -  7  3 16 27  -  - 10  8 17 32  -
  - 21  - 32  - 33 31  3 15 22 20  - 12 18 14  -  - 30 35  5  -  7 16 29 10 36 17 24  1 39 13 27 11 40  4 25  -  - 28  -
  7  9 30  - 27 35 10 29 33  - 21 24 34  6  - 28 16  -  - 25  4 12 38 23  2  3  - 18  - 40 37  -  1 22 11 39  5 36 14 20
 10 27 20  1 31 40 23 13 25 16  - 34 28  2 30  3 36 21 11  9 26  - 33 15  -  8  - 37 29 24 12 14  - 18  - 32  4 35  5  -
 28 32  1 14  4 19 13 20 29 12 25  - 23 30  - 18  7  8  3  2 15 39  9  - 11  6 27 34 21 17 33  5  - 10 38 35 24 26 16 40
 22  - 35 28  - 25 21  1 32 33  4 15  7 11  3 34  - 36 10 13 29  2 26 16 19 14 38  8  9  - 24 37 39 12 30 27 20 40  6 17
 36 14 40 24 20  - 19  - 37 39 33 32  2  - 27  - 35 31 16  - 23  9  8 17 28 15 11 21 25  3  7 12 34  - 10  - 13  1 30 29
 38 33 10  3  -  - 37  9 17 20 36  - 14 12 21  - 39 29  5  8  - 18 23 26  4  7 16 28 15  - 34  -  2 24 27 30  -  - 35 32
  - 17 19 39 14  1 28 36 35  - 13  - 32 27 12  7  - 25 21 30 10 33  - 11  -  2  -  3 37  -  - 29 15  9 18  -  6  -  - 23
 31 29  - 27 15 28  -  -  - 35 38  9 39 21 19 16  3 24  -  - 33 10  2  - 23 40 26 14  - 32 17 13 18  - 20  - 30  -  - 11
  1  - 12 30 19  5 11 21 18  3  -  - 16 24 13  - 14 32  9 39  8  4 34 37 27 17 35  7  -  - 23 38  6 20 36  2 26 25 10 33
  - 31  -  9 16  - 29 25  - 18  6 12 37 22  - 15 17  - 30  1  7  - 21 14 40  -  - 10 35  - 11 19  -  8 34 26  2  -  3 28
 24 37 38 26  -  8 27 16 30 25 12  7  6 10 40 32  9 18  - 11 14 15  -  - 29 28 13 33  - 34  1 35 31  - 39  -  - 19 21  -
  -  - 11  -  - 34  - 31  9  8  - 16 10 19 18 39 26  - 36 29 35 14  4  6  - 21  7 23  2 38 32 24  -  - 12  - 28 33  -  -
  - 30 26 35 13 15  2  - 28  7  -  3 38 39 34  -  -  -  4 16 22  -  -  9 14 20  1  5 17 21 18 23 10 19 32 40  - 31  - 36
  - 35 15 11 10 21 38  2  -  -  9 39 22 34 28  4  1 33 29 40  5 30 12 25 16 13 36 27  7 19 20 26  8 37 31 17 18 32 24  6
  3  - 21 18 33 13 15 32  -  - 30 25 26  8  - 10 27 40 12 37 38 20 36  2  - 23  4  - 39 31  6  9  - 14 35  -  - 28 19 34
 35  - 17  2 34 20  5  4 40  6  - 30 18  7  - 26 24  -  8  - 27 21  3 19 36 25  9 22 38  - 16 28 13  -  - 37 33 39  - 31
 33 19 14  - 11 32 16 34 39 38  2  - 17 37  6 12 30 27  7 15 24 35 28  3  1  4  5  - 23  8 10 20 26 36 22 29 40  9 25 13
 27 34 16 31  7  2  - 38 14 13  - 40  - 25 36  - 37 17  - 26 11  3  1  - 21  - 18  - 19 23 29  8  4 30  5  9 22  - 39 35
 11 22 37 17  6 31  3 24 16  4 39  - 15 35  5  - 18 14 34  - 20  - 32  - 38 29 28  - 12 10  2 33 40  1 25  7 21 30 36  9
  2 26  - 37 30 39  8  - 36 10  - 17 35 13 29 38 11  7  1 28  - 40  - 24 32 22 23 19 33  4  5  -  3 21  6 15  9 14 12 25
 39  6  - 22  -  -  9  - 34  - 11 20  5 33 38  2  -  3  - 23 30 16  7  - 13  - 19 17 10  -  -  - 25  - 28  8 14  - 29 18
  6 24 28 40  2  3 36 26 31 29 14  -  4  5  - 30  - 19 27 22 17 38  - 39  7 34 32  - 11 13  8 18  9  -  1 12 15 37 23  -
  -  -  -  -  8 10 30  - 13 27  3 29 19 17 20 36  -  9 31 32 25 28 18 35 34 26 15 12  4  5 22  - 14 16  2 24 37 21  1  7
 18  7 32  -  -  -  -  -  4 21  -  -  1 38  2 25 28  - 19  -  3 24 22  -  9 30 29  - 27  -  - 10 12  - 13 31 34 11  8 15
 12  -  4  -  - 27  - 14 10 36 29  1  3 32  9 40 19 39 22  -  -  8 37  -  6 18  -  - 24 30  -  2 23 11 21  - 25 13 17  5
 23  - 34  4 38  7 22 17 20 11 10 31 21  - 33  6  8 35 39  - 13 37 40 12 30  -  2 36  -  9  - 32  5 28 26 18  3 16 15 24
 37 13  - 16 29 36 32  5 24 28 35  2  - 14 17  9 23 34 15  - 21 26 10 40 39 11 30 25  6 12  4  7 20  -  3  1 27  8 18 19
 34  - 29  - 21 37 20 19  8 24 18 26  - 31  - 17  2  1 25 35 39  5 11 27 33 16 12  - 30 15 14  4 36 23  - 38 10  3  7 22
 15 20  -  - 18  -  4  -  -  - 19  - 31 16 39 14  -  5 38  6 28 11 13 34  - 32  -  2  - 33  9 40 24 17  7 36 35 29 26 10
 20 36 13  8 40  - 17 28  7 15 34 33  -  1 10 21  5  6 23 12 18 31 27  4  - 38 37 35 26 22 39  3 32  2 16 19  -  -  9 30
  9  3  2 36 12  - 39  -  1 32 37 11 30 23 31 20 21 28 26  7  -  - 29 18  - 10 40  4  8  - 27 15 22  6  - 14  -  - 13 16
 26 39  8  6 24 12 18 23  - 40  - 21 29  9 11 35  4 37 28 31  -  1  - 30  -  5 10 13  3 14 38 36 16  7 17 33 32 20 34 27
  -  8 33 12 22 17 24 15  5  - 16 35 36 28  7 31  6 23 32 20  1  - 19 38 18 27 34 11 13 37  -  - 21 26 14  3  - 10  -  4
  4  2 23 34  1  6 35 40 22 19 24  5  8  - 37  - 10 38  -  - 12 17 31 32  3  9 39 15 16 25 30 11 28  -  - 13 36  - 20 14
 32  4  - 29  3 11  1 12 26  5 17 23 25 20  8  - 13 16  6 10  - 34 15 33  - 24 14 30 36  2 28  -  -  -  - 21  7 18 38 37
 17 40 18 10 32 29 14  7 27  -  5  4  -  -  -  1 22  2 33 24 36 13  6 21 20  - 25 38 28 26 31  - 19 34  8 11 16 23 37 12
