1280
 37  7 23  6 12 35 13 10 24  1 15 33  - 11  - 40 22 34 38 26  5 31 32 17 21 16 30 27  - 19  8 29  2 18 25 14 20 28  3 39
 19 27 15  - 31 33 34 13  9 24 17  1 14 37 35 10 29  5 40 21 36 20 30 18  2 22  3  -  - 32 26  - 23  4  -  - 38 16  8  -
  - 14  -  5  -  - 18  9  - 20 38 27 31 16  - 11 21  4 13  6 24  7 36 35 22 28 19  1 29 37  3 23  - 12  - 39 32 34  - 33
  2 33 20  - 18 16  - 25 19  -  -  - 39  1 15 12  - 14 26 34  6 11 38  -  3  - 22 24  7  - 21 30 37 17  9 13 10 36  4 32
 38 39 34 29 23 14 31 11  4 26  -  7  6  -  -  9 27 40 10  8 15  - 12  2 32 19 25 13 16 21 18 28  - 35  1 17  - 22 33  5
 12  1 26 18 16 37 39 17 11  4 19  3  - 30 34 38 10 23  7 36 29 28  8 15  -  -  - 33 27 24 22 25 31  -  5 32 21  2  - 14
 35 23  -  4 39 40  9 19 18 15  6 29 22 31 37 21 36 27 24  2  -  5 16  8 11 32 34 25 30  - 12  -  - 28  3 26 33  -  -  7
 26  - 17  8  -  3 30 18 13  -  2  6  4 21 32 37 11 12 19 22 28 38 25 27 40 31  1 14 10 29  -  -  5 20 33 15 34  9  7 24
 33 19 12 27 13 32 29 39 35  - 18 38  7 10 28  -  4  6 23  - 40  -  - 25 31 11  8 22 36 14 20  - 34  5  - 37  - 30  9  3
  3 12  - 25 24  1 40  4  - 19  - 32 28 14 16  - 38  -  - 35 11 29 33 39 30  8  - 37 22 31  - 26  9 36 21  - 23 15 34  2
  6 24  8  - 26 38 27 33  - 31  5  2 37 36  1 30 16  -  - 12 19 13  - 34 29  4  7  - 25 28  - 14  3  - 18 11  9 23  - 35
 13 25 18 10  5 22  2 40 38  -  1 39  -  -  4 28  6 26 35 14 34 24 11 33  9  -  - 20  3  - 15 32  7 27 23  -  8 21  - 36
  - 37  -  - 38 20  - 30 40 34 36 10  8 27  5  - 32  - 28  - 39 33 22  3 25 23  9 18 24 15 31 17 13  6 14  2  7 19 12  -
  8  2 38 28  - 31 25 15 30 11  - 24 19 32 12  -  -  7  9 33 22 17 26  - 27 34  - 23 18 39  - 21 35  1 40  3 29 10 36 20
  -  -  -  - 40  6 32 20 14 36 39  - 13 28 19  3 25  -  5  - 26 35 15 30  8 37 16  -  - 11 24  - 29 23 12 10 27  7  1  9
 11 34  6 21 35  -  - 36 20  - 40 23  - 33 17 15 31 32  8  -  - 16 29 37 24  - 18  4  1 26 14  - 19 38  -  5 25  3 27 22
  9  3 40  -  -  - 33 37 17  - 24 16 23  7 30  8 20 25  - 15 38 12  1 31 36  - 26 28 14 34 19  2  4  - 29 21 18 27  5  6
 31 20 33 26 14  5 11  8  -  7 22 15 40 29  9  - 24 37 18 39 25  4 23  6  -  3 10  2 34 27 28 19  - 21  - 12  1 35  - 13
 24 29 11  -  3  -  8 26  - 25 35 30  5  -  -  2 13  - 21  9 27 40  - 14  7  -  - 38  -  4 36  - 39 16  - 33 12 18  6  1
 17  9 19  -  8 27  6 29 36 30  7  -  1  3 21 25 37 22 12 20  - 15  5 38 28 26 24 16  - 13 40 35 10  - 11  -  2 31 18  4
  7 30  - 37 20  - 28  - 22 14 21 25 24  - 29  - 33 39 34 19  -  6  4 36 10 27 35  5  - 18 17 15 38 40 31  1 26 12 13  -
 14 32 39  7 28 26 23  - 12 33  -  - 21 13 38 18 35 20  - 37  9  1  2 16 19 36 27 15 40 22 29  3 11  -  -  6  5  8  -  -
 16  - 35  - 10 23 17 32 37  - 12 18 25 38 26 19  1  - 27  - 31  - 34 40 20 13 33  7  5  3 11  6 22 29  -  9  - 39 24  -
 36  -  - 19 33  -  -  -  -  5 31 21 34 12  - 13  9  3  2 38  4 23 39 26  - 10 14 32 20 40 30 27 25  -  7 35 24  - 17 29
  4  5 10  -  - 30  - 12  - 21 13  -  3 15  -  -  8  1 16  7 33 25 19 20  -  2 28 26  -  -  6 36 32 39 22 29 35 37 31 17
 29  -  3 32 37  7  - 21 34 38 28  9 15  - 25 22 23 31 33 10  - 18  -  - 16 14 20  -  -  2  4  5  8 24 36 40 39 11  - 12
  5  4 28 24 29  9  -  - 15 17  - 35 36 40 13  -  - 21 25  - 23 19  3  -  1 18 11  -  - 10 32 22 14 26  - 34  6  - 37 16
  - 28 36 33 25 11 21 38  2 22  - 17 12 34 14  -  7  - 29 18 37 27 24 19 13  1  4  - 15 16 23 40 26  3 20  8 31  5 32 10
 20 36 25  - 19 24  4  2  5  -  - 11 16  9 39  - 12  -  - 13  -  - 35  - 26  6 38 34  - 30  1  - 33  8  - 27 40 14 22 18
 34  - 37  2  - 21 10  1 16  - 14  - 18  - 20 23 17 33  3  -  -  9  7  5  4 29 32 39 31  -  - 11  - 15  - 30 28 40 19  -
  -  - 24 30 27 28  -  3 26 39 33 12 29 25  - 34 19 16 11 32  2 10 40 23  5  9 37  8  6 35 13 20 21  -  -  7 36  4 14 15
 23 31 32  9 15 25 36  -  3  8  - 13 38 17  7 16 18 28  1 29 20 39  -  - 34 33 40  6 35  5  -  4  -  - 37 19 14  -  - 30
  -  -  1 40  7  4 26 14 29  -  9 28 33  8 24 31  -  - 37 23 35 30 17  - 12 21  5 36  - 25 34 10 16 13  - 20 19  6 39  -
 32 38  4 17 21  - 12 23 31 16 25 36 11  5 40  - 26 35 20  -  -  8 14 24  -  7  2  - 19  -  9  -  1 34 30 22 13 29 28 37
 27  -  5  -  - 36  - 34  -  6 29 22 32  -  2 35 40 24 14  1 30  -  9 11  - 38 39 19 13 33 25 12 18 37  8 28  3 26  -  -
 40 11  - 12  1  - 37  - 23 18  4  5 27 20 33 26 39 30 17 16  8  3 28  9 14 24 36 21 32  7 35 31 15 10  - 38 22  -  2  -
 30 26 21 11  - 29  -  - 33 13  3 19 17 23 22 39 34  8 36 24 16 14 18  4 38 40  - 10 28  1  2  -  -  7 35 31 37 25 20  -
  - 16  7 36 30 19  1 35 21 32 34  4 26 39  6 27  3 10 15 40 18 37 13 12 23  - 29 31  9 20 33  8 28 14  - 24 11 17  - 38
 10 40  2  -  - 12  3  -  1 27 32 37 20  - 23 29  - 11 39  - 14  - 31 28 35 25 21  9  8 17 16 33  - 30 34 36  4 38 26 19
 28 18 13  -  9 39 24 31 25 35  - 20  2 26 27 14  5 38 30  -  - 34  6  - 33 12 15 29 37  8  7  1 36 19  -  -  - 32 16 40
