1280
  -  2  - 18  4 32 24 40 14 20  9  -  1 30 31 39  3 16 25 10 11 13 21  - 36 23  8 28  6  - 22 37 29 35  5 27  7 12 26 38
  -  -  - 26 21  1  - 16  - 11 40 37  9  -  -  - 19 33 39 23  8  - 34 24 27 38 12 32 30 13  4  - 35  6 18  7  3 15  5 14
 37 32  - 33  5 36 31  8 21  9 10 14 34  4 12 15 40  - 29 18 39  6 22  2  - 25 38 30  3 28  7 17 19  1 23  - 13 24 16 26
 40 12 13 19 25 21  2 11  -  - 27 24  -  3 16  7 23 32 35 15  - 34  9 26  4 36  6  1 14 17 10  5 33 28 22  - 18  8 31  -
 33  4 26  - 24 22 38 27  - 13 35  - 28 12  3  8 32 30  2  5  -  - 18 29  7  - 31 36  - 19 23 16  1 17 14  6 37 40 11 39
  - 35 21 34  - 13 23  - 33 39 32 11  - 16  6 26 36  - 15  3 25 38 17 22  5  2 19  - 37  - 27  1 31  4 12 29 20 14  -  9
 14  - 25 16 39 30 35  1  -  6  8 13  3  - 19  5 34 10  - 29 24 17  - 32 37 12 28 26 22 38 20  -  4  2 27 40 15  7 33 11
  1 24 36 39  -  -  - 33 26 15  3  8  6 25 13  - 18  - 10  7 22  4 27  5  - 35 37 31  2 11 19 14 30 23 29 28  - 16 40  -
 32  3  -  1 36  9  - 37 10 17  - 16  - 11 34  4 33 29 38 28 27  2  6 31 30 39 20 13 18 22  5 35  -  - 40  -  -  - 25 15
 20  8 19  2  9 15 32 12 38 10  -  3 18 33  -  -  4 28 31 14 36 23 30 25 22 27 34 17 35 16  - 39 21 26  6  1  5 13 37 40
 39 10 30 38 16  - 18  9 35 12  4  6 27 36 17  3 11 19 32 40  5 14  - 28  2 24 23 34 20  -  1 13 15 33  - 21  8 31 22 29
  - 29  5  6  1  -  8  - 40 24 11 22 36 35 30 25  - 18 16 17  - 28 23  - 38 37  - 33 34 12  9  3  - 27 19 15 32  -  -  2
 10 28  1 40 26 11 37  -  - 23 14  7 31 24  4  9  - 15  3 30  2 22 33 20  -  6 18  -  5 21 39 29 17 25 16 32 35 36 19 13
  - 34  -  3  - 19  - 21 24 40 20  2 17 23 33  1  - 13 37 35  9 30 39 36 28 26 10  -  -  - 29 25 32  - 11 14  -  6 15 18
 38 18 22 29 31 27 11 23  9  - 15  1  4 28  - 35 37 40 33 20  7  8 32 12  - 19  -  - 17 34 36  - 10  5 30  2 25  3 14 21
 23 16 31 24  -  - 33  -  7 37 13  9 29  1 11 17 39  - 21  6  - 35 40  8 10 22 32  3  4 27 26 20 12  - 28 34  - 38 36 19
  2 37  3 35 30 24 16 28 34  - 31 17  5 22 32 23  6 21 14  9 38 27 13 18  -  -  - 29 15 25 12 10 11 39 26  - 36 19  -  1
 28  -  -  -  8 12 13 26 16 31  2  5  -  -  - 37 38 11 18 25 35  - 24 21 15  9  4 22 36 29 32 34 27 40  1 19 39 20  7 10
  - 26 16 12 13  -  -  - 27  - 37 34  2 19 10 31 29  9  5 32  -  7 25  -  - 15 36  - 38 24  -  - 14  - 39  - 28 23  3 33
 16 21  -  4 35 26 12 15 20 25  - 27 39  -  -  - 28 37  -  2 23 29 19 34  -  5 30  - 24  6 38  - 40 18 13 33 22  -  - 31
  - 17 37 11 40 29  - 36  - 30  -  - 22  - 20  - 21  - 27 31  -  - 38  -  8 33 39  7  - 18  -  - 16 12  -  3  9  - 24  -
  3 23 35  -  - 17  - 29 15 22 28  4 21 27  5 18 30 31 24 13 14 19 36  9  - 40  1  8 39  -  - 12 37 16  -  - 33 34  -  6
 26  5 27 30 37  - 17 32 11 14 36 12  7 31 40  - 25 38  8 24  - 39 10  - 13  1 22 19 16 15  -  -  -  - 35 23  4  9 29  -
  5  1 39  - 27  -  4 10 18 21 16  - 19  -  9  -  2  - 40  - 17 31 11 15 26  3  - 24 32 23 25 33  8  7 37 38 30 22 28  -
 31  -  2 37 10  -  - 30 22 35  - 33 23 39  1 34  -  - 11  8 26 40 28 38 14 29 25  -  7  4  - 21  5  - 17 13 27 32  6 16
 29 36  -  -  3  -  -  6 30  2 25 10 11 38  - 22 17 26 20 37 12 16  - 13  9 31 15 27 21  5 28 19 34  - 33 35  -  4 23  -
  -  7 38 36 12  - 21  -  3 32  - 30 37  - 26 16 20  -  -  - 13 33  4 10  - 28  - 14 29  8 34 11 39  9 15 22  6  - 18  -
  6  - 18 15 22 34  - 35 19 33  7 29 12 14 38 10  8 23 17 16 40  - 26 27 20 32  3 11  - 39 37 24  9 21  4 30  2  5  - 36
 30 15  8 10 32 33 34  3 28 26 23 40 25 20  - 19  1  - 13 22  4 11 12  - 29  - 17 16  -  9 21 31  - 14 24 39 38 37  -  -
 11 22  - 28 33 25 10 17 13 19 30 15 40  9  8  - 26  5  6  1 31 24  - 14 21  4  - 12 23 32  3  7 36 37  - 18  -  - 20 27
 12 33 23 25 19  - 29 20 31 27  5 32 30 40 22 24  -  3  - 38  - 18  7  1 17 14  9 39  -  - 35  4 13 34 21 16 11  -  8  -
  - 13  -  5 20 40  7  - 23  - 12 18 15 26 37 28 10  - 34 33 21 32  2 39 16 17 27  -  -  3  8 36  - 38 31  9 19 30  1  4
  - 14  - 31  2 23  - 18 37 34  6 39 16 15 28 13  5 17  - 36 19 20 29  - 32  - 26  4 33 30  -  -  3 22  - 25 10  - 27 24
 36  6 24  - 18 37  3  -  5  - 33 38 14  - 15 12  -  1  4 19 32 26 16 11 39 10 21 23  9 35  -  - 28  - 20 31 17  -  - 22
 13 27 33 23 29  -  5  4  -  - 21 28  -  8  2 40 22  -  - 34  3  -  - 37 19 20  - 35 25  - 31 32  - 11  9 24  1 18 10 17
  - 38 11 22  6 20 40 24  - 18 39  -  -  7 29 30 35  8  1 21 33 37 14  3 23 13  - 15 19  2  -  9 25  -  - 12 34 28 17 32
  - 11  -  9 34  8 22 31  -  - 38 35 13  5 21  - 14 39 26  4 30 25  3 16  -  -  7 20 40  1 33 27 23 32  2 36 24 10 12 37
 24  -  7  8 23  4 25 38 12  5  - 21 35 37 27  -  9 14 22 26 28 36 20 30 18 16 11  2  1 40 13 15  6 19 10  - 31 29 32  3
  8 40  - 27 14 16 36 19 29  - 22 25 32  - 24 20 12  2  - 39 37 15  5 23  -  - 35 21 28 31 30  6 38 13  3  4 26  - 34  7
 34 19  9 20  7  -  6 13  -  3 17 26 10  2 35 27 31  4 28 11  - 21  8 40  1 30 24 37  -  -  - 23 22 15 38  5 29 33  - 25
