1280
 19  1  7  -  - 28  2 13  -  - 38  - 36  - 24 35 11 29  -  - 15 14  -  - 12  - 34 40  -  -  5 30 10 20 37 21  8 23 25 26
  9  -  8 20  -  4  -  - 18  - 13  - 21 32 37  3  - 40 26  - 29 25 34 35 33  1 28  - 24  6  2 36  7  - 15 27 10 38 39 30
  6 32 37 30  1 25  3 40 29 23  - 28  7  4 35 16 10 39  2 11 22 12 26 27 14 31  5 17 20  -  9  - 15 19  8 24  - 18 13 38
  - 12 31  7 15 40 11 34  4  - 37 14 13  - 38  5 22 25 28  -  8 33  -  - 35  - 19 18 23  9  - 24 20 30 39 36 32  1 21 27
  - 25  -  -  - 30  5 15 21  7 40 33  1 36 29 24 34 35  - 12 19 28  6 23  8 22 17 32 39 20 16  - 14  -  4 18  3 27  9  -
 15 14 10 27  7 26 13  - 36  8  3 31 38 35 21 37 12 34 30 22 20  - 11  -  - 29 33 23  1 40  4 16 25 39  2  9 17 24 28  -
 32 13 34  - 39  -  -  5 24  6  - 30 11 40 17 18 31 37  7 26 28 27 20 14 25  9  - 12 15  4  - 29 23 21  -  3  -  - 36  -
 21 38 20 33 32 37  - 29  - 16 27  - 26  8 39  4  7  -  5  -  -  9 22 17  3 18 23 19 12  1 36 28 11 35 31 15  6 34 30 13
 28  3 33 38 16 18 21  8  9 24 15 26  -  - 23  7  - 17 25  2 35 37 39 22 36  5 12  6 19 10 20 13 27  1 34 30 29 32 11 40
  5  2  -  9  - 12 34 35  1 37 18 20 30  - 22 23 16  8 38 24 39  3 15 40 27 17  6 14 25 31 21  4 36 33  - 32 13 29  7 11
 14 15  -  - 25  9 32 27 10  - 20  - 34 22  1 29 40 31  8  6 12 19  - 13 26 30  -  -  2  - 28 17  -  - 16  7 36 11 35 39
 13 17  9 28  -  -  -  - 16 12  -  6  -  - 10  - 15  -  -  1  - 22 31  5 24  - 32 25  8  3 39 20 40 37 19 11 14 26 27 23
 31 34 23 21  - 24 12  1 28 25 30  4  -  - 15 36 13  -  6 10 40  - 35 26  -  - 18 39 38 27  3 32  2  9 20 14  -  5 22  -
 16 24  5 12 35 29  1 31  3 13  7 17 20 25 28 40 39 27 22 33 11  2  -  6  9  - 36 38 10 26 30 19 34 32 18  - 37 21  4  -
 27 23  2  - 12 22  -  - 20 34  -  -  -  -  7  8  - 13  - 28 21  1  9 36 16  -  - 11 31 29 17 35 30 10  - 37  5 19 40 18
  2 16 24 22 38 14 17 36 37  5  6  7  - 23 33  - 18 30 31  - 13 26 21 28 34 25 11  9  4  - 15  -  1  - 29 35 39 40 19 10
 34  -  - 26  5 35 29 20 15 31  2 16 23 18  -  - 17  - 32 14 37  - 33  - 38 11  3 22  7  -  6 39 21  8 36 10  1 13 24 25
 23  9 25  8 18 34  6  -  7 14 16 40 10 17 20 15 26  - 19  3  2 29  - 12 11 32 39 30  - 24 22 21 13 31  1 38 35  -  5  -
 29 27 15 25 20 19  -  - 39 33 17 11 32  -  9 10 28  -  1  -  - 23  2 30 40 36 21 13 35  8 14 26 22 34  3  - 24 37 18 12
  -  - 21 23 34 15 22 39  - 18  5 24 12  - 16  9 19  -  -  - 27  7  -  1 29 13  8  4  3 14  -  - 17 26 30 25 40  6 31 36
 18  -  1  -  9  8 30 23 22 35 39 19 40  - 14 25  3 32 34 20 16 10  -  2 28  6 27  7 13 15  - 33 31 36 38 26  - 12 37 17
  - 29 40 36  -  1 26 10  -  -  9 35  - 11 18 38 37 14 12  - 34 13 32 24 15 23 16 21  5 17  7 31  3  6  - 22  - 30  8 19
 40 26 16 24 10 32 28 38  -  9  - 23 31  -  - 22  5  4 39 29  6 36  - 37 30 35 13 15 11  -  1 14 12  7 21 34 25  -  2 20
 36 40  - 16 29 23 39  -  5 30 25  1 35  -  -  6  -  9 11 18  7 20 10  8  - 37  -  - 17 19 13  3 24  - 22  4 12  -  - 34
 35 11 30  - 33  2 20  3 26 38 12 39  5 13 32 31  1 19 40  - 36 16 24 25 10  7  - 28  - 37  - 23 18  4 14  8 27 17  -  9
 37 33 39 32 30 20 27 18 25 29 11 13  4  2 36 12  6 23 21  - 26 24  - 38 17  3 40  1  - 28 35  - 19 16  9  5 34  7 10  8
  - 31  - 11  -  6 40  -  2 36 10 15 37  -  8 14  9 18  - 30  -  -  5 19 13 39 25  - 26  7 24 38  - 28  - 29 20 22 17 33
  7 20 36 40  -  5 19  2  - 39  -  3 24 26 11 27 30  -  - 25 32  4  - 21  -  -  9  8 18  - 37 10 29 38 33  -  - 31 14 15
 30 28  4  1  - 11 14 17 32  2 19  8 15  9  - 34 21  3 33 39 38  6 12 16  - 10 24 26 37  - 31 25 35 23 27 20  - 36 29 22
  - 36 22 18 21  3 33  6 23  -  - 37  - 14  - 17 29  - 13  - 24  8  1 20  4 19 10  2 32 11 27  7 39 25 35  - 30  9 38  -
 25 22 28  5  - 17 36  - 34  4 14 32 18  - 30  2 27 11 37 15  -  -  7 10 31  - 29  3 40 21 38  6  - 13 23 19 26 35 33 24
  - 39 35 13 19 10  9  - 31 27 24  - 29  1 12 26  -  -  - 38  3 11 18 33 23  -  -  - 16 30  8  - 28 17  5  6 22  2 32 37
 11  -  - 19 14 39 37  - 27 26  4 22  3 28  - 33  2 38  -  - 17 31 36  -  6  8  7  - 30 35  -  -  5 24  - 16  - 20 12  -
 26 18  - 17 31 36 23 12  -  -  8  - 22  3  6 32 35  5 24 37  9 21 19 39  1  4  - 33 34  2 40  - 38 29 13 28  - 25 20  -
  8  6 29 34 11  - 18 30 12  1 31 27  - 37  - 28 32 24 14 21 10 35 25  7 20  - 26 16 36  -  - 22  9 15 17  -  2  4 23  3
  -  - 12 39 28 16 10 21 11 19 26  - 25 30 31  - 20 22 36 17 33 18 40  4  - 27  - 37 14 38 23  9  8  2  - 13  -  3 34 32
  -  4 17 35 24  -  - 14 40 28 29 21  9 27  - 39  8  - 23 36 31 32 38 18  2 26 30  -  6 34  -  5 37 22 11  - 19  -  1 16
 22 35 11 10  - 27 15 32  - 40 23  9 33  -  -  -  -  - 18  4 14 38 30  3 37  - 20  - 28  -  -  8  6 12  7  2  - 39  -  5
 20  -  6  - 23  7 31 22 19 10  -  - 17 38 26 13 24 21 15 35  4 30 16  - 39 28  2  5 29 25 32 18 33 27 40 12  9 14  3  1
  -  - 13 14 36  -  4 37  8 22 35 25  6  5  3 11 23 33  - 19 30 15  - 34  - 12 38 20  9 39 18  - 26 40 24  1  7 10 16 28
