1280
 18  1 36  8 29  4  - 22 26  6 40 15 24 30  -  - 11 33 12 10 34 39  9 21 19  -  -  - 14 32  -  - 17  -  5  -  7 13 20 35
 33  - 37 20 28  6 31  - 13  8 17 24 38  5  - 23 22  3 25  4 27  - 39  -  9  - 29 11 18  1 21 10 36 40  - 14  - 15 34  7
 20 16 27 23  8 12 14 29 32  - 11 40  9 33 13 25  - 22  4 39 15 19  2 38 17 35 26 10 28 36 37  -  3  1 31  -  6  -  5 24
 15  - 19  7 31  -  -  - 11 22 20  -  - 21 40 26  - 30  5  9  3  - 38 23 27  2  1 35 32  4 18  8 14  6 17 24 39 34 13 16
  - 40  -  - 36 37 29  - 39 26  - 18  -  8  4 20 15  -  2  - 32  - 16 14  1 23  -  7 34 21 25  5 38 31 12 17 10 19 30 11
  -  4 38  1  - 27  -  5 24 29 10 32  - 14 31 33 13  - 21 34  7  -  - 20  2  9 23 40  -  - 19 26  - 36 15 12  - 39 18 37
 37 36 26 35 17 39 12  - 31 27  3  1 21 22 33 18 24  - 11 19  6  - 14 15  -  7 30  - 10 38 28 25 23  2 34 13  8 16  4 40
 29 10  4 14 18  -  -  -  - 37 26 25  - 28  -  -  - 40  9 11  2 24 33  - 31 34 21 39  8  - 36 17  7  - 38 23  -  3 15 32
  8 14 22 13  5  7 30  -  - 20  - 10 40  9  - 15 12  -  6 29 28 21 23 27 11  3 31 18 36  2 17 32 34 38 19  4  -  - 16 33
  -  - 10  4 34  - 27 28 29 39  - 30 12 35 15 11  5 21  -  3 23 40  - 37 22 13  - 33 19 24  - 36 25 16  9  6 18  -  1  -
 34  6 29  - 25 33 11 18  -  4  -  - 31  - 22 21 20 35 32 15 19 12 40  3  7 14 24  5  - 27  2 38 28 23  8 39 16 26  - 13
  4 35  - 31 26  - 18  -  - 15 22 29 11  2 38  7 33 32 34 13 36 17  1 25  8 21 28 16  5 37  6 40 12  - 24  9 14 20 27 23
 26 18 33 38 14  3  8  2 34 10 16 31 32  -  - 22 40 12 35  -  4 15  - 17 37  -  9 25  7 29 30 24 21  - 23  1 11  5 19 39
  - 20 17 36  2  9 37  - 16 13  5  8 35 19  7  3 39 38 40  -  1 23 26 24 15 18 14  - 27 28 33  -  6 29  - 34  - 22 25 10
  5  - 16 26 37 13 21 39 12 36 29  7  3 32  2 19 28  - 14 38  - 22 18 10  4 24 25  6 40 23 34 30  8  -  1 15 20  - 33  9
 39  -  -  3 11  - 10  - 18 33 27 20  - 15  - 17  - 23  - 35 37 31  5  6 30 25  4 22 24 40 26  1 16  - 21 38  - 14  2 29
 16  2  6 25 30  1 39 27  -  -  -  - 33 24  - 32  4 11  -  7 40  - 12 13 38 36 19 17 22 35 31 14  5 26  - 29 21 23  -  3
  -  - 14 37 35 24  7  - 27  - 15 22  8 34 11  - 26 36 18 25 29 16  -  2 23  - 12  1  -  5 13  6 30 10 39  - 40  -  -  -
 31 26 23 29 39 34 15  -  -  9 38 19  6 25 27 16 14  7 30 12 11  5  - 28  -  1  3 13 37 33  8  4  -  -  -  - 35  - 22  2
 24  -  1 33  6  - 25  3 19 14 28 12 17 23  9 13 21 37 10  - 38  4 29  5 36 22  - 30  2 11 35 27  - 32 16 20 34 31 39 15
  - 23 34  9 24  -  5 14  4  - 21  -  7 40 35 10 27  - 39 22 17 18 19 30 20 33 13 37 12  -  -  - 29 15 36 11 28 38  - 26
 28 25 20  2 21  - 34 23  9 24  - 37  -  - 36 31  8 26 38  1 30 14 15  7 13 17  -  - 35 19 29 11 40 27 33 18 22 10  3 12
 35 33  - 24 15 18 16  - 14  2  9  -  1 27 23 37 10 28 17 32 13 30  4 11  - 20  6 36  - 12  3 29 19  - 22  8 25 40  7 31
  - 39 25 30  1 22 38  6 23  5 18  - 13 11  3 27 35 34 29 17 16 28 24 40  - 15 33 26 21 10  7 20  2  8 37 36 31  9 12 19
  7  3 40  - 38 21  9 15 20 25  - 16 19  -  6 36 31  -  - 37  5 34 27  8 32 39 11 14 23 26 12 28 13 24 35  -  2  - 17  4
  -  - 30 22  9 20 26 36 35 28 39  6  4  - 17  - 38  5  -  2 18  3 34  - 25 10 15  - 13  - 32 37 33 21 27 40 23 29 11  -
  2 13  - 40 32  -  1 26  6 21 33 35  5 39 29  -  - 20  -  -  - 11  - 36 28  4 10 15 16 22  9 34  - 17 25 37  3 12 38 18
  - 11  - 15 12 10 19  8  - 17  - 28 37 16  -  9  1 39 36  - 21 27 32  4 33 38  7 29 31 18  -  3  - 34 20  2 24  -  -  -
 27 34  9 32  - 11  - 10 21 23 19 38 18  7  - 35  2 31  3 26  8 33 25 22  -  - 36  -  6  -  1 13 37  4  -  5 29  -  -  -
 38  8 31 12  4  2 28  - 40  1 14 17 16 36 37  5  - 15  - 33 10  7 11 32 34  6 22 27 29  3 23 19 39 25 13 26  9 18  -  -
 21  -  2 16 22 35  6  7  -  - 34 23  - 18 26  - 37 27 19  - 20 38 13 12  3 28 40  -  4  8 10 39  -  -  - 25 36  1  - 17
 10  5 24  6  -  - 22 40  - 12 35 26 14 13  - 39 17  2 23  - 31 36 28 19  - 29 38  9 20 25  - 15  1 33 18 27  4  - 37 34
 13 22 35 27 16 29  3 12  5  - 36 39  -  - 19 24 34  4 28 14 25  1 17 33 18 32  2  8  -  - 20  - 10 37 40 31 15 30 23  -
 12  9 32  5  - 15  - 17 36 35  4 33 23  1 34  2 25 19  - 24  - 26 21 29  6 16  - 28  - 20  - 18  - 14  7 22  - 11  - 30
  - 37 15 39  -  - 23 13  2 19 25 11 36 31 18 34 32 29  - 27 22  6 20  - 24  8 17  3  -  7  5 12  4 30 14  - 33 28 21  -
  - 38 18 19 13  - 24  4 25  3 23 27  2 10 30 14  7  -  - 20  - 32 37  1 35 40 34 21 15 39 22 33  9  5 29 16 17  -  8 28
 36 17  8 11 33  - 32  9  - 30 31 13 10  3 20  4  - 14  1 16  -  -  7 18 21  - 37  2  - 34  - 22 27 12  6 19 38 25  -  5
 23 27 12 34 20 14 36 30  8  -  2 21  -  4  1  - 16 18 15 28 26 37 35  - 10 11 32  - 33 13 24  9 22 19  3  7  5 17 31 25
  - 29 11  -  - 17 20 38  7 16  -  2 22 26 24  8 36 10 33  -  9 25 30 34  -  5 39 23  1 14  - 35  -  - 32 28 13 37 40 27
 19 21  - 17 23  5  4 31  - 11  - 14 15 37  - 40  - 25  - 18 33 13 10  - 29 30 27 34 26  -  - 16 20 22  2 32  1  7 35  -
