1280
 18  2 33 15  - 27 38  - 20 14 36 29 19  1  4  - 37 11  - 39  - 17 35  - 40  8 13 34 10 21 16 30 26 31 32 25  -  7  - 24
  2 27  -  1  - 14 15  -  9  - 35  7  -  - 12 38 39  -  8 23 24 33  - 11 21 29  5 25  - 19 40  -  -  -  3 32 17 26 13  -
  1 12  3 11  - 22 18  2  - 31  6  -  - 29  -  7 27 23 19  8 21  9 24  - 39 14 35 28  - 10  4 32 38 36 25  - 16 13 15  -
 29 34 16 38 27 13  9 12 23  3 14 39  - 21  - 24 19  - 30 25 28  2  -  -  -  5  - 17  -  6  -  -  7  -  -  - 35  - 37 20
 10  - 18  - 32 15 25  9 39  - 20 23 13  - 38  6 30 16  1  2 19  -  8  - 34 36 28  4  - 17 11 31 14 29 35 40 26 22  7 21
  6 36 39 30 29 11 21  5 19 15 38  1 23  8 24 20 25  9 12  3 26  - 32 28  2  7 18 27 17 13 31 16 22 33 40 34 10 14  4 35
 34 21  1  8 36  6 16 22 35 24 30  4 10  - 37 14 33  - 32 40 25 28  7 19 31 15 17 20 12  - 38 23  5 11  - 26  2 39  9 18
  -  -  -  - 25 40 31  3  6 33 23  -  - 13 32 28 10  2 15 18 16 30 11 20  -  9 14 29 19  1 21 37 34 17 22 36  7 27  -  5
  - 14 32 31  5 20 28 17 38  -  8  9 29 37  -  -  -  - 25  -  3 12  -  7 18  - 15 40 27 33 26  - 21 30 11  2 13 24 16  6
  - 31  -  - 24 21  -  - 16 23  - 19  - 30 14 10  - 20  7 38 37 36  - 26  3  - 40  - 25  -  - 27  -  -  - 18  6  8  2  4
 28  - 40  -  - 25 26 33 30  1 27  2 37 35 10 19 18 38 20  7 29 39 36 13 16  -  9 32 14 12  -  3 31 24 34  - 22 23 21  -
  - 17  4 27  9  8 20 26  1  - 33 35  - 40 34 21  2 19  - 30  5  7 10 15  6 18 39 13 28 14 37 29 23 32 38 11  -  - 22 16
 27 32  9 22 21 17  8 40 31 11 15 16  -  7  5 18  3 13 23  4 33 26 30 12 29 19 34 38 39 35 20  2  - 37 10  - 14  6  - 28
  - 33 38  7  - 26  2  - 36  9 24 34  -  - 29 23 14 31 10  - 32  - 21 40  - 11  6 19 22  - 17 28  8 25 30  - 27  4 12  -
  - 37  - 14  7  4 30 29  2 40  -  -  - 22 27 12 16  -  - 20  -  -  - 38 13 24 31 21 33 18 23 17 32  -  9 10  1 36  3  -
  - 11 27 13 30  9 35 28 22 25  1  -  - 18  8  - 12  - 14 16  2 21 33 39  -  - 24 36 31 34  -  6  -  - 19 38 23 20 29  7
 32  -  - 29 35 23 33  6  - 34 21  - 22 26  1 36 31 28 17 10 40 27  4  3  5 37  2 39 16  - 19 14 15  9 24  - 11 30  -  -
  - 24 34 17  - 37 39 31 27  - 40 11 18  4 13  -  - 12  2  6 38  5  9 30 26  1 22 14  - 16  - 25 35 23 15 21  -  3  - 33
 23  - 14 35 18 29  - 24  3 39 25 32 15 19 11 34 38 40  4  -  -  6  2 36 12 20 10  -  9  - 28 33 16 22  5  - 31  - 27  8
 40 26 23  -  8 19 34 30  7 38  -  5 21 33  2 25  9 27  - 24 13  - 28 14 17 31  - 18 29 32 39 11  3 12  1 22 20 35 36 10
 14 23  - 20 37 10  7 21 28 26  - 36 12  2  3 33 40 39  - 34 35 13 18 17 25 27  8  - 11  - 15 38  9  1  4  6 19  -  - 31
  -  - 10  5  2  - 32  - 34 21  3 15 11 17  -  -  7 14 28 27  4  - 25  6 33 23 36 30 26  8 18  - 20 39  - 29 38  1 24 12
 38 29  5 16  - 33  6  7 10  2 34  - 31 39 30  4  1 25 22 17  8 19  - 18 24 12 20 11  3  -  9 26  - 27  - 35 40  -  -  -
 11 38 22 18  4 16  - 14 29  7 13  - 33 20 26 32 21 10  -  9  6 25 19 27  - 39 37  1  -  5 12 34 30  8  2  - 24 40 31 17
 25  6 15 36 17 30 27 19  -  5  7 24 38 16 40  - 23  4 13  - 10 31 22  8 11  2 21  3 34 26  -  - 18 14 37 28 32 12  -  9
 39  3 21 25  - 36 40 27 13 18  4  - 17 14 19 11  8  6 37  - 31 24  -  - 10 35  -  -  7  - 33 12 29  2  - 30 15  -  -  -
 33  - 35  - 12 18 24 11 14  - 19 21  7  9 39 17 15  1  - 28  - 32  -  - 37 26  3 31 23 25 29  - 27 38 36  -  - 10  -  2
  3  -  -  -  - 39 11 32  - 30 31  - 26 36 22 16 35 21 18  1 14 10  - 29 27  6  7 37  - 20  5  4 17  -  -  9  -  2 33 34
  - 25  2  - 26  3 23 38  4 29 17 31  8  -  6  -  - 24 39  - 27 11 15 34 36 13 16 35  1  9  7 22 12 21 18 37 33 28  5 14
 12 20 26 10 19  7  3  - 11 35  9 14 16 23 17  - 22 29 21 36 18  1 38  5  8 28 27  2 40  4 34 24 33  6 31 39 25 37  - 32
 31 30 13 21 38 34  - 18 32  8 29 25 28 15 36  3 17  7 33 26 22 20  - 35 19  4 12 23  6  - 24  9  1 10 14  - 39 11 40 37
 13  - 36 37  - 38  1 25  - 17 10 30 40  - 20 26 11 33  - 31 39  4 23  - 32  - 29  -  2 15 22  5 24 28  - 27  3  - 35 19
 36  4 17 28 33 32 29  8 12  6 39 27  5 38 21 15 13 34 11 22 23 35 20  2 30 25  1 10 24 31  - 40 37  -  7 19 18  9 26  3
 20 19 37  2 31  -  -  4 15 28 16  -  - 25  -  8 34 32  - 11  - 38  -  9 22 10  - 24 21 36 30  - 39  - 27 12 29 33 17 23
 22  - 29  9 40  1  4  - 37 36 28 17 35 32 15  2 24 18 27 14 11  -  3 31 20 38 19  -  8 30 10 21  -  7  - 13  5 16 25 26
  9  -  -  3 10 12 13 39  5 20 32 26 27 31 16  -  4 15  - 37 34 29 17  1  - 30 33  6 35 23 25 18  2 40  8 14 21 19 38 11
 19 10 31  -  - 28 12 20  -  -  - 37  2  3 18  9 29 26  6  - 36  -  1 25  - 21 30 22 13 11  8 35 40  4  -  7 34 15 14 27
 26  9  - 34  -  - 22 10 17 19 18 33  - 11  7  -  6 36 29 15  - 40 16 24  -  3 23  5 32 27 13 39 25 35 20  4 37 21  - 38
  5 16 20 33 22 24 10  - 21 37  2  - 36  - 28  -  - 17 38 35  7 14  - 23  9 32 25  8 18 39 27 15 19 13 29  3  4 31 11 40
 21  1  7  -  3 35 19 16 18  - 26  - 14 34 25  -  -  -  - 12 17  8 37 32 23 33 38 15  4 40  2  - 11 20  6 31  9  - 10 29
