1280
 22  -  -  2 35  -  1 11 19 27  - 14  - 34 13 29 21  - 40 17 16 18  4 23  7  5  3 30 26 12  8  6 15 38  9 37  - 32 33 31
  9  - 12 28 40  - 17 15  -  - 29 36 18  - 10 25  8  -  -  1  3 20  -  2 38 31 33  -  -  - 23 24 11 22 13 27 39 30  6  7
 40 30  6 13  1 10 38  2 26 18 34  8 17  3  - 32 31  - 24 39  5  7 33 15 22  - 11 29  9 36 27 37 35 12  4  - 14  -  - 16
 17 34 22  - 20 26  6 39 11 36 27  1  - 15 12 23  4  - 33 25 40 24 30  9 16 21  - 28  5 18 29 32  -  -  8 19 38  3 13 10
  - 16 31 19 32  - 14  9 12  - 21 37  8 35  3 18 28 29 25 27 26 40 34  1  6  4 22  - 15 10  2 17 20  5  7 24 13 38  - 36
 20 24 14 27 16 25 34  4  8  -  7 29  5 22  - 28 40 18 39 12  -  -  9 38 23 36  2 21 19 15 31  1 30 13  -  - 17 10  - 35
 23 27  - 21 34 35  - 16 40  -  9 39  3 14 20  - 11 22 13  -  1 10 19 25 15 30  7 37 29  - 24 12  - 36  - 38 31 17 18 26
  -  - 21  -  9 27  2 23 33  5 36 17 38  1 29  - 30 20 19 40 34 15 14  - 18  -  - 26 10 16 28 25 39  6  -  -  8  - 31  3
 35 37 13 15 36  - 10 21  6 19  - 40  2 17 23 16  -  - 26 24 14 30 25 31  9 18 12 34 22  8 20 39  5  7  -  -  4 27 32 29
  5  8 29  1 33 14 28  - 20  7 16 27 22 18 30 15  3  9 10  4 23 11 37 35  - 39 17 13 12  - 26 40 32 34  - 25 24 36 21  2
 19 32 34 18 22 23  -  3 25 20 13  - 14 27 39  5 33  6  -  -  8 21 11 29  - 40 35  - 28 24  - 26  - 10 31 12 30  -  4 37
  8  7 17 30 28 13 27 12  -  2 31 19  - 39 15 35  - 23 22 29  -  -  - 18 33 37 26 14  1  -  4 21  - 32 25  6 40 16 24  -
 29 33 25 22 38  -  - 40  5  6 15  7 31  -  9 24 18  -  3  2 11 12  8 20 34  - 39 27 32 28 30 14 13 19  -  - 21 23  1 17
 31 15 26  -  -  8 29 33 17 40 25 20 36 10 14  7 35 13  - 30 12 32  6 22 28  - 24 19 21  3 37  - 34 27  - 39  1  5 38  4
 16  1 37  - 12  9 19 13 23 25  2 24  - 38  -  3 29  -  8 22 10  4 39 17 35 33 40 20  - 21 11  - 14 30  - 18  7  -  -  6
 24 10 32 16 11  6  - 20 35  8 18  - 28  7 25 37  2  3  - 31 13  5 12 14 39 38  1 17 40 26  - 19 23  4 15  9 29 21  - 27
  - 31  5 35  - 15 40 25  -  4 26 22  9  2 32 36 37  - 28  - 24 39 18 19  8  - 16  6 30 38  7 27  1 11 10 21 23 14 34  -
  7 21  - 40 13 39 24 28  1 35  - 31  - 36  - 20 12  4 17  - 15 29  5 10  -  - 38 25  2 27 14 33  6 23 11 34  3  -  -  -
 27 11 30 38  - 21  7 10 24 37 33 28 12 16 31  -  - 40  1 23 25  -  2  - 29 35 19 32  4 17 22 15 18 20 14  5  -  -  8 13
  6 17 40 14 21 33 18  7  - 38 24  5  - 13 22  - 15  8  -  - 27 34 35 12 10 32 25 39  -  - 16  - 26 28 37  3  2  4  - 19
 21  2 18 39 25  - 23 35 37  -  -  9 20  - 19 33 17 34 12 14 36 22  3  7 24 15 27  4  - 13 38  5 40  8 28 16  6 26 29 11
  -  3 20 12 24 18  - 37 22 29 14 10  6 32  -  - 16 30 11  -  2 27  1  4  5  - 31  -  8  7 21 13 19  - 39 40 28 15  - 34
 34 38  4 10 14  - 26 36  - 11  6 21  1 20 37  9 24 12 30 32 39 25 23 27  - 19 28 16  -  - 35  2  8  3 29 13  -  -  5 15
  2  -  -  - 37 22 20 26  9  3 12 30  - 11 38  - 39 28 29 18 19  -  - 21 40 13 15 31  - 33  5  - 17  1 36 32 34  - 10  -
 32 13  - 25 31  - 21 27  - 39  8  6 33 28 17 19  - 38  5 37 22 23 26 40  4 34 18  2 36 35  - 11  3  9 24  - 15 29 16  -
 25  9 10  -  - 34 11  - 31 22 35 12 27 40  1 39  7  5 37 28 21 38 36 32  2 29 30 15  -  -  -  4 16 26 17 33 18 13 20  -
  4 36 35 26 30  7  3 22 28  -  5 15 34  -  2  - 32 11 21 10 18 16 27  - 12  8  6 38 17 23 40 29 31 24 20 14 37  -  -  -
 10 28  - 37 19 38  8 34  - 21 32 26 13  4 33 31 27 24  7 16  6 35  - 39 36 20 23  3 14 29  9 30 25  -  -  -  5 11 12  -
 28 40 39  3 26 31 25 24 29 12  4 38 15 21 27 17 19 10 16  -  -  1  -  8 20  - 37  5 35 11  - 34 36  - 23 22 33  2 14  -
 15 18 11 36  8  1 12 14 39 17 22  3 19  - 40 30 25 16  - 35 28 33 32  6 26 10  5  - 23  -  - 38 21  -  -  7  9  - 27 20
  3 23 19 32 18  5 30  - 38 26  -  2 10 25  - 21  1 15 27  - 37  - 13 28 11  -  - 40 20 34  - 35  7  -  - 31 16  - 36 22
 36 39 24 33  4  3 13  1 14 30 10 35  -  - 28 22 23  -  -  - 17 31 29 16 21 25 34 11  - 32 18  9 38 37 27  - 12 19  2  -
  - 20 33  9  6  -  - 19  2 13  - 32 37 23  4 10 34  - 15 11 38 17 21  -  - 12  8  7  - 31  1 18 22 35  - 36 25  - 28  5
 37  -  - 20 10 40 35  5  3 28 17  4  - 24  - 27  6 32 18 34  - 13  -  -  1  2 36  9 38 25 15  8 29 14 19 26  - 22 23 21
  - 14 15  7  3 19 37 29 36  1 23 18 21  8 11 40 20 25 34 38 35  6  -  - 13 27 10 12 24  9  - 28  4 16 22  2  - 31 26 33
 11  6  - 17  - 24 36  - 21 34 38 25 26 31  5 12 22  1 35 19  -  - 15 13 27 14  - 18 37  -  3  - 33  - 16  4 20  8 40 23
  -  - 16 34  5 36 39 38  - 24 37 23  - 33  -  4  9  2  6  -  - 28 20 11 14 22 29 10 18  - 12  3 27 15 30 17 26 25 19  8
  1 19 38  - 27  - 32  6 16  - 30 34  -  - 18  -  -  -  2  5  -  -  - 37  3 11 20 36  -  - 17  - 24  -  - 15 35  -  7 28
  - 26  3  8 15  2  - 30  - 16 11 13 23  6 35  -  5 37 14  9  4 36  - 34  -  - 21 22 33 39 25 20 10 40  - 29 19  - 17  1
  - 29 23 24  - 28  5 18 10  - 20 11  -  9  - 14  - 35 31  3  7 19 38 36 25  1 32  8 16  - 33  - 12  -  6  -  -  - 37 39
