1280
 31 22  -  4 36 32  -  9 35 33 34  6 15  7 19 39 30  3  1 27 10  5  - 28  - 14 29 18  - 38 11  -  - 23 17  -  8 24 13  -
 27 30  - 20  5 37 10  - 21  -  - 16 11  -  4 19  -  8 40 28  - 33 36 25  - 17 14  -  1 13 12  3 34 26 23  -  -  -  7 18
 28  5 38 14  9 39 36  - 40 12 37 10 29 21 16 20  1  7 26  - 11 19 17 34  8  - 23  6  4 30  2 35  -  3 18  - 33 31 32 25
  - 40 22 38  -  -  6 13 16  - 26 20 32 27  - 24  4 37 29 10  - 36 23  - 14  8  1 19 34 31 33  7  2 17 25 28 12  - 15  9
  1 24  - 17 13 15  -  2  -  - 32 27  - 26  -  - 16 20 33 14  9 29 38 35 34  - 25  -  7 39 37  8 31 10 28  - 19 21  4  -
 39 38 25 28  1  - 15 17  2 20 22 12 23 16 31  7  6  - 35  4 24  - 37 29  - 34  - 13 32  3  8 21 18 14 27  - 26  - 19 10
  - 23 31 27  -  4 12  -  1  - 16 40 22  3  - 13 29 15 19  -  - 28 25 18  - 36  - 20 30  7 21  -  8 35  9  2 14  -  - 34
 17 16 27 23  6 11  - 22  7 39  9 28 24  8  -  - 35  2 21  5 25 38  4 10  1 15 13 40  - 14 18 20 32 36 29 12 31 34  - 26
  8  6 20 25 21  7 24 19 26  9 13  - 33  -  2 37 34 35 38 11  3 31 39 17 30  4 36 23  -  -  5 18 10 16 32 40 28 22 14  -
 26 15  5 11 32  9  1  7 23 34 39 21 40 31 25 10  - 14  - 17 30  8 29  - 28  - 18  2 35 20  - 19 13 27  6 24  - 33 12 16
  3  8 10 21 12 17 33  - 20 23  4 38  9 25 18 30 31  -  - 35 27 13 14  2 37 11  - 15 19 24 40 34  - 32  7  6  -  5 22 28
 20 34 14  8 23 26  2  -  5 29  -  - 21 30 37 32  3  1 18 15 12  6 33 31  - 39 19  - 24  - 28  - 38 22 13  - 27 10 16  7
 35 17  1 19 30 13  -  - 36  - 12  -  5  -  - 21 37 23  2 25 34 39  6 20 27 22  3 24 14  - 10 38 28  - 33  9 16  - 29 40
 15 18 40 13 14 25  7 10  -  - 19 17 27  6 28  9 11 26  - 16  -  - 22 12 38 35 20 29 33  2  3 24  - 39 21 31 23  4  8  5
 14 29  8 34 19 28 18  5 24 15 30  2  - 10 22 38 17  - 20  7 40 32 12  1  -  9  4 21 23  -  -  6  -  -  3 26  -  - 37 31
 29  2 13 16 20  - 25 21 28  6  - 18 12 37  -  - 19 24  7 31 23 14  - 39 10 33 30  - 38 34 15 22 40  5 35 36  9 32  -  4
 24 37 17  -  8  - 22 38 25 40 36  7  - 28 14  -  5 33  3  -  - 16 19 26  6 30 32 31 15 21  -  9 20  1 11  -  2 12 34  -
 13 20  7  -  3 22  9  - 11 31 15 34 36  5 33  - 12 18  6 19 28  - 21 23  -  - 37 27 39  - 26  - 35 30 10  1 17  8 38  -
 36 12 30  -  - 19 40 16 38  8 10  -  1  - 27 28 20 34 32 29  7 25 15  3  - 23  - 14  6 18 35  5 24  4  - 21  -  -  9 11
 18 27 32  - 29  - 28 34  -  - 25 37  - 35  3  - 15  -  8 40 14 17 10 21  5 16  - 11 22 36 31  4  9 33 19 39 20  -  6 38
  - 14 15  -  7  - 37 29  - 26 27  3 20 13  - 36 24 19 12  -  5 18  8  -  -  - 31  9 16 32 25 28  -  2 34 10 35 23 30 33
 23 11  -  5 26 14  8 18 22 28 17 32  7  - 21 16 33 12 10  3  -  -  - 13 40 31 35  1 25  9  - 15 30 29  2 38 37  -  - 24
 40 26 33 18 27 16 31  8 10 25  6  4  -  2 38  - 36 13  - 34 32  -  1  - 20  - 21 28  3 22  7 23 39  - 37 19 30 17 11 29
  6 36 23  - 38 20 17 12  - 14 28 31 19 34  1  5 39 10 15  2 37 26  - 27  7  -  8 22 13 40 29 25  - 21 30 16 18 11  - 35
 37  -  - 32  - 30 27 40 33  -  -  5 26 36 20 18  - 38 11 12  1  3 24  6 15  - 10 39 31 19 14 17 16  8 22 35  4 25  2 23
  -  4 35 37 22 27 32  - 12  -  8 26 16 29 15  2  -  5 31 18  6 10 30  -  -  1  -  - 11 23 38  -  - 34  -  - 40  3 28 17
 10  - 12 30 15  2 35 24  - 18 11  -  6 39  9  4 28  - 23 21 16  -  -  -  3  - 26 33 40 25  - 31 14 37  - 13 38  7 17  -
 21 35  -  - 25 38  - 36 15  4 24 33  3 11  8  6 14 28 37 23 13  7 31 22  -  5  - 10 17  -  -  - 19  9 40  - 32 29 26  1
 12 25  -  - 17  6 16 28 14 10 31 30  4  - 36 22 23 27  -  9 15 37 32  -  - 26 34 35 21  5 19 33  7 18 39 29  - 40  1 20
 22 32 21  7 10  - 29 37  -  5  -  -  8 19  - 14 26 39 25 13 31  2 35 30  - 28 17 12 20  4  1  - 36 15  -  - 34 38  -  6
  7 33 19 22 39 10 23  3  9 36  2 15 31  1 40 29 18 11  - 26 17 30 13  - 12 25 38 16  8  6 24 27 37 20  4 14 21  - 35  -
 32 13 37  -  4  - 11 33 19 38 14  - 25 17  -  - 21 31 24  8  2 12 27 16 36 18 40  3 29 35 22 26  6 28 20 30  7  -  5  -
 25 21  4 36 11  8  - 31 29 35  1 14  -  - 34  -  -  - 39 32 19 23  7 24 16  - 22  5  - 37  9 12 33 13 38 27  - 26 20  -
  -  3 26 39 31 35  4 25 17  - 20  -  - 32 23 15  7 21 27  1 33 22 28 37 13 29  6  -  9 12 30 40  - 19 14  8 10  2 18 36
 34 19 36 40 37  - 14 15 18  -  - 39  -  9  7 25 10 17 22 30 35 11  3  4 21  - 28  8  2 26  -  1 29  6 24 33  - 16 31 12
  9  -  3  6 40 31  - 11  4 21  -  8 17  - 13  -  - 32 28 33 29 24  2  7 35 19 15 25 36  - 16 10 12 38 26  - 22 14 23 37
 38 28  9 10 18 24 13 23 31 30  7  - 39 14 17 33 25 40  -  -  8 21 20 19 32  6 16 37 26 15 34 29  3 12  -  -  5  - 36  2
 19  9 24  - 16 33  - 14  -  - 18 36  - 23 35 31 40  4 17 38 39  1 26 32 29  -  2 30  - 10  - 37  5 11 12  7 25  - 21  3
  2 10 28 31 24 12  -  6 30  - 38 19 18 33 29 11  - 22  - 20  - 35 16 14  -  7 27 34  -  - 13 39  - 40 15  3  - 36 25  8
 16  - 39 24 34  3 38 30  6  1 21  - 37 20 12 23  8 25 14 36  4 15  - 33 19  -  9 26  - 28 17 13 22  7  5 32 11 35 40 27
