1280
 31 24 19 23 32  -  -  2 29  7  6 14  -  - 11 17 33 28  -  1  -  - 25 21 27  - 12  -  - 40 37  8 26  -  - 35 38 13  4 36
  9  - 36 11 10 23 16  - 22  -  - 38 12  - 39 34  1 26 17 25  4  - 35  2  - 18 24 29 31  3  - 33  5  - 20  8 27  - 15  6
 39  3 24 18  7 13  - 37 20  - 35 33  -  6 25 32 36 30  4 14 40 23 28 31 34 10  9 26 38  2 12 22  1  8 11  5 15 27 19 21
 34 30 25 26 40  - 11 19 17  6  - 21 28  -  -  2 16  9 35  - 39 27  - 20 32  -  - 15  - 29  8  4 18 36 38  - 10  1  5 12
  - 40  9  - 15 17  - 11  -  -  - 16  - 24  5 36 32 37 21  - 19 12 39 14 22 25 31  8  - 18  7 23 35  3 10  -  - 29 26 28
 19 18 17  - 31  -  8 21  9 23 40 13 20  7 35 22  -  5 11  -  - 33  - 12  - 24 36 16 10 32  - 26 30 38  4  - 29 15 34  -
 20 36  2  6  - 21 26 39 27 29  - 30 18  - 24  -  - 14  - 33 13  9 38 22 37  4 16 25  5 12 17 28 34 15 40 32  -  7 10 19
  - 23  7 16 37  1 21 29  8  - 10 12  - 28  3 35 38 18 14 26 20 32 40 25 31 39  2  -  6 19  9  - 11 30 27  -  5 22 33  -
 22  6  -  - 25 36 38  8 15 19 16 17  3 33 28  - 30 34 32 37 14  -  2 24 39  5  - 35  -  - 31 12 23 20 26 11 18  9 21 27
 11 17 29 14  - 26 31  -  4  8 30 20  7  2 21 25  - 39 18 10 16 22 12 34  - 27 33  - 35 36 23 38  - 32  1  9  3 28 37 15
 23  - 21 35  2 20  - 16  - 26 11  - 32 25  -  -  8  6 12  7 22 36  -  5 30  9 19  - 29 34 18 39 10 24 33 15  - 14 17 38
 21 13 26 38  -  - 12  1 33 18 20  4  6 34 31 15 19 23 28  5  7  - 36  9 29 35 37  3 32 30 22 27  8 10  2 16 17 40 39 25
 29 21 34 32  -  2 18  -  - 20  -  8 23  - 30 13 25 33  - 28 10 11 24 19  3  7 35  - 27 15  1  6  - 40 12 37 26  5 36  -
 38 26 32  -  -  - 39 10  2 27 34 18  4  -  - 23 21 17  1 30  8  - 14 13 33 40  6 19 15 35 25 24  7 28 16 31 11 36 29 37
 18  - 38 21 13 40 14 34 11  -  4 32 35  -  6 39 17 10 25 24  - 26 30 36  8 29 15 33 16 28  5  - 27  1 22  -  7  -  2 23
 25 32 13 19  - 15  - 18 26 37 28  1 31 40  7  - 14  2 34  8  -  -  -  3  -  -  - 38 12 24  - 10 20  - 36 23 35 39 30  9
  -  - 18  - 20  9 24 40 32 35 22  2  - 12 13  6  3  8  - 16 17 31 34  -  4 38 30 11 25  5 19 37 28 39  - 29 21  -  - 26
 24  4  6 40 17 22 20 36 35 21  2 27 26  3 18  -  - 16 29 12 33 19  - 38 28 13  1  5  8 39 11 30 15 31  9  - 34 25 32  7
 36  - 28 20 24 19  7  9  1  5 25 34 14 18 33 31  - 32 30 15 12 17  - 29 38 22 23  2 26 21  3 35 13  -  -  -  8 16 40  -
  - 20  3  8 30 14 34 24  7 40 36  -  - 23  2  -  - 13  6 11 31 35 29 32  5 28 27 12  1  4  - 16 25  9 15 21 22 17 38 18
 28 34 16  - 38 30  - 20  5  -  -  6  8  -  9 19  7 36  -  3 35 21 31  - 12 15  4 32 40  -  - 25 29 26 14  2  - 18 11 39
 37  7 35 24 27  5 19 25  -  2 31  - 30 11 12  - 34  - 22  - 23 18 13 40 20  8  3  9 17  -  - 29  - 14  -  - 39  6 16  1
 13 16 39 22  9 37 28  - 25 12 27  5 29 36  - 11 18 20  8 38  -  -  -  - 21 33 26  7 34 17  - 15  3 19 31 14  - 35 24 30
 30  - 20 29 26  4 40 35 36  - 32  7 21  -  -  5  9 15  2 34 37 14 17  8 23  1 39 10  - 25  - 11  - 18  6  - 24  - 12  3
 10 19 15 33 18 35 36  -  6 39 21 29  -  -  -  7  -  -  3  2 38  5 20 27  1  -  8 30  -  - 24  9 16 12  -  4  -  -  - 40
  3 35  5 15 33  7 22  - 30  - 12 31 19 16 32  9 20  -  -  - 34  1 10 39 14  2 18 40 23  - 21  -  6  -  -  -  -  4  -  -
 12  - 40 31  - 33  5  4 37 11  - 15 36 26 14 30  - 22  - 23  9 16  - 18 10  3 28 39 19 27 35  2  - 25 17 38  1 32  6  -
 27 22 12  5 19  -  - 31 24  -  - 11 39  - 29  1 15  7 10 35 26 34  9  - 36 23 14  -  - 13 20  -  4 17 30 25 16  - 28  2
  -  2  -  4 21 27 25 15  - 16 33 39 22  -  - 12 11  3 38 19 29 28  7 37 18 26 20 24 30  9 40 14 32  6 34  1 36 10  -  -
  -  -  -  3  -  - 37 30 12 10  -  - 40 21 15 18 23 29 31 20 32  -  6 26  9 14  - 17 28  7 16  1 19 27  5 34  2 24 22 35
  8  9 10  7 29  -  - 17 40 32  - 25 38 14  - 26  5 19 37  - 28 15 21  6 16 31 11 18 36  1 30  3 12  - 35 39 33  2 20  4
 40  - 14 17  - 28 35 26 19  9 15 23  - 39 36 29  4  1  5 18 27  - 16  - 24 20  - 21  - 31 33 32 37  -  7 13  6 38  3 22
 16 15  - 37  1  -  6 14 38 28  5 10 34 29 19  -  2 35 33 21 11 13 27  - 25 30 17 36 39 26  4 20 40 22  3 18  9 12 31 32
 32  -  - 12  5  3 15  6 21 34 23 24  - 31  8 28 26 25 39 40 36 10 18  -  2 17  - 27  4 20 29  7 14 16 19 22 37 30  9 13
  7  8 22 28 23 32  1 12 16 33 14  9 15 17  - 20 27 24 19 39  -  3  -  - 11 36  - 31  -  6  -  5  - 35 29 40 30 37  - 34
  - 14 31 25  -  8  9 38 23  3  1 40 27 19 20 24 29 21  -  - 18  7  5 17 26 32 10  4 37 16 34  -  -  - 28 30  - 11 35 33
 35 25 27  -  -  -  2  3  -  1 29 37  - 15  - 38 24 31  - 17  -  4 19 11 13 12 22  - 20 23 36 21  9  - 32  -  - 34  8 16
  - 33 30  2 36 10 17  7 31  - 39  3  - 32 34 21 12 27 40  9 24 38  1 16 35 19 29 20 11 14  6 18 22 23  - 28 25 26 13  5
 17  5 11 36 35 16 30 33  - 14 19 22  9  -  1 27  - 12 13 31  2 37  - 28 40 21  - 23 24  8  - 34 38  - 18  6 20  3 25 29
  2 12 37  - 39 29  - 27 14 36 26 35 24 20 38 16 22 40  9  4 30 25  3 23 15  - 21 28 18  - 32 31  -  5 13  7 19  -  1 11
