1280
  1 26  4  2 29  - 15 38  - 12 31 27 23 25  5 24 36 37 16  - 10 21  -  - 18 35  -  - 22 33 11  -  - 13 28  -  -  - 20 17
  9 11 32 13  5 12  3 20  1 18 35 29  - 40 27  6  7 28 23 30 37 24 19  - 17  -  8 38 21 34  -  - 26 16 36 14  2 33 31 25
 35 29 14 27 24  2 19 33 34  7  - 15  1 22  - 26 10 39  3  5  - 23 12 18  -  6  - 37 17  4 38 20 11 40  - 31 36 21 13 28
  - 39 19  4  - 35 16 23  2 14 12 40 24 33 36  -  1 29 28 26  8 27 13  3 34 21 32 25 38  7 37 15 10  6 20 17 30  - 22  9
  6 13 16 20 14  - 28  7 32 10  -  2 35  1 19 30  -  - 12 36 18 37 15 34 23 29 31  5  8 25 24  3 33 38 40 39 11  4 21 27
 16 38  3  9  1 31 39  - 10  - 29 24  - 23  - 25 19 22  5 11 26  -  - 30  - 34  - 36 35 37 20  2 15  7 14  4 18  8 27  6
  5 10 11 31 38  - 34  9  -  - 33 32 25  -  -  - 17 21  7  - 28 39  - 19  - 37 26 20  - 23  2  - 22 27  - 35 13 14 24  8
 24  -  8 17 23  -  9  5  -  -  - 34  - 12 31 20 11 40 32 29  4 25 22 26 28 15 27 18 33 30 16 36  7 10 13  6 14 37 35  3
 29  6 35 10 13 16 30 14 22  -  -  - 18  - 12 37 38  3 25 28  2  9 17  -  4  - 11 15 31 26 27 34  8  - 33 40 23  - 19 39
 34 21 36 37  8  3 24  1 26 25 22  -  6 19 35 39 33 20 18 40  9  2 23 31  7  5 12 27  4 16 28 13 17 30 32 10  - 29  - 14
  - 18  -  5 28 29 17  -  4  - 10  6 19  - 23 15  9  8 14 13 35 32  - 11 33 25 34 31 36  1 21  -  -  2  - 26 39  -  3 38
 32  - 22 40 33  - 26 35 23  6 28 11  9  3 21 38 30 19 24 34  - 10  -  - 14  - 15  - 16  - 18 25 37  - 12  5  -  -  -  1
 25 28 21 22 30 33  -  - 17  -  - 31 29  - 16  8 37 24 10 23 36  5 39 15 35 12 20  1 32 40 19 18  4  - 26  3  6  7  -  2
  - 34 12  - 17  -  - 16 13 19  - 30 37 28  -  -  6 10 29 20 33  4 32 22 39 27 23 21  7 38 15  - 24 26  9 11  3 35  - 40
  -  -  9 32 40 26  8  4 33 24  - 36 27  6  2 13 28 11  - 19 39 20 16  - 21  3 35 14 23 18 34 12 29 22 10  -  - 38 37 31
 28  9 31  - 10  -  - 26 18 22 27 33  5 11  3 34 32  2 35  8  7 13 14 40  6 16 38  -  - 24  - 17 20 29 23 25  1 15  - 21
 27 40 23 25 26 10 11 29 39  -  2  4 21 31  8 22  - 34 33 37 13 18 35 32  -  - 17 19  - 14  7  5 38  1  6 12 24  3 30  -
  -  -  5 26 37 18  1 28  6 17 25 16 12 27  - 29 31  - 13 14 19  -  7 20  8  - 39 23 11 15  - 30 40  - 22 21 38 10 34  -
 33 19 15 21 36 30  -  - 20 37 24  5  7 38 28  -  - 14  4  2  - 34  - 35 22 32 29 40  -  -  9  - 31 12 39  8 25  1 17 26
  7 20 29  -  4 11  5 10 12  - 40  - 33 13 24 17  - 26  8  1  - 22 30 37 36 23 19  - 18  2  - 31  6 39  3 16  9  - 15 35
 39 16 28 12 22 32 20  8 25  2  -  - 31  7 33 18 14 36 21  -  -  6 38  4  -  -  1  3 40 19  - 27  - 15 35  - 37 24 10 23
  -  3 26 29 15 24 18  -  - 31  - 12 11  2  - 10 39  - 27 38  5  -  - 17 25  -  7 13 37 22  -  9 35  - 16 28 21  - 36  -
 21  - 37 38 12 13  6 24 30  - 17  8  3 32  -  7 15  -  - 35  - 31 25  -  5 22 16 26 39 11  1 29 19 33  4 27  -  - 28 20
 14 30 20  3 31  9 38  -  -  8  4 28 34  -  - 23 21 35  1 18  6 15  - 24 27 26  -  - 13 17 10 33 12  5 19  2 32 16 25 11
 19  - 18 36  3  5  - 15 31  - 34  - 20 10 39 35  8 30  - 27 21 16  6 13 24 33  4 28  1  - 12 11  9  -  - 23  7  2 40 37
  - 32  7  -  -  -  2 25 11  - 15  3 22 17 26 33 34  - 39  4 29 36 31 12 38 10  -  6  - 28 23 37  -  8 21 19 35 20  9 24
  - 23 38  - 20  - 32  - 35 28 11  -  -  -  1  - 40 25 36 15 16 26  - 27  3  2  9 17  5  - 29 39 30 14  7 37 33 22 18 12
 26  4  -  8 35 40 22 39 27  - 13 14 16  - 15 31  2  7 38 12 20 11 33 21  -  - 25  9 34 10  3 24 32 37  - 36 28 17  6  -
 10 24 27  7  - 25 33  -  9 30 36 19 40 14 22 32  3  -  -  -  - 29  1  8 11 38 21 35 20  - 26  4  5 28 37 15 34  6 39 18
 12 27  1 30  -  7 29 32 15 35 23 20 17 37  -  -  5 31  6 22 11 40 18 14 10 39 24  2 26  8  -  - 36  3 34 38  4  - 33 16
 23  8  - 19  - 38 21 30 16 34 18 17 26  -  - 12 35  - 11 24  1  7  5 39  - 40  6 10  -  - 36 14  2  9 25 20 31  -  4 22
 17 37  - 35  7  8 27  2  5 33  3 18  -  - 11  - 12  -  -  6 24 14 36  -  1 28  - 22 29  -  4  - 21 31 15 30 20 39  - 10
 20  -  6 23  -  - 25 12 24  1 19 37 30 35 10 11 27  - 15 39  - 33  3  9 40 13 18  - 14 31  8 38 28 36 17 32 29 26  2  7
 38 14 17 11 34 23  4  3 29 36  -  7 10  -  6 28  -  5 31 25 27  -  -  -  -  1  - 24 15  - 13  - 39  -  2 22 40  9  - 33
 36 31 34 14 19  6 35 40  - 29 21 10 13 16  -  3 22  - 37  - 15 30 27  7  2 17 28 39  9  5 32 23 25  -  - 24 26 11  -  4
  - 15  2 33 11 28  7 36 37  -  6 35 39 20 34 16  - 23 26 21 14 19  9 38 31  8 22  - 10 27  - 40  -  - 24  -  5 25  - 30
  2 35 39 15  6 27 40 17  -  4 32 22 14  8 37 36  -  1  9  7  - 38 21  - 19  -  - 34 25  - 31  - 18 11  5  -  - 30 23  -
 40  - 10 16 39  - 37 31  3  5  7 25  4 26 17 14 23  -  2  9 34 28  8 33 20 19 36  - 24  - 35  1 27 32 30 13  - 18 38 29
  8 33  - 34 32 14 12 19 21 26 37 39 28  - 38  4 13 15 20 10 31  - 24  -  - 30  3  7  2 36  6 35  -  - 11 18 22 27 16  5
 37 12 13  6 25 17 10 11 14 39  8 23 36 18  -  9  4 38 40 16  -  3 26 28 30  -  2 33 27 20 22 21  1  - 31  - 19  5  7 15
