1280
 27 34  2  - 20  5 14  - 29  - 33 38 30 12 28 23 15 16  3 17  8 40 25 35  1 24 39  -  4 18  7 19 13  -  9 11 22  6  - 36
 32 31 10  - 23  8 11 12 33 40 37  1 38  - 36  3 25  9 29  7 24  4  -  - 19 16 22 13 30  -  -  5 34 21  - 18 39 35  -  -
  -  - 19 35  - 38  5 25 39 32 28  - 24 22 26  -  2  8 31 40  7 33  - 37 12 29  4 20 27 23 17 13 14 30  3 16  - 15  - 10
 29 40 22 15 36 35  - 38  - 12 34 13  - 17  6  7 26  1 25 14  -  5 18  8 27  2 21  - 31 20  9 37 19  3 32 28 30 16  -  4
  -  9 21 19 14 15 36 32  5 25 38 37 20  3 35 17 39 18  -  - 40 26  7  -  -  1  8  6 23 13 11 28 33 12 10 29 31 30  4 27
 14 21 16  7 15 39 29 28  -  5 26 34  2 20  9 25  - 13  8 30 27  3 17 24 38 37 33 22  6  - 40 31  - 23 19  -  -  4  - 18
  - 29 27 40 26 33  3  -  9  4 39 25 34 15  - 18 13 24 32 28  6 36  - 22 30  5 19  2  7  1 31 35 10 37  - 12 11  - 21  8
  -  7 29 24 40 23  -  - 15 38 18 20 33 36 16  5 10  - 17 13 30  8 19  3  2 27 31  1 28 32 39 34  -  9 37 26  -  - 14 11
 10 38 13 17 19 40  -  - 22 16 24 31 21  -  - 27  -  - 12  - 37  -  - 33 26 15  2 28  -  7  - 11 39  8 29  -  9 36 30  -
  -  - 17 25  -  2  1  -  6 14 36 24 12  5 39 19 37 27 33 26 35 28  4  7 31 10 30 40 20  9 13 21 16  - 11 23 29 38  3  -
  3  2  7 26  - 13 30 37 10 21 32  -  -  - 40  8 35 17 22 36  - 27  5  4 39 34  - 19 29  6 38 14 25 11  - 20 15 24 23 31
 24 39  - 22 12 14  2 36 35  8 13 18 26  9 37 40 31 38  - 29  -  6 27 20  - 32  -  -  5  3 15  - 28  4 30 33 19 11  - 16
 31  -  9 23 16 12  - 20 25 18 14 32 22  7  8 26 27 36  - 19 10 39 37 29 40 11 17  -  -  -  3  1  4 15  5  - 34 13 35  2
  5  - 25  - 32  7  - 22 40 28  - 33 17 29 30 31  - 20  6  -  2 16 38 14  - 21 27  - 12 11 10  9  3 35  8 37 13  -  - 19
  9 33 35 31 39 37  7 27  -  - 15  -  - 21 18 29  - 19  -  - 17 25 10 23 16  -  - 34  2  -  5  3 20 22 13 30 32 28 24  6
 33 24 30 13  4 27 16 40 11  - 20  -  5 34 38 35 21 39 36  9 23  1  -  2  - 18 28 17 37 26 12  -  8 19 14 22  - 10 32 15
  4 13 18  - 24 20 33 26  -  - 25  - 27 40 14 11 22 10  -  2  - 31 29 36 17 23  6  3 19 16  8 32  9 38 39  - 37 21  - 12
 37 12 38  6  7  4  - 30  - 33  2  9  - 32 22 10 36  5  - 21 18  - 35  - 14 28 13 26  3 31  -  - 23  1 25 39 40  -  - 20
 38 10 12  -  9  - 31  - 32  6 27 15 28  - 24 39 17 29 20  4 19 21  1 11 13 30  - 37 36  8 25 23  -  2 34  -  5 33 22  7
 34 17 28  -  6  -  8 14  -  2  1 10  4 16  3 13 33 21 38 25  - 22 36  - 11 19 20 27  - 12 18  -  -  5 26  9  -  - 29 40
 15 14  3 29 28 36  - 11  2  7 16  -  - 30 27 21  6  - 39 24 38 37 23 19  5 31 12 18 26 22  1 33  - 40 20  4 17 25 10 13
  -  - 11  3  - 16  - 29 31 27 22 26  - 23 34 30 20  -  4 10  - 17 21 38 28  6 15 35  8 36 32 25  - 24 40 19 33 18 39  -
 39 22 40  - 35  - 38 31 23 17  - 36  6  -  4 24  -  2 13  1  - 15  3 10 33  -  - 21 34 28 37  - 29 32 18  5  7 20 19 14
  - 32 24 21 18  6 19  - 17 13 35  4 25  - 10 37  - 33  7 31  -  9 22  1  8 39  -  5 11  - 23 30 26 28 15  -  - 29 36  -
 35 16  1  4 17 28 32  - 18  - 10  5  3 24 11 38 19 15 40 37 39 12  2  - 29 33 23 30 14  -  - 26  6 20  7  -  - 27  9  -
  - 36 15 38  - 22  4  7 20 19  -  2 29 31 25 16  - 12 37 32 26 35 39  - 23 13  5 33 21 24 27 18  1 14 28 10  -  -  6 30
 13 28  8 39 11 19  9 35  - 30  5 29 10  2 33 20 40 23 27  - 25 32 16 31 37 14 38  7  - 17 36 12 22  -  1 21 24  3 34  -
 30 26 32 20 25  1  - 23  3 37 31  - 14  - 19  -  8  -  2  -  - 29  -  5 24 22  9  -  -  -  -  - 18 17 36  - 28  7  - 34
 18 20  - 28 30 26 23  9 13 36 19 21 15 10  2  - 24  3 11 39  4 14 33 25  - 35 34 32 40  - 29  8 17  7 27  - 16  1 31 37
  6  - 20  - 10 31 26 16  -  1 29 14 23  -  7 33  5 30 19 27 21  - 12 28 32  - 24 11 18 34  - 22 37 25  4  3  - 40  8 39
 28  - 31  - 37 29 25 39  - 35  - 17 13  4 21  1 14 11  - 34  5 20  6  - 18  9  - 15 38 19 22 40 30 26 23 32  -  2  - 24
  7  - 33 11 34 21 12 13 38 23 30  - 32 19  1  -  4 31 18  6 14 24  9 40 35  8 10  - 17 29 28 20 15 39  - 27  - 37  2  5
 23 30  4  -  5  9  6  8  -  3  - 19  1 37 12 22 16 25 34  - 29  -  - 21 20 38 32 14 24  2 26 36 27  - 33 31 10 39  - 17
 21  8  - 14  - 34 37  -  - 20  4 22 19 18 31 15 23 28 35 11  -  - 24  -  -  7 40  9 10 39 33 27  - 16  2  1  6 17 25  -
 26  -  - 34  8 11  - 33 27  -  3 16 31 25 29 14 28 22 23  - 13  2 30  9  7 36 35 39 32 38 19  -  - 18  6 40  4 12 17  1
 19 27 39 10  1 25 17 24 16  9  - 30 18 11 23  - 29  -  5  3 36 34 26  - 15 12  -  4  - 35 14  2  - 31 21 13 20  8  - 33
 22  - 34  5 31  3 21  6  7 15  8 27  - 28  -  2 30  - 16 12  - 18 32 39 10  - 11 36  9 33 20  4 24 29 35 17 25 14 38 23
 11 35 14 37 29 32  - 18 19 24 21 23  - 39 17  4 34  7 30  - 22 10 13 12  9 26  3  8  1 15  2 38  - 36 16  - 27  5  -  -
  -  4  5  - 27 10  - 19 21 39 17 11 35 13 15  -  1 40  9 23 28 30  -  - 36  3 29 25 16 37  -  7  - 33 31  -  - 26 18 38
  - 23 36  -  - 17  - 10 14 22  - 39 11 35  - 32  7  -  - 16  3 19 28 18  6 20 37  -  -  4 30 15  2 27 24 25  1  - 33  -
