1280
 18 35 22 26 34 40 15 19  7 39  -  3 13 33  - 25  -  4 17  2 27 11  - 32  5 12 23 30  - 16 31 38  - 20 29  -  -  -  6  8
 23 15 17 13 21 22  3 28 40 38  -  - 19 30  6 16 26 11  - 14  4 25 36 10  1  -  - 39  -  - 27  -  - 29  2  5 31 34 33 35
 25 22 32 28 24  7  - 21 17 19  6  9 35 37 26 29 30 15 14  3 36  5 40  8  2 18  -  - 13  4 16 10 39  - 27  -  1 20 31 33
  - 31 33 39  - 14 37 25 32  5 22 16  4  3  8 19  - 40 24  - 12  9 38 21  -  -  - 15 17 35  2  - 11  - 13 34 26 10  -  7
 40 32  3 36  -  4 20  - 33  2  9 39 10 38 11 22 27  - 28 37 17  -  6 29 16 26 21 24 14  8 34  -  7  - 18 30 12 35 19  -
  -  -  4 12 25 32 14 20 13  - 16 38  1 10  - 33 31 27 34  5 26 19  8 15 21 37 18  6 11  -  9 28 40 39  7 22  3 23  -  -
  - 20  -  3 38 26 27  5  - 33  -  -  -  8 24  - 18  1 13 39  - 29  - 25  -  7 31  - 22  - 11 19 37 35 36 15  - 21 40  2
 32 39 23 37 27  1 28 11  6  - 35 22  - 40 34 15 14  5 10  - 31 33 30 19 25 13 20  4 16 26  3 24 29  2  -  8  - 17 12 38
 27  - 13 24 14  2 23 26  8 17  3 10 30 29  -  - 36  9  - 25  5 32 28 34 38  1 33  -  - 21 12 15 19 40  4  - 39 11 37 22
  3  - 10  9  4 13 38 29 39  7  1 24 37 22 16 12 32 23 35 11  8  - 21 36  -  2 25 19  -  - 17 31 34  6 14 18 20 15 30  5
  - 34 29 30 22 10 24  7  2 12 15 31  3  9 19 21  5  8  1 17 33 16 27  - 14 36 28  - 37 20 39  -  6  -  - 35 18  4 38 40
 33  -  2  8 16 17 26  -  -  4 39  -  - 15  1 35  6 28 18 24 38 10  - 20  - 25  -  3 30 19 21  - 31 13 34 36  9  7  - 23
 21  8 11 29 13 27 19 38 25 10 26  - 31  5 18  9 23  - 30 12 24  - 16  -  - 32  3  - 15 40 22  4  -  - 39  6 28 33  2 17
 11 13  8 22 40 16 18 36 19 27  2 14  -  -  -  - 12 38 39 21 25  1 26  4  - 15  5 35  - 33 30 37  3  9 32 17  7  6  - 10
 35  - 37 16  9 12  7  - 20 22 11 26 39 34 31 40  8 17 15  - 32  6 18  - 29  - 19 27  4 36  5  - 10  -  3  - 21  - 24 14
  -  6 15 19 11 38 30 14 10  3 24 34 16  1 23  - 37 32  - 20 29 35 33 12  4 31 39  2  - 25 28  7  -  - 26  9  - 40 27 13
 26  4 19  -  - 23 31 24  5 28 25 35 40  6  2  7 11  -  - 27 18 30 15 37 17 29 12  - 21 32  - 34  9 16  8 39  -  3 13  1
 34 26 16  6 20  8  -  -  -  - 27  - 25 18 30  -  - 39  - 36  3 21 11  1 37  5 22  9 12  -  - 17 15 14 19  7  -  2 10  -
 30 21 14 15 26 29 32  3  - 34 19  4  5 31 36 20  7 24 12  - 10 17 23  -  6  -  -  - 39 18 25  1 27  8 11  - 13 37  9 28
 12 29  - 21 18 34  -  - 23 14  - 36 15 35 25 13  -  7 16  4 20  - 37 17 11  -  1 26  -  - 40  9 22 38 31 33  2  8  - 32
  - 12 36 25  - 21  6 16  - 29 33  8  -  - 15 24 22  3  -  -  - 39 20  7 32 17  - 11 23  -  -  -  - 10 38 28 19 31 18  4
  7  - 25 27  6 28 21  - 38 37 13 15  8 26 29  3  - 20  5 31  -  4  - 22 24 23  - 14  - 17  - 16  - 18 35 12 40 39 34 36
 20 24 21  - 30  -  - 17 34  - 40  - 38 14  - 36 39  6  - 23  2  - 32 27  - 16  7  - 10 22 35 25  - 37 15 29  4 12  8 18
  8 19 26  -  2  6  5  -  9 35 18 17 27 20  7 23  4  - 29 32 15 40  - 13  - 21 30 22 25  - 36  3 38 11 16 14  - 28  - 39
 29  - 38  2 39  9  - 40 36  -  4 27 18 12 37  1 13 14  8  -  - 15 25 35 20 10 32  5  6 31  7 30  - 28 22  3 23 26  -  -
  4  -  6  -  - 24 36  - 30  -  7 19 17 32  5 39 21 31  2 26 23 28 10 16  -  - 27  - 34  - 29  - 35 12 20  - 25 18 22  9
 24  -  1  - 10  - 16 23 27  - 32 11  - 17 39  6  3 12 36 38 21  - 19  5 40  4 26  8 35 15 13 20 28 22 30  2 33 14  7 31
 31 37  7  -  1 30 33 35 18 32  - 25  - 39  -  -  - 21  3 34 22 24  5  9 26 40 29 17  -  2 15  - 14  4  6  - 38  -  - 19
 15 30 39 40  8 20 35  - 37  - 29 13 34  4 32  - 24 16 25  -  7 22  2 33 27 28 10 12 38  1 18 11 17 31 21 23  5  - 14  3
 38 28  - 23 19 11  - 22  1 31 12 21 36 24  4 10 40 29 20 16 35  -  - 39  9 14 15 18  -  7 32  8  2  3  5 25  6 27 26 37
  1  3 20 31 33 25  9  - 29 40  -  -  2 13 27 14 28 37  4 10 39 38 17 30  -  -  -  -  7  6 23 12  8  - 24 19 22  5  - 11
 19 10  5  1 12 39  4 31 15 16 17 23 33 21  3 27 35 26 38 18  9 20 22 40  8  6 14  -  2 28 24 13 30  7 37 32 29 25 11 34
 36 27  - 10  - 33 22  - 14 13 20  -  7 25 21  -  - 18  - 29  -  - 24 23 35 39  - 31 26 12  8  2 32 19  1 40 16  9  -  6
  - 23 35 18  3 36  1 39  4 20  -  6 14 19 28  2 10 33 22  8  - 12 34  -  7 24 40 13  5  -  - 29 21 15 25 27 30 32 17  -
 16 38 12  7 35 18  -  8 24 15 36 20 22 23  - 32 25 19 37 28 34 13  - 31 39  -  9 10  1  -  6  - 26 33 17  4  - 29 21 30
 10 18 31  - 17  5 39 32 21 26 38  - 23 11 40  8  -  - 19 15  1 36  7  6 30  3 13 29  - 14 37 35 16 27 12 24  - 22 28 20
  5  7 40 35 32  - 29 34  3 21 30 28 26 36 33  -  1  2 27  9 37 14 31 38 13 22  8 20 18 39  4  -  - 24 10  - 15 16  - 12
  6  2  -  -  - 31 25 15 12  8  - 30 11 27 22  - 20  -  9 13 16 37  - 18 33 19 17 23  3  - 14 39  4 34 40 21 35  -  5  -
 14 40 18 38 29 35  8 33  - 24 10  7  6 16  9  - 15  - 23 22  -  2  -  3 12 34 36 32 19  - 26 21 25  5 28 20 17  1  4 27
  -  - 27  - 28 15 13  - 16  - 14  2 20  7  - 31 34 36 32  - 40  8  -  - 18  9  4 37 29 23 10 22  5 21  - 26 11 30  3 25
