1280
  - 27 37 16 10  8 19 31 14  -  7 30 33 38 24  -  - 35 26 39 32  -  3 13 22  -  1 18  4  9 21 34 28 40 15  - 12 23 36  -
 10 28  7 27 14 39 16 33 21  8 34 20 19  -  2 17 38  -  5  - 29  9 25 26 24  3  - 23 31 18 15 40  -  1 12 37 35  4 11 30
 27 38 39 14  5 37 36 35 26 10 13 34  3 40  6 23 31 21  4 30 17 18  - 16  2 22 24 19  - 12 11  - 33 28  7  1  - 25 20 15
 11 31 40 20  -  - 23 27  9  6 32 19  - 24  -  - 16  - 30 25 26  1  8 35  3 18 12 37 36 17 39  5  2 33 29  -  7 22  - 14
 26 11 13  6  1 38  5 25 24 28  - 40  -  8 12  3 20 39 17 29 33 32 22 15 14  - 31  4 21  7 37 35 23  - 27 18 34 19 30 10
  -  -  -  1  -  6 35  - 37  3 39 18 29  - 16  - 22  - 14  - 23 25  - 11  8 24 34 12 10 32  - 19 27 21 28 13 15  -  2  -
 37 19  8 31 20  5 12 11  - 25 33  - 28 29 18  - 36  - 10 22  - 23 26 38  - 21  -  - 39  4 27 17 30 15  9  3 14 34 35 40
  6 39  9 30 35  - 14 13 19 36  - 25 40  -  7 21 32 37 15 28 16 22 11 23  -  4  - 33  - 24 31  8 26 10  3 20 27 18 12 29
 35 40 29 24 13  - 31  -  - 26  4 10  - 22 11 15  7  3  1 37 38  5  2  -  - 12 25 34  - 19 23  -  9 36 20  - 28  8 32 27
  8  - 30 35  - 36 20 38 28 17  - 12  - 14 29  -  5 27 11  - 31  2 37  6 10 13  - 25 15 16  - 22 40 19  - 23 39 24  1  9
 36 23 16 38  -  - 24 32 33 19 26  5  - 10  -  -  -  - 27 15  -  -  -  - 40  1 35  2 20  8 22 28  - 37  -  7  - 13  - 25
 24  8 35  - 39 31  - 18  -  - 29  -  6 34 38 33  - 28  3  -  5 15 23  -  - 14  -  1 37 30 10 16  - 27 17 25  - 11 21  2
  7  - 20  - 23 24  2  4  3  9 30 22 12 27 32 36 13  6 39 11 35 14  1  - 25 28 38 16 19 29 34 37 21 31  - 10 17  5 40 18
  3 33 17 25 36  -  - 28  5 24 35  -  - 32  -  2  - 30 29 34 40 12 20  9 19 38 18 14 22 10 13  4  7 23  6 27  1 37  8 31
  5  - 28 13  - 21 26 39 27 15  2 38 36 37 33 32 29  - 19 35 22  8 31 20  - 25 40 17 23  3  - 10  4 30 18 24  -  9 34  7
  - 25  6 37  8 27  - 14 23  4  - 17 20 11 15 29 35 10 18  -  9 16 34  -  - 40  5  -  -  - 32 33 19 13 26  2  - 12  - 28
 38  7 26  - 15 10 25 17 29  - 40 11 23 13 30 27 39 19 37  5 20 34  6  3  - 16  - 35 12 31  - 14 36 24  2  4  9 33  - 32
 15 35  -  -  4 20  9  - 13 12 21 36  8 23 34 28 10 22 33  6  - 31 16 32  1  2 39 24 25 37  - 18 17  - 38  - 40 26 14  3
 33 21 22  9  - 23 18  - 12  -  -  - 14 30  1 10  - 40 25  - 34  4 38 39  -  -  - 11  -  - 17 32  - 16 36  6  - 20 26  8
  -  2 34 19  -  9 21 22  1 16 25 15  7  3  8  -  4 12 13 24 30 33 28 14 32  - 27  -  6 20 18  - 37 35  -  5  - 40  - 38
  -  -  4  8 32  2  1 12  -  - 11  -  9 28 31 20 34 13  - 10 19  - 17 29 23 30  - 39  - 25  5 24 18 26 40 35 38  3 15  -
 40  - 27 29  2 35  - 23 30 37 36 39 32  5 17 18  - 31 38 19 25 11  -  - 20  8 13  7  3  6 24  9 14 22  4  - 21  - 33 26
  9  - 32 17 25 22  - 10  8  -  5  7 27 19 28  - 30 23 40 20  -  3  - 21  - 39  4 31  - 14  - 36 34  -  - 29 24 16 38  1
 32 26  5 36  -  - 28  - 20  - 38 29 30  7  4 37  - 11 16 23 21 24 15 34  -  -  3 22  9  2  - 27  1 25  8  - 13 14 10 17
  - 18 24 23  - 26 27 36 10 40 22  1 21 39 19 31 14 15  - 17  4 38 30  - 34  7  - 29 35 28  - 11 25  6  - 12  -  2  9 13
 30 24  - 34  7  4 29 21 25  - 19 16  -  9 23 22 28 36 12 27 10 40  - 18 17  - 37 15  -  - 26 13 20  8  1 38  2 31  6 39
 14  -  1 15  -  7 10 34 38 30 23 37  - 31  9 12 40 16  6 32  8 35 18 28  4 20 19  - 13 26 36  - 11 39 25 33 29 27 22 21
 25  6  2  - 27 28  8 26  - 11  - 35 31  1  -  5 33 17 34 38 13 29 39  7 18  9 10 40  -  -  - 20 24  3 19 14  -  - 23 12
 17  -  - 39  - 32 13  6  4  7 27 33  - 21 36  9 19  - 20 14 24 28 10 12 11 26 15 38 18  1 25 31  -  2 35 22  5 29  3 37
  - 29  - 28 31 40  3 24  7 22 10  9 15 20 35 39 17 38 21  4  2  6  -  5  - 34 33  - 16 11  8  1 12 14 30 19 18 32 37 23
 12  9 19 11  3  - 33 30 31 34  -  -  1 18 13 14  - 26 24 40  6  7 35  2 37 10 20 21 17  - 29 25 38  4 23  8  -  - 16  5
  1 22 12  3 37 14 32 15 11 29  - 26 16 33 40  - 24  -  9 13 18  - 19 10  7 31 23  -  2 39 30 21  5 38 34 36 25 17  4 35
  - 32 21 10 18 17  -  5 15 20 14  8 35 36 22  4 25  1  - 31 37  - 27 40 16  -  2 13 29  -  7 12 39 11 24  -  3 28 19  6
 28 10  - 33 30 12  - 19  2 18  - 31 25 26  -  -  -  7 32 16 36 13  - 17  9 11 21  8 24 27 14  -  3  - 37 39 23 35 29  -
  -  - 38 18 19 25  4  3 36  1 31 27 37 12 10  8  - 29  2  9 28 39 32 24 33 23 11  5 40 13 35 30 15 17 14 26 22  6  -  -
  4 14 31 12  -  1  -  - 32  - 37 28 38 17 25 19 26 24 35 18 11  - 13 30 15  5  9 10 34 33  -  3  8  7  - 40  - 21 27 16
 19 12 14 40 28  - 38 37 34 32  -  3 13 16 20  7  - 33 36  -  1 10 24  - 29  - 26  6  - 35  2 39 22  5  -  -  - 30 25  4
 23  - 18  2  - 33 17  8 39 38 12  6  5 35  3 24  - 25 31  1 14 19 21  4 30 27 29 20 28  -  9  - 10 32 16 34 26 15 13 11
 39 34 33 32 26 29 11  - 17 14  6  -  - 25 27  -  3 18 22  8  -  - 40 36 21 35 30  9  7  - 28 15  -  -  - 16 19 38  5  -
 18  4 10  -  6 11 40  - 35  - 17 23 22 15  - 16  8  5 28  -  3 20  7  - 36 37  - 27 30  -  - 26 29 12 13  - 33  1  - 19
