1280
  - 34 13 19  7  6  1 32 23 37 33 35 38 31 29 36 12 26  - 11 20  3  - 39 18 40  5 10 24 17  -  8 14 27 21  9 25 16  4 30
 25 27  - 18 26  2 36 37 19 29 21 14  -  - 28 22 13 11 33  7 24  5 32  -  - 15 23  - 31 35  -  6 34  9  -  1  4 40 20  -
 24  4  - 22 27 36 25  - 28  -  - 13 16 10 12 20 23  5  - 18 31 38  7  6  1 33  2 17  - 14 32  9 35 15  -  - 30 26  - 11
  4 13 22 39 23 24 40 19  7  - 16 26 33  - 37  6 21  3 17 31  - 15  8  - 29 30 20  - 11 38 36  1  5  2  9  - 10  - 28 14
 16 19 37 10 15  1 24 26  3 30  9 25 22  8 11  - 29 39 40 27  - 34 12 36  5 32  - 20  4 18 14 28 31  - 35  6  -  -  - 33
 32  - 40  - 22 30  - 36  2  - 39 31 11 25  - 23  5  -  3 29  4  7 14  1 17  - 19 13 27  9  8 15  - 26 16 35 20 33 18 12
 23  9  2 21  8  7 14  - 10  - 36 37  -  3 18 12  - 20  - 30 16  -  -  -  - 29 24 33 35 34 17 25  -  -  -  4 40  5  -  -
  -  8 35  -  4 34  9 23 12 17 38 28 30 16 10 21 32 37  5  1 13 27 31 25 24  7 26 22 19 33  -  3 36  6  2 20 18 14 11 40
 35 17 20  - 25 15  -  7 37  1 22  - 21 24 39 38 19 14  -  9  - 31 30  - 36 18  -  -  8 40  5 32 28 16  4 29 13  6 33 27
  - 40  4 17  - 23 33 12 26  -  6 22 19  -  3 31 14 13 39 20  1 21  9 29 28 38 25 37  5 15 16 36 30 35 24  - 32 10  -  8
 17 14 25  - 35  4 13 33 30 26 37 39 31  2  5  1 16  - 38 19 15 24 10  7 34  -  -  8 21  6  - 22 18 23  3  -  9  - 36 28
 36 31 10 29  5  - 35 21 40 14 15  2 20 12  -  -  7 17  - 16 11 32 26 13 38  4 22 27  1 23  - 39  8 37 30 25 24  -  6 34
 31 22  8  - 33 38  - 13 27  9 24 21  -  - 25 37 34  -  -  - 39 26 18 23  4 20  -  6  - 11 40  - 29 12  5 30 19 28  3 36
  -  -  - 13  6  - 17 28  - 31  3  5 15 22  - 25  8  - 32 34 36  4 20  2  9  -  -  - 26 12 37 23 40  - 18 21  - 39  - 29
 12 35  1 40 30 19 38 20 24 33 14  -  4 13 21  9 17  2 31 22 18 16 37 28 23 39 34 26  6 36 25 27  7  - 11 10  -  -  5 15
  1 39 14 23 10  9  -  6  5  - 30 18 34  - 22  3  - 32  4 28 21 37 40 20 13  8 15 36 33 31 38 35 26 11 27 17 12  2  -  7
 20 29 39  7  9 13  5 18 34 32 19  6 35 21  - 15  1 23 11  8 40 25  -  - 12 14 17  2 22 27 33 38  3 30 37 16 36 31 10  4
 38 21  - 34  1 17  - 31 13 10 23  -  7 27  9  -  3  -  -  - 22 20 25 35 40  2 33 39  -  8 11 12  4 14 15 36  5 32 30 37
  -  3 32 12 40 25 20 22  9 38  - 17 10 35 30  7 27 31 15  5 26  - 36 14  6  -  1  4  2 19 34 37  - 21  - 39 29 13  8 24
 14 10 11  4 36  8 29  5  6 15  -  7  - 28 13 32  - 16 30  2 33  -  - 21  -  9 37 19 17  -  -  -  -  - 20 22 35 18  -  3
  - 11  9 24 34 40  -  - 18 35 31 19 14 30  - 29 22 27  7 37  5 33 38 17 10  6 36  -  3  1 21 13 20 25 23 28  -  4 26 16
 10 32  - 37 20 16 31 40 22 36  8 29  -  -  2 18 39  - 24  - 17  -  4 11  3  - 27 21 25  - 13  - 15  7 34 12 33  1 14 26
  6  - 18  - 12 32 30 15  1  5 40 27 29  7 16  2  -  8 14 21 23 36  3 19 11 17  4 25 13 20  - 34  9 31 10  - 26 22 37 35
  -  -  - 30 38  - 15  - 21 18  4  1 23 19 34 26 40 22  - 13 28  8 35  - 31 25  7  9 16 10  -  - 17 32 14 11  - 20  -  2
  - 20 34 35  - 22 18  - 39  -  5  - 24 14  - 11  - 19 28 12 27  - 13  9 15  - 30  3 32  -  7 16 23 10  -  - 38 17 40  -
 27 15  -  3 17 35 39 10 32  -  2 36  -  5 26 14 11 33 21 23 34  9 24 16 30 12 28 18 29 37 31 20 13  - 19  8  6 38  1 25
  3 25 30 33 29 31  4  9 16 21 10 12 27 26  1 34  2  6  - 40 37 35 23 38  8 24 11 32 28  5 15 14  -  - 39 18 17 36  7 19
  5 16 31  -  -  - 11 17 15 39 26 33  2  -  - 24  - 30  9 10  3  -  -  -  7 35  6 23 20 29  1 40 37 19 25 34 22  8 32 18
 13 23 24  8 18  -  - 35 17 25 34 38  9 36 14  -  4 10 20 15  -  -  -  5  - 28 12  - 37 39  - 21  - 40  7 32  1 30  - 31
 21  6 33 14  - 37  7  - 36 20 35  3  5  1 23  - 18 15 34 25  9 39  - 40 32 16 13 31 38 26 12  - 11  8 22 19  2 24 29 10
  - 33 26 16 31  - 22 38  - 24  - 20 13 37 40 39 25 36  1 35 10 11  -  -  -  -  9  - 23  - 18 30 19  - 12  - 27 34  - 32
  - 18  -  - 24  5 10  - 11  - 20 16 25  - 15 13  -  4 12  3 30 14 29  -  2 34 39  -  -  - 35 17  1 36 38 31  -  9 23  6
  9  -  5  -  - 21 37  3 31 40  - 30  8 20  - 16 26 38  2  6  -  - 19  -  -  - 35  7 10 13 27 18 25  - 17  - 34 23 24 22
 22 26  - 31 21 27  3 24 33 13 17 23 37  4  7 10 20  9  6 36 38 29  2  - 14  -  8  - 15  - 30 19 12 18 32  5  - 11 35 39
  7  1  3 32 16 18 26 27 14  - 12 15 39 34 20  4  9 21 25 24  8 13  - 37 33 31  -  5 40 30 19 10  2 28  -  - 11 35  - 23
 26 36 17  - 39 20  - 14 29 19  - 11  - 23 27  - 30  -  -  4  - 10  -  -  - 22 40 16  - 32 24 33 38  3 31 13  - 15  9 21
 19  -  6  5 32 26  - 16 38 34 27 10 36 11  -  8 15 40 23 39 14  - 33  3 25  - 18 30  9  4 22  - 21 24  1  2 31 37  - 20
 18  2 15 20  3 39  8  1 25 11 13  -  - 17 36  -  6 12  -  - 32 22 27 24 37  -  -  - 30 16  4  - 10  -  -  - 14 29 34 38
 30 28 36 25 19 29 12  4 20  7  -  8 17 40  - 35 10  1 16 32  6 23  5 31 22  - 21 24 34  3 26 11 33  - 13  - 15 27  2  9
  8  - 29  9  2 12 34 11  4  - 32 40  1  6 17  - 35 18  - 14 25 19 39  - 20  3 16 15  -  7 28 31  - 38 33 26 37  - 13  -
