1280
 17  -  -  9 40  -  - 15 25  6 18  7  -  -  -  - 33  1  4 22  - 35 30 31  2 13  - 26  8  - 11 21  3 27 23 14 29  - 20 36
 35  8 14 19 24 40  6 16 32 36 23  5  - 11 27 21 28 17 25 39 34  7  - 29  -  1 22  9 37 15  - 31  2 13 38  - 18 12  -  4
 22  6  -  7 10 18 40 14 20 26  - 11 36  2  - 25  3 27 35 23 33 28 39 17 32  - 24  4 38  5  - 30  - 34 29 12 19  8  - 15
 19 40 38 23  9  - 16 29  - 17 32  -  1 27  7  - 35  - 28 13 10  4 15 30 14 31  - 37  6 22 24  -  8 11  -  -  - 21  - 26
  -  - 11  - 13 28 33  6 19 15 34  -  -  - 16  -  8  - 14 27  4 32 40 22  - 10  2 21  - 38 29  3  - 35 24  5 30 20  - 37
  - 37 13 18  - 27 23 21 15 32 22 30 38 25 11  - 16 34 24 33 36  -  4 14  -  5 17  - 20  1  - 29 28 19  9  -  - 40  7 35
 26 10 33  - 18 36  2 19 35  -  5 17 11  -  - 34  7 31  - 12 29 40 21  1 25  3 38  - 13  -  -  6  4  -  -  -  8  - 32 23
  5 16 12  - 38  -  -  3  -  1 13 28 40  - 14 27  9 21 30 29  - 24 22 39 35 34 26 10  4 19 20  -  - 33 36  -  -  - 37 25
  4 22 28  1  - 38 10 33  8  - 35 37  9 21 26  - 11  - 23 30  -  - 24 13 29  - 19 40  3 12 14  5 17 15 18  - 34  - 31  6
 36 21  4  6 27 29 32 39 17  - 26  2 28  - 23 16 37 14 20 25 11 30 19  3 13 35  8 24 33 18 15 22  9  1 40 38  - 34  5  7
 10  -  5  - 11  -  - 28 14  - 27 31 24  8 18 36 25  7  -  - 23 17 35  - 38  9 32  1  - 30  6  - 33  4 15 16  - 22 34 29
 27  - 17  - 34  7  1 35 40 31 14  - 37  - 24 19 32 39 36  9 15 11 16  -  - 26 13  3 29  4 22 33 30  5 12  2 28  - 23 38
  9  - 16 40  4 21  3  7 24  - 15 10 12  5 37 26  1 33  - 31  -  6 18  2 34 11 30 17  - 14 25 23 22 32  - 29 38 27 35 19
 23  - 32 33 17 14  -  - 27 37  -  - 25 34  5 40 29 35  -  7  2 26 28  - 11  - 16 19 18 13 39 20 21 36  3  6  4  9  - 31
  -  - 20  8 19 24 36 31 22  - 29  1  - 37 17  4 23  6  5 21 14 18 11  - 33 30 12 16 26  2 34 28  - 38  7  9 15 35 25 10
 40 34  -  - 32 30 20  8 26  - 31 29 18 24  6  1  -  2  - 36 25  -  -  - 17  4  7 27  9  - 37  - 19 16 28  - 35 13 15 39
 21  -  3 13 33 22 28  -  7 29 30 19  -  -  4 31 15  - 16 35 24  - 37 34  8  -  -  2 17 20 26  - 40  -  -  - 23  - 10  -
 18  3 22 37 21 20  4 25 39  -  8 33  - 26  1  6 17  -  9 38 13 19 31 11 23  7  - 36 14 27  - 34 15  -  - 24  -  -  - 40
  6 33 10 15  8  - 22  -  4 18 28  3 32 12 29 38 39 11 17 14 20 37 26  -  7 27 36 34 25 35 13 40 31 30  5 21  1 16 24  2
 38  1  -  4 23 15 35 32 21 22 12  9  - 40  3 11  -  -  - 34  5 16  - 25 39 18 28  - 30  -  8 37 29  7  6 13 24 19 17 20
  -  - 19  5 26  - 17 11 33 16 25 35 13 29  -  -  6 32  -  1 38 14  2 28 30 15  - 31 21  7  - 36 18 24 10 34  9 37 22  -
 16  -  -  - 30  2 31  - 29  4  7 13 23  -  -  3 38  - 22 19 37  -  8  -  5  -  1  - 11  - 12  - 32  6 26  - 10 17 27 21
  - 24  2 29 28  - 12 34  9 33 21 26 20 13  - 37 36  -  1  3 31 27  6  - 18 22  - 39 19 11 32  4 38 25 17  8  7 10 14  5
 34 32 35 22 37 13  8 26 10 24  2 12 15 30 25  7  4 19  3  - 17 29 27  5  9 23 21 18 16 31  -  - 20 28 11 39 33  1 40 14
 31 11  8 28 25  - 27 22 34 39  9 16  6 19  - 17  2 24 13  - 40 21 23 20  - 36 37 12  1 10 38  -  5 29  4 18 14  7 26  -
 28 14 15 32 35 19 39  4  3 21 38 23 17  - 20 30  - 22 34 40 26 13 29 33 24 12 25  7  2 16  1  9 10  -  8 37  - 36 11  -
  1 12  - 10 15  - 25 36 11 14  - 20 33 39 21 35  -  8 38  4 22  3  9  - 28 17 29  5 23  -  7  - 16 40 32 30  -  2 13 24
  3 26  6 38  -  8 30  9  - 40 20  - 29  -  - 32 14 37  -  2  1  5 17 12 19 21  4  - 10 25  -  - 34  -  -  7 16 15 33 11
 14 31  - 30  5 39 11 20 28  9  - 38  - 17  - 10 13  3 29 26 35 12 36  7 40 16 18 23 22 32 21  - 24 37 25 15  6 33  -  8
  - 15 25 36  1 17 21 13 31  7  - 14  8  4  - 18 10 26 32  5 16  -  -  - 27  2  9 28 39  - 19  - 35  3 37 20 40 30 29 22
  7 19 29  3 16 35 14 18 30 25 33  4 26 22 32 12 40 38 15 28 21 39 10  8  1 24 34  6 27 37  9  2 11 20 31 23 13  5 36 17
 11  - 18 14  3  5  - 17  1 35 36 40 21  -  - 15 20 28  - 24 19  - 25 27  4 32  - 30  - 39  2  8 13 10  - 33 37 38 12  -
 29  9 26 25  -  6 13  -  5 19  - 24 39 10 28 14  - 12  2 18 27 33 34  - 22 40 11 15 35  8  -  1  7 21 20  4 36  3 16 32
 24  7 36 11  2 26  9  1  - 20 39 15 35  3 31  8 12 29  6 37  - 23 13 21 16  -  -  - 28 17  5  -  - 22 33  - 25 18  4 34
  2 25 24 27 29 37  5 40  6 28  3 34 22  - 10  - 26 30  7 17 39 15 38 23 21 33 20 35 12  9  4 32 14  8 19 36  - 11 18  1
 37 38  - 16  7  1 18  2 12 34 10 21  4 14 15 33 24 13 19  -  6 20 32  9  3  8 40  -  5  -  -  - 36 17 30 35 22 23 39 28
 15  - 39 31 12 25  7 27 16  3 11  6 19 35  - 28 34  - 40  8 18 22  - 36 37 14 10 29  -  - 30 17 26  - 21  1  -  4  - 13
  8  -  7 34  6 11  - 30 13  - 24 25 14  - 39  -  5 40 18  - 12 36  1  4 31 20 27 22 15  3 17 16 37  2  - 19 21 26  9 33
 13 29 30 35  -  4 34  5 37 38 40 27  7 33  - 23  - 10  8  -  3  1 20 32 26 28 15 11 31 36 18 25 12  -  2 22 17 24  6  -
  -  -  - 17 20 34 37  -  2 11 19 32 27  -  - 22 18  4  -  -  9  8  7  - 36 29  - 38  -  - 28 13 23 26 14 10 39  6  3 30
