1280
 18  -  - 37 10 40 29  1 26  7 11  -  - 15 12  -  - 30 19 39 33 17 35  3  6 32  - 23 31 34  2 16  4 28  8 36  -  - 14  9
  5 35 12 40 36  - 16 13  - 15 31  - 10  3  9 25 38 39 22 29 11 18 30  7 17  6  2  - 32 19 26  - 33 27  - 14  4 34  1 23
 16 18  -  8 32 10 27  2  - 14  - 35 23 39 25 29  6 26  3 33 24 37  - 21 20  - 19  9 17  4 13 34 28  - 38  7 40  - 15  5
  - 13 33  6  - 17 28 36 35 30 18 21 14 25  - 37 26  2  -  -  -  - 29 34 24 19  - 27  -  1 10  - 16  - 12 31 38  4  7 39
 35  3  2  - 13 37  - 26 32 21 28  6  -  - 10 33 18 20 15 24 27  4  - 30 34 39 16  1 12 23  7 40 14 36 11 22  -  -  -  -
 13 15  - 24 39 29 20 32  -  9  - 40  5 10 33  3 21 35  1 14 19  6 17  2 22 27  7 38  4  8 36 31 18 30 34 12 23 28 26  -
 10  - 13  3 28  - 30  8  - 39 38 19 16  - 22 15  9 40 32  2 29 35 27  - 12 34  1 14 26 21  5 11  7 25  -  - 37 18 31  -
 32 23  - 31 24 18 37 29  -  8 40 36 19  -  -  2  -  3 30 10  1  -  -  - 39  - 11  4 28 12 17  6  - 22 16 26 33  7 27 13
  -  - 26  5 18 20 35 40  -  4  9 32  - 21 19 11 16  - 39 15  - 14  7 17 23 24 27  - 29  - 25 30  2  -  -  -  - 37  -  -
 19  5 14 25  - 30 39 17  1 36  6  - 24 22  - 32  -  8  -  9 20 27  3 37  -  7 40 26  -  - 31  4  - 35 33 38 29 10  - 16
 17 20 15  2 11 25 13  6  3 16  7 22  - 37 26 24 31 27  8 19 38 12 21  -  -  - 32 10 39 30  4  - 29  - 36  - 18 23 40 35
  9  8  5 27 22  -  7 39 12 17 34  - 38 26 13 19 24 25 40  - 30  - 23 10 32 14  4 29 18 36 15 33 31  6 35 11 20  2 16  -
 31  -  - 19  6  4 36  - 39  -  -  7  -  -  3  9 29  - 26 13  5 10 37 24 21 40 23 34 35 11  1 12 27 20 18 16  2  - 38  -
 21 25 38 15 20 32 31  - 37  - 24 23 35 36 17 40  2  7 29  -  4 33 11  - 19 28 10 30  - 22  -  5  9 13 14  6 39 16 12  3
 22  2 35  -  - 34 10 27  -  1  4 17 32 24 21 16  7 37  5  8 13 23  -  - 14 33 30 31 19  3 28  - 36 40  - 29 26  -  9 20
 37  - 28 22 14 24  1  4 30  -  5 27  -  - 38  7 15 34 31 16  - 13  - 32  9 17 33 36  2  -  6 26 35 19 40  3 21 20 23  -
 33 17 36  9 12  - 26  7 10  -  -  -  1 27 11 30 28 14 34  - 15 39 19 31  2 37  3 35 13 18 16 25  8 32 21 23  -  -  5 29
  - 31 19 20  9  -  - 11  - 37 33 29  -  8 15  4 32  - 14  7 18 28 22 39  5 21 25 40  1 35 12  - 10  - 13 30 16  6  2 17
 38  - 11 30 40 27 25 14  -  - 36  5  2 35  -  -  - 19  - 28 17 20  - 23  7  -  -  6 15  - 39 22 12  - 37 18  9 26  4  8
 14 38  - 16  - 39 12 28 13 33 19  9 17  - 35 21  -  5 18  - 31 29  8 36 37 20 15  -  6 26 23 10 24  2 22 32 34 30  -  4
 24  - 32 10 35 12  - 15  6 22 17 14  -  - 27 36 39  4 38  -  9  - 28  1 29  8 31  5 23 20 11 13 25 34 30 40 19  -  3 21
 30  - 24  - 37 23 11 18  2 19 15 38 12  7  4  - 10 22 27  5 35 16 26  - 31  9 36  - 40 28  -  -  - 21  3 17  6 32 33 25
 12  - 34 26 17  7 23 37  -  3  1 11 36  4  2  -  8  6 35 18 16  - 38 29 33 13 14 15 20  - 24 32 21  9 25 39 22  5 30 27
 39  4 23 32 16  -  - 21  7  2  - 24  8 31 29 20 17 18 36  - 10 11 13  6 40  1  5 28  3 37  -  - 30 12 26  9 14 27 34 19
 34 32 20  4  -  -  3 33  9 27 37 25 18 13 40 17  - 12 23 11 22  2 24 26 38 30 35 21 10  - 29 15 39  7  1  - 28  8 36  -
 26  -  - 13 33  - 22 16  - 20  -  3 28 14 24  6 37 29 17 12 23 21 31 27  - 15 39  2  - 25 34  7 19  4 32 35  - 38 11 18
  -  - 39  -  1  5 24  -  - 23  -  2 11 30 14  - 19  -  6  -  - 34  4 40 36 26 12 17 33  -  3 28  - 18 31 21  7  - 20 10
  -  - 30 21  3 11  6 19 16 35 13 10  - 23  - 34 22 24 20 32 37 36  1  8  4 31 18  - 25 40 14  9 17 38 27 33 15 29 39  -
  - 27  - 12 38  6  -  - 19 18 35 26 33  2  7 39 30 31 10 36 14 32 34  5 28  - 20 22 16  - 21  1  - 29  4 24 11 15 13 40
 28  -  6 35  2 14  8 20 29 24 23 15 22 16 32 27  -  9  4 31  -  - 40 13  -  3 34  7 21 33 37 36 11  5 19  1 12 17 10 38
 40 19 18  1  4 21 32  5 36 10  -  -  - 17 37 14 34 13 12  -  2 30 33 11  3  - 29 24  7 31 22 20  - 39 28 15 27  9 35  -
 11 21 10 33 26 35  9 38 28 40  2 39 13 20  6 18  - 23 16 30 34  1 15  4 27  - 22 25 37  7 19  8  3 24 29  5 17 31  - 14
 29 12  9 36 34 13 21  - 23  6 27  - 30  1 20  -  - 33  -  -  7 38 39 16  8 18 28 19 14  5 32  - 40 17 10 37 25  - 24 15
  4 11  -  7  5 26  - 24  8 28 32 13 20  -  - 12 14  -  9  - 21 40  2 33  - 23 37 18 36  - 35 17 15 31 39 10 30  -  6 22
 25  1 22  -  -  2  - 31  4 11 21 18  -  9 23  - 27 36 33 35  - 15 10 38 13  -  6 16  - 29 40 37 20 26 17 34 32 24  -  -
  7  -  1 18 30  -  -  - 14 13  - 34  6 12 36 23  4  - 25 27 26  8 16 22 35 29 38  - 11 17 33  2  - 37  9  -  - 21 28 32
 27 40 16 23 29  9 38  - 15 31 14  1  4  6 39 28 33 10 21  -  -  -  - 19 26 22 13 20  8 32 30 18  -  -  7 25  - 35 37  2
  - 14  - 39 21 15 33 30 38  5  - 37 40 29 16 35 23  1  7 25  6 31 20 28  -  4  8 32 24 13  9 19 26 10  2 27 36 22 18  -
  6  7  4  -  -  - 18  3 34 12 26 30 21 32 28  - 36 11 37 20 40 25  9  - 10 16 17 39 38 15 27 24 23  -  -  2 13  1 19  -
  - 37  7 14 27 38  4  -  - 29  -  - 31 19  - 10  - 21 24 34 28  - 12  - 16  - 26  -  -  - 18 39 32 15  -  - 35 36 17  1
