1280
 17 24  9 10 18  -  -  1  8  3 37  6 16 12 30 34 15 32  5  - 33 11 23 39  2 21 29 28  - 31 35  - 40 22  4 38  - 13 26  7
  3  - 34 37  - 17  - 40  -  7  - 22  4  1 26 38 12 33 28 10  - 27 16 15 14 18 25  - 30  9 13  - 24 32 20  - 11 36  2  -
 27 28 16 25  1  -  - 21  9  -  4 10  8 33 31  -  5 30 39  - 17 19 29 24 18 13  3 14  2 40 34 12 15 35  -  6  -  7 38  -
 29 35  2 32 16  -  9 18 17 37  5 15  -  - 14 27 38 20  - 25  6 33 22  8 13  3 24  4 23 10  7 11 30 40 36 34  - 21 31  1
 35 20 19 16 36 11 37 32 33 27  6 21 13  2 34 40 25 29  7 12  9  -  4 31 26  8 28 23  3  -  5 22 39  -  - 18 10 38  - 30
  - 11 24 35 17 12 10 34 39 40 15 36 27 19 16 14  2 22  3 21 32  - 33 23  7  9 31 37 26 30 38  1  -  - 29  8 28  -  - 20
 30 19  -  1 12 35 13  3 26  -  8 37 39 15 28 31 27 17 29  2 23 22  - 14 32  7 18  5  - 21 40 34 20  - 33 16 38 11 24  4
  - 40 26  - 31  4 14  - 10  - 16 13  - 17  - 18 36 21  -  - 12 25  8 22  - 30 20 34 38  -  - 23  -  9 27  -  3  1  - 39
  - 26  1  -  -  5 36 31 28 11 23 20 40  3 32  - 30 34  2 33  4 18 35 37 27  - 16 29 15  7 10 25 13 12  9 22 17  6  - 38
 31  9 40 21  - 28  - 14  4  6 12  5 37 35  2  3 18  1  - 13 24  - 27 25 33 10 23  - 22  - 11  7 19 34  - 36 16 20 15 26
  - 27  - 30 33  9 34 35 40 39 21 24  1 18  - 22  4 11 36 38 31 28 19 26  3 25 14  2 32 23  8 29  - 16 37  5  - 15 17  -
 32 23 18 27 34 22  - 15  -  5  3  1 24 28  8 20 31 37 17  4 40 38 13 29 21 19 10  -  7  -  6 36  2 39  -  - 12 30 33  -
  -  - 35 26 39  -  - 11 19 29  9 34 17 23 40 24 22  -  -  -  2 30  3 13  - 36 33 20  6  4 37 32 27  7 31 14  - 28 12 15
 10  - 25 23 30  -  - 37 13 14 26 16  -  -  -  2 32  - 33 24 22 31  7 21  1 38  - 35  9 28  - 27  - 11 15 19 39  8  3 17
 40 15 32 17  9  -  -  - 18 38 35  -  7  6 33 26 24 28  4  8 27 21 37 10 11  - 34  3  -  -  2 30  1  - 16  -  - 23 39 19
 19 34 14 33  5 29 11 30 15 10 17  8 18  7 36  4  - 39 16 27 37 24 28  3 40 26 38 21 31  6  1  9 25 23 12 20  2 22 35 32
  2  1 36  9  7 27 22  - 35 15 25 31  - 13 24 16 21  4 30 11 38  -  - 28 39  - 32 26  -  -  -  -  8 18 10 17  -  3 19  6
 15  - 37 29  6  1 24  4  - 33 38 35 21  - 27  7 23 18 14  - 39  - 36 40 31 17  8  - 13 11 16  5  - 19  - 10  9 34 20 28
 26 14 15  - 21 32 19 24  3  - 36 18  6  4  1 30 28 38 13 23 16  -  2  7  9 37 39 40 17  - 22  - 29 33  -  -  - 31  - 27
  -  5  7  -  8  -  1 12 34 28 18  - 26 31 22  - 29 15 20  -  - 17  9  -  - 32 27 39 10 36  3 38 37  - 24 30 14  - 11 40
 20  2  - 34 23  - 29  6 12 19 10 39 33 40  -  - 37  3 26  -  8 15 17  9 25 35 11 22  1 38 36  -  - 30  5  - 18  - 28 14
  -  - 17  2 37  - 28  5  7 36 39 11 35 30 29 10  6 26  -  3 18 23 12  1 19 40  9 24 34  -  - 31 32 20  8 21  4 14 22 13
 28 12 13  4 25  - 23  8  - 34  2  - 11 29  -  6  -  5 22 40  - 37 20  -  -  -  -  - 18  -  9  3 17 27 30  7 31 33  - 24
  9 13 12  - 19 39  3  -  - 18  - 30 22 27 25 15  8 23  - 26  - 16  -  4 36 29 35 33  - 37  - 28  7 31  1  - 24 17 34  2
  5 17 11 24  -  8 16  - 37 23 20 38  - 22  6  - 26 12 31 39 15 35  1 19 34  4  - 30 28  -  - 40 18 14 13  - 33  -  7  3
 11 25 27 31 20 24  7 39 32  - 22 17 38 14 23 29 33  -  - 34  -  -  - 16  -  -  4 15  - 18 28  8 36  2 40  -  -  -  1 12
 14 31  4  - 35 40 27  - 29 13  -  - 30 37 21 28 17  -  8 22  1  3  - 20 16 11  2 38 36 12 19  - 10  5 32  - 15 25 18 34
 34  6 30 12  3 38  5  -  1 35 29  2  - 25 15  - 20 27  - 18 10 36 11 17 37 22 21  9 24 39  -  - 16  4 19  -  7 32 23 33
  4  - 38  6 24 18  8  - 31  2  1 27 10 32 19  5 34 16 35 14 11  - 26 12 20 39  7 25  -  3 17  - 28 21 22 15 23 40 36 29
  - 10  - 38 28 33 40  2 11 31 30  7 14  5  -  -  3 35 27  1 20 34 15 32 24 16 17 13  8 22  4 19  9 37 26 23  6 12 29 25
  - 38 29  8 22 13  - 20 30 17 28 19  3  -  - 37 35 14  1 31  -  - 25  5 12 27 40 36  - 33 15  2 34 24  7 32 21 16  6 23
  - 37 23 36  - 31 17 38 21 20 34 40 32 11  3  1 14  -  9 28  -  -  -  -  - 33 13 16 29  - 39 15  - 26 18  - 19  5 27  8
 39 29 33  -  4  - 12 16 24  1 13  -  - 21  7 17 11  8  -  9 35 32  -  - 23  - 22  - 19 14 26  6 31 25 38 40  -  2 30 36
 37 22 28  3 40  - 39 23 25  -  7  -  -  -  9 35 19 13 15  - 36  4  - 38 30 34  1 17 16 26 31 18 33  8  2  - 27 29 10 11
 38 18 21 19 15 14  - 28  - 25 24 26  9 20 13 12  7  6 23  -  3 40  5 27  8 31  -  1 35 29 33  4 11 10 34  2 30 39 16 22
  - 36  5 22 26 23 33 29  6 30 31  4 12 16 35 25  -  7 11 37 28 13 39 34 17  2 19  - 40 15 27 20 38  -  -  1  8  9 32 21
  -  -  - 11 13  6 35 19  -  4 32 25 34  8 37 39  9 10 24  5 29 12 31 30 38 23 15  7 33  2  - 17 14 28  - 27 36 26  - 16
 13  -  8 20 32  2  6  - 16  - 27  -  - 10  - 33  1 36 34 29 14 39  - 11 22 12 30  -  4  5 23 21 26 17 28 37 40  -  9  -
 23 39  3  - 27 30  -  -  2  8 11 29 19 34 17 36 16 31  - 20  7 26  - 33  -  -  -  - 14  -  - 35  4  -  6  - 25 24 37 18
 22  - 10 18 11 37  2 17  - 16 14  9  - 38 20 32 40  - 25  7 34  - 21  - 15  - 12 31 39 35 30 24 23  1  3 26  -  4 13  -
