1280
 19 23 18  -  -  2 12 34  - 38 14 30  6  1 20 36 22  -  - 27 29 11 13  5 39 10  7  - 24 28 35 31 17  -  - 33  8  -  - 25
  - 39  - 22  5  -  8  -  9  -  - 31 21 24  2  7  - 27  - 10 30 13 35  - 15 25 14  -  4  1 19  - 34 36 11 32 29  - 18  -
 39  9  1  5  -  -  2 16 26  7  -  - 38  - 19 31  4  3 12  - 32  - 33 29 24 20  -  - 36  -  - 37 30  8  6 18 25 27 15 21
  2 38  - 31 18  1 35 24 27  8 22 12  - 30  - 14  -  -  - 39  - 29 26  - 13 37  -  - 28 32 11  4 21 40  3 16  -  -  6 23
 17 28 26 15  - 19 34  7  1 11 31  - 37 18 29  - 10 35 36 24 22 16 21 33 30  5 40  -  6  8 12 38  3 39 27 23  9  - 14  4
 38  6 27 16  9  7 26  -  - 12 28  4 39 15 30 18 31  8 19 36 33  -  - 25  2 14  - 21 23 34  - 10 22 24 20  1  - 40  -  5
 25 27 34  4 12  -  9 28  3 22 24  -  5 31  - 16 13 26 32 21 39 20  7  2 33  6 11 40 17 10 36  1  - 38 30  8  - 18 35 14
 26  4 13  - 31  5  6  - 22 39 29 20 27 21 32 40 16 30  -  8  -  1  -  - 14 15  2  - 33 25 23 17 28 34 37 11  7 36 24  -
  -  -  2  - 11 38 37 32  8 20 36  - 35 12 26  4 30 17  - 33  5 19 25  - 22 21 23  6 13 16  - 14  9 18 39  3  - 24 28 15
 37 25 40 24 33  - 27 29 14  2 16  -  - 20 15 30  3 23 31 26 21 36  -  -  - 28  1 22  -  6 38 13 12  7  -  - 17 35  -  9
 16 24 38  - 34 21 18  6 12  -  9 27 25  - 10  - 20 15 22 14 40 26 39 17  - 33 29  1 31  -  - 19 36  3  - 13 37 30  7  -
 40 32 25 13 39  - 24 33  4 10  3 18 11  -  - 17  2 12 29 37  - 35 36  8  5 23 19 28 38 15  1  6  - 22 21 27  - 20 16  7
  1 10 14  - 15 26 20  5 34 35 19  7  -  6 22 23 17 11  - 28  - 24  9  3  - 32 13  -  - 29  - 33 38 37 12 31 36  - 39  -
  6  - 22 10 38  3  1  - 37 30 12 33  7 25  - 21 36 16 15 19  - 39  - 24  9 40 26 31 35  -  4  5 20 14 32 17 23  - 34 29
 10 30 12  - 24  - 22  -  - 16 27 29  -  2 13  - 11  - 33 25  7 21  -  - 19 34 20 39  3 14 31 28  5  1  - 26 32 37  4  -
  7  - 23 28 21  9  - 27  - 36 39 16  -  4  - 19  8 25  -  3  -  - 20 18  - 12 32 24 26 37 17  -  -  5  -  - 30 34  1 13
 30  -  9  6 13  - 40  - 31 23 38 28 24  3  - 29  1 36 17  -  - 37 12  - 35 22  8 33 11 19 20 32 16  2  -  7 14  - 26 34
 36 21  5 26 35 14 30 10 11 34  7  -  1 32  - 27 15  4 37 31 20  -  6 39 29 16 17 19  - 33  - 18 24 28 13 40  - 22 12  8
 23  5 16 36  -  4 11  2 15  3 34 38 28 40 27 10 21 19 24 20  - 33 30 26 17 18  -  7  8 12 39 35  1  9 14  - 31 13 37 32
  - 12 24 21 40 39 31 14  - 25  8  - 34 36 16 32  5  - 11  - 35 30 22 23  1  9 33 38 20  3 13  - 18 15  7 19 27  4 10  6
  9  - 30  -  - 31 23  - 21 19 15  - 32 29  7 33  -  -  2 38  4  - 40  - 18 27  3  - 39 35  -  - 25 13  - 12  - 16 36 28
 11  3 37 17 36 25  7  - 20 14  -  1 22 35 39  9 29 38 16  -  - 27 23 28 12 31  - 18 32  -  -  8 40  - 34 10 24  - 33  2
 34 15  7 27  4  -  -  9 18 28 21 19 29  - 33 13 25 39 20 23  3 12 37  1 11 35 24 16  2  - 40 30 32 10 26 14 38  6 31 36
  - 19 17 38  8 16 39  -  - 27  -  2 30 13 12  5 28 22 35  - 18  3  - 11  7 36  9 29  - 20 33 21 15 26  4  -  6 31 23 10
 18 40 11 33  7  -  - 20 19 24  1 32  - 26  6 34 35 10 23  4 13  -  - 22 21  2 27 30  5 36 15 29  - 17 38 25  3 12  8 31
 12 29 31 32 27 22  - 11  7  - 23  - 26  5  9  6 34 13  3 30  1 17 10 35 38 39 28 14 18 40 21 36 33  4  8 24 19 25  2 20
 22 31 21 37 23 32 28 19 40  9  4  6  - 11 14 39  -  1 38 34  -  - 24 13  3 30 16  2 29  7 25 27  8 33 35  - 10  5  - 12
 15 17  - 35 16 33  - 38 24 13  -  5 20 39 40 26 23  2 30  - 14 31 32  7  -  4 18  -  - 27  9 34 29 11 28 21 22 19  3  1
 13  8 29 20 19 28 36 21 39 26  6  3  - 27 24 15 33 14  1 18 34  -  -  - 40 11 12 32  - 30  2 25 23 35 17 38  4  7  9 22
 21  - 35  -  2 23  3 31  -  - 25 15 14 37  1 20  - 24  5 32 27  4  -  9  -  8 38 12 40  - 28 26 13  - 36  - 18 11 22 30
 28 20 33  -  6 17 13  -  5  4  2 35 10  7 18  1 38 34 39 12 16 14 11 32 37  - 31 36 30 24 22 15  - 29 40  9  -  3 25 19
 14 34 39 19  - 12  - 26 33  -  - 36  9 10  - 11  - 29  -  - 24 22  2 20 23  - 21 13 15 31 18  -  6 25  5 30 16  1  -  -
 32 36  4  - 14  6 19 37 17  - 30  8 13 34 11 12  - 28  -  7 23  2  5 40 27  3 15 10  1  - 26 22 31 20 16  - 35  - 21 24
 20 14  6  3 29 15  5  1 30 21  - 22  - 38 36 25 40  - 27 16  -  - 31 12 34 13 37  9  7 39  8 23 26 19 24  - 28 10 11  -
  - 16 15 12  - 24 32  - 25 18 10  - 36  8  4 28  - 40  6 11 31  7 38 30 20  1  -  5  -  9 34  - 37 27 29  2 33 23 13  -
 31 35 20 14 25 36 21 39 29 40  5 24 15 33 34  3 32 18 13  9 37 23  -  4 10 38  6 11 22 26  - 16  - 30 19 28 12  8  -  -
  5 22  3  - 37 35 25 23 36  1  - 11 33 14 17 24  9  7 21 15  -  -  8 38 26 29 30 20 27 18 10 40  - 32 31  - 39 28 19 16
  - 26  - 39  1 34 33 36  6 31 35 14  - 28 25 38 24 20 40  2 11 10 17  -  4  -  5  - 37 22  -  -  7 12 23 15 13 29 30  -
 33 11  8  1  - 18 38 15  2 17 20 25 12 19  3 37  -  - 28 29 36 40  4  6 16  7  - 34 21  - 30 24 35 23 22  - 26  - 27 39
  4  -  - 34 30 10 15  - 38  - 18 17  -  - 28 22 12 21  7  -  8 25 29 27 36 24  - 26  9  2  6  - 11 31  1 20  5 14 40  -
