1280
 20 31 26 36 35  -  6 34 39  1 21 13  - 15  2 14 29  -  - 40  - 23  -  - 25 12 10 16  7 11 32  4 30  -  - 18 37  - 22  5
 21 13  - 15 20 22  - 10 25 28  -  7 27 40 26 24 31 38  1  -  6 32 33 37  9 17  - 12  3 16 36 30  4 34  8  2 19  5  - 11
 12 17 31  -  3  -  9  2  - 20  - 24 39 26  -  - 35 14  5  - 25 29  6  7 16 34  -  8 28 30  - 38  - 10 18  -  - 19 40  1
 37  - 15 40 25  4  - 13 18 10 14  -  1 31 24 33  2 21 23  - 38  6  3 11  -  5 34 30  9 22  8 20 19 16 17  - 26 32 28 29
 39 20 23 35 22  - 28  -  - 30 10 37 33 14  5  -  1 26 29 34 21 40 17 16 32  7 19  6  2  -  - 15  8  - 36  - 25 13 38 12
 22 18 40  1 16 28 23  5 37 32  8 27 36 24  9 39 12 17  4 30 14  3  2 13 26  6 31 11 10 20 29  7 25 35 15 38 21 33 19 34
 16  8 38  -  - 23  - 14 28 31  6 34  - 22  -  - 20  9 12  7 40  2  - 17  -  - 13 18  4  -  - 39 36 29 37 32 35 15 21 30
  - 35  - 16 15 36 11  6  - 39 38 22  - 32  -  7 34 10 13  - 33  5 30 23  4 31 17 14 25  1  2  3 37  - 29 21 28 40 18 20
  5  - 22 10  - 20 12 39  8 17 23  1 24 34  7 30 33 36  2 18  3 26 28  4 14 15  - 37  - 38 13 21 31 11 19 35 32  6 27 25
 15  -  -  4 23 16 21 35 29 22 24 33  5 18 19 10 40 37  8 11 26  7  - 32 34 13 30  -  6 12  3  - 38 28 27  9  -  - 17 39
 11  1  7 29 37 35 36 21 34  - 18 15  - 20 40 31 26 32 25  6  5  9  -  -  - 10 14  4 39  -  -  - 28  2  - 17 13  -  - 16
  -  9  -  - 30 11 39 20 36 38  1 40 29 33 16  6 27 18  3 17 31 21 15 35  2 19  - 24 12 13  5 37 32  4 25  8  - 14  - 10
  - 38 30  8  6  2  - 36 19 23  - 26  3 37 29 25  7 16  - 21 34 17 13 15 12  4  -  - 27 33  -  5 14 18 32  -  9 10 39 28
  2 10 25  -  1  - 30 19 31  7 36  -  - 38 17 40 24 35 32 15 28  - 39  - 23  - 20 29 14  4 11  -  -  3 33 27  6 21  8 13
  - 32  5 34  7 17  - 30 10 12  3 25  4  6  - 27 22 19 16  1  - 13 26  - 24 14 18  - 11 29 38 31 23 36  2 28 39  8 37 33
 35 16 29  2 40 21 26 28 30  4  - 36  - 19 39  - 37  - 15 10  - 24 23 27  7 20 12  3  -  - 33  - 18 32  9  6  5 31  -  -
 26  6 39 14  - 10  4  9  - 25 22  -  - 16  1 32 17 28 37 35 27 34  - 30 31  8  5 13 33  3 19 29 20  - 23  - 38 11  -  7
  - 36 28 33  8  5  - 29  - 26 13 18 10  -  - 22  - 20 40 24 23 39 14 31 30 37 16  2 21  7 35 34  6  -  4  - 27  - 25 19
 34  - 33 20 11  - 35 25  9  -  7  - 37  4 38  - 15 13  6  2 19  8 21 29  3 32 27 10 36 31  - 17  1 40 39  - 22 28  5 18
 18 27  -  -  - 30  7 17  6 13  5 21 11  3 31 23 36  -  -  4  - 15  8  - 35 40 25 20 37  - 26  2 24  1 14 33 34 16  9 38
 38  -  -  7 31 24  - 32 13 11 30  - 28  8 22 35 25 39 27  3 12  -  - 10  5  -  6 15  -  - 18  9 16 37 21 23  - 26  4  2
 24 11 35  -  -  -  8  -  1 19 29 17 21  -  - 20 10 33  - 13 16  - 34 14 15 38 37  - 31  2 28 32 22 30 26  5 12 18 36  -
 31  3  4 30  2 39 24 22  5 15 37  8 20 28 36 26  6 11 14 23  7 18 19  - 29 27  -  1 38 10  - 12  9 33  - 34 16  - 32 21
 23  2 36  3 10 29 19 38  - 35 16 12  - 13  4 37  - 40 17  9  - 11 25 22 28 26 15  7 24  - 31 33 27  5  1 39 20 34 14  8
 36 29 20 18 19  -  2 12 35 37  - 31 13 39  3 15  4 23 33 32  1 28  7 26  - 24 21  5 40 25 10  - 34 14 22 16 30  9 11 27
 27 21  - 25 17 13 22 31 14  3  - 28  2  - 18 36 30  -  - 33  - 38 20  - 39  9  - 34 32 19 12  1  7  - 16  4 15  -  - 37
 32 30 17  - 36 18  - 16  7  2  9  - 25 11 33 34 14 12 20  -  4 10 37 24 40 29  3 19 13  - 21 27 35 39 28 26  8  - 23  6
 33 28 13 26 24  8 10  1  2 29 34  6  7 30 12 19 39 15 11 14 17  - 32  9 20 16  4 21  5 37 27 18  3 22  - 40 36 38 31  -
 10  -  1 13 26 15 16 11 33 21 19  - 14 35 34 18 38  2 28  - 20  -  - 39  -  - 40 31 30 32  9 23 17  8  - 12 29  4  - 36
  4 37  6 38  5  - 32  - 17 33 20 16  - 23 10  1 11 30 21 27 13 31 12  2 18 28  9 22 35  - 39 25 40  - 34 19  3  - 29  -
 17  5 27 11 32  3  - 33  -  9 28  - 16 12  8 21 23  7 18 37 24 35 36  6  - 39  -  -  - 14 34 40  - 25 38  -  4  - 10 31
  8 22  9 17 14  - 18  -  - 34 25 32  6 21 15 29 13 31 30 28 36  4  5  1  -  2 38 33 20 35  - 11 39  7 10  3 24 12  - 26
  9  4 11 12 28 40  3 26 32 16  -  5  - 25  -  -  -  1 34  -  - 36 35 20 38 23  7  - 29 21  - 13 33  - 30 24 18 37  2 22
 25 34  -  9 18 26 13 24 40 14 31 20 22  - 28  - 32  6 36 38  - 19 11  3 17  - 33 39  - 27 15 16  5 23  -  1  -  2 30 35
 13  - 12  -  -  - 17  4 11 18  2  - 30 36 23 28 21  8 31 16 37 14  9 25  - 33  -  - 26  -  - 35  - 27  6 20 40  -  3 24
  6 15 16 23 12 31 40 37 27  5 26  4  8  -  -  9  - 24 39 19 18 33 10 38  - 35 36 32  - 34 14 22 21 13 11 25  -  7  -  3
  - 25 19 24 13 14 29  - 38  6  4  -  - 27 35  - 16  5 26  8 15 12  1 18 21 30  - 36  - 39 22 28  - 20 40 37 10  -  -  9
 30 12  -  6 27  - 20 18  -  - 32 39 23  9  -  2  3 34  7  - 35 37  4  5 33 11  -  - 22 17 40  -  -  - 31 29 14 24  1 15
 29  -  -  - 38  - 33  7  - 27  -  - 35  - 37  -  5  4 22  -  2 30 16 19  - 36  1  9 18 40 25  - 13 21 20  - 11  - 15 32
 14  7  3 21  -  6 37  - 22 40  - 30 26  2 25  -  8 27 38 20 32  1  - 36 11 18 28 17 23  9 16 24 10 19  - 13  -  - 34  -
