1280
  2 28 21 19 37  - 30 27  -  -  - 20 15 25  -  - 26 14  - 29 11  9 13 23 16  6 34 35 32  4 31  -  -  5 22 24  - 36  1  7
  - 18 17 25 28 15  8 29 14  9 26  - 31  - 10  - 32  - 27 33  6 30 40 34 39  2  5 24  - 12  1  7 16 21 13  - 38 11 37 19
 11 29 10 23 17  - 32 30 36 12 21  2 24  - 22 25  8  -  6 15 27  - 37 35  7  - 38 19 34 31 28 39  5  4 33 18 40 14 13  3
 26  5  - 29  8  - 16 34  - 27 35  - 19 37  1  7 28 33  - 40 21 13 36 32 18  -  -  - 23  3 15 17 12  6 11 10 24 20  - 38
  -  6 19 14 10  - 18 38 39  -  7 30  - 11  -  -  1  4 28 16 22 40  -  3  5  8 36 37 27 26  9 31  - 35 12 34 32 13 23 15
 34  - 30  - 35 23  -  - 29 32 14 16  -  8  7  4  - 39  -  - 28 18 27 40  9 11 31 38 25  1 10  - 17 26 15 12 19 22  2  6
 30 11  - 31 32 10  - 19  - 26 39  - 20 13  -  9  - 28 17 24 36  4 35 16 33 37  6  -  - 14 23 21  1 38 18 29  7  8  3 34
  4 10 16  9  - 17 28  - 19  7 32 22 40 34  - 29 36  3 11  8 18 35 26 33 12 38 14 15 20 37 25  2 24 30 27 13 21  1 31 23
 31 32  8 24 34 26 40 12 17  -  5 18  3 14  -  2  6 13 25  1 15 37 19 39  - 16  7 30  -  9 22 27 36 10 38  - 28 35 33  4
 16 36 38 13 20 29 39  - 11 18  - 33 27  6 30 15 21  -  1 22  -  - 14  7  4  9  2 26  -  8 37 35  3 28 17 40  - 34 32 24
 19  - 39 10 13  8  -  5 21 35 29 17 11 16 14 12 23 30 37 27 34 38 31  2 25 36 28  3  - 20  -  6  - 32 24 15 22  -  4 18
 33 19 27  - 21 39 38  - 37  5  -  4 25  -  3 34 15 11 24 31 40 10  7 26  - 17 12 29  1  -  - 18  -  9  2 23 36 30  - 22
 22  - 15 34 25 18 19 37  7 10 24 13 23 38 16  3 11 27 35  -  9  5 21 29  8 32 30 28 40  2 26  -  -  1 20  6 17  - 39  -
 23 16 13 35  - 22  -  8 32 20 11  5 29 15 24  1  2 34  4 21  3 39 12  - 14  -  - 18  -  -  7 28 10 36 25 38  - 31 26  -
 25 13  - 32 22 37 24 33  -  -  8 10 17 29 35 11 40  9  5 14 39  -  2 21  -  7 18 12 38 27 34  - 26  -  1 36  - 19 20  -
  -  -  1  8 24  - 21 17 40  3 33 19  - 23 25  5 22 16  - 35  - 29  -  6  2 27 10 31  - 13 36 37 20 15  - 14  - 18 11 32
  1 15 25  7  2 27 13  6 20 21  - 23 12  4 19  - 16 24  9 32 29 34  8 31  - 10 39 17  3 40  - 33 18  - 14  - 30 38 36 35
 27  2 23 11 39 14 17 16  9  8  -  6  - 24 33 37  3 40 36  -  - 12  4 19 13 29 15  1 18 10  -  -  - 34 28 32 35  7  - 31
  - 37  6 21  1  5 15 14 38 11 34 32 26 18  2  - 13  8  3  4 30 31 17 28 36  - 29 16 33 39 35 25 19  -  9  - 10 23  - 20
  3  7  - 38 33  - 22  2 23 17 15  - 10 36 31 13 30 32 34  - 24 26 16 11  - 18  8  4  6  - 20 14  9  - 21  -  1 25 35 39
  6 34 18  - 11 25 26 28 30 13 12  -  -  5 37 36 39 17  - 20  1 24  - 14 10  - 32  2 15 35 38  -  - 19 31  3 33 16 27  9
 14 17 37 16  9 35  4 31 24 36  1  7 34 30 15 20 38 12  2 10  5 32  3 18 26 19 25 21 13 29 27  -  - 11 40  -  - 39  - 28
 35 40 34 27 31  6 11 24 26 16 30 12  -  -  4 32 25 10 23 36  8  -  -  9 21 14 19  7  -  5 13  - 33 20  - 28 29 15 18  2
 24  9 28  4  6 16 27 35  - 25  3  1 18 40  - 31 17 22 29  -  -  -  5 38 23 39 37  - 10  - 32  -  2 33 34 11  - 26 21 12
  -  - 14 17  4  -  - 15 34  1 25 37  - 10  - 19  7 18 16  2 33 11 23  -  3 28 35  8 24  - 39  5 32 12  - 30 26  -  9 27
 12 27 35 26 14 38 37  -  5  6  - 29  - 20  - 39 24 36 30 34 10  7  - 25  -  3 40  9  4 33  8 11  - 31 32 19  -  - 15  -
  - 23 33  5 26 21 34  - 18 14  -  - 32 19  9 28 27 38 39 11 20 36 15  -  1  -  -  - 16  7 29 10  - 25 35 31  2  3  6  8
  -  - 11  - 12 19  9 32  4  -  -  -  - 35  - 22 31  7 14 23 13 20  -  5 24  - 27  - 37 17  3 16 38 39  - 21 15  - 34 10
 29 30  5 36 38 33  - 23  3  4  9 34  -  - 18  - 10 15 13 39 31 21 32 20  -  1  -  6 14 11 12 22 35  2 26 17 25 37  8 40
 39  3  2 18 15  - 31  -  - 38 36 27 37 33  5  - 34 26 12  - 14 28 22 10 30 35  - 13 29 16 24  9  -  7  4  8 20  6 17 21
  5 25  - 12 27 24 10 26 35 15 22  -  4  2 38 23 19  -  -  9 17  8 30  1 40 21 11 34 31  -  6 13 29  3  7 16 39 32 28  -
  - 22  3 20 36 11 25  7 27  - 18 38 13  9 21 30  4  - 32  6 23 33 39  8 31 34  - 10 35 15 40 26  -  -  -  2 14 12  -  1
 32  -  - 37  - 36 23 21  8  - 38 31  -  - 13 14 18  - 15  -  -  6  - 22 28 30  1 33 19 34 17 20  - 27 16 26  5 24 10 11
 36 38 31 30 40  7 12  3 28 22 16 35  9  1 20  - 33  - 10 37 19 17 11 15 32 24 26  - 39  -  2 29  -  -  -  -  4 27 14 13
  9  - 32 39 23 28  -  - 33 29 27 14  1 31 12 10 20 19  - 18  - 22 24 36 34 13 17 11  2 25  - 15  6  - 30 35 37  5  7 26
  8  - 26  -  -  -  - 18 16 34  - 11 30  3 39 33 14  - 19 38  - 23 10 37 20 15 21  -  - 24  4 32 40 13  -  9 27  - 29 25
 10  - 29  1  3  - 14  9  -  - 19  - 36 39 26  -  5 21 20  7  2 27  - 12 17 33  4 32  -  - 16 34 15 22 23 37 18 28 40 30
 15 24  7 33 30 20 35 11 13  2  -  -  6 12 32 18  9 31  8 28  -  1 34 17  -  - 22  -  - 23 19 40 27  -  3 39 16 10 25 29
 13  8 36  2 16 34  - 22  -  - 10 26 14 21 23 24 35  6  7  -  - 25 33  -  -  - 20 27 30 28 18  3 37 40 19  1 11  9 38  5
  7 31  -  - 18  1  5 13  6 37 17  9 35 32 34 21 29 20 40  - 38  2 28  - 27 23  3  -  8  - 11  - 14 16 10  -  -  - 19  -
