1280
 34  - 37 18 39 29  - 25 21 32 24 35 16 31 26 22 40 13 15 17  9  2  3 27 11 20  7  4 30  5 14 28  - 38 33 19 23 36  8  1
 38  - 24 10  2  - 27 26  5  7 12 28  - 22 37 19  -  4  3  - 40 33 34  9 17 30 35 13 11 31 32 25 18 21 14 20  1 29  - 23
 30 29  5  -  4  - 22 34  - 19 13  - 10  2  8 26 35 39  -  - 28  3  - 16 12 17 24 36  9 18 27  -  7 37 15 11 20 32 31  -
 32  1 36  - 21  2  - 28  -  - 27 33  7 20  - 40  8 11  6  9 29  - 24 12  -  - 19 18 34  4  -  - 31 39  -  - 17 38 37 14
 31  5  2 37  -  3  - 15  - 18  9  1 28 29  -  - 17  - 30 13  4  6  -  7  - 10 26 25 23  - 39 38 24 12 21  8 14 33  - 32
 17 28  4  -  7 24  9 35  -  - 25 16 22 15  -  2 37  6  -  - 31 23 33 13 30 21  5 10 20  8 29 27 32 14  - 18 34 39  1  -
 35 40  - 27 29 10 20 24 33 17 31 30  4  3  9 15 25 16 14 18 19 13  5 39 21 12 11 23  6 36  - 37  2 26 32 38  -  -  -  7
 36 39  9 21 14  1 23 20  8 27 33  4 13  - 32  - 22  2 34  7 15  - 19 31 25  -  - 12 29  - 26  6 16  - 18 40 10  - 24 30
 24  - 11  - 26 31  -  - 34 21 36  - 32 35  -  -  9 29  - 12 33 28  7  -  -  1  - 20 25 40 37 18 38 22  6  2 15 17  3  4
 23 11  - 16 18 39  4  5  1 25 28  - 40  9 14  6 38 35  7 31 34 36 32  - 10  2 22 30 13 17 21  3 33 24 37 27 29  - 12 19
 28  - 15  - 40  - 29 14  - 31 37  - 23 11 21 39  - 20 38  2 27 32 30  - 26 35 33  3  - 12 13 24 22 10  - 36 18 19  9  6
 20 15 26 30  3 19  - 11 12  - 29  -  - 21  -  - 13 10 39  -  -  - 28 40 38 31  2  - 22 25  5 34  - 17  4 35  -  6 23  9
  - 18 25 22 27  -  -  - 30 34 40 13 26 36 20  1  - 33  - 24 11  7  -  - 39 19  - 31  - 35 28  4  - 32  8 15 21  2 38 29
  8 22 13 15  9  - 35  6 10  -  2  - 31 28 12 34  -  5 17  3 16 20  - 36 40 32 30  7 18 14 24  -  - 33  - 29 39  -  4 38
 33 14 16  9 31 32 13 38 28  8  1 29  - 27  - 24  6  - 21 36 22 37  - 34 35  7 12  - 15 10 20  - 40  -  -  4  - 11 19  3
  5 17 40 28 36 26 38 13 20  3 15 32 29 39 34  9 33 30 18 14 24  8 25  - 37 11 16  2 31  7  4  - 21  6 10  1 35 23 22 27
 19 26 30 23 33  -  -  8 25  -  3  2  9 37 15 13 10  - 32 16 20  4  - 18  - 29 40 24  -  6  1  - 36  5 28 34 12 21 11 17
 27  2 39 17  - 37 31  -  9 29 22  - 25 33  1  4 12 21  -  - 38 40 15 14 20  8 18  6  - 26 23 32  - 34 11 30  3 24 13 35
  -  - 27  -  -  4 33 29 17 38  6  3  -  -  5 37 14 31 13 22 39 21 26 23  8  - 20  1  - 32 25 11 19  7  - 28 36 34  -  -
 15 16 31 13 38 23  2  1  -  - 17  5 20  - 18 33 28  3  -  - 35 26  - 22 29  4  6  -  -  9  7 21 14  - 39 24  -  8 32 25
  3 36 14 33 23 13 24  2 32 20 11 10 27  8 35  -  7 19  - 30 18 16 29  6  9 22  -  -  1 34 15 40 39  4 26 12 38  5 25 21
 13  - 17  - 32  6 21  3 23 15  - 24 38 40 16  -  - 28 19  - 25  -  8 29  2 37  4  9 33  1 11 22  - 36 35  7 27  -  5  -
 10 25  6  1 20  5  8 27 39  - 38 40 17  7 33  - 31 15 28 26 23 24 14 35  - 34 21 22 32 30  - 13 11  3  -  9 16 37 29  -
 26  - 10  - 17  - 30 21 27 37 16  9  - 24  6 28 34 18 23 38  5 29  2 11  - 14 32 40  4  - 22  1 20 15 36 25 31 35 39 13
 11 38 21  - 24 15 39  - 22  9  8 36  1 14  7 30 32 25 33  -  2  - 23  - 13 27  - 19 17 29  - 31  3 35 20  - 40 16 18  -
 39 33  -  4 37  9 26 31  7  2  - 19  6  -  -  - 29 27 10 34 21  - 12 24 23  - 38 11  - 15  3 20 35 16 13  5  8 22 36 18
  - 20 33  3  - 27  - 23 11  6 14 21 24 13  - 32 16 26 22 37  -  -  9  -  - 36  1 35  8  2  -  - 15  - 29 31 19  7 10 12
  2 30 19 20 13 33 40 16 31 14 18 38 35 32 28 21  - 17 25 15 26  5 22  1  - 24  - 29  3 37 34  8 12 23  9 39  4 27  7  -
 25 31 35  7  1 30 37  9 15 39  5 11  - 18 40 12  - 32 20  8  3  -  4  - 22  - 27 26  - 24 33 29 28  2 34 17  - 14  6 10
  1 32 12  2 30  8  6  - 13  -  - 34  -  - 29  5 21  9 26 33 37 15 35 38 18 40 39 27  -  3  - 14  - 28  - 23  -  - 20 31
  - 23 38 14  5 20 19  7  6 13 34  - 18 12 11  3 26 24  2  - 17 35  -  - 28 33 29  - 36 39  - 16  - 31 27  - 32  9 30  -
 18 35  3  -  8  7 17 22 37 30 21 23 12 34  - 10  -  -  4 11 32  -  -  - 14  9 15 38  - 13 40 33 29 19 31 16  2 20 26  -
  7 19  -  - 22 25  1 17  3 35 26 18  2 23 31 20  -  8 27  -  6  - 16 33  - 39  -  5 21 11 12 15 13 29 38 14  - 30 40 28
 14 27 18 11  - 17 25  - 24  5 39 20 37  4  3 23  2 34  -  - 12  -  1 28 33  6 13  - 16 38 31 19  8  9  7 26 22  -  - 40
 22 37  - 34 35 18  - 40  - 24 23 27 39  6 25 29  3  -  -  4  -  - 31 26  - 38  8 33  2 21 19  5 30 20 17 32  9 13 14 11
  - 12 32  - 11  - 10 30 18 23  4 22 34 19 17 16 15  7 31  -  8 27 38  5 24 25  9 37  - 20 36  2  -  - 40  3  - 26  -  -
  4 21 23  6 12 22  - 37 29 28 20 39 14  - 38 25 18 36 35 27 10 34 13 17 16  3 31 15 26 19 30  7  -  8  5 33 11 40  2  -
 12  9  - 39  6 11 36 32  - 33  7 31  8 30 13 18 20 14 24 23  1  - 37  3  -  - 34  - 35 27  2  -  5 40 19 21 25 28 17 22
 16  6  7 29 28 38 14  -  -  - 35 12  3  - 24  -  4 37 40 20 13 11  - 32 34 23 25 21  - 22  9 36 17 30  1  - 33 31 15  8
 37  7 20 31 25 35 11 33  - 40 30  - 21 26  - 38 36 22  8 29  - 18 10  2 32 13  - 39 27 23  -  9 34  - 24  6  - 12 28 16
