1280
 10 32  3  8 33  - 14  - 40 19 13 15  4 22  9 11 23  6  1 24 28 36 25  2 29 21 39  5 16 26  - 30  7 37  - 27  - 20 35 38
 15 24 22 39 30 16  -  3 29 28  - 14  1 35 21 34 11 17  -  7  4 33 18  - 23  9 36 19  - 40  -  8  2  -  - 26  - 10 25 27
 33 10  2 40 29 34  -  7  3  6 20 11 24  - 22 36 30  5 23 18 37 16  9  - 19 17  - 14 25 32  - 38 39 35 13  - 28 15  - 21
 32  -  9  4 17 36 39 19 21 25  - 13 40 38  7  3 24  -  - 37 35 14 20  - 30  2 28 18  1  8 34 33  6  - 11 22 26 31  - 15
 25  - 35 27  4 15 40 17 36  - 14 22  - 30 34  - 32 23  -  1 11  - 26  -  - 10 12 39  2 18  - 13 29 33  - 37  -  - 28 16
 40 29  - 18 32 22 15 11 23 10  - 24  -  - 14 17  3 26  - 19  9 35  5 39  - 27 25  2  4  - 16 37  1 13 38  7 21  8 36 12
 23  8 32 31  - 12  2 14  7 34 36 18 13  5  - 28 21 11 15 10 22 30  1  9 20  - 35  - 26  -  -  - 19 24  -  6 33 29  -  -
 38  6 34 20 13  5  - 39  - 32 35 26 23  3  - 18 31 33  4  -  - 24 21 15  - 37  7 28 29 12  2  -  -  8  1 19 36  9 14 30
 30 14 37 10  3 28 13  6 27  8 24 21  - 32  4 40 18 36 35 17 33  - 31 38 22  5  - 34 12  2 39 11 16 25  -  1 20  7 15  -
  1 30 26  -  -  -  3 40 13  -  6 38  2  7 12 23 10 18 19 28 31  9 15 22 27 20  8 37 39  4 14 24 21  - 29 33 17  5 34  -
  7 36 20 37 19 33 23 13 16  - 17 31  - 12 35 14 25 30 29 38  - 28  3  6 24 22  9  -  - 11  - 27 34  -  - 21  1 26  -  -
 35  3 29 25 20 32  4 28  - 11 30  7 37 16 15 24  - 31 26 13 36 10  -  -  - 19  -  -  - 17 27  - 18  -  5 38 14  - 40 34
 24  4  - 35 38 17  6  2 25  3 34 37 28 39 27 26 13  8 30 29 20  - 14 21 18  1 22  -  -  -  9 32 40 11 16 10 19 33 31  -
  2 12 21 38 14 29  - 10 34 20 40  1  9  - 30 35  - 24  - 36 18 25 13 17  7 23 19 11 32 15 22  6 31 27  -  -  4 16  -  3
 19  5  - 11 16  - 20  -  - 18 26 23  8  4 28 21 38  - 10 34 25  -  - 32 14 39 30 12  3 35 13  1  9  7 17 36  - 22  6  2
  4 28 18  -  - 26 17  9 10 33 15 20 34  -  5 19 14  2 38  6  7 32  8 11  1 35 16 36 31 27 12 23 25 22 21 29 30  - 13 39
 28 35  8 16  2 24 22 26 19 38  - 32  -  - 10  1 33  - 36 11 17 20  6  - 25 29  5  -  - 13 40 18 30 31 12 15  3 37 23  4
  - 13  - 29  1 20  - 25  2  -  9 30  3 15  - 38 22 39 32 26  - 40 34  5 28 31 10  4 11 14  - 12 35  -  7 17 18 36 16 19
 36 40 12 21  - 19 35 15  - 23 29 25  -  -  - 10  - 14  7  - 27  5 37  4 16 13 26  -  - 28 30  9 32  - 22 11 38 34  3  -
 22 11 39 12 36  7  -  - 28 35 19  4 33 20 16 27  -  1 17 23 29  8  -  3 10  - 34  - 37  5 18  -  - 30  -  - 24 14  2 13
  -  - 31 15  - 30  -  5 14  -  - 12 21  8  - 32 29 35 13 33  3 27 38 34  6  - 23 24  - 36 26  - 37 19 28 40 10 25 39  -
 20 34 27 17 31  - 11 24  1 30  -  -  6  2  8 37  4  -  - 35 16 39  - 26  - 12 15 10 33 23 29 19 36 40 25  9 22 38  7 14
  -  2 10 19  5 14  -  1  - 39 33 27 38  - 26  - 17 12  - 25 34 29 23 28  8 32 37  -  9 30  - 36  3 16 40  - 15 11 21  7
 37  7  -  9 15  - 32 22 24 14  -  8 30 13 23 16 26 19 28  5  6  -  -  -  2 11 21 20 40 38 36 10 27  4 31 18 12 17 29 33
  5  - 11 32 22  -  - 27 38 17  3 33 35 25  - 20  -  7  - 31 13 19  4 37 34 40 18 26 28  -  - 15 14  2 30  -  - 24  1 29
 29 15  1  7 39 25  -  4 17  2 16 35  - 10 32  - 27 22  9  - 24 13 36 33  - 34 40 31  -  -  - 21 28 14 19  3  5 12 20 18
 26  - 13 23  9  2 30 33  -  - 12 16 27 34 29 22  -  - 40  - 15 18 17 35  -  - 14  6  - 25  1  - 20 10 36 24  -  - 19  -
 21 18  7  5 12 27 25 35 39  -  1  -  -  - 38  -  8 34  - 20 26  2  - 40 36  -  3 16 14  9  - 31 22 29  - 32  6 19 24 37
  9 38 14 33  -  1 28  - 26 37 22  3  - 29  2  5 34 40  6 21 12 31 19  -  4 24 11 27 35 39  -  -  - 18 15 30 25  - 17  8
 27 16 36  2 26 18  9 30 35 22 37 29 10 19  3 31  1 21 34 40 38  - 12  7  -  - 33 25 20 24 23  -  8 39 14  4  - 28  -  5
 39 33 23 26 27  - 34 37 12 29 38  - 25  9  - 15  - 13  -  4  1  - 22 18 35  3 31 32 17 20 21 28  - 36  2 16  7 30  - 10
 18  - 38 30  -  6  5 34  -  7 10  - 17  - 13  -  - 20 39  3 21 22 16  - 15 14 24 40 36  1 28 35  4  - 37  - 32 27 33  -
 17 22 15 34  7 13 19 36  4 40  8 10  - 11  - 30  - 28 27 12  5  -  2 20 21 16  6 29 24 33 25 26 38  3 32 39 23  -  - 31
 13 25  6 14 28 39  8 20 32 21  - 36 22 40  -  7 37 27  2  9 30 17 10  -  - 33 38 15  5 19 11 29  - 26  4  -  -  1 18 35
  -  - 28  1 35  4 29 23  5 13 32  - 26 21 20  - 15 16 24 14 19  -  7  - 11 36 27  - 18 37 10 25 33 34  3  8  2  - 30  6
 34  1 19 22 24 40 16 21  8  - 25  2 29 17  - 39  5  - 18 15 14 23 27  - 33  4 32  9 30  - 20  7 10 38 35 13 31  6  - 28
  8  9  4  6  - 23 27 32 15 26  - 19 12 37 18 33 36 25 20  2 39  1 11 16 40 30 17  3 13  - 24 14  5 28  -  -  -  - 38 22
 14 27  - 24 21 11 33  - 18 36  2 39 16 28  - 25  7  4 37 32 10  3 29 30 12 38  - 17 19 31  -  - 26  9 23  5 35 13  - 20
 11 37 17  -  6  -  7 29 30 15 31 34 32 36 40 12 20  - 25 16  8 21 24 19  9 18  - 35  - 22  5  4  -  - 33 14 39  2 10 26
  3 19 16 13 34 10 36 18 31  1 11 28  7  -  -  - 12 15  8  - 32  -  - 25 37 26 20 30 21 29 38  5 17  6 24 35 40  - 27  9
