1280
 33  - 27 30 26 35 31 28 22  -  8 29  -  2 16 14  -  4 40  9  - 12 20 23  - 15 32 11 19 21  5 38  6  1 13 36 17 39 10 34
  3 32 37  9  -  1 21 20 35 11 30  6 36 33 19  4  5 10  2  -  -  7 34  - 29 39 31 23 28 24 38 13 15 40 14 26 16 25  - 22
 25 13  -  -  -  4 38 24 28 17  - 40 15 32 33 21 14  -  7  - 35  - 31 12 27 19  3 26 30  2 10  - 34 16  8  1 36  - 29  5
  7 24 18  -  5  -  6 31 26 20 37 33  1 40 13 25 10  2 19  - 22  -  8 38  - 14  -  9 39 32  3  4 27 15 34 35 12  - 16 36
 28 11  3  4  - 23  - 37  -  -  -  - 26  -  5 15 29 21  - 20  2 34 39  1 24 40 33  7  - 36  8 19  - 12 30  - 35  -  9 27
  -  - 11  -  7 38 17 15 32  4 22 39  - 16  - 19 25 28 29  8  6 31  1  2 23 27 20  5  -  3 14  -  - 13 37 24  -  - 36 30
 14  - 15  - 39 12  2 34 23 25 32  3 40 21  - 17 26 16 38 28 30 13  - 36 18  6 10 19 37  8  1  -  - 35 24 22 33 31 11  9
 39  - 34 21  9  - 19 22 30 14 33 35 27 17 28 38 18  3  -  1 12 20 13 10  2  5 29 16 11  -  - 24 40 37  7  - 25 15  8  -
  1  8  - 39 19 15  -  - 16 28 24 20 31  -  -  - 21 32 10  -  - 36 27  9 11 30  7 12 29 33  -  - 13  5  2 38  3 17 22 23
 29 40 32 36 23 37  9 38  - 26 16 14  -  - 27  -  6 35 39  4 13 22  - 20 19 33 18  - 10  1 12  5  - 34 17 15  2 11 30 24
 13  9 31 38 15 11 12  2  8  3 17  7  4 22 29 20 32 33 30 27  1 16  - 24  - 18  - 34  - 25 39 40 21 14 23 28 37  -  - 19
  5  2 38 22  1  8 10  3 29  9 12 28 13 26 11 34 37 27 18  7 19 30 25 21 15 36 39 33 31  -  4 14  -  - 16  6 24  - 32 35
  6  - 29 31  - 17  5 40  1 19 13 32  -  - 30 33  - 11  3 34 28 38 14 22 12 21 36  - 23 35 16 10  -  -  - 25  - 20 37 26
  - 10 39 35 31  -  4  8 21 18 19  1  - 25 12 30  3 38  -  5 20 29 36  6 14 26 27 15  -  9  -  - 16 17 11  - 22  7  2 13
  -  7  5 13 20 39 34  -  9 33 25 12 32 29 14 16  4 17  -  6 24 10 26 30 40  -  8  - 18 28  - 15 23  - 38  3 19 35  1 21
 22  3  - 23 16  7 28 26 13 37  - 34  - 20 21  1 27  - 33 32 17  2  6  - 36  - 30  - 38 11 29  - 12 19  5 14 10 24 31 15
 40 38 35 10  -  - 16  -  - 39  1 19  7  5  - 29 30 23  8  3 32 24 33 28 17  - 37  6 20  - 13 21  2 26 27 12 15 22 18 25
 30  - 16 11 40  - 29  9 15 34  - 10  8  - 20 13 38 39  5 37 23  1  3 26 22 17 19 25  7 12 27  - 28  - 36 18  -  2 33  6
 18 33 24  -  -  5 15 32  2 12  -  9 25 38 10 40  -  7  6  - 39  3  - 31 35  8  -  - 16 27 28 36  4 29 22 11 14 34  - 17
 12  -  - 18  3 32  -  - 34  8 36 16 21 15 35 10 31  -  - 24 26  - 29 33  9  -  6  4  - 39  2 22  - 30  - 23 28  - 27  -
 19 22 21 16  - 20 30 39  4 35 38 15 37  -  8 36 17 34 23  - 10  9  - 14  - 28 12  2  3 29  - 27 24 32 31  -  6  1  -  -
 17 34 19 40 29 25 23  1 37  -  5 31 38 30  -  2 13 12 22 21  4  6 32  -  3 16 28 36 35  - 24  7  - 39 15 20 18  - 26 11
 21 18  2 33 32 16  7 30 20 31 34 26 17 39 38 27  -  8 12 19  9  - 35 13 10 24  - 29 15 22  6  -  - 36 25  5  -  4 14 37
 24 14 36  3 21  - 20 35 38 22 15 30  6 18 26  8  9 29  - 40 25 27  - 16 32 34  2 13  -  5 11 28  7 10  -  4 23 37  - 39
 32 36  - 17 28  -  8  5 24 10 40  -  9  - 39  - 11  - 25 38 27 33 18 15 20 35  4  - 13 16  - 29  3  6 12 19  - 26 21 31
  2  - 20  1 30 33 13  7 10 38  - 36 19 37 40 12  - 15  - 17 31 14  5 32 39 22 25 35  -  4 18 11 29 23  - 16  8  3 34 28
 23 31 10 19  -  - 32 18 39  -  - 38 14 28 36 37  -  6 17 29  -  - 24  -  -  1 15 22 26 30 21  - 11  9  3 33 27 12  - 40
 16 19  - 12  - 18 14 17 27  7 26  -  -  -  6  9 28  - 20  2  5  8 37  3  -  -  -  -  - 31 15  - 36 38 40 10 21 29 39  1
 26 16  - 37  6 19 35 12 40  -  3  5 11 10 23 18 36 24  - 22  - 32  7  4 38 29  -  1  9 15  - 31  8 28 39  2  - 27 25 20
  -  1 14  2  8 34 27 13 31 16  - 21 22 36 37  - 39 19  - 25 15  4  -  5 30  - 35  - 12 20 33  6  -  - 32  - 40 10 24 38
 15 30 33  5  - 22 36 23 12 29  9 17  - 14  1  - 34  - 37  - 18 21 40  - 28 11 38  8 24 13  - 25 32  2 10 39  4 19  7  -
  4 35  6 32 34 14 40 19 17 13  -  - 20  - 22  - 15 31 28 36  7 26 16 39  -  9 11 10  - 18 23 12 30  8  1 37 29  5 38  3
  8  5 28  - 24 21  -  -  -  -  4 25  2 35  3  - 22  - 32  - 37 17  9 29 16 10  -  - 40 26 34  - 19  - 20 27 13 18  6 12
  - 37  -  8 13 40 33 21 14  - 39 23  -  4 17 22 35  9 15 16 38  -  2 11  6 12 26 28 27  - 30  1 31 24 18 34  - 32  3 29
 34 39 12  - 14 27 25  -  5  6  2  8 29 11  4 35 33 20 21 23  - 18 28 40  7  3  9 24 22 38 19 17  - 31 26 30  1 16  - 32
  -  4 25  6  -  3  -  - 19 23 11  -  - 12 31  5  - 14 35 10  - 15 22 37 13  -  1 17  2 34  -  -  -  -  -  8  - 21  -  7
 27  -  9 14 38 10 39 16  6 30 20 22 33 23  -  3 40  1  - 12 11 19 15 17  5 13 24 21 32 37 25 34 26 18 35 29  7  -  4  8
 36  6 17 25 33  - 26 11  - 40 10  - 12  3 24 32 19 13 14 15 16  5 38  -  1 20 22 39  -  - 37  8  - 21  -  9  - 28 23  2
 38 20 40  - 17 36  - 29 33  2 18 13  - 19 15 11 16  5  - 35 14 39 12  7  - 37 34  3  1  -  9 32 22 25  6 21 26  - 28 10
 20 29 26 24 25  6  3  -  7  1  -  4  - 13 32 39 12  - 27 33 21  - 23 19 34 38 16 30  8  - 22  2 10 11  9 31  5 14 15 18
