1280
 12 26  3 14 39 18 17 30  6 33 23  9 31 22  8  4 29  - 28  - 25  - 20 21 24 37 40 13 38 16 34 36 32  7  2  1 19 10 11  5
 37  7 15 28  -  4  - 17 11  - 25  - 12 16 22 40  - 27 20 10  3  5 29  6 31 13 24 33 23 18 14 34 21 30 36 38  2  9  8  -
 35  2  -  - 18  5 37  -  -  3 22  - 36 34  - 17 28 20  -  -  -  6 14 30 19 25  - 29  9  4 12 24  - 33 13 16 32  - 10 26
 39 23  9 29  - 12  5  3  - 18  - 26  1 36  6  2 13  4 25 40 27 21 35  - 20  - 10  - 34 31 19  7  - 32 17 15 37 28 22 33
  9 19 17  7 30  1 34  -  8 37  - 38  - 27 18 16 32  -  -  - 12 20  3 39  6 28 35 22 31 25 11  - 15 10 29 14 24 13  - 40
  - 10 16 24 12  -  - 19  - 27  3 23 32 39 38 26  1 34  -  - 13  9  6 18  7 36 11 21 22  8 15 37  -  - 40 17 28  - 20  4
  - 35  - 25  2  3 22 10 37 15 33 39 11  - 28 24  -  - 16  6 36 14  - 20  -  7 13 31  - 17 29  9  5 19  1  - 34 27 12 23
 33 18 40 39 29  2  1 34 10 31  -  7  - 37  4 30  -  8  - 25 17 32 27 11 22 19  9 14 20 36  5 23 28 35  - 21  - 12  3 15
  1  4  -  -  6 23 32  - 12 22 37  - 15 28  - 20 11 26 13  8  - 17 34 36  3  5 33 39 10 21  7  - 29 40 16 27 38  - 18 25
  5 17 11  -  9  - 18  2  - 34 31 36  - 10 26  - 40 12 32 19 30 15 25 13 16  - 22  3 39 24  - 38  8  -  6  7  4 29  1 27
 16  - 22  9 25 34 11  6 14 35 12 10  8 23 24 27 21 19  1 26 38  - 40 15  - 31 36  7 18 39 30  5 20  -  4 28 29  3 13 37
 17 20 39 22  3  6  - 25 21 13 26 28 27  - 11  -  9  1 34  4 32 35 16  - 36 33 30  - 24 23 40  -  - 18 37 10 31  2 19  7
  3 28 34 17  - 31 35  8  -  -  9 37  -  7 14 39 38 21  - 23 20 13 15 10 40 29  4 12  - 26 32 22  -  - 24 25 18 11  -  -
  2 24  -  3  -  - 25 22 13  - 29 40  -  9 16 10  -  5 12 28  1 39  - 33  - 23 34 15 36 20 18 11  4  6 19  8 27 31 21 32
  -  8  1 36  - 19 16  -  - 32 35 21  9 15  -  - 25  2  7  - 24 22 23 27 37  - 38  6 40  - 33  3 14 26 28  -  -  4 39 18
 27 40 13 38 37 17 36  - 22  8 19 30 21 18  -  - 12 31 10 20  9 28  2  - 33 32  -  - 35 11  1 29  6 25 34  4  - 39 15 24
 13 34 14 12 10 29 21  - 32  -  2 27  5  - 15 33 22 17 37 11 18 26 30  -  8  9  - 20  6  -  - 28 25 23  - 24 39  - 16  1
  6 33  -  -  -  - 40 24 35  2  -  - 29 14  -  9  - 15 19 12 16  - 10  - 25 39 26 36  8 13  -  4 22  -  7 30 17 37 23 11
  - 12 10 26 33  9  -  1 29 25 17 31  - 20 36  - 34  - 39 35  -  3  - 32 23 24  - 16 15 19  2 13 37  4 27  - 40  6 28  8
 25  9 12 31  5  8 28 13  4 38  -  1 34 30 35  3  - 14 11 36  -  - 24 23 39 15  - 27  -  6 22 17  -  - 18 33  7 32  2 21
 18 16 25  - 24 13  6  4 26 23  - 29 14  3 39 11 35  - 40  9 34  8  -  -  1 38 19  5  2 15 20  - 36 22  - 32 10 21 37 17
  - 29 26 23  4 35 24 18 25  7 38 14 39  - 13  - 33 32 22  -  -  - 31  - 15 21  - 37 11  -  6 20  - 16  8  9 36  5 30  3
 11 15  - 13 35 22 26 14 20 29  4 16  3 33 37  1 30 18  5  - 10 24  -  2 27 12 39  9  7 32 28 19 40  8 25 23 21 36 31 34
 36 37 32  2  - 11 23 31 34 10  7  - 28  6  -  8  4 38 24 30 21 29 18  - 13 17 27 40  -  - 26  -  1  3 39 19 16 15 25 14
 34 27 21 18  7 24  8 37  - 28  6  2  4 19  1  -  - 39 26 38 29  -  - 14  5 20  -  -  3 10  - 30 16 13  - 40 15 23 17 31
 22 30  7 32 40  - 33 12 18  - 24  3  - 13 23  5  6 28 36  -  -  4  8 37 10 14 15 17 21 35 38 31  -  -  -  - 11 16  -  9
  -  6 27  - 28 10  9 23 24 12  1 34  -  2 25  7 26 37 33 21  5 30  -  - 18  8  - 32 29  - 39 15 35 11 38 36  3 22 40  -
 23 13 30  - 19 39  3 29  2  -  -  6 33 17 20 34 14 10 31  - 40 18  4 12 28  1  - 25 32  9  8 21  7 36 15 26 22 38 35 16
 14 39 20  1 16  - 27  - 19  - 18 25 10  8  5 22 15 36  3 37  -  7 11  - 32  4  6 35 13 38  - 40  -  - 30  2  - 34  - 12
 38  3  - 19 27 16  4 28  7 21  - 12 20 29  9 15 37 24 18 34 39 10 36  - 11  - 17  -  5 40 31  8 13  1  -  - 33 26 32 22
 19 11 28 35 31 14 13  - 36 40 34  4 26 38 30 25 39 16 15 29 33  2 22 17 21 18  7 24 37  1 23 27  9 12  3  5  8 20  6 10
 24  -  - 15 17  - 10 20 30  5 13  8  - 25  - 21  2  7  - 33 23 19 39  -  -  - 29  - 26 37 35 32 34 31 11  3  9 18 36  -
 15  -  5 11  - 21 20 27  -  6  - 18 24 35 40  - 31 29 14  2  - 25 17 19  4 22 37 28  1 12 16 10  3  9 33 13 26  - 34 39
 32 25 24  5  - 37 38 40 39  - 15  -  -  4 34  6 23  9  -  3 28 11 26 29 35  -  2 10  - 22 13  - 18 27 14 31  1  8 33  -
 21  - 33 34  - 36  - 39 31  4 10 17  6 12  - 18  - 13  8  7 26  -  -  1 29 40  -  2 14 27  3 25 11 28  5  - 30  - 38 20
  4 14  8 10 26 38 29 36  3  - 21 13 30 31  2  -  5  6  9 22 11 23 28 35 17 16 25  1  -  - 37 18 39 15 12 34 20 40  7  -
  8 31 36 20 23  7  - 11  -  9  -  - 19  - 17 12 27 25  - 32  4  -  - 22  - 34  - 18 28 30  -  - 33 37 21 39 35  1 14 29
  -  5  2  6  - 30 14 33  - 16 11 35  - 21  - 31  7 23  4 18  - 36  1 34  - 26  8  -  - 29  -  - 10  - 32 12 13  - 27 38
 20 36  -  8  - 32  7 38 15 19 39  -  - 11 21  - 18  3  - 16  - 31 37 26  - 27 28 34  4  - 17  1 23 24 10  - 25 33  9 30
 40 21 19  -  8 15  - 35  1 30  5 33 38 26 10 28 20  - 29 13 22 16 32 31 34  3 18  - 17  - 36  6 27 39  9 37 14 25 24  2
