1280
  -  -  8 29 12  - 13 36 25 34  - 38 19 31  -  -  - 33 10 30 18 26  3 40 23 32  -  5 11 27 21  7  4  - 39  9  -  -  6  -
  4  -  - 21  6 29  - 26  - 19 37  - 13  - 35 25  -  1  8 16 30 17  -  2  7 36  3  - 39 33 23 38  -  -  5  - 34 11 28  -
  -  2  - 23 34  - 39  5  1 15  - 12  8 17 20  - 10 25 19 32 11  -  - 14 37 40 33  3 29 38  6 28 18  7  - 31 35 22 21 16
 19 26  9  -  4  6  7  -  8 17 33  1 10 30  3 14 23 22 18 34  -  5 37 35 32 21 15  2 25  - 39 27  - 40 29 24 36 13 11  -
 11 13  - 20 23  7  -  - 33  -  2 15 36 27 16  -  - 26 28 38  -  6  -  4 21 19  5 32 17 18 14 29 31  1  - 10  9  3 37  -
  5  3 22 27 26  4 30 17 31 38  1  6 21 40 11  -  -  - 23  - 24  9  7 28  - 39 13 19  -  8 29 34  - 20  - 36 18 25  - 33
  6 10 37 17 36  5 11  -  - 13 16  4 38  9 30 27 21 14  - 18  8 25 15 32 29 31  - 22  3  -  - 19 23  - 24 35  - 20 34 28
 22 36 30 15 28 33  -  -  -  - 27 10 12 11  8  - 26 34 29 25 19  2 17 13 24 18  -  - 16 20 35  - 40  9  3  5 31  7 38  6
 17  7 32 24  9  -  8  -  - 35 29 37 28  - 19  6 14 40 21 26 15  - 18 36  3 34 25 39 31 16 13 20  5 23  1  - 30  4 22 11
  - 39 33 30  8 38 40 27 23 20 13  -  - 16 32  -  - 12  3 17 37 24 25 21  9 35  6 34 26 19  1  - 10 11 14  7 22 28  -  -
  - 11 20 25  - 32  -  7  2  5  3 22 34 28 26 23  1 27 14  - 16 31  8  - 18  9  - 15 13 40 24 36 30  -  - 21  - 39 10 17
 39 18  - 16 13  8 27 30  - 23 32 11 15 38  9  -  6 31 37 40 10  - 35  7 36 28 24 29  1 12 17  5  2  4 25 34 26 33  3  -
  -  -  - 39  - 23  9  - 28  1 22  2  5 24  -  -  - 38 31  7 26 16 30  - 34  3 36 17 37 21  -  6 19 32  - 18 11 12 20 14
  2 34  - 31 25 36  -  -  3 24 28  - 30  -  7 38 16  -  1 37 13 23 22  - 27  - 19 14 32  - 10  9 20 33  -  4 12 35  5 40
  - 22 40  - 37 39  2 23 15 36  5  7  - 26  4 29 11 17 12  - 25 10 19 31  8 30 14  9 18  - 34 13  - 27  - 16  1 24 33 38
 33 16  -  - 22 21 26 20 34  7 30  8 25 14 12  - 18  - 36 39  -  - 24 11  -  2  9  4 27 13 38 32  - 19  6 15 23 29 17 10
  - 23 19 36 32 37  -  6  -  3 39  - 24 15 33  7  -  9  -  - 27  -  - 10  4 16  - 40  -  - 12  2  1 30 35 28 14 21 13 31
 25 35 27 28  5 15 29 13  6 40 11  3 32  2 31  - 38 21  4  -  7 34 16  1 10 24 37 30  - 26 19 22  - 36 20 12 17 23  - 18
 36 33 23  2 35 16  - 21 37 28 18 34 22 10 15  4 17 39 26  -  -  3  - 20  6 25 38 27  - 30  - 40  - 12 11 29  -  1 24  -
 28 20  - 35 11 40  1 29 14 33 19  - 39 13 38 31 27  - 16  9 12  - 10 30  -  -  8 23  - 25  3 21  7  5 36  -  -  2  -  -
 23  6 11 26 40 18 32  4  -  - 25  - 14  - 34 17 19 13 20  2 33 21  -  5 16  8 39 28  7  -  - 12 15  -  9  1 10  - 36  3
 40 30 13  9 20 12 31 38 39 21  7 23  2 18 17  - 36  8  - 11 35 29  - 37 14  1  4  - 28 15 32 10 25 34 27 19 33  5 16 22
 35 12 34 18  - 26 20 24 21 32  - 36 31 37  6  -  7 23  - 27  2 39  - 38 30 14 17 10 33  9 16  3 28 22 40 25  -  -  - 13
  1 24 12 10 31 35 17 40 29 27 20 33 18  7 22 21 37 15 39  4  9 32 11 25  5 13  2 38 30 34 28  8  6  - 19 14  3  - 26 23
 14 37 17  - 38 28 25 18 10 11 31 32  7 33 36 15 22  -  -  3 39  -  1 16 13 23 20  6  -  5  8 35  9 24 26  2 27 40 29 19
 24  - 18  -  3 31 14  9 17 39 21 29 26  - 10 30  5 36 33  -  6 22 23 27 25 12  -  - 40  4  7  - 34 28  2 20 13  - 15 32
  8 40 35 33 21 20  5 32 36 18 10 13  9  - 23 26  -  -  - 24 17 30 14 34 11  4 29 37 19 28 27  1 16  - 12 38 15 31  7 39
 26 28  1 32 39 17  3 31  7  6  - 30 20 23  - 35 15  -  5 29  -  -  4  9 40 38 27 16 34 22 37 11  - 14  -  8 19 18 25 12
  -  5  -  7 27 30 36 33 16 22 17  9 11 34 14 19  3 32 35 23  4 18 13 12 39  - 28  - 38 24 20 26 29 10 31 37 40 15  -  -
  3 17 26 14 10 24 33 19 30 29 38 39  1  8 21 34 40  4 13  5  -  7 28  6 12 27 31 11 15 32 22 18 35  - 16  - 25 37  9 36
  - 21  -  3  1 19 28 12  -  - 40 20 29  - 25  - 30  2 27  -  - 38 39  -  - 11 32 26  6  7 18 24 17  - 37 33  5  9  - 35
  - 25  5  8 19 13 35 15 24 26  4 28 37 32  - 18 31 20  2 12  - 40  6 29  -  7 21 36 22  3  9 23 11 17 34 30 16 10  -  -
  - 31  7 19  2 22 23 39  - 16 15 35 27  - 18  9  8 11 30 28  3 36  -  -  - 20 10 25  5 14 26 33 37 13 17  6 29 32 12  -
  - 32 38  5 30 34 22  -  - 31  6 19 23  -  - 11  -  7 24 10 36  -  -  8  1 17 26 20  4  - 40  - 27 29 21  3 39 14 18 25
 30  - 36 13 18  3 21 34 11 25  -  - 35  5  -  -  9 37 17  6  - 20  2 26 22  -  -  - 10  -  4 14 38 39 23 40 28 27 19  8
 20 27 10 22 14 11 34  3  -  - 23 17 16  4  -  -  - 18 25 21  -  - 33 39 28  5  -  - 12 37 15 31  - 38 13 26  7  6  -  9
 31  4  6  1  - 14 16  2 13  8  - 21 40 25  - 12 28 24  - 15 38  - 32  -  - 37 35 18 36 10  5 30 33  3  7 22 20  - 39 29
  -  1  3  - 24 25 15 11 18  -  9 27  -  -  - 28  4 35 40 31 22 14 38 19 20 33 34 13 23 36  2 17  -  - 32 39 21  - 30 26
 12 19 16 34  7 10 38 22  5  9 24  -  -  3  - 39 25 28 32 36 23 37 20 18  2  -  1 33 35  -  -  4  - 21 15 13  8 30 31 27
 13 29  2 40 16  9  - 28 20 12  -  - 33 21 37  - 39 19  - 35  1 27 31  - 17  - 18  7  8 23 36 25 26  6  - 11 38 34  4 30
