1280
 35 23  - 24  1 16  - 19 37  9  -  - 12  3 21 20 32 17  - 10  8 11  - 31 40 14 22  5 38  6 34 36 29  - 39 27 33 13 30  -
 31  - 16 39 21 32 25  - 29  4 27 19  - 35  6 15  1  - 33  - 26 30 11 23 38  5 24  3  - 12 10 13  8 20 28  - 36 17  -  2
  8  - 40  - 19 36  -  -  6  -  - 39 18 27 38  - 10 13  2 23  - 16  - 29 15  -  -  9 32 11  - 37  1 34 33 30 17  3  7  4
 32 40 19 38 39  - 12 30 18 14  - 33  - 17 37  9 23  8 26  -  -  2  3 11 36 20 31 21 25 27  1 15  7 10  4  6  -  - 16  5
 14 35 39 22 31  9  2  - 21 15 37  3  5  1 26 17 24  - 36  8 34 29  -  7 25 18 40 13 33 38 16 32 10 11 23 12 28  -  -  6
 19  6 11  4 13 40  1 31 25  - 17 28 10 32  - 21  - 38 39 12 29 23  7  5  - 36 27 26 22 34 20 16  -  -  8 24 18 15 35  3
  - 14 17  -  2 21 27 36 39 28  - 12  1 34  -  - 22 25  9  - 15  4  5 37 24 38 19  8 40 33 11 31 26  3 35  - 32 29  - 20
 12 29 24 17 23  5 11 21 22 27 20 10  9  4  8  - 26 16  6  - 28 19 15 14 35  3  1 33 37  2 38 18 30 13 40  - 25 36 32  -
  - 16 29  3 38  - 34 22 26 13 14 40 30  -  9 19 31 32 12  -  1 15 33 35  -  2  -  4 27 21 17 25 36 23  5 11 24 10  -  -
  - 37  8 30 29  - 24 15 31  - 23 11 16 10 40  4 20 34  -  - 36 33 25 27  1 19 26 32 35 28  7  9  -  5  -  2 21 38 13 18
 26 24  4 28  5  - 16  - 14  1 38 15  - 31 13 35  8 30 23 18 40 27 21 19 32  - 20 36  - 22  2 34  3  -  -  7 37 11 29 33
 36 28  -  6 11  4 20 29 10 17  1 27 35  -  - 37  7  -  8 19  5 14 31 26 21  - 16 18 30 13  - 24  -  2  9 32 39 34 25 22
  2 21 27  7  - 31 26 10 34 20 19 36  - 29 18  8  -  4 28  5 32  -  6 39  3 22 11  - 12 24 23 38 15  - 13  - 14  9 33 16
 24 15 10 29 12 20  3  5  9 36 34 13 25 23 28 40 21 11  4 17  - 38 37 33 30  1 39 22  - 18  -  6 16  -  -  -  8  2 26 27
  -  7  6  5 35 25 38 26  -  -  - 14 13 39 36 32  - 29 27 11 31  8  -  -  - 28  4 10  - 30 37  3  - 19 24 40  -  -  1 15
 39 19  2  - 33 23  - 32 24  5 22 17  - 12  - 28 36 21  -  9 16 20 10 30 34 11  8  - 29 37  -  - 25 18  -  -  - 40  - 14
  - 33 15  8  7 38 29 13  3 11  - 32 26  - 17 16 30 12 10 20 18 21  -  -  6 25  - 28  -  5 22  2 39 35 27 31  -  4  -  -
 40 39 31  -  - 15 33  8 36  2 16 24 19 18 11  - 28  1 32 13 37  9 17 25 10 12 21 23 34  7 29  - 38 27 30  -  6  5  - 35
 25 18  9 31 20  2  - 35  - 24 36 34 14  7 33 38  3 39  - 27 30 40 28  6 29  - 15 17  5 23 32 19 37  - 11  - 10 22 12 13
 15  - 30 10  - 26 35 11  8 37  3 16  2  - 19  7 17 27 13 24 21 18  -  1 28  - 14 25  4 32  5 40 12 29 20 36  -  - 34 31
  1  9 32  2 36 35  - 34  - 12  - 38  6 25 39 23  - 20  7 16 33 31 26 18  5 27 30 14 11 17 15  4 24  -  3 10 29  - 37 19
  - 30 13  9  -  -  4  6  7  3 35 22 20 24  -  2  - 37 21  - 25 36 12  - 18  - 17 29  - 40 33 23 19 39 10 15 16 26  5  1
  - 36  - 16  - 28  - 27 32  -  - 23  -  5 20 13  4  -  - 40 19 22  2  - 31 10 29  6  3  - 30 39  - 26 38 33 11  8  9  -
  -  - 25  - 34 13 30  - 33 39  6  5 24 16 29 14 12 35 17 22 11 32 23 40 20  7 18  - 28 26 19 10  9  -  2  8  - 31 27 38
  -  2  1 13  -  7  5 18 17 16  4 21 33 30 15 31  6 28 40  - 23 26 19 20 11  - 36 24  8 39 12 35  - 38 14  -  - 37 10 34
  5  - 28  -  -  - 13  7 35 29  -  1 39 37 14  6  2 36 25  -  9  -  - 12 27 17 10 19 23 20 18 11 40  - 22 38 30  -  8 26
 21 25 12 15  -  3 23 33 40 18 39 37 11 20 10  1  -  - 34  - 17  7  -  8 16 29  5 30  - 31 35 22 27  9  - 13  4 24 28 36
  - 13 37  -  - 29 15 39  5 19  8  -  - 38 22 11 18  7 24 36 12  1 32  - 33  4  2 27  -  3  9 20  6 14  -  - 34 30 23 40
 16  1  5 25 28 10  9 17  - 40 18 30 31 15 27  - 13  2 19  4  -  -  8 38 26 33  7 35 20 36 39 29 32 37 34 22 12  - 21 23
 33 32 21 26  -  1 31  - 30  -  7 20  - 13  3  -  -  - 22 29 39 12  -  2  - 34  9 40 15 10 28 27 35  - 25  4 23  - 17  -
  - 26 14 19 24 12 32  1  4 23 40  2  3  -  5 25 33 10 37 38 27  - 35 36 39  - 34  -  -  - 31 17 11  - 29  - 20  6  - 30
  6 12 35 37 18 30 36  4 19  8  - 29 21  9 25  - 15 14 11  3  2  - 40  - 23 31  - 39 24 16 27 33 13 28  7  5 26  1 20 32
  -  - 33 40  - 19 18  3  - 21  -  9 27  -  4 29 11 31  -  1 14 13 38  -  - 35 37 34  - 25  8 12  5 32 36 28  7 39 15 24
  -  5 23 34  3 37 17 28 12  7  9  8 32 36 31 30 27 22 14 35 13 39 29 15 19 26 25 38  6  4 24 21 20 40 16 18  - 33  2 10
 27  - 18  -  - 34 40 23  -  - 30 31  7 26 16 12  -  5 29  6  - 10 36 24 22 13  3  2 39  9 21  8 28  1 15 14 35 25 11 37
  -  - 34 21 40 27 14 24 20 32 11 25  -  - 35  - 29  -  - 15 38  -  -  9  8  6 33  7 36 19  4  1 23 12 18 17 31 16  3  -
 34  8  - 12 25 33 10  - 15 31 29 18  - 19  - 27  -  9  5 28  7 35 39  - 13  - 32 11  1 14  6 26  4 24 17 23  2 20 40 21
  9  -  3 23 10 17  -  -  -  -  5  4 15  8 24  -  - 33  1  -  6  - 16  - 37 30 13 12 14 35 36 28 31 22 21 20 38  7 19 29
 29 27 36  1 26  8  7  2 28 10  -  6 23 11 32  - 39  3  - 14 22 24  -  4  - 16 35 20 13  - 40  - 34 30  -  9 19 21  - 17
 17 22  - 11  8  6 19 14 16  - 32  -  - 21  -  3  9 23 15  -  - 37 27 13  4  - 12  -  - 29 25 30  2 36  - 39  5  - 24 28
