1280
 20 31  -  8 10  5 30 28 11 19  1  2  - 24  9 12  -  - 25 39 17  - 22  -  6  - 26  -  7 27  - 13  - 37 38 35 21  4 18 33
  - 12  5 30 29 23 27  - 34 16 17 11  - 19  4 31 24 15  - 38 26  - 25 20 36 37  3 33 14  2 18  1  -  - 39 28  - 21 40 10
 35 25  9  - 34  3  -  8  - 26  5 38  - 40 23 36 32  -  - 30 22 11 15 39  -  -  6 16 10 31 21 37 28  4 18 27  2  1  - 14
  - 37  -  -  6 26 29 24  5  3  - 23  -  -  - 18 13 10  -  -  1 33  8 14 21  - 15  -  4 38 32  9 17  7 40  - 22 30 34 39
  2 40 25 36 17 11 24 18 22 15 33  7  4  - 14  9  8  - 12 31  -  -  -  1 20  6 19 13 26 39  - 21 34 28  5  - 32  - 10 29
 31 36 40 32  1  - 26 14 10  6  4 15 16 28  - 27 39 23 35 34 30 20 21 11 19 12 38  7 17 18  -  -  3 33  -  -  9 24 22  -
 37 27 14  - 33  7 22 21  2 20 28  - 23 26  6 16  - 17  -  5  3 29  -  4 35 13 34 38 11  8 30 36 31 25 10  1 12 32  -  9
 36  5  -  9  2  6 23 38  4 17 19 10 25 37 32 39 11 40 14  -  8 12 16 26  3 22  7 31 30  1 29 34 33 21  - 13 15 18  - 28
 18 20  - 40 32 31 25  1 16 13  3  4 36 30  -  2 34  6 26 37  - 22  -  -  9 24 11 35 38 19  8 29 12 10 23 14 33 15  5 17
  4 19  7 26  - 32 11 29  - 39 23 24 10  5 34 40  - 14 31  -  -  3  6 13 33  -  - 17 18 12 37  - 21  1  8  -  - 28 15 36
 29 35  - 37  -  1  - 10 39 36 32 31  6 16  2 13 27 21 15 20 25 18 26  9  7 38 33  - 12  - 22  5 30 19  4 24  8  - 28  -
 13  - 16  - 24 39 38 22  - 11 37 12 28  - 40 15  - 25  - 14 10  4 36  7  2 23  5  1  - 33 31 17  - 32 34 18 35  - 19  8
 14 39  -  1  3 12  5  - 31 25 20 19 21 18 22  4 17 16 32 24 11  -  - 30 29 35  2  -  - 15  - 28 40 38  6  - 23 13  8  -
  7  9  8 28 16 33  - 30 14 32 22 13  3 10 36 11  6  -  - 26  -  -  - 18 40  4  - 29 25 35 17 12  5 23  1 39 24 37 27  2
 34 17 12 24  -  8  7 25 33 40  - 27 19  - 20  6  - 38  3 21 35 31 18 36 39  - 28 23 32 16 11 22 14 29 15  4  -  9 37  1
 15 33 38 29 20 34 35  6  3 21  -  -  5  4  7  8 31  -  - 19 24  9  - 23 16  -  - 22 13 10 27  -  - 36  - 17 28 40 26 30
 16 30 37 21  -  2  - 35  6  5 26 28 13  - 33 19 20 31 34  - 18 39  7 38  4 29 10  8  -  - 23 32  9 24 11 25 40 12  3  -
 26 24  -  - 28  -  6  -  - 29 25  1 37 33  3 20  -  -  7  9 14  -  -  8  -  - 16 30 22 21 38 40 23 31  2 12 13 19 32 11
 12  -  1 10 18 19 37  -  - 34 13 30  -  6 24 38  - 20 39  - 33  5  - 32  8  3 14  4 36 28 40  -  -  9  - 21 16  -  -  7
  5  3 39 17  -  4 13 12 40  1  -  -  2  7 30 10 21 18 27  8  9  - 28 19 14 15 22 24  -  6 26 23 38 34 25 33 37 16 29 35
 33 21  - 25 37 14 39  9  8 24 35  - 32 13  - 17 28 22  2  - 12 34 38 31 30 26 27 18 15 29  5  7  -  - 19 11 36  -  6 23
  -  - 32  5 27 30 21 34 36 28 39  9  -  3 19 29 22  -  -  7 40  6 12  2 37 33 35 20  8 26 24  4  - 18 16  -  - 25 38 31
 21 10 11 16 22 38  9  -  -  7  - 33 30 36 35 14  - 39 17  6 13 27 20  - 26 32 37  2 31  3  4 24  - 15 28  8 34 29 12 19
 38 13  - 31  - 15  4  3 37  -  8 14 24  - 27 26  -  5 10  - 28 23 11 35  -  - 40  -  1 32 39 33  - 12  - 19  -  6 36 21
  - 38 36 14  5 13 10  - 30 35 27 25  8 32 18 34 33 24 11  4 31  2  1 15  - 21 17 28  9 22  3 19  - 20  7 29 26 23 39 40
  1  - 18 11  -  - 36  2 26 27 14 29  - 12  8 23 38  3 33 32  5 19 30  - 10 40  4  9 28 37 13 20 22 39  - 31 17 34 25  6
 22  4 13 15 39 20  - 26 18 14  6 21 12  - 38 35 25 32  8  -  -  - 31 40  -  9 23 27 16  - 28  - 37 17 33  - 19 10  7 24
 19 23 35  - 38 27 18 16 15  4  9 22 39  8 21 24 14  7  - 29  - 37 10 17 28 34 20  5 33 13 12  2  - 26  - 30  - 31  1  3
  8 34 30  - 15 28 16 33  - 23  -  6  - 21 10  3  1 35  4 12 37 40  - 24 22 11 18 39  -  - 20 25 36  2 31 26  5 27 17 13
  3 18 21  2 31 24 17  - 35 10 34  8 33 22  - 32  - 37  - 40 15  -  4 12  1 19  -  -  -  -  9 16 27  - 20  - 30  - 11  -
  - 29 15 13  - 37  -  4 23 18  2 16 11 20  - 28  3  1 19 36 32 10 33  5 24  -  8  - 39 17 35 38  7 30  9  6 27 22 21 12
 10  8  4 39 19 18  - 23 28 38  -  3 17 27  - 37  2 33  - 22 21 14 35  6 13 25  1 32 24 20 34  - 29 16 26 40  7 36  9  5
 23 16 19  - 14 40 12 32  - 31 24  - 35 39 13 25  7  2 22  3  6  -  5 10 34 28  9  - 21  4  - 27  1 11 36 15 20  8 30 26
 28  - 27 34 35 22  8 39 32 30 15  - 26  -  -  5 18 19 20  - 29 24 17 33 23 36 12  -  2 25 14  -  -  - 37  9  - 38  4 16
 27 28 20 23 25 16  2 19 24 33 21 26  9 11 17 22 12 30  6 18  - 15 13 37 38  - 39 40 35 34  - 10  8  5 29  3  - 14 31 32
 30  1  6 12  8 17  - 20 19  9  -  - 40  -  -  7 37 28 36 13 27 35 23  -  - 10 32 25 29 11  2 18 24  3  -  - 39 26 14  4
 24  - 29 22  -  9 40  - 38  2  - 34 20  1 31  -  -  8 28 17 16  7 37  - 27 39 21 12 23  -  -  6 11  - 14 10 18  - 13 25
 40  - 22  3  4 21  - 31  9 12 10 18  -  -  - 33 36 29 23  - 19  - 34  - 32 17 24  -  5 30  1 14 39 13 35 16 25  7  2 20
 39 14  -  4 12 36 32 40 27  -  7  -  1 23 11 21 19  9  - 33 38 17  - 28  -  - 29 15  -  - 10  3  6 22  - 20 31  5  - 18
  - 22 17 33 30  -  - 11 12 37 38  - 18 14 29  1 10 26 21 23 39  - 24 34  -  8 13 36  -  -  6  - 19 27  3 32  4  2 16 15
