1280
  - 10  - 39 16 36 11 35 33 34 27 40  - 20 17 24 13  -  7 22  5 32  - 30 31  -  - 12 19 37  1 21  8 26 29  - 28  -  -  4
 31 28 39  1 14 33  - 26 37 35 30 18 23  7 22 11 40  - 15 29  -  8 38  - 12  4 10 32 16  - 25  5 34  2  3  9 19 17  6  -
 20 11  -  8 21  -  - 32 25 27 35  6 18 22 10 13  -  1  - 12 19  3  9  - 39 29 31 38 40 33 16  - 17  5  7 24 23 34  4 28
  - 18 28 34 22 21 19 11 36  -  - 13 35 33 32 25  - 24 20  4  9  7  - 14  2 26  8 23  - 17 40  6 30  1 31 37 38 39 27  -
 12  - 26 21 38 17  6  5 35  -  - 20 24 31 29 37 23 25 18  7  3 10 13 40 28 34 30 19 15 11  8  1 36 33 39 27 32  -  2  -
 14 40 13  - 28 30 27 12 17 21  1 26 29  8  5 18 32 16 11 35 36  6 31 24 34  7  - 25 23 19 39 37  2 38  9 15 33  4 10 20
  5 35 37  -  - 12  -  1 28 17 32  9 30 38 21  2 26  4  - 18 10 25  - 22 15  - 33  - 31 27  3 24  -  6 36 20  -  7 14 34
  - 39  - 11  3 38 35  2  4 10 19 15  - 24  - 32  - 31  - 14  - 40 17 34 27  - 37 30  7  5 29 23 12 22 26  - 13  - 25 18
  - 27  3 22 39 37 32 13 23 33 10  - 34 40  1  4  - 11  - 36  - 38  2 15 29 19 17 18  5 12 31 16 26 25  - 35 20 28  9  -
  - 24 32  - 23 35 18  - 10  -  - 25  7  - 14 33 29 37 31 40 12 34  -  1 30 20 27  9  - 26 17  - 15 19 28  6  -  - 36  8
 35 29  2 16 13 25 20 30 21  6  -  5 31  3 24  1 15 18 28  8 17 19 33 37  - 36  7 14  - 39  9  - 11 12 10 22  - 26 34 38
 36  -  -  5 32 15  9  3 30 18 37  4 39  - 40 38  - 17 12  2 20 31  - 13  6 33  -  - 34  1 11 25 22 10  - 26 29 14 24  -
 16 30 29 14  - 34 31  4 40  -  9 36 25  5 37 22 11 26 19 23 39 28  -  - 17  -  6 27 21 20  - 12  -  - 18  3 10  1 32  -
  -  -  - 28  - 39 26 24 12 15  2 38  - 37 33 35 22 36  4  3 29 17 40 10  5 30 25 20 14 16 21  9  - 34 23  7  8 18 11 31
 32 20 35  4  1  3  2 33 13  -  - 39 21 30 12  - 31  5 17  6 22 14 27 26 11  9 19  - 38 15 24  7 10 36  - 29 18  - 37  -
 11 38 17 18 12  - 23  9  1 26 28  3 37  4 15  - 24 35 34 21  8 22 30  - 19 25 29 16 27 14  - 32  5 20 33  2  6  - 39  -
 40 25 21  9 10 24 33 16  7 20 22 32 13  - 39  -  1  8  2  - 15 12 26 28  -  -  4  6 30 18 27 19 37  3 35 34 17 23 29 36
  6  2 18  -  -  9 34  - 16 11  3 14 15 21  8 40 25 20 37 38  - 39 12 23  - 27 35  - 24 10 19 17  4 28 22  - 36 13  - 33
 26  - 33 38 29  1 10  6  9  4 31 35 17 11 23 21  - 34 36 27 28 13 15  - 24 14  5  2 25 40  7 20 39  8  - 19 22 32 16  3
 30  5 31 32  -  2 14 23 18  -  4 19  - 26 36 39  - 12 10 17  - 27 20 29  9 40 28 33 22 24 15 38  - 11  6 21  - 37 35  -
  - 34 30 15 33  5 17  - 14  3 21 16 40  2  -  -  9 28  -  -  -  - 36  - 22 39 26 37 35 25  6 10  -  - 27 11 12 24  -  -
  -  9 14 36  - 11 24 19 20 31 16 28  5 29 13 17 39 21 35 32  -  4  6 27  8 10  2  - 37  - 18 22 40 23 25 12  -  3 38 26
 10 26 19  - 40 13 22 36 31  - 18  - 27  -  3  - 14 29  -  - 37 24  1 39 25 16 15  7  - 34 38 28 20 30  -  8 21  - 12  -
  4 32 12  -  -  6  - 34  -  - 20 10 16 25  - 28  - 33  9 26 38 21  7  -  -  1 14 39 17  2 22 18  3 35  -  - 37 31 15  -
 37  1 25 10 34  - 38 18  2 36  7  - 26 27 28 14 12  -  - 24  -  5 29 33 23  - 16 15  6 22 20 31  - 32 21 39  - 30  - 11
  - 16  - 31  - 18  -  - 26  7 29  - 11 39  9 10 35 13 40 37 23 30  3 19 21  5 12 22  2  - 34  -  - 24 17 28  - 36 33 15
  - 33 22 27 18  - 12 15  3  - 25 37  - 36 26  6 17 10 30  - 11 20 21  2  7 32 23 24 29 38  4 34 35 39 40  5 31 19 13 14
 22 23 11 25 37  -  - 17 29 39 13 12  4 35  - 19  - 32  3  9 24  - 28 21 10  6 36 26 20  - 14 27  - 31  2  - 16  5 40  1
 21 15 16 12 24 27  -  7 38 25  6  - 19  1  2 23 28  - 14 10 34  9 35  - 40 37 32  -  8  4 36  - 33 18  5 17 39 11 20 22
  - 21  8 19 15  -  - 28  5 23 39 27 12 10  7  - 20  - 22 11 25 16 34 38 35  3  - 29  -  6 32 14 31 40 37 30  9 33  1 17
  -  6  - 37 26 22 39 14 34  -  8 31 32 13 30 15  4 19 27 33 16  - 18  3  1  - 20 10 36  9 23 29 21 17 11 25 24 38  7  5
  8 12  - 35 31 28  - 39 27 37 38 22 20  -  -  -  -  - 32  - 30 11  4  -  - 23 40 17 18  - 26  -  -  - 14  -  1  2 21  9
 19 13  5 33  - 32 28 10 15  9  -  2  6 34  -  -  -  -  8  1 21  -  - 17 18  - 11  4 26 31  -  3 25 37 38 14 40 20  - 39
  - 31  -  - 27  - 15 38  -  5 26  - 22 12  -  -  - 23  1 39 35 36 32 11  -  -  9 21 33  -  -  4  - 13 34 18 25  6 28 19
 18  -  4 13  8 10  7  - 19 29 33  - 38  - 35 31  - 14  -  - 40 23 37 25 26 28 39 34 12  3  5 11 24 27  1 32  2 16 22  -
 17 36 23  7  4 29  8 22 32 16 40 11  - 28  - 34 38  3  - 19 27 26 10  6 14  - 24 31 39 21 35  2  1  9 20 13 30 12  - 37
 33 14  9 17 36  -  1 37 39 19 11  7  - 18  6 30 21 22 38 25 31  2 23 32 16 24 34  8  - 13 12 35 27  4 15 40  -  - 26  -
 29  - 36 23 11  -  3  8  - 14 12 33  2 15  4  -  - 38 24 30  - 37  5 16 20 13  1  -  9 28 10 39 18 21 32 31  -  - 17 25
 15  3 10 24  - 23  - 40  -  - 17 34 36  6  -  -  7 39  5  - 32  -  - 12 37 31  -  -  4 35  2 33 28 29 19  - 26 27 30 21
 27  7 34  - 17  -  5 25 11  - 24  8 10 32 31  - 37  - 39 16  2 33 22  9 13 18 38 36  1 23 28 15 19 14 30  - 35  -  3 12
