1280
 26  - 15 28  7 22  3 16  4  8 14 11 17  - 30  -  2 24 21 12  5 40 38 29 27 23 34  9 19 39  - 31  - 10 25 20 32  - 13  6
  - 22 36  -  -  7  - 15 35 19  2  - 33  -  9 34 28 37 17 24  - 23 16  - 32  8 13  - 14 20  5 27  - 31  3 25 12 11 18 10
 34 10 27 32  - 28 33 19  -  - 35 26 36 31 24 13  6  -  2 40  9  - 22 21  - 30 39  7 12  4 17 16 23 11 38 15  3  - 25 37
 10  3  -  8  -  -  -  9  7 25 19  1 20 35 27 22 17  - 23 32  - 16 18 24  5 31  - 40  -  -  2 30 36  4 14 28 34 37 26 33
 14 26 35 23  - 32  -  -  5  - 29 34 16 15 11  - 22  -  - 25 24  9 37 19  - 38  - 31 30  -  8 21 33  2 20  -  4 28 10 12
 37 17 11  4 28 26 27  2 10  -  1  -  - 29 32 21 25 13  3 33 35 22 19  9 39 40 36 12  5 18 31 24 20  8  6 23  - 34  7 38
  -  7  6 24 23  - 14  - 39 20 32 40 21  9 25 38  8 33 36 13  - 29 11  3 17 22  -  1  4 35 26 18 28 30 19  2  5 12  - 34
 18 32  7 14  - 31 25 39 36  5  4 15  3 38  1  - 10  - 37 34 22 26 35  -  - 29 17 28  8 40 16  2 13  -  - 24 33  9 12  -
 24 40 23  2  -  1  6  5 13  - 16 31  - 39 21  - 19 34 12 35 36 37 30 26  -  -  7  8 11 33  - 25 15  - 17 29  -  3  9  -
  - 12  1  - 21 19 15 32 18 31 40  9 37 22 36 11  5 27 16 28 29  8 17  6 38 24 33 20  3 23 14  - 26  - 34  -  -  -  - 35
 33  8 38 22 30 11 26 20  -  3 36  -  -  2 13 16 12  - 39 17 18  -  1 27 40 32  - 10 15 34  - 14  - 29 31 19 35 21 23  4
 28  9 14 13 34 23  - 31 32 35 37 10  - 21  - 33 30  -  4 22 39  7  5  - 29  - 40 15  2 25 38 19  8  3 16 27 18 20 11 26
 35  - 25 18  -  2 12 30 26 23  -  3  8  - 40  - 16 20 19 21  - 31 33 14 36  1 22 37  6 17 28  7  4 38 39  - 10 24 15  5
 36  - 24  - 31  5 23 40 27 26 22  2 29  -  -  - 37 28  -  - 15 13  3 17  - 25 21 34 32  - 19  -  1 33  4  6 38 18 16 20
  - 20  8  - 10  3  -  -  2  -  -  7 34  1  - 40 21 38 31 18 25 27 36 28 12 16  -  5 23 32  - 17 24  6 29 26 13 14 33 19
 15  2 21 25  1 33 35  8 16 13 34 24 32 12  -  -  9 36 28 27 23 17 14 39 20  6 31  - 10 38 40 37  7  5 30  4 26  - 22 29
 23  - 28  5  4 10 34 38  - 39 24 18  9 25 16  - 31  -  6 30  8 32 13 35 26 15 29  3 27 37 21 22 19  7 36 33 14  2 20 40
 40 15 37 20 25  - 16  - 21  4 33 27 26 28 38 17 32  8 22  -  2 34 29  -  -  3  - 13 35 31 11 10  5  1  - 36 19  -  -  -
 32  - 16 19 38 18 30 27  -  - 11  4  -  8  6 10 20  -  - 37  - 24 40 15  9  -  1  - 28  - 13 29  3 17  - 35 22 25 34 23
 30  - 10 36  - 24 28  1  - 37  6  - 15  - 34 32 35  - 40 26  3  - 12 33 31 19  - 29 17 27 39 20 11 22 21  5  7 13 14  2
  6 13  3 17  9 39  7  -  - 10 18 38 31 40 23 29  - 35  1  4 19 21  2 36 16 27 28 22 26  5 33  - 32 14 37 34  -  8  - 25
  3  6 22 38  5 30  - 17  9  7 39 25  - 18 19 27 33  - 24 20  4 10 26 11 28  - 37 23 31 12 36  - 16 34 32 21  2  - 29  -
 16 21  -  9 22 17  - 28 20 27  - 29 18 19  8 31 14  5  - 38  1 11  - 13  -  - 10  - 33  7  3 15 34 40 35 39 24 23 36 32
  1 24 18 26 39 35  - 36 38 33  - 12 11 20  2 30  3 23 34  5 31 28 27 37 14  9  4  - 22  - 15  - 29  -  -  - 25 32  - 17
 11  - 17 34  -  6  2 14 22 12 26  -  - 24 10 15  4 40  - 29  - 25  7 18 35 13  3 39 36 30  -  8 31 28  - 37 23 27 21 16
 20 34  2 29 26 14 13  -  - 32  7 21 38 33 28 25 18  3 11 31  - 15  -  5  -  - 23  4 24  - 30 39 40 36 12 17  - 35 27  -
 39 23 20  -  -  - 31 18  3  9  - 33 10 36  -  -  - 11  7  6  -  -  8  4 19 17 26 21 38 28 22  5  -  -  1  -  - 40  -  -
 27 35  -  1 16 40 32  4  8 34 23  6  - 26  - 24  -  - 38  - 28  -  - 31 13  7 30 19  9  - 25 33 22  - 10  3 21 36 17  -
 19 38  9 12 40 36 29  7 11  6  - 14 28  -  - 26 23 22  -  2 37 18 21 34 15 10  8  - 16 24 32  3 25 20 13  -  1 31  4 39
  8 36 32 33  2 15  - 34 24 40  9 13  - 14 29 37 27  7 25  -  -  3  -  - 23 11  - 30  - 19 12  - 35 18 22 31 16 26 39 21
  - 28  4  3 17 34  - 25 30 24 15 39 40  5  - 23 29 32 27 19 21 12  9 10 33 26 35  -  -  2  6  1  - 16  8  7  - 22 31 11
  9  - 40 37  3 27 21 12 14 28 17 36  -  6 20  5 38 16  - 39 11 19  - 25 30 18  - 32 34 22  7  -  - 26  2  8 31  4 35 13
 22  5 13  - 37  - 24  6 23 36 28 35  - 34 39 20 15 10 18  9 33 14 31 32 11 12 16  2  7 26  4 38 30 25 40  - 17 29 19  3
  7 25 19 30 35 38 17 37 34 14  -  -  - 13 26  2 36  - 15 23 10  6  -  8  1  -  - 18  - 29 27 11 21 24 33 12  9 16 32 22
  -  - 34 31  -  4 18 24 40  1 21  8 19 10  - 12 39  2  - 11  - 30 23  -  3  5 32 35 25 36 37 26  -  9  - 22  - 17 28 15
  5 37 31  - 36 21  8 13 12 16 20 22 25 27 18  - 26  4  9 15 14 33 32  -  2 39 19 24 29  - 34  - 17  - 28  - 30  -  1  7
 12 31 30 10  - 25  9 29  6 21 27 28 22  - 15  -  -  -  8 16  -  - 24  7  4 34  -  - 37  3 20 13 14 39 26 18  - 38  5  -
  2 16  5 39 24  - 37 33 29  - 10 20 23 30 31 35  7 19 32  -  -  4 34 22 25 21  6 17 13  8 18 36 12  -  - 14 40  1 38  -
 17  -  - 11  - 37  5 26 33 18  - 19 30  3 22  4  - 15 14 36 32  1 10  2  6 35  - 25  -  - 29 34  9 23 24 16 28  7  8 31
 38 18  - 27  - 20 22 21 37 11 31 17 35  7  -  8 13  -  5 10 30 36 39 40 34 28  - 14  1 16  - 32  2 12 15  9 29  6  3 24
