1280
 11 24 32 17 22 31  2  - 36  8  - 25 26 12 29 34  -  - 23 38 39  3  -  4  - 10 28  - 20  - 33 16 15  -  9  6  5 27 40 21
  - 39 14 15 13  - 12 18 17 27  5 20 38  - 35 36 31  6  7 21  2 34 11 37 28  4  9  - 19 22  1  8  3 33  - 26 40 25 32  -
  5  7 40 20 32  8  9 38 15 12 23 34 39  -  - 25 28  3 30  -  4 21 13 27 31 26 35 22 11  -  2 24  1 10 18 29 17 36 19  6
 31  - 12 14 24 26 15 39 38 32 21  - 37 34  -  - 11 17 18  3 10  - 40 20 19  - 27  - 16 28 22  - 13 36  8  5 25 29  1 35
 32 34 16 38  - 19 14 12 40 20 11 29 35  - 36 39  - 30  -  7 25  8  9  - 27 17  -  5  - 31  - 33 22 23  - 10  - 13  3 28
 36  - 18 10 30 37 40  1 28  -  2  - 24  5 23 33  3 16  4 25 22 32  -  7  9  8  6 34 27 11  - 38  - 20 29 14 13 12 31 15
  - 15  - 28  -  6 27 24  8 40 25 22 21  7 20 31 12  2  1 11 23 38 34  -  3 36  -  9 17 32  - 35  5  - 19 30 18 39  - 33
 20 14 31 40  9 35 16  2  - 10 28  - 22 15 17 26  7  5  3 36  - 13 30 38  - 19  -  6 33 18  - 39 12 11 25 24 23  1 27 37
 17 30 33  8 27 16  -  - 39  3  -  1 20 19  7  5 22 13  - 23 38 12  -  9  - 15 29 18 36 37 28 14 21 40 34  4 32  - 26  -
 37  -  9 12  -  1  5 32 13  - 16 35 29 26 18  8  - 25 22 39 36 19 10  - 14  2 24  - 28 27 11 40 20  -  4 38  3  - 21 31
 39  8 38 34 11  - 21 20  2 16 33 10 30 31 24 14 40  9 35 26  - 36 32  6  -  5  - 17 18 12  -  - 23  -  - 25 37  -  -  -
 22 11 26 35  5 40  8 17 32 23 29  - 34  - 31  4 30  1 37  - 16 28  - 14 13 21 33 12  6  -  7  3 10 18 38 15 19 20 25 24
 34 21  - 27  -  9  -  - 23 33 18 11 40  2  -  -  1  - 14  - 31  5  4 32  - 29 25  3 35 13  -  - 28  6  -  7 15 37  -  8
 26  - 29 18 19 30  -  -  -  - 32 14  3 35 27 20 15  - 28  9 21 25 23  -  - 22 13 11  1  - 38  5  -  7 33  -  - 34  -  -
 23  -  8  5  1  - 32  - 25 37  -  7 28  6  - 17 27  - 29 13 12 16  - 40  2 38 36 35  - 19  - 20 11 24 39 18 33 31 30 14
 14 31  - 23 26 11  -  -  -  - 38  4 36 37  3 32 33 20 25  - 18  - 29 24  7 13  - 16  8  1 19  9  - 12 22 40 27 17 15 39
  7 19 36  - 31 33 25 13  4  - 35 38 16  - 30  3  8 14 21 12 11 15  - 10  -  - 32 40 29  2  - 34 26 27 17 39  - 22 28  5
 13 40  3 26 20 38 37 28 27 25 34 32 12 10 11  2 24 23  - 33  1  6 21  - 16  -  5 31  -  7 39 19 35 17 15 36 30  4  - 18
  3  5 17 29  - 18  - 34 11  2 22  -  6 27  4  -  - 32 15 24 37 31  - 39 26 40  7 30 23 38  - 12 33 19 20  9  8  - 35  1
  2 32  4 16  -  - 20  9 34 35 10 39 18  - 15 27 38 31 40 19  3  1  8 12  - 28 11 29  - 23 25  6 30 14 36 22  7  5 37  -
  1 36 15 30  6 28 26 33  9  - 20  5  7 11  - 16 29 37 27 14  - 23 19 35 40 25  - 21 39  3 13 31 17  - 32 34 24 10 38  4
  4  - 35 13  - 32 31  6 18  -  - 24  -  - 39 12  5 40 33  2  9 10  3  1 21 16 22  - 30  8 15  7 37 28 11 27 34  - 23 19
 21 33  - 19  4  - 10  - 35  1 12  3  8  -  6 38 18  7 36 34 26 40 22  - 15 31 39 37 13  5  9 11 29  - 27 17  -  - 16 20
 12 38 25  2 36 39  3 15  - 11 37 27 13 22 40 28  -  4  - 10 29 18  - 33 23  - 20 24 14 35  5  -  - 30  1  8  9  -  - 17
 28 13 20 11 10 23  - 25 33 31 27  9  5 14  8 35  -  - 39 18 30 22 24 16  1 34  3  7  2  - 40 29 32  -  6 21  4 15 17 12
  - 28  -  9  8  - 29 37 20 24 17 15 23  3 14 18 21 10 13 35  6 39 33 11 34  - 26  1 40 25  4 22 38  - 31 19  -  7 36 16
 18 16  -  3 28  -  7 22 14 26  9 19 31 13 10 37 25 29 12  1 27 35 38  5  8 20 17 32 15  - 24 30 39 34 40  2  6 23  - 11
  8 22 10 39  3 27 13 36 30  4  6  - 15 38 21  -  - 34 11 40 14 29 12 25 17 18  1 26 31 33 20  2  9  5 28 16 35 19  7 32
  6 23 37  4 39 21 36 16 19  - 13  8  -  1 26 29 14 27  9  5 28 33 20  -  - 12 34  - 25 40 32 18  7 31  3 11  - 24  2 22
  - 12 34 21  7  - 33  -  5 13 36 37 19  9  - 11 26 28 20 31 40 24 27 22 18 39  4  8 10 15 23 17  2 16  -  -  - 32  6  -
 40 37 24  1  2  - 35  3 31 22  8 18 14 17 33 30 20 36  -  - 13  -  -  -  5 11  -  -  -  - 26 25  -  - 12 28 16 38  - 29
 15  1  2  - 34 17 39  -  - 29  -  - 32 20 13  - 35 18 31 22  -  - 28 23 36  - 40 27 12 24  -  4  - 38  7 33 21 11  5  3
 25 18  6 31 33  - 23  5  -  -  - 28 11 30 22  7 19  8 38 20 35  4  - 21 29 24 37 36  3 39 27  - 40  -  2  - 10 14 13  9
 38 25  -  - 35  5 30 23  7  -  3 40  4  8  1  - 34 24 17 29 15 27 31 28 11  -  - 19  - 21 36  -  6  2  - 20 22 18  9 13
  - 20  7  - 15  - 18 27 10 21 24 13 17  -  2  1 39 19  -  4 33  9  5  3 38 32 31 25  -  -  - 37 36  - 35 23 11 40 29 34
 29  9 28 36 40 34 11  - 12  - 19  -  2 25 38 23  4 26  6 17  5 37  1 13 32 35 18 39 24 20  8 27 16  - 10  3 14 33  -  7
 10 27 11 24 16  7 22  4  1 19 15 17  9 21 32 40 23 33 26  - 34 20  2 31 25  3 30 38  5  - 35 28 14  -  - 12 39  6 18 36
 33 10 27  7  -  -  4  -  -  - 26 31  1 40 19 21  9  -  -  - 24 17  -  - 12 23 16 28 38 36  -  - 18 35  - 13  2  3  - 25
 19 29  - 32  -  4 34  8  3  -  -  - 33  -  -  -  6  -  2  - 20  - 16 15  - 27 38 13  - 17 31 10 25 39 21  - 26  9 24 23
  9  - 19 33 37  -  -  - 22  - 39  6  - 18 28 15 16  -  5  - 17 11  -  2 20 14 23  4 34 10  3 13 24 29 30 31 36  - 12 40
