1280
 34 16 26 13 21  - 25 29  - 10  -  - 19 37  1  -  -  - 33 40  4  - 24 39  -  5 35 14  -  2  3 30 38  - 36 27 32 18  -  8
  - 19 40 35 22 25 37 27  -  9  6 20 21 34  5 13  - 23 26  - 38  7  2 10 36 12 14 39 17  1 11 33 18 29  8 31  3  - 30 32
 27  8 19 37  - 21 11  - 28  6  1 22  - 26 20 14 18 35  - 34 17 24 33  3 29 38 39 23  -  - 25  4 32 30 13 40  2 12 16 15
 15 29 21 16 27  2 22 20  - 18 37 26  -  - 25  9  5 13  3 14  - 28 23 32 40 35  -  6 24 11 36 31 39  4 17  -  1  -  - 30
  6  -  -  -  5 37  -  7  4 14 40  - 25  8 26 19 29  9 13 16 21 38 22 20  - 10  2 11  3  - 17  1 34 31 24 18  - 32  - 28
 35 20 15 32  -  - 21  -  3 29  -  - 26  - 19 38 22 31 39 37 14  8 10 18  1 36 24  5 27 34  - 16 23  2 40  6 11  7 25  4
  9  - 13 34  -  8  - 37 39 30  7  3 35 15 10 22  6 19 31  2 16 21 20 40 25  - 28 18  4  -  - 24 29  - 23  - 14 26 36 11
  7 33  9 38 16  -  5  - 36  3 24 15 11 39  -  - 26  - 22 10  2 19 28 37 31 13  - 20  8 18 35 34  -  1 12  -  - 29 32  6
 12 10  3 26 24 40 20 15 30  - 22 14 29 28  -  1 35  -  5 11 34 18  4  - 19 25  -  -  6  -  - 39 27 21 37 13  9 38 23 31
  - 11 29 23  - 27  1 36  2 26 16 38 32 10 14 40  7  -  9 30 13 15 19 17 12 28 31 24  - 35 21  -  - 39  6  -  8 20 18  -
 20  2  1  3 25 10  6 14 15 21 29  - 27 30 35  7 12 26 38  8  -  9 17  - 33 34  - 36 13 28 24 32 11 23  -  4 40 22  - 16
  -  7 10  1 34  - 12  -  5  8 13 21  9 29 16 26  - 24  6 32 30 14 38  2  4 11 17 37  - 33 18 35  - 20  3 19 28  - 31  -
 16 35  - 19 23  - 26  3 17 22 32  -  8 11  2 34 13  6 29 27 15 31  7 36 24 14  9 33 30 40 20 37  1 28  4 10 25 21 38  -
  - 13 28 33 40 29 27 24  8 16 38  - 23 25  4  -  1  - 37 19 32 17  3 12  - 18  - 10 20 31  6 36 35 15  5  7 34  2 26 21
 28  -  -  9 35 20  -  - 37 40 15  6  3 18  7  - 39  5  8 38 19 27 32 11  -  - 25  2 34 16  1 21  4 12  - 23 10 13  - 22
 25 27 36 28  1 23 40  - 38  -  4  5  - 32 31  - 10  - 30 24 11 37 13  6  8  2 12  9  - 21 16 29 20  - 22  -  - 17  3  7
  2 14 17 25  - 32 31  - 23 38  8  7  - 21 22  6  3 36 10 26  -  - 27  -  - 24  1 29 39  9 40 12  -  - 28  -  - 19 34 37
 37  4 25 27  - 35  - 12 33 36 34  8 13 14  - 30 17 38  - 21  3  - 15  5 20 31  6 19 32 23  7  - 28 16 11 39  -  9  1  -
  5  3 32 17  -  6  - 21 18 23 10 29 20  1 38  8 37  -  - 22  - 36 16 27 15 40 11 12 31 39 34 19  9  - 30  - 33 25  2 24
  1  6 20 11  - 26  2 28  -  -  - 35 30 23 15 33  9  - 36  7  8 40 37  -  5 19  - 31 12 17  -  - 24 22 16 29 21 34 13 38
 17  -  - 20 31  7 24  - 11 34 21 16 14 12 27 25  4 18 35  5 28 32  8 33  - 15  3 38 40 29 10 23 37  6  9  - 30  - 19 13
 40 38 30 22  6  3  - 23 34  - 36  2  - 20 24  5  -  1  - 13 39 25 21  4 32  - 10 17 11 14 12  - 31  8 18 28 26 27 35  9
 33 32 18 39 37  9 36 35 13 24  - 12 40 27 30 23 14  - 34 20 26 10 11 15  3 22  7 25  -  -  - 28  5 17 21  1  -  -  8  2
  -  5 39  2 28 18  - 22  - 33 35  - 37 31  8 20 11  4  - 36 10  - 34 19 26  -  - 15  -  7 29 25  6  3  1  9 38 24 21  -
 26 18  - 40  -  - 34 33 32  4 23 27 24  6 13 21 36 12 28 35  9  3  5  1  2 20 19 30 14  8  -  -  - 10  - 16  7 11 22  -
  -  - 37  8 29 24  - 18 14 32  3  - 10 22 12  - 34 20 11  6 40 26  1 13 21 23  - 16  7  4 33 27  - 36 35 25  5 28 17 19
 29 37  4 36 38  1 13  5 20 15 25 24  6 17  3 32  2 16 27 12 33  -  9 34 23 21 22 40  - 10 31  -  8  7 26  - 19 14 11 35
 22 17 14 10 20  5  -  8  -  -  2 40 28 35 11  - 25 34 19 31 23 33 39  - 38  6 15 13 36 30 27 26  7 32 29  - 37 16  4  -
 38 30  -  - 26  - 19  - 31  7  - 10  1  5 29 16  8 15  -  3  6 35 40 23 37 17 36  -  2 13 32  9 33 25  - 14 22  - 24  -
 13 28  6  4 36  - 18 16 25 19 14  -  7  - 21 24 33 10 20 23  -  1 31  9  -  8 37 32 29 26  - 40  3 38 34 12 17  -  - 27
 24 22 27 31  7  - 30  9  6  -  - 37 12 33 39 10 40 11  1 17 25 29 18 35 16  4 13  8  5  - 28 15 21 34  - 38 23  3 14 36
  - 24  - 18  - 33 23  - 22  -  - 39 17  - 40  - 21  -  - 29 31 34 14  -  6  9 16 26  1 19 15  8 12 11 32  - 13  -  - 20
  -  - 22  - 19 31  - 25 35 11  5 23  4 38  - 17 32 40 24 33 37  2  -  7  - 39 29 34  - 12  9 14  -  - 15  - 27  - 20  -
 30  - 35  - 13 11  4 38 10  -  - 34 31 16  9 29 24 25  2 15 27  5 36 22  -  1  -  - 18 37 14  - 19 26 33 32 20  - 40 39
 10 23  - 24 15 16 14  4 29 28 33  -  2  3  6 31  - 21 17  9  - 11 26 38 18 37 20  -  - 25  8  - 40 27 19 22 12 36 39 34
 32 34  - 15 17 14 38  2  1  5 12 25 39  - 37  4 20 27 16 18 29  - 35  8 10 26  - 28 33  -  - 22  - 19 31 11  - 30  9 40
 21  -  -  6  - 13  9 32 16 31  - 28  5 40 34  - 23 39 14  4  - 20 12 26  7  3 18 22  - 24  - 17 30 35 38 15 29  1 27 10
 19 39 11  5  - 34  8  6  - 27 30  4  - 13 36 37 38  2 32  -  1  - 29 24  - 16 33 35  - 22 26  3 14 40  7 20 31  - 28 23
  - 15 16 14 33 38  - 40 19  -  9 31  - 36 32 12 28 17 23  1  -  6  -  -  -  7 26  4 21 20 30 11 10 37 27  2 35  8  5  3
  -  -  8 29  3  4 28 34 26  2 31  1 33  7 17 35 15  -  - 39 22 16  -  -  - 30 23 21 19 27 38  -  - 24 10 37 36  5 12 14
