1280
  - 29 38 23 26 15 22 11 28 31 19 34 10 39  -  8 35 40 16 14  7  -  -  5 20  2  - 12  -  -  6  9  - 30  - 13 32  1  3 24
 20 39 28 22  6 13  - 33 15  9  5  2  1 35 14 36 38 23  7  - 10 32 30  -  8 31 17 37 11 34 40 29  4 19 27  - 16 24 12 25
  -  -  3 31  - 27  - 21  5 24 33  - 15 14 13 26 18 19 32 22 37  2 10 39 11  -  - 30 12  8  - 40 16  1 20 34 28  6  4 17
  9 24 32 37  2 14  - 17 12 38 10 35 28  8  -  - 36  -  -  1  - 13  - 20 27 22  -  - 16  - 31 30  - 33 19 15  6 23 40  7
 32  6  - 12  - 21  3  8 29 19 37 10  -  - 18 20 31 34  - 25 24 17 27 16 26 15  -  9 14 36  - 38 39 22 40 23  7  4 28  2
 33  4  - 13  - 35  -  6 23 29 34 14  5  7  1 39 11  - 28  -  - 18  3  9  - 30 25 15 31 26  8 24  -  -  - 17 40 16 19  -
 13  7 34  -  -  3 14 22 39  -  -  - 20 28  5 21 40 32 29 23  4  - 33 10 17 36  2 16  - 27 24 31 37 18  1  -  - 26  6 19
 37 18 29 24  -  - 39 27  3 28 21 40  8 36 20 25 30  4  1  -  -  - 16 11 38  -  5 22 23 14  9  2 17 35 26 32 34 12 10  -
  3 37 16 40  -  7 11  5 24  -  - 22 12 38 33  - 26 10  8 35 21 25 19 14 36  -  -  - 15  - 13  - 18 23  -  -  - 20 27  1
  2 22 26 25 32  - 40  3 38  -  -  5 31 19 12 23  4  6 17  - 27 28 14  - 10  9  8 39 35 11 36 15  - 29 24 16 21 13  - 34
 15 33  8  -  -  5 27 30  -  4 32  - 19 13 28 31  -  7 37 11 22 29 34 12 18  -  - 14 38  - 39 21  9 26 35 36  - 25  1  6
 14  -  5 11 34  - 32  4  - 13 31 12 21 40 36 27 15 30 18  6  8 26  2  3 37 25 22 24  9 16 35 33  -  - 29 20 23  -  7 39
  - 10 19  -  7 34  4 20 13 11  2 23 25 17  8  -  1 12  9 40  -  6 22 28 21 37 16 26  3 38  - 18 31  -  - 27 29 36 39 14
 10 21  -  1 25 12  2  - 20 27 26 13  7 31 19 35 22 14 38 18 17 30  - 23 40 32  -  8  6 37 16 36 15  5 34  9  -  3 24 33
 18 32 30  6 39  -  8  -  - 37 11  - 14 23  - 16  - 15 40 36 29 35 25 24 12 19 38  5 10 31  -  - 28  2  4 21  3  7 34  -
 40 28  6 32  - 11 29 34 31 26  - 17  - 18  - 33  2 38  4 16 12  9 36  - 14  7 15  -  5 39 20 10  - 25  -  - 24 37 22 30
 31 36 18 38  5  - 34  -  6 33  -  - 35  9 32  1 23 13 22  3  2 19 15 37 25 26 27 29  - 24 30  - 20 11  8 10 14 39  -  -
 12 35  - 34  - 31 15 28 14  2 24 21  -  -  7 38 17  -  5 39 30  - 23  - 32  -  - 36 18  6  3  -  - 10 25 29 27  - 33 37
  -  5 17  -  -  - 36 15 34 40 18 24  -  3 39 14  7 28 30 27  6  - 29 38 22  4 33 31  8 19  2 20 23  - 12 35  1 11 25 32
 19  3 24 18 37 25  - 14  -  7 15 26 13 34 16  5  8 20 33  - 32 40  6  -  4  - 10 17 21  - 29  1 36 39  2 38 12  - 31 23
 25  - 23 19 13  -  - 37 27 39 16  - 22  4  9 17 32  - 21 20  5  - 24  -  1 11 40  - 26  - 38 12  3 28 36 14  2 29  8  -
  -  - 31 36  9  - 20 40  -  -  -  6  3  - 29  7 37 26 10 12  - 39 35 33  -  -  1 28 32  2 17 34 21  - 16 24 13  8 38  4
 11  - 33  -  -  - 24 10 18 23 25 32  -  -  - 28 12  - 26 13 39 16 37  7 30 17 14  -  1 29 19 22  5  8  9  2  4 38 36  -
 26 20 40 10 22 30 17 31  4 36 23  - 18  -  3  - 33 25 35  - 13  8 12 15 19  6 32 38 29  7 14 37 11 27 28  1  9 34  2  -
  1 19  -  9 33  2 12 24 10 17  8 18 34 27 30  - 29  5  6  4 31  7  - 25  -  - 26 20 39 35 23 14 32 21 15  - 11  - 16  3
 22 12 25  8 27 26  9 38  - 32  3 15 17 20 31 19 13  - 39 29 23  5 21  - 24 14 35  - 28 10  - 11 40  - 37  7 36 33 30 18
  -  2 14  7  - 32 23 25 22  5  9 36 30 26 27 29  - 33 24 31 40  - 18  - 15 39 28  1 13  4  -  8  - 16 38  6  - 17 37 11
  -  - 12  - 17  8  -  9 40 18 22  3  2 29  6  4 19 36  - 30 25 23  - 27 35  1 34 10 37  5  7 32 33 38 21  - 15 31 20 13
  7  - 27  -  - 29  -  1 30  3 28  - 39  - 34 15  - 22 12  2  - 24  - 26 33 16  6 25 17 20 10 13  -  4 31  5 37 18 32  8
  - 40 15  2 20  - 13  7  -  -  6  -  4  1  - 10 25 24 36  - 16 22  8 17  5  - 21 18  - 12  -  3 30  9 39 28 19 14  - 31
 34 13 39 20  - 16 10  -  8  - 12 29  -  -  -  -  6  - 31 15  -  -  -  2 28  3 18 23 27 30 37 35 22 14  7  4  -  -  -  -
 21  -  7  5 18 40  6 39 33 16  - 11  - 15 22 30 34 35 20  9 28 37  4  8 31  - 12  2 25  - 32  - 13  3 14  - 38 27 26 29
 39 16 37  4 23 17  - 19 25  -  1  8 33 10 38  3 28 11  - 21 14  - 13 36  7 20 24 35 22 40 18 27 29  6 32 30 26  2  5  9
  5 15  2  -  - 28 26 23 17 14  - 33 36  -  4  9  3  - 34 19 38  1 11  -  6 12 31 40 20 13 27 25  -  7 10  -  - 30 29 35
 28 14 10 29  -  - 19 16 26 22 38  7 32 37  - 12  -  8 23 34 18 15 31  -  3  - 13 11 24  1  4 39  6 20 33 25  5 35 17 27
  6  8 22 27 16  - 33 32 36 34  -  1 29  2  - 13 39 31 25  - 15 14 20  -  9 38  3 21  -  - 12 28  7 37 17  -  -  5 35 26
 38 30 35  - 24 18 25  - 21 10 20 37 16 32 15  6  5  3 11  8  1  -  7 31 29 23 19  -  4 33 26 17 34  - 13  - 22 40  9 28
  4  - 20 30 14 39  5 36 32  - 13 25  6 12  - 18 24  1  2 37 34 27 26 29 16 40  9  -  - 28 22 19  8 31 11  - 35 10 15 38
 17 26  4 21 38 23 28 35  7  8 30 31  9 24 37 22 14 16 27 10  3 12  1 19 39 29  - 33 36 32 34  5  2  -  6 18 25 15 13 20
  8  -  9 39  - 24  1 18 35 15 40  4 26  -  - 11  -  - 19 17 33 20 32  - 34  5  7 13  2 25 28  6 38 36 23 37 31 21 14 12
