1280
  - 13 23  - 27 39  1 37 40 34 26 28 14 31  3 38 20 22  9 25 35 10  4  - 15  7  - 16 11  - 36 17 32  5 19  8  6  - 24 21
 31 23  - 19 29  -  3 14 18 12  - 27 16 11 32 34 37 28 33 38 17 22  -  4 36  - 10 13 21 39  -  5 24 40  -  - 26 15 20  9
  -  5 12 38  8  2 28 22 24  -  - 13 17 36 33  3 35 10 39 26  7 16  6 20 14 21 34 29  4 19 18  9  1 25  - 32 11 40 23 27
  - 24 21 25 12  3  2 26  - 32 15 16  4 18 34  5 17 11 40 37 33  8 38 14 13  9  -  -  1  7 35  -  6 39  - 22 29  - 36 30
 15 26 27 28 35 25  - 10 17  6 24 38 33 34 37 16  9 14 31 30  -  5  - 19 11  - 12  -  2 40 20  - 18 36 29  7 21  -  4  1
  8 31  5  3 17 22  9 34 12 23 14 40  -  - 16  - 18  - 29 36 27 24  7 33  - 20 21  4 26 15 10  -  2 19  6  - 35 37 25 39
  -  - 32 27 31  - 14 24  5 11 39 33  2  -  - 22  6  4 18  - 34 29 36 37 25  3 20 35  8 17 26 15 13  -  1  - 19  7 38 10
  -  - 34  - 30 40 33  6 20  - 23  -  1 25 18 26 19 27 28  -  5  7 39 11 37 13  - 17 15  -  - 21 10 16  - 31 12  - 29 35
 16 35  -  -  - 33 22 20  7  3  -  - 10 15  -  -  -  -  2 17  8 19  - 21 28 37 39 18 23  -  - 14 11 31 38 26  4  -  6  5
 32 36 28  - 26  - 38  2 23 31  7  1 39 12 29  6 22 24 19 40  4 37 33 15  - 35 13 20 18 34 25  3 21 10  - 17 30  5 16 14
 27  2 20 33 34  - 13 11 14 24 16  -  - 10  8 29 26 25  5 39 19 31  - 23  - 28  3 22 36  - 12  -  -  7 32 40  - 21 37  6
 33 16 29 20 19 18  7  - 36 27  - 21  9 23 14  -  1  6  -  - 39  - 10 24 30  8 25 38  3 26  - 22  -  -  - 13  -  4  5  2
 21 15 17 26 18 13 31 32  - 37  6 24  7 29  4 27  -  3 30  2 38  9  1  -  - 22 33  - 14 36  - 20  - 11  - 39 23  - 19  -
 39 25 33  8 20 34  5  - 19  7 22 12 31 26  2 37 16 23 13 14  -  -  -  9  3  - 15 27 35  6 17  - 38 29 40  1 36 24  - 32
  4 40 15 22 39 14 20 35  8 26 32  - 13 16 10 30 25 37 36  6 11 28  - 38 29 27  -  2 17  5 23  -  - 33 21 24 34  9  -  -
 30  8 18 21  - 36  -  4 39  5 19  3  -  7  - 40 14  1 16 22 12  - 26  -  6 38 24  - 20 11 33  - 17  - 23  - 10 34 31 13
 13 33 26  5 10 19 24 29  3 39 18  6 12 28 22  8 36  - 14  -  -  -  2 32  4 25  - 11 37 20 16  -  9 30 35 38 40 17  7 34
  - 32 35  4 13 10 12 17 15 16  - 39  -  - 24 25  2 33  3 11 40 20 30 18  9  - 38  - 28  - 14  - 34 21  5 36  7 22 26  8
  2  -  -  -  -  9 34 28 38  - 10 22 24  - 17  7  - 16 25  1 21 23 32 40 39 30  -  5 12 37 31  - 27 20  -  - 18  3 15 26
  -  - 14 31 33 38  -  -  2 36  - 29 11 37  - 24 39 40  4  -  - 32 15 13 12 18 22 28  9 10 30  7  -  1  -  3 16 20  - 23
 25 28  8  -  -  1 36 27 16  - 21  - 29 14 13 12 38 31 34 18 20 40 23  -  5  - 19 39 24 33 11 37 22  - 26  9  3 10 30  -
 29  3  - 39 23 32 27  9 34  - 20 26 38 40 35  - 30  2 21  7 14  1  - 31 16 12 36 24 33 25 22 11 37  6 17 28 13 18 10 15
 24  -  -  -  1  5 17  - 22  9 12 25 19 35 26 21 40  7  - 31  -  6  3  - 34  -  - 36  - 38 39 18  -  4  - 15  -  2 28 29
  6 10  9 16  5 26  8  7 13  - 11 31  -  - 15  2 32 35 38 20  3  4 19 12 18 39 17 25 30  - 29  - 28 34  -  - 14 36 40 37
  7 12 36 37 11 20 29 21  -  1  2  8 34 27  6 39 28 30 22  - 15 33 17  - 26 23 40 19 31 13  3  - 14 24 18 10  - 35 32  -
  5 18  1 15  3  -  4 38 26  2 13  - 37 21  - 35 31 20  - 33 24 34  - 39  - 17  -  9 10 22  6  -  7  - 36  - 28 30  8 40
  -  -  4 10  - 12 18 36 27 17  - 19  3  -  9 15  - 39 37 29 23  2 11 16 24  5 35 32  7 28 21  6 31 26 30 20  8  -  1 25
 18 39  - 12  4 30 32  5 21 28 36 37  6 22  -  - 33 17 27 13 10 14 24  - 23 15 31 26 40  8 34 38  -  9  -  -  1 29 11  -
 34  9 40 23 16 29 11  8 25 20  5 15 26  4 39 32  7 18  6  3 13 36 27  - 10  - 28 21 22 14  - 30 19 17 12 37 24 38  2 33
 23  - 13 30 22  4 10  3 32 19  8  - 25 38 28 31 21  -  -  5  1 35 20 17  - 40  - 33  - 18  - 27  - 12 39  - 37 14  9 36
  9 19  - 32 21  7 16  -  4 40  - 23 20 17 31  - 27 15 10  8  - 38 13  - 33  -  5 34 39 35 28 36 29  - 24  6  2  - 18 22
  3 27 11 35  7 31 25 18  -  4 34  5  - 24 30 33 29 36 23 15  - 13 28 10 38  6  9 14 16 21 19 40  8  2 20  -  -  1 39 17
  -  7  - 14  2 11  6 33 31  - 30  -  - 39 38 23  -  - 15 35  - 17  - 28 22 34 29  8 25  4 40 26 16 32  9 18  - 27 13 24
 11  - 38 24 14 28 30 13  - 29  9 35 36  -  1 18 15 34 12 23  - 26  -  3  - 33  7 40  5 16  4  - 20  8  - 19 17  6 22 31
 10 38 31  2 15  -  - 40  1 33 17  9  - 20 21 19 23  5 26  - 16  - 14  8  -  - 18  6 29  -  7 25 39 13 37  4 32 11 12 28
 40  -  - 11  6  - 21 19 30 25 29 36  8  2 23 28  5  9  1 10 32 18 37 22  -  - 16 15 13 12  -  4  3 14  - 33 39 31 27 20
 38  6  3  -  - 21 23 39 29 10 27  -  -  8  - 13  4 32 20  - 18 30 40 25  1  -  - 12 19  -  - 34  - 22 31  - 33 28  -  -
 36 29 39 34 25 37 40 31  - 14 33 18 28  5 20 10 24  8  - 16  9 21 22  -  2 19  6 30 38 32  - 12  -  3  4 27 15 26 17  7
  -  1  2  6 28 35 37 16 33 18  - 11 40  3  5 17 13 12  7 21 30  - 29  - 20 10 32 23 27  - 24  - 15 38  - 34  9 25 14 19
 35 17  - 40 38  -  - 12  6 15  1 20 23 30 11 36 10  - 32 28 29 25 21 27 31 24  -  7 34  3  -  2  4 18 13 14  5 39 33 16
