1280
 21 27 32 40  - 28 37  -  6  1 26  5  - 34 33 12 39 38  -  - 29  8  -  - 36 16  - 19 35 24 30 10  2 11 31 20  7 22  4  9
  5 37 21 24 19 12 20  6 29  -  - 18  - 17 32 11  2  -  8 16 10 40  -  - 23 25 36  4 34  3  1 26 35 38  - 30  - 13  7 14
 17  3 33 39  - 24 35 15 31 14 25 22  9 36  6 16 19  4 28 32 20 26  -  -  8 29 23  -  5  -  - 21  - 30  2 40 38 12 11 10
  1  -  - 16  -  5  - 39  - 10 32  7  4 21 22 35 38  9  3 13 18 12 20  2 17  -  6 25 11 30 24 31  - 37 19 15  - 29 23  8
 22  -  - 14 28  -  - 18 37 11  - 40 26 30 36 13  -  - 38 10  5  - 25  3 20  8  2 16  1 27 15 39 17 32 12 33 23 31 35 21
  - 18 11 20  9 31 29 13  -  - 39  1  5  -  -  3 23 12 24 22 36 19 14 28 27  2  4  - 16  - 33  - 38  6  8 25 35 30 17  -
  -  - 31 22  5  -  -  8 17  7 10 27 11 32 35 38  9 33 15 23  6 30 16  - 28  - 21  - 14 20 25  1 37 40  - 24 29  2 19  3
 10  9 24 11 15 34  1 25 23  - 13  6 22 20 30 29 40 21  -  2  7 36  8 26 18  4  - 12 28  -  - 27 14  -  -  3 33  - 39 38
 20  -  8  7 33 13  6 40  2  - 23 12 30 28 27 14  - 34  - 19 32 31 11  - 10 21 35 18  - 36  3 38  9 26  4 39 22  - 24  -
 34 13 29 31  6 20 22 19  3 30  -  -  -  4  - 27  5 32  7 37  - 23 36 18 39 38  1 15  8 25  9 14  -  -  - 17 10 28 21 11
 28 30 22 13 20 23 27 24  1 29  - 15 35  -  4 18  6 26 36 11 38 39  3 21 14 40  - 37 33 31 32  9 25  -  5 16  - 10  8 19
 32  8  - 29 31 37  4 30  -  -  7 11  - 15  -  - 24 36 13  5  -  -  -  - 38  6  -  3  - 33 21 35 19 39  -  - 12 17  9  -
  6  - 16  - 10 30  -  -  - 20  - 25 17  8 14 34 28 23  2  - 21 29 24  - 40 37  -  5  9  - 39 22 36  7  3  - 31 26  -  4
 18 16 36 35 13  - 12 10 22  4  3  - 23  2 28  1  7  5 31 38  9 24 34 11 37 39 25 14 26 29 40  - 21 27 30 19  6 33 20 17
 24  -  3  8 21 32 36  4  - 25 35 37 12 27 40 10  - 39 30  - 14  5  - 22  9 20 18 29 31  2 23 19 34 33  1  -  - 11 38  6
 11 21 35 15 34  6 23  -  4 22 31 39  1 10 18 37 13  2  - 26 12 28 19 38  -  7 40 27 30  5 29 17  8 14  -  9 20  -  3  -
 14 17 39 12 24 21  - 38 16 35  -  2 36  3  9  - 10 18  -  - 13 33 28  1 34 26  7 30  - 37 22 11 29  5  -  8 19 23 40 15
 38 12 37  -  4  2  - 33 26 13 21 35 20 24  8 23 30  - 17  9  1  -  - 10  - 19  3 31  7 16 36 25  -  - 22 28 11 34  5  -
 16 10 40 37 12  8 21 17 13 36  1  - 31 35 11  5 27 25 29  - 19  3  9 39  -  - 24  -  2  -  -  -  6 34 23 32 30 14 18  7
  - 31  -  - 38  -  8 36 24  3  - 14 10  5  - 33  4 15 11 34 26 25 35 20 32  - 22  7 17 18  2 40 28 21 16  - 13 19 30 27
 15 22 26 25  3 16  5 28 18 21 38  -  8 19 23  - 33  -  -  -  - 20 17 29  - 10 12  - 32  6 37 30  1  -  - 35  - 40  2  -
  -  2  -  - 30  - 26 22 10 24 16  3  -  -  - 19 37 11 35  - 39 21  1  -  -  - 29  - 18 28  5  - 23  - 20 27 15  4 14  -
 23 36 30  2 32 33 16 27  - 28 15 24  -  9 10 20 22  7  - 35  4 34 37 17  6  - 14  8  - 21 19 29 39 13 18 31  5  3  - 12
  9 23  7  - 14 26  3 12 32 33  - 30 13 22 24 15 29 16  6 17 25  2 21 34  5 36 37  - 10  - 11  8 27 19 28 38  - 20 31  -
 26  5  2 30 11 19 31  3 21 18 17  9  - 12 34 40  1  8 20  4 23  -  6 33 22  - 38  - 24 14 10 15  -  - 13 29 25 39 28 16
 19 29  6 28 36 39 11 16 30 26 40 33  7 37 13 32 35  -  -  -  -  -  2 15  - 31 34 21 38  9 20 24  4 23  - 18 14  5 10  1
  8  -  - 18 29 35 10  - 38 23  9 26 21 13 31 28 20 24 14 39  - 15 22  5  -  1 32 17 12  7 16  -  3 25 40 34  4  6 37 33
 37 32 17 10 39  -  -  - 19  - 28  4 40  -  5 21 11 13  9 36 15 16 38  - 35 30 31 23  3  8 18 33 26 20 29  -  - 25 22 24
  -  -  9  5 40  -  -  -  - 38 14 34 19 23 15 36 25 20 39  7  - 27 18  - 26 13 28 10 21  - 31  3 22 16 11  6  1  - 29 32
 36  - 10  4 25 14  -  - 35 39  - 21 24  - 20  9 31 40 19 30  - 37 12 32  - 23 33 28 13 17 38 18  5 29  -  7 27 15 16 22
 30  - 38 26 18 29 15 31 36  8  2 17  - 11 19 25  3  1 16  - 34  -  4 23 21 28 39 33 22 32 35  6  - 24  -  5 37  - 12 20
 33 25 28 17 23  -  9  - 39 34 11 19 14  -  2 26 36  - 27 18 35 10  - 30 24 22 20  1 15  -  8 12 31  3  7  - 32 21  6  -
  4 39  - 32 35  1 30  - 14  5  - 29 33 18 17 24  - 31 22  3  8  - 40  - 11  9 10  6 23 38  -  2  - 36 25 37  -  7 27 28
  - 19 13 21 16 40 24  7  9 32  - 31 15 38 12 39 18  - 23 29 17 35 26  -  -  - 30 20  - 22  - 37 10  1  - 11  3  - 36  -
  3  7 15 19  2 36 33  - 40 37 34 32 25 39 16 31 21 10 12 20 28 14  -  4 29 35  5 13  6 11 27 23  - 17 38 22  8  -  - 26
  2 20  5  3 37 11 18 23  8 31 36 13  -  1 38  6 26 35 21 12 40 22  - 27  - 14  9 24 19 39 34  - 16 28  - 10 17 32 33  -
 35 26 27 36  8  3 13  5  -  - 24 20 16 29  - 17 14 30 10 21  2  - 32 31  - 33  - 40 37 23  -  -  - 22 39 12  9 38 34  -
 27  6 23 34  1 10 38  - 20 16 22 28 18 31  3  8  - 29 40 24  - 11 33  -  7 32 13  2 39 15  4  5 30  - 17 14  -  - 25 36
 39 38 20 33 22 18 17 35  5  9 30 23  6 25  -  2  8 19  - 28 31  1 15 14  3  - 27 11 36 34  -  - 12 10 37  - 40 16 32 13
 31  4 18  - 27  - 14 20 34  -  - 10 39 40 37 30 32  - 26  1 33 38 29  7 19  3  -  9 25 12  - 16 11 15 21 36 28 24 13 35
