1280
  - 30  3 23  1 10 17  -  6 13 19 15  8 12 34 39 28 27 26  9  -  - 38 24 11 35  -  4 16 31 37 25 29  2  -  - 32  7 36  -
  7 16 31 33 15 11  9  5  - 37 36 26  - 39 38 30  6 32 10  - 40  8 20 19 13 18  - 12  - 35 17  3 21  -  4  1 22 34  2  -
  4 22  2 12  - 38  -  3 16 26 28  -  9  - 19 29 39 37 20 14  8 36 10 31 24 13 33 27 30  - 21  - 35 17 34  -  6 23  5  7
 37  -  - 15 25 23 20  - 26  9 30  4  -  - 40 13  1 29 22 34 12  -  -  2  6 38 11  -  -  7 27 33  3 35  8 28  -  - 10 14
  - 33  -  3  - 17 28 14  2 27  4 32 20  8 30 11 36 35 21  -  7  - 13  9  - 39 26 25  6  - 16  5 18 40 24 12 37  - 38  -
 20 39 21 13 34 24 32 28  -  -  -  2  5  4 31 10  8 16  - 33 35 30 36 40  -  1 12 29 38 26  -  7 22 23  6  - 14 17  - 19
 33 34 39 10 23  -  6 26 24  8 38  9  2 35 14  1 18 31 36  4 30 27  - 32 19  -  - 37 17  -  7  - 12 11 28 40  5 13 25  3
 36 11 27 19 18 30  - 20  1 16 39 28 31 29  - 40  9 34  - 38  - 24 17 35 14  3  -  - 23  6  8 13  2 25 32 15 26  - 12 22
 22 27 28  5 36  -  - 15 40  - 25  6 35 23 16 32 34 14 30 10  - 17  -  7 26 12  4  1 29  - 31 21 38 37  - 33 13  3 24  8
 28  4 16 26  - 27 10 21  - 24 18  - 14 11  8 31  3  6 17 15 25 23 40 38 29  - 22 39  - 37 19 20  - 30 33 36  -  2  9 35
  1  5 32  -  9  8 26 37 28 17 21  - 15  -  3 34 11 19  4 22  2  - 16 14 35 36 10 24 31 25  6 29 39  7 12 20  -  - 23  -
 16 24  - 25 31  - 11  6  5 18 22  8 12 40  - 35 38  9  - 19 28  7 30 37 32  - 23 17  3 20 34  - 13 10  - 21  -  - 27 36
  2  7 33 30  4  3 18  8  - 38 31  - 11 34  -  - 26  - 15 13  - 40  - 39 27 20  - 21 12 22  9 37 23  1 25 32 10 14 19  5
  - 12  -  -  3 19 30 40 31  7  1 33 22 20 37 23 29 11 28 35  -  9 26 13 18 34 25  2  - 24 36  8  -  4 10 17 39  5 16 38
  -  -  - 29  -  - 31 18  4 22 35  -  1  7 36 38 15 20 16 12 24 21  9 34 39  -  -  - 14  -  2 23 33  -  5  -  3 27  - 40
 26  8 19 37  2 20  1  - 33 31 32 12 17 25  9 16 14 23 38  7 13  3  5  - 15 22  - 40  - 29 24  -  - 36 39 34 21 28  4 11
  9 19 13 14  6  - 29 31  -  4 27 37 38  5 39 20 25 22  - 36  3 12 23 16  - 10 17  - 26 30 15  -  - 21 35 11 18 24 32  2
 34 20 37 28  - 18  -  1  - 14  3  - 10  - 27  2 33  - 40  -  - 26 25 21 30  6 13 31 11 36  4 22 19 32 29  - 15 16  7 12
 35 29  8 22 39  -  2  -  3 28  -  - 33 30  6  5  4  - 27  -  1 14 18  -  - 16 38 19 36 10 26  - 31 15  9 37 12 40 34 20
 29 32 36 18  -  6 33 38 12  - 20  5 28 31 35  - 22 26  -  2 37  4  - 15  7 23 40 14 13 11  1 19 17 34  3 16 25  9 30  -
 31 14 40  2 11 37 38 35  - 25 17 20 23 36 15  -  7  4 24  - 10 16  3 30 33 26 19 13  8 27  - 12  1  5 18  6 34 29 28 39
 12 35 29 24  - 14  8 39 17 15  7 38  -  6 32  4 20 10  - 37  -  2 21  - 36 27  - 22 40 33  5  - 30 16 11 31  - 18 13  9
 17 31 18 34 13  2 16  7  -  5 29  - 27 28 26  - 23  -  -  3 14  -  - 33  - 40 15 35  9 39  - 24  - 20 30 22 11  8  -  6
  -  3 17  9 16 35 36  -  - 19  5  -  -  2  7 12 13 15 39 24  6 28  - 29 31  -  - 34 22 14  - 18 20 38 27 10  4 30 33 23
  -  - 23 32 35 16 22 13  - 20 11 31  6 38 12 26 10 30 33 18  9  1  -  -  2 15 34 28  4  3  - 40  5 29 14 24 27 36  -  -
  5  -  - 16  - 32 27 36 10  - 23 39 13 22 17  - 35 33 19  -  4 34  2  - 28 24  8  7  - 21 30 31 14  6 38 29 20 12  3 18
 21 38  9  7 10 12 13 19 11  - 37 16 18 26  1 22 17 25  3  -  - 33 34  5  8 29  - 20 39  4  - 14 40  - 23  2 30  - 15 24
 10 21 38 20 30 34 12 11  -  - 16 19  - 24 33  - 32 36  2  5 18 22 39  3 17  -  -  6 37  - 25 27  9 26  - 13 35  1  -  4
 25 26 20  -  5  4 14 23 21 10 24 35 19 33 28 27  2 13  - 29  - 37  6  1  3 30  - 15  7 32 22 38 11  -  - 39 40  -  8 17
  - 10 26  - 24 36 34  4 15 29  6  7 25  1 18  -  -  - 12  - 39 38 27 20 21  8  -  - 19  - 13  - 16 22  -  9  2  -  - 28
  - 36 22 39 17 29 21  9 38  -  - 13  -  - 20 33  -  1  7  6  - 11 15 28  -  5 35 30 25 40 18  4 10 31  2 23  - 37 14 26
 11  2 30  1 26 39 40  - 35 21 14  3 24 16  5  7 37 17  - 31 27 10 33  - 12  -  6  9 15 38 23 36 28 13 19  -  8  - 22 34
  - 25  - 38 21 33  7 10 34 36 40 18 32 14 29  3 19  5  - 30 20  - 22 12  4  - 37 16  2 15 28 26 27 24 17  - 23  -  -  1
  -  - 24 27  7  1  4 30 20 33  - 22 39  -  -  8 16  2 37  - 23  - 14 11  5 17 32 38 34 12 29  9 25 18 36 19 31  - 35 15
 15  - 25 31 19 28 23 33  9  - 12 14  - 37  - 18 24  8 29 20  - 13 32  - 10  -  5  3 27  2  - 34  4 39 21 38 36  -  -  -
 24 23 34 35 29  7  -  2 32  3 10 21 30 17 25 19 12 39  - 26 38  5  8 36  - 14 27  -  - 13 20  6  -  9 31  4 28 22  1 16
 30  1  6  8 14 13  - 12 39 34  9 40  4 10 11 15 21  - 31  -  - 35 28 22 20  2 36 32 18 23 33  -  -  -  7 26  - 25 29  -
 38  6 12 11 20 31 19 16 18 30  8 27 36  - 23 17 40 24 35  - 22 15  1  4 37 25  2  5 32  9 14 10 34 33 13  3  7 26  -  -
  - 15  7  4  -  5  3 24 29  -  2 23  - 18 13 36 30  -  6  8 31  - 12 17 22 28  - 11 10  - 38 16 26 19  1 14  9 32 20 27
  - 40  -  - 38 26 35 34  -  6 33 36 16 13 10 24  - 18  9 25 29  -  - 27 23 37  -  8 20 28 12  2  -  3 22  7 17 39 31  -
