1280
  -  6 35 15 32 33 28 22 11  - 30  - 29 17  5 25  4 10 19 12 13 26  2 40 23  9  - 24  1 39 20 38 31  -  3  -  -  - 18 36
  1 22 15 17 16  -  -  - 13 11  -  -  - 10  7 34  5 32  -  8 30 39 23 31 37 27 19 25 18  6  9 14 21 33 36 29  4 24 35 20
 28 10 39 16 37 30  -  - 34  - 13  -  8 11 23 36 12 27 29 35  -  1  6  2 17  7 14 19  - 32 25 22  4  - 33 38  5  3 40 24
  - 21  - 28 39 37 23 35 25  1  9 14  - 13 27  - 20 11 12 24  - 10 18 17 16 38 15  6 30 36 34  3 26  -  7 19 33 32  -  5
 29 14  8  9 19 35  - 24 40 17 33 20 32  7  - 16  - 37 34  1  -  -  - 26  2  6  - 11 15 18 22 36 38 10 28 39 13 31 30 25
 34 12 13 18 24 32 27  5  2 23 37  -  1  6 40 33 17 25 14 19 22  -  9 29 26  -  4 36 31 35 38 28 30  7 39 21  - 10 20 16
 24  - 33 37 31 25 14 36 23 22 40 38 39 29 30 20 26  - 21  -  4 16 11  3 10 34 18  -  2  7 27 12 35 19  8  - 17  1 28  6
  3  2 31 12 21 24 20 38  -  7  1 18 22 26 13 11 16  9 17 36 28 14  8 33 29 30  - 27  4  - 23 10 15  5  6  - 32 37 34 39
 21 17 32 13 40 39 31  -  - 12  4 37  - 35 11 18 24  7 25  -  8  - 38 27  -  3 30  1 16  -  5  9  6 29  2 26 22 23  - 33
 38 18  - 25 20 26  - 28  7  9 10  - 30 36 29  3 21 33 31 13 11  4 14  - 27  2 16  8 40  - 35 39  -  - 17 37  - 19 24 23
 27 13 24  7 17 29  - 34  - 37 25 23 35 33  - 14 36 39  - 15  5  - 21  4 19 22 40  - 12 31 18  1  - 30  - 10 16  8  2 26
 17 29 12  1  9 19 15  -  8  - 23  - 10 39 34  4 13  - 37  -  - 38 40 21 22 31  - 14  -  -  -  - 27 24 25  - 28 33  -  7
  -  - 28 23 36 13 40  -  - 32 15 17 27 22 25  9 30 14 16  - 38  - 20  7 35  4  - 34  - 19 26  5 33  1 21  2  3  -  8 10
  -  7  - 38 22 12  8 13 21  6 27 31  4  - 39 19 34 15  3  5 17  - 37 25 28 20  -  -  -  - 29  - 11  2  -  - 24 40  9 32
  5 20  -  - 23 14  - 18 26 30  8 19 24 37 16  -  7 35 36 17 25 32  - 22  3  1  -  2  9 28 12 21 40  4 31  - 10  -  - 29
  9 34 40 32 11  3 35 27  - 33 39  - 25  4 15 23 28  5  6  - 26  2 24  8 13 14  - 18 19  - 10 29  7 36  1  -  -  - 31 22
 36  3 23 26 27  7 29 15 38 16 24 28 11 21 14  1  2  -  -  6 39  - 31 10 30  - 34  - 33  5 17  4  9 37 22  -  - 25 13 12
 19  -  -  6 34  4  7 23 16 20 26 29 14  -  9 22 37  - 30  - 27 21 15 36 39 28 10  -  -  3 33  8  2 25 24  - 35  -  -  -
  -  - 36  2  -  - 37  -  - 28 35 27 31  9  -  7  -  -  4 25 24 40  1 18 38 10  3 12  8 13  - 34 19 16 14 32 30  - 23 11
  -  5  - 10 28 36  2  - 33 24 11  1  3 12 38 35 25  - 27  9 14  7 26 19 15 37  - 31  - 29  -  - 18 32 40  4  -  6  -  -
  -  -  4 19 15 21  - 40  9  2  - 10 20 30  6 13 38  - 39  - 12 25 27 11 32  5  - 28 22 33  3 35  8 17 18 16 36 29  -  1
  -  - 25 20  -  - 10  9 35 36  7  4 15  -  2 28 29 18  5 22  -  -  3  - 31 21 24  -  - 26  8 40 37 23 19 11 39  - 38 30
  -  - 20 24  -  2 16  4  - 13  - 33  5  8  3 30 11  -  - 10 36 15 19  1 40 39 32 26 34 37  - 17 12  9  - 22  -  7 14 31
 12 38 17 29  1 20  - 19 32 39 34 24  - 18 31 10  -  -  8  - 40 30  7  -  5  - 22  - 27  -  2  - 16 13  -  6 26  9 11  3
 30 33 10  - 13 22 39  - 24  5  6  9 26 15  1 32  -  2 20 21 19 18 29 23  4 12  -  7  - 25  - 31 14  - 27 17 34 28  3 35
 25 32 19  3  4  5 30  7 27 10  -  - 38 28 18 21 23 20  - 16 29  - 39 35 33 26  2 40 24  8  6 37 13 12 15 31 11 14  1 34
  7  - 27  8 33 18 21  6 12  4 20  - 37 24 32  2 19  1 22 31 15  -  -  - 25 35 11 10 38 17 14 13  -  - 26 40 29 30  5 28
 32 26  7  -  - 38  - 30 10  - 29 40  -  -  8 37 14 19  1 20  6  -  4 15  - 17 28 23 13 22 39 33 36 31 11 27  -  2 16 18
 15 36 16  -  -  -  1 32  3 38  -  - 23 31 35 39 22 40 11 30 21 34 33 24  - 18 25 13  - 12  4 27 17  8 37  7  - 20 29  9
 18 28  - 35 26 31 32 39 15 40 22 13  2 34 12  8 33 17  7  4 10  9 16 14 36  -  1  -  - 30 11 20 29 21  5 23 25 38 27 19
  - 19 29 22 14  -  5  8 39 27 12 32 18 25 20 38 31  4 23  3 34 17  -  6  1 15  - 16 36 10 40  7 24  -  9  -  2 11 33  -
 35  -  6  -  -  -  - 29  5 21 19  7 17  2 24 40 10 23 28 26  -  - 22 39 11 36  9 33  - 20 13  -  1 34 16  -  -  4 25 14
 13 30 21 11 29  9 36  2 22 18 28 15 16 20 17  5  1 38 10  - 35 37 25 32  7  -  -  4  3 27 24 26 23  6  -  8  - 12 19 40
 11  8 30 27 10  1  - 37 31 19 21 34  9  -  4  6 32 16  - 23 20  3 35 13 18 25 36 15  - 38 28  - 22 39 29 14 40 26 12 17
  2 11  - 33 25 34  - 10  - 31 36 30  - 32 22 27  8  3 40  - 37 29 12 28 14 13 21 35  - 24 19  - 20 18  -  5 38 15  -  4
 40  9  1 39  - 11 13 17  4 35 16  5 21 19 37 26 27 36 33 29  2  6 32 30 34  8 38  3 10  - 31 25  - 14 12  - 20  - 22 15
  4 40 14 21  3  - 19  - 18  8 31 11  - 38 10 12 39 30  2 28  7  - 17  - 24 32 29 20  -  9 36 23  5 26 13 15  - 35 37 27
 22  -  -  - 18  8 34 25 30 29  - 36 12 14 19 24  - 26  - 27 33 20 28 38  9  -  - 39 23  -  1  6  - 11 32  -  - 17 21  2
 16  4  - 31 38  -  -  - 14 34 32  8 13 27 26 17 18  - 15  -  - 35 10 20 21 19  - 29  5  2  7 24  -  - 30 28  9 36  6  -
 10 35  -  4 30 27 26 33  6  3  2 25  7 23 36 31  - 24 18 40 16  5 34 12  8 29 17  -  - 11 32 19 39 28 20  -  - 13 15 38
