1280
  9 32 16 35 30  4 26 40 39 23 11 19  7  -  5  -  6 24  3 27  1  -  - 37  - 10  - 29 18  - 17 22  - 14 38 31  -  - 25  -
 38 26 14  -  2 18 39 19 34 35  -  - 21 40 30  - 28 11 20 37 15 16 25 23  4 33 22  8 27  1 31  6  7 29  - 36  9  - 17  -
 27 40  3 39 16 33 32  1  8  9 15 10 24 23  7 20 14 37  -  6 34  - 28 21 17 25 31  -  -  - 35 13 18 36 29  4 38 26 12  5
  3  5 31  - 27 34  -  7 10  - 36 39 26 33 15 37  - 32 21 16 23 24 29 28 38  1 11  -  - 17 12 35 20 40  4 22 13 14  -  -
  -  2  7 13 36  -  1 21  - 33  - 32 28 31  - 16  -  5  8 15 11 19 14  - 39 23 29 18 37  - 34  -  - 24 20  - 30 25 22 12
  2  - 37 31  - 39 19 30  7 17 18 14 23 34 16 21  8  3 24 10 26 25  9  5  - 27 40 36  -  6 32  - 12  1 13 15 33 22 38 29
  -  - 11 20 24 38  6 28 35  -  8  4 40  2 31 34 16 21  9  - 33  1  3 36 26 14 17 10 23 25  7 18  - 22 19 13  - 37  5  -
 16  1 33  9  6  - 17 10 21 20 19  - 15 27 22 28 31  -  -  -  - 37  8  - 29 24 18  5 39 36 26  - 35  - 25  7 12  -  4 40
  -  - 40 34 17 26  - 13 11  4 35 16  - 10 25  2 21 33 36 14  8 18  - 24  1  9 27  - 30  -  - 38  -  - 37 19  7 15 28 31
 17 25 13  6 22  8 11 24 18  -  3  2 10 12  9  - 29  -  - 30 39  - 31  -  7 21 15  -  - 23 37 32 28 38 14 20  1 34  - 36
 31  6 10 11  -  - 34  -  9  5 33  -  -  -  4  - 20 23 35 28 40 12 13  - 19 38 26 21  - 18 14 37 27  -  3  - 25 30 39 15
 14 22  9  1  - 19 12  8 28  -  - 35  -  - 21 38 39  6 18  7 32 31 33  4  - 29  - 37 10 40 11  3 23 27 17 30  -  2 36  -
  1  -  -  8 21  9  5 11  - 25 40  7 19 39 36  6 26  4 30 22 28 32  2 14 12  - 23 13 38  - 10 16  - 34 33 24 37 18  3 35
 23 19 27 37 14  - 28 26 25 10  9 33 30 36  -  7 12  1 15 21 18 29 32  2  - 31 24 38  3  5  - 20 22 11 39  8 35 16 34  -
 39  -  - 26 32 16  - 36 12 29  1  8 35  6  - 22  -  -  4  2 31  - 34 17 11  3  7  - 21  - 20  9 15 25  5 37 19 13 24  -
 22  9 36 18 29  5  - 27  -  6 10 17  -  3 20 13  -  - 39 23 30  2  4  - 28 40 37  - 11 14 15 12 33  8 35 38 24 21 19  1
 13  -  8 23 15  - 16  - 27 14  7  - 33 37 10 31 22 26 40 11 25 36 35 12  - 17  6  2  - 38  - 39 24 20  9 32  3  -  1 28
 20  -  - 17 19  1 38 18  3  - 14 36 16 35  -  8 33  2 10  4 27  7 37  - 13 32 21  9 22 28  6 23 29 12 26 34  5 39  - 25
 18 35  -  -  7  - 29 25 20 16 17  - 36  9  -  -  -  - 13 12 14 28 30 31 22 11  2  -  1 26 19 10 21  6 40  3 34 27 33  -
 33 34 20 32 12  - 36 16 40  1 37 25  2  -  -  - 30 13 26  -  9 10 23 11  8  -  3  -  4 24 21  -  6 18 27  5 17 28 15  -
 40 31 26 29  - 25  - 32  -  - 13 12 14 11  - 17 18  7 16  5 21 23 27  6 24 36  9 15  8  -  - 30  -  4  - 33  - 19 35 10
 30 20 25 14  1 12 15  -  -  - 22 24 27 32 11 39 17 40  - 26 16  9 10  3  - 13  - 23 33  2 29  -  4  5  8 28 31  7  - 18
 24 36 22 33 23 37  9  3 13 32 39 18  - 21 26 10  1 29  5 31  4  8 15 25  - 28 12 20 35 11 30 27 40  - 16 14  6 17  7  2
  - 38 12 40 11  -  - 22 14 15  5  9 37 30  2 26  3  - 25 18 36 20 16  -  -  4 19 34 28 21  - 31  8 39  6 29 23  1 27  7
 11 18 21  3 20 27 23 31 36 24 12 22 13  4 14  1  -  -  7 40 17  5 19 29  - 16  -  6 34 35 28 33 26 30  -  -  -  8 10 39
 28  8 17 10  - 36 33  6 22 30  2 29 34 38 19 25  9 27 37 35  7  3 20 18 23  -  4 24 32  -  - 11  - 15  1 26 21 31 14 16
 21 37 30  - 26 14 18  - 17 28 34 38 22  -  -  - 24 36 11 29 35  6 12 19 27  -  -  4  5 39 13 15 31 33 32 10  8  9  2 23
 25 23  4  5  - 28  -  2 31  3  - 21 18 15 12  9 11  8 33 24 22  - 38 10 32  -  1  - 29  - 36 26 14 17 34  - 27  6 20 13
 36 16 39 22 31 15  - 14 29  - 30  6 25  5 27  4  7  - 34 17  -  - 11 35  3 19 20 12 13  9 24 28  1  - 23  - 32  -  8 26
  5 14  - 30 34 24  4 33 23 38 21 27  1 18 28 35 37 31  -  -  - 39 40  8  9 15 36 17 26  - 22 25 13  - 12  6 10  - 11 32
 37 29  -  7  4  3  -  9  6  - 20 40 32 25 33 30  5  - 23  1 19 17  - 34 18  - 28 14 12 10 39  2  - 35 36 21 26 24 13 11
  - 33 19 12  -  -  -  -  -  2 31 37 11 26 35 18 13 16 14 20  - 15 21  - 30 34  8 25  9  3  -  - 36 32 22 17  -  4 23  6
  4 28 32 15 40 13  2  5 37  7 25 20 12  8 38  - 23 10  - 39  - 21 18  1 14  - 33  -  - 22 16 24 19  9 31 27  -  3  - 34
 19 13  - 25 18  6  - 23 32  - 38  -  8 29 17 15 34 20  - 36  2 27  7  9 16 30 10 11 14  -  3 21 37 31  - 39 22 33 40  4
  - 15 28 21  -  - 27 17  - 31  4 23  3 22 32 11  - 19 12  8 37 13  - 30 36 35 14 16  6 34  5  1  -  -  -  9 40 38 29  -
  6 17  - 36  9  - 22  -  -  - 27  - 20  - 37  - 25 14  - 19 10 35 24 26 33 39  5  3  7 15 38  - 11  2  - 18  4 23 16  -
 34  7 18 27  3  - 37 35  2  - 24  -  - 19 29  - 15 28  - 33 13 22  6 20 40  5 38  1 31 16 25 36 32 21 30 12  - 10  9  8
  - 21 35  -  - 17 14 15 33  - 29  3  9  - 23  -  -  - 31  - 12 26  1 39  2  -  - 40  -  4 27  - 10 37  7 11 20 32  - 38
 10  3 24 19  5 29 30  4 26 21 28 31 39  7  6  -  - 12  1 34 20  - 17 33 25  2 16  - 15 37  9  - 38 13 11 23  - 36 32 22
 12 24  6  4 33 22 13 37 30 40  - 11 29 17 34 27  - 25 38  9  5 14 26 15 31 18 39  7 16 32  8 19  3 28  -  1 36  - 21 20
