1280
  - 14  4 16  -  -  - 39 28 33 12  2 32 17 34 40 11 24 20 35 38 25 23 13 29 37 15 21 31  3  1  8 30  - 18  6 19  9 36 26
 23  1 35  4  - 36 16 38  8  6  - 10 14  2  -  -  -  - 22 13 27 32 29  9 30 21 37 40 19 31 12 18 25  -  - 17 34 26 20 39
 38  - 22 19 24 28  - 20 35 25  -  - 15 30  - 11  1 31 32 23  6 34 17 10  - 29 33  -  8 37 13  2  9 14 39 27  - 18 12  7
  -  - 18 22  -  - 32 14 10  - 35 26 17 11 40  3  4  6 16 24 25  1  5 39  -  - 34  - 15 36 37  - 12  - 31 30  - 29 21  -
  -  -  - 15 20  6 28  3  2  - 30 40 34 22  -  - 36 38 29 27 33  9 26 25  -  4  8 11  - 18  -  - 19 35  7  -  - 17 31 24
  8  - 16  - 10 11 33  7 40  1  3 27  - 29 22 36 35 20 17 34 19 28  - 30 23  6 21 14 26  -  4  - 18 12 13  - 15  5  9 25
  -  4  -  8 39 15 14  -  - 24  2 13 35  5  1 33  -  -  6 30 18 19  -  - 40 34 27 12 36 21 31 11 20 26 10  -  -  - 38 37
  3  - 30 28  - 35  -  - 29 23 25 37  7  9  - 26 39 33  5  - 15 24 16 17  -  - 11  - 27 20  - 12 10 22 21 32  6  4  - 36
 34 13 19 38  - 17 37 31  - 18 29  -  - 24 35 30  - 26  9  6  7 21  -  1  -  - 12  -  -  -  - 16 36 27  - 28 39 25  - 33
 40 32 21 39 12  -  -  - 31  8 38 19 18  4 29 27  7 34 28 17 14  -  -  5 24 30  -  2  - 16 25 20  6 13 11  -  3 35  -  1
 35 38 29  5  - 12 30  8  - 34  9 23 13 26 25 16  -  - 27 22 21  4  -  - 15  3 14 37  - 10  -  1  7  2 40 11 17 39  -  -
 19  7 36 27  - 26 12 35  5  - 24 22 39  -  9 18 29 37 40 21  1  - 20 14  4 28 32 17 25 33 11 30 15 34  6 31 13 23 16  8
  6 12 28 14 11 31  2 24 18  - 40  9 26 16 13 20 34  1  - 38  -  - 19  4 39  -  -  8  - 17  7  - 29 37  - 23 33 30  5  3
 18  - 10 29  7 16 24  6 22 36 19  1  9 34 17 39 32 25 30  -  - 11 12 15 31  5 28 26  3 23 14  - 21 40  2  - 38 13  8 27
  -  9 13 10 36  4 22 12 30 11 14 15 33 21 18  2  5 27 24 40 23 26  8 31 38  7 20 19  - 25 17  6 35  1 29 37 28  - 39 32
 24  5 39  7 16 38 20 28 26 35 27 33 30 13 21 23 14  -  8 18 11 22 37 19  - 17 36  - 29  9  2  - 32 10 34  1  -  -  6 31
 15 22 23 20  6 27  - 30  1 19 10 32 11  - 31 28 25  7 13 26 34  2 36 21  3 18 16 33  - 39  5 17  8  4 38  9 37  - 24 12
 12 31 27 13 22  - 25 34 39 21  5 16 28 15 24  4 18  2 36  9  - 29 11  6 37  - 35  - 14 32  3  7 38  8 17 33 20  1 26 40
  7 18 17  3 13  -  9 21 34 40 11 29  - 32  -  8  - 28 37 12 31 35  -  2  - 36  1 23 10 26 39 27 33  - 25 19 24  6  - 15
 37 21 26  - 40 18 17  4  9 14 13  -  3 27 10 19  - 32 31 29 36  - 30  7 35 33  5  -  2 28 38 22  -  - 15  - 23  - 11 34
 21 39  -  1  -  - 27 37 15 17  -  6  4 38 11 10 40  -  - 28 16  8  3 26  - 25 24 32 22 29  - 19 13  9 30 36 35  2  - 14
  - 24  1 17  -  8 13  -  7 29 37  5 21  - 16  - 15 14 39 36  3 12  2 33 26 35 19 34 38 30 28 31 11 20 23  - 22  - 25  -
 33  3 12  9  - 21  -  2 27  5 32 14 36 25  - 29  - 22  -  -  -  - 38 35 18 24  6  -  -  8 16 15 39 31  1 13  - 37  - 10
 30 25 15 34  - 29 26 10 21 28  6  - 22  - 27 13  3 11 12  - 32 33 35  - 17  - 23 39  7  2 40  9  4 24  8  - 16 19 14  5
  - 23 24  -  1  - 36 18 25 26 20  7  5  - 14 15 27 39  -  -  9 16 34  3  2 13 31  6 17 22 33  - 28 32 37  - 29  8 10 21
  4 20  8 24  - 14 39  9 16 32 33  -  2  7 28  1  - 21 10 25  - 17 31  - 13 11  - 29  6  5 15 34 27 18 19  - 30 40 23 35
 28 10 34  2 32 40 19  - 11  - 18 17 37 31  - 21  6 23  3 16 22 14  -  8  - 20 39 30 35  - 26 38 24 36 27  4  5  7  -  -
  - 34  9 36 29  7  - 22 19 20  - 11  - 12  6 37 33  - 14 39  8 13 15 28 10  2  4 18 23 40 32  -  - 25 24  5 31 21 27 38
 27 30  7  -  2 20  -  - 23 38 21 34 16 36  3 17 13  4 26  8 39 37  1 24 33 40  9 15 12 14 10 35  - 28 22 18 32 11  - 29
 14 29 31 37 17 24  7 11  -  9 36 20  8 40 39  6  -  3 25 10 13 38 21 22  - 27 30 28 18  1 35  5 34  - 12  2  4 32 15  -
 31 35 11 40 21  5 34 17  6 13  8  - 20 33  - 24  - 19  2  - 37 10 18 29 28 15  - 36 16  -  - 25  - 30  3 39 14  - 22  -
 36 26 20 31 14  1 23 27  - 39 17 38 25 18 37 22 19  - 11  7  - 15  6 12  8 16 13  3  - 24  -  - 40 21  -  - 10 34 35  2
  2 36 38  -  - 37  - 13 24  -  1 25 23  3 12 35 30  8  7  5 10  6 22 32 11  9 29 16  -  - 18 14 17 15 28  - 21 33 34  -
  5 17  - 23 30 25 11 15 14 27  - 39 29 20 26 34 10 40  1  - 24  - 13 18  7 12  2 35  -  6 36 33 22 38  - 21  8 16 32 28
 26 28 40  - 35 39  8 16  -  3 34  -  - 37  - 25 38 29 19  - 17  5  - 27  1 32 10 31 20  7  - 21 23  6 36 15 18 24  4 22
 10 27  6 12  -  9  1 25 37 30 23 28 19 14  8 38 21 13 35 15 29  7 32 40 36  - 17 20  5 34  - 24  2  3 26 16  - 31 18  4
 25 15  2 33  -  3 10 19  - 16  7  -  6  8 36 31 20  -  - 11  - 18  -  - 32  -  -  - 30  - 24  - 37 39  4  - 27 28  -  -
  1  - 37  -  9  2 31 36  - 15  -  8 40 23  7 14 17  - 33 32  5 20 27 34  - 26 38 24  4  - 29 39 16  - 35  3  -  -  - 11
 32 33 14 18  8 34 38 26  -  - 15 31  - 39 30  9 37  - 21  3  - 23  7 11 22 10 40 27  1 35  6 28  - 29 20  -  - 36 13 19
 13 11 33 21 25 32  3 23 36 22 39 35 27 28  - 12  - 10  4 37  - 40  9 38  6 31 18  1  -  - 20 29 14 17 16 34  - 15  2 30
