1280
 13 31 25 14 11 12 24 36 38  7  9  2  -  4  - 35  - 32  -  - 22  -  -  - 28 10 34  - 30 18 20 26 39  1  6 21 17 19 40  5
  2  - 37 28  - 20  - 18  - 29  -  - 11 17 12 22 23  - 31 39  9 25  - 35 13  6 30 24  5  3 27 34 33 14 40 38  7 10 26  -
 27  -  9  1  4  3 14 32 39 35 30 24 12 15 18  5  7 10  2 26 11 21 22 37  -  - 23 25 13 38 28  -  - 17  - 16 20 29  8 34
 35 26  5 22  2  -  1 12 20  -  6 19  7 37 31 34  - 17 16 32 27  - 24 13 36 21 38  - 40  9 33  -  - 18 29  3  8  4 39 25
 10 40 21 16  - 35  9 26  1  - 32 15  3  6 23 17 13 28  5 11 24  4 14 19  7  - 12 36 22 25 37 31 27 29  - 20 38 34 18  -
  9 13  - 19 33 32 23  - 10  -  - 35 17 14 28 29  - 31  4  2 40 24 20 30  - 37  - 11 16  -  1 21  -  - 22 27 39  7  5  3
 14 32  7 29 19 25 22  9 34 27  - 36 40  - 17 38 20 13  -  -  3 16 30  1  6 28 21  - 33 39 11  -  5 24 35 23 12 15 37  4
 37 19 24 18 28  2 31 35 15 39 36 38  1 12 34  8 11 23 32 13 20 27 21  - 30 22 14 33 17 16 40 10  -  5  4  7  6 25  3  9
 17  - 40  - 34  - 11 25  4 22 24  3 37 27  -  - 39  -  - 10  6 26  5 36 12 29  - 38 35 13  -  - 21  9 18 30 32 23 28 14
 31  8 34  9 18  - 27  2 16  -  3 37 30 13  6  - 24  7 33 35 23 12  1 20  4 14 39 19  - 22 21  -  - 40  -  - 11  -  - 32
 18 33 19 12 40 11  -  7 28  - 20 29  5  -  1 26 35 36 17 24  -  8 27 10  - 30  - 13 23  2  4 16  9  - 37  - 21 38 14  6
 19 36 15 10 27  -  -  -  -  - 14  1 22  3  - 20 25  9 11  - 17 34  4 31 16 33  - 39  -  -  - 32  7  -  -  8 26 21 23 38
  -  - 12  4 21 13 30  -  - 14 25 27 36 40 26 33 29 15  -  3  -  1 38 17 11  - 35  5 37  8 31  7 24 19 34 32 10 20  - 39
 30  7  -  5  - 14 13  8  3 19  - 32 33 28  - 39 38 24 10 17 35 31  9 12 27 36 26  2 29 40  -  - 20 23 15 37 34  6 21 18
  1 39 32 35 20  - 29 28  5  -  4 10 34 16 37  - 27  - 12  7  - 36 40 22  9 18 33  - 21 24 19  6  - 11 17 15 14  8 31  2
  -  2 39  3  9  - 17 10 31 13 37 34  - 29  - 18 12 33  7  - 14 23  -  -  -  - 15  6  - 20 35 27 11 30 26  4  1 32 25 22
 25 34 33 26 14  9 20  5 32  - 10 22 13  2 30 36 40 16 27 37 31 38 35 29  - 39  -  1  6  - 12  -  -  -  8 11 24  3  4  7
  3 14 16 30  -  - 36 27 40 38 19 33 29 32  9 24 31  6 15 18  -  - 10  5 17 34 25  - 12  -  2  4  -  - 11 22 13 26 20  -
  -  1 13 36  8  - 28  4 17  6 35 40 10 18 32  3 16 39 38 34  7  5 37 21 23 12  -  - 19  - 29 20 25 33  -  - 15  - 30 24
 20  -  1  2  5 38 40 17  9  3  - 23  4 19 35 21 37  -  6 15 34 28 13  -  - 27  - 32 31 33 39  - 30 26 14 24  - 36 12 11
 22  - 31 32 30 17  3 19 33 26 21 25  - 34 38 23  6 11  8 20  5  - 29  4  -  7  - 37 36  - 15 40 14 16  9 13  - 12 35  1
  4 35  2  - 32 27  6 37 14  5  -  - 23  - 19  1 21 20 29 28 25 33 12 39 31 15 16  7 24 11 10  8 34 36  - 18 30 40 38 17
 32 17 30  - 31  - 21 16 35 20 33 11  -  7 14  4 18 12 19  - 29  3 26  6  2 40 37  - 10  5 34 24  -  - 39 25 27  1 13 36
 29 25  -  - 36 24 12  - 26 21  8 18  - 10  2  7  3 19 30 40 39  9 16  - 34 11 32 17  1 37  6  5 22  4 23 14 31 13  -  -
  -  3  4 34 12 28  8 33  - 11 18 20 32 36 27  - 10  - 21 29 19 30  -  - 38 13  -  - 15  -  9 35 17 22  5  1  - 24  - 23
 15 24 20  7  - 34 26  3 25 33 13  - 21 38 22 16 19 18 39 23 12  -  - 32 10 35  -  -  9 27  8 14 37  6 36 29  4 28  - 40
  -  9 14  - 15  4 10 31 22 12 17  7 38 21 25 11  - 40 13  8 36 20 34 24  -  -  - 16  3 19  - 23  -  -  -  5 33 27 29 26
 36 12 27 33 10 19 32  - 11 18 23 26 31  -  5  -  9 38 28 14 37  - 17  -  3  4 20  8 25  7 24 39  6 21  1  -  2 22  - 16
  7 30 18 17 26  -  -  - 12  4 38  6 24 31 36 10  8  - 14 33  1 13 28  2 40  3  9 21 20  - 22 25  -  - 19 39 23 16 11  -
 34  -  - 21 37  7  2 39 24 31 27 28  - 23  -  - 36 30 25  - 16  - 33  8  - 38 17 12 11  4 18 15  3 20 32  6 40 14  1 10
  - 23  8 25 35 18  7  -  - 24  2  4 27  - 39 14  - 29 37 30 13  -  -  9 33  -  1  3 34 28 38  - 31  - 21  -  - 11 32  -
 38 10 26 37 24 16  4  - 18  9 29 31  6  1  3 32  2  -  - 36  - 19 11 28 15 25 13  - 27 14 23 12 35  8  7 33  5 39 17 30
 40  5 10 24  7  - 39 34 23  8 11 13 14 35 20 15 30 37 36  9 33 22 25  -  1 17  4 26  2 32  - 38 12 27 31 28 19 18  6 21
  5  4  3 23  6 31 16 11  -  - 15 30 35 22  7 12 34  1 26 25 18  -  -  - 20  9  - 40  - 29 17 33 36 13 38 19 28  2  - 37
  - 28 17 40  -  8  -  6 27 30  -  - 19  - 21  -  4 26 20  1 10  -  2  -  -  -  -  -  7 12 13  3 16 32 24  - 37 33 36  -
 24  - 23 11  3  6  5  1 13 32 28 21 25  - 10 27 17  -  - 16  4 39  -  7 14  2 36 15  8 30 26 37 19  - 20 40 22  -  9 29
 12  -  6 38 13  1 19 21 37  -  5 39  - 24 33  9 15 25 35  4  -  -  7  - 32 26  - 27 14 17  - 22 23 31 16 34  - 30 10 28
  - 22 29  6 25  5 37  -  7 16 31 17 18  - 11 30 28  - 23 19 38 32 36 14  -  1 40  4 26 34  3 13 10  2 27  -  -  -  - 15
 33 37 36  - 38 21 18 22  8  1  - 16  -  9  -  - 32  2 24  6 26 11 23  - 25 19  5 20 39 15 14 30  4  3  - 10 35 17  7 13
 16  - 35 31 17 39 33 14 30  - 34  - 26 25  8  -  5 27 22 21 15 40  3 38 29  - 24  -  4  1  -  9 13  - 10  2  - 37 19 20
