1280
 12 39  9  4 22 38  - 28  - 30  2 36 21  - 35  -  1  - 10 29  - 16 40 14 19  7 11 25 13 24  - 18 20 26  - 32  - 34  -  -
  3 12  7  9  5  -  6 25  8 36 10  -  - 11 14 18 20 35  -  2 34 22 32  1  - 19 26  4 27  - 24 40 37  - 39  - 29 16 33 38
 39 10  -  -  -  - 37 29  7  - 13 40  - 26  - 28  - 32 23 15 16  2 34  9  5 25 33 14 19  - 12  -  -  - 21 38  - 18 17  8
  -  9 40  - 28  - 34  - 16  8 23 24 15 18  2 19 13  - 29 30  7  - 33 11 36 32  6 39 35  4  5  -  3  1  - 31  - 10 37 26
 24 22  -  7 23 34 14  2  4  -  -  9 38 36 33  - 17 20  - 27 26  6 31 28 39  -  3 21  - 35 40 32  - 18  1  - 19 13  5 12
 28 25  3 35 31 18 29  1 24 23  - 34 11  4  -  2  -  6 16  - 39 21 27 33 20  5 37 22 12  9 38 17 10 13 14 26 30 36 40  -
 20  - 18 27  1 23  5  8 29  - 19 10  - 16 15  6 25 11 14  - 36 24 35 12  - 13  2 37 21 22 32  - 33 28 38 39  7 40 34 17
  - 15 34 21  - 40 26 38 30  - 33 12 32 23 16 10 22 18 20  - 25  4  8 24  - 36 28 17  - 13 11  5 39  2  9 35  - 19 27  1
  -  -  - 16 10 39  - 30 32 28  - 29 33  1 36 21 11 17  9  - 31 37  5 13 34  -  -  - 38 20 35  6 23  8  7 19  3 25 22 14
  - 36 20 38 16 28 32  - 13  - 22 25 17  5  - 11 15  -  3 39 27  - 10  - 23 34 24  -  7  8 14 37  - 12 19  4 33  2 26 21
 25 32  -  -  -  - 23 39 19  7 35  8 22  - 11 20 33  - 17  9  4 36 21 31 14  -  5 38 18 26  2 13  - 24 30  - 34  1 12 16
 13  5 36 11 25 32  4 37  - 35 29 19 24 38 17 39 27 14 26 34 40 10  7  - 18 20  - 30  9 28  1 15  - 16 12 22  8  3 23 33
 27  - 16  -  -  5 21  7 26 24 17 35  - 37 28 15 31  3  6 10  1 23 11  - 25 39 19 34 22 18  4  8 32 33 13  9 12 14  - 30
  6  -  - 20  - 26  - 24 14 17  - 18 34 33 38  - 32 31  -  -  9  - 23  - 29  -  -  - 16 27 22 35 19 10  8 25 36 28  7  -
 32 30  5 17  8 11 12 13 18  - 37 23 40 19 27 38 29 15  -  1 22  9 26  - 16  6 10 20  -  3  7  - 34 31  2 24  4  - 14 35
  9 35  - 26  -  - 13 23 12  - 39 21  - 34  6 36  5  4  8 19  - 32 38 27 15 16 22 11  - 17  -  - 25  7 31  -  2 37 30 28
 10 16 17 30 26  - 33  - 31  4  -  2 28 39  -  3 35  7 25 11 18  - 24 37  1  8  9  - 23 29 36  -  6 15  - 13  5 32  - 20
  - 23 39  8  -  - 22 20 35 15  9  6 27  - 19 37  2 40 34  - 17  -  - 26 12  -  4 13  - 33  -  -  - 14 16  5  - 30 28 25
 18  - 28 19  - 37 15  -  - 12  - 33 30  2  8 29 10 21 35  7 13  -  4  5 11 26 14  -  - 38 23 22 24 25 36 20 31 27  3 32
  - 26  -  - 19 14  - 17 10 27 34 22 29  - 12 33 16 39  -  3  6 11 13 15 24  1  -  9 30 21  - 38 18  - 28  - 32  -  2  -
 14 18 22 28 29 15  1  - 11 39 30 38  8  3 24  - 12 37  - 23  -  -  - 10 31 27 34 35 20 32 16 33 17 36  4 21 26  5  6  -
 22 27 23 33 14 29  -  - 39 32  1  7 35 40 13 30  3 12  - 20  5 28 36 17  -  9 16  -  -  6 19  4  - 34 26 18 37  - 24 31
 30 13 21 10 36 33 40  3 15  2 31 11 18  8  -  - 34 26  - 14 32  - 16  -  9 28 27 24  1 12  6 19  - 35  - 17 20 23  - 37
  - 20 26 39 11 16 17 40 27 14 32 15 37 12  5 35  4  -  - 18 38  3  6 19  - 33 30 36 34 10  8 23 22 29 25  7  9 31  1  -
 34  - 11 12 30 31  8 14  9  -  6  1  4  -  -  5 40 33 22  -  - 27  -  - 17 15  - 29  3 37 26 25  - 21 10  - 18 38 13 23
  1  - 19 29  -  6 11  4 38  - 24  -  2  9 37 32  - 25 18 33 30  8 39 34 22 35 15  - 36 14 31 26  7  5 27 28 40 12 10  -
 35 24  -  5 21 25 20  - 33 10 27 14 36  7 22 31 39 16 19 28 15  - 17  -  - 12  -  8  2  1  -  3 13  - 29 23 38 26 18  -
 19 28 12 34 24 17 38 32  - 33 11  3 10 27  - 40  8  1 15 13 23 18  - 25 37  4 29 26  - 39  - 31  2 22  6 30 16  9 35 36
 17 14 33 23  - 21 39  5  -  6  3 26 12 22 20 16  9  - 27 37 29 31 25 32  8 38  7 40 10 30 34  2  - 19 18  1 13 35 11 24
  -  6 13 24 33 12 36 31 22  - 28  5  -  -  1  9 37 38  4 25 20 15  3 23  - 30  - 19 26  -  -  - 14 40  -  2 17 21 39 11
 33  8 14 13 32  -  7 16  1 11 18 37 26 17 23 34 19 22  - 21  - 29 28  - 38 31 25  3  6 15 27 36  5  - 40 12 10 39  9  -
 21 33 32  - 12  - 19  -  - 37  4 27  - 10 25 14 26  -  - 38  8  -  -  7 35 17 13 18 40 16 28 11 36 39  - 34  6 29  -  9
 23  - 31 32  4 10  - 18  3  1 38 28 39  - 34  - 30  8  2 16 37 26 22 21  7 24 36 33  5 19 15 29 35  - 11 14 25 17 20  6
 31 34  -  1  - 30 28  - 17 38  - 16  - 20 26 27  - 29 32  5  -  7  9  - 40 14  8 10 24 36 13 39 12 23 15  3  -  - 19  -
 16  - 30 18 34  -  3 36 28 26 25 13  5 32 31  4  6  - 39 12 24  - 14 35  2 23 21  7 33 40 37 27  8 38 20 10  - 22 15 29
 11 37 10 22 38 35  - 26 34 19  5 31  7 15 29  8 14 23  - 17 21 13 12 30  6  3  - 28  4  2 25  9  - 32  - 27 39  -  - 18
  4  -  1 15 39 19  2 12 21  5 36 20  9 14  - 26 28 13 11 22 33 34 37 40 30 29 38 31  -  -  -  7 27  6 35  8 23 24 16 10
  5 29  -  -  3  - 16 10 25 21  7 39 19 35 40 13 24 34  - 36 14 12 15  8 26 18 20 23 17 31 30  1  9  - 37  6 28  4 32 22
 15 19 25 14  7 36  9 35  2 34 20 32  6 31 10 23 21 30 12 40 28 33 18  - 13 22 17 27  8  - 29 16 26  -  - 37  - 11  4 39
 26  2  -  - 17  8 10 19 23 31 14  4  - 30  9 24  - 36  5  6 12 20  1 22 33  - 18 32 25  - 39 28 11 27  -  - 35 15  -  7
