1280
 10  9 13 37  - 35 12 20 24  - 40 36  - 32 23  4  8 18 29  5 21  - 39 30 15  7 26 28  - 33 25  2 31  -  1  6 11  - 34  -
  - 15  - 32 12  1 13 10  - 24 16 27 30 39 19 17  3  4 18  7  8 35 31 36  - 23 29  6 38 34 40 11  5  2 21 22 25  9 14 28
 25 36 21  -  - 16 33 12  6 18 38  9  - 35 17 31 39  8 14  -  5  3  - 37  - 19 11 15 23  4 27 20 29 40  -  -  7 13  2 24
 28  - 36  7 15 17 31 33 34 10 22  1 38 14 24 21  4 16 20 32 13 26 11 40 30  2 19 39 25  9  - 18 37  3  -  8  6 27 12  -
  9 33  4 27 36 26 15  - 19 25  - 20  5  - 39 12 31  3  -  -  - 38  -  - 24  1 14 22 21 17 37  - 28 34  6 11 29 30  -  7
 17 34 22 39 13  7 20  3  9 21  8  -  6 26 30 16 36 11 24 28 15 29  1 27 19  4 12  - 33  2 14  - 18  - 38 37  - 32  - 10
  - 19 10  -  2 13 30  1 38  4 34  - 18 12 26 11 25  6  3 21 23 16  9 28  -  - 32 36  - 37 33 29  8  -  5  - 27 20 15 17
 21 25 29 15 20 37 17 31 26  - 39 30  - 22 18 35  6 10  5 23  2 34 27 38 16 14  -  - 13 28 19  4 33  9  - 32  1 12 40 36
 37 23 11  3  9 15 36  - 13 33  - 16  8 31 20 22 27 14  7  -  - 17  4  - 38 28  -  1 26  -  6 32  - 19 29 39 21 18  5 30
 40  7 38 23 21  -  -  - 30  3 15  2 32  9  -  - 13 27  -  - 25 20 29 39 14 10  -  - 34 24 26 12  1 36 31 16 19 28 35  6
  4 28  7  9 10 27  - 30 22 11  - 32 23 25 35 24  1 38 21 39 19 18 12 33 20  5 34  - 36 26  3  - 16 37  2 13  -  8  -  -
 18 37 35  - 27 24  6 25 10 20 17 12 28  3  - 36 29 39  8  9 22  7 21 23 11 16 40 30 15  - 32  - 14  5 34 31  4 33 19 13
 31 30 34 22 35 11 32 21 12 19  - 39  2 28  4  8  -  - 17 27 40  - 26  7 29  - 18 20  1  - 38  - 23  6  - 10 36  -  - 33
  7  - 17 40 31 34 25 14 21  - 37  -  1  -  8  - 24 28 12  - 27 23  6 32  - 20 16 19  3 11 22  9 39 29 36  -  - 10 38 18
 34  - 18 11 37 12 10  -  - 29 26 24 31 40  2  -  7  9 28 25 39 33  -  - 21 17  6  5  4  -  1  - 20 30  8 19  - 36  3 38
 14  - 15  8 29  2 40 26 11 39 24  - 22 17  6 23 21 32  -  1 28 25  5 34 13  - 31  -  - 18  - 36  7  - 33 30 12 35 10  9
  5 40  1  - 18 25  - 32  -  - 12 26 39  - 11  7 17  - 22 24 20 15  8 21  4  - 28  -  - 23 30 31 35  - 19  - 14  2  9  -
 12 31  - 14  -  6  9  7 28  - 20  - 29  -  - 40 19  1  -  -  - 27 36 25 34  - 13  - 35  - 17 24 21 39 26  2 16 15  -  -
  - 13 12  - 40  - 22 17 32  - 27  -  -  -  7  1  - 30 33 38  -  4 10  3 28  6 20 24  - 36 11 25 34 15 35 21 31 39  - 16
  6  - 26 28 24 31 27 18  1 30  4  - 16 13 37 34 20 29  2 36  7 19 32 11 33 40 39 14  8 12 21 38 15  - 22 35  -  5 25  -
  2  5 28  - 30 23 26 39  -  1 35  6 11  8 10 38 15 19 25 14 16 13 22 18 36 29  9 31 32 40 12 21  4 24  7  - 20  3  -  -
  -  -  6  - 26 28 21  - 37  -  5 33 35 36  -  - 11  2 34 31 12 30 40  4 25  9 10  -  -  7 24 19 38  - 20  3 39 17 13 15
 16 18  9  - 32 36  2  5 40 12 13 23  - 21 25 39 28  - 19 29  - 24 17 31  6  - 38 27 11 30 10  - 22  - 37 34  3  7 33 20
 35  8 23 25  - 39  7  4  - 38 33 17  -  - 21  -  - 20 15  - 31  - 19 29  5 32  - 26 14 27  -  3  -  - 13 24 34 16 11  -
  8  -  - 35 23  -  1  6  7 26 30 40 17 34  3  - 18 12  9  -  4  - 20  2 10 36 25 21  - 31  5 15 13  - 16 27  - 37 28 32
 38 17 33 26 14  4 24 34 29  2  - 10 13 16  9  5 22  - 39 18 37  -  7  -  3  - 15 25  -  1 31  -  - 11 12 36 30 19 20  -
 20  2 32 19 25 40 37  -  5  -  1 21  3 29  - 10 12 33  -  4 17  6  - 22  - 18  -  9  7 14  8 16  - 23 15 26  - 31 30 11
 30  -  3  - 39 18  -  -  - 34  - 22  - 37 27  2  5 24 32 33 14 28  - 35 17  -  -  - 12 19 36  - 10 13  9  4 40  6 16 31
 13 24 39 38  5 10  3 15 17 27 32  -  - 30 16 26  - 36 31 34  6  9  -  8 40  - 37  -  - 25  7 14 19 22 28 20 35  - 21  1
 26  3 27  - 33  5 16 13 23 31 10  - 12 15  - 37 35 40  6  -  9  1 34 17  8 11 30  7 20 29  - 22 25 38 24 14  2  - 32 39
 24 12 16 31 17 14  5 28 39 36 21  7  -  - 13  - 38 25 30 40  - 11 23 19 37 34 27  8  9 32 35 33  6 26  -  - 10 29 22  2
 32  4  - 16  1 38 23  8 33  - 36 13  -  - 29 30 26 34 35  6 18 12 37 20  9 22  5  - 19  -  - 10 11 31 27  - 17  -  7  -
  1 39 30 10  - 19 38 37 15  -  3 14 33  2 12  9 23  7  4 35 26 32 18  5 31  -  - 34 29 13 16 27 24 20 40 28  8  -  6 21
  - 22 25 12 19 20 18 35 31  5  -  8  - 11 40 13  - 37  1 10 30 39 38  -  - 27  2 32  -  6  - 34  3 28 17 23 33  - 36 14
  - 20  2  5 16 30 28 23  8  6 18 34 25 19 33 29 32 21 36  -  - 31 24  9  - 35  3 13 10 22 39  7  - 12 14  - 37 26  -  4
  -  - 31  4 38 21 35 19 16  -  6 29 34  5 28  - 33 17  - 20 36 40  2 12 27 24 23 10  -  - 13 37 26  7 30  9 18  - 39 25
  - 27 19 13  6 33  - 16  4 32  9 38  7 10  -  -  - 23 40 37 24 21  3  - 12  8 22 11  - 20  - 39  2  1  - 15 26 34 17 35
 27  -  -  6  7  3 39 36  2 40 28 18 19 33  - 20 37  5 16 17 11 10  - 15 23  -  4 12  - 21 34 30  -  -  - 29 32 24  1 26
 29  6 20 30 34  - 11 24 18 22 19 25 36  7 15  3 40  -  - 16 10  2 28  - 32 26  - 38  - 35 23 17 12  8 39 33  5 14  4 37
  -  - 40 17  4  - 19  9 14 16  7 37 15 20 38  6 34 22 26  -  1 36 25 13 18 31 33 35 30  5  2 28 27 21 10 12 24 11 23  8
