3920
 53 41 22  -  3 50  - 18 24  2 55 48 46 29  4 25 42 52 27  - 19 61 14 17 26 28  - 34  5 59 33 12 23 63 69 31 57 20 45 39 66  - 68  -  - 64 58 11  - 49 44 43  9 51 56 36 13  - 16  1  - 67  7  - 60 65  - 30 62  8
 48 30 25  -  1 70 46  -  - 21  - 42  - 10  - 32 47  - 51  -  - 36  6  -  9 16  -  - 14 67  8 27 64 65 34 63  - 23 68 60 11 18 59 61 29 28  -  - 41  2  3 37 57  4 33 44 55 49 17  5 52 39 43 12 45 24 22  - 35  7
 47 69  - 28 62 53  -  -  - 40 32 57  -  3 42 31  - 23  6  5 10 49 13 46 44 66 24 43 51 36  4  - 45  - 12 26 22 56 67 19 27  - 48  - 30 38  -  -  -  - 21  7 54 64 68 39  -  -  - 52 65 11  - 35 37 60  -  1 33 16
 19 18  - 53 52 66  - 23 22 16 12  9  - 45 54 10  5  -  1 69 40 34 38  -  - 27 37  - 47  - 11  - 43 67 56 36 58 17  - 59 68 42 35  -  - 14  - 21 55 60 57  3 48 26  6  - 32  - 29 62  4  -  - 51 20 39 13 44  7  -
 63 60 64 14 22  5  9 61 31  - 62 47  - 33  - 70 67 17 56 50  4  - 15 48 68  6 32 24 42 58 44 65 49  - 66  - 23 37  -  2 18  - 21 25 52 45  1  3 12  -  - 11 40 46 29  7 10 34 51 55 53  -  -  - 28 41 39 16 19 20
 12 33  9  - 18 31  -  - 52 23 51 62  - 27 37 53  2  -  - 17  - 58 61  1 30 44 67 35  6 16 56  -  5 28  4 46 49  - 29 65  8 39 22  - 57 19  - 47 21 45 60 54 13 10 38 14  -  3 70 42  7 36 68  - 55 32 64 15 43  -
  8  - 53 24 26 42  -  - 51  7  2 11 16 17 63 41 54  6 58 33  - 40 28 15  - 19 44 37 45  - 27 61 62  - 47  4  - 68  - 30 31  - 65  -  -  - 21 69 57  5 38 56 67 43 23 55  3 50  - 70 46 60 10 66  9  - 14 64 34 59
 27 49 58  4 29 19 26  3 33 52  -  7 62  - 15 16 20 45 63  - 60 38 65 55  2  -  -  -  -  - 31 51 41 14  - 12 18 67  - 57 22 46 44 37  - 66  - 68 69 42 25 70  5  -  1 54 11 32 24 48  - 13  8  -  -  -  -  6  9 17
 66 42 29 62  - 43 35 38 58 15  -  -  8 40 24 26 13 10  - 30 37 68 23 39 41 53 34 21 36 33  9 70 59 12  5 45  7 25 27 32 64 47  4 16 69 61 14  2 20 54  -  - 50 67 52  - 56 44  - 18  1 46  -  6  3 11 60 28 17  -
 18 57 12 36 31 61 19  - 42 60 21 44 26 59 50 47 43 55  - 52 54 32  - 22 38  - 17  - 62 27  - 64 30 40  - 24  8 46 41  - 39 45  2 56  4 10 20  - 35 11 68 14  7 70 66 34  - 51 23 63  6  -  -  1  - 58 67 29 16  -
  5 20  - 60  -  - 47 57 35  - 33 26  9 43 65 54  8 63  -  -  - 67  - 40  - 50 39  3 70 37 21  - 14  - 18 27 61 32  -  7 13 31 36 44 41 24  2 28  4 34 29 10 17  - 53  1 68 48 59 25 11  - 38  -  - 55 16 56 22 12
  - 59  4 46  9 18 45 43  -  - 39 35 31  -  - 38  -  7 68  - 65 42 29  8 24 69 70 53 22 14 60 44  - 61  1 48 28 36 62 33 20  - 27 57 54 63  - 58 16 47 37 19 41 34 49  - 51 21 15 13 25 52 56 50 23  - 30  5  3  6
  -  - 62  5 63 22 49 25 60 30 50  - 14  -  -  3 31  9 64 41 67 44 21 19  4 59  -  - 48 70 39 15 28  - 38 54  - 40 61  8  - 23 57  6 16  - 65 18  2 52 10  - 56 24 55 47  - 11 66 51 36 42 53  7 32 69 35 17 29  1
 34  - 63 56  - 62 21  - 69 32  - 22 54  7 16  - 49 15 59  9 17  5 19  -  -  -  -  -  1 13 50 58 39 51 27 41 44 10 48 43 33 30 66 26  -  - 57 24 18 38 46 28 65  2  4  3 67  - 45 14 20  - 11 68 35 52 42 25 55 29
 33 46 67 63 32 38 65 55 49 44 28  1 68 11 34 69 59 29 42 56 47 24  -  5  - 12  - 41 17 15 19 10 52  - 53  - 37  4  6 22 43  - 13 48  - 54  - 57 14 62  - 27 45  9 50 66 31  7  -  3 23 20 40 70 64 21 58 26 51 61
  -  - 61 57 56 46 66  - 68  -  1 24 10  9  3 48 14  2 34 39 38 60  -  - 62 35 11  - 29 22  - 32 27 43 20 19 26 42 55 31 59  -  -  4 67  - 52 41  - 37 58 16 12  8 44  - 50 13 18 30 17 15 69 28  6 23 63  7 65 33
  - 38 57 52 42 59  -  - 36 33  5 15  7 51 30 23 12  4 44 21  1  9  - 56  -  3 25  - 46  8 16 40 11 31 55 10 64 39 34 54 61  6 28 32  - 27 47 63 43  - 14 48 62 68 13 60 69 19 50 35 24 49  - 17 41 20 53 18  2 65
  -  -  -  - 28 27 59 31 41 13 40 16 21  - 56 51 66 67 33  7 23  - 63 62  1 55 22  9 12 19  - 18 38 69 43  -  - 58 37 50 44  4  - 65  - 11 48 17  - 68 26 20  2 57 24  5 53  - 47 10 54  -  3 15 39  8 49  -  - 46
  4 65 26 22 34 60 42 39  -  - 38 32 67 41  - 21  - 12 16 25  6 51 50 66 35 56 68 27 37  9  - 19 15  2 58  7  - 53 13 40  - 69 23  - 18 62 64 29  -  3 61 30  -  - 20  - 45 28  5  - 44  8 52  - 33  1 17 46 24 55
 14 44 59  - 45 23 39  - 26  - 18 12 28  -  -  - 53 50 41 65  - 16 58 10 11 37  6  7 15 40 66 52  9 25 68 29 36 60 43 61  2 62  8 13 56 42 69 30 17  - 34 33 24  1 46 38  - 35 19 54 70  -  -  3 67  5 27 49 20 63
  - 70 54 37 30 39 28 40 13 17 67 60 44 64 20 52 45 19 23  8 26 69 24 59 12 31 66 49 38  - 10 47  - 56 63 43  2  - 11 51 35 68 55 42 21 34  - 46 50 57  1  - 14 29 36 25 61  - 27 58  - 65  - 48  5 22 32 33 18  9
 17  -  - 30  - 58 69 37 27 43 49 38 32 67  - 14  - 20 40  3 18 70 57 54 33 36  -  - 35 55 61 56 63 10  -  1 21 29 31  - 60 26  - 64 44  - 13 12  - 16  7 68  - 59 28 62 22 42  - 11  -  -  2 19  4 48  - 51 25 39
 16 32 10 41  7  -  5 50 64 27 15 45 53  - 43 66  -  1  -  2  3 21  - 51  -  4 49 12 24 28 38 11 20 70 19 47  - 26  -  6 55 34 60 31 58  - 68 54 62 48 17 57  - 61 42 59 23  -  9 65 35 63 14 25 29 37 69 22 56 44
 50  2  - 61 67  1 29 59  6 24 57  3 37 22 64  4 34 60 32  - 15 26 33 38 46 13  8 48  - 65 43 68  -  -  - 55  -  - 63  - 53 19  - 51 11  - 70 49 52 21 20 41 35 28 10 16  9 69 39  7 18 27 17 31 36 30  5 40 54  -
 26 19 28 49 39  - 13 36  - 55  - 52  2 16  - 12  -  8  - 35 44  3  1 24 53  - 59 68 18 42 57 50 54 64 51 11 46  6 33  - 37  - 70  - 34  9 30 27 66  - 56  5 60 65 67 15  - 17 63  4 58  - 31 41  - 40  7  -  - 62
  -  6 66 31  - 32 68 26 21 37 17 39 49 63 62  1 69  - 52  - 28 64 25 11 43 67  - 19 16  - 40  - 50  3  9 60  - 54 44 27 24  7 58  - 59 22 51 10  8 55 70 53 33 12 18 35 29 23 20  - 42 41 30 65 48  - 36  4  - 38
 49  7  -  - 53  3 48  4  -  6 68 58  - 31 51 11 16 46 26 62 55 19 42 35 15 25 27 57 44 41 32 60  - 13  -  -  -  2 40 21 34  - 61  -  -  - 37 45  5 10 54 50 18 14 39 23 70 56  -  9 30 24 36 63 38  - 43 52 66 47
 11  - 51 50 10 44 40 42  - 68 16 46  -  - 38 36 26 27 19 22  9 18  -  7 13 21  - 31 56 63  2  4 55 59 32 37 34 61 54  - 17  -  -  -  - 60  -  -  - 29  - 65 39 62 69 57 14  -  6 20 45 25 41 52 30 53 70  - 12 58
 39 25  - 42 40 20 36 48 47 66 45 43 23  - 52 24 64 58 30  6 22  - 27  - 63 49 51  - 28 35  - 31  -  4 44 69 68 62  - 11  1  - 15 38  7 17 59 61  3  - 67  - 10  - 14 18  - 33 56  -  9 19 29  8  - 54  2  - 70 53
 29 45 43 15 13  -  -  - 37 47 69 28  6 12 40 34 60 42  2 18 70 11  4  - 39 65  7 54 27 61 46  1  -  9  -  -  - 35 22 49 52 17  5 66  - 32 53 33 36  - 30 62 38 48 25 10 59 41 14 56  - 55 23  -  8  - 21  -  -  3
 42 34 55 45 25  -  1  - 30  8  - 61 47  -  - 44 28  -  -  - 68 48 41  6 54  5 60 56 31 32  - 22  - 58 39  - 43 14 49 20  - 24  - 10 51  4  - 19 37 69 50 17 15 53 63 27 52 26 33 59 40  3  - 21 62  - 18  - 46 35
  - 40  6 10 43 11  7 15 70 41 31 21 52  -  8 33 44 24 37 53 30  2 20 36  - 32 12 25 13 57 68 42 48  - 28 56  9 22 23  - 51  - 34 58 61 59 26 35 65  4  5 47  - 60  3 64  - 16 67 50  - 18 49  -  - 29  1 62 38 14
  1 62 65 55 15  -  6 51 18 39 19  2 33 53  -  - 38 64  9 68 59 66 67 32 27 10 61  - 23  4  - 43 60 35 16 17 24 48 20  5 21  -  - 22  - 69 28  8  -  - 41 52  -  -  7 42 40  - 54 45 14  - 12  -  - 13 44 34 36 57
 65 14 11 26 16 17 51 66  - 56  - 59 22 21 39 64  -  - 62 67  7 46 36  3 34 23 48 32 43 44 63 37 10 18 35 61 29 31 57  - 69 15 41  8  2 30  -  - 49  -  - 45 55 25 12 24 27 38  - 53 13  1  4 60 70  - 52 20  - 50
  9 16  5  -  - 35 56 45 32 29  - 18 12 30 57 40  3  - 39  -  - 23  7 14  6  -  - 59 54 10  - 25  -  1 49  -  - 70 28  4  -  - 38 55 22  2 60 67  - 51 19  - 69 47 11 53  - 36 43  - 50 62 13 46 44  - 31 68 52 37
  -  8 15 27 51 68  - 47  9 31  - 53 38 66 61 58 52  - 54 49 57 55 70 60  - 17 50 44 20  5 59 36  - 23 40 14 39 41  - 24 45  2 16 34 42 48 19  - 33  1  - 21 11 32  - 37  7 63 13 69  -  4 35 43 46  -  - 12  6 67
  - 39 45  6 50 67 34  - 55 25  7  - 65 20 47 60 11 31 15 70 24  - 12 23 36 64  -  5 49  3 30 48 37 29 42  9 33 19  -  -  - 43 18 14 32 58 56 16 26 46 69 22 63 27  2  4 57  1 28 44 62  - 61 59 17 10 54 21  8 66
 64  - 34 66 57 24  4 10 59 54 29 41  5 60 17 28 50  - 53  - 52 20  2  - 49 14 18  - 32 48 62 38  8 36 46 68 11 13 42 69 58 16 12  - 63 26 55 65 22 23  6 67  - 35 15 21 37  9 30 43 27 44  -  - 19  - 56 31 39 70
 38 63  - 35 69  4 16 24 29 51 13  - 36  1 55 30 10  - 28 32  8 47 48 58 37 70  -  - 57  -  5 34  - 62 50 64 17  -  - 18  - 65 11 53 19  - 61 22  9 15  - 66 27 20 54 56  - 12 31 39  -  - 33  - 42  3  6 23 40 43
 28  -  7 11  4 47 17 22  8 49 30 50  - 19 68  -  9 61  - 20 12  - 31 25 69 51 54 33  - 45 70 39  6  - 23  3 35 65 56 62 10 27 14 24 46  5 36 15 38 53 48 59 26 66 41  - 16 40 57 21 67 58 37 32 13 64 29  2  - 42
 45 56 30 40 48 33 43 12 44 50 11  -  - 49 35 65 61 36  8  - 14 52 59 47  -  1 23 69 10 17 28  3 21  - 26 15 63 57 16 13 46 22 37  5  - 18 25 20 53 66  2 32 68 58  9 70 62 39  -  6 51 29 34 42 31 38  -  - 67 19
 25 17 27 44 38 54 31  - 62 42 34  -  1  -  -  -  -  5 66  - 69 57  - 12 61 24 14 36 65 60  -  7 56 68  6 50 67  -  9 23  - 51 20 70 33 52 11  4 19 26 59 40 16 39  8 46 63  - 55 32  2  - 22 47 49 28  3 13  - 15
  -  - 52 70 24  7 55 19 38 12 14 56 60 36 22  - 25 39  5  - 11 37  - 16  - 30  2  8 33 34 42 21  - 47  - 40  6 50  4  - 49  -  3 46  - 68  -  - 27 13 32 63 66 54  - 20 65 29 44 23 26  - 67  - 58 18  - 43 45  -
  7 68 70 59  8 69 61 28 45 35  6 55  - 50 18  - 51 13 31 15 39 53 60 34  5 38 63 42 41 25 20 23 67 11 52 62 40 30 32  - 16 49 19 12 10  3  9 14 64 58 66  - 29 33 27 65 21 47 22 17  - 43 57 36 54 44 26  - 48  2
 52 27 24  1  - 55 41 29 14  3 64 31  - 15 48 22 30 51 21  - 56  - 39  2 47 68 57  - 26 23  - 62 12 20 54 18 10  9 70 16  6  - 33  7 49 40 46 37 28 61  -  - 44 50 59 69  - 53 25 36  -  - 60  5 34 17  - 42  -  -
 24 66 39  -  -  9 32 54 48 14  3 63 40  2 23 49 58 70 47  - 36 30 69 50  - 43 10 18  4 31 51 35 13  7 37  8 55 33 52 34 42 41 53 59  -  -  -  - 68  6 16 12  -  5 61 17 15 46  1 60  -  - 19 27 65 25 62  - 26 28
 69 51  3  - 59 65 10 52 43 62 27 37 45 25 12 17 63  - 35 23 33 50 66 20  - 18 26 14  2 39 47 16 57  5  8  -  4 55 60 46  -  -  1  - 68  6  - 53 32 64 15  9  -  - 22 29 28 67 11 61 41 34 24  - 40 42 19 38  -  -
 55 61 16 48 27 14 24  - 50  5 20 67  - 32  -  7 56 21 10 58 45  - 53 44 51 41 69  - 68  1 49 66 33 17 57 59 25 52 38 47 19  -  9 40  8 12 62 23 46 63 13 36 34  - 26  6 42 43 64 31 15 54 28  - 18  2 65  3 30 60
  3  - 23 39 49 63 52  2 53 28 60 20 27  6 44 59 17 16 18 47  -  - 26 68 42 45  -  -  - 54 41  8 19 48 65  - 62 64 21 58 29 14 24  1 38 50 67 34 51 31 12 15  - 36 40 22 25 10 37 66  -  -  - 55 57 56 11 61  5 32
  - 55 40 64 23  - 57  -  1 38 61  8 42 26 60  - 35 44 13 59 20  - 46  - 22 29  - 50 58 21  -  - 65 54  3  6 30  - 66 48 14  - 10 67 27  -  - 52 63 17  4 25 19  - 31 51 43  - 32 16 56 33  - 53  7 12 37  - 49 34
 35  - 60  2 11 13  -  9  - 67 42 29  - 38 27 19 23  - 14 43 51  - 18  - 21 62  3 17 61 47 54 53  1  - 36 20 16 34 59 70  -  5 26 41 65 56 10  - 25  7 52  -  - 40 64  -  -  4  -  8 63 66  - 22 68  - 55 37 69 31
 31  9 41 65 36  - 33  - 15  - 59 54 63 56  - 45  - 48  4 34 49 35 43 27 52  - 28  2 39 29 64 57  - 38 21  - 50 69  3 67 40 44  7 68 60 53 16 13 24  - 47 51 23 22 17  -  - 58  - 37  -  -  - 20 66  6 25 55  1 18
 51 11 48  - 68 52  2 56 65 57 47 49 69 70 67  9  7 37 22  -  - 39 55 26 31 54  - 40 21 20 17 45 53 30 62 66  -  3  - 28 15 25  6 60 50  8 18 36 44  - 27 13 61  -  5 19 24  - 34  -  - 38  - 14  1 46  - 63 10  4
  -  - 56 17 37 51 27 33  - 46  8 66 20 39  5  6  1  3 70 54  - 29 44  - 60 47  - 10 40 64 65  - 25 15  - 21 45 24 18  -  - 55  - 35 48  7  - 50 13 41 31 26 42 69 32 61 34 22  -  - 19 28  - 62 12 57  - 36 68 52
 23 67  2  -  6 10 22 34  4 26 66 51  - 61 46 13 68 59  -  - 41 28 54  - 40  -  - 20  - 69 37  5 47 53 29 32 27 12  - 56  7  -  - 11 31 43 33 60 48  -  8 55  1 44 16  - 39 15 62 64 21 17 18 24 14 35 38 70 63 49
 59  - 13  - 46 57 50  - 28 63 25 40 70  4 58 61 62 53  -  -  5 33 34 18  -  -  -  1  9 43 52 24 31  -  - 38 66  - 69 14  -  3  - 15 17  -  6  7 10 19 64 42 22 30 60 11  - 54 21  -  8 68 51 49 16 67 23  - 37 48
  - 28  - 58 21 56 30 46 17 20 35 27  - 24  - 68 48 38  -  - 43 14  3 42 10 57  4  - 11 52 53 67 40  8 60  - 19  1  7  - 25  - 54 29 62 13 12  5 70  - 23  - 51 49 34 31 41 37 61  2 47  - 16 18 63 33 59 45 15 69
 61 36 18 47 41 12 23 14 54 70 48  - 35 62 13  -  - 32 43 63 31 56  - 29  8  2 21 15 69  -  - 46 22 57 11 44 53  - 17  3  - 59  - 50  -  -  -  -  7  - 42 49 64  -  - 30 60 25 40  - 39  -  1 34 10 45 24 66 28  -
  - 13 44 16  2 36 38 27 10 64 70 17 34  -  - 35  - 18  - 24 62 31 49  -  - 60  - 46 63  - 29 54  4 21 14  - 69  5 50 55  - 57  -  -  - 47  - 59 39  - 51 61  8  - 45 58  1  - 52 15 28 26 66  - 22  - 48  9 42 41
 10 50 33 18 70  - 58  -  - 19  -  4 15  - 49 42  - 22 69 13 27 25  - 41 55 39  9 66  -  7 14 20 17 52 48 23  1 28 53 29  - 36 45 54 40 31 44  - 59 67 35 38 32 56 65 12 64 24  3 68  5 21 47  - 51 43  - 60 11 26
 20 22 37  - 14  -  - 16 46 34 44  5 51 52 41 50  4  - 48 61 42 27  9 69  -  - 62 13  -  6 36 17  -  - 31  -  - 38  - 26 30 35 49 19  3  - 40 56 67 39 65 23 43 18 21 28  -  - 60 12  -  - 63  2 11 15 45 59  -  -
 57 48 19  - 54 64 14  - 66  9 23 70 61 35  - 56 24 41 60  - 34 10 11 30  -  - 15 55  -  - 26 29  - 50 17 58  3 51  - 52  - 37 32 27 53  -  5 25  - 28 39  -  - 45 43  -  4 18  7  -  - 12 42 69 21 31 40 65  - 36
  - 23  - 19 47  6  - 44  - 65 52 33 30 46  - 62 41 14 11 29 21  1 22 43 57  8 42 67  - 12 58  - 16 66  - 49 60 45  - 37  9 20 17 39 70 55 63 31 54 18 24 34 28  - 51 40 36 61  - 38 48  5 25 56  2  4 68 50  -  -
 44 64 46 43  - 15 62  -  - 22 54  - 59  8 36 67 29  -  - 48  -  4 32 65 28 11 53 26 50 38 23  - 34 33 13 25  - 63 47  -  5 21 40  - 39 57  7  - 42 30 49  2 58  3 37 68  - 52 10 24 31 35  6  9 69 19 20 41 27 45
 46 26  - 29 44 37 63  6  - 58  - 23 13 48 66 27  - 11 36 40 16  -  -  -  - 42  -  4  - 18  1 30 51 24 25  2 38  8 15 45 50  - 31 69 14  - 32 43  - 20  - 64  - 17 19 33 49 60  - 28 34  - 39 54 47  - 61 10 53  -
 43 21  - 34  - 25  8 20  - 45  - 19  4 54  7  5 27 47 29 60 66 65 56  - 14 46  1  -  3 11 22 28 70 41 10 52 32  - 36 68 63 50 69 18 13 51 42 39 31 35 62 58 37  - 57  -  -  2 26 40 38  9 44  - 61 49 12 53  - 64
 22 37  - 13 33  -  3 65 19 48 56  6 11 18  1 63  -  - 24 38 25 17 10 67  - 15 20 62 60 66 34  - 68 46  7 30  - 49 64  - 70 61 52  -  5  - 29  - 58  - 55 69  - 23 47 50 44 57 36 27 16 51 54 39 26 14  4 32  - 40
 32 10  -  - 58 40  - 41 34  1  - 69 18 37 28 43  - 65 17 42 29 59  - 64 67 52 31 61 53 68 15  - 35 45  - 33 14  -  -  -  3 56 51 62 23 44  -  - 60  - 36 39  6  - 70 63 66  5  - 19 49  2  - 11  - 16 57  -  4 25
  -  5  - 68 35  - 60  8 57  -  4  - 19 44  6 15 39 69 25 37 63  7 16 31 58 33 45 64 55  2 12  9  3 49 24 51  - 11  1 17 65  -  -  - 28 46 27 26 34 40 53 29 47 52 62 13 54  - 41  -  - 32  - 23 59 61 50 48 14 56
  2  4 68 69 20 34 44 30 40 61  - 10  3 14 25 39 57 35  - 31  - 15 17 52 66  9  -  - 19 51  7 33  -  - 70 22 41 21  5 36 62 64 56 28 26  -  - 32  1  - 11 18  - 38 48 67  6 27 49 47 12  - 50 29 43 63  - 58 23 54
