3920
 44 32  5 57 38 49  -  2  - 65  - 24 64 54 69  - 47  - 30  7  - 20 10 66 16 51  - 28 35 53 46 55 60 36  3  4 50 70 68  9 56  6 40  - 62 13 27  8 19 12  -  - 34  - 41 14  -  - 45 18 21 31 22 11 26 43 17 39 61 33
 61 12  - 20 13 51 30 14 66 58  - 26 70 28 41  - 35 38 27 50  - 18 52  7 10 62 65 25  4 19 22 59 11  8 55 31 40  - 17 63 15  1 46  6 45 47 23 29 56 21 64  - 43 33 69 68 67  2 32 37  - 57 34 60 44  - 36  5 48  9
 12 33 44 58 68 46 65 48 43  - 47 25 53  - 28 11  - 23 45 34 15  - 40 21 39 10 26 32 49 37  - 63 54  1 22 67 18  - 38 61 17  7  -  - 56  -  - 20 55 60  5  - 42  6  4  - 57 27 64 52 59  2 35 51 50 66  9  3 30 36
  - 49 40 51 66 20 31  - 24  - 32 53 14 27 43  - 58  3 17 60  - 30 68  2 70  - 19 29 38 48 25  - 39  - 45  -  7  -  6 18  - 59  -  5 28 16  -  -  - 47  8  - 65  - 12  1  4 21  -  - 15 34 52 69 10 64 63 36 26 61
 66  8  - 54  2 57  - 59 12 39 65  4  - 69 31 25 16 64  -  3 19  - 56 43  -  - 41 47 40 30  5 62 23 38 46  - 10 18 45 14 49 36  -  9 68 44 55 26 17  - 53 21 63  1 61  - 48 58 51 60 22 37  -  -  -  - 11  7 27 34
  8  9 29 12  -  1  - 25 11 69 28 35  - 53 22 43  3 19  6 31 40 37 47 23 44 46 59 51 13 17  - 27 36 48  - 65 64 57 61 24  - 15 42  - 58 20 68 30 39  - 66 49  - 14 45  7 50 16 34  5  - 26 38 32 56 33 70 60 62 21
  -  - 68  - 69 14 36 56  - 45 23 19 42  - 70 66 64 60 59 37 38 51  7 25 34  8 35 61 47 29  9  - 57  - 65  1 43 24 48 33 20 40  - 39 18 50 63  2 62  - 41 58  - 12 21 32 46 53 27  3 28  - 11  5 15  - 49 55  4 17
  -  6 54 43 35 69  - 49  2 50  -  8 20 36  - 38  7 30  - 46 45 27 64 63 28 42  - 14 21 31 62  - 44 65  - 39 19  5  4  - 25  - 18  - 29 56 58 59 11 15 47 17  1 37 26 67 66 40  - 55 16  - 68  3 12  - 32 48  9 22
 57 59 45  - 39 18  9 16 49 63 69  -  - 33 56  - 46  - 48  - 10  -  - 65 43 66 64 60 53 41 11 19  - 14  - 27  8 13  7  -  - 58 30 32 25 23  - 51 44 28  -  -  4  - 15 31 34 42  - 22 47 17 36 52  - 37 54 70  3  -
 64  - 20 15 29 55 39 63 69 41  - 18  - 42 50 19 26 54 16  4 35 10 37 62  -  2  5  - 67 66  1 57 70  - 59 14  - 25  - 27 51 33 56 60  3 38 17 40 61  - 68 65  8  9 13  - 21  -  - 34 58 36 31  7 28 52  6 49 24  -
  7  - 23 62 56  - 12  5  6 36 25 37 63 38 42 53 57 17 40 18  -  4  -  - 13  1 39 68 22 64 19 35 55 21 29 61 60 44 70 59 34  2 14 49 48 45 33  - 28 31  9 41 47 66  - 46  - 20  - 50 11 52 67  - 65 27 58 24 32 16
 58 47  1 56 19 70 25  - 45  -  6 43 39 32 55 23 18 42 62 22 57  - 29  8 31  - 13 64  - 46 34 60 49 26 37 28 54 21 40 44 11 67 17  2 41 30  -  - 33 61 52  - 12 38 53  - 15  5  3 14 51 27 48 59 63 50  - 10 68  -
 43  5 47 25  4 42  - 46  - 29 63 39  - 59  - 70 19 44 35  8 32 52 41  -  6 49 55 27  - 34 16 13 18 24  - 10 36 62 33 56 48 64 23 37  - 14 21 61 20  3 26  2 30 28  - 58 22 38 66 65  - 68 12 17 31  1 67 69  - 54
 18  -  2 39 12 16  - 62  1 34  - 57 11 68 29 10  - 21  -  -  - 46  6 26  3 15 67  - 52  - 23  8 33 55 44 19 28 35  5 22 36  - 61 14  7 59 64  - 54  9 69 70 53 13 27 41 20 43 42 63 38 50 49 37 47 65 31 17 58 40
 26  - 55 10 64  - 24 38 15 28  - 17 22  -  9  -  6  - 50 40 46 43 62 30 41 44 18 13 48 36 51 14  - 47 69  - 29  -  -  4 32 16 53 31 61 65 25 49 34 66  1 33  -  5  - 11 19 37 20  7  -  - 58  2 39  - 52 12 70 59
 22 35 46 48  - 53  - 30  - 66 36  3 55  - 54 31 24 29  - 13  - 56 27 37  -  - 68  1  -  6 69 34 19 59 15  8  - 40 14 50 57  - 32 12  -  -  -  - 65 33 11 16  - 58 64 52 38 62  - 25  -  - 18 61 67 47  -  -  -  -
  -  - 39 26 10 47 69 19 63 11  9 55 66  3 44 35 17 34  -  - 12 41 58  6 52 16 36 30 64  1 59 61 13 29 40 56  -  -  8 57 14 22 50  -  - 54 18  - 25  -  -  -  2 27  - 45 65 70 60 15 33 21 62  - 48 23 51  4 38 20
 53 64  -  - 50  -  - 42  - 23 55 68  2 45 10 33 30 48  - 67 65 35 49  - 19  4 14  9 44  - 66 47  -  - 39  -  -  7  -  - 21 69  3  - 40 37 22 11  -  -  - 36  - 54 18 38 61 56 52  - 46 15  - 28  - 17  1 31 29 62
 28  - 64  3 27 15 20 68 42 54 19 38 47 23 52 51  -  5 55 36 44 34 39 32  -  - 37 56 17 59 70 12 26 69 35  - 45 67 10 65  - 18 11 57  2 61  - 66 22  - 33 53 24  - 63  8 31  - 58  9 29 62  1  - 14 41 13 16 25 46
 24 29  -  - 48 13 17 65 18 61 27  - 41 30 67 55  - 11 21 57  -  6 60  -  - 63  -  3  - 54 64  - 40 33 42 15 46 51 50 10 28  - 39  -  - 43 53 16 23 19 58 12 25 20 38  9 69 31 37 47 35 49  2 68  - 32 14 62  -  -
 70  - 48 21 53 56 32  7  - 49  5 64  8  9  1 34 31 25 63  - 67  -  - 12 62  -  - 55 27 58 36  - 22  - 16 18 17 61 65 30 29 50  - 11  - 51 60  - 38  2 39 43 15 57  - 26 33 23 40 41  6 19 66  -  -  -  - 35 37 45
 33 61 13  - 16 23 62 60 26  - 59 67 10 31 30 28  4  2 44 35 66 14 34 51 15 37 21  7 12 25  6  -  - 17  - 55 63  - 20 42 54  - 19  - 27 46 47 32  - 48 18 56 11 43  - 29  3 24 69 49 68  5  - 50  9  - 41 38 36  8
 67 24 70  - 37 59 34 11 65  5 10  - 62  6 51 52  - 40 46  - 42  7 35 57 60 48 25 38 29  - 45  3 69  -  8 68 31  - 56 23 50 43 58 28 54 17 61  1 26 27 30 66 21 47 39 33  - 49 53 13  2 64  4 20 32 22 15 63 41  -
 14 68 19 36 11  3  - 57 48  6  - 28 45  - 27 39 29 13  -  - 30 49  - 56 69 43  - 26 18 55  2  -  - 61  -  -  - 47 58  - 24 25 10  - 21 34  - 65  9  - 67 20 66 59  - 35  7 32 15 53 23 33  - 41 37 63 22 40 31 44
  -  -  - 66  - 29  6 36 17  2 64  -  - 22  7  8 50 10 11  9 39 47  - 52  -  5 58 24 65 42 35 68  - 40 23 53 48  -  - 32  - 14 12 44  1 21 67  4 15  -  -  - 31 55 28 51 63 61  -  - 37 13 56 38 30 59 19 46 16 41
  - 37  - 63 52  - 18 26  - 30 56 22 36 41  - 69 55  - 29 11 34 64 25  - 47 39 38 23 19 70 40  - 61  9 50 44  - 48  2 62  7 57 31  - 33 60  - 15 35  - 16  8  3 49 24 13 27  4 67 45 12 54  - 43  - 42 68 59 14  -
  4 22  9  - 17 62 10  - 27  1 29 48 54  - 64 30 52  - 39  - 37 32 50 49 63  - 28  - 16  - 21  2 59 11 53 26 33 19 34  - 68 42  6 43 12  5 24  3 31 56 51 47 60 67  -  -  - 45 70  -  - 25 46  8 20 14 38 23 15 18
 30 48 10  - 40 64 37 45  8  -  -  -  - 50 25 59 11 43  4 14 17 21 67  - 46 29  - 19  - 69  - 22  7 52 70 38 62 65 41 12 13 66  - 18 24 27  - 55  -  6 56 61 39  2 32 63  - 33 36 57 42 58  -  - 23  - 26  - 53 35
 21 31  3 60  9  - 23 52  - 67 44 16  1 14  - 68  - 56  8 39 22 62  -  - 42 11 46 20 61 65 38 50 63  5 41  7 58 17 18 15 33 26 54 48 64  - 12 53 59  4 28 51 37 34  - 10  2  -  - 36  - 24 19  - 69 13  -  -  - 29
 51 16 17 28  6 52 68  -  5 15  - 70 18 12 24  1 25 61  - 33 47 50  - 48 38  - 62  - 46 32 67 20 10 60  9  - 39 45 43 55 59  - 65  - 53 36  8  - 58 57 14  3 64  -  - 66  - 26  4  - 69  -  7 44 40  2 27 41 42 63
 60 25 22 31 41  4 21  -  7 47 62  - 16  -  - 18 28  9 37 55 63 13  2 11 14  3 15 49  - 27 39 33  6  - 43  - 30 64 52 53 42  8 69  - 36  1 59 54  - 67 24 38 17 10 56 34 12 48 57 44 19 20 50 66 68 35  5 58 46 65
 38  2 60 61  -  -  - 29  -  - 58 32 31 48 12 50 21 62 69 15  6 19 44 16  5  - 22 36 57 20 17 18 37  -  7 64  -  3 39 45 46 47  4  - 51  -  9 13  1 26 49 40 67 63  - 56 52 28 23 33 14 59  - 10 25 68 53 54  - 30
 59 14  - 47 63 37  -  - 51 31 43 50  -  -  5 57  -  - 18 64 23 58 61 41 26 24  - 16  3 15 68 38 46 27  - 17 65 66 62 39 53 55 35 33 42 49 36 52 30  -  7  1 28 22 54  4  - 60 19 32 48 40  6 56  - 11  -  2 21 10
 19 20 28  4 51 50  -  - 36 40 53 61 52 17 14 12 22 15 34 48 27 26 23 18  - 70 42 44  -  5 43  - 66  7 57 33 68 63  -  - 30 11 38 55 13  6 32 67 24 69 46 60 49 65 31 25  -  -  2 56  - 39 21 29  8  - 62 45  1 58
  - 66 35 24  -  6 33  - 30 20  7 27 38 39 60 48  -  4 65 17 62  - 46 42 50 40  3 67 10  - 52  - 53 43  - 69 34  - 19  2 23 44  - 36 47  - 29 41  5 68 12 63 54 61 37 18 25 22 55 16 49 28 13  -  - 57 56  9  - 11
 48  3 34 67 28 12  -  - 13  - 49 59 23 35 36 41 68 39 43 45 31  -  - 53 65 27 40  4  1 47 20 58 42 50 19  6 16 32 51 69  -  - 15 38 22 29 30 63 10  -  -  7 14  -  - 64 24 54  8  2  - 55 33  9 52 62 21 37 56  -
  - 41 58 45  -  - 38  - 19 18  - 47 67 26 37 29 42  - 70  2  - 11  - 55 53 17  9  - 32 10 49  7 30  - 51 34  - 23 28 48  - 46 20 24  5 40 69 39  8  -  - 68  -  4 22 36 60 35 59 43 31  6 14 27 57 12  - 66 64  1
  - 13 31 11 36 17 48  8 22 60 68 33 37 65  - 46 45 50 58 16  9 54 28  - 51  7 47 40 23  - 10 66 34  -  5  -  2 43  - 19 70  3 52 56 39  4 14  -  - 41 61  -  - 29 49 57 59  - 63 30 26 12  - 18 62 44  - 27 20  -
 63  - 59 22 14  - 66 55 41  - 61  - 60  - 19 44  2 68 28 10 18 39  - 67 35 23 50  - 11 51 47 52 27  - 64 42  4 12  3 17 45 48  1 25  8  9 38  - 49 65 40 31 26 15 62  - 16 29 13 70 20 30 24 46 43 56 57 33 54 32
 15 23  - 59 46 30 29 58 47 26 13 31 28 20  8 37 54 66  -  -  2  9 16 36 67 32  6 11 39  -  - 17  4 12 62 22  - 68 69  5 65 70 24 21  - 48 52 42 64 63 38 34 10 45  1 19 35 18  -  - 43  3 25 57 53 51 40 14 50  -
  - 26 65  - 23  -  -  6  3  9 50 58  -  2 47 21  -  8 36 38  - 61 31 24  7 53 69  - 25 12 29 11  - 44 27 57 51 42 66  - 64 39 62 41 30 22 43  5 68 10 37 18 59  - 35 15  -  -  -  - 67 32 55 16 70 45 46  - 60  -
  6  - 15  2 22 58 42  -  - 21 46  - 65  -  -  -  -  1  - 20  - 31 57  3 49 69 29  - 56 38 12  -  - 32 17 24 44  4 60 51 35 19 63  - 16 26 13  9 36  - 55 28  - 52 48  5  8 25  - 68 50  - 47 14 41 70  - 61 11 27
 32 52  - 69 33 10 22 31 68 59 41 51  - 15 46  2 70 58 64 61  3  - 42  - 30  -  7  5 55 24 53  4 38 28 54 16  - 26 37  - 39 34 66  1  - 25 48 44 45 50 62 14  - 35 60 12 43 36 11  -  - 56  - 63 27  - 23 21  8 13
 10 46 37 49 45 38  1  -  -  8  - 42  -  - 13  - 48 26 52 43 14 23 15 64 18 57 56 66 36 28 32 31  - 39 20  - 35  - 53  - 16 27 34 30 63 41  -  6  - 40 65 22 69 50 19  -  5 55  - 29  9 51 61  -  2 25  3  - 12 70
  - 56 41 37  8 48  - 40 55 13 52 54 34  5 61 36 38 32 47 19 16 59 24 60 23 58  - 17  - 62 30 69 35 18 25  9 14 27  -  - 63  -  7 45 50 67  2  - 12 51 10  6 22 11 66 20 42 65  1  - 39 46  - 26 49 31  4 15 44 53
 11 19  -  - 25 32 44 33 58 53  1 62 26  4 49 65  - 46 14 69 60 67  3  -  - 64 61 31  - 16 42 70 41 20  -  - 57  2  - 35 47 63 43 51 37 15  -  -  - 55 54 13 68 36  8 23 40 59 22 38 27  7 30  -  5 29 10 34  6 12
 65 55 67  9 57  - 14 28  - 16 31 11 40 46  2  4 37  - 22 26 21  -  8 15 66 18 54 39  -  - 61  -  - 10  1 50 38 49 24 34 19  - 36 20 17 53 70 35 27 29 59 64  - 56 51 48  - 44 68 58  - 43  -  - 42  - 45 25 69  3
 40  - 53  - 43 54  5 22  - 48 33 21 30 57  4 20  9  -  3 63 26  - 51 34 55 13  - 12  8 45  - 49 16 67  - 25 69 38 59  7 62 23 28 61 70 31 41 64 47 37  - 10  - 17  2 24 68 11 29 46 32 60 27 39 19 15 18  1 35 66
 29  - 62  6 44  - 13 43 46 51 40  1  7 52  - 14  -  - 31 30 64 25  9 39 24 50 48 41  - 35 33 42 32  -  - 20 49 58 54 37 22  - 27 47 38 69  3  - 67 70 45 11  5 68  - 59 18 12 16  - 34  - 63 15  4 19  2  8 65 23
  9 58 49  7 55 11  2 27 62  - 22  -  - 19  - 61  -  - 38 21 54 33 17 20  - 34 43 42 31  -  -  -  - 57 66 13  -  - 63 40 69  - 44 53 23 28 37  - 32 45  -  4  -  8 59 60  1 46 50 26 36 67  3 35 16  - 12  6 18 51
 68 65  - 14  1  2 56 51 67  - 34 46 32  - 20  - 66 22 19 29 13 57 36  - 25 59 12 35  7  - 58  5  - 41 18 70  9 33  - 49 31 53  8 17  4  3 10 38  6 62 42 15  - 26 16 55 39 63  - 54 60 69 37  - 11 61 24 50  - 28
 31 54 61  - 20 40 51  4 57 10 39  2 43  7 32 22 67 49  -  1  -  -  -  - 37 60 45  6  9 26 24 28  - 42  - 41 21 50 11 29 58  -  - 27 19 12 56 62  - 16  -  - 33  3 44  - 55 15  -  8 18 63 53 64  - 34  - 47 23  -
 37 70 63  - 26  7  - 66 60 56 38  6  - 55 45 47 15 31  - 49  5 12 11 33 40 21 10 18 30 52 44 64 50 68  4 43 59 41 16  - 67  9  2 19 14 58  - 28  - 39 27 24 48 32  - 17 53 34  -  -  -  - 20  -  3  -  - 29 51 25
 16  - 18  - 70 26  4 47 59  - 20 13 21 44  - 60  8 67  - 56 24 63 19  - 12 25  - 54 69  9 65 40  - 37 68  2  - 36  -  3 10 62 22  7  - 33 35 58 48 34 32 46  - 51 30 39  - 64 41 27  - 42 43 31 45  6  - 28 52 50
 34 11 32 44  - 35 16  - 39 33 21 45 25 64 48  5  - 36 51 47 28  -  1 59 68 61 49 43  2  - 26 56 65 70  - 66 67  - 12 13 37 54  - 10 15 62 20 27  4 17  3  - 40 53  - 42  9 69 31 24  - 18 41 23  -  - 29  -  7 19
  - 69 33  -  - 45 47 41 38 62  4 65 50  8 35 63 60  -  2 59 48 28 20  -  1 14 24 70  -  3 57 16 43 49 32 11  -  - 67  - 44 10 51 13 66 18 31 68 37 53  6  - 36  - 40  -  -  9  - 17 52 29  5 12  - 30 34 42 55 56
 46 53  -  - 15 44  3  -  - 24 18 40  - 29 16 26 56 52  - 12 55  -  5 54 57 47 63 10 43 14  4 67 58 30 49 37 66 31  1 70 27 41 45 64  -  2 34  - 21  7 22 59 19 25 33 50 62  - 48 11 61  - 23 36 51  -  8 65 13 60
  - 51  7 23 32 19  -  -  - 70 57 56 59 21 40 42 44  - 68 27 58  - 38  - 61 54 33 50 62 39 48 36  - 34 30  3 47 52 26 11  -  -  -  8 65 10 15 22  - 14  2  - 46 24  9 49  -  6  -  -  4  1 28  - 64 16  - 67 45 69
 27 10 51 17 54 41 58  - 61 57 14  9 35 56  - 62 49  6 67 65 53 29 69  4 33 38 11 45  -  2  - 46 21 16 31 48  - 59 36 25  3  5 60 42 20 39 50  - 52 32 63 55 44 19 43  - 28 68  7 66  1 70  - 47 18 24 30 13 22 15
  - 34 43 33 47 39 54 13 29 37 67 20  - 11 63  -  1 14 56 25  - 38 18  9 45 68  2 58 66 50 27 53 24 15 61 36  6 30  - 60 26 28 55 16  - 52  7 19  - 35  -  -  - 64 17 65 32  8  - 12 70  4 44 40 21  5 59 22 10  -
  2  -  4 34  - 21  -  - 32 68 35 66 44  - 33 49 41  -  - 23  -  - 12 31  9 22  -  8 42 11 37 48  5 58 63 54 70 69  - 26  6 17 16 15  - 57 45 25  3 36 13  - 51 60 52 28 56 10 38  - 55  - 65  -  7 46 50 43 67 47
 35 42  - 38 49  -  - 21 44 46  - 10  6 40 62  9 32  -  - 58 29 68 54  - 11 45  4 59 14 63  - 15 47  3 34 30 22  8  -  -  1 31 48 52 26 55 65 33  2 43 19 23 50 69 20 27  -  - 28 67 56 41 16 53 61 39 25 18  - 37
 47 38 12  - 67 28 59 10 25 52 66 23  - 37 15 64 36 27 60 53 11  8 45 22 58 56 32 34  6 61 13 41 31  - 21  5  - 55 49 20  2 35 33 40  9 42  - 14 46  1 44  - 70 39 29  -  -  -  - 48 24 16  - 30 54  4  7 68 63  -
 56 40 69 35 24 60  8 32  -  - 48  - 17 49  - 27 61 47 12 28  7  - 13 44 22 20 70 57 68  4 14 43 15 46 36 29 52 34 31  1  5 30  9 50 11 19 39  - 66 42 21 25 62  - 23  - 64  - 10  6 65 45 54 58 55 67 37 26  -  -
 39 27 66  1  -  - 49 18 64 12  8  5 69 67  3 56 65 20 15 54 68 16 32 13  - 28 17  2 63 43 55 24  9  - 60 47  - 10  - 31  - 51 26 62  6 70 44 45  - 59 35  - 29  7 58  - 37 19 46  4 25 61 57 34 33  -  -  - 40  -
  5  - 38  -  -  - 26 15 56 32 42  - 12  - 68  - 23 37 61 51  -  - 48 14  2  9 27 69 59  7 18 25 28 35  - 60  - 16 55 54  4 49  - 58  - 64 19 50 29  - 34 62  - 44 46 53 70 57  - 39 13  - 45 22  6 40 33 30 47 67
 69 21 11 55  - 36 46 67 10 43  2 30  - 34  -  7 59  -  - 70 61  - 33 35 29  -  - 15  - 49 54 45  -  - 58  -  1 60 22  -  9 38  -  3  -  - 42 24  - 23  4 44  - 31 25 62  6 14 18  - 40  - 26 19  - 53 39 64  -  5
 36  - 56 64  5 67  - 37  -  - 17 49  3 16 39 24 69 12 26 52 41 15 65 29 27 33 23 62 60 57 50 54 51  - 47 63 61  - 30 38  8  - 68  - 32  - 46 31 70 58 43 45 35  - 14 22 13 66  9 59 44 48 10  - 34  - 28 53  - 42
  - 62 30 19  7 27  - 69  4 42 26 15 58  - 38 32 34 35 24  - 50 45 59 40  - 36 53 46 28 33  3  -  2 51 13  - 37 29 23 67 12 68 64  - 44 66  1  - 14 25 48 54  9 16  -  - 11 52  5 10 63 65 17 55 22  8 20 57 39 31
 23  - 14 46 59  9  -  - 50 35 54  - 57 25 34  - 62 69 41 68  4 22 53  -  8  -  - 63 51 44 28 29 12 31 33 58 13 37  - 43  -  - 49  - 52  7  - 48 16 38 70 67 61 18 10  2 45  -  6 42  5 11  - 65 24 20 55 56  - 64
