3920
  8  6 12 18 48 54 69 58  -  2  - 65  - 11 14 70 33 22 53  4 10 62  - 67  - 60 63  - 26  1 25 45 15 32 23 36  - 44 59 49  5  - 24  9 16 30 46  - 66 21  -  - 17 40 27 35 41 56 38  - 51  - 57  - 34 61 55 50 42  3
 24 42 48 50  - 38 53  - 36  7 56 17 28 27 51 66  - 57  -  - 43 61 14 65  1 64 18  -  - 11 20  2  - 21 15 41  4 35  - 63 34 54 23  3 62 46 44 12 67  - 55 70  - 30 47  - 39 68 45 29  - 59 52  -  8  - 49  6 58  -
  2 47  - 67  - 51 58  -  4 36  - 43 30  -  - 61 60 15 31 53 20  3  8 52 23 21 11 55 66 12 16 33 25 34 46 54  - 32 35  - 14 22  9 29 38  5 41  6 64 13  - 49 59 45 63 48 68 70  - 24 40 50 69  -  - 56 27  7  - 62
  -  - 59 11 14 56  -  -  - 49 27 41 12  9  - 68 19  - 61 40 44 54  4 62 37 45 55 28 52  3 57  - 38 65 53  - 46  7 13 16 23 30  8 10  - 18 31 51 22 36 67 42  - 32 33 50 34 17  -  -  - 35 25 47  1  6 39 69 21 24
 12 50  9  -  - 18 33 36 48 23 67 20 59 44 27 28 10 52 38 21  5 47 39  -  - 43 37 66 24  2 29 19 17 49 35 15  - 14 57 56 42  -  1 62  -  6 61 45 65 68  7 34 40 70  4  8 63  3  - 13 30 53  - 58 55  -  - 32 16 31
  - 57 17 41  3  -  - 14 66 69 24 34 60 64 48 31  7 42 54 27  - 49 40 45  8 67 21  - 70  - 15 56 37 47 59 28 38  -  - 13 11  -  -  2  - 20 68 44  - 25  -  -  4 22 55 62 61 46 63 53 16 10  6  - 23  -  - 33  5 50
 70 29  - 66 16  - 36 59  - 62 44 67  -  - 13 60 15  2  5  - 27  -  - 57 10  -  - 47 18  - 53  3  6  9 20 51  - 30 49  7 50  - 40  - 52  - 55  - 58  - 48 64 33 31 28  - 35 63 65 32 54 21 38 42 43 23 41 24 11  -
  - 28 11  6  - 22 30 27 35  - 57  -  5 14 29 54 41  - 10  2 51  - 17  3  4 66  - 21 50 45 23 58 12  - 60  - 55 34 62 59 69  - 67  - 20 37  8 64  7 15 56 46 13 16 53 49 31  - 40 52 25 39 32 44 36 33 26 43  - 68
 25 37 63  - 10 31 14 28 68 45 17  7  - 66 44 52  1 53 33  -  -  - 65  - 40 19 30  - 38 16  - 69 27  -  - 50 21 22  6 42  -  8 62  5 32 59  -  2 26 56 64 60 41 61 11 46 48 29  -  9 70 15 23 35 24 55  -  -  - 57
 18 32 28 70 27 16 25  - 46 51  - 69 10 33 17 37  - 19 43  6  - 31 38 30  5  - 13  -  8 66 65 24  - 62  - 63  - 20 56  - 22 39 58  -  9 14 21 67 35 45 36 59 61  - 54 34 42 64 60 15  2  4  7 50 11  3  1  -  - 23
 31 19  7 27 36  9 61  3 63 54 35 18 70  8 38 41 16 37  - 12 53 67 59 42 17 28 48 52 30 57 50  1  - 60  4 40 13 62 47 22 64 44 55 26 23 15  - 33 29 34 46  - 43  -  -  2 66 51  - 20 65 58 11 56  - 49  - 39  - 32
 46 36 53 54 66 35 49 63 57  6  7 28  -  -  8 20 34 55 39  1 17 14 58  - 32  4 24  - 60 70  - 16 42 48 52 31  - 59 23 29 25 41 45 47  -  - 43 15 62 11 13 26 64 69  - 44  - 37  -  -  - 19 22  3 67 40  2  -  - 56
  5  - 32  2 41 69  - 55 24 39 68 53 15  3 67 42 54 20 59  8 60 34  - 37 30 11 14 70 12 40 49 52 31  - 29 25  -  - 19  - 63 56 51 46 36 64  6 16  - 43 22 17  -  4 57 38  1 61 13 65 26  - 45  7 33 58 21 35 27  9
 14 59 45 42 54 30  4 52 69 53  - 46 51 15 58  7  8 26 60 29  - 57 12 20 66 27  - 38 21  - 63 67  - 25 50 47  -  - 34 43  9 49 48 31  3  - 70  - 32 18 11  -  1 36 35 61 22  5 28  6  - 64 10 37 16  -  - 56 40 33
 52 24 67  -  - 53 56 46 26  9  -  - 11 57  7  - 51 27 49  -  6  - 62 23  -  -  - 69 17 13  1 12 34 40 38 35 48 16  4 64 37 55  - 36 25 45 14 47 70 42 39 22  - 20 18  -  -  2 19  - 60  - 50 65 32 31  3  - 10 66
 23 35 58  - 50 20 44 40  - 47  1  9 67 17  - 32 68 61 64 56 37  - 69  - 21  2 54  -  - 31  8 62 41 53 43 55 59  - 27 65 46 66  - 34  6 11  7  5 13 12 51 15 42  - 16 60 57 19 22  -  4  - 49 14 39  - 18 25 38 52
 22 61  4 69 65  -  - 51  - 52 46 33 43 67 62 25 18  6  9 28 70 55  -  - 11 63 12 26 27  - 10 44 32 13 37 59  - 36  -  -  -  -  - 50 56 47  - 48 19  - 15 31  2 42 20 21  7 49  8 57  - 30 66 38 60 39 68 14 41 45
 11 17 41  - 32 26 46  6 67  5 55  2 37  7 12 62 59 58 70 15 66 48 13 33  - 56 36 54  - 43 47 30 60 69  8  - 34 23  - 50 18 61 31 14 45 53 35 20 51  1  3 44 52 10 29 39  9 57  - 19 27 28 63 21 40 65  4 42 22 25
 64 53 34 60  9  - 62  - 65 38 32  - 19 35 28  8 55 16 41 31  2 66 54 21  - 12 33 27 61  6 45 48 18  5 11 37 10 15 51 70 30 69 22 40 14 17 47 42 68  - 50 39 44  - 52 20 56 13  4 23 63 36  - 59 26 43  - 29 25  1
  7 12 26  - 53 25  - 39  - 41 50 21  - 70  3 55 32 13  -  - 64 44 56  9 43 69 40 24 20  - 67 37  - 22 16 46 18 52 10  4  - 36 15  -  - 48  - 54 30  -  - 29 11 27  - 68  - 58 42  - 14 61  1  6  - 28  - 31 59 60
  -  - 52 36 42 50 70  -  - 16 61 62 53  - 39 35 30  8 22 57 34 64  - 15 46 47 51 59  7 10 32 20 26 38 13 44  - 11 43 18  - 40  2 24 19 41 58 66 14 54 17  4 69 65  -  3 12 25 49  - 37 45 67 31 48  5 23  - 55 63
 55 52 70 58  -  -  - 62 47 50 40 60 35  2 65 24  - 39  - 11  - 32 41 68 67 38  5 46 63  - 44  - 43 42 10 16 29 61 48 31 20 21 13 12  -  8 59 26 25  3  4 23 37 49  - 22 45  9  - 64 17  -  - 27 19 30 56 28  6 53
 61 44  - 21 62 40  3 26 56  -  8 12 52 16 47 59 43 69  - 30 57  - 11  - 38 51 25  - 46 67  - 50 23  - 33 22  2 24 32  5 53 45  - 65 42 29  -  7 34 41  - 68 36  6 15  1  - 54 37 18  - 20  - 13 63 60 31 48 14 35
  3 30 10  -  - 43 55 56  -  1 63 64 33 22  - 23 44  - 51 59  4 20 32  2 60 26  7  - 15  - 52 39 35  - 12  9 28  5 68 38 45 29 36 57  - 50  - 31 48 58 42  - 24 11 13 66 25  - 67  8 46 37 47 70 18 14  6 49 34 69
  9 48 23  7 19 63 12 16  - 32 47 68 41 13 49 30  6  -  -  - 52  - 42  1 39 40  3 35 28 54 11 60  - 18 56 45 69 37  - 21 26 64 27  - 17 70  - 55 61 20  5 38 10 34 58 57 51  -  - 25 53 14 15 36  -  - 62  8  -  -
  6  5  1 37 12 66 27 43  2  4  - 16 26 29 24  - 35 40 14  9  - 39  3 46 51 25 65 49  - 18 30  - 58 50  7 33 20 17 44 32  - 48 11 45 67 68 42  -  - 38 19 28 22 57 70 59  - 23 53 21  - 31 13  - 56 52  - 60  - 41
 50 13  - 35 22 27 67  4  - 24 39 44 31 26  - 17 42 63 23 58 28  7 51  -  - 52 53 60  2 38 56  -  3  - 69  - 15  - 16 30 54 19  6  -  - 61 62 29 43 66 41 65 49 37  9 40 14 12  1 46  8 48 34 33 10 18 20 64 36 59
 43 20 37  - 49  1 21  - 13 60 51 32 29 38 25  - 56 50  8 36 69 17  -  - 62 41 34 61  6 30  -  4 44  - 66  5 40 58  -  9  2 68  -  7  -  - 27 65 63 24 53 48  - 67 10  - 47 15 14  - 19 16 42 54 46 45  - 26 52 22
  - 49  - 46  - 52 68 17  6 66  -  -  4 69  9  - 48 30  - 41 21 26 31  - 50 14  -  8 65 59 39 54 36  - 28 67 70  3 15 45 43 18 56 11 57 32  1 62 23  5  - 37  7  -  2 19 44 20 10 38 22 25 51 24 12 63 58  - 33 13
 33 10 24 29  2 23  5 60  - 68  - 22  - 51 45 12 36 54 26  - 25  - 34 43 58 35 17  - 44  8 62 14  - 31  -  3  7 18 65 61 40  - 59  -  -  4 19 70  - 37  - 21  9 48 41 11 69  - 27 47  -  1 55 67  -  -  - 53 15 20
  4  3 35 39  - 28 43 10  - 56 45 50 57 40 54 16 22  -  1 18 38 33  - 41  - 65 19  - 53  -  -  7 47 55 42  - 37 48 67 20 27 14 61 25  - 51 34  -  - 69  - 62 26 63 32 15  - 59  6 58  -  9 36 64 13 24 17  - 66  8
 57 11  -  - 51 44 59  8 50 19  - 55 63 12 43  - 46 14  7 45 67  -  2 13 49 42 39 33 58  - 24  - 20 27 40 32 17 21 66 26 56  5  - 54 22 34 53 18 15 48 31 35 62  -  - 36  3 60  - 70  9  - 37  - 41 69 16 10  4 38
 45 18  - 68 56  4 35  -  -  - 49 59  -  1 20 38 11 25  - 50  3 51 21 47 42  -  2  6  9  7  - 28 13  - 48 66 14 53 63 67 41 31  -  - 40  - 15 58  -  - 16 57 32 39  - 52  - 43 36  -  - 54 61 23  - 10 24 34 64 70
 10 25 54 33 21 14 63 45  1 59 22  -  - 36 19 27 24 12 55  -  - 40 50 29  2 70 43 15 47  9 18 61 16  -  - 48  - 41 53  - 65 26 20 60 44 35  - 38  4 30 37  5 46 52 39 67 17 69 23 56  6 62  3 66 42 64 51 57  8  -
  - 38  - 53  - 59  6  - 16 48 37 31 46 28 22 45 52 33 13  - 35  - 68 25 64 58 10  1 69 23 40 17 55  8 18  7 26  - 61 15  3  - 60 20 34 49 32 57 54 39 70 11 50 21 43  - 62 47 29  5 66 56 44  9  -  - 14 36  - 27
 27 22  - 32  - 42  2 67 60 57 18 29 24 39 26 36 25  4 21 65  9 35 64  - 52 20  -  - 11 68 33 49  - 51 54 14 58 46 45  - 59  - 16  - 12 69  5 30  -  - 66  3 34  - 23 63 19 44 48 17  7  - 56 41 62 15  -  - 61 40
 36 15 47  - 25 65 13 70  7  -  - 52 21 56  - 39 61 35  6 22 23 68  9 58 27  - 59 17 31  - 46 10 11  -  - 43 67  1 12 55 49 51 18 64  8 16 28 14  - 63 24  - 66 38  - 53  -  - 41 40 34 42  2  5 57 50 44 19  - 48
  - 63 55 14 33  2  - 12  - 43 21  3 42 41 18 56 39  7 57  - 32  5 49 22 15 34 27 58 59 61 17  - 10  1  - 26 45 69 25 62 16 52 38  -  - 36  - 46 53  9 54 50 48  8 37  - 64 24 35 67 47 40 20 60 31 44 13 66 23 65
 59  7 44  -  - 48 32 68 18 67 20 57 50 55  1  - 49 56 27 43 54 45 53  -  -  - 16 36 42 52  3 66 39 64 58 62 24 63 40  - 38 46 70 23 65 19 26 25 37 17 60  6 35 28  - 10 29  4  - 14  -  2 41 34  - 21 47 30 12 15
 26 54 14 22 20  - 40 24 42 11 34 56 61 19 35  -  -  -  -  5  -  - 55  4  9 23 44  2 64 48 66 46 30 12 62  - 63 70 60 39 52 43 41 53  7 13  3  8  6 29 32  - 38 18 17 27 50 21 31 33 49  - 65  - 15 59 36 58 28 37
 32 45  - 16 46 58 39 34 29 42  - 70 18  - 53  - 65 44 66  - 50  2 30 12 48 54 49  - 55 51  5 59 62 41 24  - 19 56  8  -  - 15 17 52 69 33  9  1  - 10 68 63 31 14 26  -  6 28 64  - 23  -  - 43 22 57  -  4 47 36
  -  -  -  - 28  -  - 21 40 25  5  4 62  - 66 48 31 34  -  - 56  1  6 38 63  - 35 68 45  - 58 43 14  7 39  8 16 33 42  - 67 60  3 59 53  2 29 61 18 55  -  - 51 12 30  - 20  -  -  -  - 70 64 11  - 13  - 22 19  -
 62  - 33 12 18  - 42  1 38 26 59 63 65  4 57  - 70  5 25  7 19  6 22 40  - 30 68 23 13 29  - 53  - 28 32 61  - 39 41 37 31 34  - 55 15  - 16  3 49 27  - 67 58 17  - 51  - 48  2 45  - 66 43 10  -  8 52 46 56 54
 38 56 65 15 52 34 45  - 58  8  9 51  - 63 61 13  - 32 17  -  - 60 46 28 12  - 70 50  3  -  2 22  4  - 19 11 30 43 39 23 21 57 10  6 47 31 25 40 41  -  -  -  - 54 59 24 18 26  7  1 44 55 48 20 35  - 67  5 53 49
 40 31 60 24 70 62  - 38 22 10 66 49 48  5 46 69  -  - 56 64 63 30  1  - 68 44 47 65 29  -  4 36 67 11 57 27 53  2 21  8  7 17 54 41  - 58 12 39 50  - 52  -  - 19 25  - 43 18 15 61 59 23  9 26  -  - 35 37 13  6
 13 41 19 40 24 60 17 66 34 12  3 37 22 49 16  - 21 48 15 42 45 18  - 11 69  7  - 67 51  5 54  6 61 43 14 65 39  -  1 46  - 59 32 56 29 25 57 27  8  - 62 10 53 23 38 70 30  - 55 26 28 63 31  4 58 36 64  -  -  2
 39  -  -  - 63  - 60 13  - 34 12 35  - 47 42  - 62  - 18 46  7 37 43 64 61 15 52 45 33 41  -  8  - 29 65  6  - 38 24 36  4  - 30 69  5 28 22 56  - 31  - 27  - 58  3  9 53 66 70 49 50 17 59 32 44 51 48 23 57 19
 51  - 68 47 59  - 48 41 49  - 11  - 58  6  4 53 37 45 62  - 15 52  - 66  7  5 22 31 57 63 43 13 56  - 25 23 27 26 30 34 28  3 69  -  2 67 18  -  - 50  8 32 70  9 12 54  - 55  - 36 21 65 60  1 29  - 40  - 39 42
 66  -  - 13 26 61 19 50 27 29 43 30  - 45 15 10 69 47  - 34 68 23  - 36 14 33 31  - 22 55 41 25  - 58  1 39 11 67  - 52  6 38  5  - 63 62 65 24  9 46 59 56  8  2  - 12 32 35  - 16  - 49  - 53  3 42 54 40 17 18
 65  -  - 34 67  -  - 35 44 64  4 23 55 60 50 40  -  1 20  - 59 11 52 19  - 32 66 48 43 26  6 70  5 54 63 58 49 13 46 17 15 27 39 51 68 38 30 69 31 57 33 25 56 62 36 42 37  - 18  2  3 22 28  8 53 41  -  9  7  -
 69 39  - 55 23  - 11 64  - 22 25 24 27 54  5  - 63 67  2 70 61 36 18 44 65  1 57 30 19 50  -  - 29 52  9 13 33 49 58 48 60 20 66  - 43  -  - 34 17  - 12 53  6 41 51 32 16  7 59 37  - 26 40  - 45  - 28 62  - 10
 53  1  -  - 13 24  -  9  - 20 58 66 40 25  - 49 50 11  - 68 48 42 36 56 55  - 29 32 34 62 19  5 22 15 47 10 64  - 37  3 33  - 35 27 31 63 39 41 28 23 69 30 12  - 65  -  4 45 16 44 67 46 70 18 59 38 61 21 43 51
 47 51  8 30  6 32 31 20  -  -  - 48  -  - 33  4  9 46 40 67  -  - 45 16  - 36  -  7 56 27 28 15  - 26 21  - 35  -  - 24 58 13 29 42 54 44 52  -  1 65  - 12 57 53  - 14  -  - 34 41 10  3 18 17 70 37  - 59 62 61
 28  -  - 45 64  5 41  - 43 15 29  - 17 37  - 65  - 51  -  3 22 69 57 70 59 16 56 62 48  - 26  -  -  -  -  4  9 27  2  - 66 24 63 32 61 39 33  - 36  7 10 58 47 50  - 30 54  8  - 42  - 11 53  - 25  - 38  - 44 67
 58 55  -  4  5  - 37 15 41 13  - 25  2 10 23  - 17 31  - 66  8 59  -  - 34  9  - 64  -  - 70 18 49  - 44 69 50 68 26 60 12 33 57 61  -  - 40 43 46 53  1  - 27 35 45  7 67 32 56  -  -  -  - 39 52 62 11 65 63 16
 19 27  2  - 43 49 16 32  -  3 64 42  - 50 69 58  - 36  - 35 33  - 10 61 54  - 41 14 25 34 51 65 59 46 22 70 62 55  7  - 17  -  - 67  4 40 66 53  -  - 45  8 60 26  5 47 11 30  - 68 18  - 29 15 38 48 63 13 37  -
 41 66 62  -  - 15 10  - 37  - 42  - 68  - 31  6 23 28 35  - 24 16 33  - 26 39 46  4  - 22 48 38 64 59  - 49  - 65  3 57 44  1 47 18 70 60 63  - 45 52 43  9 21  - 34  -  - 53  - 55 20  -  8  - 61 32 29  - 69  -
 15 34 50  3 35 13 29 11  9 18 23  - 14 42 63 33 53 60 67  - 47 21 27 26  6  - 64 16  - 36 37  -  -  -  - 17  - 31 70 54 62 10  7 30 24  1  - 52  - 19 61  -  - 66 49  4 59 40 25 39 43  -  - 45 20 22 12  -  - 28
  - 67 64  5  -  6 18 54 61 30  - 26 47 20 55 46 28  - 32 24 29 50 63  7 22 13 15  9  4 19 35 41  8 39  3 56 65 57 33 27 36 12  - 66 37 10  - 60 42 44 40  1 14 59 48 16 23 38 52 31 11 68 62 69 51 25  -  2 49 58
 20  - 15 25 57  - 23 18 52  - 19  - 16 43 36 50 12  - 30 63  1 38  - 31  -  3  4  - 37  - 14 27  - 70  - 68 61  9  - 58  8  6  - 33 10 54  - 13 21  -  -  -  -  - 42 55  - 34 24 51 39  - 46 62 66  -  - 47 26  -
 30 58 40 51 34 57 22 48 62 21 70  8  - 32  -  5 38 24  3  -  - 19 61  -  -  - 60 12 68 64  7  9 63  4 17 53  - 28 31  -  - 67 14  - 13 65  - 10  - 26  - 52 55 25 66  - 36 42 20  - 15  - 16 29 49 47  - 45 50  -
 60 26  - 59 58 64  - 37  -  - 48  - 25 52  - 43  4 70 46 13 39  - 15  5 53 10 69 41  - 24 31 42  2 63  -  - 32 66  - 14 61 62 19 28 49  7  - 50  - 22 21 18 23 51 40 29  - 11  -  - 38 34  -  - 47 16 45 55 68 30
 49 40 51  -  8 46  9 30 32 44 33 14 34 24 10  - 58 62 37 17 26 15 66 27 29 18 28 43 23 20 61 31 52  3  6 19 56 25 54 69 48 53  4  -  - 21  2 36 12 59 38 47 45 68 67 64 70 22 50 60 41 13  5 55  7 11 42 63 65  -
 63 16 13 10 11 39 34 19 70 31 62 27 38 48 41  -  5 17 58 33  -  4 23 51  - 57  - 42  1 25  - 47 50 44 68 52 54 64 29  6 32  7 37 22 18 66  -  - 40 67 26  -  - 46 61  - 15 14  3 59 24  8 35 49 21 53 30 12 60  -
 56 43 31 23 39 10  - 47 51 55 65  - 20 59  -  - 57  9 42 26 46 53 37 48  - 24 61 34  -  - 12 11 45  6  -  - 22  - 28  - 70  - 50 68 60 52  - 19  5 62 25 13 54 29  1 58 40  - 17  4  -  - 33 63 69  7 66 18  - 14
 54  8  3 19 45 21  - 44 31 28  2  - 13 62 40 18 27 23  - 52  - 22 67 63 47 49 32 57  - 58 42 51 65 56  - 30 36 29 14 35 10 70  -  1 26  -  - 59 38  4  9 16 15 24  6 25 33  - 12  - 68  -  - 48  - 34  -  - 20 64
 48 33 49  -  - 37  7 57 55 65 14 47  6 58 70  -  - 21 29 60 31  9  5 39  3 61 62 56 67 44 22 63 53 17 30 38 42  - 50 41 13 28 25  -  - 23 24 68  - 16 20 40 19 43 64  - 27 10 46 35 36 32 12  2  4 66 69 54 18 34
  -  4 30 48  - 70 20 61  3  - 26 13  - 31  - 19 40 66  - 69  - 24 35  6 44  -  -  5 39  - 59  -  7 67 41 34 23 42 52 25  - 47  - 58 64 22 36 32  - 51  - 55 18 15 62 28 46 33  9 10 45 60 68 16 54 12  - 11  - 17
 17 46  -  -  4 45  8  - 53 58 15 39  - 21  -  -  3 65 19 25 11 10 24  -  - 37 67 20 16 32  - 40 48  2  - 42 66  6 55  - 47  - 44 70  - 27  - 49 69 64 28 54 29  - 31  - 13 36  - 22 57  - 30 52 68  1  7 41  9 43
 16 68  - 49 60  7  1  - 15 17 13  5  - 53 34 44  2 18 65 48 30  - 26 59  - 50 58  - 62 28 38  - 54 66 31 12 43 40 11 51 19 23 42 63 41  9 20  4 55 35 27 36 39 56 14 45 10 67 33 69 61  6  - 57 64 70  - 52 29 47
