3920
 62 18 64 49 61 36 38 21 58 14  -  9 24 53 35 57  4  - 25 48 50 28  7  3 43  - 52  - 60  - 66 29 41 19 16 40 22  -  2 11  - 59 15  8 23  1 46 51 32 69  6 70 67  - 34 17 12 42  - 54 27 33 44 47 45 37  - 31 39 20
 15  - 58 16 39 55  6 54  -  7 34  8 56 30 32 11 13 70 14  - 53 37 38 25  3 65  - 29  - 69 27 41 42 60 28 22 19 62 18 46 17 63 68 33  - 57 43 45  - 52 31 49 20 50 26  -  - 40  - 35  9 44  5 36 21  4  - 10 61  2
 28  - 34 21  -  - 69 56  7 32 50 35  - 20 13 60 64 46 54  3 37 31  - 61 49 44 24 36 26 19 11 65 30  2  6 12 43 67  -  - 10  -  -  - 53 29  - 66  4 22 38 47 39 51  -  -  5 57 41 48 68 27 17 55 42  1  -  8 18  9
  - 50 61 34 26  1 59 48 16  - 67 58 22 25 45  4 69  3  - 38 15 17 36  -  7 24 55 39 20 57 13 11  - 56 63 31 66 21 41  - 47 14  6 70 44 28 65 27 46 23 60 52 51 62 29  8 19 30 53  -  - 10 42 12  - 64  5  9 68 18
  - 52  - 18 47  - 24 67 21  4 41  - 50  6 34 23 14 68 32 10  - 70 46 13  - 59  - 30 12 63 49 33 60 37 61 20 65  -  3 39 57 25  5  7 36 42 66 29 64  - 54 43 26 40 69 22  - 38  -  - 35  - 58 19 28 53  8 62 44 55
  -  - 23  - 48  - 43  - 66 37 27 52 62 39 22  - 60  - 49 11 68 14  - 41  -  - 65  -  -  3 51 21 19  -  - 63 64  7 44 24 18  6 42 67 25  - 38 10 15  - 20  - 69  -  -  - 17  4  - 32  5 58 30 54 34 50 45 40 70 53
 61 58 33  -  - 19 27  7 32 36 40 42 55 23 24  8 20 56 64  6 63  -  - 17 11  -  - 22 39 49 10 51 52  1 65 26 21  5 67 13  4  9 34 30 60  - 29  -  - 50 68 37 38 41 44 31  - 70 14  - 47 18 46 28  - 16  2  -  3 15
 58 46  4  3 19 16 67 31 23 65 70 36 32 21  - 22 24 34 55 53  - 18 57 50 54 12 49  7 28 40 35 60 51  - 56  1 17 38  - 14 20  - 10 41  -  - 26  -  -  - 39 29 25 44 30 15 42 27 47  - 48 63  - 52 43 66  - 69 11  6
 40  3 39 11 15 25 35  2 67 26 43 41 60  - 20 66 18 27 62  8 24 47 31 29 48 52  7 64 44 23  -  - 33 55 53 28  - 22  -  - 49 61 14 58  - 69  5 36  - 37  -  - 70 65 38  - 21 63  - 19 12  - 57 56 10  - 54  1 30 16
 49 55 50  -  6  - 46 25 17 33  - 40  - 65  - 51  -  -  - 61 14 19  - 58 30 67  8 60  -  -  9 31 16 20 57 66 23 54 12 43 41 52 27 39 18  7  4  3 36 29 34 15  - 69 11  2 62 64 68 37 21  5  - 10 32  - 70 13 59 45
 20  - 65  - 70  2 42 39 40 41 33 54 67 63 30 58  -  - 46 13 57 69  1  - 62  4 22 28 59 29 15 17 14 11 37  -  -  - 32 45  6 48 21 16 47  - 61 49 10 26 23 38 55 25 36 19 66  3  - 43  - 51  -  9  - 52 60  7  8 50
 63 30 22 50 59  7 37  -  9 48 62  - 27 10 44 55 43  - 52 57 20  2  6 45 40 47 34 31  -  5 29 15 39 49  3  - 46  - 36 51  -  - 70 12 69 67 41 68 21 13 58 60 33 61  1 64 28 32 23 38  - 66  8 17 53 56 16 18  -  -
 60 13 14 12  - 62 65  4  - 42  -  - 38 55  -  - 33  2  -  -  1 16 44 57  8 10 30 15 54 36 41  - 66  7 43 49  9 40 52  - 39 53 24 51 56 34 25 19 17  5 50  3  - 58 64  -  6 48 70 21 18 61 29 26 22 63 11 68 69 67
 35  -  1 51 56 29 44 24 52  - 13 21 54  - 60 12 11  - 48 39 67 58 63 15  5  - 41 43 55 10 36  - 40 59 25 14  -  - 70 33  - 38 53  2  - 23  -  -  -  6 47 69 18  -  3  - 64 49 66  -  4 50  7 30 46 17 34  - 31 28
 65 11 43  - 36 12  -  - 48 58 57 51  -  8  - 31 44  - 63 68  2  - 28  -  -  -  9 37 38  - 46 32 18 42  1 61 25 53 64 10 69 49 13 55 26  -  3  6  - 39  5 66  -  - 20 67 41 23 52 24 50  7 70  4 30 47 27 45 21 14
 16 41  - 30 17  -  -  - 28 24 51 18 36 58  - 10 39 14 65  - 29  4 47  7 37 70 61  - 62 53  8 38 43 23 11 64  - 50 22  - 25 56 44  5  3  - 32 46 54 55 48 59  9  - 67 68 20  6 42 31 63 52 45 33 27 21 69 66 15  -
  - 31 24 52 35 68  8 38 19  -  - 62  3  - 56 29 49 66  2 33  9 32 42  5  6 14 15  -  -  - 59 47 57  4 45 41 69  - 20 55  - 23 64  -  -  - 22 13 30  7 17 27 11 16  - 26 10 21 67 60  -  - 54 44  - 51  - 43 46  -
 21 23  - 58 55 17 49 13  8 45 10 43 37 29 15 52  -  7 60 27 39 12 67  9 46 11  -  2 22 33 62  -  - 41  5 32  - 36 56  -  1 26  -  3 64 19 18 70 66 44  - 42 31  4  - 38  -  - 25 50 53 57 69 16 14  -  -  -  - 34
 44  - 63 65  - 53  5 20  2 49 24 48 40 34 47 70 32 25 15  - 66 68  - 46  4  - 45  - 29 22 58 39  7 64 12  - 36 17 23 21 37 55  - 18 62 41 52 50 19 57 69 11  -  -  - 14  1 28 27  9 13  -  -  -  6 61  -  3 38 26
 30 29 21 26  - 58 25 23  6  - 18  - 45 11 40  1  - 59 28 15 36 67 64 10 53  - 44  8 33 43 60 22  - 32  -  4 35  -  - 52 24  7 65 13 27 12 17 56  - 48 63 19 50  - 68 49  - 54 46 69  -  3  - 42  2  5 31 61  -  -
 14 42 20 44  7 52 40  - 18 21 38 68 46  3 26 25  1 69 61 56 45 51 23 31 41 66 11 57  -  - 39  6 17  - 24 19  - 49  - 60 29 30 55  4 13 10 62 63  5  - 22 64 53 15 65 32 67 43 59  2  - 16 35 27  -  - 48 33 36  8
 33 69  - 42 60  - 62 14 53 68 54  -  5  -  -  9 46 63 23  - 10 24  - 36 64 20  - 52 70 30 43 61  -  - 44  3 57 56  8 67 11 51  - 50 39 13 59 58  - 66 16 25  -  - 15  - 48 37  4 40 55  - 26  - 35 32 29  - 34 12
  -  -  5 64 34 13 45  -  - 59 19 61 28 57 42 68 67 22  3  - 16 29 17 44 14 48 23  - 53 56 24 37 11 40 30  - 33 26 54 38 32  4 36 27 35 52 20  9 25 63 65 31 46 70 60  1  -  8  -  -  6 62  - 18  7 58 12 50 51 39
 53  2 51 47  - 59 26 68 63 64 14  - 65  5 27  6 25 19  - 45 69  -  - 30 33  3 46 67  7  9 37 28  - 15  4 58  - 39 11 23 66 54 57 34 43 18 40  - 29  - 12 48 60  -  -  - 52 16 38 13 41 24 32  - 36 44 55 70 62 49
  5 64 49 14 53 41  3  -  - 47 37 69 34 45 57 18 38 67  -  - 65 46 62 40 58 50  - 66 15 42 31 68 12 10  - 16  6  -  -  9 30  2  -  - 48  4 54 39  -  1  7  - 44 32  - 33 35 36 11  - 51 29 59 22  - 26 61 63 56 21
  - 56 29  8 43 15 32 66  -  3 20  -  - 16 52 54 41 38  - 55 70 26 18  - 60 45  -  - 27  6 19  - 31  - 51 47 12 34 61  - 13 17  7  -  - 48 63 11  - 64 49 28  - 46 22 44 37  1 57  - 10 21 14  -  - 30 59 24 40  -
  2 47 38 67 68  - 66  9 57 10  - 15 25 40  7 48  - 21 11  - 60 35 69 32 36 61 14  5 17  -  6  3  -  - 59 65 20 31  - 19 27 45 12 26 49 50 37 23 44 70 53 55 56 64  - 52 16 62 24 39  8  1 22 58 51 54 28  - 33 41
 12 15 62 57 20 34 39 49 69  8  -  3 43 32 68 14 52 10 19  - 41  7  9 16 31 26 59 61  6  - 67 58 56 35  - 60 42 28  - 36 46  - 51 53 55  - 64  5 18  2 66  -  - 54 48 24  4  - 21 47 45 38 50 11 70 25 33 37 29 30
 29 53 54 32 64 57  1 52 51  - 23 39 20 17 67  2 66 48 18 37  5  - 43 14 35 63 10 13 36 41 65 12 50  9 42 55  - 15 19  - 34 62  - 21  - 11 49  7  8 25  3 40  - 45 24 70 56 31 61 30 46  4 28  - 33  - 44 22  -  -
 45 38 41  -  4  -  2 51  3 61 26 64 21 24  - 35 58 23 42 29  8 63 48 33 28  9 40 34  - 25 55 57 36  - 32 15 53  1  6 54  7 20 46 44 19  - 31 47 50  - 59 12  - 11  - 62 27  - 30  -  - 69 49 13 39 10  -  -  - 43
 25 70 26  1  - 30 48 27 54 69  -  - 12 42 64 19 31 16  -  - 58 50 39 62 38 41 60  6 52  2 20  - 29  -  7  -  -  9  - 22 35 28 67 37 51  - 44 40  - 46  - 21 15  5 14 36 11 45 33  - 57 68 10 63 66  -  - 65 43 24
  8 62 16 61  - 51 55 64 15 50  6 70 39 27  -  -  - 52 10 28  -  -  - 56 34 46  5 18 14 24 69 66  - 31 48 57 38 44 47  3 21 19  9 22 67 63  - 33  -  - 36  - 37 49 41 58 43 65  - 53  2  -  1 59 60  - 13  -  4 17
 54 57  -  7 12 65  -  - 31  - 63 24 26 43 49 46  - 18  - 21 34 22 13 55 19  -  -  - 66 11  5 10  - 62 38  9  - 20 40 30 15 41 69  -  4 35  - 52 27  8  - 16 61 59 58  -  -  - 32  6 64  - 39  -  -  - 53 28  2 44
 59 12  - 22 11 69  - 50  - 34  1 49 30 26  -  -  2 39 45 31 54 64 27 21 68 18 66 20  -  4 28 56  8 17 67 43 40 58 60 65 62  -  -  - 33 14 48 42  3 47 15  7 16 55  -  -  9 46 19 10 44  - 25 38 24 36  - 35 37 61
  4 43 59 46 66 56 60 11 34  -  - 32 61 49 31 27  5  -  7 70  6  3 51  -  - 16 53 40 19 38 64 30 55 28 39 17  -  - 48 62 23  - 18 42  - 54 15 41  - 14 21  - 47  9 25 50 57  -  1  - 36 67 63 37  -  -  -  2 12 33
 22 21  - 69 25 54 50  - 10 57  - 29 64 48  1 34 70 40  4 66 59 33 30  - 12 58  - 11 41 39 63 62  5 53 46 67 18 42 38 27  8 60 20 31  6 61 23 32  9 51 14 35 24  - 37  7 13 15 36 26 28  -  -  -  -  - 49 52 17  -
 66 10  - 37 27  4 63 15 64  -  - 22  8 52 48  - 51  -  - 17 49  - 40  1  2 31 38 46 65 16 57 69 28 50 60 70  - 55  5  - 14 18  3 62 54 21 24 25 23 41 67  - 29 56 61 11 30 12  6 33  - 19  - 68 59 13 36 58 45 42
 42  9 40  - 29  5  4  - 26 51  - 66 49 41  - 67 45 36 70 50 12 27  - 47  1 13 28  - 31 64  - 54  2 43 52  7 48  - 21 57 53 11  - 46 14 22 30 59  - 32  -  -  - 20 62 56  - 69 18  8 60  -  6  - 17 33 39  - 35 25
 27 63  - 56  9 35 52 57 38 18 11 55 15  - 69 65 40 53 29 42 64  - 21  - 13 54 50 62 46 37 48  -  - 70 68 51 14  - 49  4 22  8 33 17  -  - 19 43 67  - 26  - 10  3 12 39 59  2 34  -  -  - 36  - 20 31 32 41 66  5
  -  - 12  -  - 39 14 62 50 11  2  -  - 67  6 36 16 32 21  -  3  - 59  8  - 25 47  - 10 45 22  - 27 26 58 53 37 68 34  -  5 70 66 54 61  - 55  - 31  -  -  - 48 33 63 41 65 44 15  -  7 28 13 24 56 42 18 51  -  4
  - 20 48  2  - 10 54 42 29 15 45 28 33  - 21 40  8 55  - 25 19  - 65 69 26  - 70  - 64 18 52  - 32 12  -  5 49 41 30  - 50  - 35 56  1 46  - 17 63 61 11 57  3 47  9  -  - 24  -  7 38 22 60 67 31 62 66 39  - 68
  3 37 53 39  -  - 51 29 12 19 69 11 63  - 61 49 17  -  9 32  4 56 68 26 66 30 20 55  5 35 70 59 13 65  - 46 15 60 43 25  - 21 58 64 52 27 36 18 62  - 33 41  2 24  6  -  8 67 54  - 22 42 38 31 16 57 10 44 23  7
 67 24 69  - 23  9 29 55 43 54 21 56 14  -  - 33  - 62 26  - 52 66 11  -  -  -  4 53  -  -  2 50 44 36 49 37 70  - 68 18 16 31 32 47 45 51  8 30 65 42 41 34 35  - 46 60  - 39  7 28 15  -  3  - 57 19 25  5  1 27
  -  6 67 68 24 11  - 70  -  5 28  2 53 44  4 43  - 60 12 23 42 52 55 49 32  -  - 65 35 51  -  - 58 66 17 29 63  - 16 26  -  3 38 36 59  8 13 15 48 54 19  - 14 30  -  - 40 50  - 22  1 37  - 39 61 41 62  -  - 10
 50  - 17  - 16 26 41  -  - 43 61  - 57 19  3  - 30 58  -  - 46 36 45 12  -  6  - 24  -  7 25  5 10 68 18 56 52 70 55 15  - 33  2 40  - 59  - 44 11  - 29  - 28 37  -  - 23 20 64 63 54 32 27  -  - 39 35 49 48 62
  7 34 57 27 45  - 28 18 11  - 66 12 23 70 55 17 47 31 69 20  - 10  4  -  - 38 54 41 63 48 21  1 26 16  9  6 58  8 37  - 36 40 56 19 22 65  - 35 24 30  2 67 43 68 32  - 44 29  3 61 39 59 62  - 15 14 52 46 50 60
 38  1 55 43  -  - 47 60  - 70 59 13 48 18  8 64 19  - 50 54 31 39 25 23 51 29 37 32 42 17  4  -  - 45 66 52 44  3 26  - 67 24  - 63  5  - 69  2 22 34 30  9 62  - 33 57 68  - 65 58 20 35  - 40 12  - 14  - 10 11
 52 32  8 10  5 28 58  6 56 40 36 45 13  2 59 39 53 12 66 69 23 49 60 27 57 51 62  -  - 67  -  -  - 30 14 21  - 29  - 44 38 46 25 48  7  3 68  - 33 15 55 26 22 43 50 34 61  - 37  4 70 54 20 64  1  - 42 11 63 19
  9  -  2 24 33 70  7 59  - 28 30 26 11  1 10 37 42  - 39 46 17 65  -  - 55 35  3 25 21  - 53 34 15 29 31 23 45  -  - 66  - 68 49  -  -  -  - 61 58 16  - 54 64  - 18 13 63 51 60  5  - 12  - 48 47 27 67 36 57 40
 18 22 37  -  -  - 10  - 55  1 68  - 44 66  -  7 65 64  8 58 40 59 33 53 21 57 12 45  9 60 17 24 49 25 13 42 62 51  - 31  - 47 52 20 30 39 70 34 16 43 27 61 19 23  -  6 50 35  2 14 56  - 67 46 11  3 15 48  5 69
 37  4 25 45 50  6 20  1  - 62 12 10 19 61  5 56 21 33 22 49 18 44 70 35 24 42 39 51 58  -  -  8 63 47 54 11 60  -  7 48  2 15 31  - 16 43 57 38 69 17  - 32 36 53 23 65 29 34 26  3 30  9 40 41 55 59 64 67  - 66
 36 17 13  6 58 24  - 53 65 46 64 33 66 68  -  3 15  5  -  - 44  - 29 20 39  - 51  -  - 21  -  -  4  - 27 50 10 48 59 56 54  -  - 38 70  - 28 12 14 19  - 45  - 35 43 25 34 52 22 42 23  -  2  - 26 67 57 47  7 63
 46  - 66 33 42  - 22  5 13 20 60 63 18 51 37 53 50 11  - 62 28 21 41  - 52  - 16 70 45 55  7 64 48  - 29 30 47  - 35 17 12 32 61  1 57 36 56  -  6  3 44  -  8 27 10  9 38 68  -  - 26  -  - 69  -  2 19 59 49 54
 34 40  - 66 31  - 53 33 24 30 44 38 68 28 16  5 35 65  -  - 22  - 49 59 50 69 56  -  1 12 23 14  -  3 26 39 11 43 15 61 60 10 45  9 29 58  - 64 57  4 62 36 21 17  8 55  7 18 63 67 42 47 37 25 41  6 46 27 52  -
 47 16 46 63 52  3 34 30  - 67 22 25  - 13 53 28 10 57 44  7  - 38 15  4  -  - 48 14 68 50  1  -  -  - 21 54 56 59 42  2 70 36 17  - 24 55 27 60 35  - 43  6 12 29 40  - 69 19 20 18 58  - 66  5  -  - 37 26  - 64
 56  7 27 20 32 45 15 28 35 13  -  - 47 64  - 63 54 49 51 65 61  -  - 19 10 21 69 23  - 31  - 16 25  - 40 38 39 33 17 41  9  - 50 29  - 68 67 48  - 60 18  5  - 42  -  4 26 55 58 66  - 36 11  -  3  -  1  - 24 70
  - 51  7 60 49 32 56 36 30  - 48 27 17 69 70 38  3  4 16 22 33 45 19  -  9  8 42 50 61 59 54 26  6 39 41 44 29 13 10 64 43 66  1 24 58 47 53 14 52  - 40 62 34 18 57  - 31 25  5 20 65 46 55  2 23 15 21  - 67 37
 31  - 28 70 13 50  - 47  - 60  5 30 41 33 14 20 55 37 67  - 48  -  - 51 45  -  2  - 69 66 44 36 62 34 23 27  4 65 57  8 58 12 22  - 63 32  6  -  7 21 35  - 54 38 19 10  -  9  - 56 11 25 16  - 68 29 26 17 42 46
  -  - 18 13 22 63 21  - 39  -  -  5  6  - 50 44 59 54 38  9 25 42  -  - 56 23 58 35 67 15 30 43 68  - 19 36 41 52 66 16  3 64 26 57  - 62 47 24 70 10 45  - 49  7 27 28 46 14 51 29 37  - 65  -  - 55 20 60  - 31
 13  - 31  - 65 66 12 35  - 38  7  -  4 22  - 61  9  8 41  1 30 55 26 43 70 17  6 68  - 54 50 53 45 46 69 34  3 32  -  -  -  - 19  - 37  2  - 67 56 40 64 18  5  - 52  - 60 59 28 27 49 15  - 62  - 20 24 25 58 47
 57 19 36 62  - 20 70 22 68 66 49  7  2  9 46  -  -  -  6 35 55 13 24 38 18 27 29 48  3  - 12 63 64 21 15  - 51  - 69 50 44  5 43 61  - 60 39 54 41 53 25 56 45  1  4  -  - 10 16 11  - 14 31 65 52  8 17 23 28 58
 43  -  9 17  8 42 64 10 59  - 52  6  -  - 11 16 23 51 57  - 35  - 22 34 69 53 25  -  4  -  -  - 21  5  - 18 54 63 46 28  -  -  - 60  - 66 33 65  - 12 37 14 13 19  7 30 32 61 44 45  3 20 24  -  - 38 50 15 41  1
  -  5  3 28 54 49 33 65 45  9 35 34  - 15 38  - 48  1 58 41 47 60  8 66 25 22  - 44 23 46 40  - 61 14 55 13 67 12 62  - 59 37  -  - 32 20  - 26 39 31  - 50 30 57 53 63  2 17 69 36  - 56 52 21  -  - 68 42 19 51
 68 26  - 40  -  8 36  -  4 23 29 47 10 54 18 21  6 30 31  5 38 41  - 70  -  - 33 19 25 44 45 13 22 52 35 24  - 27  9 53 51 50  - 14 11 37  1 69  - 62 42 39 65 34 66 46 55  - 43  - 17 60 12 32 64  -  - 56 20 48
 17  - 30 15 57  - 68 69 60  6 58  -  9 36 41 50 37 61 59 63 27  - 20 39 22 19  - 12 13 28 18  4  3 67  -  - 32 11  1 29  - 43  -  - 21  -  7  8 47 24  -  2  - 66 70  - 51  - 31 55  - 65 33 45 25 49  - 64  - 23
 24 60 70  -  3 67 16  8 14  -  9  -  1 35 29  - 27 50 47 30  - 54 58  - 44  - 32  - 56 52 61 46 59 38 10  2  5  - 33 63  - 34  - 66 68 45  -  4 20 65  - 13  6  -  - 12 36  -  - 62 69 41 19 51  - 40  7  - 64 22
  -  -  -  9 44 21 11 41  - 53 47 65 58 62 39 32 28 43  5  -  - 30 50 54 67 37 13 27 34 20 14  - 69  8 64 48 24  - 31 59  - 42 60  6  - 40 12  -  2  -  - 51 57 22 16  3  - 66 56 17 33  - 61  - 49  7  4 38 55 29
 41  - 60 54  2 23 31 63 33  - 32 50 51 46 25 59 36 15 53 26 21 34  5  - 61 28 57 69 43 70  -  - 20 27 47 10  8  - 14 12 45  - 62 68 66 64 35 55 42 11  -  4  7 48 17  - 49 58 40 65  - 39 18  1 38 24 30 16  - 13
  6  - 32 23 38 18  - 45  -  -  -  - 16 60  - 62 12 47 40  - 51 11 34 63 15  7 64 26 57  - 42  - 37  -  2  -  1 66 24 20 33 39 54 69 10  - 50 21 28  - 56  8  - 52 49 43 14 22 35 46 29 53 48 61 19  9 41  4 25  3
 55 14 42 31 10 64 17 19 36  - 46 60 35  -  - 69  7 41 30 16 11  1 37 24 20 68 63  9  - 61  - 70  - 48  -  - 26 23 39 32  -  -  4 59 40  6 34  - 12 18 13 44 66 67 21  -  3  5 62 15 25  2 51 57 50 22 58 29 53 52
