3920
 37  - 68  4 49 64 47 11 36 67 53 27 31 12  -  - 18 46 66  - 29 30 50 39 21 25 44 61 22 55 48 63 33 34 56 13  6 59 23  -  - 17  8  - 65 19  - 43  1 42 26  9 16 52 15  - 41  2 20 14 32  - 62 45 51 38 57  7 70 60
  - 65  - 21 51 42  2  - 64 61 60 63 56 37  - 18 16 53  - 70 54 14 12  - 29 59 55 68 24 20  4 57 47 33 36 10 46 44 28 49 67 39 19  7 66 11 52 15 58  -  - 62 13  -  9  - 48 35 38 26  -  - 30  -  -  - 41  -  6 34
 35  - 33 63 57  - 62 46 67 60  - 48 27  3  -  - 69  1 19 15  9 43 17 28 16  - 29 12 21 56  - 38 68  5 41 26 14  6 42 66 31  8 11 58  -  -  - 70 22 10 59 49 20  -  - 30  2 64 24 61 40 44 36 50  - 34 37  - 23  -
 16 55  - 18 33 68 44  - 60 35 43 49 58 41 15  -  2 59  7 48 36 42 19  -  - 39 50 10 54 38 11 12 14 23 70  8 69  - 56 34 52 31 57  5 27  - 40 28  -  - 37 53  - 47 63 32 17 26 65 22 29  -  3 61 46  1 21 51  9 30
  5  6  - 49 41 37 66  8 61 32 30 35  -  - 22 43 45 65 16 31 68  - 38 36  - 53 14  - 48 46 60  3  4 70 69  - 63 52 33 28 64 19 25 20 18  2 12 47 23 34 40  - 24 56 54 62 15 10 58 39 13 27 26 67  1  - 42  - 11 29
 24 53  -  3  - 30  7  2 47 16 34 69 19 45 29  -  6  - 64 10  -  - 20  9 56  - 11 48 28 61 58 22 23 42  - 25 33  -  8 50  - 44 65  4 55 36 59  - 39 52  - 31 15 43 70  - 60  - 40  - 54 51 63  5  - 62 35  -  1  -
 59 22 15 17 47 18 41 42 26  -  - 54 64 10 68 37  9 14 23  - 33 39 36 67  1 44 38  6 66  - 19  - 13 27 61 12 21  - 69 29  -  - 63  8 53 16 35 48  -  5 43 57  - 40  2 20 46 24  4  -  7 58 50 34 30 11 56  3  - 51
  - 49 19 51  - 54  - 25 13 22 48 66 45  2 35 10  -  - 65 56 18  - 42 27 32  -  - 59  9  3 39  4 29  - 16 40 62 68  -  - 60 55 26 63 12 21  - 64 61  -  - 52 30 15 53 58 28 50  - 47 43  - 38 69 57 14  7  8 31  -
 64 66  2  -  - 26 29 24 12  - 55 36  - 46 30  9 21 56 57  3  - 33  - 41 20 48 16 34 42 65 51  - 18  7 39 38 53 28  - 31  - 37 32 62 17 69  - 45 59 70 68 15 22  - 11  4  -  6 13 19  - 40  - 60 23 58  - 52 67  1
 67 45 44 32 23  -  3  - 28 15 63 18 35 51  - 13  -  - 49 52  -  2 39  - 60 31 33  7 14 26  - 34 42 29 17  9 20 55 50 61 30 41  - 56 22 37  1  - 68  -  - 24 11 58 69 65 12 59 25 64  6 47  - 21 62  8 38 57 36  -
 56 63 50  9  8 52 26 60 48 49 54 34  5  -  2 62 10 45  6  - 12 61 47  - 65 32 23  - 25 11 43 58  - 36  - 46  7 53 37 18 55 68 33 29 16 27  4 30  3 15 42  -  - 24  - 14 35 69  - 66 19 59  - 40  - 64 31  - 38 22
  8  4 54 27 58 44 40 63 62 51 65 13 52  9  - 29 11  - 39 69 22 49 37  - 34 23 28  3  -  -  5 46 43 10 24 31 16  - 12  -  7 61  2  - 70 67 18  - 57 68 45  - 26 17 32 36 56 14 21  -  - 64 53 30 47  -  -  6 50 42
  6 23 41 34  2 50  1 14 20 43 51  -  - 33 59 67  - 11 40 49 69 19  - 46 44 56  7  - 10 24 26 54 57 25 47 60 13 37 70 52  - 29 27 38 48  8  5  9  -  - 64  - 17 22  - 68  - 62  -  - 16 55  - 35 18 53 66  - 28 36
 48 21  - 38 29 69 63 67  5 37 44  - 12 50 18 32 66 40 25 22 52  6 28 58 11 45 56 26 64 53  2 15 19  -  - 41  3  - 51 24 33 57  - 68 13 30  -  -  4  -  8 39 42  1 16  - 27 36 43  9 65  - 61 10  - 47 59 35 54  -
 69 64  4  - 18 51 11 21  - 17 50 28 47 16  - 49 14 54 68 33 19 48 67 44  - 15 42 63 57  - 36 31  - 59  -  -  -  - 10 26 41  - 60  2 58  7 43 25 45 40 34 29 66  3  -  -  1 70 53 38 30 65  9 24 56  6 13 61 39 20
  4  - 30 48  - 21 60 23  - 68  - 38 59  - 63 26  - 44 70  -  -  - 41  8 47  - 15 50  - 34 49 67  - 64  - 11  1 29 53 54  9 24 35  - 46  -  6 37 25 17 58 18  2  - 66  - 10 16  5  - 39 12  7 22  -  - 36 27  3 69
 15 41  8 14  - 33 20 28  7 23 40  4 43 27 17  -  -  - 37 12 53 69 29 47 68  3 21 11 52 32 63 24  1 50 49  - 35  - 62 39 57 36  -  -  -  - 10 66 38 44  6 42  -  - 18 25 51 31 22 16 26  -  - 65 67  2 55 70 56 58
  - 58 10 30  - 41 36 20 59  3 49  - 63 70 64 15  - 69  - 18 42 62 33  - 28  - 48 23  7 12 54  - 26 56  8  -  5  - 32  4 51  - 40  6  - 47  -  - 50  9 57  - 35 65 29  - 11  1  - 44 53 61 67  - 25 46 14 66 22 16
 23 33 48 64 62 61  8  - 29  2 22 60  1  - 54 25 59  - 55 19 67  - 35 16 12 18 13 21  4  6 69 51  - 31  - 34 40 15 58  5 56 70 36 39 42  3 26  - 17  - 47  - 57  9 20 41 66 49 63 50 45 28 68  - 24 65  - 46 32 38
 43 56 38 44 53 34 37 39 23 13 46 14 49 61 25 66  - 18 17 24  1 20 69 65  -  5 41 55 63  - 50 11  -  2 64 33 58 12 48 67 36 42  - 16 30 59 27 68 54  4  - 28  - 51  - 29  3  - 31 45  - 57 70  - 32  - 26 62  -  9
  -  - 46 56 19  -  - 68 41 26  4  - 24 15 21  3 70 48  - 53 51  - 30 49  -  - 37 36  8 50  - 66  -  -  - 35 61 45 65  - 17 34 58  - 60  - 13 57 62  - 20 27 69 29 14  - 64 25  - 67  2  1 11 43 55  - 63 44 12 40
 14  - 42 65  - 67  -  5 70 11  -  - 39  - 32  -  -  - 34 45 58  - 64  - 55  - 53  -  - 21  -  - 62 28 40 18 15 47  6 56 23 49 29 37 41 24  2 20  8  - 60 54  7  - 50 59 63 17 61 51 12 46 27  - 43 36 69 30 57  3
 27 19 59  -  - 13 32  - 38  4  - 29  -  5  3  -  - 25 45 28 60 44  -  -  8 63  6 46 33 51 22  7 70  -  - 43 65 69 61 36 68 11 37 42 34  - 41 31 55  - 16 40 53  - 49 64 18  - 47 12  - 24 66 48  9 52 58 17 21 14
 29 60  - 55 66 15  - 13 24 70 41 50 51  4 42 34  3 61  1  - 59  8 18 63 25  7 40 52 16 57 31 65 22 19 20 67 32  9 68 46 35 62 53 47  - 17 21 33 69 58  - 56 12 54 37 27 14 48 45 10 44 43 49 28 64 39  6  -  -  2
 13 61 22 60 17  9  -  -  4 19 27 33 10 69 41  6 36 34 28  - 16  3  -  - 49 62  -  - 50 23 57 55 52 43 35  1 11 42 54 47 53 51 45  -  -  -  - 63 44 18 15  - 56 70 68 48 32 65  7  - 37  5  -  - 29 31 20  -  -  -
 58 25  - 42  6 56  - 35 37 40 20  -  7 18  - 46  1  5 32 30 34  - 14 13 38  8 10 28 29 41 64 59 49 66  3  - 19 39 11  2  - 27 69 67 47 53 44 36  9 55 23  -  - 21 24  -  - 63 54  - 57 31 15 12 68 70 52 22  -  -
  - 37 58 36 40 57  -  7 33 10 59 65  3  - 13 60 20 50 53 47 49 24 54 52 14 66 69  - 62 42 67  -  -  1  -  - 70 27 31 11 12 26  4  - 15 61  9  - 48 22 17  2 63 45 39 38 44  5 56 28  8  - 21 29 34 32 18  -  - 43
  - 62 24  - 55 65 31 15 45 14  9 32 25  - 37 16 27  - 11 50 30 46  7  - 18  - 59 20  -  - 10 56  - 35 29  -  - 63 49 17 47  4 43  1 40 33  -  - 13  - 67 12 36 42  -  - 58  - 64 70 21 22 52  6  8  3 51 41 44 57
  3 46 61 24  5  2  - 56 11 44 15 19  -  8  7 55  - 16 63  - 40 60 52 69 41  1 45  - 67 70 17 10 48 58 31 32 37 51 21 33 62 25 68 35 50 22 28 65 14 54  4 38 49  -  - 39 43  -  9  6 42 23 57  -  - 13 34 20 30 18
 38 11  - 53 64 40 18  - 31  -  -  - 55 24  - 61 34  -  - 21 70 56 68 35 17 26  - 62  -  -  9 39 63 15 66 47 36 67 27  1  - 43 12 44  - 48 32  6 19 65 30  - 14 33  -  - 49  4  2 57 22 50 10 20 52 29  3 16  8 45
  - 30  - 35  -  7  - 64 34  5 62 17 42 56  -  - 12 47  4 11 37 36 16  - 63 65 27 39  1  - 53 14 51  6  9 58  - 48 18 70 45 38 67 23 59 13 49 24  - 32 69 22 40  8  3  - 29  - 50 46 66 21 60 57 54  -  - 26 41 28
 26 48  -  - 30 35  - 44 18  1  -  3 41 49 45 23 22 28 13 51 39 38 43  - 46 58  9 31 32  - 42 53  - 68  - 66 24 17 67 20 70 15 10 59 64 62  - 54  - 16 14 65 47 69 52 60 37 57 34 63 61  - 55 36  - 40  2 21 29 12
  - 52 32 28 68 14 21  - 15 57  3 64 69 25  -  1 39 41 46 66 11 17 27  - 40 12 61  -  - 62 35 47 58 22 42 20  -  - 36 37 38  -  - 10  2  4 24  7  - 33  - 51  -  - 56 54  6 67 60 59 48 63 34 16 26 44  9 29 18 55
 54  3 36 50 15 62  -  -  -  6  - 39 14 35 27  4 26  - 22  - 66 65  -  - 70 16 20 45 12 30 38  - 46 11 59 63  - 34 29  - 10 18 56  - 32 58 33 44  - 51  -  - 41  - 28  - 13 21  - 52 64  - 25  8 40 60  -  - 69  -
 57 17 27 70 44  8 38 69  - 28 47 31 15 59  -  - 54 23  - 20 65 21 58 48 51 14 68  -  -  7 41  - 45 63  - 16 66  - 35 25 11  -  5  - 52 29 34 60 36 53 62 37 61  - 67  - 19 22 49  - 55 42 43  2  4 18 39 64 46 33
 46  - 37 57  4 29 56 53  - 66 28 41 32 17 36 27 44  3  9 65 20 23  - 34 45 24  2 64  - 22  - 60  -  - 26 48  8 31 15 62 40 35  1  - 11 12 70 16 43 63 13 47 55  -  - 18  - 38 33 58 59  7 14 25  -  - 49 10 52 50
 61 34 67  6 54 47 16 51  3 69  - 24 60 11 19 41 68 39 31 13  2 70  - 59 52 55 17 22 56 40  - 20 30 32 44  - 45 38 57 15  5  1 62 18 63 43  -  - 49 14 25 50  - 35 65  9  7 28  8  - 33  - 12  - 36 48 27  - 26 53
  -  - 53 67  - 31 57 50  -  - 69 37 46 66  - 40  - 32 24  - 63  - 55 29  - 61  - 49 18 19 25 44  - 39 60 42  -  - 41  - 26  - 14 36 56 68 17 22 51 13  3 58 33 11  - 21 16 23 70  8  -  6 47  4  - 54  -  2 20  5
  -  -  - 43  3 70 50 54 10 63  -  2  9 64  - 36  - 30 41 27 23 58  4 68  - 57 62 37 26  1  - 42 16  -  5 65 44  7 40 45 66 60  - 69 28  - 29  - 18 47 53 14  8 55 31  6 20 52 46 35 25 15 17 33 22 12  - 38 51 11
 25 38 40 62 20 28 39 57  -  8 13  - 23 31  9  - 51 35 60 46 26  - 66  - 42 54 58 65 27 63 12  2 17  3 37 61 34 41 47 43 16  -  - 64 33  - 36 67  - 29 49 11  6 59 44 45 68 55 32  5 52  - 69  - 48 56 15  - 14 24
 53 27 64 11 43 16  6 37  9 36 33 12 22  - 62 35  - 31 10 34 46  4 24 26 23 40 25 13 70  - 52 61  7  - 68  - 30  - 38  3  8 67 48 65 19 15 60 17  - 28 54 32  - 49 59  2 21  - 66  1 14  - 45 42 58 55 47 50 63 39
 36 13 65 37 34  - 67 55  - 39 18 40 17 54 38  - 50 70 51 25 57 64  -  -  6 27  1  - 44 29  - 35 41  - 43  -  - 62 24 12 63 52  - 26 23  5 22 56 10 61 48  - 68 28 58 15 31 30 16 33 47  -  4 49 14  -  -  9 42  -
 30 68  -  1 65 49 33  - 39  7 37 11  2 47  6 24  -  - 58  - 21 41 40  3 53 64  8 38 61 60  - 27 56 48 15 45 31 36  9 22 25 69 55 70  -  - 66 18 46 35 32  -  4 23 10  - 26 20 57 54 51 14 16 19 50 28 43 63 17 44
 49 69 62 52 67 22  - 70  -  - 35 30  - 57 47  7  - 38 26 58  6 63  1 45 31  2 66 33  - 43 61 23 36  -  - 14 42  5 60 27 24 56 39 28 51 40 16 41 29  - 21 59 18 68  -  3  -  - 12  -  - 54 19 46 20  4 50  - 10  -
 65 12  7 22  - 27 48 10 25 42 11 56  - 34 66 17 40 58  - 16  - 47 62 23 26 20  3 30 39 31  - 41  -  - 21 53 57  -  5 14 54  -  9 24 44 46 61  8 52 43 19  6 70 37 45  - 67 51 36  2 50 69 29 55 60 35 64 13 49 63
 52 50  1 39  -  5 64 47 44 34  8 10 70 36 49 68 15 24 20  4 28  - 23 51  9 29 43 14 31  2 16 17 54 61 63 30 60  3 22 40 27  - 46  -  - 42  -  - 37 69 18 35  - 67  7 53 57  - 11 65 56 41 32 66 12 59 19 45 33  -
 33 14 23  7 36 20 25 31 17  -  6 43 21 60 44  - 28  -  -  - 35  - 13 10 50 30  5  8 58 66 34 69  2  - 22 52 41  - 26  - 19  -  - 49 39 18 68 42  - 67  9  - 27  4  1  - 45 12  -  - 70  -  -  - 53 63 16 11  -  -
 47  - 12 54  7  3 51  -  2 62  - 70 16 22  1 44  -  - 56  -  5  - 10 21  - 42 30 19  - 64  8  6  -  - 25 15 39 20 14 38 61 13 50 11 49 57  -  - 28 46  - 41 58 66 35 52  - 43 23 29 24 18 33 17  -  - 60 59 53  4
 45  - 29 41  - 38 28 61 54 65  - 47 26 62 14 22 67 66 21  5 64 18 56 32 36 49 34  - 46  - 40 68  - 53 13 59 48 57 17 51  2  -  6 31  8 50 58 12 15 30 44  1 37  7 60 10 69 11 39  - 63  - 23 27 16  -  -  -  - 35
 19 29 31 61 12 66  -  6 51 58 64  -  -  7 11 39 30  9 67 44 43 22 70 14  - 28 24  -  - 17 59 21 53 54  - 55 56  8 52 16  - 48 41 60 57 45 20 46 32 26  5  4  3 38 36 63  - 68 62 69 27 25  2  1  - 50  - 15 34 37
 18 43 35  - 11 17 19  1  - 64 52  - 29 48 61  - 23  -  - 40 62 51 44 24  - 21 46 53  -  - 65  8  -  - 32 39 25 26 16 58 13 50 20 22  - 28 31  3 27  - 56 68 60 34 38  5  4 15 14  7 36  -  - 41  -  - 30 49 59 70
  - 28 26 15 37 58 68 32 65  - 21 25 57 52 46  2 53 42  8  - 56 31 51 70  5  9 22  4 30 36 20  1 24 14 12 62 38 11 63  - 39 40 47 17 10 64  -  - 67 49  7 16  - 19 61 35 33  - 44 13 18  -  6 59 41 43 23 48 27 66
  -  5  - 19 56 63 43  -  - 47 57 59  4  - 58 42 41  6  3  - 14 55 49  7 61 52 32 29  - 28 37  - 60 26 33 21  -  2 44  - 20 16 23 48 24 70 38 51 12  8 35 30  1 27 46 50  -  9 18  - 11 45 54  -  - 17 62 34 64  -
 41 42 47 12 25  1 15 30 53 18 58 22 34 26 57 59  5 10 48 43 55 40 46 38 33 11  4 54 35 16  - 50  - 62  2  6 17 61 19 21 37 45 44 66  9 65  - 29 70 39 24  - 32 63 13  8  -  - 51  - 49 36 20  - 27 23 28 31 60 67
 12 26 21  - 69 53 23 65  8  - 45 52 38 40  - 51 55 67 43 17 50 27 34 30 22 10 60  - 59  - 24 32  -  - 58 68 54  - 64  -  3  7 15  9  6  -  -  1 35 36 61 66  - 14 57 19 62 42 29 56  4  2  - 70 31 37 46  - 47 41
 42 47 20 40 22  - 45  4 66 56 36 61 28 58 16 48  - 60  - 37 41 68 11 25  - 50 39  2 49 52 44 33 34 69  - 24  9 18 55  7 29  -  -  -  3 35 51 21  -  1  - 63 43 12 23 70  8 13 67 27 38 19 64 54  - 57  5 32 65 10
 63 10 18 26 35 45  5 33  1 24  - 20 40 68 52  -  8 21 44  6 47 32 53 62 57 36  - 15 11 58 27  - 65 13  - 56 50 25  2  - 49 64 17 61 37 66 55 23  - 38 22  3  - 41 34 43 30 19 28 42  -  4 39 51 70  9 29 60 16 46
 62  9  -  - 13  - 54  -  6 33 26 57  - 32 34 64 58  7 14 38 31 59 48 12 69 17 47 40 37  - 45  - 10  8  4 36  -  -  3 63  1 20 42 15  - 41 53  - 24 19 51 67 25  2 30  - 23 46 55 21 60 66 56 11 39 27  -  5  -  -
 21  2 70  - 59 24 69 22 57 53 29  -  - 55 65  -  - 27 35 64 17 13  - 37  3  - 49 67 60 39  -  5 40 46  -  7 68 14  1  -  6  9 66 54 43 56 15 61 11 41 12 45 50 16 26 42 36 33 30  - 28 38 44  -  - 51  - 58  - 19
 32  -  6 58 50  -  - 45 16 52 38 51  - 21  - 69 29 68 47 23  3 66 15 33 30 22 18  9 55 10  - 43  8  -  - 70  4 35 13 64 46 12 31 27  1 26  7 34 42  - 63 36 44  5 19 17 54 39 59 41 20 53 65 62  2 67 25 56 37 49
 17  7 13 66 32  - 27 48 43  - 12 53 65 42 51 56 19 62  -  -  8 34 57 18 39 46 70 24 40 67  -  - 37  - 38  -  -  -  4  - 22 47 54 25 20 60 30 49  -  -  - 33  - 10 55 61  9  3 15 36  5 68  1 63 11 69 44 14  2  -
 51  8  3 16 31 36 12 40 42 45 39 44 48  - 43 21  - 63  - 68  4 35 22 55 64 47 19 27 17 18 15 13  - 38  1  2 28  - 46 41 34  -  - 57  -  - 25  5 66 50 10 26 29 61 62 69 59 60 52 53 23  - 37  9 65  7 11 33  - 32
 44 36 60 45 70 55  - 19 30 12 31 42  -  - 39 58 33  - 61 57 38 15  9  - 54  - 26 51 41  4 68 16 28 18  -  - 49 10 43  6  -  - 52 21  7 20 47  -  2 27 50 23 65 46 22  - 53  - 69  -  3 35  - 32  -  5  1 40  - 56
 60  -  - 68  - 23  - 38 58 48  -  -  - 63 56 70 46  - 12 39  -  - 65 61 10 41 54  -  5 44  - 64 25 20 57 69 22 49  7 55 50 66 59 51 45 14 42  4 40  3 11 43 28 26 33 16 24 53  6 18 31 62 35 52  - 30 17 36  - 47
 66 31 43  - 61  - 58 41 55 46  -  6 53  - 28  - 37 33 36  - 44 67 60 57 27  - 35 25 20 47 70 18  - 17 62 49 12 19 30 42  4 23 38 50  -  -  -  - 34 56 29  -  9 64 40 11  -  - 26 32 68 52 51  3 21 16 54 39  7 48
  2  1  - 13 42 25 10 18 52 59 17 21  8 67 50 47  - 43  - 41 45 16  3 31 24 51 65 70 15 14 62 37  -  - 53  - 29  - 39 30 44  - 34 12 26 49 63  - 60  - 36  5  -  6 64  7 38  - 19  -  - 48 22 56 28 20 33 68 66  -
  9 16 63 46  -  -  - 52 40 27  - 58 13 19  -  5 38 64 42 36  7 53 25  -  4 35  - 56 68 59  3  - 11 12 45 29 51 23 34 69 28  6 61 41 54  -  - 32 33  2 55  - 10 39 17 57 70 47 48  - 67 30 18  - 49 22 24 37 43  8
 10 70 17  - 16 11 42 34 50  - 23  -  6 53 20 52 47  - 15  - 61 29  - 22  2  - 63 60 36  5  1  -  - 24 30 64 27 43 66 57 14 65  3 40 67 32 56 58  -  7 33 19  -  - 25 46 55 37 35  - 62  - 41 38 13 49 12 69 45 26
  7 15 56 20 63 12 59 29  -  - 25 67  - 43 70 53  4 49  5 60 24 10 32 11 58  - 57  -  2 13 55 36  -  - 14  - 52 50  - 68 65  - 21 34 31 39  -  - 47 48 28 69 46 62  - 51 42 44  1  - 41 26  - 64  3 19 40 54  - 61
 20 51 66 33  -  - 70  - 46 50 16  9  - 23 69 63  7  -  2 14 25  1  6 17 19 37 64 42 34 68 30 29 35 65 18 27 67 32  -  - 15  - 28 55 62 54 57 52  5 21 39  - 38  - 43 56 47 45 41  - 58 49  - 31  - 61  -  -  - 13
