3920
 57 23  - 64  - 55  -  5  - 70  - 65 39  8 30 16 27  - 22 35  - 43 21 37 48 69  9 12 31 17 66  -  -  - 18  - 53 68  2  - 45 61 15  3  -  - 33 46 60  - 11  - 44 36 41  - 47  -  6 54 67 51 50 59 62 38  7 42 40 56
  - 12 57 14 34 17  - 25 38 60  - 41 54 26 40 52  -  -  - 42  7 22 36 62 39 10  - 47  -  - 61  - 70  -  - 15 21 53  8 43  -  -  4 35 69 55 24 28  - 48 56 44 27 23  -  9 49 58 50  -  6  2 31 64 16  3 59 11  - 45
 22 62  -  - 52 43  - 37 11  -  - 60  - 40 70 50 49 21  5  8 19 28 17 54 44  -  -  - 48 65 34  -  -  - 67  -  6 12  -  - 64  -  3 23 38 10 47 59 57 69  - 20 18  2 56 55 31 41 39 27  - 13  - 53  9  1 42  7 26  -
  -  8  9 42 60  -  -  - 32 20 45  -  - 15 52 30 55  3  1 59 36  - 63 23  7  - 29 27  - 40 22  -  - 70  - 10 56 17 62  6 38  - 54 14  4  -  5 18 21 64 50 33 51 47 43 34  - 67  2 49  -  -  - 25  - 57 26 48 58  -
 65 34  - 62 42  - 30  - 66 28 27  6  8  - 57 40 19 50 61 32 23 44 24  2 45 48 56 10 53  - 38 25 69  -  4 49 36  1 20 33 60 18  7  9 52  -  - 15 47 14  - 43  - 41 11 58 64 59 31 70 22 26 17  -  -  5 46  3 21  -
 47 17  - 61  3 62 57 28  - 51 64 15  - 37 26 66 59 68 56 58  - 55 45 35 70  - 12  7 18 54 69 33 43 21 22 42 49 44 34  - 48 63 27 16  - 52  6 41 40 67 38 32  9  -  - 36  - 50 19 46 14  8  -  - 31 20  -  - 24  -
 59  - 27 19  - 13  -  -  6 37 66 17 25  - 23 45 68 24  9 67  5 57 53 18  4 22 38 42  - 31 51  - 64  -  - 50 63  -  - 62 52  - 47 48  8 41 60  - 58 65 33 34 40 43 29 14 54 32 15  2  - 30 56 16 12 49 35  - 20 28
 60 21 11 34 68 12  1 57 44 62 37 30  - 14  - 15 13  - 64 69  -  6  - 16 54 26 45 61 10 70 23 19  - 66 32 28 39 40 22 56  -  -  -  - 59 31 55  2 41  - 63 25  - 27 35 46 52 49  4 24  3 47  9 65  8  -  - 58 29 42
 40 41  6 31 61 49  7  8 67 48  -  - 29 45 58 55 63 51 65  -  - 36 14 64 59 46 24 35  - 47 43  -  -  4 70 69 38  2  - 22 20 16 19 68  9 53 13 11 17 62  - 39  -  1 60  - 44 66 18 12 23  -  - 30  3 27  5 33  - 15
 56 53 17 15 36 25 23 29 63 31  6 28 33 42  - 10  - 54  7 60  1  -  - 40 61  - 19 16 49 64 58 50 41  5 68 27 12 22 30 69 70 52  9 24 65  - 35 20  - 39 13  -  4 45  - 59 14 46 21 67  - 34 38 55 44 37 43 32 47 51
 36 46  - 20 13  - 28 67  - 11 70 34 14  7 15 56 10 16  4 24  - 18 65 17 30 25 55 62  6 68  - 64  3 53 66 47  - 69  1 41 50 54 22 12 51 59 58 57 63  9 26 38  - 29  8 42  -  - 43  - 52 33  - 39  -  - 49 60  2  5
 25  4 24 33 14 63  - 56 35 55 58  9 17 47 64  5 20  1 42 13 30 34 61 11 29 49  - 37 36 51 10 66 65 26  2  - 62 50 53  8 22 40 32 69 60 44 27 23 18 68 45 41 57  - 39 12 19 70 54  3 48 31 21 46 38 28  - 16 67  6
  9 48  - 24 38  2 20 30 50  4 36 56 57 25  - 41 66 43  8 68 26 21  6 46 63 47  - 40  7 39 33 14 60 37 69 53 45 49 54 16  - 62 61 17  3 19  - 64 52  - 12 67  - 58 32 29 65 23  -  - 35 10  - 70 15  - 11  5  -  -
  4 66  - 55  9  -  - 48 34  - 60 18  - 61 45 49  - 46  - 10 22 29  -  -  5  -  - 51  - 28 54 16 47 57  3  - 14 52 42 36 65 25 26  -  -  -  - 17 24 12 62  - 63  - 53 69  - 31 68 20 56 32 39  - 27 11 23  -  7 70
  -  3  - 40 69  - 53 15 61 42 24  - 68 30  - 19  4 18 21  2  -  - 50 34 27 29 57  -  -  8 37 17  - 62 65 38 10 32 39 54 67 48 35  - 12 66 51 14 31 52  - 59 49  - 46  - 45 63 23  5 26  - 13 60 58 25 36  - 70 44
 11 35 43 56  5 53 10 44 17 15 59  3  - 58  - 63 23 37 24 48  -  -  -  - 51  4 21  -  - 61  -  -  2  - 57  1 27 65 14 66 29  - 42 36 13  - 19 40 39 28  6 22 52  - 64 41 55 54 34 16 70 62  - 33 69 68 60 30  8 25
 10 59 29  6 27 24 66  - 25  - 52 54  - 50 51  3  - 23 26 43 58  - 28  9  -  -  - 48 20 56 13 60 61 19  7 35  - 37 69 63  1  4 45  - 47 67 39 36  -  - 64 14 46 31 21 49 41  2 22 38 17 12 44  - 33 15 30 57 55 40
 68 70 48  4  -  6  - 27  - 13  7 45 58 16 28  - 29  2  3 23  - 49 66 42 52  - 53  - 64 60  5 26 44 61 11 32 69 30 40 21 46  1 67 37 62  - 18 55 14  8 22 19 65 15 38 57 43 35 36 31 10  -  -  - 34 63 54 47  - 39
 12 63 53  - 44 37 38 18  1  7 43 19  - 69 55  - 70  - 46  4 57  - 47 65 64 11 17  6  - 20 24 58 10 22 39  9 13 15  -  5  2  - 51  - 41 16 36 35 50  -  - 60 25 62 30 23 68  - 26  - 54 28 34  -  - 33 45 31  - 14
  3 25 55 18 33  - 14  - 69 16 13  4  2 34  - 61 45  8  - 49 62 51 38 47 60  - 26 65  9  7 63 54 39  - 41  - 24 43  6 58 21 67 23 42 37 30 57 50 56 32 70  1 19  5 36  - 22 68  - 52 59 35 64 31 29 40  - 27  -  -
  -  - 10 69  - 28 58  - 43  - 18  -  - 44  - 29  - 40 13 56 38 60 51 31 14  - 49 33 32 30  - 22  9 36 27 34  3  - 65  - 23 20  5 19  2  - 26  -  6  - 54 35  - 52  - 62 67 53 70 66 39  - 24 45  - 17  1 68 15 21
  -  - 38 48 54 16 49 58 45  - 35  -  -  3 18 20  7 62 44 40  - 39 42 52 32  8 51 59  -  - 15 67 23 33 63 17  5 11  4 60 26 29 30 31 19 34 14 68 13 56 53 46 24 12 22 64  - 57 27  1  - 43 28 37 21 47 66  9 25  2
  5 37  - 46 16  - 45  -  - 56 51 67 35 31 32 18 43 38 63 27 44 13 15 55 57 61 41  - 21  -  -  - 58 34 36  7 20  3 33  - 54 30 65  4 25 14  9 29 59  - 28 50  1 19 68 47 26 42 48  - 49 39 53 11 23  8 69 66  6  -
 24  - 15 43 29  1  -  - 48 59 38 40 31 54 60 51  - 45 27 50 37 64  - 19 16  - 69  3 25 44 41 39 34 49 46 67 28 62 17  -  - 14 63  -  - 26 11 22  5 57  -  7 36 68 20  -  9  4 10 65 42 56 66 58 30 12 13  - 32 35
  1  9  -  - 70 30 32  7 53 38 41 69 12  -  - 48 11 22 59  -  - 50 56 61  2  5 58  - 46 26 19 40 13 42  6 62 47 57 29 18 51 27 16 67 39 20 25 31 28 55 36  4 60 37 44 66 15  -  3 35 45 64  8 54 52 24 10 43 34 65
 14  -  7 27  - 68  - 53 49  - 39 12  - 57 16 28 35 70  -  - 63 31 58 43 22  9 47 50  1 52  - 23 25 45 56 60 48  - 44 10  3 42 40 65 34 36 64 21 19  - 37  5  -  4 59 17  - 69 33 26  2  - 46 15  - 32 29 67 61 30
 19 14 47 68 26 67  5 66 30 22  - 36  - 41  - 32 21  6 12  1 34  2 46 58  - 33 61 55 13  - 16  3 51 39 40 70 18 35  -  - 44 50 31 52 17  - 10 54  - 15 24  9 42  7  4  -  - 28 56  8  - 65 23 48 64  -  - 45 63 60
  - 64 51 32  - 65  4 45 41  3 26  5 66 68 49 35 12 53 16 39 48 62  -  - 47 24 33 23 59 42 36 28  6  - 60 54 44 25 50 15 69 13 70  - 27  - 34 61 55 63  9  - 56  - 57 31 37  1 67 30  7 17 10 38 14 43 19 20 18 52
 58 16  - 45 51 66 27 26  -  -  - 63 38  - 29 57 46 60 50  6 17 67 54 12  -  -  4 32 14 24 52 69  8 64 23 11 15 34 41 40 33 21 36 30 35  7 56 70 42 22  1  3  -  -  - 19 10  9 47 25 61 18 49  2 39  - 65 28 53 20
  - 47 46 44  -  - 18 43  4  5 12  -  1 29  -  - 40 41 25  -  - 19 20 49 26  - 11  - 34 13  - 42 54  6 17 57 67  9 28 31 59  -  8 45 23 35 37 51 36  - 66 16  - 50 24 39 63 27  -  - 15 55  -  - 70 48 58 38 65 64
 62 57 41  - 64 15 34  -  - 32 42 16 27 12  - 38 53 31  -  9 70 11  2  8 24 39 50 68 26 58 45 37  1 13 21 18  4  -  -  - 36 28 48  -  7 60 49  3 69 66 20 52  - 61  - 30 25  - 35 10 44 67  -  - 65  - 14 40 17 63
  - 13 49  -  - 57 12  - 28  - 40  7 64 35 21  8  - 66 52 18 59  -  - 15  - 62  - 41 33 16 53 27 38 46 37  - 43 47 10 25  9  3 50 39 61 56 70  - 20 44 55 51 23  -  -  - 58 48 45 42 68 29 65  - 32  - 34  -  5 11
 46  -  -  3 67 47  - 64 24 45 62  8 22 70 53 31 48 26 38 36 14 15 11 30  -  - 40 18 35  6 29 43 37 28  - 13 60 41 16 51 34 66 21 63 32 27  -  -  - 25  - 54 58 55  -  - 57 20 49 33  -  - 42 12 10  7  4  - 52 68
 17  - 36 53 28  -  8 38 14  - 63 48  6 62 46 64  3 32 34 47 10 25 44  -  - 54  - 39 56 12 42  5  - 24 55 51 16  4 57  - 37 15 68  - 33  1 45 58  - 23  2 21 31 30  -  - 61  -  - 19 27 59 43 69 35 70 20 13 49 22
 45 65 68 25 23  5 69  - 59 49  -  - 37 39  - 67 62 34  6 30 16 66 52  - 58 57 35 53  -  - 55  - 22  - 13 12 42 61  - 70 14 47 38 18 50 64  - 26 29 36  -  - 43 20 63  3  1 24  -  -  -  -  -  - 54  4  - 51  -  9
 23 45 40 17 53 42  6 32  5  - 47 20 61  - 67 65 39  - 70 38  - 54 30 69  -  - 14  8 15 22  9 48 49 18  - 37 64 59 68 35 63 19  2 43 26  - 52  - 46 31  - 56 10  -  -  4  7  - 25 57  - 27 41 44  - 62 24 55 11  3
 18 54 59 50 10 23 22 68 56 35 21 58  - 49 61  1 65  - 33 29 28 17 69 36  - 42  - 13 52 14 12  -  - 43 25 46  -  - 70  - 62  -  6 66 45  4 40 38 27 26  -  -  2 60 31 51  -  - 24 53 20 37  -  7 63  - 32 39  9 41
 61 49 26 67 55 11 44  6  -  - 31  - 59 13 36 39 41  - 45 28  9 42 10 32 20 27 16 54  -  2  7 56 17 68 48 63 37  8 38 65 19 12 66 29 70 47 15 34  - 43 51  - 14 18 52 24 23 25  - 60 62 50  -  - 57 35 22 21  -  1
 49  - 16 22  4 58  - 39 55 18 19 52  - 63 69 44  - 12 35  - 65 47  7 48 13 60  6 30 24  - 46 62  -  3  -  5 66  - 21 26 11 45 14  - 53 50 23 33 37 38 40  -  -  8  9 68 34 51  1 59 28  -  - 41 43 10  2 64 54 32
 50 42 60 16 45 27  3 49 31 53 48 46 51  - 34 26  6 69 30  -  -  - 62 33 38 40 59 29 61  - 21 36  5 41 54 43  - 14 58 39  4 11 56 44 57 18 65  9  2 20  8 23  - 32 37 70 28 12 17 47 25 22  - 63  7 52 64 19  -  -
 41 31 33 59 56  - 64 51 42 40 29 68 70  - 10 47 67  - 39 63  -  -  5  4 12  7 27  9  2 37 28 13 30  - 35 25 26 66  - 49 32 57 18 11 15 21 62 60 34  3 17 61 53 44  -  -  8 36 58 55  -  - 45  -  6  - 48  - 23 50
 30  -  2 58 31 36  - 63 26 33  - 66 10  -  - 22  -  -  -  5 49  - 70 38 50 67 68 15  -  -  6 21 19  - 34 39  9 42 32  - 56 24 44 40 64 54 46 69 45  -  -  - 62 28  3 25 17  - 41 29  - 14  -  - 59  - 57  8  - 48
 51 15  4 49 17 64 37 47  - 46 34 35 48 27 13 58 22  5  2 26 24 30 68 66 11  -  - 31 29 69  -  - 12 14 42 19  - 38  -  9 40 10 28 32 56 45  1 52  7 33 57 65 54  - 25 20 18 60 55 39  8 16 62  6  -  - 50 23  3 59
 34 56 42 47  - 29  - 41  9 54  - 59 19 10 35 17  -  - 28 65 53  7 40 63 25 52  3  2 68 38 44 70 46  -  - 30 51  - 45 37  -  -  - 20 67  - 50 48 26  4 14  6 33  - 58 18 69 61  - 62 31  5 32 36 11 64 21  - 22 66
 64 27  -  8 37 45 33  - 22  1 61  - 34 28 20 42 24 59  - 14 15  - 41 70 65 38 10 25 23 29  3 12 56 60  9 26  - 19 36  - 57 43 58  5 54 13 17 67 68 30 52 47  - 69 18 44 21 39  - 40  - 48  4 66 46  2 62  6 16  -
 35 60  -  - 50  - 61 70 62 27 44 51 46  -  - 14 54 10 37 64 69 20 31 21 42 17  - 36  - 33  - 52 40 55 16  -  - 28 24  3  - 65 29 47 11  5  4  - 53  1 15 66  - 67 19 32 38  7  -  - 57 25 26 23 49 39  9 34 45  8
  - 10  8  -  7 31 62  -  - 47 49 14 24  - 63  4  9 28 40 70 18 69 19 26 55  3 13 56  - 67 64 51  - 27 50 23 33 39 35 42 68 17 25 34  - 46 53 16 30  5 59 45 20 54  - 21 12 11  - 37 65  - 22 32 41 58  6  2 48 43
  7 11 28  - 19 69 67  9  2  - 56 57  - 20 48 59  1  - 29 61 42  -  -  - 23 15 32  - 45  - 50 31 18  - 30  6 25  - 46 12  - 36 34 54 22 38 66 24  - 37  -  - 21 17 70 33 51 62  - 44 43  3 47 13  - 14 40 26 10  -
 53 29 18  -  - 56  9  - 16 69 14 27 44  -  5 46 51 33 58  -  3 38 32 24 68 12 23 19  - 66  -  1 36 50 45 41  2  - 55 61 25 37 62 10 21  - 63 30 48 59 39  -  - 13 28 15 20  -  8 22 64 49 70 47 42 60 52 54 43  7
  2 28 20  1 12  4  -  - 51 34 67 22 11 52 50 13 26 57 31 66 40 27  - 45 46 37 44 43 70  3  - 10 32 56 15  - 59  7 18 29 17  - 60  -  - 61 41 65 54 53  - 24  8 33 47 35 48 64  -  - 16 38 68 42 36 23  - 63 14 19
 48 55  -  5 21 52 24 19 68 25 17 29 23  -  2  - 18  9 43 16 45  - 26 14 62  - 39 34 66 46  - 49 42 40 53 59  7  - 51 47 41 38 69 64 30  -  3  1 44  -  - 15 28 22 65 60  - 10 13  4 12 58 61 20 50 36  8  - 57  -
 67 58 65  2  - 54 36  1 39 30 20 47 26 46 17 11 28 19 66 44 55 61 22 57  - 21  - 24 62 34 27 29 45 25 38  - 52 48 59  -  8 56 43 33 14 12 68 49  9 50  -  - 37 42 15 13 32  - 53  -  - 23 63 10  -  - 70 41 31  -
 44 18 52 38 63 34 15 42 46 57  -  - 62 32 24  2  5 39 54 22  -  9  3 29  - 23 25 60 27  -  1  7 48 47 59  - 61 55  - 28 58 31 10  8 16 70 21  - 35  - 19 17 12 64  - 45 50  - 14  - 30 66  6 56  - 13 53 69 41  -
 55 50 66  - 49 51 40  3 29 52 16 37  4 11 42 23  -  7 19 53 64  - 59  5  - 32 31 22 44 63 17  9 62  -  8 58 30  - 27 48  - 70 24 28 20 43 67 47 15 34 21 18 39 46 33  - 13  - 65 14 41  6 60 26 25 45 68 36 35 57
 27 43  - 66 58 59 63  2  3 29  - 24 28  9 37 68 36  - 47 31  6 56  - 51 41  1 65 20  - 50 48  - 53 23 64 14  8 33 13  -  -  - 55 70 18  - 69 10  4 60 35 49 15 25  - 40 62 19 11  7 21 45 57  5 17 34  - 12 42 46
 52 19 13  -  - 26 47  -  -  2 50 43  3 21 38  -  8  -  - 11  - 14 16 59  6 64  - 57 40 15 25 55 35 17 31  - 46 10  5  1 27  9 12 49 58 39 42 44  - 45 69 48 70 66 23  -  4 29 37 63 53  - 54 68 24 41 67  -  - 18
  8 67 61  9 39 60 26 23 18 17  5  -  - 19 25 70 52  - 51  3 43 35 37 10  -  -  - 14  - 49  - 34 33 44 29 45 55 58  - 38 16 41 59  -  - 40 20 62  -  7 68 57 69 65 12  2 24 22  - 36 32 21 15 27 53 54  -  -  - 47
 13  5  - 52  - 46 59 14 20 50  9  -  - 56  - 25 34 64 10 19 27 58  - 67 33 31 15 70 65  1  -  -  -  - 24 36  - 21 43 44 12 23  - 60 66 68 28 53  3 49 41  - 11 39  -  -  2  - 29  -  - 69  - 35 40 61 51 17 62 26
 31 20  - 12 24 21 55 17 57 19 15 42  7 38 39 62 25 61 69 33  8 23 49  - 10 16 52 28 41 43 65 30  - 54  -  2 34  - 60 32 35 53 13 51 68  9 48  6  - 40 58 70 67 56 27  5 46 14 64 50  4  - 37  - 22 66 44 59 36 29
 63 68 19 26 43  - 65 31  -  9  3  1  - 51 44 54 30 11 15  7 60 53 27 20  - 66 28 67  - 21 39 45 14 69 52  4 32 36 25 13  6 59 64 41  - 24 22 56 38 61 10 12 35 70 17 48 33  5 57  - 47 46 58 62  2  - 55  - 37 34
 15 40 64 23  - 70 48  -  -  -  - 38  9  5 65  6 69 25 57 45  - 46 60 56 36 58  1 44  3 19 35  2  7 52 28 21 29  - 67 17 31 22  - 62 63  - 54 32 61 13  -  - 30 53 34 37 39 55 20 43 50  4 11 14 47 18 16  -  - 33
 43  -  1 54 47  -  2 35 64  6  - 26  - 65  8 12 44 14 36 62  - 37 34 13 49 30 66  - 42 55 20  -  - 59 10  - 23 60  9 19 53 58 39 25  - 57 29  4 70 24  7 27 16 38 61 50  3 17 51 11  - 63  5 40 48 22 56 52 68 67
  - 30 54 60  - 14  -  - 65  - 22 21 16 64  1 53 32  -  - 51 11  - 23 25 67 28 70  - 58 45  4 57 52 48 61 20 19  6  - 50 39 35 41  7  -  3  - 27 12 47 44  2 59 10 42  -  5 15  9 34 24 68 33  8 13 46 18  - 38 69
 54 24  - 65 18  7 39  - 52 67 11 62 47  - 66  - 16 15 49  - 50  3 64  -  9 55  2  - 38  - 14 59 31 20  - 40  - 26 63 68 42 60 33  1 44 17 30  -  - 21 34 28 45 57 10 56  -  - 32 48 46 61 35  - 51 29 37  - 19  -
 66 22 62 11 48 50 41 34 33 14 65 25 60 18  9  - 58 56 67  -  - 59 35  6  3 36 37 63 57 23  - 44 27 29 49  -  1 20  - 30 47 64 46  2 10 15  8 42 32 16  4 68 55 51 45 28 70 21 38  -  5 40 12 43 19 69 31 53  - 17
  6 33 69  - 22  8 54 20 60  - 28 70 49 67 68 21 37 13 32 46  2  5  - 39 15 34 36  1  4  -  - 11 63 31  - 44 65  - 64  - 10 55  -  - 29 58 38 12 51 42 25 53 48 35 66  - 40 45 62 41 18 52  3 57 56 19 47 50 30 61
 29  -  3 70 65  - 68  - 21 26 32 55 67 48 41  - 14 35  - 57 39  4 25 28 56 19 34 45  -  5 30  6  - 51 33 24 54  - 47 11  7  -  -  - 46 62  - 63  -  2 18  - 64  -  - 27 42  - 66 17 58 60 36  -  1 53 38  - 69 31
 26 32 31  - 66 35 17  -  - 21  8 39 43 60 54 36 64 27 20 55  -  - 48 44  -  - 62 46 22 59  2 47 68  1  5 33  - 13  - 14 28 51 11 57  -  -  -  -  - 41 67 69  - 16 49  -  - 34 12 23 40 15  -  9  4  6  - 70 50 38
 28  1 44  - 15 20 16  - 47 39 69 33 50 53  6 43 57 65 14 21  -  - 29  - 19  -  - 64 51 11 68 35  4 32 58  8 17  - 12 46 24  - 52 27 31 25 61 37 67 18  - 36 38  3  - 10 56 30  -  - 34  7  - 49 26 42 63 22  - 62
 42 61 30 35 20  3 70  - 27 66  - 23 40 22 19  - 31 52  - 12  - 33 39 53 28 51 60 26 11 32  - 65 21 38  -  - 50 56 37 24 15 34 57 55 43  6 16  -  - 58 49 64 29 14  5 67 59  - 44  - 63 36  2  - 18  9 41 10  4 54
