3920
 39 28 61  - 26 62  -  -  9 68 27  - 67  -  4  - 22 57 13 46 21 66 69 70 53  - 51 52 19  7 23 58 49 56 25 33 44 54 10 38 59  8 65 37 20  -  - 11  6 31  -  - 14 55 41 18 47 48 12  -  2 29 40 16  3 35  5 17  -  -
 26  -  -  - 63 19 48 34 62  - 35 12 29 43 16 66 40  3 31 45  7 51 15 39 59 64  - 47  - 20 37  -  8  5  6 38  -  4 23  - 24 61 46 52 49 53  - 54 65 13 67 28  1 60 27 58  -  -  - 22 10 30 55 57  - 68  -  -  - 36
 41 63 31 40 44 22 13 39 51 14 67 34 48 69 54 19 26  - 36 15  5 17 68  - 47  6  - 46  - 11  -  1 56 52 27 45  - 57  3 61  9 50 35 10 43  7 32 23 12 20  - 37  4 38 18 70 29 42 60 49  - 64 65 55 30  -  2 59 21  8
  - 14 51  4 22 49 67  - 70  9  6 52 42 41 29 24 16 28  - 27 17 31 64 68 10 11  1 43 60 35 69 21 30 61 57  7 62 44  8 25  3 38  - 13 46  - 39 36 15  - 45 20  - 47  - 26 65 55  - 54  - 18 53  2 58  -  - 63 66 59
  -  - 42 27 45 13 16 63  -  -  8 38  1 34 10 23 14  - 69 32  2 24  - 47  - 51  -  - 68  9 35 53 66  7  -  - 26 36  - 37 43 30 61  5 25 46  3 33 20 56 60 17 15 22 39 55 57 52 21  4 48 70  -  - 11 31 67  -  -  6
 34 29 30  - 54  3 40  - 49 10  - 47  -  - 33  7 66  -  - 16 69 70 59  -  -  1  -  - 21 17  -  -  - 11 67 32 37 20 64 62 46 57 63 31 22 45  - 35 36 18 25 43  -  -  2 44 52 53 55  - 12 48 23  - 39 27  4  - 68 61
  - 18 44 48 28 30 56 22 36  - 25 31 15 46 52  4 43  - 70  - 20  7 58 10 24  -  5 38  - 12 59 42  1 32 39 51 68 27 61  - 45 35 62  6 60  9 16  -  - 57  - 26 54 69 50  2 21  -  -  -  -  - 29 23 67  - 40 37  - 41
 68 61 16 46 41 42 30  - 55 64 14 45  - 10 60 38 13  - 66 19  - 15 53 40 32 62  - 21 20 47  4  - 37  3 69 54 23 22  - 11 56 52 27  -  2 36 29  8 17 43 26 50 58 18  9  1  -  - 24 59 39 33 67  7 63 48 25  5 31 35
 60  - 29 59 19 58  5  -  - 31  -  - 47  - 18  - 24 41 27 43 61 67 54 57 17 33 34 49 30  -  - 13 28 44  - 25 53  -  - 51  7 70  8 22  - 23 48 20 55 12 56  - 39 62  - 37 63  4 45  9 16 35 50 32 64 69 42 40 15  -
 20  -  - 15 62 43 54 60  1 33 58 66 65 16 57 47  - 59 29  -  - 41 27 17 38 46 68 19 50 26  6  -  5 53  - 21  2 11  9 35 63 42  -  8 61 39 52 49  - 34 28 70 44 67  - 10 12 36 13  - 30 14  4  3 24 18  7 45 55 22
 53 39 54 34  - 15 20 27 13  - 42 18 41 44  - 43 29 38 30 63  4 57  6 23  - 65 52  - 36 69 25 19 68  - 33 31  9 50 62 60  - 24  -  3 67  - 28 17  - 26  8  - 47 37  -  -  7 64 51 56 59 66 12 35 10 45 32 61 58 21
 14 70 58  - 42 35  - 33 27  - 61  4 30 29 11 26  - 69  - 55 48 23 66 60  - 63  - 17 37 15 57 50  -  -  -  1 67 12  -  - 20 31 24 40 34 65 46  -  2  5  7 59 64 41  - 53  -  6 10 45  - 25 28 18 54 62 68 52  9 19
 57  -  - 62  -  -  - 69 48  -  4 39 58  -  - 70 27 61  1 50 13 36 35  - 15 22  7 51 41  8 10 26 29 25  5 28 12 19  - 45 68 63 37  2 64 34 59 30 18 55 47 21 46 33 53 16  3 20 49 44 66  - 17  - 65  - 24  9 23 54
 45  7  2 23 18 50 69 57 24 65 19 51 46  -  -  3  8 55  9 62 64 48 44 58 40  - 56 67 13 10  - 41 16  4 17 63  - 70  -  - 49 68 33 12  - 32 26 34 61  - 43 52 11 20 35 39 28 31  -  - 22 59 66 54 60 29  -  -  6 42
  - 23  - 56 29 32 18 68  - 50  -  9  - 27 19 13 38  7  6  - 12 20 52 65  8 53 70  - 11 31 66 36  - 40 45  5 47 10 59 22 55 37 60 58 39 24  - 46 44 63 49 30 34 43  - 67 14 17 42 57  -  2  1 28  -  -  3 48 26 51
 38 53 68 13 57 63 64 36 44 29 40 15 14 61  - 41  -  - 45 26 27  - 70  5 62 19 60  9 24  - 51  - 35 30  -  2 55 52  1 48 32 54 11 47 18 43 20 25 37  7  4 16  - 23 66  8 33 12 59 39 46 31  -  - 21  - 22 69  3  -
  - 66 69 57 10  6 47 29 50 22 15  -  5 30 44 68 53 46  - 51  9 11 14 20  - 28 59  2 25 62 49 61 63 70  - 34 41 39 27 56 52 21 58 67 23 12 13  - 54 45 36 64 17  - 37  7 42 43  3  -  - 32 16 24 48 38 31 26  - 33
  6 13 40  - 11 20 10  - 58 17 26 16 57 52 67 65  9 47  -  5 32  - 21 25  - 68 55 24 23 28 36 31 54  -  4  - 30 14  - 18 41  1  2 63 33  - 56  - 53 60  -  - 19 59  - 42 43 70 37 29 15  3 45  -  8  - 34 62 12 64
 21  -  - 39  - 26 55 50 41 63 24 59 38 70 22 61 52 20 49  - 19  8  3 37 46  7 17  - 54 45  2 35 69 68 28  -  -  - 14 44 57 18  - 25  9 58 42 12 27 40  5 34 48 16 11 60 23 62 53 10 43  - 51 31  1 36 29 56 47 65
 23 37 65 19  - 24 25  - 26  - 44 17 40 53 70  -  1 67  - 47 66  2 33 35  -  -  - 32  - 42  -  -  - 45 13 57 14 58 21 30 27  - 12  7 50 28 31 15 49 59  -  - 36  - 29  - 69 68  4 43 54  -  - 38 16 56 51  - 63  9
 49 25 38  8 17 36 35 14  5 41 64 13 31  6 32  -  - 22 53 24 50 68  -  9  -  4 39 10 55 40 42 56 62 12 52 11  -  - 15 70 33  7 43 46 28 54 37 67 69 47  - 45 18 26 20 63  - 66  -  -  -  - 48 59 23 34 30 57 19  3
 42 68 26 67 48 31 14  - 11 39 59  - 63 25 51  8 17  6 40  - 56 37 22 53  3 10 65 34 28 70 60 47 45 57 50 43 20 16 13  9  - 66  7  1  -  2 21 41 35 69 23 19 52  - 54  -  -  5 18 58 29 62  - 46 27 55 44 15 36  -
 50  - 67 29  - 55  -  - 33 23 66  - 32 20 27 12 46  - 28 42 49 64 57 21 56 70 14 11 58  -  1 30 39  - 44  8 22 35 17  2 38 53  -  -  3 31 40 10  -  4 61 63 43 24 52  - 62 59  -  - 69 47 25 65 51  9 45  - 18  5
  -  - 13 12  8 41  -  1 69 44  - 50 66  - 55 48 37 45 65 18 29 32 62  6 26  - 11 42 33 19 47  -  -  2  -  4 16  9 40 63  - 59 53 17 24  - 49 43 30 51 52 27 10 25 68 15 34 35 54  3 31  5 38 21 61 28  - 64  - 23
 27 19 22 14 67 46 65 37  - 40 51  -  7 26 25  - 31 13 42 58 15 38 55 54 21 16 33 62 53 39  - 69 41 50 47  -  3 34 30 57 60  5 32 48 70  - 68  -  -  - 17 36  8 35  1 45 24  2 20 63 18 52 11 49 66 59  9 29 44 43
  4 16 41 51 40 56 58  - 17 47 30  -  - 13 63 59 49 26 64 48 28 10  - 14 67 45 31 23  7 68 70  -  -  - 22  - 50  - 25 27 42  2  6  - 29  - 38 44 32 36 35  -  - 61 65 43  5 11  -  8 19  1 46 15 12  - 66 18 60 69
 61 42 55  - 34 53 51  -  - 30 48  - 19 36 58 16  -  -  -  3 54  - 23  - 66 43 50 57 14  - 63  - 18  1  2 47 32 67 33 41  8 49 29  -  -  - 10  - 38  - 70  7 65 12 44 52 68 13 69 21  - 56 20  4  9 60  - 46 59 26
 19 58 50  -  - 17 60  - 34  -  3 32 24 63 35  -  - 49 25 14 16  6 12 59 65 21 61  - 39 23  -  -  - 62 40 41  - 66 69  1 70 56  - 27 15 44  7  -  -  -  -  9 38  - 42 33  - 54  - 11 37 26  - 53 43 10  -  - 20 52
  9 34  -  - 43 23 62 15 31 66 49  5 12 19 65 50 51 24 59  - 14 35 18  - 44 56 16 61  6  -  7 39 11 13  -  - 63 33  -  4  - 17 26 20 40 41 67 47  - 38 68 58 27 70 69 64 25 29 30 28  -  - 42  - 55 46 10 32  8 53
  - 33 66 52  -  2  9  - 39 56 55 49 62 32 24  - 11 65 60 53  - 47 45 34  - 50 43 29  -  - 15 17 46 14 21 30 57  5 68 10 18  - 25 26 36  8 12 70 51 23  1 67 69  - 59  4 37 61 38  - 40 28  - 41 22  7 58 54  -  -
  - 35  - 44 38 69 22  3 60  -  -  - 23  - 42 28 54  - 18 52  -  -  - 62 49 37 64  4  8 21 68 15 47  - 61 59 70 40 32 34 51  - 66 56  -  - 41 45 14  - 53 29 57  9  -  -  - 16 50  6 58  - 27 48  2 24 65 39 33 20
 47 31  - 36 46 65 24  - 28  -  - 26 70 49 40  2 19 62 35 54 23 59 48  - 52  - 37 53  3 18 64 33 14 38 30 16  7  6 43 55 25  9 56 21 68  1 50 63  -  - 66 11 61 45  - 57 39 58  - 69 13  -  - 42  -  - 20 22 29  4
 43 51  3 18  1 12 59 40 20 38  9 11  6 37  - 39 32 10 22 70  - 34 36 67 16 69 41 58  -  - 19 24 17  - 35 14 45 56 46 29  -  4  5 33  -  - 27 64 42 65  2 23  -  7  - 68 31  8 57 25  - 50 60 66 15  - 52 30 62 55
 62 47  - 21  7  -  2 65 10  - 28 56  9 68 66  - 23  1  - 64 31  - 30 26 39 17 63 45 27 25  - 29  - 37 14 22 40 69  4 59 15  - 13  - 57  - 54 42 24 33  6  5  3 52 55 36 61 46 48  - 41  -  8 58 49 19 50  - 16 32
 69 27 53 24 61  - 12  2 52 59 62 54 22 15  - 30 10  -  - 13  - 58 43 33 34  -  - 60  -  6 44 68 31 47 65 42 66 26  - 46 21 25 57  - 41  - 63 14  1  9 39  -  7  -  8 38 20 56 29 67  -  - 35  5 50  -  - 11 32 40
  2 24  5 37 64  7 68 41 30  6 53 35  3  - 45 40 50 27 67 49 70  4  -  - 14  - 23 66 46 32  9 52 43 55 60  - 31 51 48 69  - 65 19  -  1 10 34 57 13 11 12  8  - 15 63  - 59 47  - 42 26  -  - 61 44  -  -  - 25 17
 48  8 52 32 31 67 57  4 23 16 60 65 35  5  6 42 41  -  - 56 25 44 13  - 61 26 19  7 40 30 58  2  - 20 62 15 69 18 70 47 10  -  - 24 45 55  9  - 43  -  3 38  - 36 33 12 27 14 28 50  - 39  - 51 34  - 64 21 11 68
 12 62  - 68  - 29 49 66 42 46 36  8 11 65 43 21  2 37 33 30 55 45 16 44  7 59 67 26 70 51 40 32 38  -  -  6 52 60 22 23 28 47 20 34 53  4  - 48  5 39 10 69 35 54 19 56  9 24 64 17  - 58 57 13 18  - 61  3  - 31
 36 30  - 53 47 18 61 43 21  - 50 57 45 55  - 60 44 25 24 31 10 69 49 64  -  3  - 15 32 16 46  - 58  - 63 23 42 17 26  -  2  -  - 59 19 22  -  -  8 48 40 62 20  1  - 66 38 27  - 35 52 41 39  - 56  4 37  - 65 67
 22  2 34 10 33 47  6 59 35  - 70 25 61 11  - 58 60 48 52 66  - 26 42 55 13 23 45 12 69 14 65  - 20  -  8 56 24  - 41 17 19 27 39 54 51 67 36 50  9  - 15 49 30 68  5 29 64 40  -  7 28 21 18 62 57 53 38 31 46 37
 67 26 49 64 53 16  4 52  - 35 63  -  -  -  -  -  -  - 48 10 41  - 61  3 42  9 12 28  -  5 29 46 13 65 31  -  -  - 39 68 62 32 23 57 54 38 15 58 60 44 30 24  - 40 70  - 36  -  6  - 25 55  -  1 45 66 27 19  7  -
  - 57 63 33  9 39 43 25 68 42 56  - 53 51  7 54 36 21 10 17 40  -  2 12 23  - 24  1  4 58 52 48  3 15 32 46  - 49 37 19 65 28 34 69 59 27 18 31 62 41 20  - 66 13  -  6 26 30 11 61  5 16  -  - 35  - 70  8 38 47
 17  1  7  -  - 59 33 35  - 13  -  -  4  9 64  - 48 34 32 57 11 21  8 56  -  - 46 16 15 29 50  - 40 27 26 24 58 41 31 54 37  - 18 19 47 30 44 28 10  3 62 61 70 51 22 14 66 25 23 53 42 36 52 60 38 43  -  -  5 45
  - 17 45 61 37 27  - 55  - 58  - 46 44 24  - 15 21 50  3 35 34  - 67 22 28  - 26  8 18 64  - 16  -  6 68 65 10 23 52 12 47 33 31 62  - 51 11 69 29  -  9 48  5 53 60 49 32  1 56 14  - 54 63 43 36  - 39  7  4 25
  - 22  - 41 20 44  7 24  6 11 43 30 36  -  - 53  - 60 50  - 68 19  - 45 54  - 21 70 62 59 61 66 23 63  - 67  - 32 42 31 13 58 28  4  8 57 55 37 39  -  -  - 16  5  - 65 49 15  - 12 17 51  -  - 69 40 18  - 52 14
 37 48  1 31 14  8  3 47 57 32 65 20 60 45  5 63 12  9 62 23 33 42 40 46 35  - 36 30 67 27  -  - 59  - 51 69  - 28 44 53  - 13 22 50 56 52  -  -  - 24  - 41 25 29 10 17 15  7  2 38  6  4 68 19  - 11 55 16  - 58
 10 60 17  9 51 34 66 20  8 48 37 14  - 35  -  - 39  - 54  - 57 63 19 49 36  - 53 64 45 46 24 11  4 31 29 50 15  - 28  5  - 55 52 41 27 21 58 68 22 42 69  1 12 30 43 40 56  3 62  2 32 38  6 25 70 23 59 65 67  -
  - 54  - 60 23  - 21 46 66 37 41 61 33  4 59 34 15  - 47 22  - 30 65 16 31 55  8 13 43  - 12 27 25  - 36 35 28 24  2 20 53  3 64  - 58  - 14 32 40 62 51 42  -  -  7  9  1 26 17 19 45  6 69 63 29  - 11 70 48  -
  - 50  - 16  - 33  - 58 67  7 47  3 52 31  -  -  -  - 21 12 18 29 63 41  - 32 57 25  - 60 43 54  - 36  - 13  -  - 55  8 34 62 38  -  - 20 65  6 59 70 37  - 23 42 40  - 46 45  -  1 11 61  -  - 19 26 48 10 17  -
 11 52 35  3  - 48 45 56  2  4 38 24  - 62 34 67 18 54 51 68  1  - 26  -  - 49 58 44 31  - 33  8 42  -  9  - 46 30 16 28 23 20  - 29 32  - 43 39 66  - 41 13 63  - 47  - 22 60  5 27  7 37 15 12  - 65  - 36 70 10
 32 40 48 38 21 45 63  - 56 15  2 10 37 12  - 25 59 44  - 20 62  3 24  - 43  -  - 50 35 55  8 64  6 28 58 26  1  -  5 33 30 41  - 53 16 11 60  - 52  - 13  - 68 39 57 27 17  - 19 34 65  7 70 29 31  - 49 67 69 46
 52 55 19 63 66 21  - 13  - 28 10 29 27 22  - 35 45 36  - 34  -  -  7 11  5  - 20 56 38  4 17 51 64 54 41 61 49 65 50  3 12 46 14  - 26 62 70  1 58 25 48  - 59 57  - 69  - 67 39  - 23 42  -  9 47 16 60 33 43 18
 28  6  -  -  2  - 70  5 29 61 69  -  - 40 23 32 68 56  8  1 59 33  4 43 12 44  3 35 26 24 31  - 51  -  - 58 65  -  -  7 17 36 10 11  - 66  - 27 63 22 55  - 41 14 67 19 45 18 16 62 38 53  - 20 13 57  -  -  - 48
 46 65  - 43 39 51  -  9 12  5 45 62 16 42 41  - 63 66 68 67 26 18 11  7 60 30 22  -  - 48 14 38  - 17  - 20 29 13 58 52  4 19 47 32  - 59 23 53 21 15 33 25 37 10 56 34  - 50 35 24 61  - 31 70 40  2  6 44 57  -
 70 15 23 22 32  4 19 17  7 55 12  2 59  3 38  - 30  - 56  8 46 43  5 66  - 40  6 68 51 65 41 28 26  - 54 18 39  - 24 16 69 11 21 42 63 13 57 29 45 52 34 31 67 48 58  - 60 37 47 64  9  - 14  - 33 20 53  1 10 62
 15 12  -  2 35 28  -  - 43 20  - 60 69  -  9 52 70 23  - 25 63 65  1 51 45  - 66  -  5 38 39  7 55  - 24  -  -  8 47 26 40 64  3 61  - 49 19 16 68  - 32 46 29 11 21 62 10  - 22 48 50 67  - 37  -  - 56  4 41  -
 24  3 27 69 13  1 37  - 14 21 29  -  - 67 12 11 55 43 19  - 47 54 31 50 70 20  4 33 59  - 48 63 52 35 38 17  6 25 49 40 39 60 36 23  7 18 64 51 16  - 65  2 56 58 34  - 41 10 66  5 57  -  - 26 32 22 46 28 30 44
  8  9  -  -  4 68 50 30 63 24  7 40  - 18 49 46  - 51 38 61  - 28 39 42 27 52 25 41 47  - 62 55  - 29 70 60 13 59 12 67 14 26 69 36 21 33 17 19  -  - 44  6 32  2 23 35  - 57 43 20 64 34  3 10 53  5 16 66  1 11
 40 49  4  - 27 10 23 12 18 36 16  -  - 54 13 31  7 64 55 39 67 25 46 38 33 60 30  - 29 43 45  3 32 58 37 52 59 68 11 14 48 69  9 15 62 61 53  -  -  1 19 56  2 66  6 21 35  - 26  -  8 24  5 17  - 44 57  - 42 34
  3 59 70 66 58  - 39 26 37 27 32 19 28  - 46 29 62  - 63  6 38 49 41 13  2 67 47 36 42  1 20  - 65 48 34 40 61  - 35 15  - 45 54 55 10 69  4 52 56 21 57  -  - 50 16 22  -  -  - 30  - 43  9 14 25 33 17 12 24 60
 18  - 24  6 55  5 15 11 47 45 31 44 13 64  - 17 28  - 37  4  -  - 50 48 30  -  2 54 10  - 56 12  -  8 66 27  -  7  -  - 22 23 59  - 35  - 62 61 26 67  - 40 60 63  3 20 53 39  - 41 51 69  - 33 46 25 36 42 49 16
  - 67 10 17  - 40  - 32  -  -  1 53 68 59 62 22 35 14 23  -  3 61 47  8 37 38 42 18  2  - 55  - 70 60  - 49 51  - 36 66 50 43 44  - 13 63  5 65 33  -  - 57 45  4  -  - 16 69 27 46 20  9 58 30  7  - 21 34  - 29
  - 45 47  - 65 61 17 70 53  8  - 58  - 57 39  6  4  2 20 36 43 46  -  - 69 25 38 37  -  3 26 59 33 66 42  9 11  - 18  - 16 44  - 14 48 29 22 60 67  -  -  - 62 31 64 41 55 49 40 13 68 19 54 27  5  - 15 23 28 30
 16 21 62 47 52  - 38 67  - 69 46  -  - 66  -  9  - 68 12  - 60 50 51  - 41 39 32 40 65 36 27 22 24 18 23 10  5 29 54  6 44 48  - 28 17 25  - 56  -  - 42 53 55 34 13 59  2 19  1 33 14  - 26 11 20  3  - 35 61 15
 64 20 36  - 59 11 41  8 38 19  - 27 49 23 15  5  - 17 57  -  -  - 34 29  - 48  9 22  -  - 32 25  7 69  -  - 56 45 60  - 35 10  - 30 65 70 47 13 50 54 18 66 42  - 62 31  4 63 46  -  - 12 61 68 37 14 26 24 51  -
 66 46  - 26  -  9 36 28 22 57 21 64  - 17  - 56  - 30 61  - 58  -  - 19 55  - 69  - 16 54 18 23 53 51  -  - 48 38 63  - 11  - 68 39 12  5  2 24 47  8  - 33 13  -  - 32  - 41  - 40 34 10 43 45  -  1 35  -  -  -
 13  5 59 65  - 14 29  -  -  - 11 41  -  -  -  -  - 52  7 60  - 16  9 36 19 34 27 39 61 66 54  -  - 24  3 68 18  1  - 50 31  - 49 43 42 17 45  - 46  - 22  - 26 64 28  - 58 33 63 32 53 57 56 44  6 37 12 25 40 38
 31 43 46  -  - 66  -  7  3 53 23 68  2 58  - 44 57  -  - 59  - 62 17 69 63 27 10 20  1 61 30  -  9 34 55 19  - 48 29 49 67 40 42 70  6  - 24  5 25 32 16  4  - 28 36 54 50 38 65  - 21 45 22 39  - 64 41 51 13  -
  1  -  -  -  - 54 34  - 64  2 52  - 43  - 69 37  - 15  - 65 51 60  - 31  -  - 40  5 57 49 67 20  - 19 59 48 36 55 38 21 66 16 41 45  - 42 61 26  3  - 63 12  6  - 24 47 13 44  - 23 35 46  7  - 68 17  - 53 22 70
 51 69  -  1 16 25 52 18 19  - 54 67 26  - 53 57 34 70 15  7 24  5 37 63 58 41  - 31 22 44 11 43 12 23 56  - 27 46 66  -  - 14  - 65 38 47 33  2 28 50 59 10 21  - 17  3  -  9 61 55  4 68 36 64  -  8 13 20 45 39
