3920
  - 51 20 48 55 42 23 34  4  6 28  - 35 57 39 40  - 24 50  3 41 64 56 15  - 63 52 53 37 29 21  - 60 68 30  9 67 62  - 58  - 13  - 19 26 16  8 44  - 49  - 36 54 32 70 11 38 14 33  - 45  -  - 27 25  -  5 66 43 22
 50 66 35 30 22 21 49 26  -  3  7 57 23 60 27 16 65 48  6 20 63 32 45  5  - 10 25  1 54  - 39  9 11 62 37  - 18  -  - 68 19  2  - 52  4 51  - 69 33 28 34 14 42 15 44 61 43  -  - 55 17  - 24 53 70 31  -  - 12 67
  8 45 42  - 69 41 54  - 60 65  6 33 70 20  - 28 37  - 43  - 13  9 16 34  -  7 14 19 66 57 58 29 62 51 61 63 44 15 21 27 36 55 53 48 12 30  - 18 40 39  - 31  -  - 23 67 24 11 26  3 64 22  -  - 38 49  - 56 32 17
  -  2 45 21 42 19  - 47 34 54 14 29 10 58 59 46 22 51 68  - 17 11 67 27  - 38  - 69  - 62 25 56  - 41 36  - 65 23  -  1 66 26 30 20  - 63 49  -  - 50 39  - 16 60 57 24 52  - 43 18  5  4  - 64 31 12 13 70  - 33
  - 25  3 62  7 36 67 22 49 45 69 59  2 17  - 34 46 56 10 23 42  -  4 53  - 21  - 18 41 70 44 19 20  - 29  8 55  -  9 43 64 14 16 15 52 48  - 26 50 40  -  - 12 61 28 58  - 65 32 39 47 30 33 63 13 60 54 57  - 51
 70  7  -  1 51 12 47  - 14 13 65 69 17 56  8 63  -  -  - 32 34  -  - 45 24 22 15 40  - 53 16 28  5 66 55 67  - 11  -  - 60 29 54  2 35  - 48 25  3 19  - 30 61  - 33 38  - 50 27  6 49 20  9 41 43 52 58 21 46 68
 34 30  - 51 70  - 56 61  -  - 23 37 22  5 60  3 62 54  -  1 46  2 10 11  -  -  - 31 20  8 14 12 48 63 43 59 29 55  - 32 18 64 25 50 66 53 33 67 38  -  - 15 68 16 42  4  - 69 49 36 65  -  6 58 44 27  - 41 21  7
 32 63 31 57  - 20  9 28  3  -  - 64 66  - 43 62 70  6 21  -  - 15 52  - 14 55 65  - 16 54  - 67 17 40 46 39 41 42 10 51 25 33 45 35 13  - 61 56  1 69  - 23 50 27  8  5  -  - 59  - 30 60 37 22  4 53 38 58 24 47
 23  - 13  -  - 67 65 52 21 64 55  -  8  -  - 68  5  -  9 29 40  -  - 26  2  - 58  -  -  -  - 18  - 37 39 14 34  - 56  6  - 61  - 70 22 25 54  - 10  -  - 28 59  -  - 31 33 16 12 32  - 15  7 35 41 17 19 47 49 45
 18 12 54  2 30 56 52 46  - 40 11 20 60 35  5 26 53  - 57 49 59 24 48 61  -  - 38 63  - 43 47 66 41 65 23 32  6  -  - 64  - 21 27 28 44  -  3 29  4 37 22 10 45  - 50 36 15  8 16  7  - 14  1 62  - 67 34 17 19 31
 61 35 28 67 54  7 32 65 46 69 66 38  -  3 31 60  - 19 58 63 45 37  -  - 43 23  8  - 42 30 62 57 39  - 24 20  - 70 49 34 33  - 50 14 47  1  6 10 26 25  - 68  - 21  2 17 12 64 56 48 41 11 36 59 55 18  -  - 53 16
 60 39  1 52 20  8 25  - 30  5  - 68 53 47 12  - 42  -  - 26 28 59 23 67 65  - 63 16 15 17 64 61  - 24 48 54 35 40 58  -  3 46 19 56  - 33  7 11 31 55  - 41  -  - 38 45  - 22  6 27 50  - 43 21 69 62 36  - 34 70
  - 17  -  9 16 24 11 63 43 38 47  - 67 28 42 45 69 14  - 48 52 61 50 55 53 30 19 36  -  -  -  - 37 23 58 22  1  - 60  - 59 27 62  -  -  -  - 34 32 26 46 44  - 70  - 15  - 29  7  - 12 33  - 51 57  - 64 31 66 39
  - 32 25 28  2  9 69 64  6 48 53 54  -  1 22 31 21 49  -  - 33 58 13  - 57 46 17 68 30 14  - 47 52 61  7 37 56 59 29 60 51  - 11 12 15  -  4 38  - 42 40 70 62 45 18 34 20 27 67 41 24  5 39  8 63 26  -  - 16 66
  - 44  8 13 49 52 61  - 55  1 16  7 34  -  - 48 41 68 27  - 31 25 47  -  - 19 40 21  5 56  - 46  - 32 42  - 12 51 62 14 26 15 59  - 65 24 11 60 29 45  9 39 20  - 36 28 35 70 53  -  6 10 64 43 58 23  -  - 18 50
 62 55 67 19  1 60 64 31 58  - 34 40 65 30  - 44 47 69 63 61  6 14 11 41  -  3 54 70  - 59  -  2 22  4 45  - 17 39 32 38 37 48  - 10 43  - 66 27 24 20  8  - 36 52 29 18  5 15 28 49 46  7 51 12  - 21 68 13 56 26
 13 65 47  7  8  - 66 62  - 19 29 46  - 67 57 33 60 27  5 44 70  4 51 63  9 39  2  - 26 36  -  -  - 11 31 49 22 35 43 15  - 28  -  - 25 58  -  - 69 14 10  - 34 59  - 55 30  - 48  - 54 21 32 20  1 24  - 61  - 42
 33 40 30 14 17 11 43 36 59 46 20 25 39 37 23 10 67  - 56 70  - 41 66  - 49 57 60  2 22  - 24 38  9  - 21  3  4  - 54 53 63  -  - 68  6 31 27  - 61  -  5 19 15  1 32  - 29 44 58 42  -  -  -  - 18  - 55 62 13  -
 27 62 65 58 21 22 16 42  - 59 60 30  3 10 14 32 39 29  - 54 64 53  -  1 51  - 45 34 69 41 70 52 33 44 50  - 63 47 25  5 55 23 61  4 11 36 31  8  - 56 68 48 18 35 26 13 17 43 20 38  - 57 49  9  - 19  6 67  7 28
  6 36 15  - 46 29  8 50 23 21 27 61 31 49 10 39 56 28 55 37  - 16 34 42 70 35 26 13 11  - 20 64 45 14  5 65  3  -  7 52  2  -  -  -  - 62  - 54 58  - 48  1 60 30 67 41  - 68 47 25 18 43 59 32 66 38  -  - 44  -
  - 43 44 66  - 54 50 23 64 62  - 11 29 68  - 35 30  - 61  - 25 55  3  6 40 41  - 42 58 49 60 63  -  - 26 15 52 45 53 13  8 57 18 46 69 65 17 59  - 22  - 24 48 39  - 56 19  7 31 51 32 70  - 37 14  5 20 16  4 12
 47 52  - 32  9  5 48  -  - 50 26  -  - 27 36  - 59  8 64 41 20 31  - 57 23 43 69 51  - 46  - 15 13 25 56 60 24 33  -  - 17  - 39 45 63 19  - 30  - 65  - 18 37 68 12 70  1  4 22 62  - 38 53  - 35  2 66  -  - 14
  -  - 46  - 28  - 22  - 12 56 50 32  4 21 17 27  3 16 49 55 26 67 44 25 42 58 48 60 43 52 69 14 61 10  - 62  - 54  - 23 70  - 57  -  7 37 35 33  -  -  - 38  6 41 30 20  - 59  -  - 11  -  - 31 15 64 53 45  - 24
 40  - 55 41 67 38 36  9 42  - 21 17 26 64  -  8 43  -  - 59 58 48 22 51  6 65 34 54 60 19  2 24 14 50 35 28  7 63  - 56  4  - 13  - 53  - 37  - 70  5  - 69 29 46  1 39 66 45  3 61 23 68  - 49 30 10  -  - 31 27
 59 29  -  - 23  4 39 10 54  7 58 14  1 52 67 53  - 26 11 46 61 63  - 70 19  - 57 30 47 37 15 31  - 38 22  - 33  3 28  - 40 41 49  8  - 12 65 45  -  - 24 56  - 42 48 68  9  - 51  -  - 44  - 34 62 55  - 25 36 43
 46 58 33 56 29 53 17 49 69 28 51 66  9 24  -  5 48 67 54 12 36 40 35 38 10 20 41 64 32  - 52 42 68 13 70  - 60 14 39  7  1 31 43  - 30 61  - 37 25 44 27 57 23 34 16 47  - 63 18  -  -  - 65 15 59  - 21  3 22  4
 26  -  -  - 60  -  4 39 28  - 49 27 59 25  6  - 58 32  -  - 51 10 33 43  - 31 47 66 14 13 19  5 29 52 34 41 21 37 57 67 65 20 36 54 56  3 15  - 46 70  - 11  - 50 62 16 61 18 40  2 44 53  -  - 64 42 48 24 69  1
  - 27  - 23 15 18 60 43  7 39  3 12  - 59 16 66  6 52 46 13  - 49 38 37 17  - 70 32 25 68  9  -  -  1 20 10  2 61  - 54  -  -  - 40 42 29 22 41 53 62 47 51 24 55  4 14 36  5 69 26  - 31  - 44 45 57 28 33 65 64
  - 31 49 11 35  - 40  -  1 43  - 24 47 63 44 42 34 23  - 22  5 39  - 21  4 51 46 61  7 15  - 65 67 69 57 19  - 41  - 26  - 37  - 18  - 54 50 68 62  - 56  - 38 12 60  -  - 17 66  -  2 25 55 14  -  - 33 10 48 29
 54 50 43 49 58 46  6 56  2 42 12 21 37 19  - 24 26 55 47  - 27  - 68 22  1 70  - 35 62  4 40 17  7  3 65 34  - 28 52 61 39  - 31 36 48 14  -  - 57 15 33  - 10  5 69  - 25 32 11 67  - 29 18 38 23 45 41 30 59 44
 52  1  6 18 14 17  - 58 45  -  - 70 46 44  9 43  - 15 41  - 50 20 62  - 60  5 32 57  4 24 63 27 23  8 49 64 61  - 11 39 10 30 68 66  3 55 69 28  - 53 13 33 26  - 35  - 54 40 34 37 38 67 16 42 22 56 31 12  - 59
  9 33 39 61 18 14 63  1  - 68 35  -  - 12 56  - 29 57 36 58 23 21 46  - 45 26 13 43 67 31 42 69 64 19 28 50 10 38  5 20 62  4 34 59 17 41 60 51  6  - 16 53  - 44 27 40 49 24  - 22 37 55 66 25 11  3 15 48 30  -
 69 41  - 15  - 26  7 24 35 27 67 55 54  4  - 51 57  - 22 14 16  3 18 20  - 34 23 50  8  - 31 43  - 46 32 48 42 56 17 63 12 36  - 21  -  6  - 47 45 29 28 61 39  - 49 53 68 10 13 58 62 66 60  - 40  -  2 52  9 37
 28  - 23 70  - 47 30 45  -  -  - 44 68 13  3 25 16  - 35 17 10 69 49 31 41  8 37  - 52 26  -  1  2 33  4  -  -  - 27  -  - 67  -  - 32  - 58 65 48  - 38 43 22  - 46  - 42 62 61  - 21 63 19 24 50  -  - 15 55 34
 65 11  2 34 13 32 55 29 31 44 42 41 12 70 46 58  - 22  1 69 57 52  - 14 67  9  - 37  - 25 68 21 36 39  - 61 49  4 66 18 38  - 23  7 62  - 28 24  5 48 15 20 27 17 64 10  - 33 30 19 59 16 54  - 47 43 63  - 60  -
 30 23  4  - 63 43 14 70 17  8 48 60  - 15 32 13 35 38 69 39  7 27  -  -  - 49 24 65  - 40 56 45 50 53 66 12 62  2  - 55 57  6 46  5 64  9  - 22 16 33  - 67  - 37 21  -  3 54 42 20 10 47 28 36 34  - 61 29 52 11
 38 68  - 12 53 65 41 67 61 55 22 58 56 43 11 21 32  2 62 15 24 50 17 30 44 45  - 28 39  9  -  - 70 54  -  - 66  8 48 29 27  - 33 57 37 47 52 49 34  4  - 13 40  7 63 19 10  - 25  5  1 23 69  6 20 16 26 18  - 46
 15 67 59 24  - 25  -  - 36 11  5 48 21 34 41  4 28 66 42  9 68 54 69  - 52 12  - 44 46 60 50  - 49 30 17 70 47 22 19 57  6 45 55 51 61 18 13  1 65 38 58  - 43 53 31 26 39  - 37  -  - 56 20  - 32 29  7 14  2  8
 53 56 57  6 65 33  - 25 18 30 44  -  7 29  - 19 12  -  -  4 48 66 39 49 35 11 61 58 55 50  5 41 59 26  - 36 13 17 47 42 22 68 67 24  - 20 14 40 54 32 43 60 63 64 45  - 62 52  - 28  -  1 23  - 51 69  - 37 70 38
 58 37 51  -  -  - 68 15 20  -  1  6 33  -  -  7 38  - 19  - 43 44 28 24 66  - 50 52  2 12 67  - 56 59 11  -  - 21 65  -  - 22  - 25  - 32 63 42 64  - 53  - 70  3  - 27 69  - 45  9 57 41  - 46 48 61 14 35 39  5
 56 54  - 37 36 50 18 21 48  - 31 34 38  6 45 69  1 11 14 40 47 43 25 62  7  - 30 24  3 67 51 33  4 12 19  -  - 16 55 22 32  - 64 60  8 15 59  - 68 13  - 17  - 49 52 57 65  - 35 23 20 46 41  5 10  9 70 53 26 63
 39 20 22  -  - 15  - 11 33 23 30  8 61 41 49 57 54  - 60 18 12 56 37  4 64 47 16  -  -  - 28 70  3  - 53  -  - 29 38 40 31  -  1  -  - 45  9 63 14 34 69 58 21 10 59 48  7 67 17  - 13  -  -  -  6  - 32 51  5 55
 19 48  -  4 56 16 33 53 68 18 43 35 62  7 50 36 40  - 38 45 15 29 61 65  -  -  - 55  - 63 12  - 44  - 52 13 11 31  -  - 41 69 14 49  1  -  -  5 67  9 25  - 47  - 54 42 57 58 23 70  3 32 21 60 26  - 39 46  -  2
 10  6 60 45 66 27 51 57 44 29 17 36 50 38 63 20 61 59 12 30  2 22 64  7 25 52  5 39  1  - 26 37  - 58  8  - 32 13 23 35 11 53 48 43 54 49 42 19  - 47  - 21 55 24 68  - 41 34  4 31 14 40 70 33 46 15 65 28 67  9
  - 13  9 63 39 44 57 14 11 70  -  - 24 18 55 61  8 65  - 56  - 68  5  - 36  6 43 12 59 58 34  - 25 21 69 52  - 46 33 16 50 42  - 31  - 40 32  3 41  2 66  -  7 28 15 29 45 51 38 60 53 27 10 19 17 37 22  - 64  -
 68 10 24 53 48  - 45  - 13 26 38 18 27 22  -  9 31 20 59 47 35 46 63 32 28 61 36  5 56 64 55 49  - 57  3 43 54 60  -  - 23 12  4  1 21  -  - 14  -  6 51 40 41 58 65 33 11 39 52 44 67  -  - 69 29 25 50  7  -  -
 55 59 34  - 61 28 38 32 63  -  2 19  6 11 54  -  4 60 31  - 29  5  8 23  3  - 64  - 53 18 36 26  -  7  - 40  - 49 45 48  -  - 69 44 46 22 24  - 27 51 17 12 13 20  -  - 16 57  - 47 70 35  - 52  - 65 67  9  - 10
  - 28 40 16  - 48  2  3 65 10 64  -  - 54 37 14 20 18 70  -  - 33 26  - 69 17 67 49  - 44 23 62 12 34 68 47 15  1 22  9 24 32 51 61 59  - 56  4  8 27 35  6  - 19 13 43 60 30 41 45  - 39  - 57 52 66 29  - 25 36
 49 61 32 40  - 23 35 18 56 15 39 62 48 53 13 22  - 25 34 19 37  1 57 68 38 28 59  3  -  7 33  8  - 60 27 51  - 44 69 24 16 11  - 63  - 46 26  - 30  - 55 52 67 43 10  6 70 41  5 65 29 36 17 47  -  - 45 42 50 21
 64 38 37 69 12 40 20 33 62 41 46  - 52  - 47 15  - 53 45 67 39 65  - 59  - 32 29 25 36 34  - 68 24 28  9 23  - 43  4 31  5 66 58  -  - 42  - 70 11  - 60 54  1 56 22 35 55 49 44 14  -  2 63  -  3 30  - 27  8 18
 31  5  - 33 64 62  -  - 16 53 63  3 14  - 29 54 44 47 13 42 66  - 19 18 61 56 12 46 24 23  - 25 55  -  1  2 37 10 30 70 48  9 65 26 68 67 34 36 60 41 20 59 28 22 58 49 21 38 57  -  - 52  -  - 27 32 40 69 35  6
 42 46 69 26 37 34  - 17  - 22 40  4 45 23  7  - 63  - 39 31  - 70 14 56 12 48 20 67 28 21 18 53  1 16  2  - 27 32 15 30  - 52  - 38 50  8 43 57  - 24 44 66 25 11  3 51 64 61 55  - 35 59 58 68  - 33  - 36 62  -
 29 22 63 47  5 61 62 38 53 35  9 49 20 31 65 52  -  - 67 16 55 18 43  - 39 14 68 17  6 10 41  - 30  2 64 42 25  - 36 44 45 59 28 27 34  - 46  7 21 66 70 37 11 40 51 12 32 26  -  -  8  - 48  - 56  -  1 60 33 54
 45  - 53  - 10 68 59  8 24 66 18 51 16 50 58  -  - 31 33  -  -  -  - 29 27 54  9 22  -  - 13  - 40  -  - 17 14 25 46 19 47 70  6 34 36 21 20 55 28 67 57 32  3  2  5 65 26 35 15 69  - 42  -  -  7 63 44  - 37 41
 43 34 10  -  6 57 42 68 37 24 32 22  - 61 26 70 27  -  7  - 18 28 58 69  - 67  - 11 50 66 59  3 47  9 54 56 40 65 64 17 20 39 44 41 60  4 21 48 52 23 29  -  5 13 19 30 14 12 36 53 25 45 31  -  2  1 46 63  - 62
 57 14 50 20 52 64 53 40 26 37 33  1 63 32 28  - 17 46 51 60  -  - 30  - 11 68 66  6 44 69 29 13 38 70 10  -  - 19 61 25  -  8  - 65 67 27 45 12  -  -  - 49  9 23 41 21  - 31 24  - 36 58  - 48 16  4 18 39 15 56
 66  - 70 43 68  1  - 30  - 52 19  - 18 45 34 17 64 61  - 11 14 36 55 60 33 59  7 10 29 42 38 20  -  -  - 53 48 26  - 47 21 40  -  - 58 50 16  - 51  8  -  3  -  6 39 32 67 25  2 56  4  - 44 54 37 22 12 49 23 35
  2 49  - 59  - 69 28 54 38 67 41 23  - 62 19 55 13  - 44 64 60 17 31 47  - 15 39  8 27 45 65 11  - 42 12 24 20 58 14 36  -  - 37 53 18  -  1 21  -  - 52  7 35 26 66 22 40 48 70 46  -  6 34 30  - 50 43  4 57 61
  -  - 12 36 62 51  - 44 67 31 13 43 69 33  -  -  -  - 53  6 56 34 24 39 30 64 10 59  - 48  - 55  - 27  - 29 57  7 37 65 15 35 38 58  2  - 70 66  - 68 21 25 14 54 47  -  -  - 63  -  - 49  3  4 61 41 23  -  - 32
  - 42  - 29 38 35  1 48  - 61 24 65 41 66  - 30 36 40 32 43  - 62  7 33 21  2  -  4  9  -  - 39  -  -  - 26 45  6 50  - 67 17  - 37 27 60 57  - 15 18 12  5 49 69 25 23  - 55  8  -  -  - 52 70 28  -  - 64 14 19
 14 16  7  -  - 58 10  6  - 57 37 50 43 26  - 11 49 13  - 51 21 45 41  9 48  4  - 15 18 20  - 40  - 31 63 25 38 30 70 33 44  3 60  - 29 66 64 46 36 52  2 55  - 62 34 59 56  1 65  -  - 61 27 39  - 28  -  -  -  -
  -  - 48 39 45  3 27  7 50 32 25 52  5  2 33 64 55 37 24 36 22  - 20 66 62 16 21  - 31 51  -  4 34  - 14 38 59 12  - 69  -  - 47  6  -  -  - 15 43 63 54 35 65 29 56 60 46 53 10 57 19  - 30  1 49 70  9 68 61 58
  1 47 26  3 59 55 31  - 32 51 52 28 57 46  - 12  7 44 37 34  9 19 60  - 13 29 53 33 63 27  - 36 15  - 25 68  8 18 42 62 61 43 10  - 45 70 67 58 22 11 64  - 56  - 14 54 48  6  - 35 16 17  5 65 21 39 69  - 38  -
  - 64 14 65 47  - 34 69  -  -  - 45 36 42 51 23 68  - 16 24  - 12 32  - 54 66 56 41 13 55 30 58 35  6  -  1  -  -  - 46 49 38 15 39 33 43 62  9 63 57 26  -  - 18  - 50 27  -  - 21 52 48 40  -  - 59 37  8 28 25
 36  -  - 27 24 49 70 35 25  - 54  -  - 55 52 47 14  7  - 21  - 30  - 64 58 62  - 20  -  5  - 44  - 45 60 69 43 67 59  3 68  1 41 33 28 34 23  -  -  - 19 16  - 66 61  - 37  9 29 13 15 50  4  - 12 48 11  6 10 40
 17 60 61  - 43 59 44 12  9 36  - 63 11  8 70  - 23 58  4  5  - 38  -  - 34  1 31 27 57  2 48 22 21 47  6  - 19 52 41 45 30 56 66  3 24 26  - 62 49 10 32 46 64 25 53  - 13 37 68 16  -  -  - 29 65  7 42  - 54 20
  - 70 68 17  3 66 12 59 57  - 45 39 19  9  - 29 24 50 30 65 32 60 21 58  5 53  - 47 10 28  1 48 63 35 40 44  - 64  -  - 54  -  - 11  - 38 51  2  - 61 42 26 33  -  7 46 31 56 14 15  - 34  - 18  - 20 52 43  - 13
  7  3 36 46 32  - 29 51 41  - 70 15 28 16 53 50 33  - 40 27 62 26 42  2 20 60 49 45 48 61  8 10 31 18  - 57 68 34 63  - 52 19  5  - 14 35  -  6 55 43  1 65  -  9 24 37 23 66 64 59 22 12 56 17 54 47 30 38  - 69
 20 69  - 44 41 30 19 13  5 14  - 26 40 65 61 59  - 70 66 10  - 51  2 35 29  - 62 56 45 32  6 50  - 55 33  - 58  - 12 37 34 49  7  - 39 64 36 52 17 31 67  4 53 48 43  3 18  -  1 24 28  - 46 23 60 11 25 22 63 15
 35 21  5 55 57 63 58 60 15 34  4 53 13 14  - 67 25 10 28  8 49  6 70 52 56 27  -  - 33  3 61 32 51  - 38  - 23 24  - 12 43 54 42  9 41 39  - 16 37  - 50 64 69 31 17 44 22 46 62 40  7 19 45 66 68 36 59  2  -  -
