3920
 12 25 19  - 62  3  - 44  - 17 30  -  - 37 13 28  -  - 46  - 58 21  -  8 18 61  - 35 53  9 69 11  1  7 38  - 63 68 59 32 23  -  -  6 27 49 67 52 31 16 41  5 70  - 22  - 33 47  - 15 51 29 48 39 54 20 56 64 10 26
 34 57 49 17 30 60 55 61 20 58 56 50 26 12 70 53 48 22 51 47 23 31  - 14 38 21 66  - 37 15 43  -  - 33  - 39 67  6 42  -  2 35 52  - 65  5  3  9 28 24  -  4  - 11  7  - 54 45 27 18 68 13  - 36 69  8 32 25  1 46
 23 21 48  3  - 56 46 49 17 33 12  -  - 10 14 36  4 57 25 60 19 67 40 58 39 13  -  7 61 53  -  - 47 70  - 55 30 51 64 16  1  5  -  - 32 44 18  8  - 65 29  -  -  - 63 24 11  - 26 38 22 42 50 45 20 31 28 69  - 37
 63 26 58  9 52 22 19 27 29 66 45 31 33  - 59 70 34 61 42 40 10 44 41 51  - 12 48 23 36 50 35  - 14 65 11  - 32  -  -  - 16 49 13  - 53 57 62 54  3  2  7 37 64 46 24 69 25  -  -  5 67  8 20 55  - 43  4 15  - 18
 70 44 64 41 29 25  - 62 30 28 61 57  - 23 65 26 31 24  - 49  2 13  1 56 69 47 21  - 42 22 37 45  - 54 32 11  9 34 18 46 17 39 48  7 60 27 43  - 59 36 15  8 14 12 67 50  3  5 51 63 40 35 16 52  6 19 66 10 33 55
 35 11  - 58 33 48  -  -  - 57 27 37  - 70 21 19  - 13 50  -  9 20 47 60 42  7  - 12 52  2 63  - 29 59 28 30 17 54 16 41 38 69 45 14  - 39  -  1 53  6 64 61 23 65 15 10 44 49 62 67  -  - 51 68 32 25 26 46 40  3
 39 24  -  - 59 33  7 30 64  8 34 69 65 38 19  - 40 28 57  - 32 14 46  - 63  9 51  5 25  - 27 62  - 49  6  1 47 29 44  - 11 56 61 12 54 50  - 23 10  - 42 48 21 16 68 66 31  -  - 53 41 37  -  4 26 45 15 55  - 20
 32  7 33  - 47 15 28  - 24 40 31 39 69 55  1 27 17  9  2 62 45 30 58  - 29 70 67 13  4 36 54  - 38 43 10 59  5 20 46  -  - 16  - 42 26 34 49 60 48 57  - 41  3 21  6  -  - 64 22 25 61  - 11  - 19 51  8 14 52 44
 18  - 34  8 66 24 44 17 33  - 37 46 49 40 41 63 70  - 53 68  - 51 64 52 45 11 19 15 50 58  4  - 21 23  9 67 25 35 10  -  - 59 14  3 12 32 30 38 29 28 43 57 36  7 48 13 16 55 39 22 47 69  5 61  2 60 27  - 56 54
  9 52  - 36 65 32 70  - 21 16 58  3 28 19 38  - 25 20 29  4  - 45 61 68  - 59 57 10 35 33 23  -  - 15 22 14  2 67 24  -  5 53 37  - 48 66  - 31 50 11  - 69  - 34 64 40 12  8 54  1 56  - 13 18 47  -  - 30 42 60
  -  - 54 23  1 65 40 26  -  - 67 47  - 52 18 15 22 34 30  - 37 59 56 20  - 31 64  - 69 46 68  8 39 61 49  3 21  9 66 14 13 38 41 28 24  - 19  - 27 35 53 42  -  2  4 43  7 63 70 48 10 36 32  5 50 12  - 44 25 11
 53 22 28  5 45 57 25 18 26  4 32 65 64  - 44 37  - 67 35 66 69  8 17 43 52 36 42 29  -  -  - 30 33 14 16 19 39 21 54 11 63  - 23 59 49  - 12  7  -  - 20 27 46  6  - 62 56  1 60 13  9 34 68 48  3 50 24 58  -  2
  4 67 46  - 42 58 30  -  5 55 28 29 43  - 60  3  -  - 65 34  - 22 38 32 53  - 39 68 48 63  2 44 19 25 20 66 62 69 51 26 10  - 50 45  9 21  6 40 12  -  - 16 61 41 70  8 13 37 18 36 49  -  7 47 35 11 57  - 14  -
 40 14 12 63 49 38  1 67 43 46  -  - 20 17  - 23  9  - 70  8 51  7 30 39  - 10  - 25 65 52 50 18  -  3 31 53 57 58  - 28  - 47 16  - 19  2 34  - 61 32 11  - 60 13 29  -  6  - 64  - 48  -  -  - 55 26  - 42 35 21
 24  - 17 49  9  -  - 47 32 35  5 11 67 66  -  8  -  - 15 64 65  4 33 16 61 40 26 18 41 13 25 70 37 50 58 54 44 63 23 60 19  2 10 51 21 38 48 14 56  1 46  - 42 28 43 55 52 57 59  -  - 53 22 12 30  - 39 29  - 68
 62  3  -  -  7 63  - 41 47 37 60 51 58 42 27 65 57 21 52 36  -  -  9 23  2 53  8  - 22  -  6  - 12  -  - 33 16 19  1 13  - 46 15 17  -  - 24  -  -  - 18 35 11 26 40 30  - 31 67 43 55 44 64  -  - 54 34 70 32 49
 45 33 22 14 70  - 50 38 44  - 35 10 39 48 20  9 56 47 24  - 34 19  7 69  -  - 46 17  - 41 67  - 36 18  - 16 40  - 61 66  6 64 54 32 52  -  8  - 30 55 63  -  1 60 26 31 58  - 42 62  - 23 25  - 68  -  -  - 57  5
 60 16 56 19  - 30 64  -  2 54  4 15 52 32  - 40 21 38 23 14 41  - 59 63 26 45 53  3  5 66 47 36 68  - 25 18 27  -  6 49 22 43  - 70 29 55 31 35 37 61  - 46 65 62 11  - 42 28 57 20  1 58  -  7 33  - 10  -  -  8
 25  - 68 67 32  4  - 20 69 41 40 55  -  - 49 30 51  - 48  -  - 39  3  1 17 57  -  -  - 45  - 19 46 22 14 13 29 27  7  - 70 28 60 53 42 33 35 59  8 12 58 21 44 15  5 54 34 65 56 16 24  - 66  2 63 61 38  - 18 50
 50 54 53 11 40 16  3  - 55  -  9 36 14 46 62 22 20 35 63 25 68  - 67 42  8 44  -  1 21 38 41 51  7 32 48 23 34  - 13 45 37 12  - 29  - 24  - 56  - 19 47  - 43 70 33 64 15 10  6 65  5  - 69 49 17 28 52 26 61 58
  3 62  1  -  2  - 38 12 22  - 13 25 53 68 29 54 19 14 49 18 67  5 26 34 20 65 27 40 44  - 11 43 30  4 36 17 24 45 41 61 57 21 47 48  - 16 23  - 55 15 31 51 52 66 58 35 39 33  7 56 64  9 28  - 60 59 37 50 69 42
  6 17 23  - 37 53  - 57 40  - 59 20  - 69 30  - 14 50  - 38 21 47  2 26  -  -  3 28 19 67  5 54  - 42 70  - 65 62 43 24 49 11  - 13  - 45  1 33 52 25 44 18 63 27 66 56  - 15  - 10 39  -  4 22 58  - 68  - 60 48
 10  - 52  -  -  - 13  - 45  -  -  4 29  -  - 14 37 44  - 35 66 18 23 55  7 22 36  - 16 19 28  5 27  -  - 20 70  - 12 68 58  9  2  1 43 42 15 63 54 17 65 32 50 24 51 25 49  3 34 33 53 46 30  - 40 47  - 59 31 61
 29 28  2 12  -  9  -  -  - 38 17 27 57 41 55 34 59 65 44 54 22 56  8  - 15 48  -  -  7 25 66  4 23 37  - 47 69  - 63  - 61  - 11 68 58 26 21 19  - 43 49 50 30  - 53 32  1  - 20 40 14 45 18 33 70  6 13 67 24 39
  -  5 21 40 58 54 24 29  7 48 20 49  8  -  -  - 36 16 47 44  3 38  - 22 19 23 10 67 13 62 31 60 11  -  4  - 61 56 70 27 68 25  - 64  - 52 46 55  - 42 12 28 69 37 45  9 26 14 35 17 50  1 65 41  - 32 53 39 51  6
 16  -  -  - 54 14 52 33  8 51 29  5 45 34 68 60 41  - 32  - 59  3  - 18  - 56  -  - 39 64 55 67 28 58 26 44 48 37 22 50 69  - 46  4 47 62 42 61  -  9 36 23  - 49 38 53 10 25  -  2 13  -  6 19  - 21  -  - 20 57
 65 43 32 54 21  - 49 70  -  -  1 40  -  - 56 17 13  - 69 26 29  - 48  -  5 25 33 47 20 55  - 64  - 68 46  -  - 10 31 57  -  - 24 22  - 15  - 53  - 23  2  7 67  - 36  6 37  -  - 59 38 51 14 16 44 41  - 12 66  -
 11 18  7  2 67  - 63 45 27 64 52  8 56 24 35 69 47 32  3  - 13 48 53  9 23  -  5 19 68 43 42 10  - 38 17 37 60 49 34 15  -  -  - 66 62  1  - 39 26 54 55 65  - 57  - 44 50  4 36 21 58 14 46  - 51  - 31  - 70 40
  8  2 45 28 68 12 18 43 11  - 24  - 46  7 32 35  - 26 21  - 61 33  - 53 30 69  - 42  1 44  - 15 66 17  - 60 49  - 20  - 55 31 25 54  - 10  - 29 19  -  - 38 13 36  -  4  - 22 58  6 27 52 23 65 67 56 50  - 64 51
 36 40 30 50 14 52 67 28 57 24 44 19 41 29 45 39 32 59  - 53 35 62 69 46 27 55 12  6 60 65  7 42  - 20 13  - 37 64 56 17 66 34  1 16 70  9 63 25 22 51 48 11  - 31  2  3 68 21 38  4 18 33 26 10  -  -  - 54  - 23
 38 50 40 57 13 45  - 53 51 61 36  7 23 63  2  5 54 39 62  -  -  1 22 44 16 35 24  9 64 12 34  - 26 41 69 48 20 46 49 67 33 29 55 52  6  4  - 17 43 60 14  3 19 25  -  - 59 66 37 42 32  - 15  8 56 30  - 18  - 31
 48 29 57  -  - 17 42 25 68  - 43 16 18  - 26 10 45 30  -  3  -  - 27 11 49 50 70  - 31  - 56 65  - 47  1  6 41 59  -  2  - 22 39  -  -  -  4 58 51 62 61 14 66  9 44 60 36 53  8  - 23 32  - 46  - 55  - 33 15 19
 41  - 70  - 20 68 11  1 61  - 65  - 34 62 53 42 29  2 17  - 31 63 52 66 43  - 28  - 46 47  8 57  - 55 44 22 12 33 14 69 18 54  3 39 51 56 60  - 58 48 10 19 27 50 23 49  4  9 16 30 25 38 21 40  7 36 67 32 37 35
 68 63 41  - 22 13  9 58  -  - 33  -  - 59 31 25 62 51 12 19 26 37 49 64 46 28 20 11 38 48 24 61 35 34 67  4  -  - 17 30  8 40  - 57  7 47 53 10 65 69 66 56 39  - 50 42 18  - 44 55 54  -  3 29  - 23 43  5 16 32
 20 39 14 62 28  - 35 19 38  6 66 21 37 57 69 46 67  - 34  - 53 26 42 30 65 64 13 56  -  - 36  -  - 44 33 70 22  3 11 18 31 58 29 55  - 23 16 15 24 49  - 68 32 59 54 52  - 40 25 51 43 63 17  9  -  -  - 60 48 45
 55  - 66  6 39  - 23 22 46 68  - 56  2 16 52 50  -  -  - 41 38  - 54 48 10  8  - 20 45 49 57 26 70 27 19 21 18  - 65  -  -  - 53  9  - 37 61  - 25  - 40 12 28  - 32 33 62 11 13 29 17 43 35  1 31 34  - 47 63  -
 58  -  3 39 15 20 53 37 67 11  2  1 59 56 40 49 50  - 54 69 55  -  6 29 47 60 25  - 24 26 19 34 22  - 42 46  4 32 35 70  - 18  8 10 16  -  9  - 45 21 68 31 12  5 17 28 65 44 30 66 33 62 52 23 36 38  - 51 43  7
 26  -  9 47 24 67 60  2 34 50 25 30 70 54 66 16 23 55  - 31 57 12  -  - 32 58  -  - 28  - 13  -  5 45 68 27  7  - 48 33 62 19 56  -  8  - 37 44 49  - 17 20  6 69 35  - 40 52 10 41 59 39 63 51 65 53 29 38 36 15
 51  -  4 61  - 69 47 21 42 53 46 13  - 20 58 31 64  6 40 30  - 29 32 54  - 14 22 59  8  5 49 12 18  1 66 57 68  - 28 43 15 37 44 50 36  - 70 41 16 63  3  9  7 35 52 17  - 62  -  - 19 26  - 11 39 65 25  - 38 24
  7 34 59  -  - 43 14 11 12 62 51 70  5 39 63 13 42 27 20 61 54 16 68  2  6 15 47 50  3 56  - 49  8 36 35  -  - 18 25 55  - 48 31 67  - 28 44  - 23  -  1  - 38 32  - 19 60  -  - 69  - 24  -  - 41 33 65 40 26  9
  - 51 36 35  - 62 12 46 49 20 63 44  1 21 25  -  - 53 38  - 50 42 16  -  -  5  7 52 17 32 22  - 55  - 56 31  - 15 26  - 47 67 64 23 45  6 69 18  - 39  4 24  9 33  - 59  - 34 14 28 11 65 57  - 13  - 48 37 27 30
 43 59  8 24 56  - 65 15  -  3 55 52  -  1  -  - 35 11  9  - 60 34 28  5  -  - 38 36 30 57 20  - 50 16  7 29 10  -  -  - 54 32  - 18 68 17 13 49 14 22 25 53 51 64 21 37 48 39 46 31  -  4 40 27  -  -  2 66 67 62
 49 47  -  - 36 64 31  5  - 43 54 17 25  -  -  6 68 18  8  -  4 58  - 70  -  - 55 69 27  - 12 52 67 57  - 40  - 38 30 22 46 10  - 65 50  7 66 34 39  - 32  1  - 23 19  -  - 60 45 14 15  - 33  - 48  -  9 28 41 56
 59  - 50  1  - 40 69  4 65  - 62 64  - 25 11 12 18 10  - 48 39 23 44 47  - 68  -  - 15 34 14 28 61  - 52 63 53 66 67  - 42  - 17 33 31 54 57  -  5 29 21 13 35  - 56  - 41 19  3 24  -  2 43 32 37 27 49  8 46 70
 27 38 10 15 35 66  - 60 28 49 18  - 54  - 67 43 12 68 59 21 46 25 39 24 31 29  - 32 63  - 45  - 57 69  - 62 51 50  -  -  - 14  9 41  - 36  5  6 44 30 19  -  4 56  1 48 20 23 47  3 70 22  - 26 11 17 42  2  -  -
 21  9 47 26 12 50 59 23  1 42 64 60 35  4 36 41  - 25 61 10 40 52 18  - 13 38 37  - 34 30  3 33  - 24  - 56  - 65 69 58  7 44  -  5  - 43 51 27 68 14 54  -  8 53 62 22 70  - 29 32 46 20 19 31  -  - 45 16  2  -
 37 30 65 45 53  5 68 14 10 34 70 33 61 31 17 67 38 15  7 13 16 54 55 36  9 62 23  - 40  -  1 56 42 19 64 69 28  -  3  - 44  - 66  - 63  8 50  -  2 52 60  6 26 18 46  - 32 48 43 39 12 57 58 25 29 49 59 35 11  -
 56 70  5  - 60 11  -  3 13 45 38 12 17  - 23 21 33 49  - 46 63 66 25  - 64 20 50  - 59  6  -  -  - 48 30  - 19 41  4  - 34 52 35 62  - 14  - 67  1 37  - 40  - 68 27  - 51  - 31  9 36  - 42  - 43 22 44  -  - 29
  - 58 29  7 48  - 41 51 66 44  - 63  - 18  5  -  - 52 14 33 49 15 12 19 36  -  - 65 55 69 26 40 17 53  - 32  1 43  8  3 56 50 30 24 59 70 22  -  - 34 27 45 57 61 28  - 21 67 11 68  2 25 54  - 62 37  6  9  4 10
 14  -  6 13 69  -  - 42  - 59 47 24 19 44 57 52  2 17  - 45 30 43  - 10 33 37 63 31  - 68 53 21 60 28 50 25  -  8  - 56 39 20 27 11 38 35 32 22 64 46 70 62 55  - 16  - 23  7 48  -  4  -  9 34 61 29 40 49 12 65
 13 19 16  -  6  -  -  7 23 70 48 61 50 22 34  1 60 33 31  - 17 24  -  -  - 46 41 63 32 39  - 55 51 40  3 26  - 53 47  5 14 15 68 37 28 67 64 69  -  4 57 25 56 58  - 45 35  - 12  8  - 30  - 59  9  2  - 36 44 66
  - 46 37 33 57 55 16 24 14 10 23 22 62  5  - 66  -  3  6  1 11 27 50 61 48 49 54 70 58 20 38 35  2 26  8 45 59 42  -  - 36 68  - 31 44 25 41 13  7 67 39 52  - 43  - 12 17 29 63  -  - 40 56 64 18  4 51 21 47  -
 17 61  - 44 23 34  -  -  - 12 69 67 40 14 22  - 39 46 66 51  - 49  - 37  3 41 68 58 18 42 60 53 62 31 21  - 43 16 27 35 32 55  7  - 11 29 25 36 20  - 33  - 59  1  - 15  9 54 65 52  6 10  2  - 64 24 47 45 50  4
  1  -  - 25 19 28  8 66 41  -  3 43  7  2 24  - 58 12 33 39 44 53 60  -  -  - 11 16 57 70  -  6 10 29 65 64 23 55 32 37  - 61 36  - 67 22 38 50  -  - 34  - 54 51  -  - 45  - 40  - 26 68 47 17 27 13 69 48  5 52
 67 23 42 64 10 61 36  -  -  - 49  9  6 45 15 32  5 56  1 16 12 46 65 27 59 17 60  - 26  8 51  - 25 66  - 24 58 28  -  -  3 13  4 34 39 68 40 11 33 18 35  - 29 30 14  7  2 20  - 37  -  -  - 53 52  - 70 43 21 47
  -  - 35 34 50 10 39 40 16 13 21 54 24  8 47 55  3 36 60 17  - 32 62 38  -  1 29 46  6  - 44  - 52  - 57  - 56 48 37  4 51 66  5  - 41 19 20  - 63  - 45 33 68  - 69 65 53 18 23  - 31 67 70 28 12 42 22  - 59 27
  - 68  - 53  - 46 21 64 56  - 41 28 13  3 39 59 30 37 27 24 18 40 51 17 50  - 44  -  - 14  -  1  6 60  2 35 26 11 55 10 43 23 58  8  4  - 36 65  9 66  - 54  - 47 49 70 29 38  - 34 45 48 31 42 22  7 20 57 19 16
 22  - 39 65 18 47 56 35 58 67 50  - 10 53 48 11 66 62 37  2  6  9 13  3  4 19 14 54 23 40 61  - 49  8 43  - 42  - 29  -  - 33  - 21 17 64 52 16 41 44 28 55 45  - 59 34 46 26 15 70 30  - 60  - 24  - 36  7  - 25
 19  - 15  -  3 37 17 32  9 47  8 23 42 51 64  -  - 54 58 70  5  6 36 12 24  -  - 48 33  4 21 13  - 56 18 61 45  - 68 59 60 65 34 38  2 30 11 46 57  - 22  - 16  - 41 39  - 50 49 26 28  - 55 35 25 52  1  - 29 14
 42  1 51  -  5 59  - 65 15 22  7 38 32 30  - 48 44 45 19 58  - 50  - 21 37 27 56 57 66 17  - 46 24  6  - 12 31 36  2 29 20  4  - 47 25 13 10  3 69 40  9 60 18  8 34 16 28 41  - 54 35  -  - 63 23 68 55 52 49 64
  2 12 27 51 61 29 20 52  -  - 53  - 47 35 42 58 49 48 41 67  -  - 66  - 57 16  1 45 14 11 30 31 54  5  -  7  -  - 39  - 24 26 38  -  - 59 33 28 32 68 13 15 22 44 55 21 64 46  - 23 65  3  8 70  - 63 60 17 62  -
  - 49  - 20 26 23 32 69 62 30  - 35 27 11 51 45  -  - 28  6  8 41 21  - 25  4  -  2  - 60 29 48 40 12 24  - 33  - 53 31 59  3 65 15 56  -  - 70 42 13 67  - 34 17 37 38  - 36  9  - 52 18  -  - 10 14 46  -  7 22
 54 37 69 21 63  -  2  6 53 26 68  - 15  -  3  7 65  4 11 20 70 36  - 59 56 66 49  -  9 31 58  - 13 52  -  -  8  - 19 25 67 42 51 61 40 60 39 30 17  -  - 47 10  - 18 23 27 12  1 44 16 55 62  - 46 64  5  - 45 33
 46 53 67 37 51  7 34 68  -  -  - 66  - 65 16 38 55  - 13 63  -  - 43  -  -  -  -  - 12 23 48 17  - 39 59 41 35  - 50  - 28 62 49  -  1  - 45  - 15 33 69 10 58 29  3  2 30 61  5 47 21  6 27 14 57 44 19 56  - 36
  5 60  - 29 16 70  - 54 48 39  - 42 22 50  4 20  - 58 43 57 27 68  - 13 66 32  2 53 56  - 64  9 69 35  -  8 46 61 40  7 41  - 19 49  - 65 26 24 36 31  - 44 33 10 47 63 38 51  - 11 34  -  -  -  - 18  - 62 30  1
 47  -  -  4 55  -  - 13 25 14  6 58 21  -  - 44 16 43  - 32 42 61  -  7 51  3  9 30 10 37  -  2 15 46 60  - 11  - 57 54 29 45 40 36 33 31 65 48  -  8  - 59  - 22 12  - 69 70 52 64 66 28 41 62  1 39 35  -  - 53
  -  8  - 32  4  - 66 36  - 18 11  - 63  9 46 33  7 19 10  -  1 65 14 50 54  - 58 49  -  3 70  - 16 64 45 42 55 25 62  - 52  6  - 69 35  - 17  - 21 41  -  - 48 38 13  -  -  - 28 57 20 56 34 15  -  - 30  - 23 12
 28 65  -  -  8 49  - 16 59 23 15 14 44  - 10 24 61  5 56  - 20  -  - 33 40  - 17 66 29  - 32  - 64  - 12 68 36 30  9 62 25 70 21 60 22 46 47 45  -  - 51  2 41 19 42 26 57  - 53  7 63 50  1 38  4  -  3 34  - 69
 33 32  - 66 31 42  - 48 50  1 10  -  - 36  9  4 26  - 39 23 64 57 24 25 67 30 59 44 54 18 17 22 34 51  5 15 14 47 21 12 53  7  6 27 20 41  - 68 62 56  - 70  2 52  -  - 43 13 69 35  3 49 38  - 16  -  - 19  8  -
 52 31 24 18 46 51 57  9 60  2 39 26 48 43  8  - 28 29 45 56  -  - 35 40 41  - 32 34 62  1 16 14 20 21 47 10 13  7 33 19 65 27 63 58  -  3  - 12  6 59 30 17 37  4 25 36  - 69 55 50 44  5 49 54 42  - 64 11  -  -
