3920
 52 19 55  7  - 54 67  3  - 60 40 31 58  1 12 26 35 36 44 64 51  5 17  6  - 49 23 28  -  - 70 33  2  - 41  - 24 30  - 47  -  4 68 61 42 62 56 20 66 21  -  - 43 10 34  9  - 59 32 46 11  - 18  - 16 14 22 45  - 57
 14 57  - 37  -  -  3 34 17 63 66 70 61  - 26 67  7  - 50  5  -  - 42  -  2 68  6 24 54  -  -  - 36 25 62 43 28 46 49 16 18 35 65  - 53 47 51 40 15 12 38 59 56 13  1  -  -  - 39  - 60 44 31 69  4 45  9 23 48 29
 13 64 30  - 31 24 41 21  -  -  - 69 36 55 58  - 11 56 51  1  3 43 27 37 10 50 18 60 40  2  - 59 61 54  - 19  - 52  4  - 34  7  - 23 32 28 14 17 49  - 67 20  - 68 62  - 57 25 63 16 44  - 26 70 15  6 42 29 33  8
 27 26 67 25  - 18 54 24  6 45 58 60 31  - 44  7  5 11  -  - 35  - 66  1 29 41  - 48 23 63 55 62 68 21 22  3 37 13 19  - 10 69 20  4 52 14 15 49  8  9 39 65  2 30 36 57 46 42 56 34  -  - 12 53 40 61 47  - 38 17
 33 30  - 20 27 46 50 12 35 58  4  1  -  -  - 59 42  - 41  8 57  3 23 14  9 26 34 16 19  - 37 56  -  7  - 45 55 25 43 44 48  - 67 47  - 38 65 70  - 51  - 49 61 53 66  5 68  - 24 36  6 62  - 39 64  -  - 32  - 63
 31 27  - 54 43 44  - 14 10 16 53 52 42  2  -  -  - 28 45 26 60  8 58 17 20  - 38 33 62 15 11  - 70 49  6 23  5  - 22  -  - 63 66 55 69 21  -  - 30  1 56 40 50 57 39  - 61  -  -  -  - 36 59  - 12 46 51  4 29 34
 48  1 51 35  - 30 26 17 16  6 33 67 45  4 34 31  -  -  5 39 21 41  9 20 60  - 46 54 59 61  - 36 22 62 32 14 29 27 63 37  3 49  -  7  8 53 58 69 55  -  -  2 38 52  -  - 65  - 70 15 12 11 68  - 47  -  - 25 66 42
  3 17 23  -  -  - 25  - 20 46  - 53 18 60 55 61 26  -  - 69 37 14 28 67 65  -  - 21  7 36 68  4  - 44 50  9 39 11  - 15  -  -  8 43 13  - 10 56 59 27  6 32 62 33 57 31 52 63  - 42 29 16  - 24 70  -  -  -  1 19
 53  - 26 64 50 25 27  - 49  - 69  3  - 65 29 56 62 22 61 12 32  -  1 52 47 36 48 67 14 51  -  9  -  2 55 63 33 20 10 40 23  - 70  8 17 31 37 30 42 19 21 68  - 24  - 46 66  -  7 59 57  -  6 16 13  - 43 38 45  -
 58 49 69 30 16  - 64 47 43 31 37 35 56 14  - 44 68 18 46 41 50 61 38  - 11  4  5  - 24  - 17  6  -  - 53 33 52 21  1 57  9  -  -  - 45 65 32 63  - 40  - 10 60 48  - 59  7 13 27 29 36 55 54 34 28 23 62 42 20 67
  - 18  - 52  - 41 51  4 12 68  -  7 23 17 48 39  -  -  -  2  - 32 62 13 55 34 58 37 60  - 20 31 14 61 46  5 64 56 42 11  - 15 22 25  9 36 40 19 54  - 33 69 59  - 10 26 49 28 16 21 45  -  -  6 50  1 63 67  - 53
 45 24  -  - 11  - 10 31 34  - 68 22 38 33  - 66 12 51  - 56 16 49 63 57 59  - 17 19 35 69 13 53  9  - 58  - 60  2 25 29  - 20  3 37 54 42  6  - 67 15 47  - 26 32  7  -  -  -  - 50  5  -  - 30 23 41 46 28  - 27
 54 53 11 22 13 32 45  8 42 70 20 55 15 44 14 37 61 30 24 68 63 52  - 40 34  - 25 47 66  - 33 60 43 19 27 36 31  - 26  - 57 10 39 48 58 41  -  - 35 17  9 51 65  - 56 29  1 50  5  3 18  - 38 59 67  -  -  7  2  -
 41 38 59  - 32 64 15 54  7 22  - 16 30 21 65 68 39  -  1 18 33 56 40  3 14  5 27  - 49 70  - 17 67 46 25 28 35  - 66 45 69 23  2 31 55 11 42 10 50  4 61 62 63  8 20 37 12 52 43 44 58 51 48  - 53 36 29 24  -  9
  - 69 44 56  4 14 22 30 58 23 24 39 47 67  - 60 38 42 20 66  -  - 18 53 45 13 28  - 29 34 51 46 65 32 15 62 27 17 11  - 19 25 41 50 26  - 49 37  -  -  - 63 40 70  - 48 64  - 12 61 16 21 55 57  8  3 33  9 68  2
 56  -  - 50 67 55 28 33 64  -  -  - 35  - 57 34 43 32  7 45 65 23 29 63 25 46 44 20 16 39 12  - 38  -  - 17  3 18 21  4 58 62  - 53 14  8 24  9  - 66 68 30  - 15  - 13 31 41 69  - 59 48  - 42 61  5 60 22 54 52
  - 48  - 38  - 28 24 50  -  4 17 42 12 59 62  9 46  - 64 58  - 44 36 23 49  -  7 52  3 43  - 27 19  -  5 53  2 39 57 51 14 68 26 34 70  -  - 29  - 16 37  - 69 63 31 56 10 33 13  - 25 18  8 66  1 21 55 60 41  6
 17 10  -  -  - 37  1  - 13 20 26 27  -  5  - 35  - 38 30  -  - 29 53 59 16 70 52  - 28 25 47  7 31 50  - 51 57 19  - 65 61 32 62 67 44 54 39  - 45 60 23 18  - 21 24  - 22 15  -  - 33 40 14 49  2  - 41  8  - 46
  4  - 56  - 65 15 66 26 28 69 52  9  5 32 59  - 34  2 43  - 49 31 35 22 38 14  -  8  - 45 18 25  - 27 37 12 51 10 29  - 42 21 50  - 23 16 47 58  - 64 44 24  7  - 17 30  -  - 55 67 48 46 62  - 57 20  3 61 53 60
  9 33  -  - 69 67  - 38  - 64 46 62  6 49  -  - 70 58 35 47 45 28  - 60  - 43  - 11 50 66 34 44  -  5 39  - 36 29 20 41 12  -  -  - 63 40 30  2 19 48 18 31 14  - 22  - 17 23 61 53 10 59 57 52  - 42 26 13 37 54
 60 32 33 13 68 48  - 51 24 12 62 26  - 50 37  - 41 14 42  4  2 16  - 43  3  8 63 38 45  1  - 69 58 10  - 31 11 67 54 56 28 44 35 59 66 34 23  -  - 49 46 70 17 64 18 25 30 21 57 27 20  -  -  -  9 39 15 47 52  7
 25  - 48 41 34 45 58  -  -  -  - 40 68 53  - 54 33 66 23 63 31 70 12  - 51 52 14 61 26 50  - 57 32  - 18 37  6 35  -  - 17 38  - 42 47  - 16 28 44 30 29  7  4  -  - 11 43 39  - 69 65  -  3 55 36 19 56  1 15 10
 64 43 63 42 48  - 39 56  - 17 45 32 70 29 61 69 54  6 55  - 40 68 11  7  - 23 49  -  -  - 21 10 33  - 57 46  -  5  2 12  - 59 28 16 62  3 41 44 24 52 22 13 51  4 65 27 18 34  9 20  -  - 30 58 37 66  8 31 19 50
 42  4 28 18 20 36 56 67 63  - 39 19 34  -  8 41 60 43 16 17 26 64 47 32 46 25 70 29 30  -  - 11 52 48  - 24  9 55 69 23  -  3 12  - 31  7  - 15  1 62  -  - 66  5  - 44  - 58 35  6 61 49 50 21 27 68 37 10 57 33
 15 59  1 12  5  7  2  - 47  9 54 65 46  - 41  -  - 61 62 70 44 17  - 48 30 27 60 13 51 32 64 26 35  3  - 34  -  4  -  6 56  - 57 18 49  - 33 16 53 20 43 25 23 11 42 52 63 38  - 28 66 19 29 68 10 37  -  - 14 24
 39  2  -  - 47 34 70 65 61 48 12 24 49 69 43  6  - 62  - 37 53 22 15 51 21 20 40 57  9 56 59  1 17 60 42 50  - 58  - 14 52 55 54 13 64 33  - 67 23 10 32 28  - 18  - 41 16 36  - 45  3  4  5 38 63  7 30 44 46  -
 21 34 65 17  2 23 42 68 40 36 29 48  - 43  - 46 31 16  - 67  1 55  7 27 28 63  3 22 32  - 24 18  - 64 11  - 38 69 52  - 70  9  6 49 37  - 45 35 33 61 12  8 53 66 30 47 25 62 15 13  -  -  -  5 44 57 19 20 10 41
 16 47 25 67 28 10  4 32  5 30  - 20 43  9 18 29  2  8 63 49  -  1 22 55  7  - 13 27 68 57 31 41 46 38  - 66  -  3 17 33 24  - 64 60 34 19 36 21 51 23 11 37  -  - 40 14  -  - 45  - 42 69 52 44 59  -  - 12  - 65
 12 56 68 49 59 43 47 25 39  8  1 66 22 18 31  4 28  5 27 35 48 19  -  - 62 51  - 32 44 13 53 54 41  - 23 15 67 65 30 61 29 33  -  -  - 55 34  - 21 57  - 50  3  2 38 63 60  - 42 26  - 20 40 11 24  -  - 14 70 58
 30 39  -  - 35  - 38 15 41  - 22 51  7 52 54 13 65 59 10 57 46 62  - 18  -  3 53 50 69  8  -  - 21  1 16 11 17  -  - 70 25 67 31 66  5 49 68  -  - 33 48  - 37 45 27 42 28 26  - 60 14  2 20 36 43 64 24 55 58 40
  - 54 62 32  -  6 21 41 67 44 11 59 13  - 23  - 10 52  - 50 70 38  - 29 63 33 15  - 53 18 16 43 60 58  4  - 61  8 28  -  - 40  7  - 22  2 55  1 39 26 57  9 24 14 69 45 19 49 31  5 34 17 56  - 66  - 25 30  3 47
 67 15  - 23  1 68 44 57 66  - 25  - 16 41 45 52  -  7  6 34 17 37  - 42 40  2 65  - 18 27 58 50 24 13 28 69 70  - 64 63 59 54  - 38 56 20  - 36 10 55  -  - 19 47 48 22 32  - 49 14  -  -  4  9 35 12 11 51 60 43
  - 67 19 58 33 39 62 48 32 14 42  -  - 54 22 24 47 68  - 30 15 12 46  8 44 59  -  - 57  - 25 23 64  -  7  - 63 26 34 13 20  5 16  - 50  - 18 66  2 29 53 52 27 65 35  - 69  1  - 38 55 45 60  - 21 31 70 11 49  -
 29  -  - 61  -  1 13  - 22 18 57 36 17  -  - 62 15  4 48 10 11 34 44 46 27 69  -  - 65 55 63  - 26 24  - 40  8  7  -  - 47  - 33  9  - 45  - 54 70 68  3 41 67  - 64 16 20  - 58  -  - 30  -  -  -  2 23 50 39 66
  -  -  8  9 21 33  - 13 29 11 56  - 65  - 32 49  - 10 34  - 52 15 59 70 43  -  - 39 27 38  - 61 50  - 66 54  - 63  - 69 64  6 53 20 18 37  -  -  5  -  - 44 46  -  4 28  - 51 36 48 17 31 25  - 19 62 35 41 47 12
 59 20 60 33 10 58 16 11 14 41  - 23  - 25  3  8 37 55  - 38 68 30 26 62 24 66 61  6 56  7 42  - 28 51 36 70 50 32  5 18 43  - 44  - 27 15  4 57  -  -  1 19 49 34  2 35 21 48 47 52 69 13 17 63 39 53 45 65 67  -
 70 50  2 31 45  3 18  6  - 10 27  - 24 38  5 28 16 65 25 43 47 42 54 66 22  - 62 26  - 67 36  - 63 52 19  -  - 14 37 39 46 57  - 15  -  -  -  4 12 59  - 55 35 56  -  - 58  - 20 41  9 68 34  -  - 11  -  - 40 44
 63 66 57 24 42  4 32 64 45 15 61  8 69 20 35 48 51 39 31 27 29  9  6 21 53 37  -  3  -  5 26 13  - 43 44  - 12  - 41  1 36  - 58 30 25 59  - 50 16 67 55 33 28  7 46  - 34 14 22 49 23 54 10 47 52  - 18  - 65 62
  8  - 29  -  -  -  6 61 62 67 30  - 51 70 60 53 13 46 54  - 66  -  -  - 31 11 22  9 42  - 57  -  -  4  2 21 20 48  - 27 16 45 59  - 28 23 50 47 38 37  - 64 36 19 25 58 15 56  1  -  - 24  7 33  - 26  - 63 12 18
 23 12  - 21 22 65  8  1  - 19 15 25 62 10 40 43 59  3  - 44 42  2  5 49 13 17  - 66 39 58 38 35 57 56  - 52 32  - 70  -  4 26 48 24  6  -  -  - 14 31  7 45 20 36 68 18 37 30 28 11 47  9 16 51  - 34 64 69 63 55
 35  -  - 69 29 61 20 22 55 50 47 13 48 26 30 18 52 41  - 24  7 46  - 33 36 28 64 44 15 21 40 63 62 70  8 59  - 23 14  3 68 42 38 57  -  -  - 31 56 32 27  -  -  - 37  1 45 65  -  - 19  - 67 12  - 43  5  -  9  4
 11 44 31 27  - 19 52  - 54 65  - 33 20 34  4 58 63 53 40 46  - 10 49  - 69 38 29 68  - 62 30 47 55 57  9 13 66  - 56 22 26 18  - 14 15  1  -  3 61  6 70 35 12  - 16  7  8 45 67  -  - 37  2 48  5 32  - 17 64 21
 38  7 12 14  8 17 40 37  - 24 50 21 32 28 19 23 20 69 15 25 59 36 10 61 39 47  - 58 48 65 49  - 30 41 45 64 43  6 68  - 54 27 60 11 67 56 13 33 34  5 42 53  -  -  3  4  9 31 51 22  - 26 63  - 18 55  - 62 44 35
  7  6 45 44 26  -  - 28 50 25 10 34  - 66  9 38 56 31 67 23 18  - 41 64 58  -  -  2 21 52  - 40 53 65 43 55 47 62 60 36 63 70  4 19 57 17 22 12 68 13  - 14 11 35  5 51 29  -  8 33 15  1 46 61 54 24 27 49 30 39
 61  - 24  -  - 29  - 20 15 59  - 46 50 62 38 27 40 44  - 32 34 67 14  - 70 45 56 31  1 23 28 64 18 35 69 48 26  - 16 25 22  - 63 51 39 57 43  - 65  - 19 58  - 17 33 55 13 47 66  4  8 41  - 10  -  - 12 21  - 37
 57 60  -  -  -  5 12  9 44 34 36 63 67 68 49  3 24 27 38  - 41 33  - 54 37 55 69  - 25 10  - 29  - 31 59  -  4  - 23 17  - 64 42 58 43 30  -  - 40 50  -  - 13 62  -  8 39  7 65 70  - 53 19  - 20 47 28 52  - 48
  2 58 54  1  - 31  5 40 65  -  - 56 14 23  - 11  6 70  - 21 13  - 19 25 42 29 50 18 64  - 45 39 16 33 52 41 69  - 36  9 62 12  - 26 24 68 67 22 37 53 60 57  - 61 28  -  4 10 46 35 38  - 32 43 48  -  -  3  7 30
 69  - 46 70 24 20 61 27 59 29 55 43 21  - 68 36  - 60 33 14  - 54 39 58 64 15  2 12 10 26  - 34 49 11  3  - 42  - 53 66  6 17 47 65 40 18  - 13 62 63  4  -  1 67  - 38 50 19  -  - 22  - 45 37  7  - 16 57 35  -
 55  9 37 60 15  - 35 59 18 57 51 47 64 58 63 40 44 48 68 65  -  - 70 16 19 61 24  -  8 31 10 42  - 66 56  -  - 53 32  2 67  - 14 33 29 52  1 25 28 22 34 46  -  3 11  -  5  4 21 39 13 12 69 62 38 27 49  -  6 26
 26 65 61 19 12 53 48  -  - 66 23 54  -  7 39 14 64 49 69  - 28 25 24  5 41 62 20 43 36 47  2 58  -  - 38 60 13 22 45 10 21 56  9  3  - 63  - 18 17 11 50  1  -  -  -  6 55 70 40 68  4 67 27 15 34 16 44 37 32 51
 22 36  7  8  - 27 65 55 25 39 31  4  1 19 11  - 69 57 18 52  9 21 60 56  - 53 67 59  5 16 29 12  -  - 47  - 45 50 13  - 32  - 43 63 61 24 35 51  - 44 41 38  6 23  -  2 14 68  3 58 62 10 70 54 42 40 34 48 28 64
  -  -  - 40 39 35 43 60 51  - 41 45  - 13 46 57 49 24  - 19  5  - 20  -  - 65 36 30  - 42  7 38 25  9 54 58  - 15 18  - 27 66 11 64 10 32 63 62  6 56 17 47 44 55 29 69 53 12 33 31  2 28 61 67  3 22 48  - 23 68
 18 13  - 63 55 56 53 10 48 61  5 41  - 45 15  - 27 40 70  7  4 35 68 47  -  9 19 49 34 37 67 52 54 59 24  6 62  -  -  - 11 29 32 36 16  -  - 46  - 28  -  -  8  - 14 17  -  3 38 64  -  -  - 22  - 65  1 43 31 25
 68 55 15 29 38  - 30 58 19 56  7  6  - 47 36 25  -  1 53 11 43 13 50  2  5 57 10 40 52  - 23 16  - 28  - 22 65 54 31 24 39 48 45  -  3 70 27 41  4  - 26 42 32  - 63 61 67 17 34  9 49  - 64  8 62 18 59 66 21 20
  - 31  - 36 14  - 57 44 33  7 38  -  4  - 69  -  1  - 13 48 61 53 67 50 18 54 35 62 55  - 60 70 12 63 40  -  - 66  -  - 45 47 30  - 21  5 28 11 41 25 51  3 64  6  9 39 26 43 10  - 37 56 58  2 68 29 32 15 16  -
 32 37  - 59  9 11 63 70 31 35  -  - 55 30  - 51 48 29  - 61 14  - 16 12  6 42  - 10 67 68 27  - 69  - 20 47 49 57  - 54 66  - 40 62  4  -  - 53 13 58  5 43  - 22  8 24 56  - 60  - 64 52 28 23 46 25  - 19  -  1
  - 21 14 15 25 70 69 63 60 53 13 64  2  - 16 10 50 33  - 20 38 40 57  4 26  7  1 65 46 44 54  - 66 39 30 67 18  9  6 55 51 28 29 41 12 27 11 68  3  8 24  5 47  - 45 36 23 22 48  - 31 61 42 56 17 35 52 59  - 32
 40  5  6 26 19 16 17  2 69 13  - 12  - 39 20  1 67 23 37 53  - 11 30  - 52 22 31  4  -  -  - 15 34  -  - 35  - 51 59 32  7 14 27 10 60 48  3 38 29 47 49 61  -  9 55 43 42  - 44 57 63  - 66  - 56 58 21 18  -  -
 44 25  -  6  -  8 55 62  2 42 14 29 33 15 13 45  4 26  -  9  - 27 32  -  - 60  -  - 58 19 50  5 56 16 17 30  - 37  - 21 40 52 46 54 48 39  -  -  7 65 63 34 68  - 61  -  3  - 18 23 28 47  - 20  - 67 38 35 24 69
 20 40 35 62  - 13 19 43  - 28 18 50 66 24  - 30 21 54  - 16 55 39 51 38 57 67 59 53  -  - 14 37 42 12  -  -  7 64 46  - 65 31 23 69 36 29 60  8  - 34 15 26  9  1 47  -  6  - 41 63 52 32 33 45  - 17 58 27  4 61
 50  - 17 28 61 63 11  - 52  -  - 57  9  - 67 12 29  - 56 40 23 58 25 31 48 10 26 35  4 49 15 32 51 18 68 42 16  - 24 20  -  - 37 70  - 13  7 65 69 46 45 21 22  - 60  3 44 55 62 47 41  8 39  -  - 33  -  - 59 36
 66 29  - 39 57 42 46 53  3 37  9 61 59 64  - 15  - 12  - 51 10 63 33 41 68  6 47 23 31 28 35 30 40 34 14  4 44 43 58  - 55  -  -  2 20 25 69 48 60 18  - 36  5 49  - 50 62 16 11  8 26  7 65  - 45  - 67 70 17 56
  6 62 70  - 46  9 49 23  4 52  8  2 53 51 10  -  3 34 21 54 19 57 48  - 17 18 37 56 38 40  1 68 47 42 63 16  -  - 44 67  5 13 61 29 65  -  -  -  -  - 20 11 55 28 43 12 27 60 30 25 39 35 15 31 33 59 66 26  -  -
  5 28 47 11 37 62 60  - 57  3 16 58 19 35  7 20 55 63 17 29 12 65 21  - 32 39  - 15 61 64 52 48 13 53 31 10 23  - 40 34 50  8  -  - 41  9 46  - 43 69 30 67 42  - 49  - 24  2 59 56 27  -  -  4  - 70  6  - 25  -
 36 23 38 51 52 47 34 16 26  -  6 11 27  8 28  - 66  9 22 13 54 24 43 65  4 19  -  5  - 35 69 20  7 37  - 57 40 60 33 30  - 58 56 21  1  -  - 32 64 14  2  - 25 29  - 15 48  - 53  - 68  3 49 41 31  - 61 39  -  -
 49 45 41  - 60  - 31  7 56  2  -  - 63 42 53  - 17 37 26 22  - 47  8 35  - 40  9 55 11 20 48 67 10  6 34 32 46 24 62 58 33  - 18 28  - 51  -  - 57  3 64  4 21  - 12  - 70  - 29 66 54 43  - 14  -  - 13 36  - 15
 28 61  -  - 40  - 29 39  - 33 48  5 41 63  - 17 25 19  4  - 62  - 13  - 67 31 21 70  2 22  - 24  6 15 65  8 34  1  3 50 53 30 52  - 68  - 20 59 47  7  -  - 45 38 32 23 54 27 26  - 46 58 11  - 69 60  - 56  - 49
  - 35 43 10 30 60 33 29 23 49 65 14 26  3 17 63 58 67 59 62 20 50  - 15  - 24 51  - 12  9 41 28  - 47 21 18 48 38  - 42 13  - 34  5  7 64 66 52 25 39 31  6 16 46  - 54 11 57 37  - 40 27 22 32 55  8 68 53 69 70
  - 16 53 47 36 38 14 19 70 55 63 15  - 61  - 50 45 25  - 28 69  - 31 39  -  -  4 64 20 59  -  8  3 68 51  -  - 49 48  -  2 24 17  1 30 26 29  5 18 41 58 66 57 37 67 21 33 35 52 54 32 34 23 40 22  9 65 46 62  -
  -  3 58 46 62 21 59 69 37  - 32 18  -  - 51  - 53 17 52 15  8  7  2 44 54  - 66 63 13  4 61 45 48  - 10 68 56 70  - 28  - 16 49 35 33  6  9 42 27 38 36  -  - 20 19 65 47 29 64 55 24 57 41 25 26 50 14  - 43 22
