3920
  - 33 65 41  4  5  - 69  -  -  1  8 48 23 40  7 13 58 64 50  -  - 59 66 28  - 56 67 36 70  - 39  -  6 18 44 38 32 11 34 22 51  -  9 16 26 31 35 29  2 52  -  - 60 63  -  - 37 62 17  - 14  3 55  - 68 43 54 57 27
 30  -  - 58 64 33 47  - 28 35  - 17 10 53 25 54 31 62  - 36 55 65 27 44  - 12  - 45 34 39  -  6 40  - 13 15 68 49 19 69 63 48  -  - 23 32 60 42 18  - 11 16  -  - 57 22  8 51 67 26 52 66  7  - 37 59 46 20  1 14
 68 48 19 31 63 15 36  -  7 26 39  - 38  - 69 35  2 46 33 32  8 44 13 37 12 52  - 21  -  - 22  3 50 67  -  9 10  - 57 43 54 25 16 53  - 56 14 58  - 55 42  - 23 66  -  5  - 27 70 49 59 47 61 41 29  - 40 60 51  -
 25 64  3 62  -  6 17 20 58 69  - 40 65  -  - 36 50 15 45 42 37  - 29 57  7 22 23 38 59 61 27 54 39 66  5 14 11 53 31  - 28  2 33 30 44  - 48 60 24 56 41 67 32 16 10 43 55 26  4 70 49 68 34 47 35  -  - 19  9 51
  - 63 55  - 27  -  - 46 40 23 16  9 11  - 34 29 65 54 36 56 47 10  1 62  - 19  7 22 26  6 50 64 67 30 69 60 66  - 58 38  2 68 14 32 12  4  - 13 33 42 18 21  5 41 48 57 70 59 43 15 20 49 17 25 24  -  - 44  8 35
 67 40 49 56 37 48  9 52 11 66 29 60  5 13 68 12 16 65 10  - 36 18  - 51  - 57  6 50  - 33 17  - 15 45 22 70 26  - 32 59 43  7 62  - 58  - 38 30 47  1 14 24 39 20 46 28  -  - 21 42 61 35 54 69  - 27  3 64 53  -
 69  6 24 23 21  4 19 63 18 16  - 13 62 33  - 58 41  - 26 49 65 68  7 20  - 59 38  - 32 67 10 57 35 42  9 48 64 31 36  1 14 40 61  - 52 29 34 54 27 39 55 47 56 70 44  2 22 66 28 46  - 53 45  3 50  -  8 37 12  5
 11 17 23 55  7 61 18  5 49 43  9  -  - 52 59 65 26 39 35 44  4 33 54 22 51 30  - 15 13 28 14  - 70  - 34 57 42 66  - 53  -  - 36 45 60  - 10 68  6 31 12 64 50 63  - 16  3 20 69 25 40  8  - 62  - 19 21 46 47  2
  - 22 39  -  - 29 48  -  - 21 62 67 56 55  - 32  5 27 28 41 52  9 43 61 19  4 53 54 63 45 57 30  -  3 16 50 14 44 37 68 42 12 31 17  1  - 64  - 66 58  - 34  8 69 13 59 51 24  7 33 25 18 47  -  - 20  6  - 26 23
 58  - 48  -  - 32 66  - 17 40  - 61  - 31 62 14  3 41 18  7 64 30 53  -  - 42  - 20  -  - 39 21 43 54 44 63  -  2  6 25 27 60 45 67 70 36 23 47 68 38 46  -  - 50 69 51  5  - 35  9 12 13 19  - 56 15  -  - 33  -
 13 55 26  - 12 58  - 53 45 28 17  -  - 46 64  3 32 35 42 30  2 43 47 48 24  - 57  -  1 69  - 15  -  4 19 21  9  7 68 37 16 14 49 22  - 54  - 44 20  6 36 38  -  8 39 66 18 23 65 63 31 27 11 59 10 34  - 67  5 70
 55  -  - 24  3 66 46 10 29 34 67 16  4  9 52 60  6 51  -  - 27 45 62 64 41 14  - 56 39 58 53  8  2  - 49  - 44 50 65 12  5 28 48 23 18 57 30 36 63 15 69 13  - 31 47 26 21 22  - 11  1  7 37 42 33 43 70 35 17 20
 15 45  - 65 38 56 44 70  -  -  7 49 25 63 17 30  8  - 67 57 26 31 20  - 18 66 14 42 69  - 52 47 58 13  - 34 24  6  - 61 64 33 10 62 28  1 27 50 43  -  5  2 36 54 23  -  - 68 59 35 19  - 60 46  4 39  9 51  -  -
 14 16 36 34 49  1 11 61  - 39 56 57 47 25 65  8 66 55  -  2 33  4 58 29  - 40 52 35  - 38 12 37 19 46  -  - 28 59 20 62  - 17 43 21  5 63 69 10  - 60 51  -  - 44 68 67 24  6  - 18 27 15 26 64  9  -  7  - 31 48
 31 30 68 40 45 62  - 36  - 70 26 25  6 44 67  - 42 61  - 27 69 63  - 58  - 10 29  5 56 64 21  -  - 28 53 66 55  8 59 51 65 22 46  - 32 49 43 12  -  7 20 57 34 11 17  3 15 54  -  - 35 50 41 24 18 14 52 48  -  -
 70 15 40 37 47 55  - 58  - 44 27 69 35 66  4 46 60 42 52 53 24  7 41 43  2 20 17  - 38 30  - 36 12 63  1 68 33 22 13  -  6 65  8 16 62  - 45 48 59  9 26 54 11  - 19 14  - 25 57  3 50  -  5 39 51 10 61  -  - 64
 52 70 11  - 65 14 35 51  5  3  - 48 26 57 36 39 47 24 31  - 41 59 38 25 49  6  - 64  - 13 62  - 46  8 10 20  -  - 34 56 17  9 67 58  - 68 63 53  - 16 21 30 54 28 40 12 61  -  - 19  4 55 23 33 15  1 27  - 69 22
 59  - 45 46  5  7 68 18  9  8  -  -  -  -  - 15  - 28 22 60 38 25 67  6 40 39 13 53 62 55  2 24  - 43  - 65 16 14 10 63  - 56 54 37  - 11  -  3 49 51 17  -  -  - 50 64  - 19 44 48  - 69 70 58 61 23  4  -  -  -
  - 60 43  -  - 51 27 32 14 62  4 53  -  - 41  1 54 20 58 10 67 42 57 50 48 44 33 61  5 35 36  7  - 34 30  - 15 21  3  -  - 63 69 49 31 38 47 59  - 24 68 18 19  - 22 52 37  - 45  - 23 16  9 26  - 29 39 70 65 11
 20 67 46 52 66 39 49 33 70 13  -  - 51 38 58 53  7 44  1  -  - 56 23  2 65  - 34 48  - 25  8 42  9 12 57 31  - 15  - 27 18 47 63  - 26 61 32  5 41 36  3  - 10 14  6 35 62  -  -  -  - 19 24 22 43 50 45 59 21 40
 61  4 37 27  - 18  - 34 44 33 13 31 54 62  - 17 24 66 46 65 60 50 45  -  1  -  9 57  7 59 51 26  - 56  - 35 48  - 23 21 20  - 40 38  -  -  - 25 67 14 30 11 42  - 36 68 63 32 12  6 43  -  -  - 28  8 41  - 49 29
 62 32  4 63 31 16 13 27  - 42 30  -  - 56 37 34 20 29 43 46 68 64 14 52 57 26 11  8 48  2  5 12 54  - 51  -  3 18 35 15 59 24 65 70  -  -  -  -  - 67 25 10 47 23  7  -  - 45  6 60 66  - 28  1 40 22  - 41 44 33
 66 18 20  - 67 57  5  4 62  - 51 23  - 64 30 56 19 68 47  -  1 53 36  7 55 24  - 41  9 37  -  - 14 65  - 43 46  3 70 26 48 52 42 29  - 21 22  -  - 45  - 35  - 40  - 39 25  - 61 12  6 54 33 49 16 11  - 17  - 58
 18  -  6  -  - 25 62 40 21 65 10 59 37 49 11 13  -  4 54 48 14 69 12  5 67  2 55  3 31 19  - 20 68  - 63 56 43 16 39  9  - 46 57  8 64 52  -  1 60 47 38 26  - 27 32 53 41 61 29 28 45 23 30  7 36  - 42 22 66 50
 19 20 51 70 52  - 29  1  3 37  -  - 43  4 23 21  - 34  - 66  - 47  - 30 16 64 67 63 33 15  - 65 32 11  6 25  -  - 46  - 45  -  7 68 22 62 55 17  -  8 60 61  - 42  - 36 13 41 48 38 44 59 39  - 14  - 57 58 40  9
 26 46 34 30  1 17 40 59 66  4 33 44 16 50 21  6 55 23 48 25 22 37  - 38  - 69 63  - 54 11 13  -  8 41  - 49  5  9 53 70 31 10  - 47  - 43 62 19 12 57 27 56  -  2  - 20  - 39 36 24 15 28 52 18  7  -  - 65 68 42
  6  -  7 11 10  - 58  -  1 22  - 21 13 17 39 62 63 69  5 59 20  3 40 41 36  - 42  - 65  4  - 18  - 51 54 27  -  - 67  - 68 49  - 26 56 45 28 23 14 44 19  9 29  - 33 48  - 47  - 64 37 31 53 52 66 61 35 55  -  -
 21  -  5  6 70 54 52 26 47  - 61 22 57 42  9 51 18  -  - 17 19 28  - 33  8 48 32 60  - 10  - 43 56 62 15 13 36 46  - 55 29  - 34 14 59  - 11 45 64 69 16 53 30 37 58  -  - 67 31 50 24 44 68 23 65  3 63 38 25  1
  -  7 13 15 41  - 10  - 25  5  - 35 24 20 53 26 44 57 62  8  - 19 52  - 27  - 69  1 11  - 38  - 48 61 31 33 21 55  9 29  - 18 28 43 63 22  3  2 40  - 67 39 14 51 60 58 59 12  - 65 36  - 64 45 17 42 30 16  6 49
 51 36 16 49 20  9 65 29 43  7  - 70 40 19 50  2  4 67  - 45 42 27 44 35  - 60 59 26  -  - 68 28 22 69 47 23 39 37  5 24 21 13 55 48 34 12 61 66  1 18 33 32 62  6 15  - 17  -  3 58  - 11 56  - 52 53  -  - 63 25
 65 43 64 13 44 30 28  - 42 61 59  -  -  6 57 55 68 45 66  9 15  - 21 27  5  - 25  - 23 60 49 10 53 17 70 47 56  -  8 33 41  3 12 54  -  - 18  - 51 50 35 46  4 22 14 32  - 52 63 67 39 26  2 40 38 24 29 34  - 37
 39 10  - 44  - 52  - 13 19 50  - 45 33 59 28 25  - 12  3 64  -  - 18 65 17 63  - 34 70  5  - 46 21 22 38 36 41 24 66  -  8  -  - 31  7  -  2 56 42 27  1  -  - 55  4  9  - 30 16 51 58  -  - 53 62 49 23 32  - 47
 40 28 61  8 18 27  - 56 68 20  - 33 69 70  - 50 45  1 14 38  - 48  -  4 47  5 41 59  - 12 25 17  7 29  -  - 53  - 30 11 46 31 52 34 13 23 67  9  2 65 64 36 66 57 24  -  - 21 32 43 22  -  - 51 54 58  -  6 42 16
 64  - 54 50 13 24 42  -  - 53 43 63  - 18  5 19  - 30  2  - 58  -  - 17 20  -  - 23 12  - 11 51 16 68  -  1 57 33  -  - 40 69  9 39 45 44  -  - 48  -  4  -  - 10 56 70 29 49  - 22  - 38 65 66 31  - 28  8 32  -
 48 27  1 54 32  -  - 12 51  - 25 10 59 24 14 45 67  - 23  4 16 36  - 34  -  - 58 55 47  - 70  5 57 37  8 28 62 60 15 46  7 42  - 40 66 64 17 41 52 63 31  - 61  - 30  6  - 44 38 68  -  3  - 29  -  - 53  - 19 56
  - 14  - 39 15 45 51 43 50 19  3  4  - 35 56 69 10 37 27 67  9 54 70 26 13  - 66 28  - 68 60 59 24 57 40 12 25  1 47 23  -  5 29  2 42 48 41 32  - 20  - 31 33 17 55 61  -  - 22 52 11 58 63 44 21  - 36 18  -  -
  1 54  - 36 55 26 63  - 33 49 50 43 70  - 13 11 69 25 38 28 21  8 42 68 45  - 44 47 14  -  3  - 59 18 17 37 58 62 64 35 32 27 41 61 46 60 19 52 53 30 34  5  9  7  -  -  - 40 10 16 56 65 66 12 23  4 15  - 22  6
 44 42  - 35  6 65 69 41  -  1 48 29 36  5 38 47 40 32 21 22  - 62 37 60 64 46 70  9 49  3 54 19 27  - 43  - 31 68 52  8 24 20 23  - 39  - 33 67 15 28 50 55  - 45 11  - 58  -  - 14 51  2  - 56 26  7 66 61 13 63
 60  - 38 61 34 11 37  8 57 30 63  1  9 58  -  5  -  6 29 14 39 22  - 28 66 53 62 25 15 23 47 55 44 64 52 32 27 41 50  - 10 26 51 24  - 40 16 69 13 35 45 70  - 68 21 42 33  - 20 54 65 12  - 67 59 56 19 43  4  3
 34 25 53  -  2 68  7 15 52  - 42  3 28 16  - 67 22 63 39 24  - 13 30  - 26 33 60 12  - 27  - 35 69  -  - 17 47  -  - 58 70 64  -  - 40 66  4 46 54 49  - 37 51  - 31 23 36  - 41 62 38 29  6  - 55  5 32  1 43  -
  - 59 52 29 56  - 54 31 61 51  2 28 17 65 55 66  - 60  - 39 70 34  8 53  -  - 10 49 68 42 23 13  - 33  -  -  7 48  - 19 50 45 32 20  -  -  9 57 36 26 44 69  - 25 67 47 40 63  1 27  3  4  -  5 30 21  - 24 15  -
 63 62  - 57 59 22  - 35  - 67 20 46 30 61  6 42 29  -  - 51 66 15 65  - 68 37 54 40  2 34 33 69 38  -  -  7  1  - 21 36  9 53  - 11  - 50 12 24 16 10 47 14 48 49  - 13  - 56 23  5 70 41  - 32  -  - 31  4  3 17
 23 24 15 66 42 36 64 25 46 17 60  - 45 40 27 61 52  - 50 20 18 12 35 49 63 11 28 62  3  1 29 14 34 26  4 51  8 47  - 16  - 67 21  7 65 53 68 31 39 33 48  6 70  - 54 56 44 69  2 10  9 43 58 19 22 55  -  5 30 32
  -  - 44 20 16 13 67  - 34 47 70  7 23 45 61  - 25 10 11 19 43  - 68 40 15 58 18  4 52  - 69 22 66  5 14  -  - 56  - 17 12 55 64  - 21 59 51 29 28 53  -  - 57 46  -  8 60  1 33  - 63 62 31 30 49 36  - 50 24 38
 27 29 56  1  9  -  - 50 22 54 12 66 18 67 46 31 59 43 68 21 40 16 55 69 52  - 47 36 45 65 30 32  - 70 23  3  6 51 63 10  -  4 24 42 37 25  8 11 57 62 49 19 58 48 41  - 20 64 14 39 26 33 13 28 53 44 34  - 35 61
  -  2 10 14  - 38 20 68  6 56 69 18 55 22 49 70 12 40 65  1 31  -  - 46 44 67  3 11 53  - 15 50 45 19 48  - 60 27 51 13 30  - 35 25  - 34  -  - 58  -  - 63 16 64 42  - 28 62 52 59  - 37 29 36  8 66 24 26 61 39
 57 38 67  9 46 42 53 45  - 10 24 52 31 28 66 37 56 70 51 69 59 58 16  1 62 50  8 33 25 22 48 11 23 36 21  - 61 34  4  - 39  -  -  - 15 47  - 43 30 17 32 68 49  - 12 55  7 13 64 44  2 63  -  6 20 60 65 40 29  -
 28 69 41 19 29  - 14 60 23 45 35 64  - 36  -  - 51  -  - 16 32  - 49  - 46 54 30  - 66 63  - 52  -  - 11  2  - 61  -  5 62  8 53 13 55 17 58 38  -  3 59 33 43 65  - 21  -  7 56  4 67  6 12 37  -  - 50 15  -  -
  9  3 21 47 61 69 32 55 26  -  -  - 46 10 42 28 48 64 57 52 13 51 60 12 59 34 31 65  - 20 45 27  1 49  - 39 67 70  - 50 58 66 17  6 36  - 29  8  4 40  2 15  - 30  5 19 11 53  -  7 14 25 38  - 44 37 62 56 16 43
 32 58  -  - 53 19  -  - 39  6 11 55 20 68 16 24  9  2 40  5  3 57 22 70  - 51 35 18 21 54 67  - 61 52 50  - 59 45 29 14 47  -  - 10 30  7 56  -  8  - 23 17 25 15 65  -  - 33 46 31 62 48 36 63 27 13 64 12 28 69
  3 11 14  - 40 21  - 67 63  - 38 56 50 43 44 68 27  -  -  -  - 32 34 16 70 18  - 52 35  8 37  - 13  1 28 53 19 64 61  4 49  6 47 46 29 55  - 20 23 54  - 42 69 33 45 60 31 10 58 30 48 51 22 57  -  9 25  2 36  -
  - 51 60  2 57 41  4 47 15 18 68 14 34 30 24  - 39  - 20  6  7 29  - 59  -  3  - 70 58 46 64 49 52 23 62  -  -  -  1  -  - 50 25 66 54  -  - 26 21 11 43  8 44 12 16 65 32 38  -  - 13  9 42 17 45 35 69 33  - 31
 47 19 70 25 68 44  8 23 56 57 22 50 27 29 60 64 46 21 13  - 35 66 15 10 54 32 24 39  6 62  7 58 36  - 67 16 34 69  - 65 33  1 26 28  -  2 52 14 31 41  - 49 45  4  -  - 48  3  9 40 17 42 51 20  5  - 38 53 37 18
 38  8 29 12  - 46 39 64 37  -  5 27  7  - 51 41  - 36 15 35 61 60  - 19 53  - 26 44  -  - 59 16  - 58 66 24  - 65  - 52 13 34 56  1 50  6  - 55  3  -  9 48  - 62 18 45 68 42 49 57 69 70 40  - 63 31 22 47 23  4
  - 56  - 48 22  - 21 30  2 46  -  -  - 41 26 20 38  3 37 70 17  - 10 67 69 65  - 66 57 53 43 44  -  7 32 11 63  - 49 45 34 62 27 59 51 14 13  -  5 68  -  -  6  9  -  - 16 60 24  - 33 52  8 54 39 40 18 42 58 19
  5 13  -  - 25  -  -  - 30 64  6 20 42  8 70  - 28 14 55  - 48  -  9 63 50 68 22  - 37 40 65  - 51 15 45 46 52 12 17 39 35 58 59  - 33 69 24  4 56 19  -  - 41 26 38 29 57 18  - 47 53  - 32 60  - 16  2 36  - 62
 49 12  8  - 23 59  - 39 69 29 47 32 41 51  7 27 35  - 24 40 44 17  - 54  - 13 15 16 60  - 66 48 11 10  2 30 50  -  -  - 56  - 22  4 67 33 70  - 55  5  - 28 46  -  - 62  - 58 26  1 57 61 25 21  3 65 20  - 18 53
 43  - 59 60 39 63 41  - 32 25  8  - 64  7  3 48 62 13 12 31 50  - 33 42  -  1 37  2 18 56  4 38 49 55 24 19  - 29 28 40  - 23  5 69  -  -  -  6 26  - 15 20 27  - 51 44 35  9 66  - 16 45 67 14  -  - 47 11 52 10
  - 50 28  3 62 23 43 48  -  - 65 51 61  -  -  -  - 18 30 37 57  -  - 32 56  -  5 13 64  - 41  2 63 31 68 58 35 17 54  - 66 21 38 52  8 46 40  - 44  - 24  - 12 19  - 33 27 70 60  - 34 20 16  4 42 47 67  - 45  7
 54 44 12  - 51 53 30 21 59  - 40 11  - 15  8  - 64 33  7 47 29 49  5 24 10  -  - 43  - 50  6  4 31 14 58  - 13 23 62 57 26 32  1 35 17  -  -  - 19 22  -  3  - 39 28 38  -  2 18 56 42 36  - 61  - 69 16  - 41  -
  - 53 62  5  - 10 22  9  8 48 58  - 12  - 19 38  - 50  - 33  -  - 64 13  3 45  2  -  - 17 32 67 26 35 27  - 29 40  - 44  -  - 18 36  6  -  - 16 61 37 63 66 60 34  1  4 65 11 55  - 68 56  -  -  - 30 14 25 54 59
 37  5 17 67  -  3 12 49 13 31 18 34  - 60  - 52 43 26  - 11 46 40  - 47 33  8  1 27  -  - 44 66  -  9 65  6 45  - 42 54 61  - 70 57 41 39  -  7 69 21 58 51 24 29 59 25 56  - 15  - 30 64 62 35 32 38 10 63 48 68
  7 21 66 18  -  8 50 65 24 27 31  - 44 69  - 43  - 16  - 58  - 41 56 14  - 47 68 46 28 49 55  -  4 60 26  - 51  -  -  -  - 59  3 33 38  - 25 39 10 48 62  - 17 36 35  - 52 29 42 61 32 40 15 13  6 54  5  9 34 67
  8 49 31 69 26  2  - 14 48 52  -  - 63 34 54 44 11  - 16 55 28 23  - 18  9 15  - 17 61 66 42 45 10  -  3  - 37 57  - 67 36 29 68  5 24  -  1 40 32 13 22 50 35 47 70  - 12  4 19 41 21 30 43  - 25 33 59 62  - 60
 24 23  -  -  -  - 15 42 10 38 66  6  -  - 35  - 36 19  - 26  -  - 11  8 58  - 64 68 27 44 46 41  - 40 56  -  4 67 22 32 25  -  2  - 47  3  - 61 17 12 53 43 31  1  - 69 50 65  - 21 54  5  - 16  - 63 13  -  -  -
  -  - 57  4  - 40 25  - 27 32 41  - 52  1  -  -  - 47 59 34 49 55 66 31  - 43  - 19 42  - 16  -  3 21  7  - 18 58 12  -  - 11 30 56 53  -  6 28 46 70 39  - 63 67  9  -  - 15  5 69  8 24 50 48 13  2 17 29 64  -
 17  1 35 64 54 49 26  7 31 68 57  -  - 32  - 16 30  - 63 12 34 38 25 39  - 56 21  - 20 24 28  9 62 47 41 18 23 13  - 22 67 15  - 19 27  - 44  - 11 52  8 60 37 61 66  -  4 48 40 55  -  -  - 43  2 51 33 45 50 36
 33 66 63 16 35  - 59 19 53 55 32 47 22  2  -  - 14  - 70 68 62  6 69 21 42 29 49 37 40  7  - 25 17 44 36  - 54 20  - 41 51 30  - 15  3 65 46 18  9 34 56 58 26 52 27 31 64  5 13 45 10 60  4 50 67 48  1 23 11 28
 12 47  - 42 30 37 56 24 65 58  -  -  - 14 31  - 49  -  8 62  - 70 26 36  4 23 43  6 51 48  - 40 28 50 20 61 17 38 16  7 69 41 13 63 19 67 59  - 45 46 29 44  1  3 53 15 10 35 39 66 64  - 55 34 68 32  - 27  -  -
 29 41 58 43 48 34  - 22 35 36 45  2 49 39 32  -  - 52 60  -  - 11 63 56 31 27 12 24 55 57  - 53 47  - 33 67 70 54 38  - 23 44 37 65 20 42 66 51  - 64 13 40  3 59 25 18 19 50  -  8 28  1 10  9 69 62 68 21 14 46
