3920
 66  1 54 24 26 44 37  - 21 48  - 16  -  -  2 22 10 69 58 60 17 55 56 65 46 68 47  - 31 57  - 59 33 70  3 52 30 49  - 39 35 63  - 50  - 14  8 43  5 51 42 45 32 67 62 61 19 38  4 20  - 11 23  - 13  7 29  - 12 18
 10 70 40 69 42 43 30  -  7 66 34 60 35  - 14 63 28  5 64  6 44  9 45 41  - 32 62 52 48 16 47 17 39 68  - 54  2  3 22  - 46 49 24 23  - 27 65  4 26  - 13 29 61 57  - 20 55 21 11 53 33  - 25  -  -  - 12 37 51  -
 39 49 63 42 37 12  6  3 62 52 28 68 27  1 26  4 53 31 16  - 43 10 35 51 30  - 23 20  - 47  - 32  - 65 34 18  -  5 60 64  - 25 14 58  2  - 44  - 24  9  - 17 70 11 67 38 40 61 56 22  7 46 29  - 21 36 50  - 59 33
 30 58 13 28 34  - 26 16  -  8 68 44 19 24  -  -  3 65 33  - 67  1  - 52 39 59 61  - 15 11  -  - 49  -  - 55 69 66 12  6 63 10  - 54  - 18 53 46 56 17 31  7 45  -  -  -  - 43 20  - 21  - 70  -  -  2 22 48  - 35
  8 28 69 61  - 54 25 44 68 12  7 17 46 34 24 35  - 60 41 63 53 67 47 49 37  2 66  -  3  -  -  - 20 15  -  5 33 65 27 45 56  - 59 18 31 21 14 36  - 26  - 30 29 55  4  - 43 13  1  - 48  - 16  - 62 40 11  - 42 52
  - 25  5 56 60 61  - 53 42 17 58  8  - 15 57  - 36  -  7 62 11 46 48 12 10  - 51 28  -  -  1  6  - 32  - 70 31  - 34  - 55 26 49 68  - 30 27  -  4 19 50 35 39 13 37 41  2  9 64  - 66  -  -  - 45 14  -  -  - 16
 45 24 50 70 30 31  8 59  - 55 37 53 43  3 38 16 25 17 39 27 21 47  -  - 42 15 67 10 44  2 65  5 36  6  - 26 41  9  - 22  7 35  - 46 61 32 13 69  - 60 57 56  -  -  1 33 18 29 66  - 28 64 62  - 51 20  4  - 40 34
 57 59 56 66 43 25 35  4 28 16 22 15 41 60 50 52 19  - 44  7  - 23 12 26 47 63 36 68 13 27 69 53 65 30 49 10 24  2 58 21 31 32  6 11  8  - 46 20  - 61 38  - 64 33 45  9 42  1 37 39 34  -  - 55  5 51  3  - 17 70
 58 10 62 64  7 42  - 39 11 56 35 21 63 57  - 50  4  - 14  3  - 27  2 60 52  8 25 55 22 12  -  - 43 34 40 66  - 61  6 32 36 31 13 37 38 54  - 65 15 49 53  - 26 70 51 45  - 20 29  5  -  1 30 46 47 68 59  - 24 48
 63 51 39 57 22 27 10  2 23  -  8  3 61 36 70  - 15 45 60 47  - 52  1 32 13 17 68 18 16 48  - 20 29 55 26 28 14 25 43  - 53 37 65 44  6 64 12 50  - 69 11 49 66 46 58 62 67 35  5 24 59 41  -  4  - 33 30 56  -  -
 61 46 35 40  -  - 62 41 39 64  - 13 48 69 36 54 11 50 26  1 66 38 24 56 19 16 70 21 60 14  4 57 47  -  2 44 45 68 29  5 42  - 34 51  - 49  -  - 10 20  - 31  -  3 12 17  - 30 53 37 63 22 58 25  6 18  9  - 28 43
  3 48 29 10 59 21 63  - 67 25  2 32 31 46 43 57 65 23 12 30 19  - 44 61 53 49  6  -  - 28 70 62 68 39 17 13  -  1 26 34 66 40  - 27 41 58  - 55  7  - 20 47 38 14 18 54 60  - 52 35  8  4 45 22  9  -  -  5 64 69
 20 44 30  2  1 24 32 13 14  - 45 51  - 22  7 60 41 56 47 43 61 21  9 62 48 37 69 63 55  - 40 38 46 50 53  - 29 39 36 58 15 57 18 52  - 31 34 70 11  - 25 19 28  - 42  3 59  6 33 23 17 68 27 64 10 54 49  8  - 26
 12 54 67  - 70 47  -  - 51 37 31  -  3  7 22  - 33 27 62 69 32 66 64 11  -  6  1 34 18 29 30  - 26  -  - 59 46 44 19  - 41 15 42  - 17 43 40  9  - 24 52 36 14 65 50 16 10  8  2 13 56  - 53 21 63 58 35 39  - 20
 50 23 24  3 36 60  9 64 54 67 61  - 18  - 44  - 38 19 37 48 29 35 31 22 32 41 17  -  - 25 56 52  -  5  - 15 49  4 11 62 30 70  8 63  - 20 45 27 59 53 39  -  7  - 16 55 68 12 10 65 69 34  - 47 42  - 21 66  -  6
 24 13 37 60 21 18 57 22 25 27 70  -  -  9 45 51 69 34 40  2 46 28 54 50 49  -  -  1 29  - 59  - 53 66 31 43 36 35 47  -  - 14 17 65  3 33 23 30 41 12 44  -  8 62  -  - 39  4 55  - 61 52  5  7  - 26 19 16 32 64
 15 40 59 14 27 70 68 19 49 33 46 12 57 51  -  8 17  - 45  9  - 13 37  1 69 18  - 26 30 21 64  -  -  2 54 20  -  - 61 29 67 55 60 43 42  - 24 16 34  7 58 32  - 38 63 39 22 47 48 25 36 28  4 56 23 11 41 52  - 44
  -  4 19 51 18  - 46 17  - 41 49 52 44 54 68 70 31 38 66  - 60 30  3 13  -  5  8  9 24 20  - 29 56 26 69  - 47 57  - 42  - 61 58  - 16  - 63 39 65 45  2 59 15 40 43 50  6 23 14  7 27  - 11 48  -  -  - 64 62 10
 22 47 33 34  -  9 66  - 31 68  - 45 36 35 32 30 37 20 67 17  4 39 10 25  7 26 27  -  -  - 41 24  5  - 21  1  -  - 59 69 38  -  - 55 28 11 15  3  6 56 23 51 16 18  - 49 63  - 46 61 42 44 52  -  2 19 43  - 54 13
 67 33 43 53 68 34  4 28 47  -  - 11 26  - 64  6 61  2 56 19 40  - 29 59 35 14  - 66 23 54  5 22 52 46 13 24  8 45  - 15  -  - 27 48 12 57 58 63 38 25 17  -  - 20 55  - 41  - 62  9  - 50  - 60  -  -  -  -  7 31
  - 61 20  -  4  7 40 49 44  2 36 50  - 43  1 45 14 25 69 11 34 18 57 53 56  - 58 12 26  - 16 64 42 59 38 47 17  6 70 51 13 54 67 31 30 46  - 19  3 37 65 48 52 41 27 68 35 10 23 21  -  -  - 24 55 28  -  9 15  -
 69  6 34 31  3  5 24 46  - 51 14 27 37 12 60 65  1  9 21 20 52  8 41 47  - 28 49 13 56 42 38  -  2 61 11 23 59 16  - 25 45  - 70 15 39 22 18 35 54  - 26 68 50  7 19 58  - 55 63 36 67  - 44  - 32  - 64 62 48 53
  -  2  4 52  - 65 31 63 33  - 26  6 23  - 16 44  -  - 11  5  - 36 25 68 61 30  - 53  -  - 39  - 10 45 19  - 66 37  - 40  -  9 28 34 70 41  - 32 12  - 27  - 57 51 59 24 17 69 60  - 15 47  1  - 22 64  7 42  - 55
 44  - 61 62  - 56 16 18 12 24 32 20 49 33  - 66 64 13 48 22 68  5 17  - 41  -  4 67  8 45  6  - 27 58 43  7 28 40 69 59 21 23  -  2  -  9 38 37 50 34 15 53 42 47  - 52 65 54 35 57 10 31 63 19  - 60 39 36 55 14
 64  8 57 49 51 41 22  - 59 13 67 54 28 10  - 39 27  1 68 42  2  - 18 48  5 34 38 33 45 40 52 55 25  3 30 63 50 11 44 53 19 58 23 70  - 65 20  7 21 43 35 26 37 56  9 36 62 32 47 31 16 61  -  - 15  6 60 46  - 17
 48 38 41 58 15 28 61  -  9 26 10 24 32 66 53 47 21 29  6  8 39 40 13  -  -  3 35 36  4 37 33  -  7 44  - 51  - 34 14 12  - 27 57 60  -  -  - 64  2 42 19 16 11  - 56 30  - 63 65 70  - 62  -  -  - 22  1 55 69 46
 13 12  -  - 54 38 45 40 37 60  5  -  - 62 23  - 22  -  - 64 56 58 66  - 14 11  - 70 28 43 31  2 51 41 59 36 34 67 18  3 25  - 19 35 24 16 57 10 69 32 47  1 44 63  -  4 53  -  6 26 55 33 49 50 20 52 65 29 46  8
 41  - 18  - 56  -  2  - 52  - 63 65 34  4  9 21 20 70 10 31  - 48  5 43  - 64 54  - 38 35  -  -  - 33  6 46 25 55 66 61 17  - 32 36  - 62 30 57 23  -  1 11  - 69 40  - 28 50 15  - 29 24  8 53 59 37 58 12 68 42
  6  - 70 65 55 14 58  1 19 15 33 40 20 50  - 53 16 37 25  - 12 54 21  5 31  - 22  -  - 34 43 44  - 62 32 45 10 36 38 48 69 24 29 30 35 23  9 67 63 57  - 61  -  4 39  8 66 52 41  2  - 17 42  - 28 46 26  - 47 11
  -  - 16  - 47  3  -  -  5 59 38  9 58 32 11  - 66 21 55 12  - 26 19 42  - 48  - 64  - 50 46  - 41 63 65 25 20 54 35  -  - 34 15 22 57 45 61 24 33 27  - 14 69 53 10 13  7 56 68  1 52  -  6 37  -  4 70  - 60  -
 49 41 12  - 52 22 38  -  4 14  - 47 29 64 58 23  2 28 17 33  5 45  - 16 65 69 39 61 35  - 11 51  - 42  9  6 27 26 37 31 60 62 55  - 50 70 56 25 19  8 68 34 40  1 53 15 57 48 24  - 18 20  - 67 54 43 46 59 10  -
 51  3  - 47  -  -  - 26 18 42 29 19 54 68  -  -  5 15 38 45 23  - 22  -  2 62 30  7 57  - 14 13 59 37  -  4 56 28  8 60 33  6 53  - 20 55 39 40 61 67 21 44 63 58 70 43  - 41 34 11 64 48 36  -  1 17 10 35  - 25
 56  - 14 25  8 57 18 47 15  - 65 55 45 67 37 32 48  -  4 28  -  2 42 64  - 38 26 35 63  - 24  - 12  -  - 49 52  - 41 66  - 16 68 17 51 36 62 53 30  -  7  6 54 61 69 44  5  -  9 50 11 19  - 58 70 34 13 40  1 21
 38 67 32  - 66  - 14  - 17  - 42  -  - 37 33  -  - 24 30  4 65  7 51 35 58 47 55 69 61  - 20 46 63 56  - 34  - 31 64 10 18 59  - 45 49 13 19 29  - 23  5 50  3  6 36 48 70 16 21 54 60  2 41 39 12 44 25 68 52 27
  - 34  6  - 25  -  3  8 10  1 62 41 50 17 49  - 68  - 51 46  - 22  - 28 64  -  -  -  2  - 57  - 16  - 42  - 58 48 45 26 32 36  5 21  4 56 35  -  - 52  -  - 59 24 44 40  - 66 43  - 30 65  - 63 39 67 31  - 37  -
 54 32  - 26 67  - 59 61 41 35 51  - 66 23 20 18  - 63 57 40  - 14 16 37 24 12  - 46 49  -  -  -  -  4  1 21 42 27 10 44  -  -  - 53 69 28 47 58 55 36  6 65  - 31  - 29 11  3 70  - 68  5  - 34 48  8 45 60  -  9
 62  -  - 43  9 10 67 45  - 46  - 49 64 61  5 20  -  - 52 38 24 57  6 66 68 70  -  - 58  - 13  1  - 53 16 17 39 19 54 27  2 65 31 40 44  3 42 33 47 29  4 37 36 34  - 22 69  -  -  -  - 51 21  8 26 30 28 15 11 56
 35 16  -  1 24  - 55 12 27  - 64 30  - 45 28  3 44 68  -  -  8 43 67 54  - 53 59  - 20 61  -  - 23  - 39 11 18 70 48  9  5 69 63 13 19  2 10 14 42 46  - 66 62  -  - 60  - 57  7  - 65  - 31 33 52 15  6 41 22 37
  - 68  - 55  5 46 29 43 69 36 13 39 51 44 63 59  -  6 28 25  - 12 53  8 70 60 10  3 37  - 49  - 15 18 56 14  - 58 62  4 40 30 22  -  -  - 11 21 45  2 34 52 35  9 57  1 61 64 31 48 41 23 17 32  -  -  - 47 20 38
  - 30  9 29 69 52 33 23  - 20 40 67 42 59  6  2 47 36 49 56 55 63  4 45 57 43 32 19 70  -  8  -  -  - 35 22 13 18 21 11  -  5  -  7 48 12  1 66 37  - 54 24 41  - 64 28 34 39 58 16 26 10  - 17 65  - 68 51 44 50
 52 27  -  8 44  -  - 62 35 34  1 59 39  5 21  - 45 49  - 68 18  - 46 23 12 22 28 17  -  3 26  7 57 47 20 50 40 10  - 56 29 33  - 19 58 51  -  2  - 38 55 25 60 66  - 42 14 24 32  4 54  6 61  9 16 70 15  -  - 65
 32 36 17 50  - 29 64  7 30 47  - 25 22 63 13 12 34 16  -  - 26 37  - 21 54 52 11 60 67 69  - 35  1 48 10  -  -  8  4 24  9 56 62 41  5 66  - 49 68 39 40 57 58  -  - 65  - 14 28 43  - 42 46 59  3 31 53  2 27 45
 11 65 47  4  - 64 41 35  -  6 43 69 21 52 10 36 62 33  - 49 57 19  - 55  8 44 63  - 32 17 53 37 54 24 66 31  - 23 56 16 51  - 38 20  -  -  - 68 25 40 28 12  1 42 46 18 50  2  - 27 13 30  9  -  -  - 34 45  3 61
 37 69 36 41  - 63 70  - 13 40  - 23 17 65  -  -  - 35 15  -  - 25 60 10  -  - 43  - 50  -  3  - 14 38  4  - 68 51 42 49 52 67 61  - 18  5  - 28  9  1 64 22 34 44 21 66  -  7  - 30  - 16 32 62 31 27 33 24 26  -
 18 21  - 23 33 37 56 48 45  -  -  - 70 42 34  7 29 61 65  -  3 59 39 40 44  - 13 54 69  9 15  - 55  - 58 30 62 43 53 41  - 12  - 25  - 24  4 51  - 63  - 20  - 32  - 26 52  - 19 49  5 36 64 14 17 47 27 31  - 28
  9 35  - 32 62  8  7 65  - 43 17 38  -  -  - 58 51 66 13 44 28 15  - 19  - 56 64 31 41 49 29 14 60 36 55 53  6 47 50 54 68 46 21  -  - 69 26 11 27  4 10 63  5 37  2 59  1 22  - 52 39 12  -  - 67  -  - 70 45  3
 36 20 11  9 41 51 21 25  6  7  -  -  5 70 42 27 55 10  1 16 13  - 49 30 60 39 45  - 43 62 54 69 24 19 68 67 63 46 28 33 64 47 37  - 29 35 52 61  - 15 14 18 48 59 23 32  3 31 38 12 40 26 34  - 50 53 44  4  - 58
 42  9 27 13 63  - 43  -  - 22 48 56 59 19  3 26  - 44 50 39 35  - 23 24 15  - 60  5 33  1 12 67  4 52 51 32 21 53  7  8 58 45 16 57 11 47  6 17 18 41 62  - 68  - 54  -  - 49 40  -  2 70 14 38 61 66 37 20 34 29
 70 42 28 18 57  1 47 54 32 50  - 63 25 14 17  - 40  8 59 55 15 33 36  2  4 67 12 49 68 51 44  -  - 31 41  - 43  - 65 38 20 52 11 26  9 61 16  6 39 64 66  5 19 10 60 53 45 34  - 29 37  7 22 13 35  -  -  - 56 62
 16 26 45 59 20 17 19  - 43 57  9 31  2 58 29  - 24 22 34  - 25  - 27 70  6 21 44 15 51 10 68 42 37  - 33 35 32 50 30  7  4 18 46 39 62  - 28  8  1 11 49  -  - 12  - 64  - 53 67  - 14  -  -  - 40 55 52 61 63 60
 25  -  - 48 50  - 15 14 36  -  -  - 69 28  - 55 26 43 24 13 64 44 20  - 45 33  - 32 10 41  9  4  - 27 18 58 38  7 63 52 22  -  - 47 68 29 70 56  8 59 46 54  -  2 34  5 31 19  3  - 35 49 57 12 53 21 62 17 67  1
  - 53 68 37 46 45 36 55  1  -  4  7  - 48  - 10 70 30  -  - 33  - 15 69 16 24 31 42 54 13  - 43  9 28 52  8 11 17 51 14 12 21  2 29  - 40 67 60 35  - 63 41 65 22 25  6 44  5  - 34 47 27 56  3 18 39  - 49 19 57
 46 19 66 22  - 35 20 33  3 21  - 70 55 11 27 64 59 32  8 29 37  6 61  - 63 54  -  - 40  - 28 68 69 17  7 42 23 56 52  - 47  -  4 38 15 44 43  5 31 13  - 60 53 50  -  - 26 25 12  -  -  -  - 65 58 10 14  - 18 39
  - 57 10 36 64 30 39  -  2 18  -  -  -  8 31 49 43 47 42 23  1 32 69  6  9 13 37 59 52  - 17 41  - 20 70 27 35 60 33 65 11  - 56  - 46 68 66 54 16  -  - 55  -  5 26 25 51 44 50 45 58  -  7 15 29 63 40 53  - 24
 28 39  1  -  - 13 11 69 56 54 15  - 52  6  - 48 35 64 61 41 62  - 43 57  - 31 19  -  9 68 23  - 50  - 22 38 37 33 25 17 70 53  - 42  - 10 60  - 44  -  3 67 27  - 24  - 12 58 36  - 20 63 55  -  4  -  - 18  5  2
  - 45 55 35 40  6 50 11 24 23  - 36 12 27 62 19 39 57 31 54 20 34 33  4 26 58 21 22  5 52 48 56 70  - 25 60 67 15 16  - 44 38  - 14  - 37  3 42 32 65 43 69 17  - 47  - 30 28 13  - 49 53 59  2 64 29 18  -  -  7
 68  - 49 33 14 15  1 32  - 30 54 62 56  - 67 25  8 39  - 10 27 70  7 63 22  - 41  4 65  - 55 11 45 23 24 16 26  - 57 46 34  3 43 64 53 42 48 59 52 58  -  2  - 29  - 69 21  - 61 51  6 18 47 31 66 38  - 19 36 12
  -  - 22 12  - 58  - 21 61 28 25 26  1 13 65  - 52  4 54 24 48 41 55 46 50  7 29 51  - 30 10  9  - 60 45  3 53 64 39  - 23  - 69  6 32 15 36 47 70 68 16  - 43 17  8 35 33 37 59  - 38 14 18 57  - 49  - 44 31 66
 55 43 64 19 23 50 12 27 26  - 60 28 13  - 25 17 42 62  5  - 36 16  - 38 66 20 24  - 46 31 32 21 67  - 14 39 61 52  1 63  -  2 54 10 40  - 22  - 53 70 45 15  - 30 11 37  9 59 44 68 57 35  - 18 56 69  8  6 33  4
  - 37  3  -  - 19 27 50 38 39 66 29  7 26  4 13 60 41 22 18  -  -  -  -  - 46  - 16  -  - 63 12 40 35 23 64  1 42 67 47 57 51 45  - 56 52 59  - 17 55 32 28 10  - 49 11  - 65 30  - 43 15  2 69  8  -  - 21 58  5
 31  - 58  6 17  - 42 37  - 19 18 35  - 39 41 43 46 51 29 52  - 53 14  - 62  - 40 44  - 55 67 30 61  7 15  2  -  -  5 57 16  - 20  -  1 38 69  - 60  - 33 13 56  - 68  -  - 27 54 32  - 59  -  - 34 65 66 50 23  -
  4  - 52 45  2 33 23 60  8 53 12  5  - 16  - 38  6 26  3 21 58 56 63 44  - 65 46 62 27 18 66 61 31 64 37 57  7 14 49  - 43 17  9  - 34 59  -  -  - 48 29 42  - 39 41 70 47 11 51 69 19 54 10 30 68 25 36 67  - 32
  5 18 48 17 35  2  -  - 16 10 44 46 65 31 30 42 23 54  9 67 63 49 68 20 11  4  - 39  -  - 51 45  6  - 47 61  -  -  - 50 14 66  3  -  7 25 64  - 36 28 22 43  - 19 52 27  - 62 69  8 70 56 24 40 37  - 55 13  - 15
 47 55  8 21 61 26 54 70 20 44  6 10  - 29 56 41 63 59  -  - 49 62 32 58 67  1 42  - 17 33 50 19  - 25 12 48 64 30 40  2  - 13 52  5 23 34 31 15 28 35 36 27  4 68 66  7 38 46 45 60 24 39 43 16 14  9 69 22 57 51
  -  7 26 54 10 39 34 68 48  - 47  - 60 18 15  5 49 52  2 58 38 31 11  - 29 61  - 25  - 63 27 65 66  - 44 40  -  -  - 13  8  4 51 16 55  6 21 45 14 22  - 70  - 43  - 57 37 67 17 64 46  3 35  - 41 23  - 30 53 36
 17  - 31 38  - 53 49 30 34 45 57 66 16 21 54 14  9 12 23  - 51 20 40  -  -  - 15  -  6  7 60 33 19 22  5 65  - 32  2 36 24 42 47 56 10  4  -  - 46 18 41  8 13  -  3  - 64 26 39 58 50 69 68 61 44 35 48  - 70  -
  - 52 44 16 58 59  - 34 53 63  - 43 15 25 39 56 18 11 36 14 10 65  8  -  1 35  - 23 12  6  2  - 62 13 46  -  - 41  -  - 26 50 40 69  -  -  5 31 64 47  -  - 33 45 17 67 54  -  - 55  - 38 28 42 57  - 61  7  4  -
 29 62 65 27 13 48  - 66 40 69 39 64 24 41  -  1 54  - 63 32 16 61 59  - 21  -  -  2 53 67  -  3  -  - 36 33 70 38 46 23  - 43 10  4 47 50  - 52  -  6  9 58 12  -  -  -  8 15 18 56 22 55 20 26  -  5  - 25 49 68
  -  - 15 68 16 32 13 42 70  5 21 18  6 55 59 24  -  7 46 61 69 50 28 31  -  -  - 11  - 64  - 47 17  - 60 41  9  -  - 30 65  -  -  3  -  - 54  - 49 44  8  4 25 48  - 23 27  - 57 10  - 66 12 35  -  -  2 26  - 40
 26 63 25  -  - 68  - 10 50  9 55 34 47  2 52 28 56 53 19 35 59 60 65 15  3 40  7 43  - 24  -  - 30 16 27 29  4 22 23 70 39 20 44 49 21  - 32 38 13  5  - 33 18  - 31  -  -  -  - 66  1 37 54  -  - 48 57  -  6 41
