3920
 10 35 33 61  - 14 46 69 30 25  -  6  8 65  9 52 53  -  - 34 21 68 42  7 56 39  - 18 36 63 13 62  - 54  1  - 66 31 59 58 17  3  2 32 60 55  - 67 37 24 40  - 27 50 45 57 49 41  - 64 26 12  -  -  5 70 23  - 16  -
 52 50 29 55 18  - 59 47 62 64 45 22 10 36 43  -  -  -  -  - 65  - 14 26 41 57 46 32  9 69  2 24 21  -  -  -  -  - 13 37 49 54 68 35 33 51 30  7  6 61 17  3 39 63 48 11 12 19 34  -  4  - 70 66 27 44  1 15 42 25
 48  5 61 21  - 12  - 59 19 26  3  - 70 58 18 16 20 17 54 62  - 38 68 27 49  - 43 41 46  - 60 55  7 31 47  6 33 10 52 56 35 22 23 67 44 24  9 63 53 34  1 37 45 11  8  2 42  - 36 29 57 28 32 64 51  - 66  -  - 50
  - 44  9 65 48 24  - 67 43 37 46  7 45  -  - 26  - 39  - 58  - 31 53 22 52 33  8 55 57  - 12 19  -  -  - 13 60 27 61  - 40 56 62 64 18  - 23 70 17 50 29  2 15 49 28 38 68  1 10  5 35 32  4 54 69 11 20 25 21  -
 67 13 48 64  -  - 20 37  3 34 24 66 26 18 27 14 65 70 68 57  -  7 38 61 36  -  2 59  -  - 53  - 42  8 19 29 15 47 12 21 41  1 11 69 54 40 60  - 44 22  5  -  - 30 63  -  -  -  -  - 52 39 50 35 23 31 55 33 28  9
  -  4 35 11  2  3 31 26  - 23 17  - 21 29 61  - 37 36 69 28 58  - 57 67 55 54 65 14 68 60 34 48  - 51 42 39 50  6 64  - 10 62  9 53  8 43 47  5 16 46 45  -  - 27 33  -  7 22  - 30 20  - 13 59 40  - 32 44  -  -
 39 65  - 53  - 18 16 30 70 12 66 54 58 15 67  1 68 29  - 38 69 17  4  - 51  3 56 11 33  9 55  - 40 63  - 47 14  -  - 31 22  - 49 42 20 19 37 26 41 45 46  - 43  6 21 61 25  5  - 35 27  8  - 24 57  -  - 32 36  7
 65  8 25  - 64 13 48 62 67 57 26 27 15 47 52 41 70 59 46 40 10 36  -  - 14 45 23 19  -  5 66 28 50 11 39  -  -  - 30 51 42 17 69  7  4 34 20 32 31 18  -  6 61 21 58 37 24 56  1 63  - 49 33 53  -  9  - 54  - 12
 62 29  - 36 56 21 32 52 38 28 43 44  -  3 70  7 48  9  2  4  - 34 24  - 20 50 15  6  - 61 18 51 25 64 66 40  1 11  -  - 57  - 19 13 67 17  - 22 54  -  - 35 14  8  - 30 60 12 31 37 58 27 69  - 55 47  - 16 26  -
  - 59 36 41 33 26 51 46 52  - 34 61 25 64 23 66 56 20 14 68 53  -  -  - 47  8  - 57 60 32  - 11 65 43  2  5 40 70 31 29  - 48 35 38 27 30 54 37 15  - 22 21  - 17 44 39 55 67 45  -  - 13  -  1  - 50 58 24  -  3
 24 56  - 19 14  2  - 66 45  9 57 52 22 46  - 10  -  - 61  -  - 60 65 42 21 28 69 39 44  3  6 29  - 13 68 30  - 51 20  - 25 47  8 41 17  -  7 54 67 63 36 27  1 31 34 15 40 48  5 38 62  - 35  4 43 16  - 23 55 32
 61 14 52  -  4 57  - 45 11  6 64 26  - 37 51 53 24  -  -  -  1 41 60 29 67  - 49  -  - 27 16 20  - 55 22  2 18 12  -  - 21 46  -  -  7  - 35  - 59 39 69 70 28 56  3 33 66 30 17 32 19  -  - 68 63 65 54 50  - 62
  -  -  -  - 30 46  - 49 15  - 56  -  - 43 22 12  5 68  -  3 50  -  - 11 58 51 31  4 62 42 41 64  2  - 38  - 63  - 48 53  - 35  - 70 45 65 19 69 26 60 34  - 55  - 37  - 17 52  - 36  - 47 39  -  -  - 29 59 32  -
  2 28 67 30 12 45 43 57 10 52 65  1  - 49 21 59  7 56 62 17  8 55 61 37 24 44  - 48 31 14 32 68 66 34 70 60  4  -  - 20 36 25 46 29 51 13 15 23 39  5 11 19 69 18 38 50 33 58  - 16  -  - 53 26 35  3 27  9 47  6
  8 21 42  -  - 40 37  - 58 65  - 23 13 53  - 55 10 63 19  9 15  -  -  -  -  - 29 12  2  -  - 70  - 57  -  - 39  -  3  - 11 61  5 26 46  4 56 48 14  - 25 44 52  1 59 18 51 28  7  - 31 45 36 67 50 20 49 69  - 33
 43 63 66  8 68 31  - 64  -  -  - 69 48 62 39 11  -  - 35  1  7 12 50 51 53  - 18 37  - 49 10 33  - 32 52  - 41  9 28 22  5 38 57 45 36 29  - 25  2 26 42  4  - 60 40 44  - 15 20 55 21 61  - 23 46  -  - 56 30  -
  - 69 40 57 38 23 15 50  - 70 28 37 66 11 33 68  4  - 32 26  -  5 12 39  1 58  - 65 47 55 42 61 62 53 67  - 64 22 19 30 46 44 29  9  -  6 49 16 34 20  8 10 35  -  -  7  - 17 56 52  -  - 31  - 48 27 36  - 63  -
 50  - 65 49  - 37  3 10  - 43  -  -  -  -  - 39 26 24 29 42 51 16 48 64 44 32 55 25 11 45 30  - 23 38 54 68  - 57 41 27 58  5  7 40 35 15 66  1  8 19  - 31  - 20 62 12 70  - 14 33 17 56 28  2 59  -  - 34 60 52
 42 38  -  4 69 41 30  - 16 10 60 21 19 34  - 20 40  -  1  - 12 29 39 24  3 59  6 13 37 43 36 65 48 47 46 67 27 14  - 61  - 57 51 66  9 68  - 35 49 17 23 25  - 28 22  5  - 31  8 58  - 70  - 63 45 53 33 26 62  -
 32 51  - 59  - 36 49 23 50 47 20 17 28  7  -  3 31 12  - 19 62  4 45 60 48 21 54  5  - 67  9 30  -  - 29 42  - 18 24 63 43  8 16 39 53 14 44 41 70 64 52  -  - 40 55 26 27 33 37 25 15 10  6 56  - 13 61 68 35 11
 41 27 30 68  - 50 38 14  - 62 69 10 59 48  2 60 67  - 44 22 46 39  - 34  4 35 32 51 19 25 17  1 57 40 33 45  - 13 26  7  9  - 64  -  5 54  6 11 56  - 31 23 42 58  - 16  8  - 49 12 37 15 29 61 24 66 28 52  - 21
  -  -  - 47 40 65  2  - 44 63 62 68 69 20  4 58 57  - 52  - 16 70  - 45 32 48 60 26 66 22  -  - 55 37  5  1 12 34 50  6  - 21 17 18 24 56 38  - 13 25 14  -  -  - 49 59 23  -  - 39 11 29 30 27 64 10 67  8 31 15
 20 40  - 69 16  1  - 15 55 32 53 28  - 17 66 63  3 45  9 31 52 42 22 18 68 14  - 56 54 35 29 25 34  -  - 41  - 21 51 39 37 64 36 47  - 23  - 59 46 30  6 57  5 12 43 58  4 62  - 19 24  - 48 11  8 61 26 10  - 67
 66  - 62 12  8 56  5 17 31  -  - 59 11 28  - 54  - 40 49  - 43 61 34 38 29 46 16 70 69 52 23  6 30 67  9  - 24  4 32  - 33 37 65 55  - 39 26 50  1  7 35 60  -  - 13  - 47 27 42 48 25 14 41 57 58 15 51 63  -  -
 34 24 47  - 45 22 36 21  2 59  - 50 52 68 41  - 32 26  6  -  - 33  -  - 46 49  3 61 23 54  4 40 56 35 64  9 30  1 29 42 12 55 15 43 28 18 70  8 27 16  - 67  - 62 69 31 11 53 25  -  - 20  7 10 14  - 48 17 37 66
 44 45 22  -  9 35  6  2  - 66  -  -  - 51 30 57  -  8 41 63 36 14  5 54 62 52 38 28 15 48 50 10  - 18  - 33  - 46 56 68 64  - 67  -  -  - 31 13  - 32 16 40 12  -  4 21 20 65  - 11 53 26 47 37 29  -  7 55 70  -
 16 18  - 40 42 61 33 25 68  - 59 67 51 23 58 50  2  5 12  - 37 43 55  4 45  - 36  - 20  6 64 38 47 19 14 28  8 52 27 17 48 66 31 34 70  - 46 10 62 53 30 63  3 29  9 56 21  - 60 22 41 54 57 15 65  7 44  -  - 35
 57  - 14 67 70 15 24 61 47 39  - 60  - 40 53  - 33  - 22 54  2 37  7 52 43 25 17 44 10 30  - 13 38 62 51 35 46  - 34  -  -  - 66  - 68 28 16 12  - 23 32 49  -  3 42  - 36 26  4 59 64 41  5 65  -  - 56  - 50 55
  - 19 44 29  - 11 68 33  6 17 31 38 32  5  3  - 13  - 70 47 56 67 18 36 10  2  1 23  - 20  - 66 12 49  4  - 26 39 14 41 59 27  - 52 55 53  - 51 40  - 24 58  9 57 50 62 16 37 65 61 34 60 21 22  7 42 46 35 43 45
 45 16  - 54 60 42 12 63  7  - 50  -  9 39 36 48 55  - 24  -  - 59  - 30  2 65  - 33 28 37  8  -  - 10 53 27 22 49 58 52 67  4 41  -  - 47 68 14 29 35 57 34 31 25 32  6 69 11  - 70 66 51 64 13  -  5 43  -  1 26
 23 11 31 28 20 49 52 54 14  -  - 46  - 32 57  6  9  7 13 66 48 18 67 47 37 64  -  3 26 33  - 50 69 25 40 70 61 58 68 36  - 16 59 63 29 21  - 27 10  -  -  -  2 51 24 55  - 35 41  - 38  1 44 42 56 12  5 45  4 60
  -  7 70  -  -  6 66 12 37  5 21 33  1 67 54 17 25 34 47 36  - 30  - 53  - 23 64 60  8  - 46  - 49  - 31 19 16 24 22 44 13 69 20 59 11  - 58  3 35 38  - 56 48 65 39  4 45 68 51 27  - 55 61  - 32  -  - 42 10 43
 11 31 26  - 19 47 35 28 65 33 70 18 53 12 15 25  - 42  - 60  - 10 16  - 40 34  9 63 14  2  -  7 27  3 44  - 52 69 57 13 24 49 58 51 59 38 61  -  - 62 64  -  4 43 20 22 29 50  - 68 32 37  8 45 39 17  -  1  6 46
  3 30 51  - 13 58 67 31 59 56  -  4  6 38  - 37 66 53  - 33 63  -  - 62 27 29 57  - 50 68  -  - 26 20  8  - 21  - 17 10 60  - 25  - 39 49  - 24 32 48  -  - 19  -  5 47 52  - 43 28 36 69 45 34  - 35 65  - 14 23
  - 62 41 46  - 48 70  5 69  -  7 32 38 24 60  4 44 67 28 23 20 11 25 14 57 19 63 49 16 50 52  - 59 15 18  - 68 30  6 12 61  - 22  - 65 27 45  9 36 42 54 29  -  - 47 51  -  8  - 10 43  - 37  -  1 33 34  2 66  -
 12  - 24 31 65 34 55 22  -  1  5  -  - 70 59  9  -  6  8 37 67 48 15 35 11 41 10 21  4 57  -  - 51 30  - 20 42  -  - 40 28 52 45 25 49 63 32 60 68 33 39 17  -  - 61 64 14 29 19 23  7 46 66  - 47 62  - 53  -  -
 30 36 10 43 21 70  1  8 53  - 25 24 27  2 26 35  - 22  - 44 32 40 54 68  5  4 14 15 67  7 33 18 46 56 13 61 11 28  -  9 52 12 60 57 23 42  - 29  - 59 20 66 47 69 31 41 19 64  6  - 48 34  - 49 38 45  3 65 39 51
 26  9  - 27 41 51 53 35  8  - 33 55 14 56 42 13 12 25 31 18 34 23 10 50 65  - 39 36  7 15 37 58 24  -  - 11  2 29  1  -  - 30  3 20 64 70 22  - 60  - 38 62 54  -  - 19  - 57 66  - 69 43 17 44 61 59  6 67  5  -
 38 48  8 18 29 60  - 27  - 61 13 42 55 44  - 45  6 11  -  2 59 54 46 57 64 26  5 62 35 10 39  - 33 41  - 37 32 67  - 49 30 34 24 19 52  - 12 15 21 70 47 50 23 68 56  -  - 36 63  9 40  - 43 69 31  - 25 20 53  -
 60 12 58 35 26 30 41  -  4 68 36  - 33 19 48  - 17 51 38 39 42 57 32 70 25 20 47  - 29 28  3 69  -  2  7 63 31 54 43 46 56 13  -  5 14  - 67 62  - 21 53 61  - 66 11 52 50 10 16 44 49 65  -  - 15  - 24 37 23  -
 36  -  5  - 32 39 42  4 51 45 55 25 61 60 63 43  1 13  - 41 57 27 17 31  6 30 35 20  - 56 44  - 54 29 10 49 67  - 70 24  - 65 34 12 40  - 21  -  - 14 50 11 58 52 23  -  9 47  - 66  - 16 38 62 33 64 22 19 15 37
  - 49 19 58 50  -  - 68  -  - 52 13 35 66  5  - 43  - 57 32 61 64  8  1 38  - 44 29 21 70 59 14 17 60  - 25  6  - 23 47  2 45 10 46 22 37 18  - 11  3 26 41 16 33 36 54 65  -  -  - 42 62  - 12  9 56 40 51 48 20
 56  -  - 38  6 59 57 39  -  - 44 36 67 16 17  8  - 32  - 10  -  3 66 48 60 27 26 42 40 13 25 37 15  -  - 46 35 33 55 14 70 41  1 68 43 69  - 20 65  -  -  -  -  - 29 63 58 49 50  - 18 19  2  - 62 24 47 61 11  5
 51 34  -  - 39 53  - 58 46 22 35  - 49 54 10 23 30 61 65 15 13 19 70  - 59  1 52 24 55 38 68 67  - 12 43 18 62 48 21  -  8 60  - 33 66 25 69 64 47 27 56  7 44 42  6 28  - 63  - 14  -  4 26  9  - 32 11  5 41 40
 53 66 38 51 67  -  -  3 28 60  2 39 41 22 12  5 34  1  - 69 68 62  -  - 13 42 48 50 32  4 47 31 16 26 57 58  - 59 40  - 44 63 43 17 10 35 27  -  - 11 15 36 29 70 30 65  -  7 64 45  6 18 49  - 20 37  - 14  8 24
 22 26 63  - 17  9  - 40 21 67 38 16 34  - 37 32 29  - 11  - 14 46 20 59 33  - 24 30 25  - 19  3 68 66 35 57 28 36 62 64  - 53 56 15 31  5  -  2 43 13 27  - 18 55  - 48  - 51 70  1 54  6 58  -  - 39  -  4 12  -
 58 17 15 10  5  - 28 24 54  -  -  - 57  -  1 49  -  - 60 14  - 21 29  8 66 37 27 34 18 36 22 23  - 65  - 53  -  -  - 38  3 32 52 50 25  - 55 68 12 44 51 45 62 39 16  - 61  6 26 56 59 33 63 31 13  2 70 41 20 64
 15 70 57 62  - 16 10 32 66  3  - 63 29 35 20 64 11  - 37 30 28  2  - 43  - 56 13 22 12  - 14 45 41 39  - 52 36 17  9  1 50 51 40 24 58  - 34 33 25 54  4 59 49 47 53 42  - 69 68 46  -  5 67  - 44 38  - 48  - 61
 46 20 13 45 27 43 50 56 23 16 41  5 40 31 55 29  8 52 33 67 11 26  1 63  7  9 61 53  - 62  - 42 37 58  3  - 44 25 35 69  6  -  -  - 38  -  4  - 24 36 66 22 51  - 65 10 57 34 30 15 70  2  -  - 60 68 12 21 17  -
 63 10 68 13 37  5 14  6 39 41 18  - 42 45  - 62 38 69 34 27  -  8 52  - 35 24 25 67 22 53 20 49 60 33 58 36  -  - 11 55 29 28 26  - 57  -  3 44 30  -  -  - 32  - 19 17 64  - 61  4 23 21 65 50 16 43  - 66 51 31
 54  - 23 70 52 25 40 53 22 44 29 65  -  4 28 38 51 27 64  - 41 50 31  - 17  - 58  2  1 34 21  - 61  - 45 56  9 68 10 57 20 15 55  -  - 60 24  -  5 49 37  -  - 67 26 66  - 43 62 13  - 36  -  - 19  8 18  - 69 14
  9  - 16 22  3 17 29 70 25 50 23 19  - 52  -  - 42 57 26 56  6  - 51 69 63  7 37 68 45 11  - 43 31 46 20 59 10 38 47 34 39 33 21 48 62  - 41 53 66 67 60 28 36 61 35 49  5 18 15 65 55 64 40 32 30 54  - 13 58  8
 29 52 53  - 25 28  -  - 13  - 11 35 56 10 14 65  -  - 20  - 33 32 40 41  - 66  - 43 34 44  - 26 45  - 27  8 37  5 69 16  4  7 12  3 15 22  -  - 57  6 49 47 70 64  2  - 67  - 55 51 46 68  9 58 18 48 30  - 24 38
  6 57 32 60 24 55 27 51 33  - 63 41  - 59 69  -  -  -  4 52 29 25  - 28 23 31 66 46 30 21  -  - 44 42 17 14  - 56  8 50  - 40  - 37 61  7 13 43 58  1 12  5 68  9 64 34  - 38  -  3 67 53 11 19 10  - 39  -  - 36
 55 42  - 33 11  - 19  - 26  - 49 45 37  - 31 61 22  2 56 64 54 66 59  9 70  - 40  -  6 39 58 52  3  - 32 62 51 50 16  8 47 24  4 23  - 10 48 21  7 41 13 69  - 38 60  -  - 44  - 43 28 63  - 14 25 36  -  - 46 29
  -  2 21 44  - 27 58  - 20 29 16  - 43 55 49 46 61 37  5 45 35 69  - 10 39  - 12 40 13  8 51 60 28  - 23 65 19  7 36 62 31 11 48  4  - 33  - 66 18 68  -  9 41 15  - 24 26  3 32 54 14 25 59 38  - 30 42  6 64 22
 33 47 11 66  - 10 69 42 29  - 32 34  - 13 50 28 63 49 39  -  - 22 27 19 15 12  -  7  5 64 70 35  - 44 36  -  - 20 38  4 45  - 14 62 48  3  1  - 52 58 65 24 26  -  -  8  - 60  -  - 30  9  - 16 53  - 57 40 61 41
 27 43 46  -  - 32 45 29 40  -  8 62 23  - 25 33 64 10 48 16 22  - 69 56  - 11 30  -  - 58 67 41  - 24 59 34 17 66 39 54 15 19 63 28 42 44 65 36  9  2  3  1 57  5 18 60 38 21 12  - 61 52 51 47 37 14 53  7 68 49
 37 33 39  3  1 20  - 36 61 40 47 58  2  - 56 22 69 66 45  5 60 51 30 65 26 15 59  - 24 31  -  8  9 27  6  7 25  - 49 48 62 10 18  - 16 67  - 57 38  4 44  - 64 53 68 23 32 46 11 42 29 17 12  -  - 21 35 43  - 19
 40 25 18  - 49  7 21 48 63  - 68 15  - 57 62 70 58 64 59  -  4 45  3 46 31 61  - 17 41 23 56 39 53 14  - 55 20 44  - 35 51  - 28 10  - 36 11 38  -  8  - 26 60  - 12  -  - 42 52 24  5 66 34 30 54  1  9  -  -  -
 49 60 55 23 22 64  -  -  - 24 12 70  7 63 19 51  -  - 30 59  - 47  - 58 28  - 68 54 39 16 57  5 32  4 61 21  3 65 44 66  - 50  -  6  - 62 43 40  -  - 41 42 10 45 14 20  -  2 29 26 56  -  1 25 17  -  -  - 52 48
 18 68  3 56 35  - 39  -  5  2 37 31 36  -  8 42 62 58 15 48 64 65  6  - 19 53 70 66  -  1 24 47 14 23 26  - 34 16 45 33 38 43 32 61 30 57  - 49  4 52  - 20 21 54 10  9 13 40 69 60 12 11 27  7 41 46  - 22 59 28
 31  - 64  6 59 68  7 18  - 14 51 56 16 61 40 30 41 54 17 50 19 49 37 44 34  - 53  -  - 12  1 32 20  - 55 69 65 62  4  5 63 39 42  -  - 11  - 58  3 57 33 43 25 24 52  -  2 23  - 47  8 35 46 28  - 29 15  -  9 10
  4 37 43 25 58  - 47 16  -  7  -  -  -  - 13 56 60 50 18 70  - 63  - 32 30 10 20 35 49 19 45  -  8 36 69 48 23  - 65 15 14  9 61 22 21  - 53 39  -  - 68 38 17  -  -  3 34  - 27 62 33 44  -  5 26 52 31 28  - 57
 47 15 60 14 10 19 62 20 32  8 39 64 12 33 44 34 52 55  - 29  5 53 43 21  - 17 11  - 63 46  - 22 70  - 37 26 49 35 42 18 66  - 54 30 41 50 40  4 23  9 48 65 67  - 57 13 28 25 24  - 68 31 56 51  2  6 38 36  - 58
 64 39 54  - 62  - 56 55  -  4 40 48 17 14 34  - 46 31 27 43 44 24 41 12 18  6 51 58 42 65  7 36 52 61 63  3 29 23  5  - 68 20  -  8 47 32 57 30 50 69 10  - 37 26  -  -  1 66 28 67 13 38  - 60  - 22  2 49 19 53
 28 41 56  - 43  8  - 13 42 38  4 29 30 21 65 47  - 62  -  - 27 58 49 15 54 36 33  -  3 66  -  2 10  9 60 50  5 32 46 23 55  -  - 16 63 52 59 19  - 31 61 68 24 34 17  -  -  -  -  7  -  - 22 70 12 51  - 18  -  1
 70 55 69  5 46 54 44 43 17 48  6 11 68  8  - 36 18 21 66 12  - 15 23 16 42 22  7 47 52  - 65 53 13 28 34  4 45 64 67 25 26  - 38 56 37  2  - 61 19 29 58 33  - 32 51 27 62 24  9 50  1 40  - 20 49 63  - 31 57 59
  5  -  4 52 61 66 64  -  - 69 48 30 31  - 47  - 35 14 10 11 26 13  - 33 12 55 34  - 58 59 40 16 63  - 24 43  7 45 53  - 19  - 37 60  - 20  2 65 51  - 28  - 50 36 27 32 54 70 46 21 39 22 18  3  6 57 68 29 25 56
  -  -  6 17 34 44  - 38 57 51 14 12 50  1  -  - 21 43 42  7 66  - 58  - 69 40  4  -  - 26  - 27  5 16 65  - 59 37 15 60 18  2  - 36 32  -  - 31 48 55 62 53  - 41 54  -  -  - 33 20 63 30  3 52 28 19 64 47 22  -
