3920
  - 67 16 69 44 13 51 30  - 63  1 55 14 53 31  -  - 59  4 28 56  - 33 50  7 32 20 23  - 39 35 47 57 22  - 70  - 17 40 26 42 54  9 12 43  - 37 46  6 34  - 41 58 65 10 68  2 61  - 27  8 24 21  -  3 60 66 38  -  -
 38 59 29  - 43 49  -  7  - 45 12  9 55 28  - 40 23  - 47 39 33 52 17  - 56 13 14  -  4 26  - 36 50  - 20  3  1 41  2 42  - 67 22 62 51 30 54 37 58  - 25  - 34  - 70 32 15  -  -  - 31  -  6  - 11 35  5 27 24 21
 56  - 35  - 67  3  2 12  8 41  - 19  -  - 32 47 52 17 62  - 22 37 43 42 23  -  - 61  - 24 58  6 51 11 50 30 34  - 46 49 26 57 64 15  - 45 68 14 31 59 13 70 53  - 54  - 16  5 60  4 48 21 36 63 39 10 69 65 20  7
 55 60 56 51 70 19 62 52 63 44 13 38 47 17 43 66  - 32 24 11 42 18 67 20 35  - 29 36 21  - 12 68  -  - 69 58 15 30 33  - 54 65 25  4  9 34  - 45  - 22  - 39  - 40 53  -  7  2 64  1 28 37 41  - 27 14 26  - 57 46
  5 14 65 31  - 44 49 46 41 10 23 70 16  - 66 67  1 37 51 69 61 29  -  - 39 62 13  - 19  -  -  7  - 36 42 34  -  -  - 68 58 30 53 50  -  9  -  - 33 32 43 20  - 55 17 57 11 40 24  - 45 52 63 35 38  3 12 18  8 56
 45  - 39  -  7 31  - 29 66 70 44 69 59  4 14  - 68 42 17  6 62  - 49  - 41  3 27 12 38 51 15 10 35 24 65 25 46  2 50 63 37 21 47 48 13 11  9  5 23  - 61 30 19  - 16 60  1 26 32 18 34 58 28 36  8  - 54 43 64 67
 19 50  -  -  - 59 65  -  - 32  - 49  3  5  - 10  8 21 22 23 58 55 40  2 64 69 48 33 57  - 26 56 44  - 36 28 66 27 41 46 63 51 12  - 11  - 43 30 62  - 34 47 25 39 52 67  -  7  - 70  - 35 38 29 54 45  - 61 15 31
  9 55 49 65 35  - 53 36  - 19 30 62 37 67 38  - 22 60 50 41 59 58 66 21  4  5 34 45  2  -  6 43 42  3  -  - 57 16  - 61  -  7 28 13  -  8 27 29 64 47 10 18 51  - 48  - 69 31 63  -  - 25 14  - 33 11  - 12 70 26
 40 70 54 15  -  - 67  6  - 18 24 28 13 30  5  - 44 45 34 62 49 46 51  3 32  - 57 35  7 42 25 48  1  - 68  8  - 36 52 50  -  - 60 66 61  -  4  - 38  - 23  - 37 17  - 58  - 12 65 55 21  - 64 19 29  -  -  - 53 63
 30 61  -  -  - 28 29 60 31 54 40 48  - 65  3 18 26  -  1 35 70 47  -  4  - 20 23 57  - 36 41 16 56 50 43 67 64 46 25  - 21  - 32 49  - 68  - 39  9  -  - 55 59 42  - 15  -  - 69 66 24  6  -  -  - 17  2  - 13 53
 33  - 37  - 17  -  - 70  -  -  -  - 36 49 40 34  -  - 56  - 52  - 62 51 46 65 32  - 63 16 22  - 58  - 48 61  5  8  6 41  3 25 20  -  - 26  - 11  1 30 24  - 45  4  - 23 21 55  2 42 18 39 50  - 66 15 60 67 43  -
  - 45 25 41  - 47 21  2  1  - 29 18 46  -  - 70 60  6 16  3 11  8  -  7 27 63  - 42 56 23 55  5 48 31 44 10 58  4 19  -  - 26  - 17 65 36 22  - 40 28 53  - 30 15 32  - 54 14  -  - 38 51 67 20 61 49 52 64  - 62
 42  -  - 68  - 61  - 67 32 40 28 30 60  - 15 21 12 65 31 29 25  - 37 11 50  - 41 64 51 35 56 19 16 52  3  7  - 26 53  5  4 58 39 14  - 63 18 62 46 70 44  9  -  1 13 38 49 48  - 43 57  - 45 66  6 69 47 24  - 27
  1 53  9 35 26 33 63 23  2 28  7 24  - 37 52  3 46 15 43 61 41 42  6  - 16  - 40 68 13 70 54 66 10  - 17 22 18  - 57 36  8 11 38 69 32  4  -  - 44 48 12 49  -  - 62  5 67  - 25  - 50  -  - 39 31 19 59 45 29  -
 37  -  5 61  - 15 60 57 24  3  -  - 27 35 11 16 19 10 53 65  6 31  - 46  - 14 45 22 43 17  1  -  - 64  7 23 20 55 38 52 59 13 63  -  - 33 41 40 70  9  - 51 67  - 49 30  8  - 54 25 39 42  2 47 12 44 29 66 28 48
 36 57 10  - 22 32 12 65 38 46 64 59 43  - 13  5 69  - 23 30 20 33 45  1 67 51  9 15 27 63 28 18 66 14  8 41 48 42 29  6 31 34  3 47  - 54 49 24 53 58 62  4  7 25 39  2 50 56 26 37 52 60 68 40 17  - 16 11 44 19
 32  6 31 37 54 70  - 15  -  - 19 10 63 43 67  1 50 20  -  - 38  3 61  - 25 36  8  -  - 55 64 51 28 57  - 49 41 18 58  -  7  5  - 23 27 13 40 21 66 39  - 68 22 62 46 29 53 45  9 48  - 17  - 14 30 52 56 60 42  -
 66 20 26 42 41  - 70 34 18 33 46 14  - 47 10  - 53 24 29  1 27 63  -  - 13 28  - 52  - 65  - 64 30 58  2 45 37 32 61 38 67 40 31  5 12 43 48 16  - 17  - 54 44  3  9  - 55 11  -  - 51  - 49  8 50  - 23 57 21  -
 21 48  - 44  - 20 10 16 49 53 41  - 68  - 26 30 58 38 46 57 23  4 11  -  8 25 43  - 50  -  7  - 37 29 24  9  -  -  - 13  - 66 45  - 36  5 39 31 34 54  -  - 63  - 28  - 59 35  3 52 65  - 15 27  2 51 22 33 18 60
 15 16 69 58  8 27 34  - 40 47 26 64  -  - 54 23 10 14  9 53 24 25 44  - 57  - 52 51 62  - 21 60 20 68 33 66 28 22 18  - 48 37 67 36  2 38 61  3 43 12 17 29 42  7 65 39  -  - 56 46 32  -  1 49 13  5 63 35 30  -
 50 23  - 32  -  - 33 27 67 15  -  - 10 45  - 44 31 43 25 56 29 65  -  - 30 58 19 34 28 52  2 37 62 70  -  6  3 40 59  - 69 24  7 55 17  -  -  - 13  -  1  - 12 63 68 61  5  4 46  - 20  9 60 26 36 18 39 54 41 38
  6  - 38  - 39  - 46 14 42 49 33 60 28  1 56 15 20 69 10  - 44 21 41 17  - 52 36  -  - 61 67  -  4  9 22 13 50 12  7  2 53 23 34 64 55 31 24 58 45 25 18 63 65 16 27 62 35 32 59 29 37 54 47  - 43 40 19  - 51  8
 54 51  - 60 65 18  - 45 12  - 21  - 42 27 33 26 14 40 59 48 35 68 39  - 36 46  - 49  - 38 31 20 55 10 62 17  - 37 13 64 61 15  2  3 67 19  7 43  -  - 66 58  5  - 23 63 25 16 52 47 53 57 30 34  9  6  1 28 69 41
 27  5 42 11 12 37 31 38 16 26 67  2  - 46 22 61 29  -  7 66 43 13 19 40 20 53  4 25 35 64 52 69 68  1 41 18 63  - 39 17 70  - 54 24 28 10  -  - 50 15 56 34 33 60 55 59 58  - 14 36 47  8 51 23 45 62 30 21  - 65
  - 30  6 46  - 58 68 25 29 60 11 26 41 44 64 51 66  1 37  2 45 17  8 16 40 54 61 63 42  -  -  -  -  4 39 62 67 19 48 47  - 55 21 31  3 22 50  -  - 56 33 35 23 36  - 69 18 27 10 14  -  - 32 24 53 43 38 49 52 13
 26 39 43 50 15 40 47 13 61 42 70  - 33 32  2  - 38 11 48 46  1  - 59 64  - 23 67 21  3 56  - 58 54 37  - 24  8 35 45 30 18  - 19 25 57 52  - 17  -  -  -  -  4 29  - 53 22 44  5 51  - 14  - 28 63 34 36 68 66  9
 64 12 44 49 53  - 36 66 25  7 59 52 30 68  6  - 21 34 20 70  - 57 56  - 65 67 18 60 69  2 63 24 27 16 55  4 31 51 11 19 17  9 48  - 42 40  -  - 29  -  8 46  3 43  - 35  - 50 15 41 62 23 61  - 10 22 37 58 47 33
 28  -  7 33  - 29  4  -  - 30 31 12 67  -  - 65 18 36 40 13 66 60 24 22 34  - 35 48  -  -  - 46 23 32 51 39  - 70  5 14  -  - 26  -  - 57 25  8  - 27  - 69 47 19  6  - 62 49  - 15 11  - 56 43  - 53 64 44 37 20
  4 49 45 22 62  6  7  9  - 65 69 51 61  -  - 17 30 46  - 34 67 48 25 53 11  -  3 29  -  5 14 63 31  - 37 21 13  - 26  - 24 42 52 57 20 47 19  2 27 35 39 59 36  -  - 70 23 38 12 68 15 56 40 64 16 32  - 55 33  -
  - 19 41  - 18 21 26 40 43 68 42  - 50 20 58 11 55 67 15  4  - 54 31 10 69 56  - 39  - 32 61 30 64 28  5 59 49 63  - 45 23 38 29  -  - 17 60 47 25 16 46  - 52 53 35 51 13 24  1  - 70 36 62 33  -  - 65 37  9  3
 69  - 27  - 45 35 48 68  - 55  8  - 66 51  7 33 11  - 49 15 16 43  -  -  - 26  - 50  - 19 44  2  3 13 12 54  - 60 28 34  1  - 17 20  -  - 57 52 24  4 64  - 29  - 18 10 70 67 31 22  - 40  - 65 41  - 25 36  -  -
 60  9  -  - 23 51 20 62 64 14  5  - 58 24 63 41 32 44 27 37  7 50 29 34 38  - 11  - 30 54 47 52  - 15 21  1 10 45 65  - 39 43  - 53 26  -  - 69 18 61 31  -  6  - 19  3 33  - 36  - 66 67 48  - 70  - 55  - 46 35
 11 26 58  2 42  - 43  8 62 20  - 35  6 38  - 57  - 52  5 44 51 64 23  9 63 70  - 59 36 27 66 33  7  - 13 48 17 49 34 37 47 41 30  - 21 24 12  -  - 14  4 61  - 45  - 18  -  1 16 69  -  - 54 32 25 50  3 22  -  -
 24 17 13 47  - 26 42  5  -  8 50  -  - 41 49 43 51 62 66 45  -  - 52 68 59  - 56  - 54 15 46  - 11 40 23 57 36 61 63  - 16  - 18 39 44 60 53 33 32 64 65 21 38 27 25 34 31 37 35  3 69  4  7  - 48 12  -  - 22 14
 34  3 24 40 28  5 50 43 33  -  - 32 56 42 39 46 54 25 45 31  - 27 55 15 48 12 58  1 59 30 11 22 17  2 61 29  - 21 35 69 52 70 23 18 41 44 51 63  - 68  7 19  - 67  - 49 66 62  - 64 26  - 16 37  4  9  - 14 38 47
  - 64  -  - 31 54 15  -  4  - 17  5 32  - 70  8  - 53 60 67 55  2 36  - 62 38 47 66  9 11  - 27 49  - 40  - 35 13 69 39 30 56 14  - 24 42  3  1 12  - 37  - 10 22 61 28  - 65  7 20 29 26 33 48 18 41  - 34 25 52
  2  8 67  - 56 36 14 17 34 58 61 66 35 25 18  - 62 31 55 63 30  -  - 23  - 43 54 32  -  -  9 28 46  -  - 64  - 65 44 40  6  4 69 37 16 15 11  - 19 24  -  1 57 41  - 21  - 13 53  - 60 47 70 50 22 48 68  3 39  -
 14  - 30  - 66  -  - 47 69 11 62 23 26  -  - 22 13  - 42 18 54  - 63 57  - 15  1 67 45  -  8 50 29 61 31  5  - 10 60 35 43 64 55 46 37 39 17 28 36 38  - 65 40 48  7 27 12 53 44 59 25 33 24  2 32 16 20 56  -  -
 16 54 18  -  - 24 45 69 15 17  2 61 23 55 68  - 47 49 52  9 53 62  3 29 21 66 39  -  - 37 19 65  6 60 26 32  - 58 20  4 28 44 10 67  8  - 35 41 63 11 57 14  1 13 59 12 36  - 33 38 22  5 42 70 51 56 27 40 50 64
 59 15  - 62 19 10 28 22  -  1 39 33 29  3 57 45 65 54 30  -  2  - 68 37 66  -  - 26  8  - 69  - 70  -  9 12 55 23  - 16  - 31 51 35  6  - 44 25 61 41  5  7 50 52 38 13  -  - 18  - 40 63 34  - 67  4 42  - 14 58
 53 58 47 45 27 30  1 64  -  -  4  - 69 39  - 12  2 41  3  - 57 51  - 55  - 11 33 20  - 46 50  8 36 26 29 38 59  - 49 32 13  - 62  - 40 25 52 67 56 37 60  - 35  - 24 19  9 66 28 31 43 16 18  - 65 63  7 15 61  5
 57  4 15 48  -  - 11 49  -  - 54 40  - 56 50 59 17 47 41  - 69 67 46 38 31 35 51  5  -  - 27  -  8 44 45  -  -  9 68  - 25 36  - 28 30  - 10  - 42  -  -  - 39 12 22  -  - 23 66 60 55 18 65 58 19  2 62  - 16 70
 20 37  4 36  - 62  6  1 60  - 16 43 45 64 53 27  7 30 13  - 50  9  2  -  3 24 63 38  -  - 70 25 47  8 34  - 69 28 42 33 56  - 58 51 39 23  - 49 35 10  -  - 21  5 11 31 26  - 19 44 61 12 57  - 52 65  -  -  - 68
 43 18 51 27  -  8 17 53 23 35 47 36 62 33 25  6 15 16 63 59 40 12 32  - 28  -  - 11 68 10  4  - 52 34 67  2 56 50 70 54 57 60  1 65 58 46 64 22 48 49 30 31 14  9 66 41  3 20  - 45  7 29 19 42 69 24 44 39 26  -
 31 52 12 30 10  - 32 56 51 67 48 50 24  - 28 37  5 35 61 14 39 38 21 63 54 47 53  3 44 29 16 57 45 43 59 36 42  - 66 65  -  -  -  8  7 64 20 19 69 55 27  -  - 68  -  9 34 18 70 58 23 15  4  - 49  - 11  6 40 22
 35 21 46 53  1 43 40  - 22 24 32 67  - 12 62 54 37 66 64  7  - 34 28  6 49 19 10 47 65 69 23  - 26 55 57 51  9 38  3 58  5 52 50 16  4 48 70 61 14 18 68  - 17 30 36  -  - 39 29  8 13 20 59 41 60  -  - 63  - 15
 41 43  - 63 58 25 44 31  - 57 15  8 49 22  - 50 28  4 36 19 18 16  1 26 29  7 64 62 34 68 13 45  - 66 53 42  - 33 55 20 14 17 27 11 60  -  2 54  -  3 40 38 24 69 51 56  6  -  - 23  9 61 35 59 46 37 48  5 67  -
  7 41 48  - 61 65  - 51 45  -  - 42 12 11 37 62  - 56  - 33 14 69  - 49  - 34 24 10 67  -  - 55  9 25 58 19 52 54 27 43 50  2 59 21 47 29 36 70 68  6 35  - 18 28 64 16 57 15  4 39 63  1 44 13  -  - 46 26 60 40
 65 68 20 28 51 48 18 58  -  - 52 41  9 29 69 13 70 33  6  8 64 26  - 24 14 16 30  4 53 60 38 17  -  5 25 35  - 15 10  -  - 22 42 63 56 27 21 55 39 23  - 12  - 34  - 47 61 36 67 54 19 49 31  1 40  - 32 59 11  -
 46  -  - 12 30  - 69  4 65 50 63 20 57 40 23 58 36  2  - 27 15 66 34 70  9 68 49  - 18 22 45 41 38 62  - 26 43 24 37 48 10 28 33  -  - 53  - 13  8 44 55 17 11 61 14  6 51 25 47  - 56  3 52  - 59  - 35  7  1 32
 51 63 34 17  2 68 16 32 39 36  - 37 64 66  8 24 61 13 38 22 26 56 27 48 47 60  7 65 52 50  - 70  - 67 54 14 12 53  - 28  - 49  4  - 15  - 58 18 55  1 21  3 41  6  - 45 40 19  -  - 59 46 11  -  5 20 10 23 31 25
  8 46  - 38 32  - 59 54 36  2  - 27 40 52  - 14 41 50 57 58  -  5  - 33 12  9 69 43 29 47 53 62 19  - 30 65 51 39 56 55 35  3 66  7 25 67 34 15 26 42 16  6 70 64  4  - 28 10 22  -  - 11 20 17 21 13 18 31 23  -
 58 13  - 67 49 64 66 48 11 61 43 63 25  6 12 56 40 55 18 10 32  7 70 31 45 42 22 28 20  -  -  1 21 69 47  - 26  - 17 27 38 68 15 59 33 65 46 60 52 36 19  5 16  - 37  4 24 51 23  - 30 41  3 53  -  8  9 62 54 29
  - 44  3 54 24  - 13 41 57 62 10  1  -  2 48 68  - 27 21  - 47 14 20 25 43  - 31 58 49  9 37 35 65 23 28 55  - 69 12  8 36 45  - 26 53 32  - 66 22 63 70 67 61 11 56 17  4 33 51 50 46 38  5 60 64 30  - 29  7  -
  -  - 11  - 57 52 41 21 58  -  - 45  7 36 55 42  9 29  - 16 46 32 15 67 18 59 60  - 66  -  -  - 40 20 10  - 19 43 30 12 49 53 24 38 48  - 63 50  2 65  - 28  -  8  - 22  - 47 17  5 64 44 27 56 35  -  4 25 62  -
 10 69 62 19 52 12 25  -  -  -  -  -  - 21 59  7  - 22 14 42  9 53  - 41 15  8 44 16 37 34 57 39 13  - 56 60  - 11 36 18 20  -  - 43 64  -  -  -  -  - 47  -  -  - 40  -  - 29 68 17 67  - 23  - 58  - 50  1 32 24
 49 62 14 39  3 38  - 35 26 27 60 53  - 16  1  2  -  7  - 20 13 30  - 54 33  4 55  - 70 58 36 15 69 51 46  - 11 57 32 56 40 48  6 34 66 59 67 23 37 45 63 52  - 31  8 43 65  - 50 12 41 64 22 61 28 29 21 10  - 42
 25  - 19  6 63 23 52 24  7  -  - 46 51  -  9 31  - 64  2 49 36 20 38 43  - 21  - 54 60 13 40  -  -  - 14 37 29  3 67 22  - 16  -  -  - 61 55 35  -  8 42 15 32 18 47  1 17  - 48 26 68  - 53  - 56 58 57  -  - 11
  3  7 60 13 47 69 64 42 17  4 25 56 54 15  - 55  -  - 68 26 12 22  9  -  1 37  -  - 58  - 65  -  2 49 16 33 39  5  8 53  - 62 40  - 38 51  - 27 57 19 50 24 48 46 67 66 30 28 21 10 36 45 43 11 20 61 41 70 34 44
  -  - 52 16 11 57 23 10  6 56 27 13 22  - 61 63 24 70 69 12  4 59 58 39 68 18 62  - 25  - 20 49  5 30 66  - 53 29 31 60 34 33 35  - 46 55 47  7  -  2  - 43 54 32 50 44 14 64 41 21  3 65  8 45 26 28 51  - 19  -
 29 32 28 66 16  2 54 39 53 48 20  -  5 31 30 60 56 18 26  -  3  - 47  - 22 17 38 40 23  7  - 21 24 33  - 11  - 52  -  9  - 12 61  - 70 37  8 68 59 57  6 36 64  - 41 42 27  - 43 65  - 50  -  - 15  - 67  4 10  -
 13 25  2 18 34 46 58 44 35 43  -  3  1 57 45  - 33 28 65 51 48 49 54 69 53  - 70  - 12 59 10 29 67  - 52  - 22 20 62 23 15 39  -  - 63  - 26 64 47  5 14 27  - 21 30 50 37  - 11 56  4 32  -  7 24 42 61  - 68  -
 68  - 59  1 13 55  - 26  3 25  - 29 38  - 17 52 67 12  - 50 34  -  - 66  - 22  6 31 15 43 24  9 14 42 19 40 61 56 47 62 60 63  5 41 18 20 30 36 11 21 28 16 27  - 44 64 45  8 49 53 54 48 10 69 37 46 70  -  4 39
  - 65 23 52 40  - 24 55 20 38  9 15 21 14 47 32 34 19 11  - 37  - 12  5 44 41 16  7 26  8 29  -  - 35  6 53 45 62  1  -  - 18 49 33 31 70 56  4 30 13 22  - 69  2  - 54 46 59  - 28 58 10 17 67 68 64 43 42  3 66
 62  2  - 10 14  - 22  -  5 69 65  - 39  8 20  - 57  3 58 43 19 35 42 30 24 64 68 27 55 21 18 54 41 63 32 44 23 34 16  -  9  - 11  - 52 56 33 48  - 31 49 66 13  - 60 37  -  -  - 40  6 53 25 51  - 67 45  -  -  -
  -  -  -  -  - 53 37 59 68 12 51 11  - 34 46 25  - 39 67 64 60  - 22  - 70 45  - 41  -  - 42 31 32  7 49  - 16 47  - 24 33 35  8 44  1 21 29 10  -  - 54 57 66 38 26 36 19  - 13 30  2 69  -  - 62  - 17 48 27 50
 22  1 66 24 60  9 30 20 50 29 35  - 52 61 36  - 48  - 28  5 21 15 14 58  - 33 17  6  - 31 51 32 63  -  - 27 65  7 54 59  -  8 41 56 10  - 38 57 16 40 67 25 68 23  - 11 43 34  - 62 49 55 69 12 42  - 13  - 45  2
 67 66 53  - 46  1  3 33 44 64  -  - 65 54 27 69 45  5 32  - 17 41  - 36 19  - 37 14 40 28 34 12 60  - 35 63  4 31 24 29 11 20 68  9 59  - 62 38 15 50 26 13 55  - 21 48 52 22  6  -  - 43 39 30  -  - 49 51  - 23
 23 42 33  -  - 16 39 37 52 31 22 65  - 18  - 36  - 63 70 21 10  - 13 60  6 48 26 30 24 49  3 11 53 45  - 43  - 68  4 51 55 14 46 54 69 35  1 12 41  -  9  2 15  -  5 20  -  - 61 32 44 62  - 38  7 59 34 47 58  -
 47 24 22 23 64 11 19 61  -  9  3 25 17 13 41 29 42  - 35  -  - 36  - 12 60 31 15 55 32 33 30  4 34 54 18  - 27  - 14 67 46  -  -  2 49 50 59 44 51  - 58 62 43 37  - 26 39 21 40 16  5  7  -  6 57 38 28 53 65 45
