3920
 31 70  - 13 66 65 20 32  4 12 56 25 45  5 17 55 47 59 63 34 69 19 10 46 27 29 26  - 67 33 62 58  8 38  - 24 37  - 61 23 43  6 16  9 51 52  -  2 36 60 21 53  3 42 22  - 68 50  - 40 14 57  7 41 28  1  -  - 15 44
  - 51 30  1 21  - 47 15 50 46 13 49 56 54 61 60 41 20 25 36 65  -  - 35 23 59 37  8  - 43  - 53 32 12  5 67  3  7 27 45 33 57 42 64 69 70 62  9 66 38 31  -  - 44 63 10 11 26  - 18  - 19  6 24  -  - 68 39 58 34
 39 35 32  4 58 33 65 64  - 60 44 47 63 55 38 24 19 61 56  -  1 26 49 43  2 68 42 53  3  8 52  6 40  -  - 30 34 70 12 66 41 46 54  - 57  - 45 13  -  - 17 59 15  - 67 28 25 23 27 14  -  7  -  -  9 31 36 50 51  -
 21 16 13  - 63 36 24  9 40  - 64  - 53 57 10 54 56 58  5 23 22 34 52 25  -  - 12  -  - 62 20 69 37 30 39  - 48 35 29 26 70  - 68 46 31 18  4 47  - 59  - 42  - 32 60  2  -  -  7 33  3 50 28 17 49 27  - 65 44 45
 65 44  - 61 68  - 51 40 30 64 57 20 32  -  3  5 48  -  - 49 21 18 55 28 39  - 24  7  - 13 53  - 16 59 52 42 17 41 37  - 31 19 46 22 38 58  -  -  -  - 15 67  - 50 23 25 70  -  8  - 35 60  1 62  6 66 26  - 12 56
 24  - 18  8  - 51 42 60  - 19 29 36 62  4 16 69 58  - 22  - 47  7 46 26 53  -  - 31 20  2 41 21 56 39 38  9  -  6 52  - 25 32 57 45 27  - 70  - 44 63  5  -  -  3  - 54 10 17 14 43 12 66 61 11 64 34  - 33 50  -
 64  -  2 24 18  - 39 30 48 27 51 70  9 67 56  - 60 19 50 20 45 10 53 13  - 17 16 38  - 41  - 49  7 44 43 11 35 68 63  - 54 33 66 58 28 26 40  - 65  1 57 55 25  6  8  - 14  - 23 15 46  - 37 31 36 32 21 61 42 52
 22 31  - 11  - 23 64  1 25  -  - 50  - 37  6 33 51 49  - 13  - 47  4 56 20 58  - 46  - 39  3  -  -  - 29 28 60 67 45 27  5  - 30 65 52 16 66 70 68 61 69 14 12  8  - 55 48 38 40 42 32 35 21 19 43  9  7 62 24 59
  - 39 51 36  -  - 19 10 13  - 52  1  8 12 32 23 61  2 66  -  - 55 21  - 14  -  4 33 64 60 50 18 45  - 17  - 24  - 54  - 40 58  - 44  - 49 27 53 20  -  - 34 57 28 29  6  -  - 43 59  -  - 41 46  - 38  5 48 56 30
 53 14  -  - 61 26 37  - 20  - 42  -  1 45 49 18 68  6 41  -  - 36 32 70  7 54 19 16 66 21 28 67  - 10  - 13  -  3 43  8 27 55  - 31 56 50 63 40 51  -  -  - 65  - 33 48 39 60  - 22 52 69  4 23 12 24 38 17  - 29
  - 24  -  - 39  - 18 53  8 14 54 42 61  - 15  -  6  - 31 35 40  - 64 60 68  -  - 21 50  - 36 59 34 45 49 26 11  -  -  9 65 48  - 63  -  -  2 43  5 10 55 16 58  4 27 51 30  1 13 28  - 52  -  -  - 44 66  -  - 46
 25 15  9 59  7 28 58 44 60 23 12 31 20  - 62 27 40 39 24 38 16 41 68 57 42 36 22 61  -  - 64  3 18 43  1 49 63 29 10 17 35  8  - 33  - 66 65 26  - 47 30 46 51 52 13 50 69  -  5 32 34  - 54 53  - 45 11  - 48 19
 23 32 11 33  5 40 53 51  -  -  - 55  - 48 19 59 44 14  -  4 70  - 57 10 45 18  8 50 58 30  1  9 52 21 62  -  2 47 35 63  - 66 61 28 46 42 29 65  - 43 34 64  - 54 25  7 27  - 31 26 36  - 69  6 22 20 37 60 41  -
 56 36 27 50 67  4 66 55  1 34  5 33 65 23 45 46  -  - 35 54 19  3 70  8  - 42 59 64 48  9 15 20  6 62  - 43 44 17  - 39 63 16 29 47 10 37 58  - 69 41  2 26 22  - 14 57 31 25 32 38 60 53 18 52 40  7 61 21 28 11
  8 21  - 28  - 43 41  -  5  1 66  - 16 15 64 48 65 63  - 46 62 49 54  -  - 38 11 10 39  7 35 68 33 60 51 17 42 26  - 36  6 29  3 40  - 14 20 50 24 19  - 45  4 53  - 37  -  2  - 61 55 13 56 69 18 59 57 47  9 67
 37  2  - 31 57 11 62 54 56  -  - 35  - 34 65 50  9 45  - 61 20 30 29 42 25  - 17 60 68  - 13  4 38  -  3 12 32 22 24 16 58  -  -  - 41  6 52 14 21  7  -  - 46 67 51 39 23 59 53 70  8 47 43  - 44  - 27 69 33 26
 29  6 26 27 53  - 40 59  -  - 65 51 50 44 67 61 52 60 20 64 18 31 69 37  4  - 43 42 14 47 19  8  1  7  9 33 23  - 39 21 38 28 10  3 13 56 57  - 46 62 25  5 45 22 41  - 15 24 55 36  - 30 12  - 68  - 17 70 54 48
 38 56 57 22 48 50 12 19 70 62 32 68 18 20 24  - 10  -  - 69 14 11 30  4 52  - 49 63  - 25 54 44  5  - 15 61  - 65  3  7 34 41 39 37  -  8 55 33 17 45 53  2 27 66  - 16 59 35  - 47 26 36  -  1 42 13  - 23 40  6
 52 30 29 70 15 32 25 57 45 26 23 60 12  7 53  8 14 27 54 56 50  4  -  9 10  - 39 40 65  3 24  - 36 46 33 16 51 28 34  -  1 35 20  - 17 38 43 22 62 31 48 19  2 69  -  - 49 64 18 66 13 42 55 61 41 67 63 59 47  5
  3 33 52  - 27  - 67  - 28 10 20 18  5 17 40 42 23 69  -  6 61 58 51 39 60  - 47  - 35  - 16 37  - 68 41  - 26  -  2 56 48 53 55  8 19 36 59 15 29 22 38  9 49 24  1 13 46 45 12 50 43 63 34 25 65 64  -  - 66  7
  6  9 46  - 37 39 63  - 65  - 45 24  - 35 11 44  - 47 23 40 58 12 14 38 54  - 53 59  - 70  - 50 28 22 31 48 56 64  1 32 30 62  - 19  2  -  -  5 33 25  8  4 66  - 10 36 61 18 26  3 21 20  - 13 29 17 43 51 34 68
 28  -  -  - 32 64 13 37  3 40  - 57  4  - 42 15  - 23 46 48 24 16 11 66 21  - 25 26 51 63  - 41 68  -  - 10  -  2 65 49 39  -  - 12  9 44 47 62 31  6 22 17 60 45  - 67 19 33 50 53  7 18 27 36 52 35  8 29  - 69
 15  - 70  3 13 44 27 28 38 33 10  - 19 40  - 35  2  9  - 18  -  -  - 21 59 49  -  - 55 54 37 45 65 64 58 36  -  - 41 34 32  - 24 61 48  5 39  1  - 67 63 20 23 14 69 12  - 31  -  6 11 68 30 26 56  - 22 25 46 62
 44  -  - 43 34 45  7 36 59  - 26  9  - 38 70 28 21 56 33 58  2 32  - 31  3 12 69  5 63 35 18  -  - 53  6 25 40 23 15  - 60 68  - 67 22  -  - 49 19  - 13 50  - 62 61 11  - 57 16 48 24  - 39 54 66 46 52 30  - 10
  -  - 66 19 24 18 43  - 10 20 59 13 64 29 55 22 33 54  4  - 67 38 62  5  - 69 28  - 53 26 30 40 39  - 46  - 41 12  6 11 52 34 17 60 25  - 51 16 45 57 23  -  1 63 32 56 50  -  2  - 42 70 31 37 61 14 49  3 65 36
  - 20  7 25 33 19  5 27 67 68  - 63 13  - 41 57 31  4 36 53 48  - 18  - 29 45 60 44 11  - 56 10 47 65 40  - 66 55  - 42 64 23 59 17 34  1  3  - 61 28 14 30 38 37  2 69  6 12 54 39 62 26  - 50  - 58  - 49 32 21
 30 53 15  5 70 37 54 20  - 28 22 10 55  -  8 52 46 13 29 33 60 43 38  - 58 67 36  -  - 18 32 31 24 57 63 69 68 34 51 48 19  - 23  1 16  9 35 41 12  - 62 65  -  - 11 66  2  - 64 25 49 27 45 40 14  -  6 26 61 50
  - 22  - 42  - 58 17  7 33 69  -  2 35 27  - 67  -  8 62 51 66 37  -  3 43 65  9 28  - 55 47 52  - 11 64  6 15 57  4 53 44  - 12 39  - 45 32 21  - 26 36 24  - 56 38 19  - 30 46 34 48 61 25  - 50 41 59 18 13 31
 33 68 16 58 17 10 28 24 36  - 25  -  -  - 26  7 39  - 19 15 44 21  - 45 37  2 23 20 29 34  6 64 22 55  - 54 27 48 38 46 42 31  8 59  - 51  - 52  - 40 12  - 67 60  - 70  9 61  4  5 41  3 14 18 13  - 32 66 62  -
 69  -  -  -  -  -  3  - 34  9 15 48 60 26 37 47 36 41  8  - 55 56 12 19 49 66 45 51 42 50  - 54 43 58  - 23 31 63 46 13  - 21  -  -  4 59 38 68  1 24 29 27  5 35 16 53 57 28 67  - 33 22 40  7  -  2  - 32 18 14
 45  - 19 21  - 66  6  3 44 36 27 46 58 64 51  - 43  - 49 22 25 13 37 59 56 39 57  - 28 67 31  - 42 69  - 34  - 53  - 61  -  - 40  - 50 23 18 60  4 12 65  7 26 11 15  8  -  9 63  -  5  - 29  - 70  - 33 55 10 24
 36 38 53 23  4  - 14  -  6  - 41  -  - 56  -  2 17 57  - 47 46  - 27 64  8 32  - 49  - 40 48  5 12 52 22 31 50 54 26  - 45 20 60 69 15  -  - 10  3  -  - 18 28 33  - 42 62  -  - 29 51  9 63 35 59 25 65 11 55 70
 10 27 23 68 69 48  -  5  - 51 63 34 17  - 58 45  - 70  -  -  - 57 19 36  6 40 29  2 31 15 55 60 66 32 65 47 33 62 53  4  -  - 43  - 20 46  - 35  - 37 28  - 50 18  7 38  - 21 41 30 56 54 67 44 11 12  -  1  8  9
  -  - 34 48  - 31 50  - 61 41 70  7 10  - 14 53 13 65  - 28  - 54  1  -  -  - 58  9  - 51  -  -  2  - 23  - 46  - 60 44 56  -  - 16 36 21  - 39  - 27 33  6 62  - 40 17 45 43 19 12 64 49  3  - 24  - 35  - 52 32
 34  -  -  6 36  5  9 50 54 42  - 45 70 69 33 16 35  -  -  -  - 29 39 61 62  - 46 66  - 20 38 25 53 19 55 27 59  - 17 15 57 13  -  - 18 31  -  7 40 14 68  - 64 58  3  - 43 48 28  -  4 44 32 47 23 65 67  8 49  2
 27 17 28  - 51 21 31  8 43 15  - 56  - 41 50 32  7 33 26  - 54 48  - 29 24 61 70 65 47  - 39  - 19  3 57 45  - 59  - 18 12 36  -  6  1 69 37 44 55 64  -  - 53 38 66 40  - 10 34  -  -  - 68 58  5 23 25 20 67 63
 18 46  6 26 31  1 45 12  -  - 17  - 51 21  2 65  -  7 16  - 68 27  8  -  - 62 64 37 57 66  - 39  - 13 34 53 52  - 58 28  -  - 19 25  - 32 24 42  -  - 67 33 59 30 47  5 44  - 56 11 50 29 60  - 10  -  4 41 63 38
 12  -  8  - 64 13 35 46 49 70 28  - 40 63 69  -  - 50 65  2 34  - 61 51 41 52  - 58  5 59  7 47  4  1 44  - 45 16 30 14 26 37 27 48 62 24 36 25 39 29 60  - 10 19 17 31  - 20  6 57 67 23  9  3 15 42  - 53 43  -
  -  1 36  - 38 46 69  - 31 45 24 14  - 49 30 51 34  -  2 59  -  - 58  - 11  9 27 32 61  - 12 70 62 25  - 63 39  - 64 35 53 44 22 15 65 67  -  - 52 21  4 43 41 17 18 29 55  - 57 13  - 28 50 68 48  - 23  5  7  -
 58  4 42 67  - 62 57  - 52 18 53 29  3 51 44 39  - 24 27 12  - 40 15 20 17  - 65 11 37 61  5  - 63 33 47 59 70  - 68  2  - 50 48  -  - 55 10  -  -  - 46  1 32 25  -  - 35 41 21  8 19  - 38 34  - 60  - 28 45 54
  - 47 49  9  3 53  4  - 32 35 39 61 41 11  - 64 22 66  - 63 29  - 67 24 19 50  5  - 21  1  2 16 60 14 26 55 28 45 31  - 59 42  - 34  - 54 15 17  6 30 56 70 37 23 44 52 38  7 51  - 18 12  -  8 62 43  - 40  -  -
 60  -  - 63  -  -  -  -  - 29 48  -  -  8 52 12 38 15 43 67  - 44 34 49 65  -  -  1  - 68 58 26  -  6 42  2 19 33  9  - 50 54  - 51 59 35  - 32  -  5 24 61 17  -  4  -  - 14 25 37 20 21 36 66 31 53 46 13 70  -
 51 69 60  - 50  9 15 65 63  - 31  - 25 13 23  - 70 46  - 55 56 14  - 67 47 26 54 62 43  -  - 28 48  4 16  -  8 61 36 37 20  -  1 32 53  7  - 38 18  2 35  3  - 27 59 44 12 19 30 49  -  -  5 21  - 57  - 34  -  -
 20 12 17 15 11 34 21 29 51 47 62 44 26 33 25 49 27  - 37  - 41 67 43 50  - 53  - 36 18 22 59  - 35 70 45  -  - 40 19 68  -  - 69 55 39 60  1  8  2  3  - 31 13 46 30 32 24 63 58 10 57  -  - 48 54 56  -  - 64 61
 41  - 43  - 20 57 16 62 11 52 69 28  2 22 66 19  4 32 44 39 27 33 23  - 64  6 68 25  - 37 67 48 46 36 21 70 18  - 42  - 15  -  5 35 45 10 53 24  - 34 49 58  -  - 50  - 54 40  3 31 61  - 26  - 51 63 56  -  1 47
 50 45  4  2 60 22 48 26 68 66  -  -  -  - 54 25  8 43 42 41  7  -  -  6 31 47 40 56  -  -  - 30 59 51 53 14 20  - 23  3 11 61  - 24  5 33  - 64 28 52  - 35  - 36 57  - 18 55  -  - 44 39 16 70  - 19 58 67 17  -
 66 26 50 20 46 15 56  - 62  - 47  - 48  9 13 68 29 34 40  - 35  2  6 12  5 25  -  -  - 44 51 23 27  - 19 57 43 14 67 52 17 38 32  - 42 22 49 11  -  -  -  - 21  - 54 33  -  - 36  - 58  1 53 64 63 69 30 24 31  4
 46  - 59 60 35 38  -  4  2 48 61 12 11 10  1 13 45 37 64  - 57  -  - 55 18 20  - 52 54 58 42  7 23  - 67 41 53 56 62 65 14 39 47 29  -  3 17  6  9  - 51  - 36 40 34  - 26  - 49 69 63 33 24 16 19  - 15 43 21 25
 70 64 25 32 56 68  - 42  7 63 37  -  6  2 43 58 20 38  3 11  - 69 35  - 51 13 62 14 49 27  - 57 30 15 50 52 55 18 40 59  - 24 28 41 29  - 26  -  8  - 54 10 48  - 45  1 66 65 22 44 47 67 46  - 53  5 39 31  - 60
 59 28  3 10 42  - 23 56 19  - 21  - 57 68 48  - 55 40 53  - 32 64 36 65 63 24 14 34  4  5 26  - 41  2 70 18 12 37 44 29 66 15  -  - 49 17  - 46 13 33  - 52  8  1 62 60 67 69  -  7 16 25  -  - 58 61  9  -  -  -
 17  -  -  - 10 41 29 34 27  - 11  -  - 58  -  -  1 36  9 24 53 70  - 14 33 15 63 19  6  - 68 55 61 47  -  8 69 42  - 38 37  3 67 56 23  - 21  - 35 13 50 48 31 59  5 49 28  - 20 52 54 45  2 60 25  - 44  4 39 16
 62 49 14 12 16 55 70 11 42 67  - 65 21 25 60 34 59 29  - 30 36 51 17 54 57  3 20 68  9 28 63 22 58  - 48 44  5 19 47 43  7 45 50 52 24 39 64 56 41 18  - 69 61 13 26  - 40 53  -  1 10 15 33  4 32  -  2  - 23 66
  5 23  - 14 29 42 34  2  - 11 30 19  7 65  4 21 66 25 59  - 33 45  - 58 16 44 32 55 52  -  9 36 15  - 60  1  -  - 20 47 51 22  -  -  8  - 48 67 53 68 64 13 43  - 70 18  3  6 69  - 40  - 35 39 38 10 28 63  - 37
 57 67 20  - 43  2 68 41  -  -  7 21 47 31 35 29  - 16 28 32 13 17 42 53 48 33 10  - 40  - 11 65 49 63  4  - 58  9 18 60  8  - 34  5  6 30  - 23 26  -  - 38  -  - 52 22  1 46  - 45  - 14 15 59  3 54 62 36 27 51
 40 13 12 69  -  - 11 52 29 43  6  -  - 30 21 31  - 51 18 70 39 50  - 68 35  8 67 23 19 49 46  - 17 48 59 65  -  1 56 62 55  4 38  -  7  - 28 45 27  -  - 60 63 26 64 47 20 32 33 58 25 10 44  5  - 37  3 22 57 42
 63 52  - 29 40  3 46 48 66  6 55 17 67 62 22 30 28  - 61 42 11  8 33  2  9 14 51 35 27 23 49  - 54  - 37 64 10 31  7  - 24  5 21 18 60 68 44 69  - 39 43 57 56 20 19  - 36 16 59  - 65  4 70 45  1 47 50 15 25 13
 32 57 37  - 65 27 59 13 21 56  -  - 66 60 31 70 12 44 38  8  -  - 22  - 30 19 61 67 25 29 40 63  - 54 10 46 64  - 28 41  3 17  7 43 11  - 33 20 48 49  6 36  - 39 42  9 34 62  1  4 69  - 23 14 16 68  -  - 35  -
 54 10 40 47  2 59  1  - 14 49 50 62 23 66 27  9 32 35 58 29 12 39  3  - 34  - 33 48 22 64 17 42 70 28  - 51 36 46 69 31 18 65  - 57 63 25  6 55 30  - 26  - 11  - 56  - 52  5  - 20 68 37 13 38 45  - 24 19  4  8
  1 42 63  - 44 56 26  - 41  7  - 66 33 32 46 36 57 17  - 37  -  6 48 62  -  -  - 18  -  -  8 35 31 20 24  - 54 25 55 19 47 40 52  - 61 11 22 12 64 65  3 49  -  - 58  4 21 68 15 67  - 43  - 28 34 30  -  9 14 27
  -  5 24 44  - 52 30  - 26 17  3 40 46 42 12 56 49 28 47 10  8 59 50 18 36  - 15 29 32  - 43 33  - 35  - 19 25  4 66 22 62 67  6  7 37  2 14 57  - 70  9  - 55  - 20 45 13  - 65 27 53 31 48 51 69 21 34 58 38  1
 35 19 41  -  6  8 38 17 47 54 40 52  - 43 57 63 62 11 68 66  3 15 13 48 46  -  1 45 60 36 25 34 67 16 28 32  9  5  - 10 69 12 14  4 26 65 23 29 22 44 42 56 70  2 37 20 33  - 61 24 59 55 51 27 39  - 53  7 30 64
 42 29 55 54 22  6  - 70 39 59  -  5 44 19 18  - 50 52 17 31 64 53 45 32 26 28 34 43 36 38 57 61 21 41  - 60 65 10 48 51 46  1 13 62 14 15 25 58  -  8 66  - 69  9 24  -  7 27 47 63 30 40 11 67 33  -  - 56  2 23
  4  7  - 40  8 60  - 43 37 57  1 11 68 61 28 26 54 55 67  - 49 25  2 41 50 63 44 13  -  - 66 17 51 23 27  5 62 24 21 58  - 69 45 38  - 47 42  - 32 35 18 12  - 65  6 15 16 34 10  -  - 59  - 33 46  - 29 14  3 53
  9  -  - 35  - 54 44 18 69 21  8 16 38 50  -  3  - 30 39 25  4 46 65  1 15 11 56 12  - 48  - 62 26 49  - 37 22 51  5 24 29 14  -  - 55  - 31 28 63  - 32 40  - 57 68  - 41 52 45 64 27 58 66  - 47 70 19  6 60 17
  - 40 21 18  -  -  - 61 53 24 19  4 49 47 59 11  - 12  - 44  -  1  7  - 70 31 30 41 34 69 23 56 50 66  8 62 67 43 32 33  2 27  9  -  - 28  -  3  -  - 39 29  6 64 35 46 42 36 68 65 45  - 17 15  - 51 10 52 22 20
  -  -  5 17  - 20 55 47 57  2 33  6 59 46 63 10 53 26  -  -  -  - 25  -  1 64 52 69  7 42 14 38 44 40 32 68 29  - 11 70 16  - 41  -  3 43 61 37  - 66 27 54  - 31 39  - 60  4 48 23  - 56  -  9 67 22 51 35 36 58
  2 58 33 65 45 12  8 39  9 50 68 22 24  -  - 20  - 18 21  3  6 62 31 69 13 70 48 15  -  4 60 46 25 42  -  - 14 44 59 54 67 10 56 30 66 61 41 27 34 23  - 51 52  -  - 43 63 37 11 19  - 32 49 57 35 16  1  -  - 55
 26 66  - 39 41 17  -  - 64 58  4 53 29 16  -  - 25 31 69 50 23 42 28  7 40 46 35 24  -  6 10 19  3  8  - 15 13 38 33 20 21 56 11 36 32 48  - 63 43 51 45  - 18 70 12  - 37 49  - 55  1 65 52 30 27 62 60 68  5 57
 16 61  -  - 19  - 33 38 23 13 67 30 36  3 34  1 18 62 51 60  9 52 59 11 66  5 55 22 24 45 44 12 69 50  2  7  -  -  8 40  - 63 64 27  - 29 56 31 58 32 41  -  - 15 46 21  - 54  - 68 70 48 20 42 26  6 47 10 53 43
 14 65 31 53 30 67  - 68  - 25 43 15 69  - 39 41 37 21 34  5 52 35 47 27 22  1  2  -  8 46 45 24 13 26 56 38  6 58 70 50  4  7 62 23 64 63 54 61 49 20 59 44  9 12 48  - 29 66 42  - 28  - 57 32  - 33  - 16 19 18
