3920
 20 36 63 41 25 32  1 42 46 68 34  - 59 50 24  2 44 58 53  - 67  -  4 62  - 56  5 57  6  - 10 55 49 39 27  9 19 17 12 43 66 51 37 13  7 31 47 65 35  -  -  - 30 61  - 48 33  -  3 15 52 16 28  8 60 45 11  - 22 18
  6  - 23 20 39 42  -  2 61 32 25  - 15 51 54 46 62 36 34 57  5 60  - 16  3 68 10  -  -  - 66 48  - 47 26 65 41 67 13 21  -  - 38 58 11  8 24  - 56  9 43 33 49 70  -  -  - 69 44 22 17  4 45 18 37 64 31 50 27 40
  -  -  - 53 49  7  - 52 11 47 64 21 41 25 57 12  6 38 22 39 61  - 28  - 27 19 29 14 56 32  4 68 67 31 17 48 55 24 46 65 50 13 20  2 45 70 62 43 69  -  -  - 10  - 37 66  9  -  5 26 63  -  1  -  - 59  8 51 42 54
 27 30 16 60 68 43 67 28  - 14  9 69  -  - 52 48 13 19 49 37 36  6 61  4  2  - 20  5 62 70 26 59  - 18 66 41  - 31  - 55 57  -  7 54  -  - 33  -  -  -  - 50  - 12  -  8 45 23 21  - 38  - 46  -  - 17 53 47 29 58
  -  8  - 67  9 45 69 57 47 53  2 56 29 46 51  4  3  - 28 30 14 22  1 12 38 27  - 41 63 61 68  - 54 66 32 19 17 26 62 16 36 34 70 33 58 18 11 31 15 52  - 13 35  5 20 49 25  -  -  7 60 39  - 48 42 10 59 37 64  -
 42 55 28 66 65 29  2 67  -  5  -  4 52  - 11  -  - 26 18  - 34  3 36 39  9 15 68 47  -  7 53 70 24 69  6 31 60  - 49 20  - 45 62 64 43  -  - 21 44 16  - 32 46  - 13 22 58 63 10  8 27 35 38 51  - 54 61 57 12 50
 41 37 32 18 27 11  - 36 22  -  -  - 50  - 40 24  - 21 61 23 58 66 65  - 60 38 13 53 57 56 47 14 30  - 55 25 44 59 15 49  7 52  4 17 33  -  5 29 12 20 16 63  - 51 42 46 70 54 67 69  8 64 35  3  - 28 39  2 43 45
 58 62 50 25 33 67 56  9 27 35 24 51 65 37 63  -  - 49 70  - 23 18  7  - 28  - 42 46 45 38 16 41 11 44 15 14 57 21 60  - 43  8 54  4 61  - 22 52 66 59 17 68 12 40 48  - 55 47 39 19  -  5  3  - 36 26  -  - 13  1
 54 57 44 64  - 10 20 45 34  - 47 28  9 22  2  5  - 14 48 49  -  - 19  -  -  - 35 60  4  - 39 11 40 23 70 61 16 43  - 36  3  - 59  8  - 21 26  - 42  7 33 15 51 46  -  - 31 17  6 27 12 63 30 50 53 68 56 29 58 52
 22 41 62  -  -  5 40 17  -  3 65 64 25  - 20 42 14  4 69  - 51 50 31  - 26 61 38 18 33 37 58 23 43 27  1  - 47 15 30 59 63 19 53 55  -  9 57 60 39 44 28 36  6 67 34 68  - 35  - 45 10  2 56 12  - 66 70 24 11  7
  - 68 51 19 61 57  -  3  - 10 40  - 28 33 56 18  - 30  - 31 50 27 15 11  -  -  4  9 39 36 32 42  2 22  -  -  - 52 26 48 65 37 17  - 24 69 13  - 43 53 45 64 47  8  5 23  6  - 12  -  1 14 58 62 21 16 55 54 60 25
  -  - 57 46  - 41 58 56  1  2 30 62  5 60 65 36  - 67 11  -  - 48 27 21 68 47 69 63 51 52 64 22  -  -  - 33  - 19  6  -  - 49 55 23  - 29  7 53 14 24 50  3 15 54 17 39  - 31 66 61 37 12  - 35 38  4 45 18  9 20
 40 49  - 47  -  -  -  - 54  - 36 52 30 70 13 16 15 34 50 48 55 21 67 23  -  9 32 19 46 58  - 57 53 25  3  1  -  - 56  - 59  - 28 66  - 51  - 17 63 39 41 18 44  - 60  - 61 10  8  4  7  - 20 14  5 11 62 64 37 29
  - 17  3 27 63 59 60 38 40  - 29 54 32  5 46  - 52  - 31  -  - 36  -  -  -  - 11 30 61 18 37 43  -  -  9  2 15 65 24  6  - 22 44 51  - 33  4 56  -  -  - 69 64 34 58  -  8 21  - 67 70 13 26  1 45  - 14  - 16  -
  - 22 56 33 45 23 28 53 49 44 66  - 26 63  - 20  - 32 14  2  - 64  -  - 36 31 16  -  - 11  3 60  6 54 59 40 35 50  1  - 17 12 51 30 70 43  9 41 38  - 62 19 37 18  - 65 57  - 29 55  -  - 67 13 10 46  7  -  8  -
 45 16  -  8  5 30 11 66  3 28 50 39  6 19 44  - 70 10 55  - 69  2 60  - 49  -  - 51  9 24 56 31  4 64 42 63 62 54 21 32  - 29 61 34 40 48 53 15 52  - 47 46  - 58 43 67  -  - 27  1 36 17 57 37 14 18  -  - 25 33
 35 65 34 17 41 69  -  - 21 39 10  - 23  2  5  3  - 63 12 47 26 56 20 13 50  -  -  -  - 30 49  - 70  - 51 57 53 11 68 42 67  9 18 43 55  -  - 16 31 28 61  8 40  -  -  -  - 24  - 54 62 66 32  4 27 25 64 14 52 59
 28 13 48 34 43 66 49 24 68 60  - 17 33 52 19  - 20 53  -  -  -  - 18 59  6 63 27  - 54  - 55  2  8 42 67 46 64  3 50 14 26 69 21 44  - 39 58 47 57 37  4 16 38 25 12 56 51 62 15 36 23 45 31  -  - 65 40  -  1  5
 31  7  -  5 17 13 14  - 69 24  3 12  2 38 15 70 30 64 60 40  4 57  - 29 34 48 36  -  - 59 42  - 37  - 43 18 26 58 39 25 20 21 11 22  - 28  - 66 10  - 35 45 23 27 44 51 62 32 52 16 65 49 41 55  - 53 33 67 50 46
  - 27 21  -  -  - 53 43 24  - 68 14 49 66 55  8 16 61  -  -  2  7 46  - 31  -  - 36 29 63 54 65 47 41 18 45 58 10 34  - 48  -  -  5 60 59  1  - 62 25 40  -  3  - 64 17  - 33 70 13  9 26 50 23 56 51 30 32 57 67
  4 42 36 43 11 53 46 26  9 59 28 41 31 55  - 21 63  -  6 65 62  - 38 69 67  - 58 54 44 66  - 45 34 29 10 64 30 70 19 50  - 32 16 61  - 22 68  8 60 27  7 12 52 37 56  3 20  5 57 47  - 15 14  2 48  -  1  - 49 24
 49  - 35 15  8  - 63 40  -  7 56  5  - 21 37 51 12 68 47 33 18  -  -  - 61 64 44  - 28 29 24 26 25 70 52 20 42  9  -  -  - 41  -  1 66 57 16 62 30 69 48 31  -  - 59 34  3 45 54 17 50 60 10 39  2 19 22  4  -  -
 14 56 43 35 18 64 65  - 70  - 15 11 37 45 42 32  9 59 13 58 60 29  - 66  -  3 63 38 10 44 21 69  -  - 48 27 54  -  8 57 61 40  6 36 31 67 55 20 51 26 34 23 50  4  - 33  - 28  -  -  - 25  -  - 30 62 46 22  - 47
  3 38 68 63 31 12 55  -  - 27 42 61  - 36  - 13 25  - 19 10 53 24 41 44  5 35 59  1  - 64  - 17 56 60 39  8 67  4  -  - 22  7 52 29 32 40 70 14 11 51  2 21  - 69 62 28 47 20 45 65 46 30  6 49 57 23 43  -  - 48
 56 61 60  - 16 21 24 29 51 66  - 67 20  3 50 53  - 69 54  - 64 47  - 70 59 36 28 11  7 65  -  - 22 58 68 10  9 13 14  - 30  -  5  - 41 38 19 18  2 35  8  - 45 42  1 37  - 49 31 57 39 48  -  6  4 15 25 55 26 27
 52 26 59 42  - 37 23 31  -  - 14 46 35 56 53 15  - 45  1  8 44 41 55  6 47 12 22  2 38  - 34  - 62 24 50  7 25 32 70  4  -  -  -  3 67 16  -  - 27  5 58  - 39 33 65 21  -  - 63 28 69 18 36  9 11 29 49  - 61 51
 46 14 39 10 57  1 52 59 58 45  4 35  - 48  -  - 27 44 26 56 17 49  - 50 29 60 54 61 31 33  2 40 16 20 37  - 21 38  - 64 53 66 67 24  - 19 69  -  -  - 65  6  - 23 15  -  7  8 62 70 51  -  -  5 25 32 12  - 47 68
 11  3 33 59 36 62 12 60 53 37 45  - 70 10  7 27 61  - 16  - 66  -  - 52 46  -  - 20  - 31  - 30 51 50  - 17 24  - 63 69 56  - 15  -  4  2 21 44 49 40 57 34  8 68  - 64 23 55 42 43 32 38 39 47 58  5 41 25  6 26
 62 39 41 24 46 35 43 27 52 40  - 26  - 67 16 68 60  5 32  - 63 61 45 30  -  6 50  8 14  - 65 36 64  -  - 53  4 69 38  3  2 55 49 31 20 12 17 42  9 18 37 59 56 21 54 70  - 58 22  - 48 23 25 57 13  1  -  - 44 19
 24 20 10 28 70 54 45 50  - 69 61 42 39  4 43 59  2 40  9 66  - 44  - 49 11 62 31 67 34 48  - 64  - 14  - 38 33  1 18 22  - 30 32 46  - 68 23  6 19  3  -  - 63  -  - 26 60 37 65  - 57 27 51 17  7  - 13 58 21 56
 39 15  5 22  7 47  - 10 60 70 63  3 46  - 28  1 41 55 33 68 54 16  8  - 44 50 43  -  -  2  6 56  - 36 23 24  - 62 61 18  - 27 48  9 37 66 35 25 29  - 31 52  - 26 45 12 38 67 14 49 42 58 13  -  - 30 20 59 51 17
  8  - 29  - 40 18 66  -  - 67 53 68 38  7 70  - 51 43 23 45  9  -  - 26 21  - 25 12 48 69 13 27 17  6  5  - 20  - 36 47  -  -  3 10 57 14 52 63 28 46 39  -  - 49 55 42 32  2 30 62  - 24 65 22 54 60 44  1 19 34
 37  - 20 39  - 38 15 14 12 31  -  -  -  -  3  - 23  2  - 18 30  8 53 36 22 16 21 10 59  9 52 66 55  - 62  - 27 48 35 17 58 64 63  - 19 54 46 26 70 33  5  7 69  6  4 50 68  1 41 56 28 40 11 65  - 57  -  - 32  -
  - 66 26 30  -  - 17  - 35 49 44 55  -  - 59 23 42 46  - 70  - 14  2 61 63  1 40  - 32  5 38 62 21 13 64  - 31 45  - 15  - 24 19 50 51 36  - 68  -  - 12 22 41 28  - 16  -  9 69  -  3 53 60 10  - 58 52 34  - 11
  -  -  - 31 34 44 48 15 45 56 70  -  7  9 23  -  - 62 43 22 19 52  3  1 69  8 66  - 21  -  - 25  - 59  - 47 18 35  4 63 68 36  - 12 28 49 67 57 40  - 42  - 55  - 16  - 17 65 26 30 61 46  5 32 20  - 27 33 39  2
 57 11  -  - 67 55 27 23  - 52 16 37 34 49  - 28  - 33 44 36 31 13 21 51 42 54  8 65 20 53 41 47 26  4 19 12 48 64 66 46 25  3 30  7 14 10  -  1  -  2 63 17 61 43  - 62  -  -  9 29 24  6 15  -  - 39  5 68 70 60
  - 31  - 29  -  - 59  4 28 46  - 53  - 43 64 25 24  - 10  - 56 51 47  - 16 57  1  -  2  6 19 49 18 67 20 32  - 63  - 35 39 11  - 40 68 30 14 36 26 66 15 38 54 41 21 60  5 52 50 23 55  - 12  - 34 22  3 61 17 37
 53  9  - 54  -  - 61  - 19  1  6 10 62  - 67 66 34 15 58 16  -  5 49 42  - 45 51 35  - 26 70 21 20  8 40 60 29  - 23 30  4 68 64 11 56 63 38  - 55 13  - 57  - 52  - 44 48 14  2 46  - 65 37 27 39 24 47  -  7 69
 13 51 30  1 14  - 36  -  2  - 31 50 63  - 17 62 37 20  -  - 29 69 22 43 58 28 48 55 19 39 61  - 42 45  - 66 70 23  5 53 16 59 60 32 38 56 15  - 47 64 68 11 25 35  7  6 12 57  - 21 44  -  8 46 40 52 18 65  3  4
 34  -  -  3 50 70 22 19  - 29  - 25  8 65 10 54  4 51 63 55 49 67 43 57 37 11 18 52 24 68  -  - 13 33 35 23  1 42  - 41  - 53  - 69  - 45 20 28 61 15 38 48  - 66  - 40 56 16 36  5 21 31  2 26 12  -  - 44 30 64
 69  -  - 62  4 17 39 55 33 63 27 13 12 26 14 50  8 66  - 59 45 68 70  -  - 43 37 21  -  - 40 34 46 16  - 44 49 22 41 28 54  5 25 15 48  3 65 61 18  - 24 47 20  -  - 57 19  7 60 52 11 10 64 42  - 56 29 31  - 30
  1 23 38  6 37 39 32 34 64 36 57 48 21 58  4  - 56 60  3 63 25 35 62 10 12 17 41 50 53 27  - 52  7 26 22 42  5 40  - 31 70 54 47  - 18 20 44 55 68 14 11 61  2 24 67  - 65  - 33 66 45  -  9 43 16 69 15 28 46  -
 47 67  1 21  - 60 25 22 43 62 35  - 11 14  - 39 64 28  4 53 12 31 13 18 54 69  -  - 41  - 17 46  - 55  7 36  - 37 32 66 49  - 57 48 16  5  - 27 20 65 44 42 19 29  -  -  2 40 59 50 58 56 34 68 51  -  9  - 33  3
 66  - 11 14  - 40 47  6 31 54 58 30 18  -  - 41 69  -  7 24 21  4  - 68  - 46  - 44 65 42 35 20  -  5 57 43  3 16 10  8 19  2  - 28 29  -  - 50 67 17 56 27 60 45 70 15 49 64  - 59 26  - 62 25 22 48 37 38  -  9
 15 19 40 58  -  9  - 33 59 51  - 36 42 23 38 65  - 25  - 17 13 28 48 54  4 70 57 32  3 43 12 39 44 61 41 30  7 68 67 27 45  1  -  -  5 24  - 22  6  - 46 56 29 14  2 18 64 60 16  - 53  - 21  -  8  - 63 66  - 10
  9 35 47  - 60 52 37 41 67 30 13 32 19 44  6 63 28 18 51 20 68 34 58 53 15 29  - 23  -  - 57  - 50 49 33 70 69  7 65  5 31 61 45 38 42 25  3 24  - 62 66  2 11 48 40  - 36 39  1 10 64 59 27 54  - 12 21 46  4 22
 51 18 12  2 66 27 35 46 30 21 48 47  4 61 49  -  - 41  - 43  - 26 40 45  - 65 33  - 55  8 15 13 31 68 36 62 23  - 53 19 69 63 24 57 22 50 10 54  3  1 70  -  - 60  - 52 29 11 64  6  - 67 59 28 17  - 34 16 56  -
  - 45 37 49 23 16  4  -  5  - 52 27 53 30 31 26 18  - 68 25 46 17 29 60  -  - 14 39 50  - 63  7 10 11 28 69  -  8  9 12  -  -  - 21  3 44  - 51 54 56 13 67 65 59 32  1 43 61 38 64 41 22 33 40 15 47  -  - 35 36
 48 50 53  - 10 33 38  -  8  -  1 57 40 31 26 60 17  9 65  -  - 42 66  - 23  7  2  - 25 14  5 32  - 46 69 55 43 51  -  -  - 20 36  - 63 37 64  - 58 11 18 30 70  3 19 27 21 44 35  -  -  - 49 24 62 34 54  - 67  6
 38 54 49 13 12  - 70  5 62 61  - 18 69 39 35 40 50  7 64 41  8 20 23 25  - 14 34 56 42 60 67 58  9  - 45 16  - 47  - 37 29 48  - 65  - 27  -  2  -  - 51 66  - 19 11 31 44 22 68 53  - 32 55 36 33  3 24 52 63 28
  - 63  - 32 51 25  5 70 23 48 21 16 14  1  - 47  -  - 37 12 10 38 64 17 30  - 19 29 69 67  8 54  3  - 56 50 46 36 44 61 60  - 27 20 34 55  - 40 59 42  - 39 62 13 24 45  - 53 28 41 22  - 68 52  - 43  - 49  2  -
  - 48  -  4 69 24 29 16 37 13 19 34  1 20 22 30  -  -  - 62 59 58 57 65 39 33 46 45  8  -  -  - 35 63 47 28 51  -  -  - 23 60 56 67 50 53 36 64  -  6 25 44 21 11 41  -  - 27  - 40 49 61 42  - 70  -  - 43 55 31
  - 69 54 50 35 51  - 13  6 12 41  7 67 34  1 58 57  - 42  - 37  -  -  - 45  - 47  - 26 55 28 18  - 65  4 15 40 46 59  2  -  - 31 19 23 52 27 38 24 22  - 49 66 32 30 53 63  - 11 39 25  -  - 61  - 14 60  -  -  8
  - 46 42 38 15  - 51 30 66 19 55 44 48 12 27  -  -  1  -  3 16  9  - 28 53  - 67  - 35  -  - 37 63 62 31 22 13  - 33 10  - 47 23 45 69  4 56 70 41 32 54 58  - 57 52 36 34 26 49 60  - 29 24  7 65 61  -  - 59 21
 26 12 27 55 30  8  - 32  4 58 51 22 54 16 41  - 43 31 40  -  - 25 56  -  - 44  - 33 11 10 45 38 23 52 49  5 61 39  2 68 64 15  - 37 59  - 50 19 46  -  9  - 28 20 57  -  - 42  7 18 34 62 48 66 63  6 36 70 65 35
 55 52 31 12 38  -  8  -  -  -  7  2 17 57 32  - 68 54  - 61 48 62 37 41 66 40  - 16  - 28 18 63 69 19 11 59 65 29 22  - 24 10  -  -  -  - 49  - 53 30 60 20 34 39  - 13 14  - 58  - 43 70 44 56  - 35 51 21  5 23
  5 28 15 57  2 68 26 63 20 38 17 60 61  - 47  -  - 12 39  - 35  - 42  - 65 53 56 31  - 49 36 29  1 30 54  - 32 55 16  7  -  - 58 70 46 11 37 59 22  - 69 51 43 64 23 41 27 50 25  3 40 52 19 33 24 44 48  8  - 14
  -  5  - 51 48 46 34  - 18  8 54 59 64  6  - 45  -  - 24 50 11 63  - 22 55 41 49 40 15 16 33 28 58 57 44  - 12 53  3 39 42 25  2 68  9  - 30  - 37 70  - 60 27 31 35  4 10 56 61 38 66 19  7 20 52  - 32  -  -  -
 23 25 64 36  3 49  9 11  -  - 39 33 27 54  - 31  -  - 59 35 28 15 32  2 57  - 60 68 40 50 48 16 66 51 24  6  - 30 20  - 14 44 69 62 17 41  -  5  1  8 19 70 26 22 61  7  4 18 46  - 56 34 43 29 47 63 38 53 10  -
 10 34 55 26 64  - 44 62 38 42 20  - 16 69  8 37 22 13 45 60 40  - 50  -  - 32 30 25 58  -  -  6 59 48 46 51 36  - 27 24 11 56  - 39 47 15  - 49  - 61  -  -  -  7  -  2 66 41  4 14 29 33 52 21 35 67  - 23 31 57
  -  -  9  7 19  2 57 21 25  - 38 31  - 35 66  6  - 37  - 11  - 39 69 33  -  - 64  -  - 62 46 53  - 10 60 54  - 34 45 70  - 18 43 56  8 58 61 30 36  4  -  - 13 63 51  - 50 12 20 44 68  1 29 59 28 27 23  - 40 41
 30 24 19 16 56 61 42 69 13  -  -  6 10 29 48 57 59 65 67 15 32 37  - 14 17 25  3 64 70 46  -  - 60 21 58 68 52 49  - 62 28 43 66 27 39  - 18 35  8 31  1  9  5 38 50 47 40  -  -  2 33 36 22 53 44 55 26 45 41 12
 63 58 70 68  - 20 30 12 55  -  5 24 56 47 62 14 67  - 15 34  3 65 39  7 25 51 23 66 16 54 50  4 33 53 21 29  6 57 64  - 44  -  8 41  2 26 40 46  - 49  -  - 22 17 69 10 11 36  -  9 13 37 61 19  1 42 28 35 48 38
  - 70 61 23 22 15 18 54  - 65 69 66  3 17  - 49 36 24 52 42  -  - 26 37 41  -  - 59 67 35 44 33 57  - 12 34 28  - 31 11 55  - 29  -  -  - 51  4  - 68 27 53 58  1  - 25 39 30  - 32 19 20 40 60  9 50 16 62  - 63
 67 21 24 52  1 56  - 35 44 11 18 49 60 64 68 61 39  - 46  9 41  - 54 63  8 34 53 26 12 45 69  - 27  - 14  4  2  - 47 51 38 16 22 42  6  - 48  - 65  - 32 62  7 55 28 58 37 59  - 31  5 57  - 15 50 33 17 10 20 70
 29 64  2 70  -  3 31 37 39 43 59 65 68 11 61 17 48 35 57 27  -  1 51  8 13 52 62 49 60 40 22 67 14 32 25  - 50 44 69 45 18 23  -  - 26 34 12  7 33 55 10  5 24  -  9 30 41  -  - 63 15 47 54  - 46 38  4  - 28  -
 12 40  7 65 54 58 64 51 32 17 46  - 36 18 39 52 47 22 66 28  - 55  5  - 33  2 70 34  1  4  -  - 19 35 13 11 68 60 42  9  8  6  - 53 30 61 41  3 48 50 49 37 14 62 27  - 24 29 23 25 67 21 69 63 26 20  - 15 45 16
 25 59 66  - 58 34  6  8 29 15 67 19 22 42 18 38 49 17 20 14  - 53 44 46  -  4  - 43  -  -  7 35 61  -  - 52 39 12  - 33 37 28  - 63 27 62 60 10 23 45 26  - 32  -  -  9  - 51 56 48 54 41 16 30 64 21 69  - 36 55
  - 60 13  - 62 28 54  - 57 25 22  8 43 32  - 19 40  -  - 69 27  - 59  3  - 30  - 42 52 23 51 50 41 12 61 49 63  6 17 58  -  -  - 14 44 35 39 45 64 38 55 26 53 16 33  5 67 48  - 24 47  -  4 31 18  2 10 56 66  -
 17  1 52 61 53 63  - 44  - 57 12 20 45 28 60  -  -  8 41  7 24 70 10 35  -  - 39  3 66 22 11  - 48  2 30 37  - 27 55 34 15 14 40 26 54 42 43 58 32 21  -  4 16  - 25  - 69 46  - 33 18 50 47 67 68  -  -  - 23  -
