3920
 56 58 42  - 36 62 44  1 12 16 64 49  - 31  8 54 38  - 40  7 13  -  4 30 19  - 23 28 69 67 63 52 29 50 43 11 59 46 53  5 60 66 14  - 68  2 26 70 27 45 51  3  - 61 35 55 20 18 48 25  6 57 32 65  - 37 34 17 41 33
 27 48 58 37 18  6  -  -  5 34  - 10  -  2 28 45 59 30 36 23  8 57 29 11  9 24 17 20 62  - 35 21 39 13 63 31 64 50 49 51 55  -  - 67 26 47 25 61 42  - 15 54 14  - 44  7  -  - 70  1 69 12 52 53 38 56  - 43 22  -
 13 44 28  - 53 26 63 67 46  - 21 29 62  9 17 70  - 10 12 40 22 66  -  7 25 64 55 60  - 20 39  8 58 49 68 42 18 36 54 19 52 43 59 16  - 35  6 65  3 48 57 33  - 50 51 15 41  - 45 14 32  - 38 61 24  -  5  2 56 31
  -  - 16 28 22  - 57 26 69 68 62 48 25 32  -  4 20 49 11 55 40  - 50  - 66  -  3 34 64  - 30 23 61 53  - 35 27  5 45 37 47 21  -  7 43 14 70  -  - 63 18 12 38 19  6  - 10 44 67 24 15 46 60  -  9 65 54 52 58 56
  9  8  4 38  - 51 18 54  7 40 17  6  -  1 19 59 63 53 35  - 47  - 33 60 16 43 26  - 44 49 24  - 65 66 31  - 42  2 25 57 36 22  -  - 62 34 29  3  - 39  -  - 23  - 37  - 30 67 14  - 55 32  - 45  - 27 28 48 46  -
  -  4 11  - 12  - 42  - 16 41  2 19  - 29  7  - 25 60 23 30 70  - 32  - 43 52 57 47 55  - 64  1 38 22 51 27  9 31 68 63 50  - 35 54 39 10 46 44 14 18  6 15 24 56  - 67  - 17 65 61  - 36 49 28  -  - 45 59 48 34
 36 20  1 56 62 59  -  5 50 55 58 60 37 27  - 67 48  - 61  9 11 26 43 68 65 33 51  6 46  -  - 42  - 19 44 54 45 52  8 15 16 10 21  - 41 28 24 25 23 30 39  - 32 49 14  -  -  2 12 64  -  4 57 40 18 22  3 69 31 38
 50  - 57 52  - 55  -  - 20 28 13 16  4 24  - 26 60  -  8 22  2 48  - 12 63 65 49  - 21 64 17 46 31  - 70  7  - 15 38 42  - 34 29  6 54 68 40 35 67 14 36  -  -  -  - 47 23  - 59 33 18  - 11 43 39  - 30 25 69 45
 66 29 12 58 63 19  - 20 68 31  7 67 17 64 39 40 43 13  - 32  -  - 56 16 37 18 28  - 36 60 22 41  1 33 62 14  - 55 69 44 65 50 27 59 34 49 45  - 21 23 35 70  9 54 57 24 52 25  2  - 10 30  - 47  - 42  4 38  5  6
 22 38 52 32  -  4 50 24 57 51  3  - 55  8  9 36 44  7 66 14 26 69 70  2 15 39  - 30 40 56  - 47 62  - 65  - 11  - 12 43 63 64  -  -  - 13 37 60 35  - 58  - 67 28 20 42  6 34 46 53 19 29 10 48  - 68  - 21 33 41
 68 24 20  -  - 34 29 38  -  1  9 39 43 65  - 10 35 27  4  -  - 64  -  - 52 45 21 69 22 26 32  - 23 60 66 12  -  -  - 11  7  -  - 37 44  -  3  2 53 40 54 18  6  - 47 19 28 57 13  - 48  - 16 70 36 30 41 51  8  -
 35 53 51 29 61  - 21 23 39  3 12 65 16  - 45  2 17 52 68 57  - 15 62 41 46 36 38 22 66 30 59 34  8 47 50 67 13 32  - 40 24 56  -  5  - 19  9  1  - 27  - 25  7 20  - 18 31 33 64 58 26  - 54 44 10 55 48 49 37 43
 64 40 39  - 49 21  - 37 63 69 41 44 65 58 50 25  -  5 22  3 23 31 57 26 34  -  - 15  1  8 47  - 59  9 55  4 54  - 67  - 42  7 13 27  2 66 11  6 36 51 38 53 62 35 60  - 61 48 33 19  - 18 17 10 56  -  - 45  - 46
  - 41 26  - 24  2 58 46 15  7 56  1 19  -  6 32  -  - 31 12 51 11  9  - 48  - 36  - 52 10  - 29 35  -  - 64 21 13 62  - 70  - 43 28 17  - 22 40  - 34 42  - 49 68  - 38 60  4  - 65 30 37 50 20 33 25 69 67  - 66
 29  5 10 17 43 53 59 16 45 11  -  8 67 28  1 20 57  - 48 47  - 58  -  6 26 14 35 56  - 66  - 32  - 52  3  - 23 51  - 46 18  9 19 69 65  - 38 62 40 64 33  - 30 55 12 27  2 22 25 54 60 21  4 39 68 31 63 41 42 61
  - 23 46 11 21 56  - 22  -  9 63 25 57 37  2 27 39 20 45 52  - 70 15 10 18 48 65  -  - 50 13  - 24  - 35 59 69 42 58  - 26  1 68 38  3  - 19 49 66 61 17 28  8  5 64 12 62  -  -  -  -  7  - 34 67  -  6 33 14  -
 63 52  2 61 16 29 15 50 37 59 42  7 53 46 54 57  - 48 44 49 68  - 66 45 14 12 27 33 67 22 21 51 34 39  5 40 70 35 13 64 58 20 23 41  -  9 65 17 10 55  - 19 31 62 38 11  8 32  - 30  -  - 36 56 43  6 26  - 18 60
 21  - 25 66 69  - 52 63  8 14 31 58 64  - 48  - 10 12 26 46 49  4 60  - 29 28 54  -  -  5  - 22 40 27 53 19 32  3  6 23 33 42 61 68 51 30 15 13 20 38 24 57  - 59 65 16 11 50 18 37  - 35 39  -  -  - 56  9 55 70
  - 49 31  1 13 52 20 55 66  -  - 38 51  - 26 43 28 45 46  - 67  -  -  4  - 60 30 63 39  - 53  7 68 64 59 44  - 16 33 29 11 57 17  -  - 65 69 34 58  5 48  -  -  6  2  8  9  - 24 56  - 25 21  -  - 41 70 18 10 54
 18 34  -  -  - 38 32 15 25 12 27  - 63 60 24  -  7 55 42 54 59 49 65 29  2  5  - 41 53  1 52  - 46 17 21  3 51 67 31 28 13 61 22 40 66 20 33 50 37 57 68 10 58 70 56  -  -  9 44  -  -  -  - 36 26 43 62 14  -  -
 28  - 70 23 42 35 37 61 60 26  - 20 48  5 14 63 33 64 13 67 58 30 31 39 68 56 10 21 12 27  -  - 17 38  - 55 53 47  7 65  - 36  8 11 40  3 66 18  - 43 59 22  - 16 41 32 54  -  -  - 57 34 24  9  2 46 25  1 62 44
 60 66  -  -  - 39 56 69  -  - 59 46 42 61  - 55 53  8 65 20 41 33 52 43 30 38  - 19  6  - 28 49 27 62 12  - 47 11 23 45 68 32  - 51 14  - 34 63 48  7  - 67 18  -  5  -  - 35 31 15  2 16 25 26 70  - 58 64  - 36
 23  - 21 19  - 42 12  9 70  - 24 66 54 55 15 65 41 37 56  8 39  -  6 38 64 27  2 57  - 48 11  -  - 51  - 30 22 43 18 17  - 16  - 31 32  1 68  4  - 20  - 34  3 67 50 14 53 69 61 28 46 40 58 62  - 26 60 63  - 49
 52 17  7 53 64 63 62 30  -  4 68 15 59  -  - 58  2  - 55 21 43 34  3 27 40 10  6 50 32 38 54 35 14 67 29 69 20 33 39  - 23 31 57 36 61  - 42 37 65  8 56 24 44 51 28 66 25  - 49 12 45 47 70 11 16 19 46 60  9  -
 31 26 24 46  - 30  7 21  - 32 44 50 35 40 12  - 13  - 59 61 29 18  1  -  6 68 48  - 45 57  3 62 33  5 58 52  4  - 16 60 67 17  9  - 55  -  - 20  2  - 23 64 39 37 63  - 42 41 28  8 22 11 69 49 54 38  - 56 70  -
  4  9 47 12 40  - 67 13 43 46  5 53 56 10 57  - 55  - 16 11  - 68 38 48 45 58 44 36  - 34  8  -  - 35 28  - 65  6 50 62  - 23 41 52 30 61 49 26 17  - 27 31 51 24 32 54  - 37  7 63 59  - 66 60 19 18 20  - 15 39
 25 43  9 16 54  -  - 36 17 42 33 35 28 59 61 66  6 44  -  - 52 22 64 34  - 41 40 29 63 39 57 12 18 45 48 62  -  -  -  2  5  3 55  4 37  - 10 69 32 11 65  - 21 47 67 31 49  1 19 70  7 68 27 46 51 50  -  - 13 24
  1  - 29  - 34  5  - 35 24 36 48 54 27 16 46  -  9 38 37 17 32  -  - 55 21 30  - 59  2 51  -  - 63 14 60 23 10  - 44 31  4  - 26  - 56  - 43 39  - 62 25 66 69 45  3 49  - 12 50 67 33  - 47 68  -  7 53  6 61 22
  5 14 68  - 65 28  - 29  - 56 45 59 33 48 11 22 34 40 53 19 42 21  8  - 70 57 47 12 35 24 38 44  -  -  9 20  1  7 66  - 51 46 36 26 67 32 13 54 18 58 37 43 63 41  -  - 69  -  6  - 49 31  - 50 25  - 27  - 60 17
 11  - 66 13 60 31 49  7  - 64 69  3 23 38 59  9 58 54 10 43 19 28 68 56 33 40  - 42 37 70  -  2 16 18 17 51 25 26 46 53 14 30 47 62 15  -  -  - 45 24  1 61 41 32 48 21 36  - 34 39 20 44  - 63  4 67 52  - 12 50
 17  7 41 48 32  - 30  -  - 24 22 43 49 52 16  -  8  - 34 50 27 45 25  - 12 35 33 70  4  2 51  9 67 58 13 66 60  - 64 18 54 38  - 63 21 44 62 14 56 36  -  -  5 57 15 26 59 53 10  - 40 55  1 19 65 20  - 42 39 29
 19 54 15  - 52  3  6 39 36 33 46  2 41 20 62 31  - 63  - 16 34 38  -  - 50 61  - 48 13 55 29 40 49 11 18 22  - 45 28 68 66  4 12 53  - 42  8  - 51 32 64  5 35 65 21 23 57 58 17 44 25 70 67 14 60  9 43  7  -  -
  - 68  - 42  - 70 27 49  4 54 30 55 66 33 67 23 19 46 57 24 63  7 18 69  3 13 58 65  5 37 50 56  6 10 15 39 48  - 29 34 43 47 25 35 64 51 17 31  -  - 12  - 60 36 26 40  1 52 41  - 61 62 28  8 32 53 22 44 11 14
 33  - 22 67 50  7 19  - 29 21 61 51  5 34  3 18 49 69 52  -  4  - 47 28 54 42 13  - 15 46 10 26 25 48 39  - 31  -  -  8 37 63  - 45 53 40 20 30  -  6 16 38 55 64 24 56 44 65  1  - 66 59 12  - 35 23 17 32 36 11
 69 16  - 22  4 68 65  -  - 23 26 28 39 18 40 12 54 17 43 70  5 35 61 44 38  3  9  8 30 59 20 63 66 32 42 50 24 49 57 36 25 15 11 29 48  - 55 64  1 47 53 46  2  -  - 51  -  - 62 27 52 10 41 37  - 21 19 31 67 58
  7 31  - 70 28 67 69  -  9  8 39 57 45 42 47  6 66 23  - 15 20 27 40 63 11 51 41 25 68 65 16 24  - 43  - 36  - 59 10 35  - 52  5 55 29  - 53 38  - 13  - 17  - 44 58 62 21 56 60 32  4 22 37 30 49  2  - 54  - 64
 20  - 33 24 58 44 54 27 26  - 47  - 40 17 36 15 51 16 18  - 46 32  - 70 67 62 37  5  - 45  - 59 19 68  7 63  - 30 34 13  -  - 64  -  - 69 39 66 61 41 49  - 43  - 55 60  4 23 53 57 56  - 48 31  - 11  2 10 29  -
 30 59 40 47 29 17  - 42 22 10 55 70  6 26 43 51  4 19 63 45 21 60 20  - 36  8 61  - 27  - 48  3  - 31 25 46 38 66 37 56 69 65 49 33 50  -  2 57  -  -  - 58  - 39 68 13 67 24 52  5 16  -  -  1 12 32 11 35 64 23
 12 15 53 68 67  - 66 33  - 58  - 36 61  - 23  -  - 39 64 42 18  1 17 31  5 11 25  4 48 44 46 50  - 59  -  -  -  8 63 55 32 60  6 13  -  - 52 41  -  - 14  9 28 29  -  3 34 54 20  - 27 38  - 51 37 16  - 70  - 69
 70  - 35 51 31 10  5 66  -  - 38 32 21 12 68 60  3 67 49 62 56  - 27 18 22 19  - 61 17 11  2 53  -  - 47 58 44  -  1 33 39 37 34  - 36 54  7  - 29 15  - 40 26 63 25  - 16 45 42 20 14 13 59 24 55 69 23 50 65  9
 46 55  - 14  1  9 25 48 51 63 57 11 12 43 49 28 26 68  6 53  - 52 13 21 27 31  - 64 41  7  -  4 44 40 45 56 19 37 47 54 10 29 62 58  - 67 16  - 39 70 60 32 22  - 34 65 35 61 66 36 50 33  2  3 59  8 24  - 20 15
 61  - 63  9  - 49  -  - 52 19 18 41 14 66 10  5 64  1  - 59 31 56 16 24 60  - 15 54 20  6 62 27  3  2 38  - 55 34 11 12 48 33 44 47 35  - 50 58 13 37 32 36 70 22 43 25  - 30 21  4 51 45 65 23  - 40 39  - 28  -
 55  -  -  - 45 43  - 52 32  5 34 17  2  - 35 39 27  - 29 36 37  -  7  - 47  1 16 68 57 19 44 66  - 12 26 61  6 69  -  - 40 28  - 15  - 62 54  - 38 21  - 23 65 33  - 64 46  - 30  - 67 58 14 25 11  - 13 20  4 53
 24 18  - 10 30 61 45  8 44 20  6  9 47  - 42  3 40 29 62 27 14 53 19 64  - 26 50 49 38 35 70  - 54  - 67 15  - 22  4  - 17  - 60  2 16 56 32 43  -  -  5 48  -  - 52 36 33 28 51  - 37 39 13 69 31 57  1 46 23  -
 38  -  -  8 20 40 33 25 55 67 66 34 13 39  -  7 46 59  2 48 12 17 21  - 10  -  5 35 43 58 41 30 26  - 11 28  - 70 65 32 27 44 18 22 57 64 56 19  - 53  -  - 50  1  9 63 14 68  - 49 23 15  - 52  - 36 42 37 24  -
 45 25  3 62 19 15 35 51  2 48 28 37 31 63 13 11 36  -  9 65 24 44 54 47 42 23 32  7 34  4  - 38  - 57 20 18 66 12  - 49  6 69 56  -  -  - 41 10 43 67  8  - 33 27 61  - 39 70 40 17  1 60 53  - 30 64 21 16  - 68
 16  -  - 27  - 12  1 57 40  - 43 56  - 54  -  -  - 51 47 31 10  - 30 35 44 53 59  - 26 14 60 17  4 55 46  6  7  - 42 39  8 48 58  3 33 18 67 45 69 29 13 49 15  2 23  -  - 62  - 66 38 52 63  5 41  - 61 34  - 21
  - 67  -  6  - 36 64 31  - 57 32 12  -  - 38 49 70 11 14 66 30  -  - 25 51  - 46  -  - 68 33 60  9 26  - 53 52 18 19  4  - 40  -  -  - 43 28 21 16  - 45 63 54  -  7  -  - 13  -  2  - 61 56 41  - 39 47 27  - 62
 15 12 32 18 35 22 28  2 54 53  1 13 34  - 65 61 14  3 50 68  - 20 36 52 39  -  - 11  - 40  - 70 55 41  4  -  - 27 48 26 45 24 30  -  8  -  - 46 63 33  -  -  - 23 62 10 29 59 69 21 47 43  6 64 17 51  -  - 49 37
 53 36 38 60 57 13 70 59 61 62 52 42 68 45  - 17 18 56  -  2 64 14 51 65  - 49 69 66 31  -  6  - 50 29 54  - 43  -  3 22 41 35 40 25 46  - 23 33  -  9  4 27 12  - 10 48 47  -  -  7  - 24  -  - 28 63 55 26 21 19
  -  -  -  7  2 16  -  - 30 27  8  - 58  -  -  - 62 15 60 26 54 29  -  - 17  - 34 52  - 42 56 25 12 24 23 45 67 10 20 21 57 19  - 61  - 36 44 48  4 28  9 14 66 31 18 70  5 51 39 11 68  3  -  - 64  1 59 55 63 32
 39 30  - 41 17 18  9  - 65 45  - 23 15 11 70 38 29 61  5  1 55 16 63  - 24 37 66  -  3 33  - 19 20  7 64  - 36 48  - 47 12  - 28  - 69 57 27  -  6 56 43 42  - 58 53 68  - 10 26 46 34 54 31 21  - 52 35 62 50  -
 40 27 49 64 48 50 13  - 35 38 51  - 36  - 44 29 31 42 67 69  1 39 34 58 59  - 53 24 23  - 61 15 60 21 41  - 12  -  -  - 62 55 32  - 45  - 14 47 46  -  - 26  -  3 66  2 37  7  8  -  - 20 19 33  6 70 18 30 68  5
 41 47 60 45  6 46 68 70 28 29 35 31  7 44 33  - 24 50 39  - 66  - 26 54 13 20  1  2 58 18 67  - 22 69 61 32 14  - 36  - 56 49 51 64  - 53 30 59 62 12 34 37 16 15 17 52 19  5  -  - 43 23  9 55 40 48  8  3 57  4
 62 21 34 33 27 25 43 32 18  - 54 47  - 14  - 46  - 66 30  - 50 67  -  3 53 63  4 39 61  -  9 10  - 37 69 65 56 23  - 41 22  8 31  -  - 17 64 24 19 42 26 20  - 60 40 28  - 38 57 45 29 48 68  6  1 59 51  - 16  7
 65 10 43 44  - 48 51 64 38 18 36 30 60 15  -  - 42 24 69  6  - 46  - 66 28 25 14  - 19 17 26  - 52 61 56  - 29 40 32 67 59 54  4 34 31  - 21  5  -  1 70 50  -  9 22 57 12  - 37 35  3 49  -  -  - 33 16 47  2 27
  - 11 62 55  - 64  3 45 19  -  - 68 29 47 32  - 12 65 25  - 35 23  -  - 31 34 18 53  - 61 58 57 28 70  - 60 16  - 51  - 30 39 67  8  6 38  1 15 59 50 41  7 37 10  4  9 63 14 56  - 17  2  - 54 46  5 49 13 40  -
 26 35 48 50 11 37  -  - 49  6 16 14  3 51  - 64 68  - 28  - 57 55 46 13  4 32  -  9 70  - 25 39 53  1 24 47 34 60  2  - 19 12  7  - 52 15  -  -  5 65 66 62 42 69 29  - 45 27 43 23  8 63 61 17 44 54 10 40 59 18
  -  -  5 34  - 27 24 43 47  - 25  -  -  6 29 48 32 28 21  4 16 65 67 53 62  9  - 23 56 54  - 55 45  -  -  1  - 41 26 66 44 51 70 42 22  - 59 36 60 69 11 68  - 52 46 17 18 40  - 38 13 14 64 57 50  - 37 19  -  -
  - 32  - 54  -  1 55 47 59  - 11 52 50 30 20 44 21  4  - 34  - 40 45  - 58 66 70 62  -  -  - 68 51 65 16  - 28  -  5  6 53 67 10 24 63 23 35 27 15 31 46  2  - 42 19 69  3  - 22 13 36 56  -  -  - 17  9 12 38 48
  6  3  - 35 37 45 60  - 67 39  - 40  8 25 52 19  - 58 70  5  9 42  - 62 20  - 43  1 54 23  7 13 32 28  -  - 61  4 55 10  2 26 16 21 38 46 18 11 64 44  - 30  - 66 33  - 24 15 36 41 31 53 29 22 14 12 57 65 51 47
  8  1  - 15 70 47  2  -  6 65  -  4 30 57 64  - 50 26 32 33 38  3 24  9  - 69 31 18 28 43 45 36  - 34 40 48 39 62 56 58  - 13 42 20  - 25 12 52 22 49 21 51  - 14 54 35 55 19 23 29  5  -  - 27  - 66  7 68 53 59
 57  - 27 31 56 54 14 58 11 17 29  - 38  - 21 24  -  -  7 39 65 63 49 15  1  6 12 37 33 25  - 48  - 23 32  8  - 19 43  3 35  - 20 60 13 41 51 28 55 46  2 44 40 26 59 53 66  -  9  - 70  - 34  - 69  4  -  - 52 10
 54 65 59 21 39 11 38  4 56 60  - 24 18  - 37 34 22 62  - 28 61  - 41 33 49  7  -  - 50  -  - 43 70 42 10  5 68 44 27  9 31 25  - 57 12 48  - 16  8  - 20 55 29 13 69  - 32 66 63 51  - 26 30  - 45 14  - 23  6 35
 67 46  - 26 66  - 48 12 21 47  - 62  1  - 25 68 37  2 33 41  - 19  - 32 56 54 63 38 60 53 31  -  -  - 57  9 50 65  - 14 15 45  3  -  7 59  - 29 30 16 52  6 20 18 11 22 43  - 55 34 58 51  8 35 27 44 40  - 17 42
 47 60 23 40 44 66 26  - 33 61 10  -  9 70 30  - 11 31 15 51 48 41  -  1  - 55 68 16 25 63 42 37 36  - 52 13  - 24 17 69 34  - 45 46 49 39 57 12 28 19 67 56 59 43 27  6  - 21  3 22 53 65  7  4  - 35 50 58 54  8
 49  -  - 25 68 32 23  - 48 52 65 26 22  - 56 30 67 21 51 29  - 54  -  5 35  - 60 40  - 36 15 33 43  - 37 10  - 63 70  - 64 27 38 14  -  -  -  7 12  -  -  1  -  - 13 39  - 31  4 47  9 28  - 16 34 45  - 24  - 55
 48  - 14  - 47 65 34 17 23 13 67  5 44 50 55  - 45 25 54  - 62  -  - 57 69 21 64  3  9 41 27  -  7 16  6 37 15  - 59  1 46 68  - 19 28  - 63 32 49 60 31 35 52  4 30 33 26 39  - 18 42  8 40 66  - 61  - 22  - 51
 10  - 54  3  -  - 31 40  -  2 14 22 46 41 66 42 61  -  -  -  6 62  - 37 57  -  7 67 51 47  1 45 30  4  - 17 33  - 21  -  -  - 65 39 25 63 48 68  - 26 55 69 64  - 36  5 27 16 32 60 35  - 15 12 23  - 29 53  - 20
 44 57 55  - 15  -  -  - 64 30 23  - 70 68  -  8  5  9 20  - 45  - 28 22  7 47  - 46 16 52  -  -  -  3  - 24  - 29  -  - 21  2 66 17  - 26 60 53 54  - 19  4 56 34 42 37 50  6 38 40  - 27  -  - 48 58 32 36  -  -
