3920
 54 70 26 69 56  2 28 45 66 31 49  -  - 55 36 39 64 17 65  6 18 37  3 47 22 57 27 58  - 51 11 34  1 50 63 46 29  - 20 52 43 41 68  -  -  - 62  7 15 32 23  9 30 60  -  5 25 13 14  8 10 19 35  - 61 42 12 24 38 67
 38 48 58 31 60 19 29  4 24  - 51  - 40 30  - 53 21 63  9  - 27 13 18 28 25 22  -  3 32 44 12 65 45 52  -  - 54  7 41  -  - 50 49  -  - 66  2 62  - 39 56 55 10 15 64 70  6 35  5 14 46 20 69 16 23  8 36 43 33 59
 34 11 60 27  - 40 46  - 43 18  5  -  - 16 42 65  6 47 29 20 63  - 70 13 44 64 36 56 26 33 15 25 49 39 10  - 45  3 66 14  - 23 51 37  -  - 17 67  2  -  - 57 28  8 30  9 21 38 62 55 59 12 54 41 69 24 48 61  - 58
 40 18 24 47 29 50  6 63 17 59 42 16 43  9 62  2 45 28 44 31  -  - 19 56 52 49 25 13 53  - 14 67 37 66 46 39  -  - 60 69  - 10 22 65 36 34 32 64 21 48  7  4 54 70  1 61 12  -  -  5  3 15 38  -  - 33 11 20 23 35
 55 47 54 18 25 67 48 23  - 39 36 44  2  - 27 66 49  - 46  3 64  -  9 58 19 65 50 37 21 40  5 51 41 22  - 70 63 52 11 29 33 30 13 32  - 12  6 20  8 62 14  - 24 34 15 17 26  7  - 60  - 68 28 53  -  - 59 38 42 16
 26 49 70 37 69 51  - 30 29  -  8 36  - 28  - 25 33 22 57 44 40 24 38 48 68  - 43 27 39 52 20 59 61 55 45 13 67 12  - 32 18 62  - 42  1 54  3 35  -  - 34 60 53  - 58  6 50 65 66 11 31  2  - 47  - 41 10 16 14 21
 57 19  - 54 62 41 34  -  9  4 14  - 30 50 23 15 52 16  - 24  - 22  6 21 63 18 66  -  7 20 33 35  5  - 29 31 65 13  - 49 53  - 38 51  - 68 39 36 10  8  - 28  - 64 55 25 59 61 17 40 11  -  -  - 46  -  -  -  3  -
  2 67  - 28 26 46 65 13 48  9 11  - 22 31 32 42 19 54  3 34 49 33  8  - 66 61  - 40 55 57 69  7 58 53 21  - 12 64 16 60  - 17 30  4 68 39 41 70 35 44 27 38 51 24  6 59 52 56 45 36 29 25 50 43 14 10  5 37 15 18
 21 44  -  3 67 56 53 49  - 29 28 65 32  6 41  -  2 12 47 54 10  1  4 36 43 15 14 62 17 55 18  5 69 27  - 11 61  -  8 51 59 58 31  7  - 37  - 24 64  - 48 45 42 16 63  - 30 20 70 39 26  -  9 40 68 38  - 57 22 13
 56  - 23  - 41  - 31 12 28  - 27 42 26 32 59 52 10 46 67 70 62  - 15 40 69  - 19 24  1  2 64 57 39 47 61 45  5 44 53  -  -  - 43  - 29  6  8 34  -  - 25 58 48  3 65 22 49 11  - 38 36  9 16 30 17  - 50 35 51  7
 27 39 44  - 34  8 58 59 65 66 46  - 11 63 25  - 18 35 43  -  -  -  -  2  - 56  3  - 52  1 10 38 29  6 19  - 51 45 48 22 31 64 67  -  - 69 61 26 55 37  - 24  9 20 70  -  - 60  - 32 49 57 42 21 54 40  -  - 12 23
 43 37 17 19 16  - 41 34 23 14 61 33 51  - 30 49  - 25 32 11 35 52  -  - 48 10  9  -  3 70 67 50  -  -  - 21 28 68 24 18 64 69  - 58  7  - 63 13 38  - 42 12  - 62 36 20 55 31  1 44 56 65 46 66 57 29 60  -  -  4
 52 51 47 42 46 61 10  - 27 35 65 57  3  2  - 38 13 37 55 49 54 63 33  - 31 26  4 20 28 18  - 66 48  9  -  - 36 59 23 70  - 68 60  - 50  - 43  - 41 22 15 62 40 12  5 16 34  -  7 25 45 64  -  - 19  - 56  -  - 30
 20 60  - 62 13 42 68 24 32 49 21 37 65 22  - 31  9 27 19 26 66 25 28 55  7  - 16 63  - 12  1 45 33 17 41 23  -  2  - 43 52 14  8 35 10 36 38 40 67  6 44  5 39 48  4 51 57 64 56 50  -  3  - 29 70 47 15  - 61 54
 61  - 57 15  - 65  -  8 34  - 16 35 36 37  -  - 31 39 52 46 14  7  - 26  2 29  - 12 30  - 17 42  - 33 44 63 21 43  5  9 69 60  - 41  - 49 48 25  -  -  -  1 70  4  - 23  3 67 20 13  6 47 11 38  - 56 22 18 55 50
 59  -  - 14 32 25 18 62  1  -  - 38 63  - 22 33 56  -  - 30 42  -  - 67  9 70 41 19 44 36 28 48 34 54  - 17 66 58 27  - 68  - 47 43  - 11  - 49 12 16  - 65 23  7 35  3  4 46 21  -  - 61 39 20 10 13 64  -  2  -
 29 32 33 58 40 38  - 21 68 24 20 62 25 45  - 34 36 43 59 57 65  5 61 30  4 66  7 67 70 22 52  - 15 12 51  -  - 46 14 28 17  1 69  - 11 23 35  - 37 55 16 50  -  -  - 64 10  - 54 63  - 13  - 56 31  3 47 27 53 49
  6  7 64 63  - 60  -  - 40  - 31 15 42 29 47 36 11 67 56  - 22 41  -  -  - 12  - 54 19  - 21 24 18 13 20 34 27  1 50 61 28 35 46 53  - 25 52 17  - 33  4 69  -  - 38 44 62  -  - 59 37 14 48  3 39 23 57 45 58  5
 17  - 69 52  6 31  7 10 67 48 19  - 41 57 38 16 24  -  4  - 32 65  2 60 56 20 40 66 14 39 50 64 47 23 37  - 62 51  - 58  8  9 25  - 18 26 49  - 28 30  - 21 63  1  - 15 27 68  - 54 55 59  -  - 11 35 34 53 29  -
 10 26 40 48 24  -  - 18  -  6  -  - 39 34 52  - 63  - 60  - 50 68  -  - 17 45 29  4 15  - 16 19 53 58 32 51 42 69 12 57 27 49 41 62 31  - 21 30 54 14  -  8  5 44 59 28  - 23  -  7 61 70 43  -  - 22 66 46  9 55
 23  5 45  2 19 57 67 54 13 28 60 64  - 36  6 50  -  8 39 16 38 49 26  - 55 51 63  - 35 31 29 46 62  - 48  - 70 20 32  1 47 44 12  -  - 42 58  - 43 11  - 56 61 25 52 14  -  - 41 30 65 37 34 33  4  9 68  - 66 27
 45  2  - 50 66 37 36 20 31 51  - 52  -  8 10 54 29 26 11  -  - 44  -  6 64  - 46 33 27  - 40 47  -  -  - 62 49 34  - 19  5 42 59  - 67 63 24  -  -  - 13 25 41 68 39 53 22 43 65 18  - 55  4 70 21 28 30 12 48 14
 44 68 34 22 36  -  8  -  2 61 66 23  - 11 37 17 59 62  - 10 25 40 53  -  - 30 24 48  4  - 38  - 20 19 12 58 64 49 43  - 26  -  9 46  -  - 27 32 45  - 52 16 65 69 18 54 67 42 60 70 41 28  1 15  7 51 55 50  5  -
  - 58  1  6  - 26  - 17  3 10  -  - 16 61  -  - 38 33 48 18  -  - 11 51 60  - 42 44 41  -  - 13 35  8  -  - 22 39  -  -  9 56 40 15 28 52 50 54 62 59 55 19 37 32  - 46 14 27  -  4 70  7 23 24 34  - 67  2 49 47
 49 54  -  - 22 59 47  -  5 53 18  - 19 58 21 11  - 34 15 23 69 31 63 33 50  -  - 64  - 10 36 20 60  -  - 55 37  -  - 40 42 45 65  2 61  - 16  -  -  -  - 52 13 67  - 30 70 14 48  9 27 51  8 68  3 62  -  6 17 41
 11 34 25 40  5  - 57 29 37  -  - 26 23 33 28  3 58 65 66 43 56 35  -  -  8 31 15 21 61  -  - 55 12 16  9 19 47 62  - 41 22 53 20 18 39 70 59  -  - 24 46  - 49  - 17 67  -  1  - 64 30  4 10 44  2 54  - 13  - 45
 22 36 30 25 45 54 32 67 59 26 13  - 68 43  - 48 17  - 51 42 21 34  - 66  1 58 62  - 46 63  2  9 14 11  -  - 56  - 31 39 70 52 53  - 60 41  - 37  7 23 12 18 20 29  - 33 24 40  3  - 64 44 49  5 16 57 28  - 35 10
  - 50 48 30 37 14 61  -  - 62 70 27 24 23  8 20 53 49  - 33 59 12  -  9 36  - 56 28  5  7  -  - 65 21 35 38  4  - 29 64 67 43  - 45 44 15 57 69 18 63  6 32 52 19 54  - 60 26  2 22  - 46 13 25 51 16 41 42 31  -
  - 66  - 64 48  - 38 25 12 58 59 53 20 41 45 70  -  - 23 32  - 61 67 22  - 43 47 18 42 35 56 31  4 63 11 68  2 26 55  8 54 36  5 19 14  3  -  - 49 69  - 27 62 17 10 57  -  - 33 34 44 39  -  9  1  6  - 60  - 52
  -  - 13 59 20  - 69  - 22  3 15  - 61 42 48 45 55  6 24  4 44 19 35 53  - 41 21 25  - 34 37  - 10  -  7 64  - 70  1 23 50 47 28 66 40 67 14 60  - 27  8 46 38  -  2 31 56 36  - 52 68 54  - 57 63 30  - 11 39 32
 70 63 11 24 23 20 35  - 10 46 26  6 12 14  - 67 37  - 22 27 13  -  -  7 57 16 53 38 47 49  8  - 68 61 66 41 43 29 33  3 25  -  - 39 54 48  1 65  - 42 30  2  - 31 21 60 19  5 32 17 51 58 62 28 45 59 44 56 40 34
 65 20 42 32  - 30 23 26  - 57  - 50 69 10  4 55 12 19 58 60 67  8  - 18 54  - 44 11  - 38  9 33  6  -  2 49 15 36 25 13 29  5 39 61 46  1 31 28  - 21 51 47  - 56 68 52 43 59 64 41 22  - 40 48 66 14 27 62 37 70
 51  -  5 10 49  - 40 35 25  - 32  - 64 69 58 22 42 41 27  -  4 23 30  - 21 39  - 68 50 54 61  - 43 20  1 18  6  - 70  - 19  - 62 55 56  -  9  - 36  2 63 29 66 38  -  7 45 53 15 28  - 16 24 11 59 17 46 34 13 48
  -  - 18 44 42 52 51 11 50 38 55 49 37 35 64  5 26 13 10 66  8  - 23  - 29  3  6 32 58 28 46  2  - 68 33  - 57 60 54 67 61 25 70  1  - 56  7 22 17 19 24 41 16 53 31 48 65 39 34 62 69 63 14 59 40 21 20  9 47 12
  3 52 65 13  4 23 43 50 36 55 30 19  8 60 40  1 47 15  5  - 53 16  -  - 18 38 20 70 34 62  - 41 56 28 49 44 59 61  7 46 57 48 24 21 58 33 66  - 39 54 10 31  - 11 25  - 35 12 26 27  - 32  - 22  6  2 69 63 64  -
  - 14 59 67  9 27 60  - 45 42  - 11 47 62 15  - 61 40  - 35 43 29 52 69  - 55  2 50 56  - 53 44 26 10  -  7 17 21 49 24  6 63 57 31  8 20 28  - 25  - 38 51 64 66 19 58 54 34 18  - 48 23 37  - 22 32  -  5 46  1
 37 16  8  4 65 29 15 55 47  - 40 25 70  - 33 32 30  -  2  - 26 50  - 11  5  - 57 60  - 41 23  3 24  - 14 36 35 31 10 54  7 13 18 12  - 45  - 43 34 46 58 44  - 42 56 21  1 63 61  -  9 49  - 19 28  - 62  - 68  -
 25 30  -  -  8  -  3  - 70 32  - 29 27 67  -  - 23  -  - 56 41 38 62  -  -  - 35 16  -  - 13  1 42 51 55 24 26 40  -  -  - 11 34 50 19  9  - 48 69 43 31 59  4 22 14 39 17 18 28 46  7  5 53 12 15  - 33 65  6 60
  -  -  - 55  - 34  - 28 53 70 62  - 48 18 56  -  5  4  6 25 31 32 12 54  - 60 13 49 63 15  -  - 19 38 42 27 44  - 64 37 35 39 16  - 47  8 67 52 51  - 59  -  - 57 45 43  -  - 40  3 14 69  7 10 50  -  -  - 24  -
 69 57 39 61 11 24  - 60 51 30 33  8  - 52 35 18  -  2  7 19 46 10 37 12 45 44 17 36 23  9 62  - 28 70  -  -  1 16 67 56 34  4 58 22 41 50 40 55 47  5  - 14 29 43 27  - 53 49 31 68  - 42 64 65  - 26 13 54  - 63
 12 28 37 70 38 62  - 53 14 41 22  7 55 20  3  - 65 59  8 68 52 58  -  5 23 17 49  9  - 67 42 69 63 44 34 54 10 15 47 48 39 16 50  -  - 32 29 61 13  - 21 40 11  - 24 19 66 57 46  2 35 60 36  6 43 31 45 25  -  -
 64  - 50 26 57 28  -  - 38 13 44  2 21  - 12  9 34 53  1  - 55 36 25 17 32 37 65 30  -  - 35 49 31  - 62 60  7 48 42  -  - 15 14 70 63  - 54  - 23  - 39  3  - 41  8 68  -  -  -  - 52  - 27 51  -  - 61 47  - 19
 68 23  6 41 44 33 55  - 11 69  7  3 14 66 20 59 60  - 26 39 12 51 36 42 40 21  -  -  - 58  4  8 13 30 31 37  - 50  2 53 48 24 27 49  - 17 70 63 61  - 35 64 57  - 32 62  -  - 67  - 47 18  - 54 29 65  - 22 34  -
 36 29 51 33  - 21  9 44  - 45  -  - 59 19 54 57 50 55  -  7 28 39 47 61 42 14 30  -  2 11  - 53 52 41 67  4 23  -  3 27 46  6  - 64  - 60 10  5 40 18 62 66 15 65 69 49 48 32 24  -  -  - 22  8 20 63 25  - 70 68
  - 24 38 65 17 44 39 36  4  - 41 60 45 53 13 29 48  9 21 37  -  -  - 23 62 59 51  - 67 32 30 40  8 42 28 25 16 10 69  -  - 70 56 34 52  5 26 31 22 58  1 20 50  - 66 47 64  -  6 61 12 35 68  7 55 15  - 49 18  3
 15 31 55 17 59 47 37 16 41 67  -  -  - 49 60  6  - 70 28  -  1 64 44  -  - 42 48 61 22 21 34 12  3  - 56 57 53  -  -  2 45 27 66  - 23  -  4 33 30  - 68 35  7 51 26 36  5 29 69 43 32  - 65 18  - 50  - 19 11 46
 24  - 19 43 55 49 42  2  7  5  1 45  - 59 70 30 32 60 61 29 11  - 56 41  - 25 38 15 51 46 66 22 23 34 13  6 48 18 63 65  3  - 26 52 64  4 12 27 57  - 17 10 31 40  9 50 20 16 35 58 28 21 47 14 44  - 53 39 54 36
 47 69 28 34 39 11 62 61  -  2 43 51  5  -  1 60 14 23 45 12 29  -  - 49  - 50  - 46 66  - 44 54  9 36  - 40 52 67 22 30  4  - 21 26 25 38 15 16 48 64 65  - 55 13 57  -  - 24 53 35 18 41 70 31  -  7 42  3 20  6
  - 46 68 51 15 70 21  6 49 25 52  - 10 44  - 62 54 38 41  - 60 30 17 34 14  9  8 31 65 50 47 39 64  - 57 66  3  - 35 12  - 28 29  5 13 53 33  -  1  - 69  -  2  - 11 45  - 22 58 23 63 67 56 27 36 37 26  4  - 20
  -  -  -  - 21 45 16  - 42 56 24  - 28  - 53  - 70  7 35 64 37 26 60 29  3  6 33  - 18  - 48  - 59 31  -  - 32 63 46 66  - 19 61 68 20 22 30 51 65 15 43 17  - 14 13 40 39 44  8 12  - 34 57 55  9 11 58 36  1  -
 48  3 43 12  1  - 50 38  -  - 23 20  7  - 14  - 66 18 63 55 24 21 31 65 58  -  -  -  -  - 45 28 40 49 70 32 11 54 17 16 44  -  -  -  - 62  5 53 27  - 60 61 33 47 67 41 51  -  - 69 39 56  -  - 30 25 37 10  4  8
  - 42 32 23 47  -  - 56 21 15 67 39  - 25 63 37 41 10 54  -  7  - 13  - 28 69 60  8 38 14 70 43 55  - 40 52 33  -  -  -  -  3 36 17 12 59 20 58 50 29  - 26 34  6  - 27 46 51 57 31 24 62  2 61  - 66 35 48  - 22
  7  -  3 45 54  - 70 40  -  - 37 31  - 21  - 47 20 48  -  - 33 59 57 50 16  1 58  - 62 17 24 14 30 29  6 65 46 23 68 44 49 22 11 28  -  - 51 66 26 13  - 36 18 55  - 35 69  -  4 42  5  8 63 39  - 34 38 52  - 61
 35 41 49 21  - 64  - 65 20 33 29 32 38 26  -  4 39 58 53  - 47 70 24 57 61  - 34  - 31  6 19 23 44  2 16 50 13  9 18 36 10 46 42 54 48 30 56 15 11  1  3  -  - 52  7  - 28  8 22 45 40 66 55  - 37 69 51  -  - 62
 60 61  - 20 33 43  -  7  - 17 39  9  - 48 57 14  8 44 18 36 34  -  - 59 27 32 45 10 40 47 65  - 50  - 69 35 31 42 28  6 30  - 23 11 38 19 64  - 70  3 66 22 56  -  - 55 68 21 13 51 67 26  - 49  - 46 52 15 16 24
 16 27 36 68 28 18 64 66 52 54 10  - 34 39  5 26  - 29 20 47  9 48 65  4 15 53 12 69 57 13  7 30 51 62 43  -  - 22  6  -  - 61 44  - 17 35 55 41 46 40 70 33 67 23  3  - 32 50 59 49 60 45 31 37  - 19 63  1 21 11
 42 45 35 53 43  - 12 37 44 47 56 34 50 13 26 41  4 69 38 22 61  - 14 70  -  - 64 51  - 25 39 18  -  -  - 30 68  5  - 62 23  - 15 48 49  2 11 57 29 17 67  6  - 21  - 10 36  - 27 19 66 31 33  1 52 60  8 32 65  -
  -  -  7  9 61 53  -  - 35 50  3 22  - 12 29  8 67 21  - 63  - 46 49  - 30 62 59 34 54 27 43 11  2  - 64 28 55 25 40 38 58  -  1 14  - 51 69  4 19 36  5 48 44  -  - 24 37 47  - 57 23  6 45 42 60  -  - 41 10 33
  8 17 10 36 18 69  2 22  6  -  - 55 58 51  - 24  -  - 62 45 39 28 32  - 53 54 61 47  9 48 49 27 38 64  -  5 41 57  - 15 37 40 19  -  - 43  - 14 68 67 29 70 12  - 34 65 31 30 63  -  4 33 52 13 42  1 21  -  - 25
 67  4  - 35 63 48 52  - 55 64 25 41 29  5 51 43  - 45 50 61  -  3 10 62 34  2  - 42 69  - 57  - 17 46 47  - 14  - 30  7 11 37  6 38 33 28 23 21 20 49  9 13 19 54 40 18 58 70 12  1 15 36 66 60  - 53 24 31 56 44
 32 38  -  1 52 15 19 57 26 22  -  - 31 17 39  - 46 61 30 41 51 42 50 43 59 11 69  7 16 65  6 21 25 60 24  2  - 14 37  - 56 55 33  -  - 10 53 68  3 34 18 54 58 35 49  8 44 28  -  - 13 29  5 62  - 36 70 40 45  -
 30  - 31 56  -  - 11 64  -  - 17 43  -  3 16  -  1 14 36 28 48 47  5  - 49 67 55 29  - 53 27 58 46 57 65 69 50  6 39 26  -  2  - 33 32 61 42 38  -  -  - 34 60 45 22  - 40 25 44 24 19  -  - 23  -  - 18 51  -  9
  - 64 41  5 12 35 20 32 46 21  - 66 18  - 31  - 43  - 13  8  6 15 16 44 38 36 70 52 48 24  -  - 27 26  -  - 30 47  4 10  -  - 63 56  3 57 68 45  9 60 19 39 14 58 62 11 23 17 25 65  2 40 61 34 33 49  1  -  - 42
 28  - 46 29  -  -  1 27 18 44 64 54  9 40 67 10  - 68 34  - 20 11 66  - 70  - 31 65 60 23 22 56  7 14 36 42 19 32  - 35 41 38  4 59  - 16  -  6  - 12 49 15 17  5 37 26 47 69  -  -  - 43 58  - 53 61  - 30  - 57
 50 53  4  - 70 58 56 42 69  1  -  - 52 65 19 21  7  - 64  - 17  6 29 24 11 34 26 59 12 37 51  -  - 35 68  8 40 27 57 25 36 33  - 60  5  - 44 23  -  -  2 30  - 63 47 38 15 10 49 20 54 22 41 46 18 48 16 28 62 66
 39 35  - 60 64  -  - 51 57 63 45 40 49  - 61 68 28 42 17 50  5 27 21  -  6 13 18  -  -  - 59 29 16 25 53 56 69  -  - 55 12 65 54  - 34  - 47  2  - 70 41 67 22  - 23  1  7 33 11 15  - 48  3  - 62 44 31 26 36 38
 58 40 14  8 10  - 17 31 30 36  2 63 60  - 24 19 22 57 68 62  3  - 48  - 20  - 11 41 49 42  -  4 70  1 50  - 25 65 45 34  - 26  - 44  -  7  - 39 52 51 47 23  - 28  -  - 13  - 38 56 43 53 59 35  - 64  6 33 69 15
 14 43  9 38  - 22  4 41 54  -  -  - 13 70  -  - 68  - 31 48 23  2 55 35  - 19 52 39 36  -  3 10 11 59 18 16 60 28 26 17 15 34 32 67 27  - 46 12  - 25 37 53  6 33  - 63  8 45 50 21  -  - 29  - 47  5 49 66 57  -
  9 62 29 11  - 17 14 52 64 27 47 30  6 54 46 56 69 20 49 21  - 66 22 38 67 40 28 35 10  5 41 70 57 65 39  -  -  - 34 45 60  7  - 16 24 58 13  8 53 50  - 42 68 61 43 37  2 15 23 33 25  - 12  - 26 55 32 44 59 51
 66  1 67  7  -  - 25 48  8 65 68 18 33  - 44 61  - 30 70  - 45  - 42 32 12 28 22 55  - 19 63 17 21 56 23  -  -  - 36 59 24 54  - 29  2 47 34  - 60 31 40  - 46 37 50 69  9 62 43 53 16 11  6 58 41  4  3 64  - 39
