3920
 28 65  2 22 40 31 17 21 55 47  3 35 48 69 41  - 16 66  -  - 44 24  -  -  - 54 36 68  1  5 20 45 62  -  - 46 52 37 34 64  - 10 70 57  4 39  - 43 27 29  7 14 53 33 51  - 19 13  - 63 26 56 11  - 59 61  - 30  9 18
 63 44 11 38  - 59  - 64 14 45 66 13  - 57 34 24 42  - 53 69  -  8 33  - 50  - 68  - 25 12 43  9 46 40  - 41 26  - 70 47  7 15  - 20 17  5  4  - 36 23  - 39  6 27 32  3 67 10 37 31 16 35 55 21 51  -  -  2 48  1
 21 41  - 18  - 22 70 15  - 58 30  1 10 50  -  3 62  - 42 65 17 47 32 11 68 69  5 36 29 26 24  8 19 46  6  7 38 12 54 27 51  4 49  - 55 52 45  - 44 40  -  -  9 66  - 14  - 64  - 20 39  - 35  -  - 28  - 61 13 56
  -  - 14 66  - 39 43 40  -  - 54 69  - 22 59 46 58 50 35 31  6 18 34 60  - 57  - 62 49 67 44 24  - 23  -  -  1 16 65 68 26  - 19  4  -  9 41 20 56  7  3  - 13 36  -  - 37 47 10 29 42 63  -  8 55 21 11 27 17 15
  -  5 15  - 12 45 35 41 11 28  9 63 52 10 70 62 60 27 38 54  7 20  -  2  -  1 25 59  - 21  - 69  -  -  - 34 14  6 56 32 23 36  - 65 40  - 53 66  - 58 57  8 24 48 19  -  -  - 26 30  - 42  4 47 18  3 68 49 64 50
 70 50 55 25 35 17 27 66 58 16 41  2  - 54  - 63 53 59 67 51 21 28 37  3 23 12 29 57 52  8 33 18  - 14 22  -  7  - 60  -  - 56 46 49  - 13  - 19 34  9 10 43 11 40 38 20 69 68 47 15 24 64 42 26  4 65  - 32 39 31
 42 23 68 45  6 30 47 60 27 53 13 54  - 34 35  - 24 55 11  8  1 48 58 33 18 38 65 41  2 59 64  - 57 16  - 52 29  - 67 40 12  - 56 19 43 36  5  -  9  - 37 10 39 51 63 46 70 31 62 21  3 22 50  4  7 66 20 25 26 49
 32 57 23  - 60 33  5 52  6 56  - 26  2 64  - 51 69 61  -  - 29  - 18 25 59 49 19 21 17  1 41 22 34  8 30  9  4 13  - 24 16 37 50  7 67  - 44 62 38  - 65 55 12 14 42 28 43  - 70 36 40 11 58  3 47 46 66 31 45 53
 20 48  6 51 45 70 15  2 29  - 53 19 37  -  - 56 21 14 64  -  5 58  - 22  3 16  - 24 34  4 59 54 11  1 66 27  - 67 47 10 13 33  8  - 41  - 57  - 60  - 52 44 55 63  - 25  7 61 38  - 68  9 12 35  - 23  - 46 40  -
 29 26 54 36 56  - 11  5  - 59 64 44 63 61 55 43 27  - 13  9  -  - 68 17 30 52 10  -  3 41  4 14  6  -  - 21 48  - 53  2 69 25  - 46 32  7 42 51 22 31 67 18 50 15 28 34 24 60  - 16 62 33 70  - 39 20 45 47 49  -
 58 33 42  - 57 28 61 11 70 69 24  - 50  - 68 47 56 53 65 10  8 45 26 66 13  2 16 15 54 38 63 36  -  7  -  -  - 40 29  3 62  9 14 31 46 44 43 23  4 35  6 32 37 49 18 12 25 52  - 39 17 27  - 20 48 34 55 41  5 59
 37 49 64  - 24  - 18  -  - 15 59 58 30 26  -  4 40  -  - 45 48  -  1 39 25 43  - 28 68 69 19 57 50  -  7 47  - 61 52 35 22  2 11  6 34 38 16 13 21 67 36 66 14  3 29 42  - 53  8 27 70  - 41  - 17 60  - 51 10 65
 23 19  -  - 10  2 32  - 36 50 52  9 45 49  -  - 65  5 37  - 54  3 69 35 20 61 30 38 55 57 28 58  - 39 33  6 56  -  - 29 31 21 60 34 14 26 67 64  - 68  8 48 17  4 12 15 59 27 51 41 44  - 62 25  - 16 42 53 18 40
 26 70 48 37  -  4  3 34 19  - 16 52 41 30  -  -  8 38 40 24 25 44 27  - 69 10 13 49 43 55 23 15 29 51 36 33 46  - 68 39 53 66 12 35 22  1 56 21 59  6 60 45  2 58 64 57 14  - 50  -  - 54  7  - 32  - 31 28 63 62
  -  -  - 52  -  - 53  - 32 33 45  - 34  - 42 27 11  - 20  -  - 60 15 38 16 46 54 66 14  3 18 62 26 10  8 58 50 69 12  - 48 70 13 68  - 57 40 55  5 30 44 35 28 67 41 64 49  4 31 47  2 39 43 24  - 25  6  -  - 61
 18 66 62  - 59  - 52 51 53 67 11  -  - 24 40 42 38 19 39 28  - 27  -  - 31 37  1 44 32  6 30  - 16 13 49  - 54  - 21 55  8 41 25 26 36  -  9 63 43  -  5  - 48 50 58  -  3 34 57  - 45  4 15  7 46 68 35 69 23 33
 46 13  -  - 34 60 33 69 52 43  - 61 14  7 21 37 26 63 59 38  - 64 55  9  - 56  - 70 23 15 62 68 44 66 54 32 67 22 36 31  4  - 10 50 39 41  2 42 19 17 20 53  8  - 65  -  - 28 24 25  1 18 29  5  - 27 47 58 51 48
  7  -  9 35  - 12 24 63 60 52 25 38 54 46 11  - 50 45 26 36  -  - 23 31 66  -  6  -  - 33  -  - 14 53  4 17 15 30  3 43 59  1  - 41 16 58 10 47 29 61 28 21 51 18 67 48 62 70 64 68  - 20  - 40 56 39  - 19  - 22
  - 56 60 58  -  -  -  -  - 34 70 36 13  -  -  - 28 47  2  -  9 41 19 49  8  - 17 63 15  - 10 43  - 67 37 42  - 48 62 53 38 46 44 40  6 32 39 18 51 50  - 20 52 11 57 24 45 35 30  - 29  -  - 12  3 55 54 14  -  -
 15  - 49  -  -  - 66 46  3 51 62 43 59 56 26 68 55 24 61 25  - 23  - 41  - 53 39  - 64 50 38  - 48 52 11 57  - 28  7 37  -  8  - 33 54  -  -  - 40  -  4  - 18 19  2 58 29 45  6  - 34 65 13  -  - 32 30 20 35 14
  - 18 50 16 62 36 63  1 24 57 44 23 64  2 29 66  - 33 51  - 68 56 31  - 39 17 14 60  - 42 37 25 49  9 65 45 20 10 26 41 35 12  - 52 19 61 15  -  7  - 58 40 34 32 53 47  8 22 69  - 27 43 21 48 30  6  -  -  -  5
 41 36  - 54 64  - 19 62 51 18  1 24 42 20 43 22 17 21 55 15 23  - 50 30  7 67 27 56 11 39  -  5 52 37  - 53  -  -  2  - 47 14  - 32  3 34 31 40 68 65 69 13 60 45 35  - 57 66 28  -  -  - 33  6  - 59  4 44  8 16
  -  -  -  -  - 57 34  6  7 48  4 16 28 14  - 30 33 67  - 35  - 68 49  - 54  -  - 10 40  9 45  - 60  3 17  -  - 44 13 19  - 38 21  -  5 31  -  - 39 43 15 51 62 41 47 22  1 32  -  - 23 53  - 66  2 50  - 11 46 42
 33 27 35 53 39 67 16 55  - 32 61 28 23  - 19 38 22  - 29  5 31  -  2  - 24  -  7 30 10 46 50 44  4  - 68 60 40 65  1  6 41 47 15  -  - 56 48 45 12 25 34 70  3 17 14 54  - 62 20 59 11 51 66 18 69 26  - 57 43 58
  - 53 70  - 66 40 55 25 26 30 69 65 36 37  - 19 46 12  8  -  - 38  - 29  - 34  9  - 50 48 17 39  -  - 61  - 33  3  - 22 27 62 64  1 15  - 32 60 23 41 21 16 58 54 56 13  4 18 63  2 57 31  - 68 28 45 67  6 44 11
  3 15 37 62 61 53 26 43 65  2 20 56 18 63  - 60 64 22 54 58 35 32 41  8 49 70 23  -  5  - 42 12 68  - 19 29 28 47 33  -  - 50 39 17 31  - 14 57 55 38 11  4  - 25 34 27 51  - 46  7 66  1 45  -  -  9  - 16  6 36
  - 52  - 50 28 34  - 59 64 38 17 51  - 58  5  - 23 41  7 61 67 15 39 54  - 40 69 11 70 43  3  - 21 29 44  - 62 42  6  -  - 18 53  - 20 63 13  - 32 57 45 30 68  -  1 56 48  2 36 14 19  8 24 31 49  - 37 22 47 55
  - 22 34  - 63 54 31 49 23  -  - 33  - 41 53  - 61  - 27 43 26 57  4 68 45 29  -  3  -  - 12  - 58  6 50 69  9 36  -  - 11  - 32  - 51 65  1  - 67 19 48 38 25  -  7  - 21  - 18 46 52  - 40  - 44 14 16 15  - 17
  - 21  8 49  -  -  - 36 43  5 38 42  4 66 25 12 14 34 46 57  -  2 48 26  6 22 61  - 37 35 70 13  - 11  9 24 32 63  - 15  - 58 29 56  - 67 23 68 33  - 54 47 19 69 44 40 28 55 52 62  -  - 20  - 45 64 18  1 31 51
 68  3 26 47 21 37 48 42 17 65 57 34  1 27 22 52  -  8  -  - 33 31 38 40 44 62 45 25 41 66 32 28 24 50 39 55 19 56 20 18 54 16 63 67 12 60 35 36 10  - 49 29 15 30 11 59 13 46  4 43  7 14 69 64 58 53  9  - 61  6
 51 30 25  4 15 13 40 33 48 54 21  5 32 12 49 45 59 31 34  6 19  - 11 69  9 26  - 64 63 47  8 66  - 28  - 18 60 55 44 20 14  - 24 16  2 62 46 67 42 10 43  - 56 61 22  - 68 41  3 52 37 50 53  - 65 17 36 38  1  -
 64 34 41 11 68 19 36  4 56 24 58 32 38  - 18  8  - 44 49 48 28 46 10 27  - 39  - 45 26 25 21  7 59 35  - 31 61  -  - 33 20 17 66 23 30  - 69 14  1 15 13  -  -  - 50  6  2 40 65  - 60 55 54  -  -  - 62  9 22 70
 43 64 39 17 20  - 21 22 63  - 31  - 33  3 51  -  - 36 57 62 34 54 44 53  - 30 47 26  7 45 69  - 15  2 18  4 11 46  5  1 68 23 40 12 35 59 60  - 50 37 41 25 32 42 61 10 27 58 16 38 14 28  -  - 66 67  - 52  - 13
 45 46 19 24  1 16 14 57 40  7 65 12 29 28  4 67 54 56 58  3 37  - 64  - 53  -  8 69  - 60 22  - 10 43 21  5  - 50  9 23 42 27 30 55 66 25 49 33  - 34 18 26 20 47 68 63 35 17 44 61  - 70 31 59 38 51 15 62 36 32
 39  - 65 60 29 41  - 18 30 20 34 25  9  - 37 57  1  - 22 52 45 10  3  - 62  6 31 47  - 27  - 67 56 26  -  -  - 11 58  - 50  -  - 42 38  8  - 49 48 64 40 68  - 43 55 53 61 33  2  - 15 16 17  -  5 44 28 66 14  -
 54 60 47 39 52 15 37  - 34 66 68 64 21 42 46 16 25 10  - 20 69  7 24 43 38 55 22  4 65 13  - 40 28 59  -  2 57 41 48 61 45 35  6 51 33  - 62 11  8  1 23 36 30 44  - 70 31  -  - 58  5  - 19 56  -  - 17  -  3  9
 35  1 44 59 14  - 54  - 57  - 46  - 39 11  - 48  - 32  -  4 55 50 30  -  - 66 42 12 61 22 65  -  - 70 34 20 25 62 64 16 56  - 68  -  8 21 52  - 69 53  - 28 40  6 13  2  5 23 33  - 10 15 47  9 29 18 58 67 60 37
 47 25 33 21 38 62 56  - 42 68 35 41  7  - 32 58  3  6 31  -  -  4 16 14  1  -  -  - 28 40 13 17  - 27 67 49 65  5  - 66 60 52 54  - 48 45  - 37  - 36 30 64 46  - 24 26  - 69 34 44 53 12  - 19  9 43 51 70  -  2
  - 42 45 40 30 11  - 54  1  - 50 48  6  8  7  - 12 52 32 33 60 69 20 58 26  - 41 34  - 53  9 59 38 55  2 23 36 24  -  5 57 43  - 66 68 18 29 65 46 63 70 61  - 22  - 39 44  - 27 37  - 19  - 67 21 15 64 17 16 10
 40 58 13 67 37 14 39 65 44  - 32 11  3  5  -  7 68 54  1  - 38 51  -  - 63 27 48  -  - 20 53 19 70 25 47 15 49 45  -  - 29 34 69  - 62 66 55 22  - 16 46 31 35  - 43 23 52  -  - 64  9  -  -  -  8  4 12 26 33 24
 53 43  - 44 25  - 41  - 18  -  - 21 15  - 54 14  - 40  - 30 20  - 46 70 22 33 24 27 38 52  2 51 47 48 59  -  8 68 45  4 64 63  -  -  - 29  6  7 17  3 66 65  - 60 23 55 34  5  -  - 32 61 39 28 37  - 57 36  - 12
 22 12 24  8 18 20 10  -  - 36  -  - 57 16 48  -  -  - 21 44 46 13  -  4 29  7 53  2 69 63 51 30 31 56  5  - 47 32  - 11 25  -  - 39 37 17  - 50  3  - 35 34  - 59  - 19  - 26  9 45  - 23 52 55  - 42  1 60  - 27
 16  -  -  - 41  7 44 10  - 70  -  - 31 65 69  - 34 17 23 12  -  5 60  1 56  -  - 37  - 36 49 53  8 63 25 26  - 39 57 21 58 54 43  -  - 19 68 15  - 52  - 42 38 46 62 30 55 20 11 66 64 67  6 45 13  - 59 50  2 28
 14 28  -  - 26  - 68 17 67 19  -  -  -  - 16 44 43 70 69 60 62 40 54 50 52  -  -  - 56 24 34  3  - 45 48 51 37  9 23 57 55 20  1  -  - 46 47  - 30 42 31 49 41  2  8 61 32  - 13  5 12  6 18 33 36  7 25 59 53 64
  2  -  - 42  -  - 57  7 22 62 28  - 51 43  - 61 18 13 66 67 12 35 36 64 14 11 63 55 46  - 16 50 30  - 15  - 53 54  -  8  3  5 59 29 58 47 38  4 26 56  - 41  1 39 10 68 20 48 32 19 49 37 60 17  - 31 44 33 27 34
  - 37 27 14  - 55 29 67 68 39 26 47 17 32  - 34  - 18  3  - 59 36 42  -  - 25 62  7 53 23 35 41  9 58 40  8  - 43 22  - 63  - 61 24  - 10  -  2  -  - 56  1  - 65 46 44 12  - 45  -  -  5  - 51 52 11 13 54 38  -
 67 68 31  - 33 48 58  8 50  -  -  -  -  - 39 53 52 65 10 55  - 30 61 44 64  5 46  - 47  -  1 34  - 54 69 59 18  - 17  9 15 60 20  2  - 35 66 27 49  - 12 62  4 29 26 16 36  - 22  - 21  3 32  - 25 24 56 40 37 43
 17 63  1 43 53  - 45  -  4 40 27 59 22  6 30  -  - 64 28 56 32 34  - 37 51 58 11 20  - 19 25 46 39 41 35 65 12  -  - 42 10 49  3 47 21 14 26 61 57 70 29 50 36 55  - 18  9 15  7  8 48 24 16 69 68 38  -  - 62 67
 49 11 51 20  2 32 12 70  -  - 47  4  - 55 28 26 66  - 56 19 64 14 40  5 10 35 15 54 44 30 68 16  - 57  - 38  -  8  - 52 46 48 67 22 65  6 18 41  - 59 17 63 61 31 69  9 33  1 23  -  - 21 37  - 60 62 27 43 29  -
  -  - 57 65 70  - 25 19 61  9  8  - 69 35  2 36  - 46  - 17 39  - 53 42 55  - 67  6 48 58 66 29 22  4  -  1 59 52 10 14 34 40 18 60 13 64 30  - 63 54 33 56  -  5 20 32  - 43 12 51 47  7 49 23 15 37 41  3 11  -
  1 39 22 23 43 38  - 32 62 44 67 17 16 60 20  5  - 29 12 26 57 59  9  - 37 68  - 50 33 70 55  4  - 30  - 19 34 49  -  - 61  7  - 14 25 40 11  - 35 18 42  2 47 53 36  -  -  6 15 54  - 45 65  - 31 41 24 21 66  8
 19 47  -  6 16 42 50 30  - 13  2 66 26  4 38 69  - 25 43 68  - 17 67 36 70 51 64 48  - 62 58 21  - 18 29 63 44 33 31  7 40  3 35 27 11 49 59 12  -  - 22  9 10 37 45  1 23  8 14 57  - 52 61 34  - 56 60 24 32  -
 27  2 12 46 42 61 49 48 10  4 29  -  8 53 50 54 63 60 44 40 56  - 65 15 47 13 70 22  - 34 11 55 23  5  3  -  6 25 32 45 28  - 36  -  9 33  - 31 16  - 62 58  - 38  - 66 17 67 68 24  - 41  - 37 19 57 21 35 52  -
 44  -  - 31  3 58  6  9  - 27 60 57 40  -  - 50 48  -  - 21 51  - 66 23  -  4 52  1 30 32 15 35 12 68 62  -  5 34 43 63  2 42 26 59 29 28 19  - 64 24  - 54 45 13 39 67 11 49 17  - 56 38 14  -  - 22 61 37  7 69
 50 54 66 55  - 63  - 35 16 31 12 39 25 68 56 32  7 11  - 64 65 19  5 10 36 20 40 51  - 18 26 42 43 34 23 28 24  - 41 44  1 13 22  3 57 70 17 48 52 45 61 69 59 62  9 38 30 37 21 33  4 46 27 15 53 58 49 29 67 47
  - 62  - 56  4  9  2 68 25 55 42 60 43 23  1 10 35 57  - 39 30  - 45  -  - 19 34 32 12 51 40 31  - 38  - 13  - 58 61 67 36 29 52  - 47  - 64  6 37 27 26 17 49  - 16  - 54 11 41 28 22 66 46 53  -  - 65 63 24  -
  - 14 58 41 32  6  - 53  -  1 19  8 67 38  3 70  5 23 24 13 52 66  - 63 40 60 12 31  - 49  - 48 61 20 26 25 45  - 55  -  - 68  - 54 59  2 51 46 11 28 39 27 22  9 30 62 10 21 43 50 65 44 34 36  - 35  7  - 42  -
 25 35 18 13  - 51 67  -  -  - 63 46 65 48  6  9 44  4  - 14 53  1  - 34  - 24 20 23 66  - 60 10 64 36 52 12  - 27 15 69  - 55 45  -  7 42 70 32 28 26 50 57  5  8  - 21 41 16 56 22  - 40  3 49  -  2 38 68 54 39
 12 17 52 29 11 27  8 39 45 21  -  3 53 40 23 33  4 26  6  - 43 42  - 59 41 65 55 61  - 10 57 32 20 60  1 50  - 51 14 54  9 30  2 13 24 68 22 58 15 46 38 19 67  7 66  - 56 44  - 18 35 49  - 62 16 47 34 48 70 25
  - 61 30  1 36 68  -  -  9 22 33 20 11 15 52 31 57 43 19 37  -  - 13 47 46 32 66 58 27 14 39 49  2  - 53  - 10 60  8 59  5 51  - 48 26  - 24 29 45  4 64 67 65 35 21 41 63 56 42 12 18 62 23 44 50 40 70 55 25  7
 34 67 38 15 22 18 28  - 47 64 39 29 61  -  -  2 37  3  - 32 24 55 62 46 11 31 51  - 45 54 36  1 35 33 16 56 68 21 69 65 30 44 42 43 49  -  -  9  -  - 53  7  - 26 17  4 66 25 58  -  - 48 63  -  6  - 19 10 59 20
  -  7 17 26  - 66 65 61 38 41 43 40 49  - 64 35 45 30  -  -  4 62 25  6 34  - 21 13 58 29 54 23 33 47  - 44  2  - 11 60  - 22  - 53 18 37 28  - 20  - 32  - 42 24  - 31 50  3 48 67  8 69  5 39  - 36 10 56 57 19
  6 31 16  7 55 47 59  - 13 23 18 50 46 45  - 17 10 69  - 41 58  -  8 62 32 64 28 40 57 37 56 26 54 12 20  - 51 66 63 49 21 61 48 44 42  - 65 39 24 22 14 52 43  - 70 35  -  - 29 11 67 36  -  - 34 19  2  5 30  -
  - 51 20 61  5 43 30 38 15 12  - 55 68 25 44 39  - 42  - 46  - 49  6 45  2 14 60 52  - 64 31 56 67 62 41 35 17  7 19 13 66 28  4 37 50 24 58  -  -  - 16  - 27 10  3 33  -  9 40  - 59 47 48 57 26  1  - 34  -  -
 38 40  - 19  -  3 64  - 20 37 14 49  - 21 15 59 41  - 30 34 13 22 51 16  -  - 33  9 35  2 48 11 32 61 43  - 66 29  4 25  - 57 17 45 69 55  - 56 65 62  1 46  - 23  -  8 47 24 39  - 31  - 44 70  - 54 52 42 28  -
 10 29 28 69 27  8 42  - 31 14 48 62 20  -  - 40 32 15  - 53 50 61 59 18 67 45 43 19 24  - 52 60 17  -  - 64 13  4  - 38 39  6  7 70  - 11 21 34 54 33  2  - 23 56  5 51 26 36 25  1 58 57 68 22 35 49  - 12 41  -
  5  8 59  -  - 64 20 14 28 26 36 67  - 13  -  1 47 35  4 11  - 52 29 55 60 41  2 33 22 68 46 38 40 49  - 61 39 19  - 56 32 31 57 18 23  -  - 44 25  -  - 15 70 21  6 17 16  7 54 53  - 58  - 43 24 69 50 65 12  -
  8 10  7  - 13 44  1 37  - 46 56 14 27 67 58 20  9  - 17 66 18 53 47 57 15 23 50 43  4  -  5  6 69 42 51 62 22 35  -  - 49 65  -  - 61 16 54 38  2 21 63 24 29 34 48 36 40  -  -  - 25 68 59 11 64  -  - 45 19 52
  - 38 29  -  - 65 22  -  - 17  - 53 70  - 12  - 20  1  - 49 66  9 63 24  - 42 26 46 36  7  - 52 13 32 27 54  - 57 39 28 43 67 37 58 64  - 34 59 47  - 55  3  -  - 25 45 15 19  -  4 30  - 10  - 40 33 14  8 69 23
  -  -  - 57 49 46 23  - 66 60  - 68 55  1 31  -  -  2 36 29  - 16 35  -  -  -  4  -  - 28 61 33  - 22 10  3 70 64 40  - 52 11 51  5  - 69  - 25  - 47 59  6 44 20 27  - 58  -  - 13 54 17 56 14 42 63 26 39  - 38
