3920
 11  -  1  - 14  6 64 69 16 37 68 13 36  - 47  -  -  - 12 21 29 42  8 18 27  -  -  2 24 67  -  4  - 43 10  -  -  3 66  - 70  - 41 61 55 32 15 30 46  7  -  -  - 28 57 62 63 22 45 38 31 52  5 40 19 20 17 35  -  9
  1  - 28 17  3 19 40 13  - 29 31 50 39 11  9  - 54 69 34 25  8 60 18  7 68 43 24 64 44 48 55  - 70 41 61 30 12 46  4  -  - 37 20 21 38 53  -  2  - 45 35 32 10  6 49 67 42  - 56  -  -  - 59 15 62 22 52 23 47 36
 56  9 19 61  8 62 60 28  7 24 25 53 23 14  4 51 20 43  - 67  - 16 42  - 22  - 32 70 50  - 41 35  - 64 59  1  -  -  - 17 10 36 34 55 46 68  6 63 49  - 69 27  3 13 40  -  2 58  5 45 52 26 29 21 30 47 54 15  - 12
 43 32  -  - 48  -  - 40  -  5  7 52 54 53  - 19 33 38 61 65 62  - 50 39  - 36 66  - 28 24 44  8  - 18 21  6 23 11 55 14 41 30 59  4 67  9 17 42 34 16 25 35  2 63 22 13 64 26 12  3  - 47  - 46 60 45 70 31  1  -
 65 16  - 11 37  3  -  -  - 15 35  - 51 26  1 66 30 64  -  4 47 44  - 13 54 23 42  -  - 18  - 59 10 49  - 27  5 19 21 69 68 14 25  -  8  - 56 12  - 20  7 48 33 60 34 50 43 52 53 46  - 17  - 63  - 36 61 24  9 45
 41  - 55 27  - 36 56 48 11 39 70  1 47  7  -  - 21  - 44 16 54 14  6 51  - 25 46 65 59 37 34 17 64 22  - 63  - 10 20 30  - 68  - 42 60 18 35  3 45 62 31 12 43  - 52 61 23  5 57  - 19 50 32  -  - 29 28  -  2 66
 55  - 23 38 24  9  - 59  - 31 34 41 27 36  - 63 42 18 49 69 39  2 20 28  6 53 10  - 47  -  - 30 48 44  8 43 66 58  1  - 37 25  -  5 15 40 65 33 64 21 45 60 51 29 61 70 57 68  - 26 62 32  3 13 67 35  - 56 17  7
 61 49 38 16  9 67 36 65 15  - 21 66  7 39 27  - 19 30  - 29  1 62 56 25 40 11 63  - 23 42 57 32  - 20 24 12 10  -  3 34  -  8 14 51 59 28 18 37 55 70 53 17 41 35  4 33 50 44 13 60 46 31 45  5 54  - 26  - 69  -
 12 47  2  5 39 38  -  4 70 53 63  3 66 44 54 24  1 52 37 57 60 56 61  9 51 64 59  - 68  - 62 41 23 26  - 11 21 29 48  -  7 27 36  - 16  6 13 69 43  - 17 33 46 19 31 35 10 42 28  - 15 25 18 34 40 58 22 14 50 32
  5 40 41 18 17 53  - 43  - 26  -  7 37  - 65  -  - 15  - 38 64  - 45  -  - 31 16 46 19  6 49 44  -  1 56 67  - 22 10  4 48 28 24  3  - 13 62 47 61 11 59 20 14 52  -  - 32  2 69  - 36  -  - 35  8 57 27 50 34 70
  - 54 35 26 28 22  -  1  2 36 49  - 68 15 55 20 59 57 53  - 18  - 33 32 65  -  7 12 34  - 61 56  5 11  - 39 47 50 45 64 62 63  - 46 24 67 29 48 66 31  -  - 23  -  3 10 27  - 40  6 60  - 19 14 13  -  8 21 51 43
 26  - 61 29 53 45 43  - 32  - 51 55 14 57  - 11  9 47 39 49 16 31  3 38 13 10  4 35 69  -  7  -  - 46 30 60 63 23 64 18 36 15  6 37 44 33  -  5  - 40 48 56 65 21  -  - 62 54  - 34  8 68  -  - 52  2 12 42 24 58
 29  -  8 56 18 13 21  - 23 12 57 60 48 37 17 22 16 44  - 62  4  1 55 35  - 50  9 28  - 26 33  - 42 34 43 19 27 32 70 46  - 61 69 66  - 45 41  - 47 24 39 59 25  - 10 63 49  - 68 40 65 64 58  -  5 38 15 54 67  -
 16 20 43 45 12 49 18 39 10 55  -  2 46 35  - 29 27 28 31 44  7  - 59 21 36 24 61 32 17 64  8 34  - 47  -  5 42 52 23 19 54 60 63 25  - 38  4 13  - 26 40 41 70  -  - 15 22  - 67  - 57 62  1 58 69  - 50 37 30 11
 45  - 70 32 46 64  - 58  3 48 43 20 57  - 21 18  - 40 16 37 14 22 66  -  -  7  -  - 51 13 42  5 38 53  - 10 59  1  9 39 35 31  2 30 61 36 27 23  4 54 52 44 15 55 60 24 41 67 65  - 25 49 26 68 63 17  - 34  8 19
 42  6 37 49 20  4 10  - 52 41 60  - 12 64 57 28 46 22  8 47 21  - 63  -  -  1 56 39 13 38  -  2 26 58 35 55  9 24 68 43 45 17  - 15 29 44 59 62  - 69 54 67  5 34 65 53 66 18 19 33 14 40 51 70 16  -  -  7  -  -
 14 36 18  - 61 27 69 11 19 23 15  8 20 63 46  5 52  - 40 26 33 45 12  3 29 59 38  -  6  -  - 22 13 56 16 35 48  -  - 53  1 49  -  - 62  - 54 50 24 58 43 70 55 10 42 66 51 34  - 28 47  - 57  - 17 32  2 60 25 67
 44  5 31 14 51 63 66  2  - 64 37 25 34 10 16 12 18 19 42 30 26 46 68  - 35 21  -  -  9 11 20  -  - 39  7 70  -  - 15 60  6  - 56 50  -  - 61 54 38 36  - 29  - 47 27  1 48 41  3 67 23 55 17 28  - 65  - 32  - 57
 18  -  - 43  -  - 67 15 21 50 44 58 53 25  - 13  7 45 69 17 52 27  5 23 49  -  -  3  - 12  6 54  1 62 36 46 70 60  - 68 38 57 61 20 11 16  - 35 42  - 65 51 63  8 64 29 28 19 34  -  2 66  -  - 33 14 56  -  - 55
 52  7 66  - 43  2 50  - 39 68  - 11 35  4 10 26 44 53  1  3 59  - 34 47 67 57 65 29  - 51  - 38  8 23  -  - 16  - 18 55  - 69 13 28 58 64 42 60 54 14 32 46 56  -  6 40 21 25  9 19 41  -  - 62 22 61 36 30 70 49
 32  - 52 13 70  8  6 29  -  - 42  - 59  2 38 34  4  - 17 66 28  -  - 63 62 14 64 23 10 53 40  - 58 24 54  - 67 31 60  - 33 55 39 48  - 50  3 27 15 56 41 69  - 25 16 21 20 57 61 12  -  - 43  7 68 37 65  9 46  5
  -  -  -  6  4 34 14 63  - 21  -  - 61 18  -  2 70  -  - 54 37  - 57 64  - 13 47  - 31  7 51 45 30 28 41  - 46  - 52 20 69 24 40  - 17 19 22 59  3  -  - 50  1 42 36 11  5 27  - 15  9 56 60 53 66 48 67 68 58 65
 59  - 40 19  - 33  5 61 47 67 52 49 16 58 28 69 68 63 13 43 42 48 37 54  4 55 57 10 14 27  -  -  9 38 66 65 22 15 62 70 23  6 29 41 56 20  2 44 30 51 36  7 32 11 53  -  8  -  - 21 12  -  - 31  - 24  -  - 64 35
  7  4  - 68  - 15  8  - 44 70 14  6  5 38 64  9 22 56 25 36 51 35 28 46 58 20 17 55 40 29 67 21 37 10 13 62 30 18 63  - 11 43 23 69 41 48 52 45 32 39 12 65 66 61 59 60 54  3  1 42 50 24 31  2  - 49  - 19 33 53
 66 56  7 12 32 51 37  -  -  - 64  - 42 61 44 55  6 59 48 70  2 41  -  - 46 27 30  1 53 17  9 63 54 50 39 22 25 33 24 15 21 45 10 49  - 35 43 67  - 47 58 14 20 65 68 52  - 38 23  -  -  3  8 19 29  -  - 62 57  -
 60 51 68 69 45 52 53 33 13 61 12 23  - 22 25 15  -  - 54  8 40 11 47 67 57 70  - 43 20  - 64  - 14 63 27 26 39  6 49 28 56 19 31 29 32 46 48 16  - 44 21  - 36  - 41  - 35  - 50  -  - 10 42 38 65  4 34  5 59  -
 62 14 25 34 23 56  - 53 48 33 36 28 32 65  - 45 35 46  5 10 44 19 38 31 18 15  - 50  3 61 69 43  - 13 64 42 57  2  -  9  - 40 21 11 70  -  -  - 60  8  1 37  -  4 63 30 47 59  - 66 16 67 39 24  6 55  7 17 68 54
  4 45 47 30 49  - 32 14 41 17 11 63 44 52 13 38 53 50 62 61 19 37 29 57  5  3  - 36  - 66 23 16 34  8  2  9 54  - 35  - 46  -  7  - 48  -  - 18 59 22  - 10  - 31  -  - 68  - 15  - 43 12 65  - 55 28 58  - 39 40
 39 25  - 22 57 32 42 62 34 59 61 29 55  9  - 30 13 24 50 11 12 65 58  -  -  -  - 41 48  2 36 53 69  6 40 18 60  -  -  -  5  - 15 19 33 43  - 20  - 10 63 68 47  - 54  4 45 28 31  - 70  7 52 37 46 44  3 51 21 27
 27  2  5 65 64 31 46  - 37  1 18 24  9 41  -  - 23 36 32 55 53  7 39 68 28 17 52 13 49 45 15  - 16  - 12  -  4 47 25 40 26  - 11 33 22 61 51 43 50  - 70 62 60 38 44 20 19 14 30 35 21 58  6  - 57 56  - 48  - 42
  - 26 33  - 10  -  2 44 68 69 22 34 41 21 49 32  -  - 45 42 46 29 35  - 64 54 51 11 18 47 60  - 50 67  9 57 55  4 19  1 63 48 70 38 66  - 20 28  5  6  8 24 39 17 58 23 31 40 59  - 56 30 16  3 36  7 37 27 14  -
 69 13  - 70 63 48  - 26 24 47 29 16 11 31  -  6  8 49 67 14 10 39 15  4  - 68  -  - 60 23 56  - 35  3 33 41 45  5 37 66 19 54  - 34 57 55 64 61 28 38  2 30  - 62 21 58  7 32  -  9 53 20  - 50  - 59  1 12 42  -
 34  3 13  - 42  - 17  - 56 63  - 46 19 60 61  4 45 67 52  7 38 69 21  -  1 51 14 33 70  -  2  -  - 31  -  - 41 16 59  5  - 10 65 43 18 54 23  -  9 29 37 28  6  - 32 22 15  - 35 62  -  8 68 12 11 40 57  - 27  -
  - 70  - 23 33  -  9 51 43 19 30 10  3  - 62 25 67 31  - 15 11 53 44 60  - 12 21  7 36  - 59 18 17 52  - 68 38 14  8 16 61 56  - 47 40 29 50 64 41  -  - 13 42 54  1 32 24 39 66 49  - 65  - 20 45 46 48  6  -  -
 40  -  6 42 16 46  7 18 67  3 48 33 60 59 68 54 31 32 55 23 15 61 36 22 10 38 20 26 62 44  - 65 24 66  - 69 43  - 29 37  - 12  -  - 51  4 70 58 11 41  9  1 27 30 14  5  - 47  2 57 39 63  -  8 64 19 25 53  - 34
 35  - 46 62 36  - 33 54 40 56 28 30 17  -  - 49 39 27 43 52 58 12 11  - 19  -  - 57 38 65 32 60  7 37  - 14  6 51  - 24  - 21  - 22 23  -  - 41 44  3 68  2  -  -  8  - 55 61  - 25  - 13 63  -  -  1 10 59 15 16
 38 41 59 31 69 14 24 47 57 42 23 35 18 50 33 48 64 51 20 32  - 28  7  - 25 39  -  5 45  - 26 36 63 60  - 58  - 70  2  -  -  9 54 16 19 21 12  8 10 67 62 43  - 49  - 44 34 56  4 17  3  1  - 61 27 52 46 13 40  -
  - 64 29 60 54 50 35 41 62  8  - 45 28 67  2 14 38  1 10 22 65 23 30 70  - 61 19 31 43 69  4 46 68  -  -  - 32 12  7 44 40 39 66  9 20 58 34 36 56 49 51  5 16 37 47  6  -  -  -  - 48 59 13 26  - 27 21 52 11 63
  - 30 63 58  1  - 34 23 54 16  6 51  4 49 48 44 56 41 59  5  - 55 27 40 70  - 31 45  8 33 65 68 46 35  - 66  - 20 36  2 64 42  - 67 21 60  - 19 52 32 50  - 24 57  9  7 14 17  - 53  -  - 10 43  - 12 39 11  -  3
 21 34 49  1 27  -  - 10 50 66 56 12 58  - 24  -  5  - 38  - 63 59 53  6 55 44 23 30 54 22  -  -  3 48 60 16 15  9 14 25 20 32  4  - 65 17 47  - 40 33 42 11 28  - 19  - 46  7  - 37  -  2 70 57  - 69  -  -  -  -
 37  8  -  2  - 29  4 45  6 30  - 57 69 40 67  - 32 16  - 39 48  -  - 15  - 19 44 20 66  - 12 55 31 54 49 56 61 43 34 21  3 41  9 27 63 25  -  - 17 35 24  - 50 33  - 65 70 13 64 59 18 46 14 36  - 11  -  - 38 68
  - 62  - 41 19 40 25  - 22  - 47 14 70  - 45 17  2 21  - 27 55  - 54 65 12  - 60 18 64  -  - 20 36 30 67  - 24 57  5  - 28  - 16  -  9 15  - 34 58  - 66 42 68 44 26 43  3 10 38 61 59 48 37 56 50  6  4  -  -  -
 24 23  3 51  -  - 48 37 12  -  - 59 21 20 18  - 41  5 57  - 45 33 13 53 42 35 43 47  4  - 10 66 55 17 31 28 36 40 39  - 27 22 67  6  - 11  9 65  8  1 46 19 26 32  - 38  - 64 49 68  - 60 69 54 34 15 30 63 16 61
 36 59 16 10 30 39 61  - 29 62 19 67  - 55 11 57 47 25 65 50 22 52 43 26  - 49 15 63  5 68 24 12 21  7  - 34  -  - 53 54  2 33 46 58  -  3 38 17  - 23 20  6  - 56  -  -  9 48 32  4 37 70 44 27 51 66 14 40 28 64
 63 15 44 55 25 42  - 52 45 18 20 65 62  -  8  - 66  - 21 58 49  6  - 11 31 16 68 34 46 40 50  - 61  5  - 37 13 27  - 32 53 26  - 36  2 14 10 56  - 30 67 38  4  - 69 54  - 43 33 41 24 57 12 39 28  3  -  -  - 60
 10 18 17  - 38 24 19 22 20 40  -  9  1 16  6 39 57 42  - 48 41 54  4 14 26 67  8 37 25 70 68 50  - 12  - 32  3 59 69 45 52 65 55  - 64  - 49 29 53 61  - 63 11  -  -  2 58 31  - 23 66  - 34  -  7 43  - 44 60 21
 13 33 62 53 31 16 49 50 51 38 67 32 43  - 19 65  -  2  - 34 20  4 60 45 59  5 29 69  - 56 21 28 66  - 37 23  8 68 54  - 57 18 64  7 39  - 24  - 12  - 27 47  - 41 15  - 40 70 44 63 22 14 36  -  - 10 35 58 55  1
 23 57  - 36 21  - 15 32 64 11 17 47  -  5 35  - 63 68 56  - 34 58 65  2  7 60 62 40 39  - 18 27 41 69 48  - 28 44 67  3  -  - 49 52 50  -  - 24  - 37 22 25  - 12  - 26 16 46  6 29 51 42  -  - 38  - 33 45  - 59
 54  - 48 63 29  -  3 64  1 46 65 39 67 17  5 40 15 14 70  6 50  -  -  - 43  - 13 61 21 60 19 51  -  - 38 59  - 28 44 33 47 58  -  8 34 22 53 10 37  - 11  -  -  7 30 69 26 36 24 31  - 45  - 66 41  -  9 57 52 56
 47  -  - 67  2 18 16  7 35 32 41 42 15  - 60 50 29 54 46 33 66 70 62 61 69 58  1  - 37  8 14  - 49 45  - 40 26 25 65  -  4  - 27 13  5 63 57 31 48 59  6  3  -  - 56 36 39 24 52 30 17  -  -  -  - 64 68 43 12 38
 17 37 10 44  -  - 57 42 33 34  - 43 26 27 66 61 51 48 63 13 24  - 41 59 16 52 25 15 22  - 45 23  - 70 65 29  - 53 46  8 60  5 12 39 36  - 30 21 14 50 38  4  7 68 67 19  - 62 11 58  -  - 47 32  9 31 55  - 18  -
 46  1  9  - 68 66 20 24  - 44 58 27 40  - 34 59 62 12  - 60  3 57 16 56  - 48 67  6 41  - 43 33 28 21 14 36 29 30 42 11 55 70 47 64 13 10 63 39 26  -  5  8 31 50  - 51 17 45 37  2 32 38 15 52  - 54  - 69 53  4
 48 19 24 59 58 60 54  - 18 10  8 36 25 45  7 37 14 34  3  1 23 66 31  - 44 28 12 16 27 15 47  -  -  -  - 50  - 26 61 22 29 52 43 17  6 39 55 40  -  5 30 57  9 69 38 68 67 63  - 65 33  4 62 64  - 21 53 46 20 51
 68 61 15  4  - 11 51  8 55 20 38 56 45 54  3 36 58 70 41 46 17  -  -  - 39 63  - 48 35 43  5 67 19  9 62 21 14 66 26 10  - 64 18  1 69  2  - 32 57 42  - 31  - 27 37  - 12 65 16 47  - 28 53  - 23 25 44 29  7  -
 25  - 11 20  -  -  -  3  -  - 45 22 56  - 31 42  -  4  - 41  - 18 70 10 17 32 48 67 29 50 46 24 12 36 34 47 62  - 27 35  -  - 28  2  -  -  8  - 21 64  - 58 19 51 66 49 53 55  7 14 68 16  -  6 44  - 43 33  5  -
  - 22 36 28 66 10 31 70  9 43 54  4 30  - 32 23 37  - 58 63  -  5 17 52 50 29 33 42  - 57  3 40  - 27 20 48 49 35 41 38 25  -  8  - 12 59 11 68 67 53 14 55 21 24 39 16  -  - 46 64 13 34 61 45 15  - 51 26 56 47
 19 43 21  3 55 30 65 12 14  - 53  - 10  - 41 58 50  7 68 59 25 47 51 20  8  - 35 17  2 62 52 69 29 32  -  4  - 34 11 36 67 46 37 57 28 24  5 22 23 15 64  -  -  -  - 31  -  -  - 16 38 27 49 44 26 63 40  1 66 39
  - 48 60  - 59 69 26 21 42 49 27 17  6 12 15  -  -  -  2 18  5  8  -  -  -  9  - 14  - 34 70 61 40  -  3 33  - 38 51 62 39 47  -  - 52  - 68 46  - 13 28 66 54 53  - 55  -  1 25 22 45 11 20  - 56 67 31 41 10 24
  - 65 56  - 50  - 59  - 46 13 69  - 52 68 51 41  - 58  - 35 30  - 49 37 14 34 40 21 11 28 27  3 60 29 53 64 19 36 32 63  - 62 26 70 42 57 45 66  1  9 61 23 12  - 43  -  4 20 10 18 67  5  7 48  - 39 47  8  6  -
 28  - 57 64 65 23 55 36  - 45 62  - 50 24  -  - 40 60 14  - 70  - 46  - 30  -  3 68  - 19 63  9  - 42  -  2 18 56 13  7 51  -  5 59 35  - 69  - 27  4 10 54 67 16 17  -  6 29 48  - 26 21 11  -  - 33  - 20 22 41
  2 68  4 46 56 17 62 55 31  -  - 21 49 13 29 53 34 10 27 40  9 26  1  5  - 22 45  8 58 14 38 42  6 51 52 24  -  7  -  - 59 20 30 54 47 41 33 70 65 57 19 15 69 64 25  3 37 66 43  - 28 23 67 18 61 60 63 16 36 44
 33  -  - 15  -  7 44  9  -  -  - 69  -  3  - 68 49  - 24  - 56  - 64 17 47  -  5 60  - 59 66 14 27 19  - 13  2  - 57  - 34 51 52  - 10  8 32 55 62 12 16 26 38 43 18  - 65 35 54 70  6 37 21 67  - 41 20 36  4 22
 70 28 39  - 60  -  - 19  - 22 33 64 38  8 23 46 48  3  - 24 43 21 32 50  9 18  - 52  1 49 54  6  4 16  5 61 35 37 58 41 13  7 53 68 14  - 26 57  - 25 15  - 62 67 45 56 44 11  - 20  - 36  - 47 59 51  -  - 29 10
 67 63 42 52 47 35 39 68 27  9  -  5 65 34 12 43 28  - 19 51 57 30 69 29  - 40  - 62 32  4  - 37  -  - 46 54 17 49  -  - 24  - 33 23  - 31  - 15  -  - 60 64 18 45 48 14 61  - 20 36 58 53 38 55  1 70 41  -  -  8
 64 38  - 39 41 57 70 66 61 27 55 48 31 43 69 52 10 20  6 19 32  - 40  1 45 65 34 24 56  9 58 47 53  -  -  3 44 21 28  -  8  - 35 12 30  - 46 25 33 60  4 36 49 26  2 37 59 23 42  7 11 22 50  - 14  5  - 67 63  -
  3 60 58 50  - 65 45  5  - 57  2 19 64 46 36 16 12 17  4 56 67 10  9 69 15 41 54  - 63 52  -  - 51 40 70  7 34 55  6 42 14 35 62 18 43  - 37  -  -  - 23 21 30 39  - 28 25  8 47 44  - 33 24 22 48 26 29 61  - 31
 51 50 53  7  5  - 23  - 36  2  - 26 63 56  - 33 61 62 11 12  6  9 24 30 37  - 28 66 67  1 17 29 59 57 32 15 52  - 40 31 58  3 19 60  - 65  - 14 20 68  -  - 34 18 55  - 38  4 70 27  - 69  - 10 43 16  - 22 13 48
  9 44 51 21  - 58 38  - 69 25 13 31 33  - 37  1  -  8 26  - 27 67 10 41  2  - 18  -  -  5 35  - 22 55 19 53 64  - 56 61 32 29 60 14  - 34 36  7  6  -  3 40 57 23 12  - 11 49 17 52  - 54 48  -  - 50  -  - 62 20
  - 39  -  8  7 41 11 46  -  6  -  - 22  1  -  -  -  - 47 64 36  -  - 19 48 26  2 25 15  -  -  -  - 65  - 38 51 67 33 29  - 53  3 31 27 66 16  4 63 28 18 61 52 40 24  9 13 12 62 54 44  - 23 69  - 34 49  - 35 37
 20 12 50  - 62 28 47 17 53  -  4 15  - 48 42  7 24 29  - 31 35 40 67 34 63 30 37  9  - 32 22  - 39 14  -  -  -  - 43  - 44 38  1 56 45 70  -  6  - 52 26 16  -  3 46 64 36 21 58 51  - 61  -  - 10  - 11 55 65 33
