3920
 31 26 15  8  -  - 59 41 28 10 64  - 40  - 25 54 36 12 20 23 27  - 30 17 14  3 33 46 39 63 52  - 44 21  - 29 65 51 22  7 69 43 50 68  - 37 61 42 19 11 32 49 18  9  -  - 53 35 38 24  5  6 66  -  2 70  4 13  -  1
 14  -  -  - 31 64 56 19  - 61 34  2 12 63  - 66  - 55 15 10 33  1 29 35 25 59 43 57 17 47 36 23  4 48 67  - 13 53 30 20  9 54  3 45 22 39 27 44 41 49 51 69 46 70  - 11 40 62 24 21  6 28  - 50  - 65 32 60 38 58
  - 17 34 10 35 68  - 57  -  1  6 52  -  5  8 46  - 44 63 64  - 29 13  - 56 55 51 31  2 23 45 21 20 49  - 36 53  4 16  -  7 28 19 43 67 15 38  -  - 39 58 65 25 30 37 32 26 42  3  9 60 54 47 66 50  - 61 18  -  -
 63 15  2  -  - 43 33  - 46 70 39 14 32  - 59  3 58  -  -  - 65 54 48 38 42 18 68 55  5  -  -  8 27 56  7 62  - 41 64 17 60  - 28 20 35 44  - 67 26  9  4 25 13  - 31  - 45 49 37 36 61 16 24  6 66 21 53  - 52 12
  -  6 53 54  7  -  -  - 39  - 31 49  - 45 50 12 21 60 17 32 28 42 35 41  8 62 11 30  - 20 40 34  - 37 25 10 55  -  - 67  5 52 63  2 65 23 47  - 66 43 26 59 36 64  3 48 51 56 15 22 44  1 33 57  9  - 16  -  - 68
 65 50 37 62 20  - 15 21 12 17 42 33 51 25 34 53 14  1  8 48  -  -  2 22 26 49 18 44 46 67 28 68 32 66 57  9 23 35 39 10 64  5 70 47 61 43 11 41 30  7 69 38 63 13 60 19 29 59 58  3 27 24  - 40 45  4 54  6 16 31
  - 65 18 45  5 32  - 13 36 16 61 10  -  -  -  -  -  9 29 37  4  - 69  3 28  - 59  - 58 52 14 33 41 44  - 40  6 30  2 57  - 12  1  - 43 67 54 39  - 27 34 31  - 60 70 17 38 23  -  - 48 68  - 11 64  -  -  -  - 15
 16 31 10 46 52  4 69 45 58 12 21 68 63 40  1 32 22 27  2 26  -  - 61  - 13 14  - 11 56 70 66 35 38 54 43 64 15 20 65 18 49  6 57 34  8  5  -  3 37 30 25 53 44 17 48 24 50  -  - 33 36 42 41 67 62  -  - 28  -  -
  -  - 24  6 11 23  -  7 35 52 37 63 31  4  - 59  - 47 57 12  3 64 38 26 20 36 58  - 45 65  8  - 60 29 56 21 27 13 70 22 51 44 32  9 55 33 30 40  -  - 50 39  2 48 61  5  -  -  1 10 54 14 28  - 67 62  - 16 34 18
 50 34 56 36 28 54 65  - 45 39 32  - 21  - 68 11 24 52 27 33 19 69 70 63  - 48  1 40 47  8 59 38 12  - 44 60  - 66 46 35 23  9 25 13 17 14  5 43  - 20 30 62  - 29 22  -  -  7 10  2 41 51 49  - 55  - 57  -  4  6
  4  -  - 44  - 57 38 10 54  - 23  6 36  - 13  -  3 65 31  9 29  - 15 45 43  1 20 48 12 35 33  -  5  - 55  -  -  - 28  - 42 17 21 51 69 47  - 70 68  - 67 16  -  2  7 46 56 63 53 34 66 37 61  - 11 50 62 58  - 60
 38  -  - 18 47 52 25 66 30 57 55  -  - 26 43 14  -  6 41  - 58 63  - 11 62 64 44  8  -  - 31 32 28 39 50  - 59 16 54 60 61 51 24  7 34 49 15  - 48  1 35 56  - 37  - 45  9 29 12  - 40 70 20 17 23  - 46 68  - 69
 12 45 58 38  -  -  -  - 49  - 14  5 46 51 15  6 33  - 13  - 52 36 53 70 44 61 22 20  4 21 60  - 59  3 34 30 56 67 11  -  1  - 55 25 10 16 28 31  - 42 24 27 32  -  - 66  2 43  - 64 69 48 65 37 40 54 68  - 39 47
  - 60 57 17  - 58 54  -  - 33 46 65 29 12 31  9 40 56 21 55 44 38 39  - 15 35 69 27 41 19 64 52 50 20  - 22  - 11  8 32 10 24 53 66  3  -  -  - 42 45 28  - 16 59 63 47  - 36  - 37 70  -  -  4 61  - 14  7  6 26
 61 14 12 58 64 24 50 55 32 15 35  - 38 33 30 62 41 45  7  4 60 37 26  -  - 52 27 39  1 18  6 10 23  - 20 13  - 59 21  - 65 68  2  -  9  - 53 51  - 29 54  - 56 49 36 70 25 46 69 44 67 57 42  8 22 11 48  3 47 63
 59 29  9 12 46  - 34 61 66 20 33 56 52 36 45  - 16 49 32  - 35 44 37  - 47  8 67 43 60 55 48 50 54 30 63 26 17 39  - 25 27  3  - 15  5 51 13 68 21  - 41  7 22 10 14  - 62 28 23  1 11  - 38 58 42 64 70 53 65  2
 58 42  - 34 32  - 31  - 63 53  - 22 48 11 17  - 65 69 23 54  -  6 50  - 21 56 16  - 59 36 29 43 40 67  9 12  -  8  -  3  -  -  5 27  7 64  -  - 38 35 55 45  4 14  - 33 46 68 60 57  -  -  -  - 13  - 18 24 62 37
 55 20  1 51 24 27 29  - 41  6 48  - 23 61 28  2 38 58 18 60  -  - 10  -  - 45  5 65  -  - 70  - 52  - 13 37  - 19 50 47 33  4 22 17 42 35 32 46 44  8  - 43 69  -  - 57 63 67 40 26 59 31  -  9 53 68 66 36  -  3
 36 33  - 47 10 37 43  -  6 29 12  - 62 14 58 42 20 13 44 56  8 28  9 50 65 68 39 64 15 25 67 59  1 31  -  2 46 49 66  - 52  - 40  -  -  - 60  -  -  -  3  - 23 63 17 34 48 26 16 54 19 55 21  7 69 35 51  4 27  -
 69 53 19 32 13 41 67 48  - 51  - 24 30  - 27 16  - 39  9  - 11  -  - 56 58 31  -  4 23 61 34 60 65 59 54  3  -  - 35  2 12  1 68 29  -  8 42 63  - 44 10 70  - 20  - 14 28 18 55 43 57  7 15 38 25 66 45 33 17 40
 51 39 36 66  3  2  4 63 62  - 70  - 19 53  5 47 45 50  - 43 22 25  6 12 60 44 15 18 33 68 32 26  - 23 65  - 20 37 67  - 58 64 14  - 31 52 40 34 13 16  -  -  - 69 41  -  -  - 57 38  - 27 10 61  - 17 21  1  9 48
 41  - 14  4 53  - 32 26 64 62 59 16 66 28 38 22 56  - 43 44 69  -  - 55 45 63  3  1 68 24  9 67  -  2 39 46  - 40 61  - 36 57 37  -  - 60 23  -  - 51  - 13 27  - 19 18 30  8 70  -  - 35  6 65 49 48 10 34 21 17
 33  - 45 42 43 53 63 11 52 22  4 46 67 44 60 19 50 18 14 59  -  8 20  2 17 25 54 23 61 34 16 64 26 41 31  6 69  -  - 36 68 27 13 55 32 30 51 12  - 65 40  - 24 62 47  9 39 58 28 66 38 49 48  3  - 29 35 15  -  5
 17 32 30  3  -  - 36  -  - 54 63 67 50  8 10 55 68 59  - 53 21  -  1  9  -  - 25 15  -  7  - 11 58  - 40  -  - 26 60  5 18 29 33 57 24 65 41 35 69 23 45 14 28 19 52 37 64  -  - 12 46  - 27 70 48 13 47 43  - 49
  - 35 43 61  8 60  - 42  9  - 67 38  - 49 33 56 39 70  -  - 16 34  5 65 69 30  - 68 10 54  -  4  -  -  1 57 40  -  7 64  - 48 45 62  6 55 17  - 31 66 13 28 41 24 32 12  -  - 44 59 15 23 14 52  -  2 29 51 25 53
  -  - 42  -  - 21 66 20 26 30 68 13  3 59  4 67 17 15  - 27 63 57 24  8  - 33 12 19  -  - 58 48  -  1 23  - 70 45  6 39 55 34 46 61 51 41 44  - 35  -  -  - 40 38 18  - 43 32 65 50 16 29 69 31 28 14 22  -  7  -
  - 68  -  - 58 66 11 15  3 63  - 48  6  -  -  - 23 67 34  2 59 21 14 31 35  - 41  - 22  4  7 16 10 57 38  - 61  - 52 13 70 25 44 56 20 26 12 50  - 32 43 17  8 46  -  - 36 40 27 60 62 18 29  -  - 33  5 45 64  -
  - 11 68  -  9 12  - 30 13  -  - 17 57  - 62 37  - 66 48 22 45  - 34  1  -  - 65 53 18 64  - 55 14 40  - 61  5  -  - 50  - 33  - 67 16 69 29 10 28 36 70  4 35 42 49  8 20  2 63 46 52  3 26  - 51 60 15 39 31 25
 62 49 46 21 69 33  3  - 37 24 60 40 59  7 20 44  6 16 38 51 54  - 64 43 55 26  4 67 53 58 22 27  - 50  5  - 52  - 23 42 17 47  - 48 25  - 66 13  2 12 15 41 45 68 39  - 10 14  - 65 28  8 70  - 36  - 56 57  - 32
 24 41 28 55 68 59  7  - 10 23  -  - 17 57 66 60 62 48 33 31 47 16 42  4  -  - 38  -  -  - 20  - 53 19 51 35 45  - 25 26  - 50 67 69  -  9  8 21 54  - 63 44  - 39  - 65 61  - 56 18 14 15  3 27  6  5  2 70 36 64
 34 43 52 15 33 56 19 62 11 21  1 35 64 38  - 27 28 25 26  - 30 66 60 58  - 46  - 54 50 22 24  -  - 47 42 65 68  2  - 31  6  -  9 39  4 70  - 32 55 48  - 29 61  - 20 63  - 12 45  - 10 40 36 18  - 23 69 44  -  7
 60  - 22  -  -  - 10  -  1 44  - 29  2 37 12 58 48 17 11 63  5 13 27 52  7 65  6  -  9 30 57 20  -  - 66 34 31 33 59 43  -  8 16 41 70 36  - 23  -  - 21 46 19 15 68 64  - 25 18  4  - 61 54 39 32 47 38  - 42 51
 67 61  3 52 57 14 47  -  - 58  - 34 16  - 44  - 35  -  4 66  -  -  - 23 49 37  7  -  -  - 39 15 11  9 53 43 62 21 69 33 25 40 26 64 41 19 48 55 45 18  6 54  -  - 13 51  - 24 31 29 65 20 12 63 56  - 30 42  - 46
  9 23 26 25  -  3 48 51 20  -  8 36  5 56  -  - 32 38  -  - 64 11 46 53  - 43  - 41 42 45 17 30  7 65 27 50 16  - 44 63  -  -  -  6 66 54  - 19 60 67 22 47 70 52 34  - 21 33 62 68 31  2 13 15 10  1 55 37 59 28
 57  - 60  -  1 42 37  9  -  5 19  8 33  3 18 41 69 46 67  - 32 22 59 48 70 10 47  2 34  -  - 40  - 12 35 38 51 29 49 54 56  - 64  - 14 17 31  6 52 50 36 23 62 65 43 20  -  -  - 11 63 45  4 25 30 55 26 21  - 66
 23 19 65 13 30 26 41 37 33  - 17 57 47  9  2  - 63 10 46 49  - 68 44 62 53 69 35  6 52 51 15  - 18 45 24 16 29 28  -  - 43  7 12  5 64 58 56 60 27 40 61  - 66  8 25 38 67 55 54 32 22 50 39 48  4 42 20 59 14 21
 26  3 33 65 56 25  - 35 19 48 57 12 55 47 41 64  - 32 66 16 15 59 40 18  - 70 13 45 38  - 68  - 24 10  - 69  7 60 62  4  8 42 36 23  - 29  2 53 49 28 20 30 54  - 50 21  -  6  -  - 51  - 43  5 63 31  1 17 37  -
  -  - 35 69 37  - 64 24 43 25  - 19 49 58 23 36  - 11  6  - 62  9 66 29 50 47 21 12 54  - 30 63 55 13 17  7  4 31  - 40 48 65 59 52 53 68 22 16 46 33 39 34 42 41  - 26 60 70  2  - 56 38  - 32  1 28  8 27  - 10
 21  2 39  - 25  - 13  - 68  9  - 15 20 67 56  - 34 23 54  8  1 65  7  - 24 12 52  - 30 49 61 69 64  6 33 70 66 62 58 28 41 53 18 37 48 42  - 57  - 60 38 50 14 32  - 55  4 47  - 40 17  -  - 10  -  3 63 22 46 59
 28 56 69 70 63  8  1 40  5 27 25 50  9 10 52 48 67 29 53 13 42 46 54 24  6 34 26 22 14 66 38  -  -  - 68  - 21 32 45 15 57 18 51 30  - 62 35  -  - 59  - 20  - 23  4  - 37  - 43 55 39 58  7 44 31 19 17 61 49 36
 42 48 13 41  - 18  - 56  - 37 43 62 28  - 16 39 27  -  5 34 66 58 52 61 64  9 23 29  - 60  1 22  - 25  3 68  2 46 63 12  -  - 31 44 40 21 33 65 51  -  -  - 17 47 10 15 54 19  -  6  8  - 45 30 59  7 50  - 53 38
  - 27  5 20 23  1 35 36  - 64  - 70 14 42 47 52 10 53  - 58 18  4 51 46 57 11 32 50 31 44 26  3  8 22 60  - 33  6  - 38  -  -  - 21 59 28  7  - 16  -  - 66 68 61 12 39 65 41 13 25 29  - 67 54 17 43 40 63 15  -
  - 66 64 48 44  5 22 68 55 59 11  7 34 35 26 33  8 54 40 45 14 41 19 39 61 23 31 21  - 15 42 13  - 38 49  1 37  -  - 52  - 10 29 32 18  - 57 56 63  6 47 60 30 27  9 28 70 69 50 53 20  - 17 46  3 36 43 67 58 65
 35 47 41  1  - 10 55 23 31  - 62 61 13  - 39  -  5  - 12 20  - 70  - 59 48 15 36 16  -  6 53 54 69 17 37 45  - 56 40 58 22 30 43  - 29  3 50 64  -  4 60 57  9 67 44  -  -  -  8 51 49 66 25 28 14 38  7  2 11 52
 10 57 50 39  -  - 62 33  2 55 24 23  1 17  3 35  4  -  - 46  -  - 63 30 51  7 40 47 25 48 19  9 22 27  - 15 18 65 29 49 28 31  - 70 36 11 45  8 20 52 44 61 67  5 54  -  - 64 14 42 43 12 60 68  - 32 41 38 13 16
 39  - 31 67  2 51 23 53 56 50 47 21 44 66  9 65  -  -  - 52 38  3  - 49  - 42 55 58  6 17 62  5 48 43 29  8 41  7 12 68 54 15  -  - 63  - 10 22  - 14 19 33 64 34 27 25 69 20  - 70  1 30 37 45 24 16 11 46 18  4
  3  8 66 68 48 29  6 59 44 41 30 26 11 13 65 70 54 22 52 14  9  - 17 36  4 28 50 32 51 31 55  - 42  5  - 19 35 38 56 69 37  2 61 49  - 63 16 20 40 25 53 10 60  - 23  - 57  1  7 47 58 21 34 12 39 46 24 64 67 27
  - 58 48 23  -  - 30 22 57 38 10 69 25 54 32 20  - 63 62 17  -  - 31 51 12  - 61  -  -  -  - 24 43 36 16 18  - 55  4 65 34  - 42 53 13 27 14  -  9  5 64 26  -  6  -  7  -  -  - 19  2 11 56 60 47 67  -  8  3  -
 70 59 67 37 54 45 16  4 15  - 69 20 58 52  - 38 66  3 39  -  6 32 25 64  1 19  2  5 43 40 65  - 47 53 61 55  8 14 42 62 31 13 60 10 12 24 34 49  - 56 11  -  7 21 51 22  - 50 30 17 35  -  9 29  -  - 27 48 63 41
 52 36  - 49 59 28  - 39 29 19 16 47 68 18 51  -  7 42  3 61 10  -  4 32  2 50 56 70  - 69  - 37 15 60  - 20 54  9 48 21 13 26 62 65 27 38 46 30 34 63  1 64 57 66  - 23 31 45  -  - 33 67 22 35  5 58  - 55 40  -
 47 28  -  -  6  -  - 58 40  - 44 55 54 64  -  5 49 34  - 21 24 10  -  -  - 57  - 69  - 43 27 31 19  4  -  - 60  -  - 61 30 23 65  - 45  7 26  - 36  -  - 22  -  3  - 16 12  - 39 62 37  -  8 14  -  - 52  9  1  -
 32  4  7 11  - 62 70  - 17 42 29  - 18 22  6  - 55 43 65  1  - 50 21 47 66 16 14 26 28 38 12 53 36 63  2 54 30 68 24  - 44 20  8 59 52 45 58  -  3 61 31  - 10 56 69  - 19 37  -  - 64 13 46 34  - 40 60  -  - 39
 27 10  - 29 16  - 53  -  -  -  - 25  - 60 36  - 52  4 70 30 34 31  -  5 54 32  - 49  - 42  - 28 67 15 12 48 26 61 14 37  3 41 39  1 33 13 65  7 47 68 23 58 51 35 11 62  - 38 66 63 45 46  - 55 19  6 44 20 43 57
  - 63  4 40 38 35 24 47 60  -  5  3 43  - 70 17  - 20  1 11  -  - 67 42 52 21 29 61  -  9 56  -  -  - 28  - 19 18 26 55 62 16  7 22 39  6 25 45  -  2 66 32  - 57 65 58  - 54 48  -  - 33 59 41 27 15 34 12  - 50
 46 16 32  -  - 13 61 12 53 60 56  - 39 21 14 29 43  - 59  5 49 18 23  - 34 27 70 24  -  3  2 51 62 33 10  -  - 48  9  6 38  - 66 63 26 22 36 15  1 17  - 42 50 54  - 30  7 57 19  -  4 41 55 64  -  - 28 47  -  8
 22  1 70 16 49  - 60 65 14 26  - 27 35 20 55 68 47 24 36 40  - 62  - 10  3  6 28 37  8  - 41 25  -  7 11 66 63 64 38 30  -  - 15 19 23  - 21 17 43 31 52 67  - 53  - 59  - 51 34 45 13 56 58 33 54 44  9 50  - 42
  - 18  8  9 60 65 45 54  - 69 28 66 53  - 21 50 61 19 37  6 67  -  - 34 31  4 48 35  - 32 46 57 68 16  -  - 22 15 43 44  - 63  - 42 38 25 24  1 14 55 12  2 20  -  - 13 27  - 49 56  3 36  5  - 58 30 39 40  -  -
 56 70 11 19 17 22  5 32  - 35 13 41 26  2  - 61 15  - 10  -  -  - 43  6 38 60 42 51 66 57 21  7 63 52 69 58 14 44 68 59 67 36 30  - 49 18 37  - 29 47  -  1 39 40  8  - 55  -  - 48 53 62  -  - 65 45 31 54 20 34
 25 54 55 57  4 15 52  6 48  - 36 39 37 16 42  - 60  2 68  - 61  - 11 21  -  - 62  -  - 13  5 70  -  8 45 51  1 10 34 14 40 49  - 18 44 66  3 27 59 58 29  -  - 43 35 69 41  9  - 28 50  - 32 53 20 26 65 30 56 67
  5  9 17 33 45 19 28 52  7  -  2 37 56 68 11 69 31  - 61  - 43 49 12 60 27  - 63 10  - 26  - 66 25 35  8  - 36 42 15 29 50 46  -  - 30  - 64 59  6  - 62 24 58 18  1 44  - 48 22 39  - 65  -  - 38 34 67  - 51 54
 44  - 54  - 55 46 57  - 21  - 26 58 45 50  7  1  9  -  -  -  - 52  - 68 37  - 17 59 29 33 23 47 51 70 14  - 28 43  - 66  - 56  - 36 15 61 20 18  - 13 48 63 34 11 40 49  6 22 64 69 32 60 19  2  - 10 42 62  8 30
  -  - 23 56 39 16  2  -  - 66 53  - 10 69 29  4 46 64  - 28 50  7 32 37 40 41  - 62 35 11 18 65 45  - 21 24 49 27 57 70 15 55 17  3 60 20 63 48  - 54  - 51 59 58 33  -  - 31 67 14  - 47 30 42  -  -  6 19 26 13
  7  - 40  2 67 70  -  - 25 49 20  - 27 65  - 43 12 62 50 38 51  - 18 14 22 39 30 52  - 56 63 29 66 46 36 33 34 57  -  - 32 59 23 11  - 48 55  -  -  3 68  8  6 45 15  4  - 10 42 31 47 64 16  1 41  9  - 69 60 19
  -  - 20 63 18 50 12 38 16  - 66 59  - 32 69 28 30  - 35 29 25 45 55 33 68  5 49 34  -  1 11 46 57 42 48  - 39 36  3  9 19 37  4 14  2 31  - 62 65 15  7  - 47 22 56  6  8 17 51  - 26 52 53 23 60 27 58 10 24 43
  8 22 44 14 62 31  -  3 65 43 41 64 60  - 67  - 26 51 55 42  - 48 45 40 11 58 10  - 36  - 54 61 34 24 46 25 50 70  - 56 20 32 69 28 37 12  6 47  -  -  5 15  1  - 38  - 23 30  -  -  - 53  - 21  - 63 33 66 68  -
 48  5  -  7 22  - 68 14 70  - 38 51 61 62 40 45 13 36 25 39  - 23 49 67 30  - 66  3 63 37  4  2  - 69 15  - 58  -  1 16  - 60 27  8  - 32 43 26  - 46 56  - 11 12  -  - 42 65 52 35 34 17 44 47 21 59 64 41 55 33
 40 30 21  5 66 47 39 64 23 46  -  1 15 29  - 31  2  7 49  - 53 14  8 16  - 17 60 56 65  - 69 42 37 55 32 67  3 54  - 24 59 45 34  - 28 10 52 38  4 57 27  6 43 36 26 50 68 44 20 58 18  9 35 51 70  - 12 11 48 61
 15 69 38  - 50 17 46  - 47 45 54 28  7  6 57 13 19  - 16 65 31 27 68 44  - 51 24  9 48  -  - 56 33  -  - 49 67 63 36  8 35 66  -  - 11  2 62  4  -  - 59 40 53  - 58 29  -  - 32 30 42 34  -  - 43 12  3  -  - 20
  - 12  - 59 27 30  8 60 38  - 15 18 70  - 63 51 29 37 45 67 40 24 58 54 46  2 34  - 57 28 35  -  - 32  4 14  9 23 55 19 39 21 52 26  1  - 49 69 50 62 42  - 48 16  - 53 47  5  - 41  7  -  - 20 33 61 36 65 22 44
 43  - 62 30 70  9 26  2 34 40 58 54 69  1 22  - 51  8  -  3 46 67  -  - 19 13  -  - 44 53  -  - 49 64  6  - 12 17 32 48  - 38 56 31 68 50  4 29 61 10 65 52 55 25 42 41 35 60 33  - 21 59 63  - 15 20 23  5 57 11
