3920
 38  - 26 58 49 16 13 57 47 39 24 33  -  4  8 41 32 50  - 63 44 25 65 40 56  - 37 60 59 54 35  - 12  - 36 34  - 30  - 28 64  - 66  6  9 48 52 61  - 23 45 21 10 19  -  -  - 17  - 15  -  2  - 67  - 31  - 27 46 68
 53  8  9  - 25 27 50  - 43 12 56 40 15 38 37 19  1  - 11 57 70 35 51 39  - 55 68 18 31  2 21 61 23  - 33 69  3 63 44 60 17 13 14 64  5 59 10 52  - 30  -  - 24 54 45 32  - 34 49  - 46 26 42  4 36 29  -  - 58  -
 28 69 21 45 56 51  - 43 63  -  - 37 14 70 52 35 55 47 54 33 22  - 48 38 60 46 31  9 15  - 49 58  - 23 12  6 68 57 64 20 67  -  1 39 30  - 62 17  - 36 65  - 27  2 16  - 61  - 34  -  - 24  -  5 41 59  - 26  - 53
 67  7 25  -  - 28 47 54  3  9  2  - 32 51 70 30  - 57  - 43 31 42 60 29 58 22 59 63 10 40 19  - 36 56 26  - 50 14 41 49  1  -  -  - 27  - 38  -  8 18 68 13 44 35  5  - 69  - 48 65 53  4 64 66 12 24 34  - 62 20
 12 54  8  - 53 23  - 29  1 45 63 32  - 46 68 49 39 24 40 28 16  - 20  -  9 15 41 25  - 26  5 18 30  -  - 47  - 19  -  4 50 70 55 52 37 27  -  -  - 51  6 56 42 17 35 44 21 64 13 59 36 66  7 43  -  - 67  - 38 60
 49 61 17 12  -  - 58 51 67 15 53 66  - 50  3 28  9  - 22  4 11 19  - 26  5 30 55 36 25 32  - 60 40 18 63 68  2 52 43  8  -  - 54  - 24 39 69  1 38 42  7 45  - 70 21 23 10 33  - 48 20 16 44 64 14  - 31 47 27  -
 58 30 42  - 22 24 45 65 14 25 29  -  8 37 21  - 11 26  -  - 34 69  - 13  - 67  - 43 35 56 51  - 59 16  - 55 31  - 33 32  - 48  - 10 28  - 53  -  - 61 63 36 68  - 70  7  -  -  5 52 49 15 19 62 64 47  3  - 41  4
 27  - 32  -  - 22 36  6 45 20 37 63 21 64 54 17 40  - 68  - 62  1 14 43  4 28  -  -  -  - 29 66 58 46 35  7 67 48 42 50  8 26 25  -  2 34 39 24 15 56 69  3  - 61 55 16  - 41 53  -  5 19 52 60  - 65 49 18 44 13
 68 18 10 69 30 52  - 56 21  - 42 13 64 48  5 36 70 41 15 44  2 28  9 46 26 16 50 62 33 25 57 40  - 31 55 49 34 17  3  - 61 51 59  - 65 60  4  8 43 53 22 63 19 58 37 66 47 67  7  -  - 23 20  - 45 39 38 54 32  -
  7  -  -  6 15 49  - 37  2 54 34 23 26 39 10  4  - 16 43  8 29 33  - 58 28 36 61 14 67  - 48 47 46  -  - 31 20 25 56 30 66 65 19  - 22 13  1  9  -  - 60 32 45 12 50 68 40 18  - 24  - 59 62 38  - 52 27 21 63 11
 30 34 27 39 62  7 60 21 58  - 17  1  -  - 40  - 38  3  - 13  - 53 29 16 41  -  6 69 43 23 20  -  8 26 37 48 63  - 57 64 36  - 67  - 32 46  - 55 22  -  - 24 51 28 19  2 49  4  -  - 44 11 15 33 54 12  -  - 70 25
 17 59 47  4  7 45 33  3  - 58 30 62 52 24 39  5 31 34  - 46 61 65 54 14  2 38 57 19 26  9 22 64 37 60 56  - 49 12 11 29 44  - 53 25  1  - 55  - 63  - 41 18  8 13 23 21  - 35 32 42 66 40 70 51 48 68 50 43 69  6
  5  - 23 46 20  8 31  1  - 11 47 64 18 53 50 43  - 44  9  - 37  -  - 33 15  - 66 45 57 65 26  - 13 25 16 30 41 40 32 10  4 63 56  7 29 69 14 49 54 39 70 42 52  -  - 34  - 60 62 51 59 36  - 35 68 21  6 67 61  -
 20  - 28  3 36  - 68  - 49 70 48 41 34 40 26 11 27  - 25  1 51  - 61 63 47  - 52 33  9 43 69 30 57 37 67  - 42 53  - 22  5 23  6 44 17 62 45 54 35 66 12  4 31 46 38 55  - 58  2  8 15 60 56  7 50 64 16 24 29  -
 66 29 65  - 67  2  7 55 24 35 70  - 40 19 49 68 53 58  - 27  - 26 37 61 21  - 46  - 51  4 62  - 38 48  - 45 15 10  - 39 18 41 28 54 64  6 34  - 12  - 13 44 36 25 17 30 31 43 63 56  9 33 47 22 52 69 14 59 50 23
 69  -  - 63 19  - 56  8 39 55 38  - 41 32  -  - 34 14  2 48 40 20 45 62 42  - 44 24  4 29 27 43 16 15  - 61 23  - 66 47 25  -  5 68 70 17  - 18  - 57  - 64 46 33 52 54  9  - 60 12 31 21 22 50 28  -  - 10 11  3
 13 33 53  -  - 61 29 11  5 19 28  8 16 58 63 22 20 48 36  - 18 38 68  - 65 10 15 26 52 24 50  4 31  -  - 27  -  - 55 14 35 37  -  3 49 12 42 70 23 46  - 41 32 56 30  - 64  9 54 21 40  -  6  - 34  -  7 25 45  -
 33 20 31 49 12 19 69 67 16  3  8 28 17 29 34 40 44 60 10 14  - 56 55 47 38 37  -  1  - 27  6 68  - 54 61 36  -  7 18 46  9 25 70 42 13 52 23 62 66 63 21 48 50 51 15 26 58  - 43 57 22 53  4  -  -  -  -  2 30  -
 37 31  - 41  9 36 27 38 42  4 66 69 20 28  - 58 62 68 57 52 53  2 10  - 19 17 49  5 46 14 65 13  -  8 18  - 56 51  - 54  7 64  -  - 45 11 16  3 25 34 35 15 29  6 47 59 44 24 23 40 50 32 26 39 63  - 55  - 60 12
  3 38 69 53 18  -  - 50 44 34 43 48  1 54 59  - 12 36 45  9  -  5  8 15 24 68 13 61 41 16 14  - 67 62 21 70  6 37  - 26 33 57 11 55 56 32 31  - 60 64 46 30 49 65  -  -  -  - 40 17  7 22  - 47  - 58 25 29 10  2
  6 60 68 61  - 46  5 16 40 18 58 52  2 67  - 57  - 69 49 11  - 39 36 20 43  9 48 30 63 28  3  -  1 21  4 35  -  - 34 23 19  8 27 26 55 24 66 44  - 47 29 12  - 14  7 41 33  -  - 45 70 42 37  - 13 32 54 51 59 56
 42  - 45 47 66 48 19 69 38 13 12  7 30 15 67  - 35  - 59 56 23 17 27  5  - 64 62 65 53 34 32  1 50 49 41 24 52  - 40 33 28 55  3 46  - 14 43  - 68  2 51 11  - 29  -  - 70 54 44 10 37  9 21 18 57  - 22  6  8 61
 70 56 62  -  4 30 48  - 57 33 27 35 50 26 32 63 64 17 13 42  6 66 18 31  - 11 43  - 16  -  7 34  - 68 60 25  - 49 28 37 47  9 69 21 54 36  - 23  -  8  -  5  1  - 59 45 55 22 67 14  - 44 41 12 39 38  - 46  - 52
  - 22 46 18 11 17 61 60  - 41 57  4  9  - 36 65  5 45  - 10 68 58 59 12 52  2 70 15  - 51 16 39  - 38 62  1  - 42 37  - 24 28 48 53 66 35 29 33 56  - 55  - 64  -  3 50 25 27 31  - 69  - 54 30 19 49  -  - 67 26
 45  - 50 19  -  - 23 52  - 36  -  6 44 57 12  - 48 20 33  - 64 27  -  - 70 69 29  - 24 41 63 28  - 11  -  -  -  8 62 51 39 54 16 17 61 65  5  2 58 22 14 10 66 21 40 43 37 49  -  9 42 55 13 32 67 46 56 30 68 18
 47 41 30 40  - 53 64 61 11  - 25 31  3 23  2 18 51 43 63 12  - 29  4 67 50 65 24  7 58  - 66  - 70 45  8 33 38 22 39  - 34 69  9 48 15 28 35 32  -  - 44 68 60 42 27 20 17 59  -  - 54  1 16 14 26 19  - 56  5 49
 29 48 13 24 39 66 53 40 46 68 14 11 37  8 18 60 56  -  - 26  3  - 38 55  - 41 36 35 42 69  - 57 17  7  - 63 51 62 45  - 52  - 64  - 12 10 22 21 33 20 59  - 15  -  - 49  -  -  9  -  6 67 25 61 58  - 30 65 28 54
 46 70  6 33 28  - 20  9 25 63  5  - 54 62 13 42 52 10  7 55 50 23  -  3 22 12  1 64 39 11 34 37 21 14  -  2 19 45 29 44  - 53 57 43 41 61 26 36 16 38 30 31 59  - 69 24 35 40  -  - 68 18 27 56 47  - 66  8  4 51
 16  4 67 52 23 68  8 39 28  -  - 21 70 35  9 61  - 38 20 30 58 47 24 50  - 44  2 55  - 48 15 22 10 33 57 62 36 46  5 53 43 42 41  -  - 40 51 29 13  - 49  7 54 34 64  3  1 37 27 19 45 31 12 69  6 56 18 63 25 59
 14 19 29 35  - 37  - 13 55 46 21  - 63  1  4 24  - 65 51 58 39 52 70  -  8 40  - 47  5 53  -  -  -  - 38 18 60  - 31  6 20 68 12 30  -  - 56 34 27 62 50 22 28  -  - 17 45 44 25 26 43 48 69  -  - 15 23  3 33  -
  -  -  - 30 40  4  - 14 62 37 36 55  -  - 15 51  8 61 58 59 10 18 56 22 12  -  5 21 69 52 28 41  - 44 66  - 45 32 26 43 29 49 31 63 25  3  - 48 17  7 47  - 20 68  -  9 34 70 39 53 38 27 11 57 35 54  1 23 16  -
 39 64  1 67 70 69 28  - 61 14  - 24 36 18 48 27 41 54  -  6 30 51 21 23 44  - 34 42 20 50  -  -  2 35 13  -  9 43  -  - 16 40  - 56  -  7 47 63 26 31  5 37  - 60 25  - 53 38 29  - 32  - 45 68 65 11  -  4  3 66
 63  2 33 21 41 54 65  - 50  - 39 49 43  - 55  -  -  -  6  -  7 62 44 52  -  -  - 40 14 64 67 16 32 58 59 19 13 15 51 17 10 66 42 69  - 31 60  - 11  - 28  1 56 53 20 61 57  - 37 35 34  - 36 26 30  8 45 12 47 22
 35 11 60 55 43  - 32 20 33  8 13 46  - 63 24 56  -  5 39 65 27 57  -  4  - 51 21  - 40 30 41 59  - 12 28 66 26 67 15 61  - 14 45  - 19 18 48 47  7 44  - 53  9 37  - 69 38 16  6 58 17 70  -  - 49  3 52 36  1 64
 22  - 35 27  - 60 41 34  - 44 49  5  - 68 62  - 42 70 28 19  -  - 47 30  1 29 12 58 61 39 46 32  3 64 14  9 43 21  - 63 45  2 26 16  - 15  - 67 20  -  4 55 17 10 54  - 52 69 50 11  - 56 38 25 51 36 53 48  - 40
 44 32 14  - 46  -  4 22  - 56  - 15 39  -  - 23  - 25 62 45 55 43  2 36 51  -  - 41 11  7 38 53 48 50 27 17 30 33 47 59  - 10 35  - 34 68 64  5 28  - 67  -  - 69 26  1  3  -  8 37 57 54  - 70  - 66  - 52 49 21
 41 42  -  - 69 31 24 68  6  - 45 47 19 22 28 53  4 32  - 17 25 48 33 49  3 56  - 59 30 21 12  -  -  -  - 51 18 65 13  - 62 60 46  - 26  - 63 27 14 54  - 39 38 64 61 35  -  5 66 50  - 34 55 40 70 16  - 37  7 43
 57  - 15  - 50  - 42 17  -  2 20  - 11  3  7  - 43 33  - 49 67 34 69  - 45 63 30  8  -  6  - 26  - 32 25 23 48 27 61 16 12 31  - 62 10 41 54 28 46  4 36 14 53 52  -  - 65 29 59 22 55 38 68 19  5 13 47  1 39 70
 34 58 12 31 68  1 17 28 23 43 46 56 49 47 16 21 24 62  - 54 65  3 66 35 18 70 40 44  7 36 11 19  4 69 39 22  -  - 25  5  - 50 30 57  6 51 15 20  - 60 32  - 37 59 33 64 29 42 45 63  - 52 14 41  - 27 13 61  9  8
  8  - 63 37  - 64 59 46 17 30  1 19  -  - 41  - 28 35 14 36 60 61  - 68 40 43 23 70 45  -  - 33 53 42 24 54 25 11 50 56  3  - 65 32 20 21  - 22  4 58 39  -  - 44 51  -  - 15 47 16  - 10 48 29 38 55  9 31 18 62
 11 10 18 26  - 38 40  4 19  - 23 57 24 59 46 12  -  6  8 47 17 68 50 64 62  7 25 48  - 66 60 56  -  2 70 41 14 39 54 21 53  -  - 27 35 45 49 31 32  3  9 69 63 36 13 67  - 55 51 20  - 58 30 34 22 28 61 33 15 37
  1 50 56 59 35 43 34 30 41  - 64 29 68 10 58 32 17 28  - 24 21 45  - 70 66 18 11  - 22 49  - 51  -  -  - 44  - 20 27 38 13  7  8 60 31 23 46 65  6 37 26 54 14 15 62 63 39  - 36  3  - 69 40 55 25 67  2  5 48  -
 62 43 49 38 63 70 16 36 26 40 44  -  5  - 64  - 25  - 29  - 32 50  1 37 13 47 10 53 12  - 30  9 68 39  -  - 21 24 59 45 15 34 51 28  4 19  -  -  2  - 42  - 69  - 46 14  - 31 35 54  -  - 18 17  7 23  8 55  - 33
 48 68 38 17 27 33 43  -  4 65 31 58 25  - 60 37 47  2 67 20  - 54  -  9 61 24 64 32 62 35  - 14 51  - 19 12 40 70 22  - 57 46 29 15  -  -  -  - 39 10 16  - 21 23 34  - 13 56 30 41  - 45  5  - 66 50 11 69  6 63
 65 27 24  7  - 44  9  - 53 66  -  - 60 21 35  -  - 49 38 70  - 41 57 25 33 34 51 67  3 17  -  - 54  6 30 10  - 16 69 40  -  - 50 29 43  5 36  - 62 52  8  - 18 26  - 56  2 39  -  1  - 12 58  - 46  4 63 64 13  -
 25 35  - 22 21  - 18 31 27  7  -  9 67 42 23 45  2 64 30  - 28  -  - 60 20  - 14 10  -  - 53 24  5 70  3 57  - 29 68 15 26  4 32 59 63 55  - 56 52 69 37 65 48 66 43 38  8 19 12 39  - 51 49  - 44 17 40 62 36 58
 50  -  -  9 34 29 14 33 37 59 67 70 58  - 44 55 60 27 12  -  8 36  - 17 46 23 26 31 68 63 39  5 56 10  - 21 54 64 48 25 51 47  - 66 38 22 18  6 42  1 24  - 65 30 49 15  -  7  -  4 28  3 32 45 53 57 41 13 35  -
  -  - 58 65 38  - 63  5 36  1  - 30 66  7  - 48 21  9 64 39 69 31  6 57 27  - 60 52 54  -  - 46  - 40 49 50 59 18 23 35 70  3 15 20 11  4 41  -  - 45 17  - 62 67  - 33 24 47 56 43  2 13 34  8 29 25 32 22  - 10
  - 37 70 43 32 62 51  - 59 50  - 25 10 44  - 38 63  - 56  7 46 55  - 45 68  - 67 57 19  5 24 49  - 22 15 42 65  - 21 11  2 16 40  - 53  - 13 35 34  9 18 27  3 47 39  8  - 48 69 33 26  - 66  - 60  6 28  - 17 30
  2  1 57  - 33 39 67 44  - 53 52 45 51 11 14 64  - 29 61 40 19 21  - 28 49  8  -  - 50 59  - 63 26 55 42  - 58  - 65 66 31  - 36  - 69  - 20 46 47 43 27 17  - 41 32  - 12 68 16  - 56 37  3  -  -  - 48  -  -  5
 54 63  5 34  2 41  - 15 64 28 65 59  4 12 51 26 10 13 32 23  - 46 58  - 11 52  - 37 18  - 61  6 35 36 22 43  - 69 17 42  - 29 33 49 21  9 24 50 40 68 25 20 39 16  - 48 62 45  3 38  -  -  -  -  8  -  - 44  - 47
 15  -  - 36 65 63  - 53 66  -  6 16  - 17  - 25 54  7  1  - 47  - 28  - 48 58 32 27 13 37 18  2 14  5 29 11 61  - 12 31 40 38 20  4 67  -  8  - 21 59  - 51  - 62  9 57 26 30  -  - 19 35  -  3  - 41 68  - 42 55
 59 52  7 54 24 10  - 47 20  - 33 42 46 14 45  6 66  -  3  5 49 13 63 19 64 32 22 38  - 62  9 48 69 57 44 58  -  1  - 34 55 36 39  - 23 50 17 41  - 15  2 70  -  4 12 31 68 51  -  - 21 25  - 37  - 40 43 28  -  -
 31 57  - 56 29  - 38  7  - 23 10 18 35 25 22 67 13 66 21 32 59  - 42 27 55 45 19  - 60  -  - 44 24  1 54 16 64  -  9 58 63 43 47  - 68  8 37 12 48  -  3 33 41 40  - 52 51  - 28 36 61 39  -  - 62 30 15 53  - 34
 40  - 48 66  3 57 52 26 22 31 69  2 56 16 25 34 18 15  -  - 63  -  - 65 32 61 28 68 70  -  8 62 55  9 23 60 12 54  7 36 46  5 43  -  -  - 58 30 45 13 19 59 47 38  - 11  4 20 14  - 27 64 35  1  - 53 42  - 21  -
 10 25 66 60 48 50 15 41 34 64 51 39 53  - 38  7 26 37  - 21  4 70  5  1  -  -  - 23 27  8 43  3 42 24 17 52 16  -  - 13 49 44 68 31 57 20 40 58 18 35 62  9  - 22 65 29 46 11 19 55 12  6 61 28  - 45  - 32 14  -
 56  - 41  - 42 20 30  - 54  - 59 14 48 66  -  2  - 40 27 69 24  - 53 32 31 26 17 13  - 45 36 15 61 52  - 64 29  3  6 70  - 35  - 37 16  - 25  4 49 65  - 38 55 50 18 51 67  8  1 60 62  - 57 46 23 63 39 34 43  7
 18  -  2 14 13  -  1 48  9 60 61  - 33  5 53 46 23  4 52 22 41 30  -  -  -  - 58 49 32 67 17 54 25  3 64  -  - 68 16 24 59 21  7 50 62 63 44 11 19 26 57  - 35  8  - 12 42  - 55 70 47 65 28 20 43  - 29 38 51 27
 21 65 39 25 31  5 44 63 70  6  - 54 12 49  - 62  - 51 18  - 15 67  - 42 30 66 47  3  2 60  - 36 27  - 68  - 37 34 46 69 56 17 22 45  - 64 50 43  - 29  1 23  4  - 53 10 48 52 33 28 41 57 24 16 61 26 20  7 55 38
  -  - 61  5 16  -  - 45 52 17 68 26 29  - 33 69 22  - 42 50 48 37 23 53 14  -  3 66 34 19 59 25 41  -  - 28 55 58  - 65  -  - 49 51 44 57 21  -  9 27 38 35 11 43 67  - 20  1  -  - 64 63 39 36 32 18  - 15  2 46
 32  - 55 48  8  -  -  -  -  -  4 20  - 30 47  - 59 42 24  - 54 60 12 11  - 62  7 56 23  - 45  - 44 41 50 40 17 61 49  2 69 33 37  9 46 38 28 39 57 19  -  6  5 31 36 25 63 26 65  - 14 43  1 52 15 10 51 66 22 16
  9 44 37 29 14  - 35 25 68 69 32  - 27 41  - 16 58 67 70  - 26 64 62  8  7 42 45 20 49  - 13  - 15 43 46 59  - 56  - 12  -  - 38  - 18 30 11 53 65 21 33  - 61  1 22 28 54  6 24 66  4 50 10 63 55 48 17 19 52 36
 19  -  - 42 17  - 70  -  8  5 26  -  - 43  -  - 45  - 69 18  9 63  -  7 59 31 54 50  6  - 33  -  -  -  2  -  4 60 24 62 48 15  - 38 51 25 68 13  - 49  - 28 58 57 29 27  - 10 21 32 30 20  - 65 40 14 64 16 23  -
 43  - 59 23 55 32 49  2  7  - 18 10 38 52 29 33 67  -  - 25 35 15  - 51 53 39 16 28 17 68  -  - 64 47 34  4 46 41  1  3 11 12 61 36 42 66 70 37 31 40 20 50 13 27  8  6 56 65 22  5 58 62 63  -  9  -  - 14 57 69
 61  3 34 32 51  -  - 70 30 52 11  -  7 45  1 10 29 23 41  - 33 22 17  6 36  - 39  2 56 38 44 50 18 63 47  5 66 35  - 48 58 59  4  - 40 16 67 64 69  - 15  - 43  - 28 62 60  - 26 46 25  8 65  9  - 42 57 68 12 31
 36  - 51  - 61  - 25  - 56 21  3 38 57  2 17 52 14  - 66 62  -  4  - 18 35 48 69  6  8 58 23 65 20  -  9 13  -  - 67 41 37 22 63 34 39 33 19 26 24 11 40 46 70  7  1 53  -  - 42 68 10 49 29 31 59  - 60 50 54 45
  - 55 43  - 64  9 37 24 13 67 35 44 28 27  - 50  -  - 46 16  1 40 52 66 63 25  8  - 36 42 68 12 49 17  7 32 11  - 20 19  - 61 62  - 47 26  3 59 70 33  - 29  -  -  - 65  -  2 15 69 18  - 31 54 21 51  4 58  -  -
  - 17  - 50 44 47 10  - 31  - 22 43 59 65 66  9 49 39 48 29 56  8 16 54  - 53  - 46 28 18 55  -  7  -  -  3  1 13 35  -  6 24 58 14 36  2 12 45 30 70  - 26 40 63 11 60  -  - 41 62 67 68  -  - 37  -  -  - 19 15
 55 14 20  - 60 26  3 18 65 10 41 36  - 69  -  8 46 56  - 15 12 16 34  - 37 49 63 22 47 31 52 27 62  4  5 53 24  -  - 68 30 58 13 61 33 43 32 19 67  -  - 66  - 11 44 40 23 25 70 29 39  7 59 48  1  9 21 35  - 57
  - 40 16  - 58  - 66 59  -  -  - 50 65 60 27 15  7 46  -  -  -  6 67 24 10  3 33 54  -  -  4  - 43 19 45 29 32 23 36  - 41 20 34 35 52 56 30 14  - 48 61 25  2 18 68 47  - 57 11 64 63 28  - 49  - 22  - 39 37 17
