3920
 70  5 45 61  - 69  - 32  -  - 10  - 21 42 44 59 56  - 36 15  -  -  - 22 33  - 57 41 26 52  2 43 66 47 39  - 49  - 63 37  -  - 46  6  1 31 11 30 12 53 64 20 62 27  - 60 51  - 68 18 14 50 55  8 65 28  3 40 16  -
 44 35 68 21 40 54 43 67 55  - 51 58 59 38  - 45  1 48 14  -  7  5 22 26 65  - 70 18 47  - 39  - 24 49 33  6  - 64 23 16 12 27 31 11 52  - 17 63  4 19 25 10 28 13 56 20 34 60  - 61 15  -  8  2  9 30 32 62  - 42
 60 64 24  - 29  4 30 26 52 69 22 61  - 48 20  - 51  - 10  9 43 11 32  -  -  1 18  8 33  - 34 42  - 54 65  - 12 44 15 49 21 55  - 63 36  -  - 38 66 62  -  3 67 14  7 27  5 40 41 17  - 31 53  - 25  2 57 23  - 59
 25  - 69  -  8 15 39  - 63  - 41 54 46 60 53 43  -  - 70 28 48  6  -  - 26  -  4 61 18 12  -  -  - 35  - 36 59 51  - 55 19 10 47 16  - 42 44  1 29 37  2  7 33 67 11 14  - 52  -  - 22 57  - 50 34  9 24 20 31 66
  - 48  -  - 63 16  8  4  - 35 23 31  - 47 42 61 46  - 27 26 24 38 58 40 44 54  - 68  -  3  - 28  1 57 13  -  - 69  2 66  - 64 20 36  - 17 49  - 60 25  9  6 19 30  5 15 14 50  -  -  7 65  - 29 10 32 51 33 37 41
 28  9  - 26  - 51 45 27  -  1 13 37 48 10 46 29 65  - 11  6 56 19 17 31 41 49  2  -  5  4 21  - 22  3 63 18 30 12 47  - 39 59 52  - 70 69 32 62 36 14 57 66 35 25  -  -  - 23 60 16 34  - 33 20 24 40 68 53  - 43
 15  8 64 66  -  9 11 31  - 23 24 26 13 62 17 49 57 60  - 10 65 56  -  - 29 52 68 14 55 47 50 30  4 25 22 41 63 33 35 39 61  2 19  -  -  -  -  - 42 27  -  - 58 44 12  1  3 53 54  -  -  - 40 70 21 45  - 43 46 16
  -  - 16 60 48 63 62 65  9 12  -  - 61 46  -  4 17 28 13  - 22  3  - 58 30 21 43 27 68 50 26 67 54 11 14  - 42  5 24 70 57 29 66  -  8 55 56 40  2 59  - 35 52 39 64 38 53  -  - 51  6 20 36 18  - 10  7 19  - 31
 38  4  -  7 34 50 12 24 35  -  1  8 36 26 52 32  - 53 48 31 55  -  9 18 70 40 66 43 20 45 57 15 13 61 17 60 54 41  - 30 59 67 23 33 16  -  6 28  -  - 42 11  -  5 37  2 68 22 49 27 19 62 63 65 47 69 58  3 51  -
  - 31  5 29 16 68 13 18 64 11 25 38 41 54 49 30  -  7  - 63 60 27 43 65 37 22  -  - 45 56 59  2 69  - 62 44  4 32 53  - 14  1 61 40  -  - 23 55 24 35 28 50  9  8 33  - 12  - 66  - 47  3 46  6  -  - 39 10 34 21
 49  - 37 20 35 62 24  - 59  - 70 39 33 50 26 18 60 58 45  - 14 36 51 48  4 47 23  3  - 67  5 41 11 17 64  -  - 28 69 31 15 56  1 10 43 27 34  - 22 16 32 25 12 61  8 65 66 19 42  6  - 44 52  - 63 29 54 55  9  -
 65  - 14 45 54 39 63 70 20 53 40  9 38 68 13 22 23  - 55 49 10 69  8  -  - 66 27 36 61 32 42 64  - 18 57 50 25 30  1 41 17  -  7 52  2 19 37  -  - 47  - 43  - 58 51 46  -  -  6 48 33 60 34 24 56  5 35 16 67 62
 41 66 42 68 52 40 31 55  - 18  - 57 28 20 21  6  - 50  -  3  1 30 39 35 62 24 34 65 51  - 22 25  - 38 48  2 60  -  8 17 70 23 16 59  5 54  -  - 64  - 69 33 43  4 29 10 32  -  - 36 61 19 67 46 14  -  - 47 27 12
 14  1 26  - 56 19 50 11 21 27 46 41  - 70 60 58 35 47 68 59  - 40  5 34 31 12  3  4 65 29  9 36  - 67 66 52  - 54 39 10 23  -  -  - 51 28 48 22 45  8 37 42 61 49 24 53  2 44 63  7 64 32 62  - 13  -  - 30  -  -
  6  - 62 24 22 33  - 10  -  2 34 30  - 35 56 68  -  - 29 65  3 21 31 63 39 17 14 47 69 59 54 37 23 16  - 53  - 15 26 36 27 18 42 38  -  - 70 60  -  - 66  1  -  - 19  8  4  -  -  - 67  - 58  - 51 25 52 32  -  5
  -  - 11 22 28 24  6 51 49 16 68 17 37 44 55  1  -  - 57 45 47  - 26  -  - 27  9  -  - 18 67  8 10  7 56 13 21  - 12 34 62  4 58  5 38 46 20  2  - 15 39  -  - 31 65 41 69  3 35 25 43 30 14  - 50 23 60 61 29 54
  - 45 46  -  - 60 25  - 15  -  -  - 23 37  - 31  - 34 22  2 17 26  - 24 21 16 29  -  -  1  - 51 44  9 18  8 56 66 68 48  7 39 36  - 67  5  - 70  -  - 14 58  3 38 59  - 35 42 12  4 41  -  -  - 64 27 47 49 52 57
 23 32  - 67  1 42 46  7 37 49 43  - 22 65 62 10 66 59  - 20  - 50 64  5  -  - 41 21 38 17 52 40 27 34  6 25 58  2  - 15 55 63 35 18 39  4 61 19 28 51 44 70 69  - 57  9 26 16 31  8 54 29  - 48 30 60 11 36  - 14
 11 49 55  3  - 46 15  - 40 10  -  - 32 53 70 14 18  -  - 19 59  - 21 69  - 36 30 26 64  9 29 23  - 48 60  - 22  - 58  -  - 57  - 50  -  1 16  - 65 24 61  - 54 66 27  - 25 51 34 31 56 45 38 63  4 67 41 44  6  -
  1 59 61  - 47  - 32  5 28  - 63  - 44 13 25  2 34  - 64 57 62  7  4 15 67  8 36 30 52 49 55 58 60 39 37 45 53 11 65 14  3  6 69 51 27 33 43 68  - 40 41 56  - 23  - 29 17 21 19  9 42 48 12 22 70 66  - 31 10 35
  - 44 39 56 18 30 58 37  - 38  - 24  2  - 19 26  9  - 32 54 52  - 55 50 61 25 15 49 63  -  - 12  - 43  -  - 69  - 67 11 45  - 48 60  - 16  5 27  6 66 23 13 14 59  - 51 42 62 40  3 46 35  - 33 53 41 17 64  - 36
  -  -  6 57  9 59 37  1 31 33  - 65  - 51 11 64 63 25 60 23  - 22  - 46 56 42 13  7  -  - 38 26 61 29 52  3 68 10  4 44 58 62 54  -  -  -  - 50 20 18  8 28  - 69 70 48 19 32 17 43 53 41 16 47 40  -  - 27 45 49
 61  - 29 37 38 17 59 22 36  - 56 23 11 18 35 63 50  - 19 48  - 43  1  4  3 33 53 10  2 69  - 32 55 65  7 58 31 60 54  - 68 14  - 44 49 47 67 52  -  - 26  - 42 45 13  - 24 41 15  - 21  - 70 34 16 39  9  5 40 46
 18 26  -  - 46  - 22 20 42 66 36 21 15 33 10 52 27 14 53 12 70 41  -  9 55 65 60  - 62 61  7 31 64 23 16 54  -  3 43 47  - 44 11  2 37  8 19 56 49 63 40 59 32 68 38 17 30 57  -  -  -  -  - 67  -  - 45 39 28 24
 16  - 20  2  - 57 33 36  - 28 67 63 69 12 24 60 29 41  - 51 31 66 15  6 47 37 49 50  3 22 10  5  7 14  -  1 23 43 55 32  -  - 18 53  - 62 13 42 26 68 45  - 38 46 58  - 65  -  8 44 35 70 39 17 19 54 56 48  4 30
 19 60 32 46 67 38 69 13 65 56 52 10 12 49 57 23 42 61 33  -  - 62 66  8  -  5 48  1  - 64 11 55 34  - 36 26 45 39 30 22  2 68 37 20  9 63 31 59 25  3 54 40  -  - 47 43  -  -  - 24 29  4 51  - 18 21 53 41 14  6
 54 46  - 62 60 58 35  -  - 14  4  -  3 28 69 48 41 38 44 40 16 52 27 64 20  - 31 22 67  5 23 21 39 59 32  - 15  -  - 45  - 51  - 61  7 12 47 37  - 65 55 17 34  -  - 36  - 68 53 49  -  - 19 25  - 57 30  - 24 70
 13 69 59 41  - 61 36  - 60  5  9 20  - 16 23 42  4  - 18  -  - 55 53 43 10 29 17 44 15 66  - 34 63  2 49  -  -  6 21 12  8 31  - 68 30  - 14  - 46  - 38 57  -  7 48  - 70 11  - 39 50  1 65 52 22 19 64 24 32 26
 64  - 12 55  3 48 27 39  4  - 35 34  -  -  - 50 67  - 43 56 33 18  - 52 49 46 59 23  1 54 36  9  - 45 20 62 47 14 41  -  - 26 70 58 15 13 21  8 44 28  5 24 51 53  6  - 60  7 16 22  - 38 30 10 61  - 40 66  - 65
 20 42  - 25 26  2  3 54 33 48 44  1 18 15 32  - 19  -  5 47 46  - 14 39 16 53 62 40 27 30 49 35  6  8 41 67 64 52 50 29  - 37 68  - 12 65 10 51  -  - 43 45  7 55  4  -  - 24 13 60 31 23  -  - 66  - 69 38  - 28
  3 24  -  5 15 37 38 52 14 30 33 60 64 25 18 17  7  - 20 46 34 68 28  - 40 58 55 13 50 39 31 11 36  - 44 59  - 26 48  9 32 69 41  - 35  -  - 61 57 42 65 54 56  - 63 16 10  1  2 62 49  - 29  -  - 43 22  - 23 53
 39 65 63 12 27 26 51 25 22 61 18 44 49 36  - 53 52  - 31 11  9 34 46 10 60 62  7 42 30 24 48 68 21  - 45 40 19 57 37  -  - 35  3 69 14 59 55 17 50 58 13 41 29 47  - 23  6 20  5 33 16 43  -  1 38 64 66 54 56  4
 36  - 49 30  5 52  7 16  - 22 11 14 66 39  8 62  -  - 41  - 67  9 63 20 32 57 40 38 34 70 15  4  - 10 46  - 61 68 59  1  - 45 43  - 25 53 18 54  - 48  3  - 65 29 50 28 23 31 64 69  - 17  - 21  6 35 33 58 55  2
  - 50  - 31 20 13  5 48 17 64 12 67 24 11  -  - 30  6  - 27 54 32  - 45  -  4 47  - 35 14 53  - 37 66 43 42 36 49  - 25 51 41 56 34 46  3 52 57  - 23  - 29 59 65  9 55 21 69 26  - 39 40  2 60 33 58 18  - 61 38
 67 29 60 54 59 47 10  - 61  - 32 13 34 58  - 46 70 23 12 17  4 20  - 33 28  -  8  6 56 44 16  1 40 24 51 39  -  - 45 42 43  - 53 22 31 37 41 18  - 11  7 26 49 15 69  5 64 55  - 30 68  -  - 57 36 65 38  2 25 48
  4 10 15  - 41 32  - 23 11  3 42 18  -  - 43 67  - 30 16 38 21 44 19 17 59 51 65 28  - 26  - 27  9 20 34  - 66  - 49  - 47 58  - 57  - 35 25 14 13  7 53 48  - 54  - 37  - 33 69 64 40 63 31  5 46  -  -  -  - 45
 27 57 13 23 36 12  -  - 32 31  8 64 70 55 38 65 15 11 47 61 41 39  6  7 42  2  - 17 24 43 69 66 59 21 53  - 51  - 29 58  - 19 49 37 33  9  1 20  - 50 52 22 40  - 60 18 28 34 14  -  - 56 35 44  - 48 63 67 68  3
  - 20 40 50  - 36 48  - 58 32 45 53 10  1 41 47 28  - 39 64 35  -  - 30  2 23 63  5  9  - 19 16  - 22  -  - 17  - 11 51 13 70 15 54 29  6 42 66 61 60 56  4 55 21 62 12  - 26  - 34 18 27  -  -  3 68 44 25 38 37
 69 47 23  -  - 14  -  2 18 26 17 22  - 19 15 54 61  3  1  - 42 48 57 49 68 67 12 29 31  - 24 33 28  4 55 35 50  - 34 43 37  - 64 27 60 41  -  - 40 38 30  -  -  6 32 66 20 25 10  - 59 53 56  7  - 44 70 46  -  -
 45  3 52 53  - 10 18  - 27 25  -  4 68 22  9 34 43 69 26 55 51 23 60 28  -  - 50  - 14  2  8 24 19  6  - 15  7  1 33  - 35  - 63 39 56 21  - 41 70  - 48  -  - 20  - 40 59 37 47 32 12 16 44 54 17 31 36 29 42 58
 42 43 48 28  6 23 61 34 16 20 26  2  1 66 58  - 31 44  - 39 64 57 41 13 46  - 32 69 40  -  -  3  - 36 25  4 37 56  - 19  - 49 10 24 65 52 45 47 33  - 22  - 30  - 14 67 38 63  - 15  -  8  -  - 59 12 21 17 54  -
  - 11 28 14 42  - 65 35 44 29 19 45 16 40 51 33  3 70 62  8 30  1 37 59 66 39 20 48 46 41 56 60 12 63 24 49  5  -  7 54 69 22 32 15 23 10  - 25 17 67  -  -  2 64 43 34 47  6  9 57 13 52 26 36  - 38 61  - 58 27
 66 16 38 18 45 65  - 14  6  9 69 51  7  2 54 36  - 33  3 41 40 47  - 61 64 44  - 52 58 15  4 19 17 30 26 34 13 31  5 63  1 48  - 62 57 43 50 10  - 21 11 68  - 70 53 32 29 49 37 55 27 22  -  -  8  - 42 59  - 67
  5  -  7 13  - 28 66  -  -  - 58 40 20  - 39 70 21  - 59 60 18  -  - 56  - 61 64  - 25  - 37 49  - 53  - 30 55 24 10 38  -  -  -  4 69 57 33 45  1  - 62 32  -  3 41  -  - 48 44 46 17 34  6  - 31  -  - 42 47  -
 63 30  9  8 13  3 67 58 62  - 54 69 52  -  - 28  5 24 42 43 25 49  - 47 22 38  - 57  -  - 40 18  - 44 50 61 10  -  - 26  4 32 27  - 41 29  2  7 15  6 60 39 45 16  - 19  - 35  - 70 20 12 17 11  - 51 55 68 64 56
 68  2 54  9  - 49 40  - 56 13 64 11 26  7 12 69 59  - 23 44 66 16 34 41 15 31 33  - 19 60  - 20 51 50  - 47 48 53 17 65 22 38 62  -  - 70  4 24 18 29 27  -  8 32  - 39 58 67 46 63  1  5 42 45 35 61 14  - 36 52
  - 54 53  - 68 20  - 17  - 65  5 28  6 23  7 15 16 18 37 70 57 42 11 38  - 26 67  - 60 25 61 59 45 13  - 63 29  4  - 35 33 40  8  - 64 34 22 43 58  1 47 12 31 52 10 44 39 66 27  - 48 21  -  - 49  3 50 56 62 32
 35 67  - 59 55 53 26 61  8  -  -  -  9 43 63 37 68 65 38 34 44 45  - 25  5 20 28  -  - 40 14  6 31  1 42 11 32 27 51  3 29 50 39 64 62  - 36 15 41  2 16 49 10 17 66  7 48 56  4 47 57 58 22 13 54 70  - 12 33 69
  8 21 70  6 61  5  - 19 57 63 27 32  - 67 45 41 13 16 66  - 12 28 38 60  - 14 58 54 43 34  - 50 33 64 15 56 46 55 18  - 20 42 44  -  - 49 29 23  -  4 31 51 25 11 17 26 40 65 30 52  2  -  - 39 37 36 62 22  3 10
 24 17 51 27 58 43  2 29 39  4  -  6  8 69  -  9 53 49 30  - 37  - 20  1 63 19 35 25 70 16  - 52 50 33  -  5 38 65 32 67 60 46 13 41 44 68  3  - 23  - 18 55 66 34  - 47 36 59 61 12 11 10  7 14 42 56 28 15 21 40
 52  -  -  - 39  - 68 41  - 17  -  3 56 63  -  - 47  1  - 69 19 12  - 70 27  - 61 51  6 57 43 45 26 62 21  - 28 40 42 24  - 30 67 31 66 60 35  - 14 32 20 36 44 10 18 11  -  - 38 13 65 37 48 49  2  -  5  - 59 55
 37 18 66 39 12 41 52 30 51 47 38 48  - 21 65  - 54 22  -  - 49 61  2  -  6 55  - 15 16 10 20 14 32 58 27 70  8 50 46 53 31 17  9  1 45 24 69 34 19 43  - 23 60 42 68 56 67 28  3 29 25  -  - 64  7 62  -  - 13 44
 21 39  1 19 66 31 47  - 70  - 37 49  - 27  5  -  - 45 58 67 26 24 25  - 23 10 38  2 54 13 46 29 41 60  4  - 44 62 22  7 65  3  - 56 63 48 51 11  9 64  -  - 15 50 52 42 18 61  - 59 36 69 68  - 28 16 34 57 20 17
 58  -  -  4 30  1 54 47 50 45 66  - 57  8 27 44  6 17 65  - 38 51 13 42 18 59 69 20 11 53 63 48 62 68  - 29 34 25 19 46 26 33 24 49  - 32  - 31  -  9  - 16 39 43 15 22  - 12  -  - 70  - 64 23 41  7 67 14 60 61
  2 62 41 10 31 67 29 42 30 37  - 66 50  4 68 38 44 39 24  -  -  - 16  3 25 34 21 60 28 65 35 70 58 52  5 43  9 20 56 18 64  7  -  8 19  - 46  - 55 49  - 69  1 63 26 54 27 17  -  - 23 59 47  -  - 53 13  6 22 51
 17  7 56 34 25 64 20 28  - 42  - 59 65 41  - 19 10 26 49 66  - 58 45 68  -  -  6  -  - 48 47 61 46  - 12 38 11 29 52 27 50 24 51 21  -  - 30  -  -  -  - 15 16  2  - 35  - 70 39 23  4  -  - 62  1 18  8  9  5 60
 12 38 19  - 11 45 21  -  3 67  2 47 43  - 36 55 62  - 61 16 15 46  -  - 17 56  - 31 42 20 33 22 52 40 70 23  - 59  - 69 63 60 29 28 50 66  9  - 10  -  - 14 18  - 30 58 13  - 24 65  8 26  - 51 39 34  - 35 48  7
 33  - 36 44  7 22 42 38 66  - 55 52 39 17 59  5  - 15  8 14 32 35 12 62 48 60 54 46 49 51 41 63 43 69 23 16 67 13  9 61  - 28  4  - 47  - 26 58  3 45  -  - 50  1  -  - 31 30 18 68 24 64  - 56 27 11 19 70  - 20
 30  -  - 49  4 29  - 66  - 55  7 62 47 61  - 51 58 36 17 37 39 25  - 32  - 70  5 33 41  -  - 54  - 46 35 68 18 48 27  -  - 11  -  - 20 14  -  -  8 69 10 21 22 40  - 57 63 15 23 26  9  6  1 38  -  - 43 60 44 64
 26 12 67 33  - 34 49 50 48  - 28 70  - 45 61  - 69 62 46 18  -  - 24 55 43 35 51 56 37 27  - 65 57 19 29 64 20 17 60 40 30 66 59 14 68  -  8 32 63 41  1  2  6 36 16 21 52  - 22  -  3 15  - 42 58 13  4 11  7  9
 48  - 17  - 33 27  - 45  - 57  6 12 53 34  4  7 11 13 50 29 68 59 65  -  8  -  - 16 32  - 28 62 30 42 69 55  - 58 38  5 56 61  - 25 21 26 64 67 54 46  - 63 24 41 31  3 22  2 70  - 44  9 66 35 20 52  1 51 18 15
 34 58 27 63  - 11 17 60 45  -  - 68 62 56 33  - 55 64 40  - 20  - 29  2  7 48 44  9  - 46 51 57 65 28 30 19 70 38 14  6 66 16  -  - 42 18 15 69 47 36  - 67  - 22 35 61 49 10  1 53 52  -  4 59  5 50  -  -  - 23
 40  6  - 15  - 55 64 59  1 41 30  - 27 52  -  -  -  5  - 42 61 53 33  - 45  7 10  -  4 63 12 13 68 37 11 69 57 67  - 60 48  8  - 43 54 20  -  - 34 70  - 19  - 51  -  - 16 39 56 28 26 14 18 31 44 47 29  -  -  -
 56 14  - 69 49 70 19  - 24  - 50 27 17  5  - 12 64  -  - 13  -  8 67  -  - 45 11 35 29  - 66 39 15  - 31 57 52 16 40  4  -  - 30 46 22 61 62 21 32 33 58 60 53 18 44 25  1 38  - 42 63  2  - 41 48 20 65  - 26 68
 43 70  - 42 10  - 57  - 41 39 16 29 60 30 22 20  - 51  4 35 53 54 69 12  9 28 45 59  7 11 44  -  - 56 47 33 24 37  6 50 49 21 14 66  -  - 27  - 38 31 19 52 13  - 55 68  -  - 36  - 58 61 23 32 15 26 48  - 63 34
 51 22 43 47 23  7  1 62 69 70 29 16 54 31  - 24  - 37  6 58 28  2 40  - 50  3 52 12 36 35 17  - 38 32 68 14 26 42 61  -  -  - 34 13 53 11  -  5 27 56  - 44 64 48 67  4  -  8 59 20 55 33 10 66 60 49 15 45 65 18
 31  - 22  - 51  -  - 56 54 60 59 55  4  3 48 25 37 63 69 50  - 13 61 67 57 15 39  - 10 38 58 53  - 27  8 66  - 70 16 68  9  - 26  7  - 40 12 44 21 17 46 65 41 33 42  - 62 18 52  2  5 49  - 43 29  6 23 34  -  1
 32 55 57  - 14  - 70 69 23 15  - 56 63  9  6 27 22 67  -  4 36 60 47 54 58 18 46 45 39 62 30 44 48  5  -  - 65 19 20  2 16 34 17 42 13  7 53  - 31 52 51 38 26 35  - 33 41  -  - 11  - 24 59  3  -  1 10  - 50 29
 10 36 33 16  - 56 55 12  5 43  -  - 42  - 28 13  -  9 25  1  6 65  3  -  - 32 37 39  -  8 45  7  - 41 58 17 62  -  - 52 38 15 21 29  4 44 60 53 69  - 67 61 57  - 20 30 54 14 48 35 66  - 50 40 26 63 27 18  2  -
  7 13 30 48 65 44  - 15  - 51  3 35 14 24 50 57 25 66 67  5  - 63 70 29 54  - 56  - 59 55  6  - 16  - 19 20 41 61 62 23 52 53 33 45 26 58  - 36 37  - 68  9 17  - 40 49  - 46 21  - 32 18 28  - 43  -  - 69 39 22
