3920
 60 17  6 18 22  -  - 57 42  - 63 23 13 66 24 16 25 62  8  4 58  - 49 15 59 26  - 32 20  - 21 38  3  1 64 30 53 69 68 39 35 45  5  - 11  - 51 27 19 12 55  2 40 47 33 61 44 54 34 10 56 36 31  - 46 29  - 50  - 48
 13 20 32 14  - 54 56  - 65 11  - 50 42 31 33  2 49 28  6 59 19 29 35 26 30 39  - 51 24 60  5 55 47  - 21 66  3  9 37 25 23  - 53  - 41  7 40  - 43 15 34 22  -  1  - 69  - 45 52 57 10 18 68  8 38  4 16 27  -  -
 61 65  - 40  - 63 67 11 62 57  6  - 49 47 16 25  5 64 70 28  - 68 18  - 52  - 46 10  7  1 31 24 56  - 50 44 13 32  8 30  - 42 29  9 55  -  -  -  - 51 19 35 48 38 69 26 39 43  - 20 27 14 34 45 37 23  - 54  - 36
  - 45 53 33 20 35 12 70 24 14  7 54 55  9 51  - 30 22 23  3 29  6  5 59 50 47  - 28 62  -  - 26 37 56  - 16 15 21 46 69 36 67 25 66 38 10 17  2 32  - 58 27  8  - 42 57 60 13 61 40 44  - 19 64  -  -  - 49 68 39
  3  -  - 50 48  -  - 56 60  - 27 16 51 64  -  - 43 68 37 63 65 26 24  - 67 36 17 22  - 42 14  -  - 52 34 57 11 25 31  -  - 59 45  2 12  8 35 19  - 23  6  -  7 29  -  4 47 58 30 49 13 40 10 46  5  - 70 28  - 32
 38  - 35  -  - 22 66 64 17 25  5 42 21 67 12 32 57 65 53  - 70 43 19  6 40  -  - 23 28 16 68 48  - 50 52  -  1  - 39 10 37 15  - 18  7  -  - 47 30 46  - 34  3 45 54 63 51 69  8  -  2 41  - 55  -  9 14 56  4 49
 57 68 18 42 69 14 53 22  - 66 36 24 63  - 46 41 15 32 50  6 55 45 64  -  - 51  3  -  1  - 65 43 27 61  - 70 20 56 38 60 58 54  - 47 62 44 28 34  -  - 35  4 12  -  - 37 23 52 49  -  -  9 59 33  -  8 29 25 16 19
  - 13 22 38 42 21 64 69 41  -  1  4 54  - 31 14 20 63 36  - 28 55 51 43  3 24 49 48 29 57 16 61 62  - 37  - 44 46  9 67 68 60 27  7 32 15  -  -  - 18 59  - 56 39 40  - 12 11 58  - 19 33 66 35 26 34  - 17  - 23
  - 43  4  - 13 48  - 33  - 20 12 56 60 65 39 57 68  -  -  - 34 15  - 19 49 37 25 38 22  - 40 58 41  7 23 36 30 14 27 29  - 46 61 69  8 53  -  6 62 54 63  - 35 51 24 32 52  -  -  - 16 28 17 11 42 70  3 66  - 45
 63 50  - 65  4 68 60 37 69  3  - 31 48 21 55 51 26 14 11  -  - 32 53 22 38 49  - 62  - 47  -  9  -  5 35 41 36  - 45 27 29 56 54 34 30 42 16 13  2  1  7 24 64  6 17  8  - 12 19 23 40  -  - 67 28 59 44 52 46  -
 30 59 64 24 60 58  4 16 27  - 19 62  - 68 56  - 44 66  - 45 37 23  6  -  5 14 52  - 11  9  -  8 32 38 29 54  - 50 33 46 20 10  - 15 70 51 18 63  3 43 31  - 17 35 21 67 48 41 65  1 36 57 12 22  2 53  - 26 42  7
  5 52 24  9  - 46 68 32 43 35  - 33 34 69 61 36  -  - 62 17  -  8  2 67  -  7 59 60 37 21 28 66 10 65 11 26 63 13 54  -  3  - 64 25 29 31  - 48 12  - 14 45 22 23 18 27 56 57 40 50  - 20 30 49 53 15  - 19 70  4
 67 28  2 10 58  - 61 12  - 69  -  - 37 22 21  - 41 34 25 43  - 56 30 20  - 55 29 19  6 11  - 60 53  - 32 13 14 68 36 17 42 27 47 65  1  - 45 66  9  - 64 59  5  - 26 51 18 40 50 52  -  - 24  - 35 63 33 39 38  -
  -  - 37  3 43 64  - 21 25 45 60  -  5  1 23  -  6  - 46 56  8  - 48  - 15 28 26  2 42 20  - 67 36  -  - 38 35 12 14 32  - 51 62 55 18 33 52 41  - 40 49 54  - 50 19  7 58 65 39 70 61  -  -  -  - 16 69 29 66  -
  7  -  - 26  - 10 28 24  5  9  -  - 58 18 25  - 45 20 14 42 23 16 34  - 11 12 53 37  - 50 17  - 43 60  - 32 55 38  -  3 57  6 65 31 52  4 19 46  1  8 39  -  - 48 13  -  2 47 69 67 66 29 35 56 30 41 62 61 64 51
 21 44 25  -  - 51 70 53 36 32 37 30  8  3 60 19 66  -  2 62  1 40  7 14 55  9 48 46 34 18 29 69  -  - 49  - 54  - 35 16 33 39  6 12 22 50 11 26  5 13 56 10  4  - 41  - 20 23 45 38 64 52 42 61 27 43 59  - 67 65
  - 53 46 68 66  - 57  - 59 58  - 41  - 44 27 70 31  8 40  7 47 19 26  -  2 67 24 20 32 22  - 33 63  - 43 48 18 62 16 61 21 17 13 49  4  - 30 15 54  5 10 39  -  -  - 56 38  - 35  3  - 42  - 51 52 25 11 14 65 34
  - 46 36 48  -  - 59 61 15 65 10 20  2 41 68  - 70 49 52 26  4 25 43 32 28  5 57 67 23  7 18  - 60 54  3 19 34 35 53 51 12  -  8 63  - 58 56 64 33 47  9 29 69 11 55 31 16  - 42 27 37 24 38 13  1 39  6 45 62 21
 56 55  - 31 59 50 52 58 68 26 17 46 67 25 65 29  8 12  - 20  2 60 14 10 53  6 28  1 47 33 27 49 38 32  - 42 43 51 40  9  5  - 48 13  - 35 21 61 36 62 16  7 11 54  - 64 37 19 23 30 18 44 57 70 41 45 15  3 69 24
 65 67  - 66 38 32 22 28  -  5 56 29 59  -  -  8  -  - 43 52  - 27 61  - 25  -  - 69 44 53  9 11 68  - 12  6 46 70  2 31 45 21  - 64 34  - 37 30 24 33  - 36 51 42 49  - 63 48 10 15 14 55  7  4 62 18  - 47 17 60
 64 38  - 34 35  4 65 40  -  - 31  5 46  2  -  - 27 25 41 36 30  - 13  9 68 62 19 44 10 14 47 39  7 53 55 51 21 20 26 24  8 16 12  -  - 23 54 18 11 60 69 43 57 63  - 48  1  - 70 56  - 61 58 52 33  - 67 32  -  -
  - 11 57 13 63  7 23  6 34 29  3 40 61 37 53 21  -  -  -  - 52 48  - 28 44  - 50 68  - 26 30  2 22 42 38 43 16 31  - 65 66 41 67  -  - 19 32 58  8 39  - 70 20 69 27 25 62 10  -  - 47 45 60 14 49 46  -  5  9 17
 39  5  - 43 44 27 40  - 37 61 29  - 33 17  - 13 47 50 45 11 60 70  -  - 12 20  -  - 26 15 57  3 34  - 46 23 64  1 55  - 52 18 22 32 31 25 38 54 35 65 24 62  9  4 53  - 30 51 68  -  6 63  -  7 19 49 21 42  8 67
 16 61  -  - 34  -  - 31 11 42 28 55 56 40 63 60 69  6 51 54 15 52 17  2 70 53 43 30 66  - 26  - 57 59 39 62 32 37 23 47 41 44 33 46 67  3 36  - 48 68  - 49 58 18  5 21 65  -  -  -  -  1  - 50 10  -  - 64  - 13
 25 30  - 46 33 38  -  9 55 53 66 26 36 29 15 63 24 61 69  - 48 54  -  - 39  - 23  7  8 12 58  - 45 70  1 20  - 11  - 35  4 28 37 43 16 14  2 59 49 56 68 17 67 60 50  -  -  5 62 13 52 64 32 21 51 47 31 57 10 42
 32 16 12  1  - 57 62  -  8 49 26 60  - 19 11 67 59  -  5 38  - 30 20 56 33 45 51  - 41 48 37 63 64 28  9 10  - 53  6  - 46 23 52  4 69 36 14 22 40 61 47 18 13  - 34  - 31 29 54 39 65 43  2 27 70 35 24  7 50  3
  -  -  5 28  9  - 38  -  - 64  8 53 29 60  - 12  2 67 65 18 32 41 27  - 47 42  7 50 39 68  6 45  - 31  - 37 51 58 61 63 10 69 24  -  -  - 44  - 56 48 22 66 21 55 23 11 36 34 33 25 15 59 49  -  -  - 43 70 19 46
 49 57 14 51 56 12  1 67  6 27 69 25 66 52  - 45  -  7 30 29 64 35 22 50 37 32 42 18 61  -  -  -  8 17 26 21  5 63 10  2 62  - 68 58 65 60 43 70 16 31 33 44 59  - 47 55 11 39 38 19  - 48 53  -  9 24  -  -  - 54
  - 19 30 17  8  - 29 54  -  - 41 10  - 34 67  - 28  - 49 44 57 11  -  - 18  4 21  -  5 70 50  1 35 22 59  3 52 61 56 12 63 62 66 20  - 40 39  7  - 26 37 25 33  - 36 14  9  2  - 43 32  - 46 15 23  - 58 48  - 64
  -  8 17  - 12 67 21 62 58  -  - 47  3 13 41  6 10 48 42  1 49  - 69 35 32 68 55 64  4 24 45 23 70 39 16 18 38 43 63  - 51 37  - 27 19 22  - 57 60 36  -  5 52 20 59 29 33  7  - 61 46 25  9 44 56  - 26  - 34  -
 52 69  - 35  - 56  - 15 14 68 43  - 65  -  5 46 34 29 24 22  - 13 54 11 19 70 12 26 49  - 67 51 23 25 44  - 60  2 57  - 55 30  - 39  9 37 31 20 58 64 62 47 41 10  3  -  4 27  1 33 63  6 40 18 17 42 45  -  - 50
  -  - 51 25 28 29 27  - 56 50 65 66 52 36  - 11 39 55 26 47  -  2  8 18 58 46  - 45 13 64 42 57 49 23 69 68 62 30 67 22 54  - 15 24 17  - 33  3 37 44  -  1 34  - 20 53 43  - 16 60 35 70  5  -  6  - 61 10 40  -
 26 63 68  7 21 31 10  3  - 54 48 19  1  - 32 39  - 52 16 55 33 59 42  4 13 35  2 24 18 67 66 64 29  - 70  - 49 15 51 45 30  - 50  8 44 47 57 69 41 11  5 28 37 36 43  -  6 60 17 46 20 12 14 53 25 65  - 34 27 56
 19  - 58 53 36  -  2  - 21  7  - 70 45 12 66 68 35 47 18 61  -  -  - 54 16  8 40 15  -  6 63 44  1 41 20 31 29 57 13  - 24  4 55 22 51 11 50 39  - 69  3 48 23 49 62  5 14 26  -  - 17  - 52  - 65  - 64  -  - 25
 47 12  -  - 30 19 39  - 16  - 14 21 27 32 69  4 42  1 68 35 50  -  - 64  - 56 37 36  2  - 49 25  - 24  7 52  -  8 66  - 40 29 44 41  6 70  - 33  - 17 45 65 46 22 57  - 61 53 59 51 26 67 55  - 20 58 23  9 31 28
 34  7 41 30 18 59  - 52 10  -  - 58  - 11 29 44  1  9 64  5 43 17 68  - 51 60 15 13 48 49 20 62 39 57 45 67 66  6  3 33 56 50 38 21 35  - 23 32 46 24  - 61 16  - 25 54  8 36 53 42 22  4  - 40 69 14  2 37 12 31
 40 27 49  - 51  - 31  - 64 15  - 34 69  4  6 23 18  - 35  - 39 61 66 53  8 21 22  - 43 10  - 29  -  - 47 33 28 60 32  - 26 19  3  - 59  - 12 24 25 45 46 16 36  9  -  - 55  -  7 17 30 13 56 57  - 62  -  - 20  5
 69 66  8  - 54 18 45  -  - 41 52 68 12 35 42 37 29  - 58  - 51 38 36 48 31 44 34  6  9 39 22 56  2 16 62  4 19  7 59 43 64 25 57  5  - 20 27 11 10 14 26 33  -  - 70 47  -  - 60 53 50 65 67 17 13 30 46  -  3 40
 68 21 52 16  -  - 15  - 22  2  -  - 57 63 18  - 19 39 48 58  6 31  4 27 61 41 66  9 46 56  - 12 55 43  - 25  7 29 11  - 32 33 70 45  - 17  -  1 53 49 54 30 42 62 14 65  - 59 44 47  - 51  -  - 67  - 36 69 35 20
 18 37  - 23 19  8 25  7  - 52 42  - 26 58 36  -  - 13  -  -  - 24 65  5  9 29 41  - 14  -  - 54  - 44  6  -  2 17 12 55 43  - 49 10 15 57  - 60 22 28  -  3 38 61 45  1 66  - 21  - 67 47 69 34  -  - 30  - 33 53
 54 41  - 56  5 34  - 27 46 13  4  7 23 70 22 28 55 10 39 53 14 58 31 68 57 48 45 17 35 63 61 30  -  - 40 69  - 16 64 62  6 65 20  - 43 67  -  - 47 59 52 38 15  - 51  - 19  3 24 12  8  - 33 36  - 44  -  1 18 26
 35  -  - 70 49  -  - 18  -  1 15 11 64 42 38  9 61 16 57 13 56  - 63 21 62  - 10 52 68 58  2 65 67 20  - 14 33  4  7 59  -  5  -  - 60  -  3 43 55  - 53 23  -  - 39 22 46  6 36 29 41 17 25 31  8 37 40 30 24  -
 70 31 65 27 68 62  - 60 53 39  - 37  - 28  -  - 52  - 66  - 13  - 10 44  7  - 63 40 38 69 55  -  - 64 42 50  -  -  4 57  - 14 43 51 56 30  - 23  6 22 20  9 29 19  2 46 25  - 32  - 54  3  - 59  - 48 35 24  5 41
 31 22 29 62 23  - 35 47 66 16 18 36 50  - 40  - 17 56 12 57 68  5 45  7 64 69  4 59 21 37 51 13 54 14  - 60 48 28 42 44 27  9 10  1 25  2 46  8 65  - 15  -  6 58 30  3  - 24 63 41 33 11 39 26 32 52 19 67 55 61
 66  -  - 29 70 37 46 65 20  - 55  1 35 62 17  5 13  - 33 49 26 22 47  - 34 52 14 43 45 44 11  7 24 27  - 15 39 40 25  - 59  8  4 23 42  - 58 12 57  -  - 32 53  - 60 30  - 18 48  2  9  - 50  3 61 51  -  -  - 69
 28  -  9 58 40  -  -  2  - 18 25 43  - 16 70  - 11 23 34 19 36  -  - 62 48 57 61 12 59 17  7 35  6  - 27 22 37 54 30 53 69 13 14 56  5 52 68 65 15  3 51  - 26  8 46 50  - 31  - 24 39  - 21  - 29 64 38 60 44 47
  - 24 23 54 57 26 36 38  - 67  -  - 44 53  - 20 64 19  7  9 11 12  1 61 14 18 32 70  3 30 39 27 59  2 15 49 50 10 48  5  - 63 58 60 21 16  4 55 17 29  - 56 25  -  6 13  - 66 46 62  -  - 37  -  - 28 42 22 51  8
 48 33  - 60  - 61 42 51 29 34 16  - 40 59  2 22 46 30  4  -  - 53 12 52 20 31  - 27 54  - 36 10  - 19  -  1 24 39 44 21 25 26 41  3 68  - 49 56 67  - 11 69  - 13 35 45 57 15 55 64 28 23 70 58  -  7  5 62 63  9
 22 70  -  4  - 36 43  -  - 46 58 49  7 51  -  1 32  2 47 23 44 67 37 40 10 54 69 57 31 29 59  -  - 33 68 56 65 19  -  - 18 38 28 11 53 61 48  5 21  9 12 64 55 14 15 35 17 30 25 26  - 27  3 63  - 66 60 41  -  6
 29 36 45 44  - 33  -  - 13  - 47 64 68 54 62  - 21  - 27 40 46 20 16  - 24 63 35  -  - 61  -  4 51  8 25  7 41 67  -  - 14 12  9 48 10 69 42 37  - 55  -  - 31  2  - 49  - 56 15 66 57 34 23  -  3  5  -  - 60  1
 62 18 60  - 26 44  6  - 61 40  - 67  - 46  - 43  - 69 56 50 10 65 29 17  - 25 54  - 30 27 19 47 20 34  - 64  -  5  -  -  - 70 11 59  3 45  8  - 14 35 48 51  - 33 38 23  -  - 13  - 58 39  - 12 55  -  -  4 32  -
  - 58  - 39 47 41 13 45  2 56 61 59  - 27 49 52 14  - 10 34 38  - 44 12 42  - 64  5 40  4 25 19 17 26 66 29  - 23 24 54 53 35 32 16  -  - 65 68 20  - 60 11 70 57 48 33  3 46  -  9 69 21 18  - 63  - 28  -  1  -
 17 64 13 57 25 11  -  5 54  - 24 44 39 15 58 66 53  - 32 10  -  9  3  1 26  -  - 63 19  2 62 70  - 12 41 46 68 34 69 23 31  -  7 35 48  - 22  - 52 21 27  - 18  - 67  -  - 50 37  6  4  - 51 20 36  -  - 43  - 38
 43 48 38 52 27  -  -  -  9 17 35 13 53  - 26 58  3 31  - 67 22 69  -  - 36  - 30 34 12 25 46 68 42  - 60  2 56 59 49  - 47  1 40  - 20 39  6 45  -  - 61 14 10  -  8 16 41 37 29 21  - 54 63  - 15 50  4 44  - 18
 44 47 11  2 67  - 54  - 31  6  9 32 28 49  7 10  - 42 17 14 62 39 56 34 69 23  1 25 27 66  -  - 50 55 24  -  8  3 43 58 70  -  - 38 36 18 41 51 61 57 29 19 65 46 68 12  5 33 26  - 21 15  - 30 48 40 53 13 22 37
 45  2 47  6 53 49  5 36 30 43 33 18 41 20 14 35  -  - 59  - 69 42  -  8 63 11 62 54 55 52 38 15 40  3 57 12 67  -  - 70  9 24  1 26 46  -  7 29 44 25  -  - 50 21 28 66 10 68 64 37  -  - 61  - 60 17 13 23 56  -
  8 23 10 37 41 30  -  - 48  - 53 45 31 50  9 15 22  - 19 46 27  - 70 47  - 33 38  3 69  -  1 18 61 49 56 17 58  - 29  4  2 36 26  - 40 43  5 14 64 63 65  -  - 52 16 68 35 42 57 32 59 60  6 28  7  - 66 20 39 62
 46 15 28  8  1  3 51 26  - 47 34 22  - 61 59  7 33 53 44  - 31  - 23 29  4 13 11 41 58 35 60 32 19 62  5 63  6 42 50 36 48 20 56  - 39 24 69 38 70 27 17 21 43 40  -  -  - 49  2 18 45  -  - 25 57  - 10 16 37 30
 42 40 62 22 64  6 69 41 35 19 32 48  4 14  - 24 50 11 55 65 18  7  - 63 54 43  9 58  - 13  3  - 26 67 61 28 45 52  5 38 16 47 46 37  2 21 29  - 39 66 25 15 30 56 31 20  -  - 51 68  -  - 44 23 12  - 27  - 49 33
 23  - 40 19  2 47 55 29 12  - 20 61 43  6 50 56 51 26  9 39 45  -  - 46 22 10 58  - 17 32 48 52  5  - 33 11  -  - 41 64 34 57  - 42 37 65 59 49 13 30 36  8  - 70  7 44 15  - 14 28 31 53 16 54 21 27 18  - 25 63
 36 39  -  -  - 43  -  8 57 51  -  - 14 30 20 59 37 54  -  - 25 21 52  - 29 50  -  4 33  - 56 40 44 45 13 27  - 22 17 18 15 11 34 53 49 63  9  -  7 67 42  -  1 32 66 19 24 61 12 65  -  5 26 47 16 60 48  6 28 35
 11 60 59 15  - 25  -  -  -  - 54  - 18 39 48 53 16  3 63 68 40 62 21 45 41 17 36  - 70 46 34  5 69 66  4  9  - 65  - 49 19 22 51  - 33 56 20 52  - 50 23 42  - 31 12 43 32  - 27 55 29  7 13  6 44 67  8  2 57 58
 51 54 56 45 14  5 30 19 44  4 62  - 38 10  -  3 12 40 21 31  - 36  9 39 43 59  8 29 50 41 53 37 33  -  - 55 26 66  -  - 49 68 60  6 24 32 25 67 23 42 13 58 28  7 61 15 27  1  - 22 48 46 11  2 64 69 57 35 47 70
 14  -  1 12  7 42 18 23  - 44 30 39 70  - 35 50 65 60 13  - 54  -  -  - 45  - 20  - 63  - 15 31  9  - 58 53  - 64  - 41 38  -  - 61 27 49  - 40  -  - 43 57 62 67 52 10 29  4  5 69 68 32 48  - 22  2 56 21 26 11
 33 32 16 61 11 20 50 42  - 59  - 15 22  - 43 54  7  - 60 66 12 49 62 23 65 27  5  8 56  - 35 53 18  6 14 34  9 41 21 28 44 31  - 30 63 46 10  - 29 70  -  - 39 25 37  - 13 67  3 58 55  2 64 69  - 57 17  - 48  -
 27 56 34  - 29 52  - 35  - 21 50 57  - 38  - 26 48 33 67  - 24  4 25 51  - 66 13 61 15 19 32 41 12 37 36 47 70 55 65  6 28 43  2 14 58 62  1  - 42 53 18  -  -  - 63 60  -  - 20  7  - 69  8 39  - 10 49 31 11 59
  -  1  3 32  -  - 63  -  4 23 67 14  -  -  - 62 56 37 29  - 35 64  - 55 27 38  -  - 16 28 41 50 46 30 51  5 47 36 60  7 13  2  - 17 61  - 26 21 34 52  - 53 19  - 11 39 22 70  9 54 25 10 65 42 43  - 12  -  6 44
  -  - 50  -  - 69  3  - 52 62 11 17  -  -  4 42  - 46 38 48 61 10 60  - 66 22 44 35  -  5  - 28 58 18  - 59 31 45 34  - 39  - 23 40  - 27 24 36 51 20  -  -  2 53 56  - 26  - 41 16  7 19  1 29 54 21  - 12  - 55
 20  - 67 41 46  - 58 39 47  8 57 69 10  7 44 55 62 59  - 32  - 33  - 24 56 40  6 14 25  3  - 42 30 11 48 65  4 27 52 19 60 53  - 36 28  9 64  -  - 16  - 37 49 12 22 70 45 21 31 63 38 26  - 66 34 61  1  - 54 29
 37 14 69  -  -  2 32 43  1 24 13  9 15 56 64  - 54 70 20 21  -  - 58 41  -  3 60 39 65 23 33 34  4  - 31 40 59 49 47  - 22  - 42  - 57  5  -  - 63 10 30 12 68 17 44 36  7  - 11 45 53 50 62 16 66 26 51 18 52 27
