3920
 47  1 66 24  8 61  -  - 28  - 55 26  - 22 69  - 30  - 21 54 64 27  - 49 62 14 68 19 51 39 45 17 32 34  - 44 11  - 59 43 50  - 57 20  9 18 67 46 53 37 10  3 41 42 13  -  -  - 16 70 56 60  4 15  - 25  7  -  - 63
 42 59  1 54 66 36 32  - 48 19  3 49  - 24  8  - 14 45  -  - 11 12 58  5 64 53 41 31 29  9  - 44 27 69 10 52 57 26  - 28  - 17 61 67 60 34 13 18 56  7 46  6  - 63 35 23  - 70 38  - 40 25 37 21 33  4 50 62  2 22
 69 23  - 33 52 70  6  3 21 30 57  -  -  -  - 55 63 24 27 36 25 11 62  - 50 56 47  - 60 46  7  -  -  - 34 38  - 45 18  2 20 16  - 28  -  - 53 44 61 43 37 58 17 10 65 13 12 68  - 40 42 35 51 32 19 49 22 14 29 67
 44 24  - 65 43  - 63  7  -  6  1  9 29 26  2 47 70 42 34 41 55 16 23 64 22 18 33 11  8 30  - 45  - 56  -  - 59 32  - 40 37 38 48 15 39  5 69  - 62 66 57 19  - 50 31 28  4  -  - 54 13  -  - 27 10 53 52 68  -  -
 37 47 10 40  - 39 50 27 49 32 53 16 24 51 44  -  -  -  6  7 42 35 30  -  - 62 18 56 41  - 60 11 13  - 64  -  - 22 68 46 70 59  5 45  8 33 43 54 20  - 58 31 69 26 38  - 48 17 19  - 29  9 14  - 65  -  -  4 57  1
  - 45 11 13 44 21 48 46  8 55  5 54 51  - 33 50 43 17 29 70 12 28 37  - 56 41 16 26  - 49 32 66  - 60  - 53  -  - 52 57 67  2 62  - 31 47  7  9 35 20 65 22 10 58 14 61 64 69 27 39 59  3 42 24  -  -  - 23 18  -
 48 53 39  6 15 38 36 57 20 64 23 42  5 37 65  4 28 50 66 67 17 52 45  -  - 34  - 12 30 69  9  - 55 58  - 56 26  - 33 60 14 47 63  - 35  - 24 11 18 44 16 10 22 49 21  - 32 27  7 62  - 54  3 29 46 31 68  - 19 13
 68 26  - 10  - 29 37 25  - 28 67 61 47 36 57 42  - 16  5 34 49  4 66 11  8 46 51 44 17 33  - 43 18  - 65  -  9 31 55 38 32  - 13 41 56 52  -  - 64 23 21 12 50 14  - 45 63  3  6 35  7 24 69 48  - 54 40  2 20 70
 61 13 28 47 55 56 51 64  4 26 40 63 33 70 48  - 23 65  - 43 46  5  - 52  -  - 44  -  1  - 58 41 17 16 60  9 10 25  7 59  6 14 45 62 15 67 19 27  - 38 22 69  -  - 24 49  -  -  2  - 34 32 35 68 30 36 42  -  8  -
  - 35  4 15 54 55  - 45 58 65 46 52 53 28 34 56  -  - 22  - 10 41  5 31 17  - 57  - 64  - 70 36  - 67  - 33 21  2  - 16 59 61 29  - 42 25 62 19 13 32 40 26 49 20 12 38 24  - 60 48 68  -  6 47  9 37  3  -  - 30
 25  - 36 21 47 10 29 43  - 46 56 11  2 63 30 51 31 57 38 32 22  -  3 35 44 12 55  - 34 20 52  -  6  -  - 24 66 19 17 41 64 37 69  - 13 61 23 45  7 28  -  1 40 39 16 48 58 54 42 53 27 67 15 14 18 62  5  8  -  4
 53  - 65  - 12 41 23 28 40 66 48  - 46  - 17  -  - 37 36 24 39 19  1 18 27 33 25 70  3  -  - 35 26 31 54 58 52 20  4 68 49  9 50 47  2 16 30 63 15 67  5 29 45  8 56 44 14 64 69 21 22 62 13  -  -  6 57  - 38 55
  2 67 20 61  -  6 56  1 45 11 43 19  - 50  5 14 21 60 53  - 35 68 41 25 48 66 63  - 57 55  - 64  - 28 22 18 40  - 58 27 29 15 39 51 47  4  - 70  - 69 52 44 38 36  - 31 65 37 12 23 54 34 62  8 49  -  - 33 46  7
 46 34 42  - 67  4 38 29 15 37 61  5 12 41 60 66  9  - 57  2  8 40 64 39  - 43 14 17 10 56 13 19 54  -  - 22  - 47 24  - 26  - 36 65  7  -  - 33 16 49 18 21  - 28  1 30 68  - 48 51 45 31 55 59 25  - 69 32  3 52
  - 50 53 57 56  -  - 21  - 40 65 18  3 12 13 28 47 41 58 61  4 55  - 14 59 44  9  7 49  - 66 69 62  5  -  8  - 23 35 29 19 63 30 22 54  - 70 51 38  -  - 16 26 15 25 20 43 34 33 46 24  1 31 17 68  2 36 48  6 42
  -  2 45  - 58  - 15 39 30  1 13  -  - 11 62 54 18 36 49 68  - 56 59 42  9  6 46 35 44  5 24 37 63 51 32 64  -  - 22 33 21 25 19  -  - 20 65 34  -  - 17 60  - 69 47  -  7  - 26 50  -  - 66  3 16 23 48  - 12 10
  - 54 29  - 32  -  1 14  - 25 21 48 42 66 27 39 44 35 62  - 60 63  - 58  - 59 23 37 47 70 41  3 10 36  7 49 16 18  - 69 55 33  -  9 17 45  2  -  - 31 15 68 28 13  - 19 34 52 22  - 51 56 67 30 53 43  8  -  4 50
  - 63 64 48  - 11 42 19 26 70  - 14 49 21 41 16 68 56 54 65 20 61 51 34  - 15 53 28  - 52 33 32 50 55 17 31 67 62 60 24 45 58  7  5  4  - 12  - 66 47 38  8  1  3 44 22 69 18 43 59  9 39 25 23  2 46 37 35 13  -
 15 10  - 35  -  -  5 18 42 31  - 23 32 60 52  - 48 47 61  - 45  9  4 28 14 50 69  6 55  7 64 57 30  - 63 68 65 53  - 37 24  -  1 19 21 43 40  8 17 56 51 33  -  - 67 66 22 13 36 11 38 44 20  2 41 12 59  - 54 34
 21  8 47 19 20 15 30 16 34 63 58  4  -  -  3  9  6 39 14 42 33  - 26  - 43 67  - 18 32 17 69  7 68  2 44 65 29 57  - 64 56 50 53 12 23 11 52 13  5  - 59  - 60  1 40 46 28 31  - 66 55  - 54 36 62 61 38 49 22  -
 26  -  - 25 59 64 58  5  2 20 14 57 54 29 10 60 16 11 68 66 56 32  - 30  -  -  -  - 40 62  -  - 69 65  - 70  8 35 27 45 38 28 34  7 46  9 63  - 39 53  - 13 31 47  - 18 41 21  - 43  3 42  -  4 61 50  - 19 33 51
  1 43  6 44 48  2 33 30 54 67  8 51 65  9  - 21 29 40  -  - 68  - 53 50  7  4 20 23 14 42 10 39 56  -  - 16 61 63  - 19 36  - 25 37 11 57 22 58 46  - 32 64  5 18  - 17 26  - 45  - 60 52 27 66 24  - 15 12 69 59
  - 18 49  9 34  -  - 60  -  2 10  - 48 20 21 30 37  3 12  5 65 53  - 17 16 42 45 67 66 51  - 63  -  - 15 43 58  - 70 31 61 23 47 57 22  - 59 40 28 19 36 41 44  7 29 32 50  -  1 38 25 27 56 62  8 64 54  - 55  6
 62 57 25 66 46 30 12 50 32 41 44 17 56  3 42 69 13  6 15  -  7 29 67  2 31  5 37 36  - 18 53  - 20 26 58  1 60 40 28 63 51 65 27 70 45 38 11  - 21 54 55 48 34  4  - 64 49  8 52 14 61 68 39 19 59 16 10  9 24 23
 56  -  -  -  6  - 26 37 16  - 45 60  -  5  - 20 35 58 30 46 53 66 15 13  - 27 19 41 22  2 28 34 33  1 24 57 43 52 40 39 10 31  - 11  - 63 18 68 65 62  -  - 48 51 55  3 21 23 29 44 36  - 47 12 14  9 25  - 70 32
 49 46  - 26  - 42 53 10  - 21  - 67 55  - 63 18 57 19  -  - 30 20 17  8 69 70 24  -  6  - 36 61 37 29 66  -  -  - 13  - 25 44 22  2 43 50  - 41  -  - 60 23  - 32 33 52 31 48 58  5  - 15 45 64  1 11 51  7  - 39
 17 52  2 56 25 50 57 31 29 15 38 32  -  - 49  -  4 26 37 13  - 45  - 21  -  - 40 33  - 27 65 58 47 24  8  -  - 55 64 34  1 62  6 39  - 14 66  -  3  -  - 43 61  5  9 51 36 59  - 42 35  -  7 70 69 28 46  - 10 44
 30  3 40 58 21 23 49 66 31 61 52  1  - 46 37 32 17 62 26 56 41 48 68  7 24 47 50 22  - 13 29 20 44  8  - 45 51 59 14 15 35 69 60 53 19 65  9 64 11  -  2 25 54 67  - 43 42 38 10 36  5 28 33 39  - 27 18 34 16 57
 54 31 62  - 33 16  - 47  -  5  - 40 41 59 51 70 25 29  9 18 21 30 48 55 13  - 67 39 56 14 26  8 66  4  -  3 38 15 53 58 63 42 52 10  - 12 49  7 43 24  - 57 20  - 34 50  2  6 17  1 37  - 28 69 35 19  -  - 32 68
 34 36  - 16 27 32  8 12 25 35  - 45 59 42  - 24 65 44 39  -  - 64 43 46 63  -  5 20 11 68 30  6  - 15 18 67 48 58 37 23  -  - 56 31 62  1  3  - 69  9 70 50  2 22 41  7 66 51 61 57 10  - 52 38  - 47 17 13 14  -
 16 15 52 37 45 35 39 53 56 51 32 22 66 49 55 43 40 48 64 23 44 21 47 20 28 19  6 27  -  -  - 54 31 17 59 41 46 67 62  -  2 18 12  - 29 69 25 50  8 11 30  -  7 34  4 10 61  9  5 68 33 14 36 58 57 42 24  - 60  3
 31  - 34  2 35 58 45 11 47 52 51  -  7 64 61 57  -  5 19 63 43 49 44 38 23 29 66 25 20 22  4 48  - 32 16 12 28 60  1 30 69 54 41  - 37 36  6 14 10 18 33  -  -  9  3 39  -  -  -  8 21 70 65 67  - 17 27 59 15  -
 66  6 18 28 65 69  9 23 62  - 63  - 36 27  -  1 22 55 46 44 57 58 34 51  3 32 60 14 42 64  - 67 16  - 38  - 49 24 29 48 39 52  - 50  5  8 37 43 70  - 47 53 25 54 17  - 19 10 56 26 30 21 12 40  - 13 45 15 41  -
 65  - 55  4 17 66 70  -  -  - 60 24 67 39  1 46 45 33 10  - 40  -  6  3  - 31 13 34 68  - 14  -  - 21 43 28 23  5 51  -  9 29 42 35 59 54 57 32 58  - 11 63  -  -  - 62  -  7 18 22 48 47  8  - 37 41 20 52 64 53
  - 64 67  8 37 19 28 17 43 59 29  - 11  -  - 12 60  -  - 58 24  - 57  - 10 35  7 65 61 31 51 27 41 14  2 46 69 39 54 53  5  3 20  - 44  - 36 16  - 34  9 38 42 55 70  6 45  1 21 52  4  - 18 26 32 15 47  - 40 62
  - 69  - 68 19 12 40 59 66 50  - 31 10 61 14 41 49 51 25 60  -  - 32 65 30 17 29  -  - 24 48 56 38 33 35 36  - 70  -  -  -  - 26 63 58  - 20 28 47 27 64  - 37 11 52 57 16  - 55  9 67  - 22 42 23 45  4 39  1  -
 29 55  - 59  2  - 60 20 65  7  - 43 69 18 16 34 41 61 23 19 52 17  - 37  5 30 35 51  -  8 31 24 25 22 39  4  1  9 56  3 58  -  -  - 66 15  -  - 14 26 67 49 63  - 50 21  - 53  -  - 32 13  - 10 70 38  6 28  -  -
 27 51 57 11  -  1 67 38 23 16 15 46 28 47  -  7  - 43 13  - 59  6 60  - 42 37 26  8 18 58 35 14 45  - 12 69 64 17 30  5 31  - 21  -  - 70 33 56  2  3 39 24 29 52  -  9 25  - 53 55 62  -  -  -  - 34 61 41 36 65
  5 11 56 39 50  - 59  -  - 13  - 47 19  7 22  8  2 38 67 35 58  3 36 23 70 21 42  - 54  - 57 29 46 43 40 60 24  - 63 49 41  -  9 25 53 10  1 52 37  - 34  - 12 66 68  - 30  - 44 69 64  6 48 65  -  - 16 17 27 33
 58  4  - 17  5  3 68 52 53 10 11  - 34 65  9  - 64  7 31 25 32 62 38  - 21 26 30 55 39 41 50  1 22 42 56  2 54  - 47 20  -  - 28 29 67 48 35 69 19  - 12 15 57  -  - 16 46 49 66 45 44 43 24 18  - 33 14 60 61  -
  - 56 50 70 69 40 54 33 36 22 16  - 57 14 45  -  - 49  7  - 29 60 61 19 15  -  - 46  4 48 34  -  8  6 55 39 42 21  9  - 30 24 67 18 52 66  -  - 25  - 62 27 68 37 53  - 23 32 13  - 43 41 59 63 31 65 44 47 11 17
 40 38 30 62  - 54 19 68 33 53 42 21  4 25  - 61 67  - 50 26  - 39 18 56 11 51 58 69  2 57 12  9  - 20 48 15 27  3 10 55  -  6  - 64 70 59 45 31 44  - 13  - 43 41 23 24 17 65 46 37 28 49  - 60  - 66  1 16  - 29
 51 33 68 31  1  - 41 44 69  - 62  - 60  - 40  - 26 54 42 53  -  8 49 45  - 39 34 24 50  4  -  -  -  - 20 61 30 16  2 13 27 10 65 32 18 22 14  3  - 36 63  7  -  - 28 25  6 58 15 17 11  5 29 35 66 52  - 56 67 21
 24 61 26 20 57 68 25  - 22 56 47  7 13  - 38 62 32 31  -  -  6  - 29 41  1 58 59 21 15 36  2 23  - 54 19 42  - 50 66  -  3 27 37  8 40 30  - 49 33 14 28 51 46 12 39 34 52  -  -  4 53 16  5 43 17 60  -  -  9  -
  - 37 32  - 26 59  3 65 61 24  -  8 27 69 19 44 33  - 40 12 66  1 20 47 60  -  - 49 25 16  5 51  9 57 70 34  6  -  - 36  - 53 38 43 14  - 68  - 54  - 29 17 67 23 48  - 15  2 50 63 31 30 64 13  -  7 55 46 58 35
 43  - 17 32  9 14  4  8 67 18 27 30  -  - 20  - 55 46  3 52 37 13 28  -  - 45 31 38 65 29 49  -  - 63 69  - 12  - 11  7 57 40 58 16 24  - 44 36 68  - 41  - 35 48  -  5 47  - 39  - 23  -  1 54 15 70 56 50 21 61
 35 66 61 29  3 65 69  6 37 27 68 41 22  - 46 45 12  -  -  -  2 50  8 67 40 13 38 42 16 54 56 21  4 18  - 10 39  -  -  - 23  1 49 17 57 32 34 55 36 48  7 20  - 44 11 47 59  5  - 28  - 33  - 25 26 58 60 51 31  -
 28 29 70 42 13 44  -  - 24 39 41 55  8 68 53  - 50  -  - 33 48 14 56 36  - 10 64  2  9 35 27  - 58  -  5  - 63  6 57  - 17  -  -  4 34 40 51 67 59 15  - 66 52 61 45 69  1 46  3 25 19  - 32 37 20 18 23 11  - 43
 22  - 27 14 51 43  - 49  - 69 17 62 37  - 18 40 42  -  - 15 67 44 25  - 47 23 54 53 24  -  8 13 65 10 31 50  3 48 19  1 11  7  2 34  - 58 60 26 12  5 20 52  - 35 57 29 38  -  -  - 16  4 41 46 36 39 30 55 66  9
  - 32 51 53 36 13 61 34  7 62 31 28 23  1 12 27 58  - 47 64  - 69  - 57 65  - 56 54  - 59 21  4 29 70 67  - 20  - 46 18 44  -  8 14 33  2 39 25 49 63 48 42  6 30  - 15  3 40  9 16 41  - 68 22 43 55 35  5 17 45
 60  -  - 45  - 52  - 69 50  - 26 34  1  -  6  - 36  9 56 28 15 57 13 62 66 63 11  3 67  - 44  5  - 41 27 20  -  - 25 22 43  - 18 58 68  -  - 39  - 29 42  - 64 46  2  8 35  4  - 24  - 12 21 31  - 32 53 40 47 16
  4 22 48 46 31  - 34 13 17 12  -  - 30 40 24 58  -  - 28 27  9 65 70 43 55  8 52  - 23 11 16  - 36  - 50  - 15 54  - 67  7 35  3 33 49 39  - 60 32  - 66 61  - 59  -  1 10 25  - 18  - 63  - 41 21  -  -  - 37  -
  -  - 41 50 42 33 64 70 35 34 66  - 62 16 59 48 39  8  2  -  - 18 54 29 26 49 43 60 58  - 67 46 28 38  9 55  5 56  6 11  4  -  - 44 69  7 61 37  - 17  - 40 15 27 22 65 51 20 24 13 14 19  - 53 12 21  - 31 45 47
 70 28  - 69 16 48 43  - 14  4 33  3 52 44 64  -  - 59 17 45  - 26 63 53 20 60  - 58  7  - 11 31 24  - 68 51 25 37 12 61 34 57 15 13 55 46 50 47  -  -  8  9  - 62  - 27 40  - 30  - 49  2  -  6 29 22 32  -  -  5
 45  5 13 55 60  - 27 61  9  8 35 20 21 62  -  - 59  -  -  - 63 47 11 66 68  -  - 48 43 65  6 22 49  7 14 25 37 34 36 54  - 12  - 69  - 19 41 10 29  1 26 39 23  - 15  - 53 30 28 67  - 17 16 52 58  - 70 44 42  -
 39  - 60 27 38 22 18 62  1  3  - 64 20  2 15  - 56 25  - 14 51 67  -  - 34 68 12  -  5  - 55 65 53 19 45 47 50  - 21 17  -  - 46 59 16 23  - 42 63 35 24  -  - 29  8 37 57 33 54 61 66 36  -  9 40 69 11  - 30 28
 59 62 16 12  -  9  -  - 10 58  7 38 40 19  -  6 54  - 69 17  1 22 24 44 36 28 65  - 53 21 61 50 35 11 57  -  - 29  3 26 48 30  4  - 25 27  -  2 41 46 14 34 18 33 66 67 37  - 32 20 63 51 43 45  5 56 31 42 39 49
 63  - 19  -  7 62 22 26 52 45  9 27 17  - 39 65  - 20 24 50 61  - 69  - 58  - 49 16 28 40 47 55  2 48 13  -  - 46 15 35 18 32  -  3 30  -  5 59 23 21 54 14 53  - 51  4  - 11 34 12  6  - 70 56 42  - 29 38 43 66
 64 12 69  1 53 28 31 58 38 47  - 13 26 35  - 15  8 68 45  -  - 54 22 63 18 65 10 57 59 34  -  2 60 40  - 14 32 33 23 52  - 67 43 24  - 37  - 30 42 16  4 36 51 19 49 11 39 55  -  6 50 61 46  - 44 48  - 21  5 25
  - 17 22 60 29 53 16  9 55 57 37 10  -  4 25  -  -  - 44  - 62  - 35 54 12 52  2  - 31 66 38  -  - 46  1 27  7  -  8  - 15  - 70  -  - 51  - 23  6 41 49 67 11 24 64  -  5  - 40 32 69 65 61  -  3 59  - 45 68 58
  9 27 14 36 49 60 20  - 41 54 12  - 64 55  7  - 52 53 48 59 16 51 46 15 67 69 17 50  -  -  3 68  -  - 21 40 31 28 61  - 65  -  - 56 32 62 47 29 22 30 43 35 66 38  5  - 13 42 25 58 18 57 63 44 11  - 26  - 23 19
 67  -  -  - 70  5 66 41 57 44 24  - 35 56 26 52  3  -  - 37 23 46 27 33  - 55  - 63 19  - 18 40 11 50 36  -  - 61  - 32  -  - 14 42 51 17  - 22 45 65  - 47  9  - 59 60  8 16 49 15  1  -  - 34 64  -  2  -  - 48
 55  - 46 64  - 26 17 56 59 68 18  - 38  - 23  - 62  - 33 49 14  -  - 61 41 57  4  5 36 25 15  - 34 12 47 21 35  - 42 10 53  - 24 54  -  - 32 20 60 52  - 45  - 43  7 63  - 67 31  - 70 48 11  1  - 44 66 30 50  8
 57 20  - 51 68 17 10  2 44 43 22  - 58 31  -  -  7 67 18 16  5  - 42  1 37  -  8 45 35  3 40 52 70 64 46 48  - 14  - 21 60 41 66 30 12 24 38  4 34 39 61 11 36 25 69 53 27 47  - 29  -  - 49 55  - 26 33  6 28 54
  -  - 31 22 11  -  2 55  6 29 50 56 44  8 58 17  - 30 35 48 38 33 14 27 51 61 62 43 46 60 19 70  - 53 23 59 13 36 45 42 68 66 32 52  3 28 21  - 40 57 25 54  4 64 26 41  - 12  - 49 47 69  9  5 67  1 39  - 34 20
 14 21 35 41  - 25  7 63 13 49  -  - 61 52 70 67  5  -  - 62 31 15  - 69  4 16  -  - 45 47 22 10 23 37 42 29 33  - 34  9  - 56 64 36 26  - 46 66  -  2 44 55 32 17  - 59 11 24 57 27  - 58  -  - 60 51 43  3 53 38
 18  9  7  -  - 45  - 48 39 36 59 33 14 13 35  - 46 66 16 40  -  -  - 24 32  1  - 29 62 53 43  -  3 30 49  - 47  - 50  - 12  - 54 61 65 44 15  - 67  6  - 28 19 31 37 42 60 41 64 56  8 38  2 51 27 63 58  - 52  -
  6  -  5 34  -  7 13 24 70  9 39  -  - 17  - 37 11  4  1 51  3 36 31  - 45 38 48 62 69 12  - 49 19 25 30 63  - 65 20 66  -  - 44  -  -  - 29 15 57 33 23 18  8 21 27 14 67 35  - 64 58 59 60  - 52 68 41 53  -  2
 11 14  - 43 41  - 52 22 51 17 19 58  - 45 31 36 27 13 20  - 50 42  - 59  6 25  -  4 26 63 46 60 67  - 28 32 53  - 69  - 40  - 55  - 48  - 54 38  9  - 56  - 33 65 61 68 70  -  8  -  - 29 23 57  - 10 62  -  - 18
  7 58 12  3 39 37 24 42 27 60  -  - 45 38 43 23 20 34 59  8  - 31  9 16 29  -  - 68 63 67  1 18 57 66 33  5 17 44 41  - 47  - 51 21  6  - 28 65  -  - 35  - 30  - 46 54 55 56 14 19 52 26  - 61 50  - 49  - 48  -
