3920
 32  - 60 54 66 50 68 69 16  9  - 10 25 27  7 30 47 63  4 26 28 23 17  - 29 45  5 31  - 36 39  - 62 35 34 52 59 53  - 41  - 67  6 38 18  - 21 61  - 70 40  2 11 58 57  1  - 13 42 65  -  - 43 22 24  8  - 44 51 56
 30 62 53 18 11  5 29 33  - 55 40 39  3  - 28  4 52 38 60  -  -  - 32 48 65 15  6  7 24  -  - 59 70 50 19 44  - 42 21 68 22  2 23 35 17 16 20  8  - 46 69 13 58 67 63 27 36 56  1 47  - 43 25 14  - 57  9 51 34 37
 50 60  -  2  1 70  - 44 19 38  -  -  - 33 31  - 46 62 17 40 54  6 35  -  - 20 64 43 68 23 57 27 13 58 37  - 14 47  3 36 11 12 30 63 22  7 51 34 26 65 56 55 10 59  5 15 18 24  - 32 53  8 66 42 67 16 29 49  4  -
  - 45 54 12 62 13 20 41 46 39  5 21 68  - 48  6 70  8 26 56 32 36 58  - 53 22 25  - 37 67 29  - 31  -  - 19 30 15 43 51  1 64 47 44 27 10 14 24  7  2 63 42  - 60 18 65 11  3 23 16 69 28 40 57 33  4 35 55 38  -
 25 46 15 43 56 23  - 19 63 10 57 65 41 12 17 55 67 11 28  4 27 47  -  - 52 66  3 70  - 50  8  -  -  - 33  -  6  - 51 21 32 20 61  -  -  - 60  - 24  - 49  5 42  - 58  9 53  1 69  - 18 26 35  -  -  -  -  - 59 34
  7 34  - 44  - 17 48 42 70  4 26 56 19 29  - 67 22 37 49 28 15 12 64 41 30  -  -  6 21 25 60 45 14  2  - 61 33  - 55 16 10  -  - 51  -  - 39  - 18 63  9 53 66  5 23  8 57 38 27 40 46 69 62  -  - 24 68  - 11  1
 35  3 23 28  - 65 60  -  2  - 18 25  - 17 10 53 31 36 70  9 33  5 19  - 54 44  - 42  6 16  1  7 52  - 61 11  - 51 38 62 26 37 55  - 13  -  - 21 63 69 43 14 20 29 15 59 34  8 41  - 39 68 45 27 46  -  - 12 32 49
  - 25 32 45 35 58  - 13 11 67 33  5 56 34 42 23 64  1  - 20 16 19 47 57  2 52 63  - 46 44  - 50  -  - 53 30 49  -  - 18 15 48 66  3 60 28 29  - 62  9 17 54  7 31 51 14 43 10 37 55  -  - 70 24 38 69  8 22 39  -
  -  - 39 51 63 43 13 36  -  -  -  - 33 42  5 50 26 34 47 62 58  2 29 49  6 32 67  -  - 22 48 66 30  -  - 55  -  - 69 14  -  - 12 52 37 56 40  -  1 25 46 24  8 44 20 54 16 59 10  - 35  - 61 31 65 21 53 23 64 15
 27  - 68 15 21 18  2  6 47 42 67  - 61 37 64 34  1 48 53 57 10 60  - 46 63 30 24  - 40 39 33 31 50 29 38  - 55  - 62 20 16 44  5 41 70 66  7  -  4 19 12 56 23 26 25 45  - 51 49  3 58 54 14  9 13 65 17  -  8  -
  5 40 70  4 12 64 56 22  - 16  9 24 37 59 54 21  7 52 27 45 36  -  1 60 46 65 49 29 50 11  2 10  8  - 62  -  - 61  - 48 66  6  -  - 15 38 23 44  - 17 47  - 13 33 68 19  -  - 30 39  3 14 31 32 55 28 41 25 63 43
 48  7 66  -  - 16 32 27 29 15 59  8 47 44 21 51 43 12  - 33 50 34 57 19  1 42 14 40 36 65 67 35 11 63 60 62 24 17 28  - 49 53 46 70  5 41 37  6  9 55 18 22 54  3 61 13 69  -  - 56 31 38 64 39  - 58  - 10 52 30
 14 68 59 25  - 47 23 40  - 36  1 37  9  6 44 61  -  - 38  -  3 26 18  -  -  -  - 62 66 70  -  - 19  - 32 10 43 24 31 55 69 51 41 53 56  2 35  5 16 20 45 30 57  -  7  - 58 28 50 46  -  4 29 49 52 63 54 11 21  -
  - 57 12  - 40 48 53 49  -  - 47 34 38 15  - 28 20  -  5 31  -  - 33 56  - 10  1 21 44  - 64 29  - 24 14 67 52  2  -  7  -  4  9  - 66 19  - 63 59 50 61  -  3 69 45  -  8 60 58 11 43 55  6 68 36 41 37 65 42 18
 19 42  - 31  3 40 25  - 49  - 68 62 24  - 35 46 37 41 32 67 17  1  - 26 33 53 39 20 48 12 16 43 64 30  4  2 23 29 11 44  - 21 34 50 52 47 54 58 57  8 13  9  -  - 59  5 27  7 15 51 45 18  - 28 66 10 63  6  -  -
 31 61  6 27  - 12 67 62 26 37 16 58 40 54 19 24 59  4  - 38  - 41 39 18  3  5 29  -  - 42 55 22 46  8 44 23 68  9  -  - 48 13  - 65 25 11  -  - 49  -  1 57 28  - 21 34 51 35 66 64  7 50  -  - 60 36  -  - 47 69
 62 23  8 38 58 39  - 26 53 59 50  - 10 49  4 36  -  - 61 64 66  - 16 40 18 19 42 56 67 24 20 63 28 12 29  - 57 52 41 34 13 30  1 54  - 45 65  -  - 60 31  7 33 51  6 22 14  -  - 43  5  3 37 35 47 17 44 46 55  2
 28  - 47 64 25  2  4 45 55 13 10 50 65 52 49 17 24  -  -  - 68 46 12 32 35  - 69  - 53 14 11  - 33 70  6 51 62 39 60 58 44 59  8 16  - 22  9 37  3  - 67 38  - 27  1  - 29 42 40 66  - 34 56 21 57 26 43 36 48 41
 24 14  - 61 10 37 26 17  9  8  - 63 50 67  2 56 36 59 52  - 29 11  - 25 34 58 32 65 55 13  -  1 16  -  - 20 15 23 39 66 42 43 40 47 69 35 44 19  - 49 51  3 60 57  - 30 45  - 70 38 22 33 18 41 68  5  -  - 46 64
  - 44 55  - 22 60  -  -  -  - 14  3  - 23  1 68 17 70  -  - 26 32 42 35 41 59  2 11  -  8  - 13 57 36  7 31 47 45  - 33 58  9 21  - 29 53  -  - 67  - 66  - 52 64 37  - 10  4  6  - 40 27 49 43  - 50 39  - 28 46
  - 64 31  - 39 21 42 23  -  - 46 35 11 16  - 32 41  - 57 58 49 40  - 24 37 38 36  -  9  - 27 20 67 59 28 48 69 62  7 29 14 33 25  - 54  - 26 68 56  3 53 70 34 30  8  - 52 66 65  1 12 17  - 18  5 60  - 63 15 19
 40 55  -  -  -  4 63 15 44 11  - 46 43  - 41 45 58 21 13  - 25 59 53  7 49 54 34 38 26 33  -  - 56  - 18  3 64 32  - 28 60  - 19  - 47 20 70 27 48 37 50 29  5 61 24  2 35 16 68  -  1 12  9 23 10 22 31 39  -  -
 60 70  -  9  4  - 46 61 24 29 44 14 63 66 57 48 65 51 67 36  - 38 15  - 12 50 13  - 39 54  - 11 10 55 17 28  - 49  8 25 47  -  - 34 68 42 16 40 37 59  7 62  2 53 26  -  - 19  - 41 27 21  5  3 58  6  - 35  - 22
  -  1 48  - 57 53 14 47 39  3 41 66 42  - 38 18  4 35 54 55 69  - 46 27 17  - 28 58 10 21 52  -  7 44 25 49 60 30 34 61 59  5  -  - 50  - 11 12  8 36  - 43  - 70 13 32 40 20 16 37  - 23  2 51  - 68 19 45 56 33
  -  - 11 68 13 66 58  - 51 52 64 31 60  -  -  -  5 28  - 21 45 42 36 16 56  - 30 63 27 48 59 67  - 18  3  8  - 70 29 49 43 38 35 62 12 57 19  - 32  - 22  -  - 34 40  6  7 39  4  9 26  -  - 25  - 33 20 17 14 55
  - 18  3 21  2  7 64 28 38 58 63 23 15 68 34 62 40 24 55 70  - 51  - 43 27 12 44 10  -  - 36 41 54 61  5 17 25 59 33 42  4 45 20 19  -  6 48 69 11  -  -  - 56 14 52 53 47 46 57 49 37 60 32 50  8 66  - 16 65 31
 37 12  1 29 43 31  - 65 30 69  -  - 70 47 11  - 55 25 10 22  - 17 21 14 16  -  4 41 13 20 56 15 39 68 27 18 19 64 61 67 33 57 62 36 46  5 66  - 42 32 58 51 49  - 44 24  - 50  7 63  - 48 52 34  - 45 59  2 26 60
 17  -  - 34 52 11 49  8 50 57 58 67 36  2  - 70  3 33 29 23 41 25 66 39 28 48 62  -  1 53 37  - 42 19 20 27 54 10  - 69  - 65 22 56  -  -  - 26 13  -  - 32  - 43 38 61 64 45 12 21 15 44 63  7 30 31  - 60  6  -
  2 17  - 11  -  - 37 58 34 41  - 59 49 13  6 31  9  -  - 65 24 39  7  - 36  - 54 67 14 68  -  - 25 20 50 47  -  3 23  8 35 63  - 21 62 18 64  - 66  -  - 60  - 15 70  - 12 55  5 42  -  -  - 29 16 44 38 27  1 40
 42 36 50  - 68 62 39 37 35 34  - 30  - 64  3 13 66 67  - 16 14  -  9  - 26 25 55  -  - 15  - 48  6  - 45 43  -  - 57  -  - 49 29 32 59 17  8  -  -  -  - 20  - 21 19  -  4  - 38 28 10 52  - 12 51 56 27  - 58  -
 33  -  - 37  7 38 27 21  - 50 45 52 34  - 29  - 57 53 36 61 56  - 13  - 70 26 66 12 35 47 14  -  4  -  -  1 58 54  - 23  8 68 67 40  2  3 63  - 60 15 44 69 62 16 42 49 31 43  - 30 48  6 20 46 59 64 25 28 41 32
 36 27 49 58 51 57 66 31 20  - 65 54 21 40 15 41  8 16 69  - 47  -  3 33 50  2 48  -  -  -  - 32 61  6  - 12 11 55 13 53 23 62 68 64  1 59  - 38  - 34  - 18  - 42 60 37 44 70 52 29 67  -  7  - 25  9 14 26 45  4
 68  2  5 41 16 45 35 51 27  - 39  7  - 60 43  - 49 13 42 32 34 37 10 36  9 29 11 28  -  3  6 12 55 31 48 46 26 69 65 64 57 54 44 58 61  - 50 23 30 33 19 66 18 40 22 21 62 53 17  4 38 47  1 67  - 59 15  -  -  -
 65 16 24 19  8 29 47  3 48  -  7 43 28 26 63  - 61 45  - 39 20 14  - 51 69  4 22 30  -  - 53  -  -  - 57 33 34  - 25  - 46 56 70 67  6 40  - 42 21  5  - 17  - 54  - 35 50 64  - 10 68 59 36 13  2 37 11 62 27 44
 10 29  - 47 37  6  - 34  4 64 20 26 22  7  - 33  - 57  - 53  9 54 52  8  - 24 19 69 59  1  - 16 38 43  - 60 13  - 66 40 12 32  - 14 51 31 46 55 23 30 28 41 35 18  -  - 17 67 44 45 25  - 39  - 15 42 61 68 49 27
 20  9 26 59 54 22 16  -  - 53  3 70  4 55 30 40 39 66 45  -  -  8 62 29 10  - 52 24  - 27  - 37 41 46 35 32 50 43  5 65 28 17  -  - 19 64  - 49 15 61 38 25 14 63  2 68  - 31 56  - 36  7 47 44 11 12 34 33 18  -
  - 56 29 24  - 34 38 64  1 25 61 45  - 57 20  -  -  5  -  2 13  - 59 58 62 63 43 50 32 66 47 19 44  - 12 69 65 60 15 30 55  -  -  -  - 26 68 17 36 51 70 49 37  7 46  3 42  9 54  -  - 39  - 52  6 27 33  4 10 53
 21 11 25 36 27 10 33  -  - 45  -  - 57 53  - 63 38  3  - 18 35 43  4  -  - 37 41 16 30 69 19  5 12 65 22 58 44 34 50 15 17 24 49  - 42 13 61 48 51 47 62 39 29 52 56  - 60  - 14 59 66 31 68  6  7  2  - 70 54 20
 49  -  - 33 46  -  - 68 36  1 38 53  5 58 56 66 10 20  6 52 42 21 67 44 19 70 51 60 69 32  - 23 17 34 16 13 63  8 64  9 61 25  4  - 65 39 15  7 28 31 26 48 40 35  - 29 22 18 47 12 30 45  3 55 50  -  - 24 37  -
  - 63 57  - 30  - 65 12 32 48 22  -  - 11 26  - 56 64  3 42 21  7  2  - 68  8  - 52 25 37 46 36  - 27 55 29 10 44  - 17 67 47 15 60  9 51 34 20 45  4 24  6 39 66 43 40 38 23  - 50  - 16  -  5 31 35 69  - 33 54
 56 47 44  1 61  - 17  5 18  -  -  - 27 48 50  - 14 55 33  8 30  -  - 52 20 36 38 66 57 59  -  -  -  9  - 35  7 37  2  - 19  3 42 39  - 58 31 25  - 68 65 21 43 12 49 16  6  -  - 22 70 53 10 11 69  - 13 64 24 29
 29 37 22  - 70 15 62 50 41  - 23  - 32 14 58 57 69 56  7 60 18 55  - 59 66 64 61 47  3 31 51 38  - 25 30  - 46 67  1 13  9 27 45  6 16 43 33 39 65 21 48  - 44 10 53  4 19  - 35 24  8 11 17 26 63 49 40 54  2  -
 53 30 63 17 64 49  8 29 33 18 13 68 44  - 25  - 32  - 39  3 62 22 60 66  -  - 47  - 15 61  4 65  2 45 70 59  -  - 54 50  - 28 37  - 10  - 38 67 19 41 57  -  1 56 55 23 24 21 43 58 14 20 26 48 40 51 12 34 35 16
  -  -  - 22 15 42 55 53  3 54 49 47  - 18  - 26 63  - 24  5  -  - 20 67 43  - 23 68 61 56 66  9 60 28 40 39  4 46 16  - 64  - 48 25 38 33  - 45 58 44  - 65  -  - 50 57 37 41 32  7 29 36  - 19 35  -  - 30 62 14
 11 38 40 50 32  1 69 60  - 61 21 16 59  -  - 29 54 19  - 43 44 65 30  4 47 14 15 27  - 10  3 53 34 48 41 63 36  - 49  6 31 35 13  -  8 23 25  -  - 45 55 52 12  9 39 51 28 26 67 17 64 62 24  2 42 46  - 18 57 66
 43 51 28  8 55 44  - 14  - 47 19 36  -  -  -  - 42  6 64 68 46 20 38 65 25 49 26  - 45  - 34 39 58  - 23  5 67 40 56 32  - 16 59  - 63 48 52 29 12 35 33  - 27 50  - 69 70  - 60  2 11 66 41 17  9 18  - 21  3 61
 44 26 33  - 17 69 19 63 52 62 11  -  -  - 67  - 13  9 48 37  7 31 56  2  -  - 60  8 20 30 70  4  -  3  - 22 12 68 27  - 51 58 16  - 34 32  - 64  -  - 23  - 36 46 54  - 55 49 25  - 47 29 57 15 14  - 42 61  -  -
 64 54 65  - 60 30 57  - 56  - 17 19 35  -  8  - 12  -  -  -  - 15 31  6 48 11  -  4  - 55 43 34  1 37 59 45 29  - 40  3  2 46 53 13 44 49 42  -  - 16 21  - 26 62 14 36  5 33 63 68 24 32  - 61  - 25 47  9 23 10
 66 69 67  - 33 63 51  - 31  - 37 11 14 39 18  7 45 49  - 13  - 50 70  - 22 47  - 35  8 34 61  - 21 41 52 38 17 57 44 54  6  -  3 15 43 36 62 46  - 56 27 16 30  - 12 55 65  -  2 20 28 25  4 59 53 29 32  -  - 24
 39  - 21 35 38 24 40  7  -  2  8 42 18  -  9  -  - 30 41 44  6 13  -  - 61 69 12 14 19  - 32 33  - 54  - 57 56 66 20 27 62 55 28 31 48 65 47 16 25 53  - 46 63  4 29 64 67  -  - 52 17 37 11  -  - 23 49  3  - 51
  - 31 30 10 28 33  7 52 21 32 15  - 45  8 27 43 44  - 62 11  - 16 68  5 55 18  - 26 56 40 63  - 36 17 42  -  3 22 12 19 54 29 57 37 49 34 69  - 53 64  6  - 24 65  9 41  -  - 39 35  -  - 46  1 61  - 48  - 13 50
 59 66 64 56 20 52 45 25  7 68  4 22  6  - 14 27 33 10 11 47 37 53  - 54 44 34 58 55 60  -  -  -  - 32 31 70  - 16  9 38 50 39  - 29 36  -  -  1 17 43 35  8 19  2  - 12 13 57 46  - 42 61 15 30 28 40 23 48  - 21
  - 33  -  - 44  - 21 38  -  -  - 12 13  - 61  - 16 18 56  -  4 30 54 55  8  -  -  -  -  5 68  - 32 22  -  7  - 11 24 47 63 41  - 45  - 37  - 10  - 66 36 19 69 28 35 42 48 14 29 31  - 58 27 60 43  - 26  -  -  6
 41 15 56 14 24  -  5 16 67 22 42  - 29 20 39  3 53 65  - 66 61  9 44 31 64 62 18 37 43  - 12 49 63 60  1  4 38 28  6 57 40  - 32 48 21  - 10  -  - 27  - 23 55 45 36  - 26 11  8 69 54 51 58 33 34 13 46 47 19  -
 57 65 13 16 34 54 11  2 59 26 36 60  1 32 53 19 50  - 66  - 39 63  - 61 15  7 17  - 62 46 38 70 48  -  9 41 37 27 45 43 30 10  - 69 20 12  6 47 64 67  4 31 68  8  - 52 23 29  - 44 56 35 21 40 49 55 28  - 25  3
  4 21  7  - 18 36 52 20  - 30 43  - 48 63 22 54 51 44  1 50 65 69 34 37  5 56  -  - 33  - 23 60  - 42  8 24 16 25 26  2 70 19 31 17 55 67 27  9 14  - 11 45 38 68  - 47  - 61 59  6 57  - 12 64 41  -  3 32 40 58
 46 20 37  6  5 51  - 11  - 31 35  2  - 25 40 42  -  - 34 49 57  - 43 63 14 13  8  - 65 28 24  - 29  - 69  9 39 33 18 12 21 50  - 68 26 30 59  - 38 48 32  - 67  - 66 70 41 52 19 53 44 10 54 58 45  1 16  - 60  -
 63 24 38 70 42  -  1 39 69 21 51 27  -  3 65  - 18 47  2 46 55 66 48 45 57  6 10 32  5 35 30 61 59  - 56 40  8 14 68 11 34 15 17 22  - 52 43 31  - 12 25 50  - 49 28 44  9 37 26 19 16 64 23  - 54  - 58 20 36 67
 38 10 42 57 67  8  - 46 62 65  - 33  - 45 55  2  -  -  - 12 43  4 37 53 40 16  - 25 41 17  -  3 66  - 21  - 48 56 30 59  - 60 69  9 35  - 58 51 61  6  - 68 31 20 27 11 63  - 64 70 34 13 19 36  - 47 24 15  - 26
 52 35  - 53 49 14  -  - 28  - 56 38  - 62 37 65  2 15 16 30 48  - 41 34 24 68 57 51 54  4 13 25 26  - 46  -  9 31 17 22  7 18 11 12 32  8 55  3  5 29 20 33 59  -  - 63  1 58  -  -  - 42 44  -  -  - 66 67 61 70
  8 43  - 20  6 67 15 70 40 33 52 29 31 24 68 38 21 54 44  - 51 56 27 12  -  -  - 46 64 58  - 28 45 39 63 53 32 26  - 37  - 14  7 55 23 60 49 11 69 18 34 10 47 13  4 25  2 17 62 36 50 57 65 66 19 61  -  5  - 48
 45 67 34 55  - 68  - 32 25  - 66 20 17 28  - 22  6  - 40 24  -  -  - 69  4 35  - 53 38 19  -  -  3 15 47 56 31 48 52 10  5 11 39 46 57  - 18 30  - 13  -  1 64 41 16 58 49  - 51 27  - 63  8  - 37 43 50 29 12 23
  - 39 46 67 47 25  - 59 42  -  - 48 23 38 69 58 35 60 37 63 53  3 40 10 31 21 45 34  2 57  -  -  - 66 43  - 27  4 14  1 56  - 52  -  -  -  - 13  - 26 54 11 32 24 41  - 68  - 18  - 33 70 22 20  - 62 51 19 29  -
 69 28 36 23  - 20 54 55  -  5 31 49 12  4 59 47 30 42 63 14 40 29 25 68 67  - 50  2 58 26 35  6 65 33  - 66  - 21 70 56 24 34 38 57  7 46 17 18 43  1 64 44  - 19 10 48  3 27 13 15 32 41  -  8 22 52 62 37  -  -
 47  - 16 39  -  - 43  9 58 14 32  - 46 19 45 64 62 40  8 29 31 52 69  - 59 57  - 23  7  - 21  - 18 26 49  - 35  5  -  4 27  - 56 33 24 55 22  2  - 38 37 12 48 36 34 60 30 15  3  - 41  -  - 53 70 11 10  - 17 42
 54  4  9  7 29 32 31  - 14 44 12 57  -  5 60  - 34 46  - 15 19 61  6 47 58 40 68 48 17 64 28  2 37 38 13  - 20 50 22 35 36 66 43 10 45 21 24  - 39 42  - 59 25 23 69 62 56 63 11 18 49  1  - 65 27 53 70  - 67  -
 58 48 18  - 31 59 44  4 12 17  2 51 16 46 66 39 68 43  9  1  - 62  -  - 23 67 35  - 34 49 45  -  - 56 64 37 42 36 10 26  - 22 14  - 28 25 57 53 20 40  - 47 70  6 30  -  - 54 24  8  -  - 55 69 32 15 60  -  7 11
 23 50 27 40  -  9 34  -  - 63 70 55 20 21 62 12 11  -  -  -  - 28 51 30  - 17 46 36  -  6 44 69 49  7  - 68 41 38 35 24  -  1  - 26 67  4 32 57 31 58 10 61 16 25  -  - 39  2 53 33 52 15 42 37 48  3 18  8 22 13
  6 52 45 60 69 55 18 35 22 23 25 15  2 43 24 44 19 68 59  -  - 33  8 11 38  3  -  -  - 41  - 57 51 10  - 16 21  7 53 31 37 36 27  - 58 29 28 66 34 54 14  - 50 32  - 39  - 47  9 62  - 49 13  4  - 30 65 40  -  5
  9  8  - 48 36 61 10 18 13 35 29 44  - 30 12 59 60 17 50  - 63 57 65 15 51 55 37  -  4 43  - 56 24 69  - 21 70  -  - 46 68 23 33 49 41 27  - 14 47 52 42 64  - 11  - 66 25  - 28 54  2  5 34  - 62 32  7  1  - 38
