3920
 26  - 30  - 53 61 10 49  -  3  -  2 35  -  - 65 25 31 46 12  - 43 45  - 39  - 60  -  - 63  -  - 56 33  1 34 13 40  - 66 57 20  7  9 24 67 29  -  - 37  5  - 36 23 15  - 11  - 52 54 68 28  -  -  - 18 14  8 58 70
 61  -  -  - 46 24  6 27 51  8 10 34 60 40 69  4  7 35 53  3 38 14 64 19  - 28 50 23  - 39 11 20 22  - 43  - 31  2 16 21 45 55  - 17 67 48 54 26 41 56  - 42 25 68 63  - 52 18 13 15 12 57  - 62 44  - 30 49  1 66
 51 15  4 34 22 43 21 62 24  -  - 67 63 64 49 68 45  6  2  -  - 11 65 46 13 61 59  - 39 17 18 52 53  8  - 50 36  - 58  - 28 32  - 42  -  5 44  -  9  7 19 30 69  - 40  - 57  - 54 56 25 33 35 70 48  - 12 38  3 16
 30  - 47  - 36 26 11  - 50 48  - 54 43  8 23  - 70 12 56 17 51 33 21 35  - 59 37 58 41 42 44 15  4 14  -  -  3 67 52  - 68 24 63 28 13  1 66 25 19  -  7  -  -  -  - 45  - 34 29 27 69 20 60 32  -  - 61  6 10  -
 50 39 52 28  4 34  - 40  - 33 35 59  5 22 13 69 24  - 15 48  - 27 49  2 21 23 57 42 17 10  -  1  3 53 26  - 70 66 12 54 16 60  8  - 51 32  - 11 30 47  - 36 31  7 61  -  - 55 56 46 63  - 20 67 18  9 25 45  6 19
  2  - 67 25 38  8 14 70  - 60 52 55  7 42 26 32  - 27 66  - 33 57 10 20 12 22 63  5 30  - 47  - 37  - 39  9 43  - 54 53 21 29 46 51 17 24 28 16 56  -  3 35 34 31 62 23 48 15 68 45  -  4 65 44  1  - 19 41 40 69
  -  -  1 20 33 27 68 32 13 38  3 18  8 37 12 49  9 57 28 61 60  - 69 55 14 52 36 26 24 25  - 70 35  2  - 67  6 65 15 31 34 66 40 56 53  -  - 47  - 54 50 62 16 21 59 30 19 22 11 44  - 43  4 23  - 29 39 48 41 63
  5  - 49  -  - 44 39  - 70 58 26 61 59 41 60  -  - 46 68  - 45 12  8 28 66 17 69  2 19 43 56  - 64 35  - 38 22  7 48  6  9 36 55 21  4 65 63 31 20  - 42 24 33 50 18  - 40 29 53 16 32 27 52  3 34 25  -  -  -  1
 20 16  -  7 66 33 12 42  - 34 43  - 69 52 53 48  - 49 65  6 28  2  5 67 44 63 10 25  -  3  - 36  - 64 47  4  - 60 13 32  - 39 23  - 19 22 56  -  - 61 11 45 21  - 26  - 62 70  8 29  - 37 40 50 46  -  - 14 15 51
 23 60 11 50  3 28  -  -  - 31  5  9 45 56 54 63 26 20  - 38 67 55  1 66 27 49 19  8 52 44 35  - 62 51 36 58 40 12  - 39 24  - 48 59  -  - 46 29 18  6 10  -  - 43 21 42  - 47 69 22  - 15 64  -  - 13  -  - 57  7
 56 34 21 61 20 16 36  3 44  - 68 35 52 67  - 33  2 54 51  - 19  -  4 10 50  - 43 18  -  -  - 58  - 25 17  - 60 31 32  - 40  6 62  1  -  -  -  - 13 15 12 28 42  - 46  - 37 38 55  -  - 23 30 39 65 11  - 63  -  -
 48 12 56  - 61  - 65 10 41 64  6  3 39 59  - 21 19  9  - 62 30  - 47 58 11  5 17  - 54  - 60 23 29 57  - 33  -  -  - 52  - 35  - 53  - 34 50  -  7 63 45  8 27 69 70 68 26 66  - 31  - 13 38 40  4 32 37 67  - 14
  3 56 10  4 49 21 58 67 54 63 16 46 61  - 18 27 64 38 23 34  1 37 40 39 57 29 55  - 50  - 20 44  - 60 19 41 25  6  - 30  7 70 52 45 42 36 53 35 26  9 48 15  -  2 32 24 66 13 17 62 33 12 14  -  - 59 22  - 68 31
  -  -  - 52 30 59 17  4 33  - 36  - 54 51 47 55 32 65 64 43  - 23 16  -  - 38  1 50  3 48 61 45 21  - 49  2 14 15  -  5 12 41  6 57 26  8 25 53 34 27 28  -  - 42 60  7 20  9 63 37 40 10 62 19 29  - 24 69 22 58
 42 33 16 68 65 69  - 31 53 26 40 13 27  - 56 58 30 48 18  1 15  - 14 34 17 37 11 49 51 64  -  -  - 54  - 23  4 46 66 36 47 38  2 43 21  7  - 44 52 12  -  -  9  5 55  - 35 10 70 19 62 25 41 28 60 45 57 20  - 59
 39 55 60 41  -  6 35 54  7 61  - 37  - 11 20  - 18 23 14 69 62 52  - 42 51 66 70  -  - 21  5 30 48 34 63  - 32 27 26 56  2  1  -  - 65 15  4 12 40  -  - 58 17 45 50 47 22 53 25 13  8  9 31 59  3 16 29 68  - 64
 27 38 50 30 39 37  8 16 25  9 45  -  - 55  3 26 17  4 31 22 43 29 53  - 54  -  - 52  - 32 42 69 11  7 33 24  -  - 51 59 46 64 58 15 28  - 14  -  6  - 68 20 40 44 56 21 36 41 12 67 57 47  - 35 63 19  - 60 23 49
 53  - 35  - 70 64 13 68 39 49 60 28  1  - 66 47 44 29 52 20  2 58 48 31 19  -  -  - 57  -  -  5 14 59 23  - 38 50 69  7 30 22  3 37 25  9 42 41 16 34 62 56  -  4 65 43 55 61 27  - 24 46 67  6  -  - 21 15  - 10
 64 68 17 58 13 63 52 47  -  - 53  6  - 19 10 22  8 39  -  - 44  5 61 57  - 14 54 43 60 11 21 26 16 23 70  - 49 28  - 15  - 69  - 30  - 55 59  - 29  -  4 27 46  -  2 40  -  1 50  7 42  -  -  - 38 37 51  - 35 45
 40  2  6 14 45 58 46 30  4 17 21 33  - 61 29  -  - 24 50  8 69  - 56  9 42  - 22 62 32  - 19 13  - 20  -  - 35  - 57 49  -  - 34  5 47  3 52 48 66 65  1 25 39 15 28 64  -  - 37 53 44 11 55 12 67 63 31  7  - 27
 43  -  -  - 31 35 44 29  - 67 41 48 18 54 40 52 47 19 11  - 58 13 62 53 15 33 20 12 21 34 59  - 46 55  4 10 45  -  9 68  5  - 49  -  -  -  6  8 61 42 17  - 70  - 57  -  7  - 51 64 28 36  -  -  - 22 27  1 26 50
  - 66  - 64  9  - 70  8  -  - 27 58  -  -  1 60  4 36 17 39  - 46 37 68 23 51 42 57  - 40  - 14 10 65 69 30  - 61 33 34  - 12  - 50 31 26 22 15 21 59 54 13  3  - 44  - 53 19 48 28  - 32 11 16  - 62 49  - 67  2
 41  - 27 40 24 68 28  7 61 62 46  - 47 10 48  1 55  - 58 19 31 22 59 12 49 39 14  - 70 18  6 53 45  -  3 32 63  - 43 44 23 57 11 35  -  - 16 36  2 21  -  - 15 25 34 60 56 17  - 52  -  5 42  - 69 20  - 65  4 13
  - 20  5 62  2 70 69 39 66 12  9  8 40  6 22 10 28  -  - 59  -  - 27 23 34  -  3 41 45 47 55 60 44 52  7  - 18  - 35  - 33 15 56 38  - 30 65  -  - 51 25 43  - 48 64 17  - 46 19 36 37 29 16 68 57 21 42 53 11 26
  6 32 58 47  -  - 66  -  -  2  - 27 12 23 52 17 13 50 24  9  7 62 67 37 18 25 21 44 20 54  - 28 38 46  - 35 30 16 29  - 69  3  5 70 34 40 39 59  -  4 60  -  - 61 43 19  1 33 45  - 14  -  - 49 26 41  - 22 53 65
  -  1 46 65 19 52  - 60  - 25 48 50 11 18 28 15  - 13 43 57 27  4 38 17 56  - 49 35 53 41  -  3 33  5 68 44 34 62 22 40 64  7  -  8 54 47  - 63 32 16 61 12 45 30  - 70 24 67 31 21 29 66 59 58  - 51  -  - 20  6
 45 67 69 39 15 60 56 64  - 37 51 43 57  3 34 59 31  7 49  - 12 53  -  - 26 65 61 22 27  9 50 46 13 63 42 28  2 54 24 35 44 21  -  4  - 17  - 55 25 23 52 10  5  - 36 20 68 16 58 48 47 62 32  1  - 66  - 40  - 33
 15 19 22 56 23  9 47 14 46 21  - 36 33  4  - 35 61 52 32 24  - 42  -  7  - 12 64 67  2 37  - 25 18  - 34 39  -  5 59 10 38 26 68 16 43 69  1 54 17 29 40  - 63 11 27 48 13 28 66 70 60  - 57  -  6  8  3 30  -  -
 31 49  9 70 17 54 42 41 30 57 33  - 28 38 39 62 58 63 44  - 34 66 19  - 22 15 40  4 59 14 26 67  6 21  - 45 53 35 61  - 51 11 10  3 48 16  - 23  - 24 56  - 43 20  8  1 60  7 18 47  2 69 13 29 12 55 32 46  - 37
  - 13 31 67 50  7 45 52  5  -  -  - 23 66 25 12  - 60 61 26 55 18 29  -  2 21 30 19  - 20  - 33 43 22 38 69 57  - 42 16  6 62 24 34 56 37 41 28  -  - 15 47 32 35 68  9 59 48 40 17 53 54 39 64 11  - 10 27 46 44
 18  6  -  8 29 46  5 25  -  -  -  - 44  - 15  7 53 58 26  - 56 40 42 65  - 57 47  - 43 28 68  - 36  -  - 17 37  - 60 20 13  -  - 66 52 35 27 21 63  - 39 55 59  3  - 32 67 49  -  - 22 34 54 24 62 23 69 19 70 61
 62 61 68 63  5  -  4 33  2 55 66 12  - 70  -  8 34 41 35 15  - 20 30  - 25 26 51 13 42 58 67 27 28 10 37  -  - 69 56  -  - 54 64 65 29  -  -  3 31 44 43  6  1 22 52  -  - 45 38 57 49  -  -  7 50 53 16  - 17 32
 68 41 48 13  -  - 40  9 23  - 62 32 51 60 42 39 12 70 21 56 64  - 22 44  - 36 67 45  4  - 16  - 34 19 29 20 52 59 46 28  - 18 30  - 15  2  - 69 55  8 63  7 57 65 35 38 47 27  6  -  -  1 50  - 25  -  5 10 66 17
  -  -  8 45  6  3 67 53  - 52 61 49 25 44  -  - 20 47 38 40 65 21 17 14 59 16 15  -  9 30  - 42 31  1 58  7 27  - 34 29 19  - 26  - 57  - 62 68 43 60 66 37  4 70 69 22  5  - 41  -  - 35 36 13 28 10 55 11 64 12
  1  3  2 48 12  - 41 24 63 47  -  -  - 30 31 13 62 59  - 14 70 49  -  -  5 64 28  - 35  6  - 40 42  -  - 11  - 19 53 67 43  - 66 69 37 56 68  - 22 46 33 23 38 36 16  8 10 44 32 55  4 51  - 15  7  - 45 18 25  9
 46 59 62  1  - 45 19  -  - 51  -  - 48  5  - 53  - 16  - 58 57 60 20 43 67 50 31 54 13 68 41 64  - 44 18  -  - 42  4  9 32 40 47  6 61 49 12  - 11 39 26 66 29  - 14 10  - 65  3 63 30  -  2 55 17 28 33 70 27  -
 14 17 19  - 47  - 23 44  - 18 54  - 32 13 58 41 42 22 63 36  - 16 34 60 40  2 68  -  - 38 28 21  - 43 27 59 55  9 37 45 20 33 39  7  5 50 57 62 10 66 69 70 51  - 24 61 46  - 64 30 11 49  3  8 15 26 52 35 31 29
 13 21 32  -  - 50 55 18 19 68 69 24 66  1  2  - 16 64  6  - 40 35 28 59 43  - 23 33 38 29  - 56 63  3 45 53  - 26 67  -  - 47 12 25  - 46 70 65  -  - 14 61 52  8 48 51 17 58  4 41  - 44 49 20  9  -  7 36  -  5
 52 30 40 44 68  -  9 12 11 13  -  - 22  - 33  3 39 21 10 16  - 36  - 45 24  - 35 60 18 23  8 29  - 49  -  1 51 34  - 42  - 28  4  2 59 63  -  7  - 69 70 19 53 66  - 31 27 37 14  - 46  -  - 41  - 38 20  - 43  -
  - 50 14 43 63  - 49 61  - 28  8  - 38 48 55 51 29 25  - 45  - 54 35 22  - 53 46 30 31  2 70  -  -  - 59 36 17  1 64 33  - 34  - 39 40 27 20 19 37  - 18  - 41  -  - 12 23 11 67  4  9  3 58  - 16 57 26 21 32 52
 70  -  3 69  - 13 32 59 65 19 20 26 56  -  - 11 40  2 67 46 16 17 39  -  1 43 18 34 37  - 29  4 30 36 22 15 23  - 27 64 14 52 57 58 45  - 48 60  8 55  - 38 66 33 41 63 28  5 47 35  7 61 12 42  -  6 62  -  9 68
 57 45  -  - 43 17 59 63  - 22 12  -  6 27 21  -  5 69  7  - 18  - 54  - 32 67  - 48 26  -  - 49  - 30 44 25 19  -  - 50 10 14 51 55 68  -  -  -  - 53  -  4  - 28 33  - 42  - 61  2  1  - 56  9 40 60  - 64 16 11
  4 35  - 21  -  - 15 20 28 59 49 22 42 39 61 66 37 62 40  7  - 32 60  3  9 69 33 68  -  - 53 43 58 26  - 64  1 47 30  - 54 67  -  - 12  - 38  5 57 11 46 41 18 29 31 14 70 63  - 34 27 45 17  - 55 44 56 50 19 36
  7  - 23 15 27 38 29 11 45 16 32  1  4 69  - 61 52  3 47 30 35 19  6  -  8 56  - 10 44 59  -  -  -  - 57 14 54  - 70 62 67  - 65 26 55  - 43 33 60 40  2 22 12  - 25 58 31 24 34 39 36 53 18 48 49 68 66 42 51 20
 55  -  7  -  -  - 51  -  - 39 25 41 24 29  -  -  - 44  -  -  -  - 52 70  - 31 16 56 62  4 54 38 49 37 40 57 66 17 50 18 26  9  -  - 60 14 32  - 65 10  - 48  - 27  3 34  8  - 20 11 61 22  - 53  - 64 47 43 69 15
  -  4 36 12 54  -  - 57 34 44 31 14 70  - 11 16 22 56 48 41 61  7  - 25 38  - 52 69 23 60 58 47 27  9 13  - 59  - 21  -  3 49 29 40 63 45 26 10 67  1  - 32 30 53 37 35  6 42 15  5 66  8 46 17 20 39 43 55 62 18
 59  - 53  -  - 66 64 50 69 40 17 16  9 14  - 25  1  8 13 54  5 65  - 48  -  3 27  6 11  - 24 41 19 56  -  - 44 57  -  - 63 45 15 62 20  4 30  -  -  - 58  - 22 67 51  - 29 60 33  - 39 55 70 46 31  7  2 28 36 43
  - 40 43 51 64 67  - 46  3 20 55  - 34 35 62 28 33 45 57 42 39 30 12 36 68 70  - 21 56 61 23  - 54 16 66  8 15 53 31 11 18 48  - 41 27 29 13 37  1 50 22 69 24  6  5 59 32 26  - 38 52  2  7 10 58  - 44 47 14  -
 47 44 41 26 42 10  3 17  -  - 56  - 16 36 65 46  -  1  - 21 32 67  9  - 29 68 48 11  - 62 63 55 52  - 24 13 69  - 45 61 25 59 60 31 33 53 15 34 12 70 51 14  7 54 66  -  - 50 22 18 19 64  8  - 35  2 58  -  5 23
  8 18 55 53 60  -  1 19 27  - 23  7 26  2 43 57 63  - 54 47 24 31 50 69 33  - 34 17 14 35 15 37 70 67 32 61 65  4 40 25 66 44 59 46 16 20 51 56 68  5 38  - 64 49 11 62  -  - 10  3 13 21  6 22 39 42  -  9 12 30
 29 52 59 49 41  -  - 65 10  - 37 20 58  - 24  2 21 26 22 70 17 63 57 27  -  - 66 16 68 45  4  - 40 18 56  3  - 32  8 55 61  5  - 36 11 33  7 39  -  - 47 54 35 51 13 25 50 31  - 12 38  6 34 14 53 69 15 23 44 28
 54 57 45  - 44 20 24 34 17 70 67 42  - 26 38 19  3 61 16 49 63 15  7 32 10 40  - 59  5 22 69 65 66  -  - 27 48 56 23 41 53  8  - 11 64 43 21 14 28 18 13 60  -  1 30  4 25  2  - 58  - 39  9 33 47 12  - 62 52  -
 60 62 70 10 16 30 54  - 26  1  - 19  - 20 32 43 27 53 36 44 25 34  2 56  7  - 41 63 15 66 14 68  -  -  8 55 33 58  - 69 11 50 31 18 38 61 45 57 48  3 37 39 23 47 49 29 21 64 28  9  -  - 24  5 52  4 67 12 13 46
  - 43 38 57 69 40  -  -  -  7 18 39  - 68  - 37 48  5  - 10 11 44 63 51  - 58 62  3 25 55  - 35 67 12 61 22 41 64 14 46  4 65  - 13  1 23 19  9 45  - 16 59  - 52  -  2 34  6 49  8 26 50  -  - 33 31  - 17 24 47
 22 48 28 17 55 49  -  5 62 30 34 57 46  - 41 29 66 11 45 37  3 26 13 61 31 20  7  - 33  -  1  - 23  6 53 54  8 44 38 14 39  4 69 68 18 59  2 40 35 19  -  - 10 58 12  - 15 32  - 43 56 67 25 63  - 36 50 24 21 42
 28 42 13  - 10  - 34 38 67 14 63  4 62  -  7 40 69  -  9  -  -  3 25 54 46 30 58 65  1 15 43 50 60 27 55 56 11 37  - 12 29 53 35 64 36 66  8 70 51  2 41 49 61 16 20 26  - 59 57  6 23 52 19 31 32  - 48  - 47 22
  - 63 57 46  - 22 61 55 60 56 39 52  - 25 27  6  - 40  - 23 49  1 58 11 30 18  8 29 48 67 62 66  2 41 50 26 21  3  - 24 59 37  - 54  - 13 31 17 70 43 20 44 65 32 10 15 16  4  7 69 35 42 53 36 68  - 28  - 33 38
 16 29 64  -  -  - 25  6 59 45  1  - 67 49 57 20 54 10 37 53 23  9 66 41 55  7 32 38 22  -  - 12 39 70 14 46 26 30 62  3 50 31 21  - 58 11 69  - 15 17  - 68 48 34  4 56  -  -  - 33  5 60 61  - 13  - 18  2 42  8
 58  - 63  3  8  - 18 51 64 11 15 53 30 57  -  -  - 66  -  5 10 45 24  4  6 44 26  9  - 49 31 39  1 13  -  - 16 41 55 65 37 46  - 20 32  - 60 43 50 67 29  -  2 40  - 27 33 14 21 59 48 68  - 47  - 61 35  - 34 54
 65 14 51 11 56 12 48  - 42 23 29 31 37 53 30 34  - 43 19  - 36 28 46 33 35  9  -  -  8 27 25 62  7 17  - 70 50 63  1  2 41 58 20 22 39 64 47 32  4 52  - 16 67  -  -  6  - 57  -  -  - 59 10 18 24 40 38  3 61 60
  - 54 61 66 58 14 53 15 57  5 13 40  -  7  4 56  6 37 69 35 47 70 36 62 64 41 39 31 34 52 17  -  9 29 20 42  - 55 28  1 48 43 32  -  2 38 33 67 27  - 23 51 44 18 19 11 30  -  - 50 10 65 21  - 45 24 46 16 49 25
 11  8 65  9 40  5 57 58 29  - 28 10 31 12 50 67 46  -  - 25 59 41 51 26  -  -  4 70 64  -  - 17 20 32 15  - 61 39  3 23 55 13 22  - 62  - 34  6 33 45  - 21 60 37  1 49  2 69 44 66 16  7 63 54 36 14 68 52 30 48
 21 70  -  2 34 29  - 35 36 54  7 63 50  - 59 23 60  -  1 28 13  6 41 38 20  -  9 39 69 19  3 18 47  4  -  5  -  - 11 22 27 17 43  - 14 44 58 49 53 32 55 40 56 57 45 33 64 68 42 10 67  - 66 51 30 48 65 61  8  -
 66 25 26 55  - 57  - 45  6 29  4  - 19 24  -  - 65 30 70 64 68  - 11 16 47  - 53 61 12 33  7 31 50 69  - 60 39 22 63  -  8  2 38 44 35  -  -  - 49 14 34  1 37 59 67 13 41 40 62 23 17  - 51 52 27 15 54 32 56  -
 37  -  -  5 25 23 27 43 56  -  - 29  - 32  - 44 49 34 62 33 66  - 31  - 41  - 12  - 61 57 48 11  8  - 30  - 10 51 36  4  -  -  1 60 22 52  - 45 38 35  9 67 68 64 58 55  - 39 16 20 21 14 28  - 70  3 53 54  2 40
  - 65  - 16 35 62 37 13 47 50 11 44  - 15 64  9 10 18 41 27 54 51  3  8 28  6 24 40 36  7 22 48 69  - 67  - 42 23  -  -  1 30 33 52 70 60 55 46  -  - 32 63  - 56 29 53 14 21  2  - 31 17  -  - 61 34  4  - 39  -
 17 27  - 29 57  4  7 48 52 69 42 15  - 46  8  5 50 55 33 32  - 56 18 21 45  -  2 14 49 36  -  - 59 40 28 66 47 13 20 70 60 16 41  -  - 12 35  1 62  - 31 11  - 19  -  - 38  3 24 25 64 30 44 61 37 43 23 58  -  -
  - 53 54 38  - 41 62 66 12 43 14 69 15 58  6 30 11 33 59 65 22  - 23 50 48  8  - 27 40  - 52 32 55 28  2 51  - 45  7 19  - 68 70 61 46 21 49 18 44 20 35 26  -  9 17 57 63 25 39 24  3 16 37  4  5 56 64  - 60 67
 12 22 15 27  - 47  - 26 20  -  2 11 29 34 67 50  - 14 55 13 37 69 33  6 61 62 56 24 16  -  9 59 32 58 60 68 28 70 49  - 52 25 53 10  8 31 40  4  5 64 21 18 54 38  -  -  3 36 43 42  -  - 45 57  - 30  1 44  7  -
 38 23  - 35 32 18 26 28  - 15  - 70 55 31  - 64  - 51  5  4  - 24 44 30 62 13  6 53  -  8 33 34 12 68 16 52 67 11  - 47  - 42 61  -  - 57 37  2 14 41 36 46  - 17  9  - 49 54  -  - 58  -  -  - 59 65 40 39 48  -
