3920
 60 15 32  -  - 12 50 68 61 35  -  - 16  -  - 10 48 14  - 43  -  8  - 57  3  - 70 30 33 55  - 46 66 25 38 37  2 69 45  - 31  - 58 65 56  1  7 49  -  4 54 11 59  9 40 27  5 52 21 53 18 51 29 44 39 20 28 22 47 24
 44 67 16 10 33 66 57 31 54 53 62  9  -  - 59 43 17 48 65  8  1  -  - 51 32 35 13 29 23  -  - 18  5 20 37 50 45  -  - 22  - 63  6 15 11 61 56 64  -  - 28 12 27  - 46  7 14 68  - 47 39 49  - 19 70  4  - 24 55 34
 48 21 24 32 14 26 28 65 33 41 46 44 18 57 60 64  - 58 13 50  -  - 39 30 19 59 22 55 36 35  - 45 52 40 56 43  -  - 68 17  5 31 15  7 34  3 37 38 25 16 27 29  1 61 49 69 12 20  - 42  2 10 54 70  8 53 62  6 66  9
  - 70 57 69  - 39 38 54  - 21 45 62 59  - 53 68 40 24  - 55 60  2 23 61 11 67  - 14 66 22 30 52 63  - 16 35 26  - 50 51 44 29 32 46 13 27 25  -  9 12  1  7  - 43 41 42 56  6 20 33 34 19 17 28  -  - 31 18 65  4
 11 27 26 30 64  - 43 47 15  - 16 48 42 58 50 23 61 32 66 59  6 70 60  - 63  - 45 40 29 52 55 41 33 35  - 18 54 28  - 39  4 57  2 21  3 65 68  8 53 49  - 62  - 10  - 67 38  -  - 13 51 12 36 34 69 37 14 20 56  -
  3  - 70  -  - 43 20  -  - 15  5 34 13 46 64 42 29 12 61 54 40 45 35 58 18 52  -  - 32  - 47 69  9 10  -  - 50 21 62  2  - 30  - 68 57  6 48  - 17  8 31 65 41  - 59 16  1 63 11  -  - 28 44  - 37 49  - 36 22 53
  - 52  4 68  8  - 49 37 22  - 13 42  -  5 51 31 65 59 55 14 69 62 66 38 48 28  -  - 39  - 12  - 70 34 36 27 10  - 19  -  - 25  - 44  - 53  -  2 26  3  - 18 15  - 35 29 67 58  7 21 33 64 56 43 47 17 50 61 45 32
 37 68  - 11 23  1 34 42  - 22  - 53 65 43 18 13 33  -  - 10  - 27 61 32 69 44 60  - 41 19  2  8 49 28  - 30  7  - 64 59 52 54 48  - 25 14 36 12  - 58 47 35  5 50 15  9 24 55 26 17  6 62 67 21 46 70 16  3 29  -
  - 50 19 22  - 25 23  - 65 20 18 27 17  9 10 59 30  - 11 31 14  -  - 33 51 42  1 53 48 40 46 66 56  -  2  5 28 39 49  -  - 45 41 58 54 70 38 67 57 13  - 64  -  -  -  - 26  4  - 35  3 16  - 62 21  8 15 69  6 47
 50 49 12 46  - 23 61 33 62 29 31  4  -  -  9  - 19 15 21 11 17  -  8  -  1  - 53  - 65  - 20 67 58 38 10 36 30  -  5 55 56 22 57  2 28 42  - 37 34  6 68 70 18 44 63 54 52  - 69  - 47 59 32  3 51 40 43 13  -  -
 31 66 41 38 25 59 56  - 51 69  9  - 50 63 24 53 23 64  - 61 35 60  3  2 47 10 67 54  7  -  - 30 13 29  -  -  - 42 26 45 19 43 70 18  -  - 58 33 55  -  6  - 52 16 12 62 11  5 40 68 27 21 39  -  - 28 44  - 49  1
 24 31 49 43 20 70 58 53  -  - 32 22 56  3 67  4 63 54  - 15 26 64  - 12 40 46 44 18 69  -  -  2 39  6  1  - 65  9  - 23  - 27 13  - 19 34 17 61 59  -  - 41 21  - 48 30 33  - 60  - 10  7 57 50  - 35  8 37 16 51
 70 46 47 57 22 38 29  -  2 44 68 13 31 17 33  7 20 16  -  - 52  - 56 19 24 69 40 12  - 32 59 27 14 11  -  8 48  - 37 58  - 50 66 55  5 39  9 60  - 34 63 15  - 49  3 21  - 25 30  4 41 54 43 64 26  -  - 10 61 67
  -  - 60 48  - 64  3  1 70 45  -  -  - 18 40 32 12 62 19 67 59 22 14  - 38  8 16 33 58  - 41 56 42  - 47  - 17 36  - 44  - 46 10  5  - 43  6 55 68  - 53 21 39  7 26 65 63  2 50 28 23 52 49  - 57 25 24  -  4 15
  -  - 39 67 13  - 16 62  9 64 49  1 12 28 44 20 11 69 58 42 46  7 10 70 59 63 54  - 24 33 18  3 57 66 30  - 47 65 56 35 43 51  4  8  -  - 14  6 32 53 41 34 37  - 68 61 50 21 17  - 22  - 52  - 25 31  5  2 19  -
 47  - 62 60 32 52 67  -  - 27 20 36 15 22 65 17 24 49  -  -  8 46 31 43  7 64  6 56  - 29  - 34 18 39 12  - 21 44  - 70 50 48 51  - 14 63  -  - 38  - 23 28  9 58  5 10  - 45 16 40  4 13  3  -  1 11 59 26  -  2
 35  - 56 17 18 67  8  -  3 43  6 11 40  - 32  - 58  - 15  - 41 57  - 13 29 48 65 20 64  - 66 54 28 59 61  1 42 14  -  4 26 62 16 47 50 49 52 39  - 37  2  9 12 60 10 25  - 22  - 70  -  5 68 36  7 21 69 19 38  -
  -  1 29 34  - 19  9 35  - 11  - 20 25 31 12 45  -  - 37 51 21 50 58  - 60 18  7 43  -  - 63 48 38 14 15 65 53 47  6 28 10  - 22 56 68 67  - 52  2  -  -  8 49  - 16 39 62  -  3 41 61 26  - 46 42 57 23 40 33  -
  - 44 17  - 24 27 54 13 11  1  -  - 51  - 23 61 50 65  7 34 70 59 21 49 58  - 42 60 10  - 52 43 16 26 69 57 68  3  - 33 47  - 67 28 55 35  4 29  6 41 62  - 19 40 38 48  - 14 15 64  - 32 46 31 63  5 53 39 25  -
 16  - 34  -  -  2  7 67 48 63  -  3 21 15 31 62 56 40 10 33 18 43 50 53  - 55  - 38  6 39 64 51 45 49  - 26 58 27 14  - 29 37 47 59  -  8  -  4 54  - 44 13 66 20 11 41  - 30 57  - 12 23 35  - 22 52 42 28 46  -
 57 10  1 61  - 13 21  7  - 62 38 67 35  - 27 52 16 23 69 47 54 37  -  - 66 51  - 11  -  - 70  6 19  9 17 39  - 50  - 46 12 15  - 20 45 44 55 25  - 42 59 43 32 33 60 22  - 40  - 18 68 53  2 65 41 29 26 56  -  -
 45 63 69 42 48  3  4  -  - 65 56 38 34  8 35 22 60  - 41  5  - 68 26 40 30 17 32  6  -  - 21 31  1 37 57 59 27 12 53 29 46 16  7 62  2 55 33 70 58 18  -  - 50 24 43 15 36 51 47 39  -  - 25 23 61 64  -  - 44 11
 18 53 68 55  - 49 59 15 13 38 29  - 37 65 22 47  -  - 17  - 58  9 34 41  6  - 48 44  5 16 54 20 32 60 31 51 12  1 35 52  -  4 56 69 67  - 27 50 64  -  8 40 11 28 14 23 42  - 61 45 21  - 10 30 43  7 70 66  2 46
  4  - 53 47 60  - 19 24  - 33 25 39 66 67 36 50  - 27 32  7  - 31 11  -  -  - 21 52  -  6  5 68  -  - 13  -  - 49 55  3  -  - 37 51 70 62 65 43 56 59  - 58 44  1 64 28 35 29 48  - 14  9 41 22  -  2 20 23 26 42
 46  - 61 45 19 14 68 69  -  - 57 26  - 40 15  - 13 51 27 60  - 11 30  1 33  - 58 16  8 34  9 17 36  - 64 56 44 24  2 18  - 28 23 63 53 38 54  - 22 35 65  6 25  -  - 49  - 70  - 48  - 42 21  7 55  3 52 12 20 66
  1 65 18 40 39 20  -  - 12 70  -  - 29  - 61  -  - 10  - 52  3  -  -  - 17 43 63  - 50 42 13 32 44 24 21 47 38  - 67 54 53  - 25  - 58 64 51 45 19 66 26  2 69  4  - 57 28 33  - 27 55 30  - 60 35 68  - 59 31 16
 17  - 64  -  1 33 44 60 14 61 34  -  5  - 54 49 22  - 57 63  7 56 19 10 62 65 36  -  - 53  - 25 41  - 11  6 13 18 15 37  - 21 24 12 47 50 26 59 20  - 43  3 38 66 42  2 39  -  -  - 35 58  -  8  - 30 46 68 48 40
 38 25  2 28 45 11 22  - 46  5 12 52 61 29 56 15 49 60 50 35 23 53 57 26  - 39 62 32 16 70  4 42  - 30 59 41  6  - 18 24  7  - 17 67 64 21 19  9 10 27 48 33 40 63  1  -  3  -  8 54 65  - 51 68 13 44 36 43  - 58
 68  - 46  1  - 35 18 50  8 48 24  5  -  2 47  -  3 20  4  6 10 12  - 45 65  9 59  - 52 57 43 64 25  - 51 17 31  -  -  - 28  - 40 66 33 69 23 22 27 55 49 16  -  -  7 14  - 11 39 30  -  - 15 67 44 58 29  -  -  -
  8  - 27  - 51 55 36 44 68 31 17  - 19 47 63  -  - 43 14  2 61 18 67  - 22 15 39 70 45 58 33 38 62  -  - 20 23  -  - 69 21  1  -  -  -  - 46 26  7 50 30  - 34  - 37 66 25 57  4  - 48  6 16 59 54 60 32  9 64 12
 39 19 31 29  6 15  - 52  - 40  -  -  1 48 42 60 38  - 68 18 45 16 65 67 36  - 25 49  3 27  -  5  -  2 63  - 59 55 54  -  - 32 43 30  - 46 50  - 12 57 10  - 64 22 58  - 70  - 23 56 17 34 66  4  9 62 51  - 11 26
 56 54 65  6  -  4 12 39 29  - 53 69 44 23  - 24 43 19  8 49 31 17 15  - 10 13 51 58 70 46 40 21  - 67 50  -  5  - 11 20 14 26 27  -  - 47 32 57  - 33  - 55 62 64 30  1  2  3 41 16 66 22  - 63 68 48 61 42 35  -
  6  - 28  8 46  -  -  -  - 34  7 33 11 70 13 69 68 17  - 41 64  -  -  - 57 50 61 39 12  - 14 63 48  4  - 54 32 45 51  9 55 24 19  - 18 23  - 10 49  2  -  -  -  3 52 40 31 36 22 20  - 15 60 29 65 42 30 35 59 27
 67  - 42 25 68 34 32 45  1  - 40 49 26 60 62 14 54 39 46 28 12 51 52 65  - 58 55 41 21 38 50 22 61  -  4 48 15  8 69 66 36  - 20 17  -  - 53 30  5 43 35  - 23 11 13  - 29 59 10  -  7 37 31 33  3 24 56  - 57 63
  - 60 21  - 57 68 37 28 39  - 44  - 48 45 49 12  - 53 70 64  - 54 46  3 41 32  -  - 38 31 69  9  -  - 55 58 18 34  4 26  -  -  - 33 27 66  -  - 23  - 51  5  - 42  -  8 47  - 14 19 50 29 40 11 62 63  2 67 36  -
  - 16  5 31 17 42 40  -  - 52  - 19 22 56 39  6 41 25 38 48 55 44 62  -  - 11 23  - 37  1  8 28  - 64  7 66  4 32  9 53 49 61  - 54 12  - 35 34 51 29 70 57 68 67 45 63 46 60 27  3 36 65 33  2 58 43 47 14 69 30
 19 40  -  5 29  - 39  - 28 66 61 63  8  - 20  - 67  4 12  -  - 69 54 23 45 47  - 42 57 18 38 11 15 41 58  2 60  - 43 56 64  -  3 52 49 31 70 27 14 21 33 46  -  - 53 55 48 62 59  9 37 50 13 32 10  1 22 34  - 17
 40  3 67 16 12 28 69  - 49 23 39 25 62  - 30 26  8  2 54  - 37 52 42  4 64 19 47 61 60 41 34 50 29  - 53  - 56 22 46  - 59  - 14  - 20 33 31 58 43 48  5 24  - 32  6  -  7 10 44 65  1 35 27 57  - 15 63 55 18 68
 10 42 13 49 27 17  2 19 35 39 59 51 30  - 41 25 53  9 16 21 38 33 18 24 52 31 64 57 14  4 68 37 46 22  3 12  - 40 44  - 48  8 28 50 26  -  - 66 47  7 32 36 54 23  -  - 58 34 55  6 15 11 63 61 56  - 67  - 62 70
 63 22  - 50 59 53 70 25 69  -  -  - 32  6  - 57 44 55 36 37 33  1  - 35 43 56  - 47 68 21 51 10  - 54 23 62 41  - 40 60 34 67 26  3  4 29 16 42  8 65  -  - 46 31  -  - 66 12 24 14  - 39  5 13 11 61 48 38 15 28
 53  - 48  -  5  6 30 23 55  - 52  -  -  - 21 41 27 13 67  - 19 15 12 59 49 70 18  9 44 68 24 58  8  - 14 61 22  7  - 57 54  -  -  - 38 40 62 17 16 26 56 25 10 37 34  3  - 28  -  -  -  -  1 47 33 39  4  - 42 60
  5  - 11 70  -  - 60 14 34 10 43 28  7 61 57 36 52 50 25  -  9 42  - 48 26  -  -  8 15 65 16  -  3 44  - 46 55  4  1  -  - 17  - 32 30 12  -  - 67 20  - 45 31 62  - 59 54 66 58 29 24 69 19  6 49 47 64 27  -  -
  - 12 40 66 61 31 53 63  -  6 54 64 67 41  -  -  4  - 60 38 43  - 28 62  5  - 52  2  9 47 25 65 50 13 39  - 51 19 42 68 70 44 11 48 36 22  - 15 29 45  -  - 20  8 57 18 10 26 37 59  - 33 55  - 17 14  -  -  7 23
  - 37  - 27 31  9  - 36 60 57 47 21 14 52 70  8 66  - 34 45 25 48  6 69 53  5 29 51  - 43 22 44 67 62 68  3 40 58 59 49 16 56 61 64 39  2 20 28 35  1  - 32 55 46  - 19  4  7 12  - 38 24 23 41 30  - 17  - 10 54
 25 13 37 26 38 40  - 17 31 58 30 60  - 68 43 11 15 22  2  - 57  -  7  - 56 54 46  - 53 51  -  - 65 33 48 21 70 52 34  - 45 19 69 35  -  - 44  3 50  -  -  1 16 36 23  -  -  - 28  - 63 14  - 27 67 41 66 32 24 18
 12 38  - 54 16 65  - 55 24 18  - 17  - 35  5 40  7 29 42 32 15  - 43 31 37 68 41 13  - 64 44 14 53 46 60 49  9 10  3 36 11 39  - 57  8  - 67  - 70  -  -  -  2 25 21 56 27 48  6 51 30 20 61 26 50 33 45  1 63 52
  9 11 14 15 49 62 42 61 17  3 35 58 28 27 68 66 69 31 56 39  2  -  -  -  -  - 30 48 20 10  - 70 60 45 34  4  - 33 57 25 41  7 46 37 43 59  5 16 52  - 38 47 24 12 67 50 53 23  -  - 13 40 65  1  6 51 18  8 54  -
  - 14  9 18  -  - 48  - 45 55 64  -  -  - 28 33 37  1 51 27  - 34 32 22 13 41 31  4 25 23  -  - 10 69 49 68  - 35  - 61 17 47 53  - 24 54 42 36  - 46  3 52  - 65 29 26 21 50  - 38 59 43  - 15 66 12 19 60 67  8
 26 62 44 56 47 50 63 43 18 42 66  2 52 59  1 46  -  8 23 70 13  -  -  - 54 20  -  3 27 30  - 53  4 65 22 29  - 67 16 40  - 49 21 39  6 25 10  -  - 14 64 68 60  - 69 31 55  -  - 57  -  - 38  - 28 34 12  - 32 35
 23 64 33  - 50 22 26 40  -  4  - 37 55 21  6 51  -  5  -  - 30  -  1  - 16 66 15 68 67 48 28 29 34 42  8 19 46 31  7 14 39 41 45 49 17 32 18 24 13 62 61 20  -  -  - 12 57 27 70  - 56 60 69 10 38  9 58 25 43 65
 65 39  8  -  - 21 10 29 27 60  4 70 46  -  - 38 59 47  - 57  5 25 22 28 61 16  - 69 34 36 23  7 55  3 41  - 33  6 20 13  1  2 64 26 15 11  -  - 30 67 17 66 48 53  -  - 19 37  - 43 62 45 42 52 18 54 49 51 40 14
 62  - 23 52 37 18 65 22  - 59 55  7 58 66 26 21  5 67 24  1 29 47 38 39  4 12 11 34 49  8 27 40  6 68 35 31 25 48  - 16 63 60 36 70  - 41 45 13 61 15 19 51 42 56 20 33  -  - 43  2 57  3 64  9  - 50 54 53 17  -
 32 59  -  -  - 46  - 48 43  -  - 45  3 62 11  5  - 61 33 20  -  -  2 15 55 21  - 36  - 13 10  - 47  -  - 16 19 54 65 50  - 40  8 24 44  -  - 56  -  -  - 39  - 69 70 35 68  9 67 60 49 66 18 17  4 38 57 31  1  6
 51 30  - 21  7 56  1 41 19 24 63 16  -  4 14  - 34 11  5 13 48 40 70 17 39  2  - 27  - 61 58 55 35  - 52 10  - 57 12 42 22  -  - 29 65  - 66 20 36 60 50 67  3 68 32 53  6 18  - 15  - 46  - 25  - 26 33 49  - 62
 52 33 54 58  9  -  - 30 42 36 26  - 39 51 66 18 57 63 28 65 53 35 68  - 12  4 34 37  2  -  - 23 40 56 19  -  - 20 24 27 32  -  - 11 41 13 22  - 44 61 45 59  8  5 17  - 49 43 38 46 60 47  -  -  - 16 10  - 21  3
  -  - 35  2 10  -  - 59 41 14  8  - 57 32 46 19 51 44 39  3 49  - 20 37 67 29 28 26 18 63  - 15 11  5 66 38 43 17 33  7 25  -  9 61 22 56 34 23  1 40 12 50  - 48 62 36 60 24 68 58  -  4 30 16  -  6  - 70 52 55
 21 36 22 14 43 16 62  8 67  2 65 47 10 39 45 55  - 42 44  -  - 28  - 66 70 53  - 64 26  - 11 19 51 58 54 69  3  - 63  6  9  - 29  1 35  - 59 40 48  - 15  -  - 17 27 34 37 61 33 32 31 57  4  5 52 23 25  -  - 41
 28  -  - 33 40 32 52  - 21  -  1 29 70  -  8 58 35  7 18  9 24 67 25 60 27 49 43  - 11 59 15  4  2 17 65 14 57 16  - 48 20 23 42 45 66  - 64  - 69 47 39 26  - 54 44  6 51 31 46 10 53 56  - 12  - 19  3 62  - 13
 66 43 25 23  3 69 11 64  - 56  - 15  -  -  2 70 14 30 29  - 51 38 63  6 34  7 33 17  1 67  - 36 26 55 28  9 16 41 60 12 40  - 44  -  -  - 49 35 37 31 52 42 22 45 39 46 61 54 65 24  8 18 20  - 19  -  -  4 13  -
  7 47  -  - 58 36 51  3  6 49  - 23  9 19  4  -  1 41 64  - 32 13 48 56  - 27 50 22 62 15  - 33 54 21 67 28  - 61 52  5 65 12 55 34 40  - 69 14 11 39 29 31 17  -  -  - 44 35 42 63  -  8  -  - 16  - 37  -  - 10
  - 20 51 44 21 41 17  5 50  -  - 68 27  - 19  1 62  - 48 16 47  6  - 36 31 40 10 67 35 25 61 24 12 53 70 64  - 60 38  - 57  3 49 23  - 30 39  7 66 63 46 14  4  - 28  - 15 56 13  8 42 55 59 69  2 32 11  -  9 22
  - 57 36 24 11  - 33  - 38 47 50 10  6 69 25 35 55 34 30 56 39 14 29 42 44  1 66  - 61 28  - 49  - 16 43  7 62 59  - 41  - 52  - 13 46 26  2  - 15 51 40  -  - 19 18 32 45 53  - 31 70 27  9 58 23 22 21 64  8 37
 14 34 10  7  - 60  5 32 16 37  - 30  - 64  3 29  9 70 62 68 28 61 33 55 20  -  - 24 46 45 17 59 43 50  - 42 35  - 47 15 23 53  -  - 63 58  8 65 18 52  4  - 26 21  - 44 40  - 49 69 11  1 48 51 12  -  - 57 39 25
 59  -  - 65 70 45 46 58 64  8  3 56  2  1 29 67 25 21 63  - 36  -  4 27 23  6  - 62  - 17 19 35 69 31 24 15 34 43 66 47 18 14  - 10 52  7 28 53 42 54 16 48 57 26 33  - 22 44  9 37 32 68 50 39 40 55 60 11  5 61
  -  - 66 36 67  8 64 10 47 51 14  - 33 26 55 44 21  - 52 58 11 63 59 25 35 24  4 50  -  9 32 39 31 48 18 23  1 70 28 34 42 68 62  6 16 19 12  -  -  - 69 30  -  2 56  - 43  - 29  5 20  - 22 45 60 27 41 65  3 38
 41 58  3 64 34 10 35 46 53 32 42 55 38  7  - 28 70  - 22  4 27 65 51 20 50 57 14  1 43  2 49  - 21 15  - 52 36  5 25 30  6 69  - 60 62  9 13 68 24 23 11 44  -  - 47 45 17 16 66 26 40 63  8 54 31 67 39 48 12  -
 27 29 59 41 26 61 24 21 37 12  -  - 45 33 69  - 39 18  9 22  - 20 17 64  - 34  - 63 47 50  6 60  - 19 25 53 66  -  - 10  2 58  - 40  7 52 57 31  - 11 36 54 65 15 55 51  - 38  - 67 28 48 14 49 32  - 13 44 68  -
 42 48  6 35 36 37 55  2 63 54 15 43  - 12 16  9 46 38  - 26 65 66 27  -  - 22 20 28 40  3 56  1  - 57 44 70  - 30 58 31 68 11  - 25 61 17 47  - 45 10  - 23 29 39 51  4 69 19 62  -  5 41  7  -  - 13 34 21 14 59
 69  8 50 13  - 47 41 27 32 25 19 12  - 36 52  - 31  - 43 66  - 10 40  -  -  3  5 59 30  - 35  - 22  1 20 63 37 11 70 67  - 33 39 14 51 57 60 46 21 24  7  - 28 38  4  -  - 17 18 62 64  2 53 56 48 45 65 29 23 49
 22 18 55 62 41 57 45  9 59  -  2 54  4 53 48 34 64 35 26 19 66  5 49 68  - 14  3 25 56 60  1 47  7 27 46  - 39 15 23 43 69  -  - 31  - 10 11 63 65 30 58  - 51 70 61 52  8  -  - 12 16 44 24 42  - 36  6 33 37  -
