3920
  -  - 64 60 50 49 39 11 62 34 55 44 16  - 33 24 63  9 48 23  - 59 65 31 35 14 26 12  1 17 61 58  5 47 52 53 28 41 67 27  8 21  3  - 56 43 13 57 25 32 19 40 69 29  -  - 45 30  -  7  4 18  - 20 22 42 54 36 66  6
 23 34 24 22 37 40  -  -  4  - 33  -  - 62 49 19 66 28 46 27 29 70 52 43 11 31  -  7 60  - 53 56  8 10 39 32 47 35  1  - 25 58  - 55  - 17 16 41 13 57  9 21 44  6  - 36  -  - 26 68 15  - 59 64 69  3  - 65 61 67
 38 53 15 35  -  9 20 54 50  6 16  2 66 19 17 27 69 37 18  - 58  - 28 49 39 67 47 34 46 13  -  - 57 61  -  - 44 62 55 59  1 60 52 22 68 33  8 51  -  - 45 26 64 36  - 43 30 10 12 11 40 29 41  -  - 70 21 23  -  -
 29 35  5 23  - 53  - 40 61 59  - 11  3 10 52 45  6 15 37 16 22 58  1  8 63  -  - 42 47 64 65 33 69  - 25  - 62 14 21 55 26 66 39  - 60  - 67 19 38  9 68  - 49  -  -  2 34 24  - 44  - 32 43  - 41 13 56 12 17 54
  - 56 49  -  -  -  2  - 69  -  6 45 18  1 53 63 35 65 19 14 33  - 13 17 50 20 55 26 28 57  - 59 22  -  -  5 34 58  -  9 68 31 43 47 10 24 11 39 29  -  - 30 36  - 70  - 42 23 32 61 27 16 54 38 46 67  3 51 62 12
 36 67 29 14 60  - 52  - 66 62  - 65 12 45  8 54 50 16  - 56 63  1 59 23  -  -  5  - 49 21  -  6  -  - 30 20 19  7 70  - 69  - 13 64 15  - 48 32 26  - 53 28  -  - 31  9 18 25  -  -  - 61 37 40 39  - 27 24 58  -
 66  -  4  - 33 35  - 38 65  - 12  - 11 52 69 43 37 40  1  - 26 16 27 20  - 46  6 48  - 56 31 53 41 13 62 25 18 15 34 14 63 28  -  5 24 19 57 54 67 58  - 47  3  8  7 39 44 61 30 49  - 50  - 68 45 51 17 32  9 60
  -  -  -  1 51  - 40 35 25 56 20  4  -  9  - 53 13 14 12  6 21 10  8 36 60 32 70  - 27 43  2 30 11  - 38 62 45 65 31  - 57 52 59 24 22 61 58 28 54 29 39 18 68 66 26 64  - 44 63 23  - 69 50  7 37 55 15 48  - 49
 56 52 53 55  - 12  - 15 42 63 44 33 48 31 50 49 67 17  -  -  3 21 11 18 20  1  8 69 35  - 60  4 46  - 28 59  - 38 66 22 10  - 30 61 36  -  - 45  -  - 62 58  - 14  - 51 54  - 40 27 25 26 39 24 19 32 37  9  -  7
 17 12 26 28 40 64 22 51  -  - 68  9  - 27 13 41  -  - 33 36 16 11  - 61  - 69 32 25  4  - 14  - 43 24 37 42 29 46 52  - 55 38 65 18  - 47 30  3 57 20 58 70 10 67  -  5 35 54  - 53  - 49 63 34 31 56 45 21  - 62
  - 31  8  - 10 14 30 32  3 37 40 27 39  - 46 15 68  - 64  - 44 43 69  - 21  5 49 19 54 53 20 57 63 70  6 47 33  - 62 35 65 16  - 26 51 52 12 24 56 59 17 36 42 61 28 23 58  2  -  - 38 48  4 25 11  - 66  7  - 22
 63 33 54  3 41 36 65 67 34 57  -  -  - 53 15 32 11  -  2 66 24 50 45  - 48 55 43  -  - 40 27  -  -  -  - 44  - 28 18  - 59 26 12  -  - 46 49 25 42 70 38 61  5 39 37 16 52 14 21 64 35 68 10  - 17 60 30  6  - 29
 33 69  1 30 58 56 29 70 47 40 53 12 52 41 23 21  -  -  - 28  - 66 46 11 26 64 34  - 20 48  5  - 50 49 36 35 14 63 65 54 43 17 32  - 67  8 62 37 39 22 51  9 45  - 57 59  - 55 18 38  7  4 16 60 61 31 10  2 27  3
  - 15  7 20 17  - 53 27 10 16  - 50 58 34 28 11  4 41 51 57 46 36 37 33  - 44 13  - 18 62  - 40 35  5 48 49 24 39 69 19 21 42 22 25  - 56 54  - 70  - 12  2 59 60  - 67 43  8  1  3  - 47 14 29 38 63 52 26 30 32
 37 41  2 67 64  1  - 63  9 69 57 43  - 30 34 58 16  - 21 46 28  6 49 52 53 70 56  - 36  -  - 66 32 55 10 27 65  4  8 47 20  - 35 48 29 14 22 17 23  - 61  - 39 45 68 62  -  -  - 19 12  3 15 31  5 18  - 60 40 51
 45 25 37 61 27 69 66  8  - 53 28 36  - 47  - 55  - 70  9 48 18 19 26  4  1 21 29 24 13 22  - 41 33 57 35 30 63 11  -  - 34 39 23  - 40 10 43 31  6  - 60 15 38  5 52  - 68 16 62 56 64  -  - 12  - 50 46 67 14 20
 28 45 18  6  - 51 31 23  - 27 34 67 54 63 64 44 12  4 25  -  - 37  - 30  -  - 61 50  - 69 19 62  - 43 70 33 48  - 38 21  3  - 10  - 41  -  -  -  1 17  - 60  2 42 32 46 59 65 11  8 14 35  - 53  9 29  - 40 57 13
 44 66 27 42  - 59  9 53 48 43  -  - 47  8  - 56 14 25 31 10 40 52 55  - 38  - 18  2 11  -  -  7 17 68 29 34  6  - 37 12 49  - 36 28 45 41  -  5  - 60 70 64 35 51 21  - 46 67  4 26 32  -  1 33 50 30 13 58 39 15
  -  -  - 36 20 68  - 52 56 10 62 16 70 57  - 31  1  2 43 34 66 13 14 39  -  - 63 22  6  - 49 47 37 25 17 38 58 53 23  - 29 55 42  3 65 12 28 27 46 30 41 69 18 24 54  -  9 51  5  - 61 60  7 35 33 40 67 45 15  4
 32 47 67 29 30 37  - 45 46  9  5  7 57 22 68 20 44 33 56 35 11 64 66  - 58 54 27 17  - 10 39 43  -  -  - 12 53  -  2 63  6 70 38  4 28 25 65 60  3  - 55  - 26 49  -  8 16 13 50 40 52 19  - 21 15 69 23 62  - 24
 11 58 38 15 44 32 13  - 63  8 10 52 40 70 36 17 45 62  7  2 47 24 20 68  9 51 57  4 64  - 25 49 55  - 46 48 31 23 16 42  - 34 66 19  - 65  -  - 28 69 30 43 56 27  6 12  - 22 35  - 26 21  3 41 60  5 18 39 50 61
 42 62 40  -  -  - 11  3 31  - 70 48 64 68  1 14 49 30 53 32 52 33  7 10 61 50 17 29 25 23  - 60  - 37 51 19  - 66  -  5 12 13 41 56 57 34 20 67 45 24  -  - 58 44 38 18 21 46 39 16 55 22 69  - 65  2  9 43 63  -
  9 19 16 46 29  - 27 20  6 17  3 47 14  - 55 59 64 68 41 37 69 22 25 12  -  - 60 28 45 36 70  -  -  - 43 31 42 24 57  - 35  -  -  - 53 62 26 23 32 10 67 11  -  2 56 63 33 34 49 58 48 15 44 39  -  1  8 61 13 30
 70 27 11 39  2 29  5 49 64 36 17 13 21  - 30 25 47 61 63 69  9 55  6 37 32  8  -  - 24 26 54  -  - 51 60 23 40 56 50 10 58 68 67 42  1 59  - 18 62 31 34  -  - 38 22  -  3  - 44 45  - 28 19 66 43  - 33 41 48 65
 52 13 60 41 67 22 19  5 43 29 23  - 62  - 40  - 36  1  -  -  -  2 53  -  - 35 68 59 30  - 46  -  6  - 61 56  - 21  -  - 39 12 11 54  8  4 32  -  - 51 37 65 20 33 69 38 55 64 34  - 49 44 47 42  -  -  7 31  - 14
  -  - 59 64  6 17  8 26 58 31 39 29 65 42 21  5 24  - 54 22 68 14  - 38 45 40  - 10 41  - 16 44 52  -  -  3  -  -  7 11 66 23  1  9 63 67 60  - 47 19 50  - 55 62 34 27  - 48 61 12 36  2 13 49 20 33 25 37  - 57
  -  -  - 58 56 62 26  - 27 13 38  -  - 16 51 69 17 60  - 44 54 15 29 19 65 28  2 37  - 49 18 50 47 21 63 11  3 59 35 34  - 41 57  - 30 45 53  -  -  5 33 55 31 25 20 52 64  - 66 48  1  -  8 14 67 24 22 42  6 46
 35 38 48  - 25 31  - 16 55  - 42 19  2 29 45 60 61 56 32 18  - 28 62 27 30  7  1 52 66 44  -  - 24  -  8 41 59 36  9  - 22 53 26 43 33 58  - 10  - 40  - 14 11 34 12  -  - 50 47 37 69  - 70  - 13 65  6  - 68  -
 50  - 55 47 61 33 34  - 53  - 69 58  6 40  - 16 41 39 60 30  - 57 32  -  - 37 67 18  9 12 22 35 36 65 54 46 20  8 24 64 38  3 44 17  2 28 21 13  - 63  - 42  - 19 11 48 31  - 56 51 66  -  5 52 23 10 68 49  - 45
  - 22 43 38 59  3  4 21 20 28  - 40 33 37 39  - 34 52  - 26  - 54 31  2 18 68 12 62 32 70 15  - 45 60 23 10 50  6 29  8  -  -  5 57 58 35 25 11 66 48 63  -  - 16  - 24  - 42 67  - 19 56 49  - 27 47 41 17 69 55
 58 64 31 43 68 10 24 56 35 26 22 70 49  6 57  4  - 42 62  -  - 40  -  - 23 63 33  - 48  - 30  8 53 69  - 16 17  -  -  1 15 54 28 12 32 39  - 50 36 41 25 46  - 20 47  - 29 45 13 52  - 65 51 11  - 44 59  - 21 37
 69 57 41 26  5  -  1  - 67 52 27 64 10 65  2 42  - 32 44 25 59 30 35  6  - 19  - 47  7 20 13 45 56 14 11  8  -  - 17  -  - 49 31  - 55 60  -  -  - 50 21 16 23 22 61 15 24  -  3 36 63  -  - 28 48 53 39  - 43 34
 47  - 42 44 32 43 37 36 17 14  - 62 53  - 12 66  - 23 11  4  - 38 50 48  - 22 45  5 69  3  9  - 28 39 41 54  - 49 25  - 64 29 63 60  6 21 34 20 40 16  2  -  7 15 65 31 67 68 55 33 24  8  - 70 58  -  1 10 19 35
 39 55  -  - 42  - 14 31 70 48  4 56 41 67 20  8  -  5 10  3 49  - 24 26 16 61 54 65 68 59 36 12  - 22  9 37  7 29 40 23 18 44  2  1 46 64 50 53 69 11 66 45 17 52 15  - 28  6 57 63 58 62  -  -  - 43 38 33 47 27
 26 68  - 17 18  -  3 14 16  -  - 46  - 24  4 64 20  8 40 43 27 23  5 35 59 15  -  - 65 11  7 22 54  9  - 52  2 47 28 53 19 50 70 51 49 32 63 69 21 56  -  -  6  - 67 41 38 37 25 60 42 58 12 30 29 36 62 44 10 39
 27  2 56 25 53  - 33 55 60  5 24 49  1  - 41 22 52 38 66 13 32 65 36 44 62 34 31 67  3  - 12 70  - 48 14 58 23  -  6  - 42  -  7  - 16 57  9 64 15 68  4  - 51 28  - 69  -  - 10  -  - 63 40 37 18  - 35 11 59 21
 20 43  9  - 31  - 62  - 40 25 15  -  - 17 66 33 53 48 24 63  - 26 68 34  - 11  - 44 42  -  - 65 21 54 57  7 61 45 51 60 16 36  4  -  -  5 18 22  -  3 47 19 14 30 58 55  - 69 59  - 37 13  2  - 10 46  - 64 67 70
 15  5 61  - 70 58 12 57  - 35 36 21 50 20 22 48 39  -  - 54 38 29 44 25  3  - 19  - 14 34 40 64 13 67 18  -  -  2 60 30 17  4  - 10 43  7 68  - 16 45 32 56  -  - 63 53 69  1 65  - 41  -  -  - 42 52 26 47 33  9
  -  7 21 32 34 15  - 65 36  2 26  5 24 11 19 39 54 66 49  -  8 48  9 46 47 17 14 43 67 18 64 69 60 41  1  - 13 44 58 20 51 30 25 70 12 22  4  - 33 61 27  3 63 56 35 45 37 59 52 31  -  -  - 50 57  6 55 16 38 53
  3 10 22 19  1 60 36 44  - 49  2 54 30 23 25  - 46 63  - 31  4 47  - 13 14 65  - 39 38 58 45 32 67 40 56 50 16 69 64 61 41 57 27 35 37 55 70 33 20  6  5 51 24 26 66 34 62 12 17 15  - 11  - 43 52  8  -  - 29 48
 49  - 25 65 35 47 57  - 21 39 29 42  - 44 31  -  9 69 15 51 30 32 40  1 10 26 48 58  - 28  - 61  - 20 53 55 66  - 68 24 70  - 60  - 19 63  7  4 52  -  - 17 67 54 59  - 23  -  6  2 11 46 27  8 64 22 43  - 12 18
  - 42 20 31 24 70 47 58 57 41 65 35  -  3  - 38  5 27 67 64  2  - 12 60 37 39  - 56 15 29  - 23 61 45 13 21  - 55 49  - 53 18 54  6 14 40 36 44 17  8  - 66 28 50 46 10 19  7  - 25 62  - 11 59 30 26 69 52 51  -
 48 23  - 63 45  - 43 59  5  3 46 69  - 21 18  - 30 22 20 70  6  - 56 16  - 24  -  - 58 31 11 38 49 34 26 39 54 17 19 50 47  - 53 66 13 44 55  2  -  - 65  - 52  - 41  -  - 15  8 42 57  7 25 67  1 12  - 27 37 64
 40 30  -  2  - 45 32 61 23 68 18  -  - 39  9  6  8  -  3 49 15  - 34  - 43 25  - 41 22 38 59 17 48 35 55 69 56  - 12 33 11  - 14 67 20 51 31 52  -  1 44 24 66  - 29 13 57 60 27 62  - 53 64 36  4  7 70 28 42 50
  6 32 47  - 52  - 25 18 12 24 54 17  9 43 16  - 65  - 68 53 23  -  - 21  4 58  7  3 10 37 34 11  - 15  - 36 64 42 63 31 61 45 50 49 38 30 46 66 19 33 14  -  - 57 48  - 20 40 28  - 67 55  -  1  8 41 60 35  - 44
  - 48 33 51  - 39  - 62 28 38  - 66 36  5 61  -  - 21  8 40  -  4  3 57 13 41 30  - 63  - 32 20  2  7 68 17  - 31 42  - 23  9 46 69 54 27 56  - 59 25  - 12 60  1 44 19  - 35 58 47 50 37 55 45 24 64 34 15 65 16
  -  - 69  5 19 24 64  7  2 42  9 41 32 33 58 13 48 12 35 50  - 62 22 53 68 47  - 70 21 25 44 29  1 38 40 14  8 27 11  - 30 67 56 45 66  6 51 46 63 26 10 34 37 43 39 17 60 28  - 55 16 20  - 18 36 57  - 54  3 52
 54 63  - 27 16  -  -  - 39 70 25  3 38 46  - 50 40 43  5 62  -  7  - 32  - 23 37 57 12  -  - 48 65 30 67 28 35 51  - 49 56  - 58 29  9 69  6 61 55 15 52 53 33 11 45 22  4 20 64  -  - 41 18  2 66 68 31  - 36  -
 25 54 12  - 62 23  - 41  -  1 56  - 34 14 37 68  7 49 70  8 17  -  - 45  5  - 11 46 43  4 26 13 19 63 50 61 55 10  - 67 44 20  - 39 42 18 27 21  - 52 31 33  9 59 16 35 15 36  -  - 29  - 60 58  - 48 28 53  2 47
 22  6 52 53 46 16 51 30  - 23 67 34 55  4  -  - 26  - 58 20 62 44 57 41 25  - 65  - 39 61  - 37 40 42 27 68 10 43 33 66  7  - 69  -  3  - 17 59  8  - 54  1  -  -  2 32 70 56  -  - 21  - 31 15 49  - 63  5 18 36
 64 20 66 16 13 27 70 60 30 12 49  - 46 36 62 35 57 11  6 59  -  8 15 69 31  - 25 68  - 47 52 34 39 58 32  - 38 40 48 44 67  - 19 33  - 50  - 14  7 65 23 29 54 21 42 28  - 53  9 24 10  - 26  - 55 37  2 56  4 43
 14  - 36 57 43  - 28 39 41 61 30  - 59 32 67 52 38 10 50 45 60 12 17  5 51 62  3 64 33  -  6 54 58 56 49 40 46 18 20 65 31 63 68  7 35 37  -  - 53  4 48 23 34 69  9 42 27 26 19 66 13  -  - 55 16 25 44  -  -  8
 18  3  - 37  - 20  6 13 44 58  - 53 31 54 24  7 70 47 14 55 12 49 61 59  2 43 50 30  8 51 33 42  9  -  -  4 60 67 36  -  - 10 16 11 25  - 64 34  - 46 56 63 32 65 17 29 48  - 22 41  -  - 52 26 68  - 40 57 35 69
 19 17 58 59 57 13 56  -  8 65 51 28 44  -  3 29  -  - 36 60  7 39  4 40  -  -  - 11 53  - 37  1 42 16  - 70 68 30 15 45 48  - 49 34  - 31 35 26  2  - 43  6  - 32 55 66 10  -  - 21 18  5 33  9 62 27 14 46  - 63
 62 60  -  - 69  - 46  - 37 19  7 39 20 28 70 57 15 26 34 11  -  - 47 24 17 59 58  - 31  6 38 27  - 64 16 67  - 22 10 13  -  8 33 53 21 68 61 65  - 23 42 54 30 41  - 49  -  3 36 29 43 45 35 44  -  -  -  - 52  -
 67 24 50 12 65  6 68 28 52 32 45  - 29  -  - 26 21 57 16 33  - 53 23 63  -  -  - 20 55 41 58 51 38  -  - 22 36  - 47 43 13 15  8 14 64  3 37 30 60 39 18 10 61 31 62 44 40  -  2  9 56 27  - 69 70 49 11 25 54 17
 30 16 57  -  -  8 48 66  -  - 14 59 37 60 56  - 31  - 45 21  - 41 64  9  - 36 62  - 19  2 10 26 20  -  -  -  -  - 43 68  4  -  6 40 11  - 24 35 50 55 28 38 47 12  5  - 32 49 46 13 17 54 34  - 51 58  -  - 70 42
 65  - 39 68 14  7 60 48 19 45 59 10  8 49 38 37 55 18 28 17  -  - 54 15 56 42  9  - 23 33 51  -  - 32  - 64  - 34 26 40 52 69 47 27 62 53  -  1  - 35  -  5 25 13 36  4 41 43 16 22 20 67  6  - 44 66  - 50  - 58
 34 65 14 21 28 67 18 37 45 51  - 61 56  7 54 30 25 55 47 12 42 46 63 70 69 29 59  1 62 60 43 68 27  6 64 13 22 52  -  - 24 11  9 31 17  - 41  8  4  - 40 50  - 23 33 26  - 39 20  5 44 10 66 16  2  - 58 19 49 38
 59 50 70 45  - 28  -  - 18  7  - 55 27 64 14  1 62 58 52 38 57  - 16  - 41 12 23 53  - 46 69 10 15  8 21  6 49  - 56  - 54 40 29 44 47 26 33  9 61 13 24 67  - 35  - 20 22  - 37  - 31  -  -  - 34  - 32 68 25  5
 51 37  - 56  - 55 49 19 68 46 66 60 25  2  -  - 28  - 22 61 64 18 38 50 12  - 40  8 57 35 42 39  -  -  7 63 70 32 59 69  -  - 48 16  -  - 52 36 27 21  6  4 43 47 53 30 13 58 14 20  -  -  - 10  - 54 24 29  5  -
 46 39 65  9 36  - 15  6 22 55  -  8 35 61 11 62  -  3 42 24 45  - 33  7 19 66 44 23 50 30 29  - 10  - 31  - 26  - 14 37 27  2 20 21 48 13  5  - 41 18 57 68 70 17 40 47 49 63 51  - 34 12 67 54 59  - 16  4  - 25
 57  4  - 24  -  -  7 22 29 11 31  - 69 51  -  - 58 36 61  - 48  - 70 28 55 10 39 35 16  -  - 52 64 26 65  1  - 33 45 38  -  - 18 63  - 66  -  6 44  -  - 49  - 53  - 21  2  -  - 54 46 43 32  - 47 62 50 20 34 40
 60 40 44 62  - 50 41 17 54 22 37 24 68 12 59  -  3 46 29  - 25 51  -  - 49 13  - 31 61  -  - 16  - 53 58  9 32 57 30  -  2 35 15  8  7 42 45 63 10 14 64 48  - 18 19 65  1  - 69 43  6 33 20 47 56 39  - 38 26 11
  5  9 17  8 63 41 35  - 13 66 11 38  - 18 10 12  - 64 26  - 36  - 43  - 34  2  -  - 40  1 62 55 68 27 33 57 30 50 22 48  -  7  - 58  -  - 42 16 31 28 20 52 29  3 24  - 39 21 53 70 51  6 56 65 32 23 61 59 44 19
  8 11  - 66  9  - 23 47  - 50 41 25 63 55 43 65 33 45  - 15  - 20 18 51 57  6  - 36 26  5  - 21 70 29  - 60 67 12 39 16 62  - 40 52 44  2 10 42  - 27 69  -  - 58 49 56 17 32  7  - 54 30 53 48 28  4 19 14 22  -
 13  8 51  -  - 63  -  - 33 67 50 22 42 56  - 23  - 19  -  9  - 31 41 65  - 52  -  -  - 32  -  3 12 11 47  - 21  5  - 25  - 37 62  2 26  -  1  - 68 49 29  - 46 55 30 40  - 18 60  4  - 36 58  - 53 34 64 70 20 66
 12 28  6  - 49 44 55 68  -  - 63 37 19 58  -  2  -  - 69 39  1 34 48 64 36  3 42 54  - 45 24 14  - 18 22 26 41 61  -  - 32 46 17  -  -  9  - 43  - 67 35  8 40  7 60 50  - 33  - 10 70  - 57  5  - 59 65 30 16 31
 68 49 23 70 48  2 58 24 11 30  8 14  - 69 35 40  - 34 39  - 53 67 10  - 66 33  -  -  -  9 55 25  7 62 19 45  - 13  5  -  - 56 61 36 18  - 44 38 51 54  - 37 16  4 64  6 65 31  - 32  3  - 17 27 12  -  - 63 60  1
 24 21  - 69  - 25 44  9 15 47 58 31 17 48  - 36 59  - 57  5  - 61 39 56  - 53 52 60 37 50  4 67 30 12  -  2 51 26 46  - 40 32 45 38  - 29 19 49 18 62  3  - 65 63 27  1 11 66 43 14  - 64 68 13 35  - 20  8 23 10
