3920
 67  -  4 17 56 31 29  - 66  - 51 54 68 58  - 24  8 43 42 53 22 50  3 36 64  2  - 13 16 19 34 37 21 18 46 39 25  5 14 65  6 26 20 45  - 11 44 62 32  -  7 69 48 57 52 41  -  9 59  - 55 40 27 61 47 70 12  -  - 23
 42 41 15 12 30  - 25 40 19 36  - 63 47 32 29 14  7 26  - 23  - 38 16 24  8 17 50 35 60  -  3 54 27  -  - 61 65  2 11 10 51 37  1 56  - 68  5 48  -  6 33 31 39 59 22 58 46 49  9 62 70  - 13 64 53  - 18 52 44 43
  5 64 70 23 29 17 47 21 36 53  - 28 40 68 62 30 48  3 43 42 44 58 37 26  -  1 55  -  - 27 46  4  8 33 57 18 11  7 24 34 20 15 14 50  -  9  -  2 35 13 69  - 32  - 31 52 45  - 54 12 41 38 25 60  - 19  - 51 10 67
 37 14 12 52 63 59 10 56 45 16 23  2 50 61 22 48 51  7 19  -  8 28 44 46  -  - 11 26 30  - 29  - 32 66 49  - 68  4 57 60 39 67 24 69 65  1 58 15 41 34 25  6 36  - 70  9 40 20  3  - 62  5  - 13 21 38 33  - 53 18
 18 25  6 46  - 40 68 34 59  7 49 53  - 55 33  - 69 58  - 38 62 43 19 32 17 31 39  -  - 70  - 52  5 29  - 35  3 27  8 22 30 16 28  - 37 64 48  - 23 60  - 67 21  1  2  - 56 65  - 61 47 20 63 42 12 45 15 36  -  -
 28 69  - 40  8  - 50 44 29 10 11  - 27  3 38  5 32  2 39 19 42 59  - 64 31 68 13 51 52  6  - 16 63 49 21 70 48 17 18 30 41 65  7 12  - 24 61  - 54 58  - 33 20 60 23 15  - 22  4  9 53 25 14 57 43  - 47 62 37 26
 15 62 69 50  - 24 27 31 37  - 25 43 17 63 51  7  9 39  -  6 12 35 59 54 61 66 67 65 57 10  2 70 18  1  8 36 58 42 47 52 16 64 55 33  - 28 38 26 60 45  -  -  4 21  -  - 19 56 68 40 23 41 22 48  3  - 13 14 29  -
 41  - 43  - 38 51  - 54 56 14 52 22 25 49 44 34 30 28 35 67 10  -  -  -  - 45 63 11 20 32 19 50 69  - 18  7 21 33  4  - 13  5 46  - 15 47 53 70  - 39 42  -  - 31 66 55  - 29  -  6  8 64 61 62 40 59 57 48 24  3
 17 20 24 42 51  8  2  - 57 15 31  - 62 21 46 38 58 22  6  1  4  - 66 69 63 23 12  -  - 41  9  3 65 45 14 29 60 28  - 59 27 55 68 67 54 26 10 18 40 36 47 56 49  -  - 16 25 53 43 37  - 52  5 39 48 34 44  - 70  7
 32 46  8  - 62 27  6 47 68 31  - 39 10 23 57  1 59 12 36 63  - 61 69 60 37  7 30 22 33  -  -  2  3 11  - 56  - 52 54 13  - 41 70 15 48 44 45 25  - 42 24  9 66 65  - 51 18  5  -  - 49 53 17 50 26 55  -  4 38 29
 34 13 30  - 33 58 51  9 38  6 27 60 41  1 26 12 46 16  - 62  5  8 23 47 49  - 18 10  - 37 54 55 36 61 50  - 40 21 68  - 67  2 44 65  - 53 32  3 17  - 66 57  -  7 48  4 28 45 35 43 59 42 52 63  - 39 70 15 56 31
 45 52 32 70 41  - 58  - 54 11 61 48 16 18  - 10 36  - 31  - 15 27  8 28  - 63 42 40 47 43 51 68 60 12  4  - 39  3  2  5  - 66  - 25 19 69 55 23 65 24 29 53 17 64 14 38 62 33 44  - 46  9  -  - 20 67  1  -  -  -
  - 65 52 30 22  7  -  - 15 32  - 61 44 39 56 40 33 45  -  3  2 12 48 58 34  - 16 59  1 36 53 63 66  8 67 31  9 18 21 68 42  - 64  5  - 20 69 27 10 70 41 26 60 28 51 17 29  4  - 25  - 11 23 49 24  6  - 35 62  -
 26  9 16 32 68 70 63 67  - 12 30 29  7 36  -  3 14 62 27 50 66 69 34  - 48 60  -  -  - 51 42 46 10 15 64  -  5 31 19  - 59 35 56  - 24 45  - 38 22  - 28  - 25 13 61  - 52 43 65 49  4  -  - 54 23 47 11 55 41 17
  - 43  - 28  - 14 21 22 67 27  - 26 58 48 45 53 66 23 68 65 37 16  2 13 52 40  7 64  8  - 30 39 24 19 60  - 47 59 32  - 31 17  -  6 51  5 50  1 63 49 46  - 69 34 36  -  - 12 57 70 10 18  9 35 41 25 20 11 55 56
  6  7 58 38 39 47 20 32 17  - 69 59 36 14 48 43 10 50  - 18 63 64 33 49  9 44 25 19 70 12 23  -  4  - 42 16 22 41 56 21  5 24 52  8 26 35  - 54 62 67  - 55 11  3  -  -  - 30 60 13 68  - 45 27 61 66 28 31  -  2
 65 53 39 41 35 57 54 16 62 21 17 14 22  -  -  -  4 25  - 61  -  6 26 45 19 12 52  - 63 34  - 28  1  - 51 55 30 40 20 67 49 27  2 38 23 18  9 42 50 56 59  -  - 32 13 11 47 37  - 15  - 36 43  3 31 48 24  - 68 66
 20  - 59 29  - 43 35 63 33  - 66 37 12 60 10  - 34 44 24 25 47 54  - 52 53 16 28 49 23 11 64 45 58 17 40  9 41 36  5  8  - 42  - 70 57 31 13 39  1  - 22 14 15  -  - 56  - 32 18  -  -  -  -  7 30 61 46  2  - 69
  -  - 28 58 23 44 69 53 61  -  -  4 14  5  3 37 52 36 33 43  - 62 68 40 54 50 59 12 31 18 55 19  - 41  - 34  7 35  - 24 21 32  -  9  - 49 67 56  -  8 51  - 57 20 64 48  -  -  - 60 17 27 65  6 13  - 29 22 16 10
 49 24 63  1  7 37 18 42 11  -  - 17 69  8  - 28 29 66 16 33 23  -  - 35  - 46  - 43  -  -  6  - 14 54  -  5 64  9 55 41 47 59 34 44 13  4 62 30  -  2 12 61  -  - 19 26 27  - 58 20 25 57 67 70 52  - 65 68 60 50
 63 23 51  -  9  - 57 25 46  8 29  1  -  -  -  -  -  - 62  - 64  7  - 27 67 18 20 58 17  3 33 14 19 42  - 41  -  6  - 39 36  -  5 32 53 21 28  - 70 44  -  - 37  - 35 60  - 48 66 11 40 31 54  4 49 50  - 24 59 16
 40  - 36 11  4 29 26 15 49 63 47  - 67 65 42  - 22 14  - 16 43 55  5 30 58 39 41 20 53 17 48  - 62  -  - 45  6  1  7 38 18  3 61 10 50 25 46 59 21 57 56 13 34  -  - 70 68 27 23  - 35  -  - 44  - 51 66  - 69 19
 59 39 10 31 44 64 67  -  6 62  1  3 55 57 27 26  5 21 60 12 46  9 56  8 25  - 37 53  - 20  -  - 30 22 16 63  - 32 43 17 45  - 35 41 61 23 11 47  4 51  -  - 52 48  -  - 66 28 34 36 14  -  - 29 50  -  - 18 33 42
 60  4 19 25 48 35 61 13 26  1 16  7 65 37 28 56 62 17  -  - 67 20  - 11 66 33  9  - 49  5  - 40 68 38 30 53  - 44 59 32  -  6 18 39 45  - 31 52 42  -  3 29 27 41 15  - 22 64  - 21 54 47  2 14  - 23  - 57 58 24
  - 56 23 53  2 16 52 10 32 50  9 57  5 20 49  -  - 34 66 31  - 29  4 65 12  - 21 24 67 61 43  -  -  3 70 13 18 39 60 42  8 28 54 59 38 46 68 45 44 11 64 62 55 17 37 47 26  - 69  7 30 63 58 33 51  - 14 41 15 40
 47 16  - 59 57 20 49  - 51 28  -  - 21 40 25 61  - 42 17 54  - 48 45 67  -  8  4 41  - 64  1 65 56 44 38 43 34 60 33 12 53 58  - 14  - 32 15 37 31 35 23 70 22 36 11 69 63 39 26  2  -  - 46 18 66 10 62  -  9  -
 69 48 31 67 43  2 19 58  7 66  - 34 23  -  - 51 37  - 29 60 32 49 35 61 18  - 36 42 59  - 39 57 17 55  - 24 26 62 16 27 28 13 38 46  - 15 30 22  - 52  4  1 40  -  - 33  -  - 14 68 21 10  3 53  6 20  9 70 65  5
  1 27  - 10  3  - 40 41 65  - 35 25  - 46 69 42 17  - 18  - 61  - 50  5 33 51 22 15 34 21  - 23 16  4  - 49  2  - 26  -  - 44 66 53  - 12  - 63 28 62 30 20 43  -  -  -  9 19 67 55 39 14 11  - 64 29 48 38 45  -
 68 17 11 34 59 46 22 28  - 56 42 31 61  - 19 63 53 33 57 26  -  - 39  3  -  -  1  -  - 13 41  - 52  -  -  2  -  - 62 37 55  -  9 66  -  - 24  5 64 50  - 36 58 18 38 43 32 70  7 27 51  -  - 25  4 44 10 29  - 14
 61 30 65  - 17 34 42  -  - 41  -  -  -  2 47 54 11 55  - 66 40 10 21  -  3  4  -  9 46  - 60 53 20 37 22 27  - 57  1 26 24 18 31 29  7  - 19 50 38 25 63 58  8  - 62 35  - 14 16 64  5 51  -  - 36  - 59  - 12 33
  2  - 49  -  - 48 14 39  - 59  - 65  - 15 53  - 60 61 46  - 16 19 67 31 20 37 24  - 21  4 10 30 43 52 55 54 42 69 45  3 35 51 22 17  - 29 41  6  8  - 44 28 56  - 63  5  -  -  1 18 66 50 47 34 32 12  -  -  - 38
 51 42  - 39 26 55  - 49 40 33 58 56 15 17 64 45 13 35  - 52 27 44 54 10  - 32  3 21 38 62 28 66  2 60  9  4 37 24 30 47 50 11 69 36  6 67 22 19 46 61 31 48  5 16 43 29 41 18 53 23 34  7  - 59  1 14 63 12  - 25
 53 32  - 18 58 61  - 20 42  - 36 70  - 56  - 39  -  8 40  4  - 67  -  - 60 35 68  - 27 33 45  - 46 16 59 14 54 43 31  - 10 47 23 30  - 63  - 49 34 65 52 21  9  - 57  -  - 38 15 48 37  6  - 24 55 17 41 13 22 12
 46  -  - 63  - 19 12 45 69 70  - 47 48 50 36 65 15  - 28 49  1  - 18  -  - 62  - 25 66 24  -  8  - 14 53  - 27 37  6 16 34 57 58 64  - 10  - 43 61 23 26  7  - 38  4 40  - 41  - 35 31 44 30 11  5 33 56  9 52 68
 50  -  - 55  - 52 15 51 27  -  - 67 19 45  - 20  -  - 61 10 31 70 25 48 68 53 46  -  4 35 18 34 54  2  - 33 32 49 66 43 69 60  - 24 22  - 39  -  -  5 21 17 30 44 47 14 12  - 40 42 58  - 38 37 11  -  8 63  -  1
 30  5  -  9 13  - 37  - 28  - 26  -  - 24  -  - 40  4 45 36  - 25 58  - 14  3  - 23  - 15 66 59  - 62  2  - 38  - 35 19 48 63 57 18  1 51 52 68  6 64 39 50  - 47 46 67 42 55 10  - 32  -  - 41 34  - 17 44 20 53
 13 63 47  3 31  - 39 33  4 44  2 62  1 69  - 15 55 46 48 27 18  -  9  - 29 10 54 45 65 23  -  - 38 32 36 12 51  - 70 28 25 21 16 49  - 60  - 34 67  -  -  5  - 58 59  -  - 17 22 30 64 43  6 66 42 24 61 56 40 52
 58 35 13 69 54 26  - 48 20 46 34  8 49  4 11 29  -  6 38 39 52 21 32 42 15 36 44 68  2 31 24 56  - 47 17 23  - 12 37 50 60  -  - 62  - 65  - 14 18  9 27 40 28 67  - 64  - 66 41 45 63  3 10 43  - 22 55  5  - 59
  4 68 42 22 47  - 43 62 14 61 18 52  - 70 12 33 39 60 11  - 36 63 64 15 26  -  8 57 48  2 58  - 40 50  - 66 55 34 53  - 32  9 65 21 28  - 17 31 49 46 35 10  - 69 29 27 59  -  5  1 24 30 20 16  - 56 54  7 67 44
 55 18 48 15  1 23 28 69 31 45 33 42  -  - 67 62 57 27 58  - 13 30 60  - 38 11  - 56  - 54  4 22  -  9  6  -  - 64 44 70 43 14 49 34  - 66  2  - 24 59 40  -  3  -  - 25  5  8 61 47 26 37  - 21 46 41 32 16  7 36
  7 38  -  - 37  -  - 17 64  -  6  -  - 42 52 18 67 57 30 44  -  - 22 16 55  -  2 62 19 25  5 36 39 53 61 20 13 46  -  1 26  - 10 47 21  - 60  4 14 28  9 41  - 29 12  -  - 24 11 56  -  - 48 65 27  3 50 69 32 51
 39  -  - 44  - 41  - 61 58  2 12 66 18  - 20  4 65  1  - 30  - 24  - 53  -  - 27 31 42 50 32  - 37  -  5  - 23 15 49 51 40 38 45 43 14  - 59 16 69 33  6 64  - 63  7 46  -  - 62  8 13 35 57  -  9  - 68  3 19  -
 29 66 37 43  - 28 17 65 16 30 55  - 33  -  -  9 61 15 64 41  3 45  - 20 13 21 19  5 22 52  7 31 34 23 10 60 36 51  - 44  -  1 39  -  4 40 35  -  -  - 50 18 47 70 69 49 54  2 32 24 56 59  -  - 38  8 25  6 42 11
 52 36 34  - 45 50 70 37 25 58 40  6 60  -  -  - 43 63 22  - 26 23 65 41 24 67 51  - 18  - 62 20 13 35 31 19 44 10 27 48  - 69 12 16  - 30 21 61  - 66  8 15 14 11 42 54 38 68 17  5  1 55 39 32 28 46 64 33 47 57
 25 59  -  4 21 56  9  - 34 17  3  - 52 67 54  6 35 68 15 32 51  5 55 44 41 49 65 47 61 26  8  - 31 69 12 46 14 13 10  - 57 36  -  - 60 43  - 66  - 37 18  -  - 19 30 24  2  - 70 28 50 22  - 38 58  7 16 20  -  -
 64  8  3 61  - 54 32  4  - 60 56 51 28 26 55 31  - 19 41 45 58 14  - 38 62 30 15  1 43 57 69 18  - 34 13  - 52 68  9  6  - 46 67 40 10  2 70 24 11  - 65 27 33  - 49  - 53 21 37 39  - 48  - 17 35 42  5 50 25 22
  - 61 40  5 49 60 13 18 55  3 65 19 53 31  - 17  - 64 12 35 25  1 10  - 51  - 66  2  - 39 67  7 42 43 32 52 45 56  -  - 62 54 30 37 29 59  - 11  -  - 68 63 44  - 21  8 50  6 36 41 20 24 16 15 69 58  4 47 34 48
 38 45 68 51 69 66 24  3  - 43 22 36  9 41 65  - 47 31 21 70 49 40  - 25 23 52 33  - 13  - 63 67  - 27  - 37  1  - 34 58 64  -  6 28 55  -  -  - 26 20 14  - 54 62 18 61 57 44  -  4 29  - 32 19 60  - 42 59 17 15
 70 49 14 27 50 12 44  5 43  - 41  -  6 30 58 35 68 65  - 24 39 47 46 19  - 61 26 28  - 60 22 33  -  - 54 32  8 20 38  -  - 25 13  3  - 34 66 17 45 63 11 51 29 42 16 23  7 52 56  -  -  4 15 67 62 31 40  - 36 64
 12 21 61 24 67  5 53 57 52 38  -  - 30 35 13 36 50 59  1  8 41 60  - 56 46 69 40  - 51  - 49 44 70  7 34 10 17 48  3 54 33  -  - 20 47 19 42 58  9 18 32 25 45 22 55 37 14 31 28 26 43  -  -  2 63  4 27 23  -  -
 44  6 25  -  - 42 45 24 41  4 62  5 29 13 66 32  -  - 70 20 30 53 27  2  -  - 17  - 15  1 37  - 23 36 43 57  - 54 65 18 63 48 40 52 56 14 16  - 59 31  - 34 67  8 10 28 21  3 49 50  - 68 55 12 39 26 19 64 51 47
 54 28  2 45  - 36  - 14 48 23  7 69 59 47  - 70  - 24 26  - 65 33 12 21 43  - 56 38 62 44  -  9 25 13  -  - 19  8  - 35  3 22  -  4 18  6 64 29 57 32  5 68 61 27 39 50 55 51 42 66 11 58 49  1 10 53 37 34 30  -
  - 51 64 19 16  -  3  -  - 34 20 38 35 33  - 57 21  -  - 14 53 17 47 18  6  - 49 67 41 42 25  5  - 30 63 28 50 22 29 46 12  - 11 23 52 27 37 60 39 54 55  2 26 40 24  - 31 10  8 44 48 65  - 36  - 69 45 58  - 32
  8  2 55 13 64 33 23 12 60  - 46 20  -  -  -  -  - 30  3  - 21 26 49  9 47 38 32 48 68  -  - 25 35 56 62 44 16 70 58 45 66 43 51  - 42  - 40  -  5  1  - 37 59  -  6 63  - 69 52 34  - 28 18 31 67 27 36 54 14 39
  3  -  5 35 28 15 38 43 22 69  - 23 63 52  2 59  - 41  -  - 57 42 14  1  - 54  - 32 55  - 11 21 44 68 29  - 31 45  -  - 65 56 50 26 46 37  4  8 27  7  - 12  - 25 33 36  - 62 20 19 18 66 24 10 70 64  - 17 48  -
 48 37 44  - 19  3 30  -  2 26  - 16 46 12 21 27 42 13 59 58  -  - 24 66 56  -  5 17 64 14 35  - 49 63 68 62 70 50 67 69 11 31  4 55  9 54 25 28 43  - 45 52 65 53  8 18 51  7  6 38 61  -  - 20 29 40 39  -  1 60
 27 58 46 14 34 62  7 70 30 67 15  - 45  - 39  -  - 54  - 64 24 51  6  -  - 42  - 37  5 65 52 11 41 20  -  8 59  - 23 25 56  - 32  1  - 33 12 10 13 55 48  4 38  9 40 22 36 47 63  -  -  - 35 68 57 16 43 66  - 61
 57 15 53 64  5 22  4 55 21 35 24 10 11  9  -  -  - 69  7 68  - 31 51 33 36  - 58 18  - 63  - 12 59 70 45 30  - 25 42  2  - 34  - 61 41  3  1  -  - 48 60 47  -  - 17  - 20  -  - 52 28 19 66  8 56 32  - 37 54  -
  -  -  1 60 25 63  5 30  - 47 45 40 42 16  - 21 56 67 55 34 20 52  - 14 44 59  - 27 32  9 15 64 12 24 39 65 28 11 36 29  2 61 48  - 58  - 49  7 66  4  - 38 31  6 41  -  - 46 19 53  3 33 50 22 68 18 23  - 26 54
 19 67 35 49 20 18 66  1  - 37 32 68  - 44  8 16  -  - 52 28  - 13 36  - 11 55 64 34 25 46 47  -  9 59  - 48 24 29 22 14  - 70 41 60 27 42  6  -  -  3 54  - 62  4  -  2 30  - 21 17  -  - 56 40 33  5 69 10 57 58
 16 11  9  6 10 32 46 23 35 22  4  - 37 62 50 13 44  - 25 51 45 18  - 17 30 48 60  8  3 58 70 41 64  - 28 38 53 47 61  7  - 52 26 63  - 55  - 36  - 43  1 42  - 54 56 66 69 67 39 65  2 49 19  -  - 15 21 27 31  -
  -  - 50  - 40 65 41  - 18 20 59 35 66 19  - 44 27 70 67  - 68 57 13  -  - 34 14 61  - 30 17 43  - 39 24  - 56 23 52 63 22 12 47  7 64 36 54  - 58 15  -  3 16 10  5 42  8 60  - 51  6 46  4  9  2 62 53  - 28  -
  - 40 21 65 18 53 62 26  8 68 43  - 24 66  - 64  3  - 23 22 14  - 61  6  4 28 47 54 36 59 27 38 55 10  -  - 69  - 17 11 52 20 29 31  - 48 63 57 19 16 70  -  7  -  - 12  -  1  2 58 42 60 33 46 25 37  - 39 50  9
 11 34  - 54 27  - 33 59  - 13 37 32 43 51 23 22 16 52  5 15 55 46 63 57  -  9  6  4 24 49  -  - 29 28 48  3 67 38  - 56 44 62  8 19  - 61 26  - 47 41  - 66  1  2 20 10 17  - 30  - 60  - 53 69 18 65 31  - 64  -
 24 70  -  - 14 67  - 46  -  - 21 27  - 38 40  8 54 49 37 11 59 39 42 51 45 25 23  -  7 66 12 62 28  5 41 26  4 55 50 15 58 19 53 68 69 22 18  - 48 17 57 30 13 43  -  6 34 36  -  - 33  - 64  - 44  9  3 65  2 35
  - 19  7 36 52  1 34 35 10 18 50 33 13 59 17 66 45 32  9 47 28 65 15  4  2  - 53  - 39 22 57 42  - 26 20 11 29 14  - 61  -  - 37 58 70 56 43 44  - 69 62 49 68  5  3 31 24 63 48 46 38 12 40  -  - 60  6  - 21 41
 43 33  - 48 36 11  -  -  - 24 53  9 51  6 14  - 18  -  -  5 17  4 30 70 28 22 34 39 50  - 40 10 57 46 27  - 66 61 41 49 15 29 60 42 62 16  7 64 52 26 13 65 35  - 44 45 23  - 25 31 67  1 12 58 37 63  2  -  3 21
 10  - 33  - 46  4 48 50  - 55  5 45  8 64 37 67 28 18 44 56  9  - 41 34  - 14 38 52 54 16  -  - 15  - 25  6  -  -  - 31  -  - 21 13  -  7 47 69  3  -  - 39 19  - 27  1  - 59 24 63 36 29 60 23 22  - 58 49  - 20
 21  -  - 66 61  -  - 68  3  -  - 41  -  7 60 23 20 53  - 46 11 56 31 59 40 24 70 36 28 69 13  - 47  6 37 58 12 63 25 62 14  - 42 35  -  - 65 51  2 19 16  - 18 15  - 30  4  - 38 22  9 67  1 55 17 43 34 45  5 27
  9 29 18 37 53 39  8 60 24  - 67 50 38  - 30 58 70 48 65  2 54  3  -  -  -  5 62  - 26 47 20 17  - 31 44  - 35 66  - 40 61 23  - 22 12 41 36 33  - 10 43 59 46 56 68 21 49 34 45 16  -  -  7 51 15 13 52  -  4 28
