3920
 57  - 43 62 59 13 47 19  - 28  8 25 29 66  -  4  2  -  - 34 24 30  -  7 49 16 33  - 44 42 15  - 61 39 21 23  9 27 52  -  - 63 53  - 18  - 64  -  - 56  -  1  5 60 51 67 58  3 20 36 41 40 37  6 65 31 54 26 32 11
 46  - 35 24 57 41 12 48 55  - 33 31 47  5 11 20 40  - 62  - 51 56 39 68  6 58  - 54  - 15  - 53 27 26 61 19  -  - 10 60 14 28 49  - 64 44  7 36 23  2 59 13 42 16 32  - 65  1 69  9 37 22 43 21 70 66 38 45  8  3
 23 21 45  - 54 67  - 64 42 57  - 53 30 43 13  -  8  - 36 51  9  6 50  -  - 65 39 22  - 68 33 29  3 14 27 44 28  1 16  -  -  -  - 59 63 60  - 12  - 15 49  - 56 10  -  - 38 32 26  4 31 48 61 24 55 47 34  2 66 40
 69  7  -  4 12  8 43  - 63 53  1 40 48 28  - 17 65 15 35  5 20 22 41 52 36 47 59  - 56 58 49 66 26  - 23 33 16 32 19  2 50 57 14 13  - 38 10 18 21  - 31  3 51 55  - 27 11 24 25 34 54 70 44 39  - 67  -  -  - 64
 61 17  -  - 39 56 67  - 19 40 55  - 25 12 32 33 66 29 15  8 58 36 20  - 13 41 38 10  6 16 64  5  - 60 28  7 34 53  - 37 24 18 63 22  -  - 48  4 52 59 35 70 69 49  9 26 51 30  - 11 45  - 27 54  3 50 68 31 23  -
 50 23 52 64 31  2  - 29 56 59 26 57 42 30 17 48  - 60  - 11 38 49 22 58 14  - 19 47  - 65 70 67 12 24  - 68  - 25 13 16 28 21 66 34 43 10 35  1 36 62  9 53  8 40  5 41  3 46  4  -  - 45 33 18  -  - 61 54  - 32
  -  1 58 44 35  -  3  - 17 37 30 64  9 48 40  - 18 49 45 10  - 26 66  - 57  8 20  2  - 56 23 28 19  5  - 24 21 52 67  -  - 65 68 27 70 59 51 62 31  - 54 63  - 61 15  -  7 43 50 53  -  - 47  -  - 29 13 46  - 14
 53  - 32  - 19  - 66 30  - 10  - 41  4  - 31 14 49 63  - 25 59  - 58  - 15 17 47  - 33 45  - 18 55  3 67 43 48 51  5 68 23 44 37  - 40  - 70  -  8  - 29 35  - 54 11  - 62  6  -  - 24 27  - 42 60 69 16 38 28 20
  -  -  -  - 60 66 25 62 69 47  - 52 51 44  -  5 46  6  - 27 19 70 17 36 22 33 65  - 43 41 53 58 32  1  - 15 37 35 34 57 64 68 40 38 39  9  - 14  - 20 10  7 28 30 48 63 45 67  2 31 12  - 50  8 26 16 56 29 11  -
 24 37 49 60  - 54 51 47  1 36 13  -  - 41  8 69 32 62 12 70 40  - 10 19 26  - 44 66 68 50 58 34  2 33 43 53 65  5 17 25 11 14 23 30 27 45  - 48 67 16  - 31  3 52  - 61  4 56  - 39 38  - 15 64  7  6  - 21 59 63
 30  6 14 36 17 31  8 57 21  - 37 22 63 70 45  3 62 61  -  - 60 32  5  - 46 59  -  - 38 24 68 51 16 35 34  - 43 44 18  -  - 23 58 41 33 28 39  -  9 65 52 64 26 53 40 13 10 42 19 12 69  1 55 50  -  2  -  -  4  -
  8 10 33 23 55 28 40 34 15 62 19  -  - 60 56 31  - 39  - 58  - 21 46  1 32 67 41  -  - 49 38 12  - 29  5  9 30  7 61 70  - 26 57 11  - 63 54 50 17  - 42 18 65  2 14 64 48  - 47 52 68  4  - 59 43 45 35 53 25  6
  3  9  2 40 47 34 21  - 70 63 31 67 13 53 39 38 61 10  - 42  4 29  -  - 50 51 69 49  -  -  - 64 35 48 17 65  6 16 60  7  -  - 41 44 59 11 58  8 18 54 26  - 14 25 23 68  - 57 66 24  1 28  -  - 19 15 36 27 20 37
 31  -  - 70 45  - 38  3  - 43  6 36 55  - 26 27 30 19 51 20 62  2  9 40 28 25 24 39 61 29 48 42 58 64 60  - 22 10 56 63  4 41 54 47  5 17  8 69 46 13 18 21 11 50  - 37 15  - 67 32 23  7 35  - 12 33  1 59 68 66
  4 64  3 15  - 68  9 67  -  - 65 16 49  6  - 35 36 20 53 66  - 33 51 57 38  - 60 56 12 27 42 14 18 40 39 32 45 23  - 31 25 30  8 50 37 69  2 29 24 43 70  -  - 47 22  - 17 44 41 19  -  5  - 34 11 54  -  1 55 61
 37 38 40 46  - 45  - 20  - 55 57  - 32  - 47 16 42 23 56 24 41 17 31 18 44 50 61  -  -  4 22 70 64  9  8 25  - 19 54 28  - 43 48 21  3  -  - 13 63 30 60 66  7  - 62 69 49 34 14 10  - 52 12  - 39 68 59 51  -  -
 26  2 66 34 21 39 31  6 65 51  5  - 11 54 15  1 56 18 57 16 10  - 53 32 61  -  - 25 13  - 46 59 40 52  - 12 50 60  9 69 55 70 38  -  7 64 44 27  - 36 63 47  4  - 49  - 37 68  - 14 17  -  - 62 23 43  8 58 19 48
 27 28 25  3 52 38  2 65  - 11 29 70 61 22 63  - 67 50 30 17 34 37  - 54  -  - 18 42 16 43 21 24 10 46 33 55 60 58 49 12 45  6  - 15 41 62 14 66  - 19  5 69 68 56 59  8 47 39 48 40 64 44  -  -  1  4  - 23 26  7
 25 40 56 39 41 57 58  - 18 33 61  5 62 45 50 37  3  - 19 22 46 10  - 20 54  6 48 51  - 70 60  - 52 11  - 66 35  -  - 38 68  7 29 12 47  8 36 32  -  - 27  - 63 14 64 30 21 13 15  - 16 23  9  1  - 59 53 17 43 67
 13  - 70 25 28 27  - 50  -  - 64 29 44 69 60  8 39  -  -  4 36 12 55 66 21  5 23  - 62 38 19  - 42 47  - 20 31 34 68  9  7 56 32  2  - 52 16  - 57 46 61 49 17  - 65 22  6 37 10  3 59 51  1  - 53  - 58 40 35 33
 66 44  - 54  9 35 26  -  - 48 11  -  - 62  -  - 41 55 28 12 18 19 36  -  -  - 16 57  3 59 51  -  - 69 58 47 52 38 23 46 56 64 45 65 50 29 32 33 14 40  8 10 61 20 37  - 67  4  -  6  - 17 42 25  - 34 24 49 13 30
  -  8 53  - 16 59 24 10 11  7  - 13 23 55 44  -  4 22 25  1 49  - 26 60 51  - 15  -  - 18  - 31 39 57 50 48 32 45  3 54 42  - 17  - 65 40  - 37 33 38 66  -  -  - 36  - 27 14 62  - 63  - 30  9 29 41  5 70 58 47
  9 14 31 53 66 65  7  5 16 19 32 68 20  -  - 52 47 11 10 60 48 15 34 26 56 44 21 12 54 22  - 17  6 30 59 63  4 36  -  -  - 29 24 64 46 13  - 51 62 28 40 45 49 27  1 33 61 38 70  8 18 42 39 69 58  3 23 57 50 43
 59  - 19 69 40  - 14 51 58  3  -  6 33 31  - 67 17 66 34  - 53  - 70 39 64 54  - 23 20  -  2  -  4 16 68 22  - 56 29 42 15  1 43 52 13 61 49 65 28 60 30 24 55  - 41 36  -  - 44 45  9  -  -  7  - 32 48 11 18 35
 12 52  - 19 25 17 50 60  -  1 56  - 64  - 37 59 33  -  - 44 47 24 23 53 48 57 58  5 66 11  9  -  - 27  - 38 40 70 46 55  - 54  -  -  - 15 42 67 45 29 16  - 20 32 34 18 31  - 13 62  8 65  6  - 28 63  - 14  - 69
 20 25 59 33 65 44 39 52 48 24 27 11 28 34 51 13  -  -  - 41 70 53  8  9  - 43 10 30 32  - 16  4  - 49 31  5 17 14 63  - 18  - 42  -  -  6 55  - 54 69  7 62 15 66 38 29  1 36 61 68  3 56  - 12 64 21 50 22  2  -
 17 32 47 22  -  - 64 61 37 38 16 19  - 52 67 53 26 41 58 18  - 20 42 14  5 27  - 70 65 48  - 13  - 55  - 31  2 11 51  8 36  - 59 45 69  -  9 35 40  7  - 54 62 23 68  - 56 25 28 66 49 15  4 43  -  -  3 33 21 24
 55 35 38 48  7 22 16  - 13  - 21 34  -  3 28  - 29  - 59  - 15 63 60  - 47 69 64 32 46 57 37 50 24 17  - 39  -  2  - 26 61 20 36  - 66 67 11 42 65 49  - 14  1 58 44 25 19 51  6 27 33 10 31  5 56  -  4 43 40 41
 11 18 27 65 37 51 70 14  3 68 17 55 34 23 20  - 58 54  - 28  2 43  6 22 69 32 42  7  4 13 25 57 56 45 63 21 47 12 59 19 29 36  9 39  - 46 24 49 66  8 64 60 40 62 35 38 33 16 53 15 26 50  5 41  -  1  - 67 31  -
 56 68 36 31  6 58  -  -  - 30  - 47 26 49 23 21 19 42 43 53 55 60 67 65 45  -  5  - 29 14  8 22 34  - 62  2 11 13  1 50 48 16 46 37 15 24 61  - 44  -  4 33 25  3 28 70 18 69  - 64 57 66 63  -  9 10 51  -  -  -
  - 46  7 59  - 52 49  - 54 41 40 28 68 42  - 30 15  - 64  - 50  - 45 48 20 10 26  1 14  - 27  -  5 34  9 69 67 61 11 39 43 25 62  8 16 21 29 24 56 66 53 57 47  - 17  - 12 19 31 38  - 60 18 13 63 51 44 37 65  4
 51 59 55 13  - 61 48 38  - 49  -  - 39 46 58  7  1  8  -  - 11 27  -  - 53 56 17 69 42 54  3  2 33 68 32 18 29 24  - 15 34 35  - 20 23 19 63  6  - 45 25  5 70 28 31 57  - 21  - 16 40  9 41 26  - 65  - 60 62 22
  - 62 11 56  2 63 53 15 32  - 20  4  3 38 18 66 14 70 65 29 27  - 48 47 40 19  9 61 45  - 13  - 50 22 52 37 68 17 12 24  1 34 33 69 25  - 57 44 55  - 28 36 16 43 54 51 39 60 64 35  7 59 46 23 30  5 10  - 49 31
  - 51 16  5 42 55 44 36 34 18 69  2 46  -  1 41 70 26  - 65 54 14  4  - 24  - 49 63 11 53 10 23  9 66  6 50 56  - 40 27 35 59  - 68 38 58 45 47  -  3 17 32 22  - 61 43  - 31 30 28 15  -  8 29 67 37 39  - 48 12
 42 65 61 30 13 10 68 26 20 32 44 27 21 33 12 57 24 51 60 54 23 31 62  4  - 38 70 18  8  - 17  -  -  - 19  -  5 67 47 40 22 45  1  -  - 55 28  -  - 50  6  - 48 11 69  3 34 64 35  -  2  -  - 14 37  -  -  - 36 29
 21 66 68 16 23 37 33 22  6 17 63 62 69  - 34 42  - 46 27 35 65 64  1  -  3 48 12 36 26 39  - 32  - 58  - 60 57  8 44 49 40 11 25 24 19  - 50 20 70 18 47  - 67 38 56 53  -  -  - 43 61 14 51  - 13 52 15  7  -  9
  7 34 51  2 11  - 61 40 33  5  - 45 15 18 69  - 57 17 68 50  - 13 64  6  - 53 22 62 48  -  1 20 67 25  3 35 41 55 27 21 60 10 28  - 12  -  -  - 29 63  - 59  - 42  -  - 52 54 39 23 32 47 65 58 44 56 37 24  -  -
 39 58  - 20 64 43 55 45 49 65 66 38  5 14 48  - 16 56  1  - 52 50  - 31  -  - 68  6 27 35  - 60  8 62  - 13 33 21 22 23 10 15  7  3 53  - 37  - 26 11 46  4 12 36 18  - 30 40 63 44 28 25  2 19  -  - 69  - 51 70
 10  5  1 42 22 62 46 55 14 64 28  3 52 58 38 15 68 57 49 69  6 41 12 45  8  9  - 50 35  - 30 65  7 67 11  - 70 37 48 29  -  4 18 17 54  - 34 53 60 32 24  - 23 33  - 66 36 59 51 20 13  - 56 40 25 44 27 39 47  -
 64 39  -  7 20 15 10 13 30  6  -  - 24 47 33  - 23 34  9  - 37  4 61 44 52 45  3  - 19  - 56  - 22 32 35  - 66 28  -  5 27 55 60  1 21  - 68 31 69 48 43 38 46 57 70 12  - 53 59 50 58 49 62  - 18 36  2  - 17 42
  -  -  9  - 32 48 13 37  - 31 22 54 60 17 64 24 63 59  -  - 12 38  -  2 43 35 50  4  - 23  5 68 44  - 53 30  - 65  - 62  - 39 15  6  - 57  1 70 47 51 14 27 19  - 67 52 66 33  7 49 25 61 11 56 34 40  -  - 10 45
 35 11 48 28 24  - 54 49  - 52 23 21 56 65  - 45 43 44 31 30  - 39 19 50 25 34 37  9 57  5  - 41 38 10  -  6 27 42  - 18 62 67  4  -  - 20 22  - 68  -  3 40 36  - 16 46 53 29 60  7 66  - 32 15 33 64  -  8 69 13
 16 31 46 37 63  - 36 27  5 61 38 49 54 24  7 65 48  -  - 43 25 28 40 23 29 14  - 59  - 32 69 15 20 18 70 62 13 68 45  6  9 22 39 51  - 53 17 10  2  4 33 67 30  1 19 34 55 47 42 60 11 12 57 52  8 58  -  -  -  -
  5 24  - 49 30 70 29 69 45 14  - 17 10 32  -  -  6 37 23 56 33 66 35  -  4 13  - 67  7  -  - 62  -  8 25 58  - 63 50 44  - 60 27 43 68 18  - 55 38  - 12 15  -  9  - 42 57 48  - 47 65 16  -  - 52 39  -  -  1 59
 43 13 63 55 50 24 17 44 64  - 53 23  - 21 14 68  9 47 40 31  -  7 52  5  - 49 57 45 51 69 59  3 41 12 46  - 19  6 15 56  - 48 26 66  -  - 30  - 35 10 38 20 60  -  4  - 25  8 34 42 29  - 36 67 54 62  - 61 22  -
  1  - 62 58 26  - 22 42  9  - 15 30 16  -  -  - 12  2 13  - 45 57  -  -  7 66 51  - 24 60 43  - 68 70 69 28  8 39  - 10 54 52  - 23  - 25 59  5  4 61 11 41 53  - 46  - 29 20 40 33 48  - 14 44 17 38 49 50 67  -
  -  - 39 63  - 64 11  -  - 66 24 18 59 15 70 62 69 12 48  6  5  1 56 55 16 60 32  -  - 52 67 45 21  4 37 49 42 30 33 51  - 31  3 14 29 26 65 28 13 35  -  - 27 17 53  -  2  9 68 58 36  -  - 38 47 46 40 19 34 50
  -  - 42 27  - 33 57  4 51 70 43  - 17 37 36 32 28  - 14  - 16 58 18 12 41  -  1 53 59 64 44 61 30 31 49 10 25 54  7 13 38  - 55 46  - 50 21 40  - 68 62 19  - 26  - 60 22  -  8  - 47  - 29 65  -  -  - 63  5 52
  -  - 57  6 69 20 63 31 52  -  - 58 40  8 53 50  - 16  - 49  - 62 37 46  2  - 55 11 10 21 35 44 70 51 47  -  - 64 38 32 65 42 56 19  -  7 43 54  -  1 13 26 34  4  - 14 68 28  5 17  - 36  3 48 27 18 12 25 33  -
 49  - 50 29  - 21 28 17  2  - 54  - 43 64 57 11 31  7  - 14 13 69 68 24  -  4  - 34 40 47 32 10  - 37 66 52 36 59  -  - 39 51 70 18 67 48 60  - 61 55 41 23 58 35  3 15  -  5 27 63 42 30 20 45 16 19 25 12  - 65
  - 48 54  -  -  7 60  - 22 29 62  - 58  - 16 12 50  - 11  - 68  - 27  8  1 37 52  - 53 34 66 43 17 23 57 70  -  3 26 61 30 38 47  -  - 36 13 59 64 31 56 65 24 69 55 35 14 49 18 41 67 19 28 20 40  - 33  9 45  2
 65 15  4 17 27  - 32 39 40 58 47 10  - 50 21 64 52 43 70 61 63 48 25 69  - 26  6 19 55  - 62  - 45 28 22 16 44 18 66 59 49 12 34 57  8  -  -  2 53  9 36 11  -  - 13 20 41 23 38  5 51 33  - 35 31 30 67  -  -  1
  -  3 12 32 67  - 69  - 47  - 10  8 45 40  - 60  7 65  4  - 39  - 38 11 30 24 53 68  2  - 18  6 62 42 56  -  1 15 43 41 57 61  5 70 49 34 25 64 20 58  - 51 50  -  -  - 16 63  -  - 55 31 17 28 35 48  - 13  9 27
  - 16  6 45  1 30  - 54  -  -  -  7 18 63 41 51 20  5 47 13 28 68  - 38 11 55  4 14 23 37 39 48  - 43 40  3 49 22 35 64 67 33  -  - 62 32 26  - 42 12 69 56  - 34 50  -  - 15 36 59 44 58 70 53 61 17 60 66 24  -
  - 29 64 14 18 23  - 46 36  2 70  -  -  9 68 40 38  4 20 26 22 44  7 16 65 30  - 31 21 10 54 69 48 15 41  1 53  -  -  3 59 49  6  -  -  - 12  - 11  - 51 28 52 13  - 24  - 58 43  - 50 55 19  -  5  -  - 42 37 57
 68 57 28  1 49 60 19  - 29  8  7 37  6  - 30 22 55 33 50  2  3  5 13 62 34 70 31  - 64 25 63 39  - 65 38  - 23 20  - 47 69 24 16  - 36 43 27 15 32 44  -  9 10 59 58 21 40 52 12 54 46 41  -  - 42  - 26  -  - 18
 38 41 21 52  - 19 23 43 26 20 12  - 67 25  4 55 64  9 61 62 56  - 30 28 42 18 29  -  1  6 65 63 47 54 24 51  7  - 69 14  - 40 50 48 60 49  3 68 58 33  2  - 45 31 27  -  -  - 32 70 39 53  - 36 59  8  -  - 16 46
 63 53  - 11 48  5  - 32 27 69 68 61 57 16 49 58 13  - 29 64  7 40 15 34 23  3  -  - 52  -  4 25 37 20 30 26 38 31 65 36 33  -  -  - 17 54  -  - 39 14 67  6 35  -  -  - 59 41 56 18 43 62 21 10 24 70 22 47 60 51
 36  - 30 38  - 69  6 58 28 56  - 59 70 68 29  2 34 45 46 67  -  - 11 51  - 15 14 26  9 17 40  - 65  -  - 54 61 49  4 20 19 53 64 62  1 66  - 22 50 41 32  8 31 63 60 39 42 55 24 37 21 18  -  -  - 12 43 16 44  -
  - 60 13 51 53  - 45 41 43  - 42  -  - 20 55  6 21 27 32 37 29 54 63 67 58 12  -  - 28  9 11 40 59  - 26 34 69 33 57 17  8  3 61  - 10 70 38  7  -  - 15 39 18 44 66 48 24  -  1 30  -  -  - 49 46 35  - 36 14 16
  2  - 29  -  - 32 56  - 35 12 67 46  1 26  - 63  5  - 16 68 69 23 21 49 31  - 28  -  - 51 57 19 60  7 18 36 55  9  - 53 66 17 65  4  -  3 40 30 27  - 58 42  - 41  - 54 13 10 45 48 34 38 52 37 20 24  - 44 39 25
  - 12  - 61  - 11  4 18 62 60 58 39 41 27 22 49 51  -  - 46 67  9  - 35 63 31 54 38 15  - 20 33 25  - 64 42 14 50 32 34 70 66 13  - 24  1 52 26 37  6 44 29 43 48 57 47 23 17  3 21  -  8 16  -  - 53  -  -  -  -
 62  - 24 12 56  9  1  - 31  -  - 44 53 13 35 46 11  - 17 33  -  - 16 59 10 68 43 40 49 55 36 38  -  - 48 27 51  4  -  -  6  8 67  - 34  -  -  - 30 25 65  - 41 45 42 32 69  - 58 29 70  2  - 66 15 28 14  - 52  5
  - 33 26 43 58 12 62  -  4 50  - 65 37 36 52 56 27 31  6 59  - 16 49 21  - 39 13  3 60 28  -  9 51  - 54  - 20 40 64 30 32  - 35 42 11 68 69 57  7 67 34 44 38  - 25  2 70 22 29  1 14 24 53 46 41 61 66 10 15 17
  - 36 15 26  - 40 41 12 38 45  - 42  - 19 66  -  - 53 33 32 44  - 54 17  -  - 62  -  -  - 14 21 69  6 55  - 64  - 39 48 63 27 52 49 28 30 56 11 22  -  -  -  - 68 10  5  -  - 37 46  4 34 58 70 50 13  7  -  -  8
 70 56  - 67  5 49 30 16  - 15 45 48  - 10  9 23 59 36  8 38 17 11 28  3  -  - 40 21  - 61  7 55 54  - 13  4 46 43 24  - 26 58 22 31 52 27 41 34  - 53  - 68 29 39 63  -  -  -  - 51 19  6  - 60 66  - 47 18 42 44
 45 43 20  -  - 16 18 68 60  - 50 66 38 67 19 34 22 13  - 63 64 46 32 27 17  1  - 24 30 40  6 35 28  - 14 57 58 41 36 52  2 69 51 53  - 31 15 23 49  5 39 25 37 70 47 56  - 12  - 26  - 29  -  - 21 55 65 62 61 54
 48  4 41 47  -  1 59  8 61 34  -  -  - 35  -  - 53 38 63 15 31  - 24 25 70  7  - 33 39 66 28 56 36 21  2 40 12 26 55 67 58  9 11 29 51  - 23  - 16  - 50 52 44  -  6 10 64 18 17 65  5 13 69 68 62 22 32  -  - 49
 22 45 18 66 36 25  5 53  - 13 34  - 19  - 24  - 10  -  2 48 57 42 29 15 39  - 35 60 70 67 31  8 14 41 44 64 59  - 28 43  3 37 30  -  - 65 62  -  - 17 21 50  -  7  -  9 26  - 16 61 20 54 38 27 51 49 55  4  -  -
 32 55 37 35  4  6 52  -  7 16 51 26 50  - 27 10 25  - 38 36  -  8 65 33 68 21 11 44  - 63 45 54 46 59 15 17 24 48 62  1 53 13 12 60 31  - 19 61  3 39 22 30 66  - 20 40 43 70 49 57 56 67  - 47 14  9 18  -  -  -
