3920
  - 14 43 51 26 11 39 53 19 12  - 57 61 18 10  -  - 31  - 40 22 29  - 35 63 33 62 32 20  - 24 28  - 13 34 36  2  4  6 47 49 38 56 48 67  - 41 59 65 46 70  5 44  - 23  -  9 58  - 15 42 69 60  -  - 45 17 68 27  -
 13  4 40  - 24 68 35 27 64 31  - 22  - 67 11 20  - 70 60  1 66 53 61 33 69 15  7  - 37 63  - 25 54 29 18 46 58  -  -  8  -  - 42 50  -  - 52 41 59 45 28  6  9 21  - 23  - 34 56 38 48  - 65  -  - 26 10 57 17  3
 34 39 36 57 52 43 33 17 58 47 45 68 44  2  -  - 41 10 55 18 70 27 53 59  - 29  5 23 12 62 54 24 56 64 67 49 22 14 69  -  6 48 63  4 15 60 38 21 16 50  - 40 28 26 19  3 11  1 35  - 20 65  8 66  7 61 30 32 51 46
 16 43 25 56 67  - 32 36 60 63 31  - 64 70  -  -  5 57 26 10 17 42 47 13  3  6 52 38 41  - 61  -  2 15 23  - 45 68 37 46 11 40 29  - 65 62 27  - 49 18 55  - 24  -  - 19 28  4 66  8  - 30 20  -  9 48 34  7 39 12
  - 19 14 69 20 13 23  -  - 56 24 28 70 39 25  - 37 68 27  - 55 61  - 60  8 42 38 65 10 64  - 50 48 17  -  7 34 41 44 32 57  - 58 59  5 45 54  6  9  - 66 67 29 46  - 22 30 11 33 53 36 12  - 51 40 16  - 18 62  -
  6 10 33 37 31 16 60 21  -  - 28  - 56 58 39 25 26 54  2 66  5  - 29 46 40  8 11 67 43 17  - 13  - 38 53 50  - 32 41 64 30 24 61  - 45  -  - 36  - 65  1  - 57  7 34  - 62 14  4 22 68 59 69 47 12  - 49  -  3  9
  2 23 15 52  - 64 30 60 34 49 18  - 50  - 69 41 66 48 38  6  7 26 24  - 59 62 61 14 25 43  1  - 32 31  - 39  -  8 67 29 33 36 57 56 17  - 35 27  - 16  -  - 11 42  - 37  - 20 28 55 51 13 58 63 21  4  - 12 70  -
  -  - 70 28 19  - 63  3  6 20 40  - 26 12 48 53 31  - 58 21  - 17 65 10 42 11  - 66  -  - 34 16 59 60  -  8 69  -  5  - 56  7 35  -  - 47 15 45 41  - 62  - 38 51 37 39 33  - 18 29  - 61 50  - 49  1 57  - 14 36
 69 54  - 18 65  -  -  -  -  - 17 36 40 44  -  - 48  2 41  - 47 14  -  - 56 20 25 21  3 31 10 37 24 61 12 27  -  -  - 63 70  -  - 35  -  -  -  - 28 23 11 58 30 66  -  - 19 22  -  - 50  - 15 53 16 43 45 38 34  -
 51 17  - 14 62 35 58 57 33 45 34 31  - 28 46 32 56 44 20  - 42  3 67 27 65  - 64 59  1 66 11 15 70 63 25  4 29 23  - 24  9  - 40  7 38 12 22  - 26  - 13 48  8 55  2 43 21 39  - 49 10  5 47 19 52 41  -  - 50 18
  9  -  3 39 27 59 44 51 56 67 46 50 55  - 61  - 47 66 57 13 58 31  - 22  2 26 36 40  -  5  - 65 68 19 60 24 17  - 20  -  4 62 49 53 37 32 69 48  -  7 41 29 45  - 10 54 43 12 23 70  - 38 52 16 33 14  -  1 18 42
 48 42 46  -  - 29  - 30 41  - 10 64 21  4 18  -  - 65  5  - 44  - 70 55 11 67 17 50 16 52 20 27 34  9 35 68 28  7 60  - 32 22 38 66 47  -  - 49 23 25  6 39 15 12 56  - 58 19 57 26 59 51 37 33 43 63  - 53 54 24
  - 35 63 48 45  - 24 34 28  2 64 53 49 55 15 30 50  -  -  -  - 12  7  6 67  3 51 36 46 40  - 38  -  - 31  - 62  - 18 58 29  - 32 47 42 16 11 69 54 66 60  8 22 44 27 70 65  - 13  -  5 14 57 68 20 39 56 17 19 21
  5 69 59 68 21 67 28 43 12 65 30  3  -  6  - 46 38  - 36 61 25  -  - 18  1 37  - 31 64 45 23  -  -  -  -  - 56 24 70  - 17 66  7 34 16 35  - 42 20 39 15  4 62 13 58  - 53 55 54 40 47 63 44  - 27  8 52  - 60 33
 31 12 57 65  - 61  - 11 51 25 32 43  - 45  - 68 70 41  9 48  - 35 54  - 55  - 10 69 17 14 56  7  4 34 39 37  - 16  8  -  1  - 64  - 22 15 67 29  6 30 38 20  3 27 47 60  - 52  -  2 53 66  - 62 59  - 50  5  - 44
 68 18 34  8 57  - 69 45 67 22 38 29  - 41 21 24 14 26 49 11  1  5 43 47 62 30 56 42 48  9 53 20  - 23 32 64 27 59 19 28 61 51 13 63  -  - 36 31 17 54 12 35  -  -  3  7 46 50 60 33 39  6 10 15 70 25  2 52 55  -
  - 26 42  5  1 27 59 48 39 35 21  9 54  - 47 23  - 28 10  - 43 51  4 12  -  - 14 49  7 36  2  - 31  - 11 41 16  -  3  - 46  - 37  - 52 44 66 50 67 33  - 25 53 65 22 58 61 45 55 56 15 57 40 69 60  - 20  - 32  -
 64 63  8 59 54 62 16 55 25 38 52 60 41 48  7  5 43 49 18  -  - 20 12 37  - 47 21 17 34  - 67 11 14 32 46 57 24 30 36 27 19 42 70 68 56  -  -  - 58  2 23 31 26  - 65  6 10 29  1  - 22 50  3 13  - 40 33  9 66 15
  -  -  2 61  -  - 29  - 57 69 35 19 45 68 64  -  - 47 40  - 52 54  - 15 58 41  3  7 67 51 25 23 36 50  -  1 55 53 14 16  -  - 17  -  - 34 26  5  - 59 37 46  -  4 11 49 48  8  - 30  - 18 12 56 31 24 21 10 20 66
 59 11 23  - 14 45 34 44 20  - 27 65 28  1 41  -  4 53 21 39 46  8 42 48 18  - 22 25 66 68 31  - 15 67 16  - 60 62 57  5 43 55 36 51  2 70 40  - 13 17 52 24 35  - 49 30 69  - 63  - 26  - 38 12 61  6 32 54 64 56
 26  1 54  7 41 24 43 20  -  8 22 52 38  -  - 19  - 29 64 15 37 59 45 62 12 50  -  -  - 65  6 30 63 35  - 58 61 51 31 44 69 32 48  - 25  - 17 16  - 36 57 23 56  9 39  2  -  - 10 66  4 47 34 21  5 67 68  -  - 53
 61  5 22 58  -  - 19  2 59  - 15 17  3 37 52 49  7 42 23  - 57 11 69 39 20 24 40 68 60 48 32  8  6 10 63 62 30  - 45 31 50 41 65 67 27 21 33 44 47 14 16  9  - 38 66  - 18 25 12  1 29  - 43  - 64 46 13 34 35 26
 14 36 55 20  5 37 15  -  - 29  - 44  - 66 57 16 30 11  - 31 63 69 32 24 23 64  - 12  -  7  -  - 45 56 33 60  -  6 47  - 54 34 25 17 48 61 58  - 53 38  -  1 43  - 28  - 39  2  3 52 70 26 62 27  - 18  -  - 13 19
 12  - 31 32 28 26 64 29 44  3 56 67  6 60 55 58 11 23  -  -  8  - 25 61  -  - 65  1  -  -  -  - 10  7 47  - 52  - 13 20 35 30  - 40 57 27  9 51 48 19 49 38 21 16 54 18 63 46 14 24 34  - 22 42 15 68 53  4 41  -
 25  7 19  9 66 36  8  4 70 27 49 59  2  - 16 26 46 38 11 62 40 55  - 31 51 58 24  5 45 18 33 34  - 42 52 12 20 50 68 21 22 61 28 60 30  -  - 53 39  3 47  - 10 63 14 29 32  - 44 43  - 35  - 48 23 15 37 69  - 67
 46 44 27  - 25 30 41 52  5 11  3  1 15 51 49  -  - 67 68  2 32 48 26 21 60 53 12 24 35  - 59 61  - 66 69 31 37 17 16 42 28 63  - 57  - 50 43 65 64 70 39 10 40 33 13 47 22  6 19  - 62 56 45  7 34 29 23 58 38  4
 60 58 47 62 64 17 46  - 40 55 12 21  - 15  - 33 51 16  1 43 61  - 27 41 68  - 20 10 54 42 66 56 49  5 70  9 19  3 35 11 63 31 44  -  7 13 25 67 30  - 45 26  - 34  - 48 50 23  2  4  8 24 28 32 57 38 14 59 65 29
 17 64  - 45 33  6 47  - 52 15 13 38 67  - 23 27 53 25 24  5 29 30  - 70 41 31 48 18 36  -  -  2 62 51  - 32 68 43  - 69  3  - 12 21 26 10 46 34  8 22  - 60  4 14 40  -  - 61 59  7  - 44 16 39 42  -  1 28  - 55
 56 27 51 60  3  - 65  8 53 44 70 40 16 36 66 18 63 15  - 17  - 62  9 49 29 28 32 54  -  -  - 26 33  - 30 20 64 19 21  - 47  - 10  -  1  7 50 38 69 35  5 59  6 52 43 25 67 42 11 68 55 31  - 41 48 58 12  - 46  -
 29 62  4 21 49  - 48 23  8  -  - 66 60  3 20 34  -  6 46 24 64 33 63 57 22 56 16 44 58 30 70  9 28 27 10 53  1 54 26 52 18 25 59 61 35 39  - 68 12 11  - 13 50  -  - 15 51 17  - 36 43 40 55  5 32  7 31 42 45 65
 67 22 53  6 56 28 12  - 61  - 59 26 20 14 33 43 15  - 65 34 38  - 17  - 52 19 44 64 70 10  -  - 60 49 24  - 35  -  - 30  -  8 21 41  - 36 57  7 45 48  - 51 16 39  4 32  - 37 46 13 58  -  9 23 25 31 54  3 47 11
 45 48  - 50  -  5 10 49  - 13 11 47 42 52  -  3  - 32 56 28 35 60 22 53  - 61  -  -  -  4 19 57  - 69  -  - 25 40  9 26  -  - 43  - 54 63 62 20 27  -  8 41 59 15 12  - 70 65 39  - 30 37 68  6 17 33  -  - 44  7
 33 61  - 38 32 51 13 31  4 68 26 35 53  - 24 40 62  - 63 42  2  - 18  7  - 43 55 47  6 15 28 36  1  - 22 66 21 60 65 70  8 23 39 37 11 52 45  -  5  - 67  - 54 19 64 69 27 30 17 59 12  - 29 44  3  - 16 41  9 25
 22  -  6  2 42 54 11 33 55  -  7 41  5 40 19  - 59 63  - 65 48  1 13 50 47 45  9 58  -  - 35  - 61 52 36 51  - 26 56 57  -  3 62 16 66  - 60 32 10  - 24  - 64  - 68  -  - 69 43 39 18  - 25 34 44 21 28 15 30  -
 32 13  7 53 34 47 45 64 46 43 20 42 31  - 26 39  - 14 22  -  - 21  -  -  6 55 28 41 27 33 60 52  - 16 38 40  - 61  -  - 10 70  - 36  - 67 44 56 63  9 48 19 69 30 15  4  - 18 68  -  - 23  - 35 29 12 51 25 59  -
  -  -  5  -  6  -  - 50 13  4  - 63  - 29  - 69 10  -  - 26 56 19  -  - 17 27 54  - 28 46 38 59 21 47  - 45 67 18 40 65  - 15 14 11  -  - 12 23  1 41 61 62 60 20  - 36  7 16 49 58 32  3 30 37 53 70  9  - 42 64
 18  3 65 63  -  -  - 66 35 59 14 55  - 57 17  - 32 21 13 30  - 44 37 43  - 22  - 70 33 60 27 40  -  -  - 47 31 69 10  1 23 46  6  - 34 24 42 12 11 56 26 61 68 50 41 51 29 28 15 67  - 45 64 25 38  5  -  - 16 49
 10 60  - 67 53 15  -  - 31  - 33  6  9  - 58 59 42  - 39  8 49  4 23 16 43 38  -  -  -  -  -  - 22  - 40 56 47 52 34  -  -  - 68 14 61 48 29 11 62 24 50 65  1 32 17 46  3 64 45 63 44 28  -  - 55 36 27 19 37 51
 62  6  - 13 60 12  - 16 47 41 65 70 11 42 37  -  2  - 31 56 23 25  - 64 32  - 19  - 38 34 18 48 50 28  1  - 51 63 33  7 58  9 54 30 36  8  - 26  -  5 35  - 14 49 61  - 45 24 40 46 69  4 17 59  -  -  - 29 68 20
 66 50 56  3 16  -  -  - 26  9 39  7  - 46  4 55 27 58  - 33  -  6 34  - 61 18  -  8 53 12 36 49 35 30  - 44 11 47  - 15 38 28 23 19 21 25  1 17 52  -  - 57 31 48 70  -  - 68  - 20 60 10 13 54  2 51 59 45  5 14
  - 34 48 35 11 41 62  1 66 24  - 14  -  -  5 10 25 45 44 67  6 64 55  - 28 46 37 61  9 26  3 22 42  - 21  - 15  - 43 12 13 16 51 69 59 57 19 39 36 47 65  2  - 54 18 50 56  - 70 32 31 29 49 58  4 60  7 33 63 38
  - 16 68 70 10 46  3 24 21 23 47 69 57 13  - 44 65 40  - 60 31 18 38  - 53 32 27 22 26  -  -  - 51 59 66  - 63  1 12 36 48  5 41  2 64 30 56  -  - 61  9 50  7 43 20  8  - 33  -  - 49 34  - 55 58 11 35  -  4 17
 57  - 62 17 37  1 52  9 18 40 25  -  - 20 27 28 69 30 12 70 16  7  - 19  4 65 63 45 11  8 26 42  - 44  - 54 32 49  - 22 53 68 34 38  -  - 39  - 24 15 31 64  -  6 36  5 35 59 50 41 13 21 14 43 51 66 60 67 48 47
  7 38 66 15 50 14  9 40 36 57 42 49 69 10  - 60 29  - 62 19 27  - 64  - 26  - 53  6 18 67  - 39 23  8 51 11 59 20  -  4 21  1  5 13  - 65 28  - 37 43 22 12 70  3 16 17  - 54 41 34  2 55 35 24  -  - 61 30 33 31
 27 68 38 44 12  -  7 61 10 66 51  -  - 64 36 56 52 46  - 20  3 22 14 58 70 54 50 39  -  -  - 35  - 11 26 63 57 28  -  - 37 29 19 45 43  4 13 24  - 62 59 55  -  2 69 40  1 60 53 65 16  9  - 18  - 23 41  8  - 48
 35 31 45 66  - 63 26  - 27 19 37  4 29 33 34 48 60 18 42 55 67 68  2 56  - 40 59 28 51 38 49 46 47 58 14  6 43 22  - 61 41 52  - 64 39  1  5 70  7 32  3  - 20 57 24  9 15 21 69  - 65 53 36  8  - 62 44 11 25 10
 49 15  -  - 35  7 17 14  -  -  1  - 12  -  8  - 13 64  - 32 19 24 58 36 37  -  4 29 40 69 62 51 53 45 55 16 33 66 48 41 42 56  9  - 23 59  3  - 34  -  - 47 63 18 50 67 20 26 27  - 38 25  5 61 28 44  - 43 22  -
  - 57 17 41  - 56  5 62  - 60 43  2  - 19 44 54 23 22  - 51 69 34 66 38 39  4 13 16 49 61 64 10  - 53  - 65 42 21 59 50 68  -  8 15 70  6 30  -  - 55 29 52 25  -  - 12 47  - 31 37 27 36 33  1 18  9 11 24 26  -
 70 47 60  - 61  -  - 54 49  5  -  - 23 43 45 15 68 36 17 58 18  9  6 14  - 34 66  - 42  - 22 53 16 33  3 28  - 39  - 38 52 35  - 24 62 29  -  1 31 44 63 21 37 25 48 11  4 41 26 19  - 67  -  - 13 20  - 56 12  8
 36 32 49  - 40 18 53 39 29 51  - 11 35 16 30 61 55 17 14 38 50  2  8 23 31 60 47  - 13  - 63 58 65  - 68  -  6 67 27 10 62  - 22  1  9 26 64  -  - 28  4 43 12  5  7 33 34 56  - 42  - 19 46 45  -  -  - 48 69 41
  8 70  9 33  - 21 36 19 43 10  5 58 30 23  2 17 18  4  - 12 15 28 62  - 50 51 35 13  - 27 29  - 55 46 56  - 38 45 24 48 25 57  1 54 14  -  - 63  - 26  - 11 32 22  - 53 60 67 65  - 66 52 41 20  - 42  3  - 31 34
 41  -  - 16 17  3 21 46 50  -  2  -  -  - 62 52 22 27  -  4 54 10  1  - 25 69 49 48 59 37  5  6 39  -  - 19 12 33  - 67 64  -  -  - 63  - 70  -  -  - 20 14 13 56 45 35  - 15 29 57 24  7 42 28 26  - 47 23 43 60
 11  - 50 40 63  - 14  -  2  1  -  5 32 38 12  8 58 59 52 27  - 66 68 54 57 39 42 19 24  - 43 55  3  6 15 67  - 56 22 18 45  - 60 25 41 53 48 35  4 20 30 37  - 69 46 31  - 51  - 21  9 17 70 29 36 34 64  - 10 23
 58 20 30 22  -  - 37 15 69 53 29  - 51 56 50 47 12 52 48 46 14 57  -  9  - 44 33  - 61  6 65  - 26  -  7  2 36 64 63 35 24 39 11 62 10  3  - 13  -  1  -  - 66 23 60 41 68 38  - 28  -  - 67 31 45 49  5 40  8 54
 21 37  1  - 70  -  - 38 62 16  -  - 27  - 56 45  -  8 29  9  - 50 39 65 10 25  6 43 47 44 68  - 12  - 59  - 66 35 46  - 40  4  3 52 18  5 31 61 60 42 34 32 49  - 67 20 23 57 58 48 11 41  -  - 63 55 26 13  7 28
 42  - 32 10 22  9  - 68  1 34 67 25 43  5 53 65 20 35 59  7  - 13  -  - 54 66  -  -  - 49  - 70  - 40  8  3 46  - 58  -  - 27 55 12  6 38 37  - 51 21 18 45 48 47 26 14 64 63  -  - 41 11 23  4 30 50 39  - 28 52
 54 21 26 30 68 52  - 59 23 42  - 20 18 61 65 64  3 34  7 69  - 16 15 66 24  1 70 37 29 57 44 43  9 39 13 10 53 48 17 60 51  2 50  5  - 46 49  - 55  4 32 56 41 45  8 62  - 31 36  - 40 33  6 38 22 19 25 47 58 35
  4 41 24 49 18 57 55 58  -  -  - 37  - 63  - 12 45 33 66  - 26 47 31 51 44  7  - 56  8  1  - 62 29  3  5 13 39 65  - 59  - 69 30 27 53 19 68  - 46 40 14  - 17 36 35 16  - 70 38  6 61  2 11 64 10 32 48 20 67 22
  -  9 52 43 59 22  2 70 16 36 57  -  1 32  - 29 21 13 69 47 39  - 51 17 64 14 34 35  5 55 12  - 46 54  - 61 48 37  7 66  - 11  4  6 20 58 10  - 19  -  - 49 42  - 33 45 41 40  8 50 28 15  - 26  - 30 38 44 24  -
 20 29  -  - 38 53 51 32 65 52 58 18 48 26 31 66 40 50 70  3 34 56 33  1 15 49  8  9  -  2 45  - 67 22 41 25 54 55 11 37 39  - 24 10 19 43  7 47 14 57 21 36  5 68  -  -  - 62  - 17 23  - 27 60 35 13 63 16  - 69
 52 66 37 34 29 32 49 26 38  -  - 45 59 25  -  9 44 55  8 41 62 36 28 67 16  -  - 53 19 56 30  1 40 21 17  -  5  -  -  - 60 47 27  - 50 31  4 10  - 12 51  - 33 64 57 65  -  -  - 18 46 20 48 14  -  - 24 70  - 13
 19 46 61 23 69  - 20 56  -  6  - 13  - 22  -  4 35 60 34 16 21 49 36 30  9  - 57 27 62 50 47 45 25 12  -  - 26 58  - 40 44 67 53  - 33 55 24  - 43  8 42  - 51 31 29 64  2 10  5 11  1 68 59  - 14 37 65 39 15  -
 28  - 13 25  7 38 66 67 17 54 60 24 36 59 70 42 57 51 61 50 20  - 10  2 14 12 31 30 22  - 15  5 43  4 48  - 18  - 64  -  -  - 52 26 49 69 21 46 68  - 56 63 34  8  1 44 55  - 32  9 33 27 19  -  -  - 29 35  6  -
 50 28 20 26 30  - 56 25 45 64 53 48 62 11  - 70 39 37  - 68  - 38  - 52 36  2  - 33 69 35 14 44 17 65  -  -  - 57  4 23  7  -  -  8 31 66 63 60  -  - 19 42 18 10 21 27 40 49 51 61 67 32 24  9  - 54  - 22 29  5
 38 52 28  1  4  8 18  - 54  - 68 12 47 35 59  2 34  - 15 25 10 58 48 26 33  5 41  3  - 13  - 69 57 37  -  -  7 70 49  -  - 17  - 29 60  9 20 66 56 63 53 44 46 61  - 24  6  - 62 16 21 22 39 11 19 27  - 50 23 30
 65 59 12 29  - 20 38 28 30 32  4 51 52  7 14 31  -  1 45 35 60  - 46 68 19 23  - 26 56  - 41 63 27 55  - 22  9 10 54  -  - 58 69 39 24 42 16 43  -  -  -  - 47 40  - 57 49 36 48  3  6 64  - 67 62  2  8 37 53 61
 23 53 18 42 43  - 68  - 37  -  8  - 65 17 32 67 49 69  3 54 12 45 30 34 66 59  1 60 57 22  -  - 38 20  - 35 50  - 61  -  - 10 47  -  - 41  - 15  - 29 58 16 19 70 44 26 24  5  -  - 56 48  - 40  - 52  - 51 36 39
 39 25 67 27 47 55 70 69 15  -  -  8  - 49 54  - 61  -  6 64  - 65 40 11 35  - 45 34 50 23 46 41 52 18 20  -  4 12 28 19 14 43 26 31  -  2 59  - 21 53 36 33 58 60 30 68 38 44 42  - 37 16  - 22 56 57  - 66  - 32
  - 55 10  4  8 60  6 12 48 39  - 62  - 47 68 35 28 24 67 14 13  - 19 69  -  - 26 51 32 20  - 29  7  - 65 18 44  9 15 56 59 45  - 33 40 17 23 64 38 58 46 30 27 11  5  1 16 66  - 25 54 42 53  3  - 22 70 21  2 43
  1 40 41 46  - 25  - 10 11 70 55 61  7 30 51 22 16 12 19 57  9 67  5  4 38 35  2 63 65 28 69 17 13 24 37 34 14 31 29 68  - 60 15 42  3 49  -  - 32  6 43 53  - 59 62  -  - 48 20 54  - 39 56 36 47 64 58 26 52 27
