3920
 28 36  -  - 58 70  -  - 41 22  - 63 13 33 24 20 11 49  2 53 34 55 19 60 47 62 54 14 46 66 65 25 52  - 12 31 27 42  4 69 50  -  6  -  3  - 18  - 43 30 29 35  1  - 40  8 26  - 32 16 44 23 51  9 39  5 21 37 48  -
  - 31 18 15 25 49 58  -  8 24 44 40 30  1 34  -  -  - 29 33  - 62  - 22 67 60 68 63 54 57 55 51 27 56 59  -  -  - 14 17 28  5 37 47  - 38  - 66 48  9 42  7 70 52 19 50 20 21  6 45 46 16 43  - 32 35 39 13  2  -
  - 62 50 22  - 35 67  - 15 64 34 70  -  4 26  -  7  - 51 36  - 52 12 24 37 27 19 59 14  1 32 55  -  - 49 40  5 28 66 43 63  3  - 16  - 31 17  - 23  - 11 57 21  -  - 65 60 29 18 47  - 42 61 10  -  - 41 53  - 54
 50  - 55  - 19 61  9 44 25 46 20 28 18 66  -  - 26 67  7 49  2  - 52  - 11 40  5 57  3 65 14 45 29  -  - 48  1 64 56 12  -  6 15 54  - 47 63 39  - 37 69 34 24 42 68 16 10 17  - 21 38  - 27 31 62 60 59 23  - 70
 39 42  - 46  1  - 61  7 26 62 60 33  - 38  4  - 23  - 45 17 15 59 11  - 50 56 13  - 31  9  8 58 22 37 14 54 70 68  3 65  - 20 64 19 35 57 40 52 36 55  5 43 34  - 16 67 24 25 27  - 41 28  2 69  -  - 12 48 51 47
 51 19 31  - 34 33 11 60 24  - 61 14 67 50 38  - 13 57 65  -  - 29 17 44  -  3 22 66 36 45 47 56  9  1  6 27 18 48 64 25 49 28  4 68  - 43 26 35 52 10 62  2 53  - 70 54 69 40 41 39 37 20 42 23 21 59  - 58 30 15
 64  -  7 49 60 66  - 32 19 33  - 20  1 48 70 23 41  6  - 50 51  - 69  - 40 29  - 45  - 34  - 27 18  -  - 11 38 43 65 62  - 63  3 61 28  - 52  - 54  2 55 37 22 59  - 57 68 44 58 24 15 67 25 39 31 14 53  - 35  8
 25 45  - 42 61  7 39  9 34 10 47  - 41 18 35 28 20 51  - 59 30 36  - 57 63  -  -  -  - 46 44 67 21 13  -  - 40 58  - 14 56 69  - 15  - 55 27  3 50  - 52  - 60 11  6 29 16  1 17 38 48  8 70  - 22 37  2 24  -  4
 32  - 56 65 24  1 44  6 16 20 58 60  - 61 10  - 45  - 40 64 22 35 36  2  - 46  - 54 70 17 63 52 39 68 19 37 31 23 59 67  - 43 49  7  - 69 51 14 30 66 15 13 33  - 12  - 57 18 55  - 27 29  - 25 53  3  9 11 28  -
 47  - 44  -  - 57 36 42  -  -  1  - 12  - 28 55 27 32  -  -  - 60 37  - 49 58 38  2 35  7 17 20  - 53 41 13 25  - 22 29 64 59  - 43 23  -  -  6  5 54  4  -  - 63 33  - 31  - 56  9 21 30 45 18 40 46 15 10 39 19
  - 27 25 20 43 21 12  - 30 28 62  -  - 63  - 37  - 69 47 35  - 38 23 29 59  -  7 13  - 48 61  9  -  5 60 18 53  6 16  8 14 17 45 10 67 52  - 41 49  - 31 24  - 70  3  2 66  - 54 19 11 50 68 36 15 32 55 57  - 65
 12 17 21  - 22 11 30  -  - 23  - 35 54  - 66 65  -  - 37 61 25 67  5 46  - 20 60 32 57 29 49 33 13 19 28 15 34  3  - 41 44  - 63 40 18 10  - 68 45  - 59 27  -  - 39 58 14  4  - 64 16  - 69  8 55 48 26  1 52 24
 11  1 19  - 13  - 27 68  -  2 54 49 55  - 42 34  8 66  3 18  -  - 31 39 22 36 57 30 47 16 10 62  -  -  - 24  - 56 53  - 65 40 35  -  -  -  - 58 64  6 33  - 37  - 60  - 15 45 69 52 32 38 23 12 59  - 70 28 17  -
  - 22 23  -  8 40 51 21  - 42 65 48 33 35  2 50  - 17 28  -  - 47 41  - 26 30 29 43  4 37 66  - 62 39  7  - 69 31 32 16  9  1  - 49 34 61 12 36  3 20 68 53 11 25 54 24 45 55 67  - 63 56  6 57 14 52 60 59 70  -
 35 60  -  -  - 29 32 13 33 45 69  -  4  -  - 26  3 40 18  6 24 43  1 47  - 63 44 48 37  5 30 41  -  9 50 59 22 66 15  - 52  2 27 31 61 65  7 38 28 56 16 46 67 23 57 64  - 42 20 49 51 14 58 68 19 54 10 62 11 39
  9 21 36 13 55  -  - 48  - 32 40 69 42 17 64 31 39 26 38  -  - 25 28 45 46 66 53 58  - 54 60  8 15 34  - 43 59 14 70 63 62  - 50 37  2 12  -  -  -  5 56  - 29  - 30  -  -  7  3 33  1 22 67 35  - 23 61 52 57 11
 43 14 52  - 54 41 49 28 69 67  - 16 62 60 45  - 32 29 50  -  3  1 20 37 36 42  4 64  - 33 59 57 38  7 66 47 48  5  2 58 70 21  - 46 11 34 31  8 56 65 23 55 68 10 17  - 39 12 25 26 24 13  - 51 35 18  - 30 63 53
 16 65 34  - 32 24 17 37  - 21 64 67  3  - 60 19 36 54 12 48 23  -  - 56  -  2 31 25 39 50 27 30 28 45 10 33 42 52  -  - 66 53  - 29 63  1 43 18  -  - 57 62  - 14 59 41 13 49 11  -  -  4 46 22 70  -  8  - 26  -
 41  - 20  1  - 30 45 53 62 50 16  7  2  5 21  -  -  -  - 34  - 11 14  - 28 32 24  - 69 58 33 47 23  8 55 19 44  - 54 61  - 38 31  4  - 48 15  - 66 43 51  - 36 49 65 27  - 26  9  -  - 57 56 42  - 10 29 25  - 63
 48 64  8 68 41 37 15 19  3 17 63 50 16 20 14  - 30 13 10 40 66 45 43 58 24 47  - 55 52 25 56  - 42 44 53 35 33 39 46 60 54  -  - 22  5  9 38  1 51 27 18  - 61  6  - 12 59 23  4 32 69 49 28 29  - 26  -  7 21 34
 54 37  -  3  - 36 18  - 38 70 48 24 65  - 41 13  - 16  - 10 59 64 49 19  -  - 52  - 53 40 34 63 60  2 22 25 20 44 61 50  - 31 39  - 14 51 46 29  - 28 12  - 35 68  7  5  6  -  8 11  -  1  - 15 57 69 32 66  9 17
  - 34 26 32  -  - 38 65 61  4 51  5  - 28 58 62  -  - 69 42  - 54 67  -  7  - 70  9 13  8  - 53  1  - 57 23 41  -  - 59 11  - 22 35 43 56 55 33  - 19 46 14 44 48  - 10 30 16  2 15  3 40 39 63 20 24 47 31 66 29
 55 59 46 39 62 16 20 41  - 29 13 43 28 32  - 38 31 14  -  - 36  - 66 52 48 61  - 53 25 68 26 69  - 54  - 45 11 33  8  - 24 57 12 51 22 19 47  5 63 21  9  -  3 34 42  6 64 60  - 27 10 15  - 56  2 17 35 65 67  -
 10  9 22  - 21 64  - 15  7  - 18 59  - 58 61  -  - 62  - 29 35 34  2 68  4 69  - 17  6 14  - 23 33  -  - 57 49 24 37 47 42  -  -  - 60 63  - 48 38 36 27 70 54  - 13 26 44 51 16 67 19 55 12 32  - 31 30  -  5 41
 34  8 67  - 36  3 37  1 49 11 38 62 43 42 54 56  - 59  -  - 14 18 29 32 61  5 69 28 27 22 16 26 19 10 40 68 39 63  -  7 17 35 30 24 41 70 13 15 58  - 21  -  - 12 48  - 51 50 33  - 47 65 44 52  - 20 31  4 46 25
 57 29 27 16 11 67 46 66 32  -  - 37 68 59  - 24 18 22 53  - 47 44 45 23 14 33  - 65 62 51 54 28  3  - 13 12  -  8 41 49  5  4 55  -  -  -  - 26 10 50  1 25 19 56  - 35  9  6 61 58 30 63 34 43  7 40  - 69 60  2
  - 26 35 40 47 10  - 46 43 36 31  -  - 39  5 64 55  - 61 68  7  - 34  - 13  - 49  6 32 15 52 59 54 14  - 16  - 11  - 44 30 41 62  8 42 25  9 45  - 63  3 18 23 37 29 56 65 67 38 70 66 24  - 28 12  2 69 50 53  1
 31  - 66 25 16 48  - 33 45 60 53 26  6 43  - 54  -  7 22 19  - 63 50  3  -  - 42  - 30 27 28 61 36 18  2  9 62 51 67 64  -  - 38 70  - 11 56 13 14 34  -  - 59  - 37 47 52 32  -  - 57 69 35 40  8 58  - 41  - 49
  - 69  - 23 45 18  3 22 58  - 52  -  8 12 19 53 28 36  - 60 17  9 15 54  2 10 30  - 63 24 42 50 31 49 35 29 46  - 40 48 57  - 56  - 66 41 68 61 13  -  - 59  - 51  5 70 37 11 34 20 43 25 14  -  1  7 16 67  6 27
 23  7 43  4  - 42 48 34 12 65 37 17 38 14  6  9  2  - 63 67 50 53 62  - 41  - 28  3  -  - 35 29  - 60 44 49 45  -  1 32 22 68 46  - 70 59  - 56  - 13  - 52 15 16 10  - 19 31 57 54  -  - 11 20  -  - 58 27 55 26
  -  - 40 34 38 58 31 67  9 69 25 68 27 22 33  8 46 35  - 51 56 12 24  7 15 17  -  4  - 60 62 48 41  -  - 63 54 53 36  2 59 50 18 65  6 14 37 32 70 26  -  1 39 20 47  -  5 66 29 13 55 45 49 21 43 19 64 61 16 52
  1 70 54 37  - 56 19 59  -  -  -  - 58 26 31 21 50 41  - 62  -  8 18 63 42 23  2 51  - 20  9 15  - 47 29 14 36 49 35 10  - 33  - 34  - 16 64  - 17 48  -  4 69 67 45 13 46 28 12 55 52  -  5 65  6 61 38 32 68 40
 56  6 70 17 51 32  - 23 18 37 10  -  - 40  - 46  9  - 15  5 57  -  - 11 19 64  - 39 59 30 58 13  4  - 69  3 35 20  - 38 55  - 67 28 26 42 49 65  -  7 50  8 41 43 14 21  - 36  1 12  - 34 62 61  - 29 25  - 47 60
  2 33  9  - 28 55 24 29  -  - 30 25 45 23 40  - 57 15 17 63 52  - 22 27 68  - 61 26 50 10 36 37  6 65 39  1 32 21  - 66 47 12  -  - 56 46 62 43 69 38  -  5 64  8 20 49  3 14  7 35 67 59  - 16 44  4 34 70  - 42
 70 28 59 60  - 19 65 20 39 58 46 52 32  - 51 18  1 50 68 66  9  6 47 64 57 43 56 41 23 12 53 11 45 48 24  8  -  - 21  5 38  - 34 26  7  - 33 30  4 15 44 69 16  - 27  - 42  - 40  -  -  -  3 37  -  - 36 55 22 35
  8 20 61 64 29  4 53 47 14 12 28 54  9 68 11 40 17 63 13 52 10 41 26 65  1 34  -  5 15  - 69 39 51 31 70 38 50 57 49  6 23 16 33 56 46 60 42 24 55  3 67 66  7 58 25 59  2 43 45 30 35 32 19 48 18 22 62 36  -  -
 29 54 33  -  - 63 68 40  -  8  - 31 14  3  - 51  - 61 59 65 58  4 38 13  -  -  - 44 66 55  - 21  - 28 52 64 12  -  - 42  - 10 24 48  -  -  - 53  9 67 25  6 50  -  - 34 36 35  - 62 60 39  1 27 56  -  - 16  7 43
 53 51 32 63 33 69 26  8 23  -  9  1 31  7 47 45  - 25 30 27 37 19 35 55 60  - 12  - 16 36 22 34 58  6 17  - 15 13 24 57 21 42 65  5 62  4 66  - 11 40  2 61 52 28 18  - 41 10 59  - 54 44 29 49 38 64  - 56  3 46
  -  - 28 10  -  8 34 35 20 39 42  3 21 29  7 49  5  4 54  -  1  -  - 53 52 57  9 50 45 64  - 65 48  - 38 51 55  -  - 26 13 15 25  6 44 27  2 16 33 68 60 30 62 24 69 32  - 56  - 46 23 36  - 47 61 63 18  - 14 22
 45 50 63 31 26 51 22 30 54 52  -  - 49 47 48 12 65  - 36 43 62 61 70 59  6  8 64  1  2 19 24  7  5 66 67 10 57 25 60 53 20  9  - 58 16  -  - 27 42 23 41 11 17 15 55 37 56 39  - 69 28 35  - 14 46 44  4 38 13  3
 40 32 64 11  2 13  1 52 47  - 55 42 53 10  -  - 25 12 21 70 29  3  7  - 31  -  - 67 22 41  -  6 46 51 20 36 66 62 27  4 26 34 28 39 49 68 19 54  8 18 24 15  - 50 38 14 58 61 44 60 59  5 33 17  - 65  -  - 37  -
 49  -  4 53  5  6 59  - 29 13 56  - 46 19 65  -  - 20 48 69 67 10 25 33 30 21 55  - 12  - 41 68  7 43 45 39 61 18  9  - 35 54 44 60 52 58 11  2 62 64 26  - 63  - 28 31  1 38  - 14 50 70 40  -  -  8  - 42 15 32
 62  - 37 24 12  - 60 18 65  5 67  - 59 54  - 43 52 38 16 20 45 39 46 26 53 41 25 70 58 63 11 19  - 55  9 28  - 61  - 51  -  - 10 50  - 33 35 34 47  - 14 49 13  - 64 48 21  -  -  2  - 31  7 44  3 68  6 29 40 66
  3 53 17  - 27  - 57 64 66 41 14  6  - 37 68 39 29  5 34 26 61 56 51 43  - 15 33 49  -  - 38 54 35 70 62 42 16  1 44 55  4  - 59  2 47  8 67 22 32 69  -  - 18 30 46 19 48 52  -  - 25 21 36 13 10 50 65 20 12 58
 19 16 47 28  -  -  - 58 42 59  - 46  - 62 69 61 34 31 25 22 65 66 13 30  8  6 43 18  - 52  -  3 10 21  -  2 68  - 39 45 33  7 20 38 29 32 57  -  1  - 53 67 40  - 63 55  -  - 60 56 26 64 17  - 37 51 11 15 44  9
  -  -  -  - 20 25 50 45  -  -  4 22  - 64 46 70 40 47 27 44 32 14 57 18 43 54  8  - 28 42  - 36 65 17 30  -  6  - 62 24  - 13 69 67  -  -  -  7 19 59 63 26  9  3  - 68 34 58  -  5  - 10 31 41 51 56 49 60 38 61
 27 35 41 67 44  - 47 11 68  1 36  - 48 24 15  - 22 33  -  2 55 28  - 31 12 70  - 21 38 39  - 60 37 20 65 50 56 30  6 54  -  8 16 63 59 66 69 40  7  - 58 19  4 26  -  - 61 34 49 29  5 52 10 45  9 42 51 14  - 57
  - 43 15 50 66 12 62 25 60 35  -  -  -  6 59 63 67  8  - 56 40 22 65 28 39  1  -  - 48 13  2 10 61 29  - 32 37 70 30 33 69 64 52  - 68  7 58 21  - 47 54 44  - 45 34  3  -  9 46  - 36  - 16 55  - 27 23 51  -  5
 58  3 14  6 48  -  8 12 37 16 66 39 25 57 27 36 54  9 62 55 42 69 56  - 70  - 40 23 33 35 15 46 49  -  - 22 52 60  7 18 67 30 21  - 51  2 59 19 68 29 13 28 10 64 41 45 38 20  5  1 61 47 26 50 24 43  - 17 31 44
 61 11 16 66 18 17 63  5 64  - 45  -  -  2 57 33 12 52 60 14  - 32 30  - 65 38  - 27 55 21  -  - 34 69 51 67  9 15  - 13 25 36  - 20  -  6  3 62 29 24 39 68 43 35 44 22 23 59 28  - 58 37  -  7 26  -  - 46 42 56
  4 10  5  -  - 20 29 17 56 44  - 65 39 55  -  1  - 60  - 16 41  - 61 14  -  - 48 38  7  - 68 32  - 59 15 62  -  - 34 22  - 52 23 57 40 26 50 47 31 45 49 21 28 13  -  - 11 70 64 37 42  9  -  - 30 12 46 63 18  -
  -  5 24 57  -  - 23  - 55  6 15 53 60 25 49  - 61 70  1 54  - 21 42 20 27  - 34  - 67 32 13 31 50 52 58 17  7  - 29 11  - 39  9  - 36 22  4  - 26 46  - 48 45  - 56 63 40 30 10 28 65  - 37  - 69 66  -  8  - 12
 65 41  6 47 31 59 52 43  - 18  - 10 56  8 12  7 16 48 33 28 19 37 55 25 69 49  - 46 51 26  -  5 17 24  -  - 21 35 13  9 61 14  1  - 64  - 54 70 39  - 20 45 30  - 66 60 50 53 36 57 22 68 38 58  4 11  -  2 32 67
  - 40 57 26  -  - 33 27 51 56  8 29 24 30 52  4 69 53 14 41 13 31 68  1  5 18  - 34 20  -  6 42  - 64  - 21 28 16 10 19  7 58  2 44 45 23  -  - 15 25 66  3 49  - 11  9  - 65 62  - 17 61 48 70 67 47 22 54 50  -
 46 56 48 43 65 31  - 55  - 27  -  - 63 15 50 42 49 23 11  - 21 20  4  -  - 14 51 68 64 61  5  -  - 16  3 26  - 19 52 39  2 70  7 12 24 44  1 28  - 35  8 36  - 40 22 17 47 41 37 25  -  - 30 54 60 53 33 34  - 45
 69 24  -  - 56 54 43 14 70 55  5 15  -  -  3 59 53 46  6  - 20  7 16 50 18 68 36  - 42 28 31 44 26 23 47 34 13  4 12 52  - 48 66 41 58 35 45 17 25 39 37 29 51  -  -  - 67 64 63 22  8  2 32 60 33 62 57  9 65 38
 60 49 53 12 59 22 42  2  4 43  - 47  5 46 13 14  - 11 35 30  - 23  8  - 33 31 39 37  9 69 64  1 63 15 54 55  -  - 20  -  -  - 58 52 38  - 10 57 16 51 70 50 27 65 26 18 25 62 24 41  7  6 66 67 34 36 68 44  - 28
 14 39 68 48 70 26  7 24  - 57  - 66 51 52 23  6 62 58  5  1 54 46 21 49 44 55 35 60 34  3 25  4 11 40 33  - 43 41 63 36 29 47 53 59 10 28 22 69  2  8 61  - 38  9 67 42 32  - 50 17  - 12 15 30  - 16 27 18 20 31
 26  - 30  -  7  9  - 50 22 51  - 36 11 16 55  - 48 19  8  -  -  - 33  5 10 45  - 61 29  - 21  2 64 46 42  - 47  - 25 20 53 24 17 32  1 37 23  - 35 58  6 39 56 57  - 52 12 68 66 44 40 62 13 34 28  - 54 43 49 59
  - 46 42 27  9  - 40 54 67 26 41 34 66 49 44  -  -  2 20 23  -  - 32 10  - 51  -  8 68 62 57 22  - 30  1 53 19  7 55 56  - 45 14  - 39  - 60 11 65 70 17 12 31 36 43 61 29 24 47  - 33  3 59  6 25 13  -  - 69  -
 59 25  3 54 15 45 14 10 35 34 43 18 17 41  1 11 24 37  -  4 38 57 63 69  -  9 26  7 61  2 19 66 67  - 36  6  - 32  - 27 58 22  -  -  - 53 44 55 60 16  - 47 12 31 50 28 33 48  -  8 70  - 64 62 29 39  -  - 56 51
 33  2  - 69  - 39  - 38 21 61 29  8 64 70 17 44 63 30 52 32 53  - 60  -  - 13  3 35  -  4 50  - 59 67 68 58 23 34 31  - 27 18 42  -  9 45  -  - 40 57 43 20 25 66 51 62  - 22 15  6  - 48 47 19 11 49 28  -  - 16
  -  - 69 59 64 23  - 57 17 49 35 61 34 45 53 60 19 56  4  7  8  - 40 38 16 28 41  - 18  -  - 12  - 63 26  - 24  -  - 68 31 46 36 27 20 13 48 37 67 22 65 54 32 39  9 30 62  3 14 50  2 58 21  1  - 55 66  5 29 10
  7 18 60  8  4 62 64  -  -  -  - 58 29 13 43 52 15 65 32 25  -  -  9 16  - 19  - 40  - 56 67  -  -  - 21  - 63 69 23  - 51 61 48 55 27  - 14 31 34  1 36 42 66 22 35 33 53 46  -  -  - 41  - 11 50 57 45 12 10 37
  - 38 29 70 40 52 56 63 59  9 11 19 22 53 67 10 58 55 23  - 16  2 39  - 21  - 46 69 60 18  7 35 66 33 64 30 17 26 45 31 68 44  - 36 57 20 25  -  6 49 48 32 47 61  -  1  -  - 42 51 14 27 65  -  - 28 37  3 34 62
  - 47  2 52 68  5 35 16 28  - 49 45 70 65  - 22 43  1  - 57 12 26 27 51 56 50 15 31 40 59 39 24 25  - 63  4  8 38 42  -  -  - 60 17  - 29  -  - 41 14 34 10  6 46 61  - 18  - 19 66  - 11  9  - 58 33  - 64 36 20
  -  -  -  - 50  2 13 31  1 19  7 12 23 56 16 29  - 42 44 47 70 17 48 40 64 52  - 36 11 49  4  - 14 57 25 69 51  9  - 30  - 27 54 66  - 62  8 10 37  -  - 60  5  - 32 46 28 63 65  - 39 33 20  -  -  6  - 22  - 55
 18 23 13  9 30  -  - 26  6 40 68 44 57 51 22 15 60 64 41 39  - 42  - 66  3 59 67 47 21 31  -  - 12 62 56  7 58 50  - 35 48 25 32 69 19 24 29 63 61  - 38  -  -  -  1 20  -  - 70 36  -  - 52 46 65 45 43 49  8 14
 63  -  - 61 37  -  -  - 52 25 39  2  -  - 29  5 10  -  - 31 68 30  6 42 66 65  - 22 56 53 12 40  8  - 27  - 67  - 17 23 41 55 26 62 69  - 21  - 57  -  7 38 14 44  - 36  - 19 43  3 20 60  - 59 64 34  1  - 45 13
  5 55 10 38  -  - 41 69 31 14 27  4 47 67 62 68 59  - 66  - 43 16 44 17 45  7 18 56 65 70 29 64 57 12  - 61  2 22 58  - 39 19 51 25 50  3 28 60 46 52 32  9  8 54 36 11 35  - 48 40  - 26 63 33 49  1 20  6  - 30
