3920
 31 47  -  8 64 23 42  9 17 52 43 28 37 13  - 53 55  7  - 19 70 41  -  6 54 62  1 11 33  -  -  - 44  3 65 50 27 46  - 60 51  - 68 48 30 57  4 29  - 36  2 14 24 26 40 56 63 69 12  5 16  - 22 49 61 38 15 10 20  -
  - 65 52  7 58 34  - 35 63 25 18  - 70 32  - 10  -  8 43 41 48 57  - 22 29  - 62  2 69 30 64 49 14 27 54 17 13 42 55 38 28 50  - 46 45  6  9  3 44 26 67 24 21 15 33 61 56 19 23  - 53  - 51  1 12 20  - 60  -  -
 15 18  1  5 42 36  - 19 57  - 49  9 55 70 28 58 24  - 10 30 64 43 54 40  - 48 27 23 16 12 56 38  8 69 44 32 11 26  -  7  - 31 59 47  -  - 45 63 20 66 50 46 39 29  - 68  - 17  3 52  4  - 34 53 14 25 61 35  6 51
 42 30  - 69 14  2 50 40  - 44 20 67  - 62 29 43  3 51 18 10  1  - 57  - 64 27  7  -  4 25  -  -  6  - 38  - 53  - 21 23 15 60 41 58  - 55 39  - 56 61 70 16 52  8  - 35 12 37 36 45 11  - 49 66  - 28 63 54 19 32
  8 24 26 68 29  4 44 50  2 40 38  -  - 55 21 64 35 56 41 20 58 11  -  7 22 53 52 48 54 51 63 67 19 47  1  6  5 18  - 28 12  - 36 10 39 60  - 59 13  - 33 62  - 14 30 32 15  - 70  - 23 57 69  3  - 42 27 43 16 34
 46 40 16  - 32 20  2 45 39 27 67 61 41 52 17 50 22  - 24 64 34  - 63 15  -  -  - 14 26 35 69 68 30  4 70 65 66 13  6  - 47 62  - 59  -  - 37 53 21 19  - 43 60 12 25  1  8 36  9 18  7 56  -  -  - 49 58 51 55 31
 20 29  6 63 19  - 32 46  -  - 66  - 36 14 34 48 56 25  -  -  - 18 21 68 35 70 57 60  -  8 22 15 37  2 17 23 40 50 59 64 45 41 43  - 55  1 12  -  5  - 53 47 33 24  - 30 65 58  - 10 62  3  - 51 31 67 39 26 52 13
  9 38  5  2  - 18 20  - 61  -  - 58 39 44  -  - 28  -  - 25 46 10  -  4 68 59 26 37 27  7 50 12 52  - 15 66  - 35  - 22 57 33 51  8 23 64 24 21 42  3 13 32  -  -  -  - 11 56 17 62  6  1 55 30 16 54 19 49 70 41
  - 48 37 35 52  - 60 22  8  3 31 32 28 56 10 11 18 55 34 23 68 46  - 27 53 13 44  1 50  - 30 61 69 42 21 24 64 66 20 43 59 47 12 41  - 14 33 16 63  -  - 17  -  4  -  6  -  - 45 38  2 62 65 58  9 15 51 29 26  -
 45  - 36  - 23 22 25 18 53 34 13 41  - 66 35 44 51 43  7  - 54 14 12 69 37 58 40 49 46 59 27 47 67 61 24  - 21 68 52 70 16  9  4 63 56 17 30  - 19 55  - 11  -  5 50 20 57 15 60  6  -  2 26 32  1 33 10  - 48 29
  - 39  9 70  - 66  7 31 44 12  -  -  6  4 64 59 37 17 26 40  - 21  -  2  - 14 36 65 57  -  - 28  - 62 16 55  -  - 42 52 38 22 69  3 63 50  -  - 18 30 35 27 51 10 60 11 33 23 49 53 68 43 20 13 29 47 25 56 46  8
 43 63 21 42 12 48 38  - 36 29  - 15 10  -  - 34  - 53  - 31  3 27 69  -  7 39 20 32  - 52 66 19 65 35  -  9  2 14 45  - 41 67 28 64 58 16 61  -  6  8 51  -  5 17  - 37 59 11 46  4  - 44 30 33 26 70 24 22 68 23
  - 53  -  -  - 10  - 39  -  -  8  - 47 31 68 51 19 45 22 58  - 20 30 61  -  - 34 26 66 48 16 32 43 13 63  - 50 57  5 56  2 24 35  - 64 65 29 12  - 41  -  3 23  -  9  - 42 59 40 46  - 18 15 14 28 27 33 38 37 44
  -  - 47 13  - 69 40 17 58 45 44  3  -  9 63 25  2  - 46 70 67 34  - 53 43 35  - 66 12 64  -  1  - 31 26  - 59 30 41 19  5 52 22 49 36 51 55  - 38  - 24 61 10 42 15  7 18 28 62  -  8  - 33  - 37 32  -  6 57 54
  - 37  - 18  - 70 57  -  5 33  9 13  - 63  1  -  - 20 67 68 61 36  -  - 69  - 45 25  - 40 43 16 66 64  - 52 14 19  4 62 39 46  - 50 47 12 44 65  3  - 60 48 58 49 21 24 22 30 11 28  - 23 17  - 55 59 31 15 51 27
 50 49 60 36 22 61  3  - 62 46 24 43 48 26  - 41 13 59 17  1 38  5 44 32 66 57 21 54  -  9  2 53 55 70 52 14  - 64 29 33  - 35 25 12  6  4 58  7 67 16 68  - 20 28  - 40 10  8 51  - 19  - 11 31 27  -  - 63  - 69
 48 28 24 56  1 21 11 62  7 53  - 33 19 49 13  - 40  - 42  -  - 32 31 18 61  - 43 30  - 22 67  4 59  - 60 38 69 55 39 20  8 58 70 23  -  9  - 37  - 50  -  - 15 46 29 52  2  - 54 51 27 14  3 63 64 44 41 66 65  -
 63  4  - 66 11 57 35 20 21 64 48 49 51  - 61  -  - 58 15  - 50 16 55  -  -  -  - 56 40 46  - 26  5 53  - 60 42 69  - 47  9  -  - 30  7  8  - 23 24 10  - 25  - 54  6 39  - 67 27  - 41 33 18 43 13 62  - 32 34  3
 35 57 25  - 40 12 49  - 55 68 14  -  7 22 41 21  - 47  4 39 51  -  - 63  -  - 17  - 29 33 58 13 50  - 62 53  - 59 46 61  6 65 54 28 69 43 19  - 52  - 10  5 44 64  1 67 16  - 42 11 48 24 56 26  3 37 66  -  - 30
 39  - 17 60  9  1  5 42 16 51 54  - 68 46 53 24  -  - 11 69 14 55  - 49 65 12  - 21 18 36  - 22  2 57 20  8 44  7 56  - 43 23  6 66  - 10 62 48 58 28  - 15 32 19  -  - 31  4 64 37 34 59 67 61  - 63  - 40  - 25
 25  2  - 64  6  5  9 63 56 23 37 42 22  7  -  3 29 16 44 35 13 38  - 36 12  - 53 58 49 69 32 33 28 67 14 68 51 21 65  - 17 10  - 54 31 24 59 47  - 60  8 45 27 11 43 46 41  - 26  1 57 70 48 18 66 39  - 50 30 40
 27 17  -  - 33  -  - 67 65  - 51  -  - 18 54  -  - 28 37  4 23 58  - 31 16 47 56 34 44  - 62 41 29  -  - 43 19 11  3  -  -  - 38 69 32 59 36  6 57  1 49 66 35 61  -  -  5 45 21 20 10 25  2 70  -  - 42  7 14 22
 38  -  - 14 56 11 69 68 12 21  -  8 23  5 62 40 50 22  -  7  2 54 25 48 15 65 46 53 31 45 61 70 34 33 32 67 57 16 35  9  1 20  - 36 24  - 47 60  -  6 59  - 26 52 17 18 27 55  4 49 43 37 29 44 63 10  3 13 64  -
  5 69 59  6  4 25 64  - 29 62 56 60  -  - 42 15 34  2 45  -  -  - 48 24 19  - 63 16  - 44  - 36 38 65 47 57  - 17 49  1 54 51  - 33  - 30  - 20  -  - 11 18 61  - 13  3 39  9  -  - 32 68 35 46 70 31 12 37  - 43
 23 70 30 10 50 41  - 51 38  - 15  -  - 37 27  - 14 34 49 44  -  2 22  - 48 60 11 59  -  - 65  5  3  -  - 18  - 36 63 66  - 21  - 26 54 31 46  - 33 29 19  6 57 20  - 43 52  - 53 24 69 39 62  -  - 16 56 58 25 12
 66 58 46 16 36 32 29 49  - 26 10 55 50 20  6 30 54 12 33 56 22 45 11 37 14 28 19 63 21 41  9 27 40  7  -  5 15 31 34  - 35 53  -  2 38 52 18  - 48 47 17  - 62 68 61  - 60  1 24 23 59  8 43 69 42 64 65  3 39 67
 49 27 28 32 24  -  - 59 34 35 22  -  - 33 60  - 67 30  - 48 66 61  8  3 62 44  - 36 38 47 57 37 56 11  6  - 31 15 14  5 10 19  -  9 53 54  7 40 46 25 63  -  - 16 64 42  - 50 29 69 18  -  4 52 45 41  1 68 13 65
  - 10  -  - 27 43  - 38 18 57 63  6 67 59  3 28 44  -  - 47 53  -  2 39 56 20 31 33 15 14  - 30 22 45  4  1 52 60 19 42 25 68 24 11 35  -  5 61  9 70 46 12  - 66 23 54  7 64 69 29 55 13  - 34 49  -  8 21 62  -
 52  7 44 40  -  - 61 12 51 58 65 46  1 24  - 22 62  - 29  3 37 13 18 28  9  - 16 69  - 67 53 23 32 56 50  4 54 48 33 57 21  -  -  -  8 38 64  2 36  - 26 34 30 25 39 63 49  -  6 55 42  5 47 45 20  - 60 41  - 10
 61  - 34  3 66 67 16 70 31 32 42  - 14 47 24  2 12 57 56  - 20 37  - 45  - 49  - 19 59 60 41  - 13 51 58 44 38  - 10 17 18 69 39 27 15 26  - 22 62  - 65 33  4 53 36  -  6 54 35 21 64 46  7  8 11 68  9  - 63 52
  2 35 63 38  - 51 17 29 46 50 70 20 59 21 18  - 10 37 61  - 36 25 43  - 47 66 13 62  - 31 28 57  1 58  7 49  3 23 15 55  - 40 60 32  5 27  - 11 54 34  6 64 16 69 68 41 48 42  8 39 44 26 19 12 53 14 45 33 24  -
 36  - 33 27  - 58 12  5 13  4 29 65 31 41 16 19 25 49  8 45  7 42  9  - 51 56 61  - 48 63  3  6 18 59 10 64  - 40 67  - 62  - 34 24 26  -  -  - 14 46 55  - 53 35  - 70 68 21  - 47 52 28 39  - 38  - 69 57 17 60
 47  - 69  - 26 53 27 16 19  -  6 44 29 35 56  -  -  - 63 61  - 39 24 11 17 23 49  - 28 34 12  -  9 55 67 54  4 20 58 37  3 15 45  -  - 62  2 10 65 40  7 31 13 32  - 25 50 68 14 70 51 48  - 64 22 36  - 59  8 33
  6 14 67 54 61 59 24 55  3 65  7 53  - 25 23 13 27 52 48 66  -  - 16 30 63  1 58  5 70  - 15 20 60 38 69 31 22 10 47 39 19  - 46  - 21 34 35 45 29 51 32  9 36  -  - 26 43 62 44  - 28 40 68 37 17 56  -  2 50 18
 22 51  8  - 43 65 58 52  - 24 40 34  2  6 30 62 61 26 39 33 19 17  5 47 13 21  -  -  - 15 10  -  - 37 42  - 35  - 64  -  -  -  - 55 11  7 53 18 68 54  -  1 12 63  - 44  3 70  - 48 60 29 46 67  4 66 49  -  -  -
 30 34 11  - 39 38  6 24 25 47  -  - 40 54 50 60 32  1 16  -  - 63 23  5  - 43 67  4 22 49  - 42 35  -  - 20 61  2 28 48 65  - 52 70 62 19 27 44  7 58 31 51 68 36 14  9 21 66  - 13 15  -  - 10  8  3 57  -  - 64
  -  6 15  - 28  - 63 48 35 43 53 62 11 17  -  -  - 24  -  8 49 51 13 20 42 25  3 40 30  -  1 65 33 68  - 22  - 47  -  -  -  -  - 38  - 37 56  5  - 14 21 57  7 67 58  4 32 60 52 27 26 10 36 19 46 23  - 18  2 45
 21 61 40 62  8 68 45 60  - 17 58 57 12 30  9  6 41 19  5  - 11  - 42 65 18 36 70  - 35 24 13 50 54  -  -  - 28 32 38  - 46 39 49 14 22  - 52 55 47 53 43 63 67  3  2 64 51 10 31 56 25 15 66  - 44  - 23  - 69  4
  - 16 38 37 63 13 55  3  - 49 25 23  9 39 36  5 69 66 19  - 60  - 62 21 27  4  - 22 52 61 35 18 20 41 30 26 10  6  - 29 64 43  -  - 48 40 42 54  8 33 15 65  1 59 34 53 28  -  7  2 56 31 32 68 67  - 46 47 11  -
 12 66  - 33 67 19 30  8 14 36 55  - 20  - 11 54  - 64 31 49 52  - 34 16 46  - 59  - 24 56  5 29 51 43  3 10 25 22  - 21 27 37  7 44  - 63 69 41 45 32  -  - 18 39  -  -  - 48 65  9 58 47 13  2  - 57 50  - 38 35
 40  -  - 26  2 44 51 27 42  6 16 10 13 29  - 67  8 63 52 24  - 28 66 50  1 64 32 35  - 18 37  - 70 15 36 41 49  3 69 12  7  -  -  - 34  - 65 14 43 62  -  - 56 47 53 38  4  - 55 58  - 11 25  - 33 60 68  9  - 48
  3 56 32 24 51  - 59  4 52 37 45 63 26 12  7  -  - 13  - 29  - 50  - 23  6 31 18 27 61 70 36 17 68  5 19 30 55 58  1 46 44 64 21 22 49  - 57  - 35 43  9 10 28 60  -  -  - 40 16 65 47 38  - 39  2 69 14 62  - 66
 32 12 43 11 57 24  - 47  -  8  3 38 45 28  4 70  - 62  - 37 40  7 56 10  - 51  -  - 20 58  - 64 31  1 39 63 26 67 17 54 53 48 55  - 25 41 21  9 66 35 61  - 65  2 69 16 34 29 50 33  - 49  6  - 68 52  - 46 36 19
  - 23 18 65 60 63  -  -  - 39  -  -  - 51 12 29  4 70  1  9 35 19 38 44 49 45  - 47  8 42 25 55 24  - 57 13 58 52 68 31  - 26 40  -  3  - 50  -  - 11 14  2 43 21 22 48 46  7 30  - 67 69 53 62 36  - 32 20 59 61
 51  - 42  -  -  9 23 21 43 16 36 30 66 40 33 31  -  4  - 50 18 65 46  - 25 17 15  - 11 62 34 45 47 12 61 19 68 24 60 69  -  2  3 37  - 70  - 56  1  5 27 44 64  - 63 49  - 57 10 54 14 53  8  -  -  7  - 48 35  6
 11  9 14 34  7 46  - 25 40  1  2 27  - 68 38  -  - 41  3 67 32 24 59 13  4  - 22 18 45 21 60 56 64  - 31 58  -  - 48  6 69 28 65  -  - 39 70 50  - 37 62  - 17 33 44  - 19 63 43 57 54 61 12  -  -  8 52  - 49 55
 53  -  -  - 20 14 10  - 32 48  - 26  4 43  - 46 33 39 38  5 63 59  1  - 52 11 55  - 23  -  8  3 25 36  9 45  - 56 30 35 66 49  - 40  - 18  -  -  - 31 29  -  6 57 62  - 67 34 19  - 13 54 44 21 58 12 16 24 22 15
 55 19 54 23 44  3 47 65  - 31  -  5 25  - 14 52 46 48 69  - 27  6  -  8 21 18  -  - 13 28  - 63 42 17 59  - 45 38 40 26 32 57 58  - 43 33 34 66 37 68  4 49 22 51  7 12 53 16 56 61 35 64 60  9 50 24 36  - 67  -
 14  -  7  -  3  -  - 56 66  9  - 29 62  8 32 35  6 15 70 42 17 47 36 34  5 22 10 55 51  2 24 43 53 23 41  - 46 44 18 27 11 25 63 68 67 49 38 19 64  - 58 59 37  - 28 60 30 65 33  -  - 52 16 40 57 50 26 69  1 20
  -  - 57 41 59  8 46 33 67  2 26 47 54 10 22  - 53  - 66  - 62 64 58 14 39  -  - 38 55 32  - 52 21  -  - 12  6  4  7  - 49 16 48 31 18 69 63 17 34 15  1 60  9 56 51  - 40 43 20 35 37 65 27 42  -  5 30 19 61  -
  - 26 35 20  - 37 56  1  4  -  - 52 17 58 15 33  9 61 47  - 43 22 40 64  -  - 42 68 67 29 18 24 16 49 23 28  8 65 13 25 14 55 27 53 12 11 10 70 32 39 30  - 59 50 19  5 45  2 41 31 66 63 38 36 51 46 48 44 54  7
 44 50  - 47  - 30 39 36 54 42 62 51 21 16 65 63 31  - 23 46 28 56 64 59 10  3  - 12 32 53 19 69  7 52 11 27 60 43 66  8 37 29 20 57  1 61 15 38 26 45 48 40 41 55 18 17 70  - 68 25  9 58 14 24  - 13 35  5 33  2
 18 11  -  - 46 42 66  - 10 22 12 54 38 65 31 27 21 69  - 14  8  4  - 35 40 63  6 45 19  -  -  7 41 39 28 25 67 37 61  -  -  - 26 16 17  - 43 33  - 64 34 70 49 48 57 62  - 13 32  - 24 20  5 15 60  -  - 52 56 50
  - 32  -  -  -  - 65 34 48 54  - 66 52 23 57  9 68  - 30 63 56 29  4 41 20  7 37 42  6 17  - 51  - 16 49 35 70  -  - 14  -  -  -  - 28 44 25 24 40 27 69 21  8 38  3 59 26 53  -  - 36 45 50  - 18 43 22  - 58  1
 65  - 53 59 49 56 62  -  -  - 23  - 18  3 66 37  - 54 20 17 69  9 61  -  - 32 28 51 64 50 68 31 45  -  - 46 16 41 70  - 63  - 42  - 44 36  1  - 15  - 57  - 29  -  - 33 58  - 48 19 30  4 40  -  7 55 21 14 10 38
  - 55 10 21 69 64  - 11 22 38 59 12  3 27 67 66  - 14 51 26 31  -  - 60 24  - 33  - 41  5  -  2 61 30  - 34 48  1 50 15 40 36 13 25 19 29 54 42 49  - 45 28  - 62  4  -  -  6 47 32  -  9  - 56 43 35 17 70 44 53
 13  -  3 22 65  6 36 32 37 15 52 48  -  - 40  - 57 46  - 51 29 62 49 58  -  - 35 10  -  - 47 66 17  - 27 21  - 28 16 68 33  7  - 43  9  - 20 34 23 12 64 56 69  - 54  8 55  5  1 67 39 30 70  4  - 61  2 31 60 26
 24  - 31  - 41 40 28 61  - 55  - 18 35 57 43 49 48 32 25 13 30 52 51 67 34 10  -  9 62  -  4 39 27  8 53 11  - 33 54 63 36 14 15 56 60 42  - 58 50 20 12  - 19 23  -  -  1  3  5 68 45  6 64  - 65 26 29 16  -  -
  - 67 20  - 13 39 14  6  - 59 11 56 32 64 51 36 26 42 58 27 41  - 17 25 38 69  - 50 53 10 40 54  - 60  5  -  - 12 24 49 52  -  1 65  - 47 16  8  2 18 23 68  -  - 66 57 35 44 22 63  - 19  -  - 21  9 43  -  - 46
 56  - 29 28 48 31  - 37 49 20 64 14 63 67 26 57 17 35 62 15  4  1  - 38  8 50 24 39 58 16  6  - 12 44 43 69 36 45  -  2  - 61 10  5 33 46 11  -  - 13  3 52 34 22 55 23 47 32 18  - 70  -  - 25 41 65 40 53 21  -
  - 64 51 53 16  -  - 28 23 61  1 40  - 11  -  8 38  9  - 57  - 35 60 42 41 55 69 24 65  6 33 44 26  - 45  - 62 63 25 59  - 27 29 67  - 56 31 13 30 17 66 50  - 70 49 58 37 14 39  3 21 32 52 22 54  -  7  - 12  -
 58 43  -  -  -  - 13 41 15 10 50 36  - 69  - 61 52 29  - 59 65 53 33 19 26 37  - 67  3 55 42 62 11 28 56  - 47 70  8 24 23 66  9 20  -  -  -  - 22  - 25  - 46 27 35 31 64 49 38 30  5  7  1 48 34 18 54 12  - 68
 26  - 55 15 25 62 34  - 45 70  - 11  5 61 49  1  7 31 35 38 39  - 52 66 67 29  8  -  9  -  - 40 58 14 68 56 17 54  - 51  - 12 18 60 10  2 23  - 16 42 44 19  - 65 59 22 36 41 13  - 33 50 21 28  - 53  6 27  - 63
  1 59 27 12 15 29  - 14 64  - 28 39 60 34 48 56 58 50 40 53 10 44  - 62  -  - 66  6 47  -  -  8  -  - 51  7  9  - 11 30 68  - 67  4 52 35 13 46 70 38 54 41 42 18 37 55 24 26  - 43 65  -  -  5  - 19  -  - 45 17
 60  8 56  1 18 52 21  - 47 30 32 45  - 19  - 39 63 33  6 22 57 12 26 43 31  - 29  - 25 68  - 11  - 46 37  2  7  9  - 10 67  - 53 62 16 58 66 35 17 49  - 55  - 44 20 36 14 51  - 41 50 27 61 65 15  - 59 64  5 24
  - 45 66 50 35 28 26  2  1 18 46  - 64  - 55 17 70  3 13 36 24 23  7 57 32 52 68 15  5 27 49 10  4 34  8 16 33  - 62 53 48  6 56  - 61 67 51 43 11  9 39 20 38 30 41 14 44  - 63 42 12 22 31 54 69 21 37 65 40  -
 69 60  - 31 37 50 70 43 68 56  - 19  -  - 58 16 66 18 14 62  - 30  -  - 36  - 47 61 34 20 23  - 39  - 33  3 65  - 51  -  4 42  5 52 27 15 32  - 59 44 22 67 45  6 11  2 54 12 57 40 38 17  - 29 10  1 53 25  7 28
 19 36  - 49 47 17  1  7 30 14  -  4 53  2 52 23 65  6  - 60 16  - 45 33  - 68 12 64 43  3  - 48 63 20 25 61 39  - 44 58  -  - 32  -  -  - 28 69 31 57  - 38 11  9 46 10 66 18 15 26 40 35 59 41 24 22 67 55 27 37
 68 52 48  -  - 35  8  -  -  - 27 50 30 42 69  - 64 23  9 32 12 40 70 46 57 67  -  -  - 37  - 58  - 24  - 33 18 53 43 65 61  1 17 21 41 25  - 31 39 22  -  - 47  7 10 19 38  - 59 44 63 55 28  6 56  4 62 36 15  5
 64 68 12  - 38 54 37  -  6 19 60 22  -  -  8  7 45 11  - 21  - 66 65 56 44 61  9  -  1 23 20 59  - 40 35 51 43  - 53 16 70 32  - 29 13  3 14 49  4 24 18 26 25 31 27 15 69  -  - 34 17 41  - 50 30 48 28 67 42 62
