3920
  - 64 13 18 20 49 54  - 50 14 10  - 32 41 56 17 34 59 15 51  3 48 65 58  2 52  - 19 12  -  - 47 53 44 27 11 35 33 66  -  - 42  1 57 36 68 22 45  - 46  - 28 55 16  -  - 63  -  5 21  7 24  9  - 31 60  8  6  - 30
  -  5 48  - 32  2  -  - 70 52 45  1 27 39 41 55 57 67  - 18  - 53 16 63 51 54 34  - 49 26 66  -  8 14  - 29 10 20 13 22 15 38 37 60 43 19 30  3 46 31 65  -  -  7 64  - 50 40 25 24  - 11 17  - 21 56  4 62 42 28
 46 51  -  -  7 29 28  - 38  -  - 50  - 11  9 35 42  - 57 33 53  - 43 21 18 34  -  6 44 68 26 45 39  -  2 10 55 41 69  8 47 48 24 54 32 64  4 58  - 22 20 67 14 27 13  - 30 49 40  - 15 31  - 56 62  3 60 63  5 59
  - 29 39  - 30  -  - 66  -  - 43 62 56 40 23  - 31 50 33  -  - 44  -  - 13  6 27  3 19 24  1 34 14 67 32  2 58  9  -  - 16 69 55 11 54  - 38  - 47 20 46  8 37 25 49 57 12  - 61 53  - 51  5 52  -  - 10 26 41 36
  - 11 22 30 69 63 67 21 48 51 36 47 58  - 34 10 16 20  -  4 65 27  7 19  - 42 37 52  - 38 70  - 12  6 28  -  -  1 55  2 18  - 23 24 40 59  5  - 68 57  - 25  - 66 62 14 39 41 32  9  -  -  3  - 49 43 15 54 64  -
 30 46 55 43 68 38  - 12 29  - 61 14  8 34 32 54 28  4 44 27  - 18 59 37 70  2 63 42 22 23  6 31 49 57 15 13  - 16 62 51  - 65 53 10 11 33 17 26 66 36  -  - 21 35 40 56 45 58  - 41  -  - 47 67  5 48 52 50  7  -
  - 57 47 48  - 20  1 39 54 15 33 25  - 59 65  5 21 69 46 55 13 67  - 49 42 22  - 11 36 16 30 12 43 50 41 34 60 31 63 61 14  4 18 53 37  8  9 23  -  - 28 32 29 52 10  - 35 64 68  6  - 44  2 17 70  - 24 58  - 26
  -  8 30 66  6 23 32 20 45  4 52 39 33 64 55 11  - 53 31 57 70 43 34 24  -  - 47 15 51 65  9 29  2 68  - 62 61  5 26  - 37 19 49  7 21 42 60  - 10 13  - 38  - 14 22 46 41  1 35  -  - 25  - 63 16 28 48 18 67  -
 67 15 61  -  -  - 44  - 59 11  6 51 68 14  - 31 66  - 70  1 35  9  - 57  - 55 65 20  7  5 19  -  -  - 58 63 53 24  4 16 17 33 40  8 45 29 43  - 37 28  -  3 47 21 52 34 27  - 12 39  - 54 13 50 60 38 46 56 69  -
 33 44 69  9  -  -  - 17 20 23 35 55 29 22 68 49 38 62 53 60  - 39 70 50  - 43 21 46 59 37 47 66  -  - 13  - 15 63 12 41 30 31 57 14  -  -  - 11  -  - 40 64 32  - 42  5 51 56  6 28 52  3 67 24 10 19 36  8  2  7
  3 48  7 52 66  -  -  6 36 58  -  -  - 56 42 63 39  - 50 37 26 59 60 20 27 12 31 25 13  - 35  9 29 10 40 49 57  - 23 62 53  1 21 55 28 11 44 14 41 33  - 43 51  4 34 54 46 19 15  8 47  -  - 45 64 61 68  5 16 38
 52  - 63 39 22 46 57  - 43 31 38 36 35 23  - 48 55  1  - 56 34 65 33 51 69 16 61 54 62 67 58 25  6  2  -  - 26  - 29 24 49  - 17 42  3 50 21 68 32  7 64 40  - 18 20 45 28 44  9  - 12 41  4 19 47 10  - 70  8 13
 51 21 50 15 54  - 14 32  3 48 65 30 23 36 59 22  9  -  8 20  - 69 25 47 66  - 43 67 45  - 27  - 62 49  - 61  - 37 11 35 29 28 70 26 56 52 46 42  1 24 60 41 58 12  -  - 18  - 44  4 17 63 55 34 38 68  5 64 13  -
 54 49 14  - 16 69 60  - 41 29 56 35  - 53  8 59 26  9 24 36 17 55 12  1 11 48 70 40  4 50 61 33 38  - 23 66  2  -  -  - 68  -  - 65 44 30 37  -  - 43 27 52 18 57 39  -  - 42 47 15 67 62  - 20  3 63  - 19 51 31
 36 66  3 16  - 32 59 60  - 22 12  -  4  - 43 45  - 14  -  - 27  - 58 35 38 39 69  - 23 42 24 30 67 29 48 54  1 47 28  - 50 63 64 62  - 56 40 21  8 49 57 44  7 15  -  -  - 37 10 51 65 26  -  - 13 70 55 31  - 25
 11 52 42 23  3 18 63  9 34 13 54  -  - 26 69  - 10 48 30  6 28 46  - 29 68 70 20 59  1 25 43  - 60  7  - 14  8  -  - 58 27  - 65 39 53 44 64 41  -  2  - 19 22  - 36 55  - 16 51 49 33 35 50 66 37 17 45 12 31 24
 37 25 23 24 43 30  - 22 49 63 68 33  1 27 35 15 11 55 58 21 50  2 53 10  - 40 56 31 39  - 62 28 17 70 69 41 65 59  8 52  -  -  - 36 64  5 45  - 19  - 34  -  9  -  -  6  - 46 26  -  3 29  - 48 14 57 38 42  - 66
 63  6  5 67 12 41 20 14  -  2 50 31  -  4  - 39  - 34  - 69 64 28  - 61  - 37 26 10 38  - 56 17 55 66  - 23  - 51  -  - 44 35 16 70  - 46 15  9 33 65 62 36 13  - 48 32  7  - 43 30  - 57 22 68  8 47 21 49 54 18
 50 60 25  - 24 28  7 64  - 36  5  - 54 30 38  -  - 47 40 65  - 16  4  8 59 57 49 29  - 14  -  -  - 18  - 44 13  -  2 46 11 22 56 69 17 66 55 15  - 35  - 23 42 45  - 19 48 20  -  - 21 61 26 70  - 62 58 68  3 27
 14 22 19 44 42  -  9 43 68  7 32 66 15 51 58  6 25 12 21 63 30 29 38 31 45  -  - 53 34  - 69 61 37 36 55 47  -  8 16  4 52  - 48 49 65 60 50 27 13  -  - 10 54  -  3 35  2 62 18  -  - 28 23 57 17  1  - 40 56 46
 45 26 11  - 65 48 22 69 12 61 51  7 28  3 39  1 52 68 62 53 25 17 67 36 37  -  - 14 41 60 31  - 50  -  -  8  - 19 49 56 33 58  - 35 34 40 57  5 16 10  - 59  -  -  - 43  -  - 23 32  -  - 44 21  2 55  - 66 18 64
 38 20 15 61 48  - 10 50 40 21  9 43  - 13 17  - 33 45 54  3 55 24 56 18 47 46 23 62  8  -  - 60 11 19 37  7 28  -  - 26 32  2 12 30 49 39  - 52 22 41  - 66 16 59 57 42 68 69 36  5 29 14 51  1  4 31 53 44 25 58
 42  1 56 59 21 12 48  -  - 34 19 53 70  -  -  8 32 66 10 44 23 37  - 41 26 18 16 47 63 61  -  - 40 64 49  -  - 25 36  -  4 57  3 28 60 13 52 24  2 17 68 30 15  9  - 33 22 54  - 46  5  6  - 51 58 67 35 69 65 45
 25  - 21 13 52  - 31 68  -  -  - 45 38  -  4 14  3 28 37  -  - 57 29 70  - 26 46 69  - 34  - 64  - 33  6 60 32 65 50 59 61  - 35 58  2 62 66 30 54 67 43 49  - 24 12 22  1 48  - 16 51  7 53 39 23  5  - 36  -  -
 24  -  - 47 33 64 29 26  - 59 25  3 20 32  6 43 49 54 65 52  1 21 10 60  - 19  - 27 31  -  - 44 28 51 39 50 46 38 58  - 56 34  -  2  -  7 23 67 62 69 53 45 36  8 37 70  4 17 14 66 41 18  - 40  - 11 12 15 63  -
 56 33 31 35  - 14 68 54  - 46 67  2  - 62  5 34  7  - 55 29 58 38 66 26  8 21 12 16 47 57  3 10 61 32  4 40 36 39 48  - 63 25 19  - 13 23  6  1  9 27 45 65 49 43 18 50 52 15  - 11 70 64  - 28 69 30  - 41 37 22
 41 17 58 14  9 50 62 46 56 27 63  -  -  1 24  - 45  6 11 54 43  7  2 67 44  3 22 66  -  8 53 18 19 13 34  - 52 40 20 47 38 30 31  -  4 35 59 16 15  -  -  - 68  - 61 28 29 12 33 64 26  5 25 49 51 23 32  - 70  -
 32  - 36 54 17 68  - 28  6 44 21  -  - 38 61 46  2 40 52 67 14  3 64 62 10  8 55 12  9 19 39 35  5 22  1 18 27  - 53 11 65 47 42 29  -  - 56 13 20  -  4 69 31 48  - 25 57  - 34 63 45 33  - 23 59 37 41  7 24  -
  - 41  1  6  - 51 43 48 44  - 26  9  7  5  - 58 56 19 59 35 52 66 13  - 32 28  - 68 40 64 25 65 16  - 70  - 30  -  - 31 12 46  4 50 42 63 49  -  - 53 24  2 62 47 23 21 38 34 20 61 36  -  - 33 39 27 54  3 22  8
 58 38 70  - 40 22  4 45 18  - 66 16  9 15 28 26 12  -  - 61 29 34 54 52  3  5 60 35 53 55 23  - 56 42 25  -  6 62  1 10 20 13 39  - 63 37  - 51  - 59 30  - 41 32 21 48 17 31 46 44 43  8 57 11 68 14 47 24  -  -
 65 39 18 12 58 43  - 27  2 49 24 61  - 50  1  - 47 42  - 22  -  -  9  -  - 17 36 56 57 30 54 11 25  4 14 64 19 23  - 70 10 45 38  - 20 41 31 66 60  -  - 48 35  - 26 67 32  - 29  7 68 34 37 13 15 16  -  - 59  -
  - 19  8 42 60 13 64 16 30  - 57 54 51 67 49 24 36  -  - 31 69 56 26 43  -  4  7 17 48  3  - 20 66 15 47  - 33  6 34 14 59 41 50 46  5  - 28 25 12  - 21 70 44 39 38 52 62  - 37 68 11 58  - 10 27 32  1 53  9 55
  -  -  -  - 27 31 23 13 67 41  - 18 11 28  -  7 35 63 32 30  - 47  -  - 34  - 54  - 52 10  - 56 68 43 46  -  - 36 22 65 21  -  2  4 58 57 14 17 25 66 19 53  - 26 15 38  -  -  1  3  - 40  -  - 20  6  -  - 48 62
  - 55  6 53 41 40  - 15 69 68 47  - 34 18  - 37  -  5 29 17  8 12 49  -  - 25 19 58 24 31 20 70 42 60 38  - 14 52 33 32 26 43 27 51 50 67  - 65  -  9 35 54 56 64 63  - 66 28  - 36 22 45  7 61 57 13  -  1  -  -
  - 37 68  - 53 62 52 19 46 24 30  -  -  - 26  -  - 65 45 41  4  - 27 48 39  -  - 55 18 36 17  - 21 61 54 51 43 35  -  - 31  7  - 63 14 70 42 28 56 47 16 29 57 11  5 64 15 32  - 22 44 38 33 58  -  2 40 34 49  6
  -  - 51  - 61  9  3 55 35  -  7 38  -  -  - 32 22  8  6  - 42 11 46 17  - 44  - 65 16 48 28 14 10  - 20 52 41 66  - 49 60 12  - 15 62 27  -  2  4  - 70  - 24 37 33 29 53 68 45 13 40 69 30 31  -  - 63 23 57 56
 22 50 64 40  - 66 24 51  - 10  3 67 52 47  - 29  - 41 17  5 37  1 55 14 20  -  6 13 46 33 21 58 59  - 68 53 69 45 60 23 28 18 15  9 61 12 32 43 30  - 25 35 65 36  8 11 70  2 42 19 31 27 39 26  7 34 49 38  -  4
  - 34 27 26  -  - 49  5  - 69 70 60 10 16 63 28 53 57 18 66 38 25 51 22 24 29  - 37 33  - 48  -  -  -  7 32 64  3  - 21  - 11 45 52 41 36 61 44 14 54 59  -  6  - 43 23  8 55 19 17  9 13  1 12 65 50  2  -  -  -
  - 36 45 56 67 10 40  - 23  -  - 19  -  7 53  - 41 37 27 25 51  8 15 44 30 47 57  - 58 17 33 50 69 46 26  3 49 13 14 18 48 52 68 61 12  - 24 70  - 64 54 11 34  - 28  1  - 35 31 60 59  4 66 55  -  -  - 21 29  -
 15 30  - 65 37  - 17 59 57 53 23 20 18  - 13 67 48  7 41 58 63 64 35  3 12  - 29 22 32 21 51 36 52  - 33 46 54  - 56 27  6  -  - 25  1 10 16 31  - 26  -  - 39  5 11 69  -  8 28 55 50  2 61 38  - 40  - 43 14 60
 39  - 24 32 11 58 50 70 60  -  2 28 12  - 22  - 65 13  9  - 16  - 47 53 55  - 68  7 20 62  -  - 26 31 18 19 21  4 35 44  - 61 69  -  -  3 34  - 67 30 17 33 10  - 45 27 36  - 54 29 57  - 64 37 63 66 23 59  1 49
 62 28 17  8 50  6 61 38 19 39 29  - 47 24  - 60  - 46  5  9 59 49  1 16 31 67 13  - 37 27 36 54 15 52 22 68  - 12  - 45 35 66 25 56 69 65 20  4  7 51 48 34  - 10 55  2  - 21 30  - 53 70 58 42  - 26 64 14 32 11
  -  - 65  -  5 47 16 34 22 32 60 27 46  9 64 13 44 31 48 49 54 58 17  6 29 33 45 21 67 69 68  - 63 55  - 38  4  7 30 28 43 37 62  1 35 51 19  - 42 14 61 57  - 23 25 12 59 39  8 50 10  - 20 41 52 53 26 11  - 15
 28 32 43 11 38  3 34 41 21 20 49 48 17 55 50 16 68 64 14  7  9  - 22  -  - 58  5 70  - 12 10 53  - 27  - 26 18 44 25 66  -  - 30  - 23  - 51 62 35 40 52 37 63 67 59 31 60  - 69 54 19 39 42 46 33  8  - 65 61 57
  - 68  - 63 59 34 65  -  - 38 13 22  - 69 62 23 19 17 42 14 40  6 31  - 48  - 52 28 43 47 60 15  3  5  -  - 25 57 24 39  - 50  - 64  7 20 53 12 51 55  - 46 70 41 58  - 21 18  -  - 61  -  - 29 45 36 37 32 11  -
  7 16 41  - 49 52 47 25 32  - 53 68 39 70 57 66 14 60 34 62 45  - 44 54 28 38 11 24  5  - 13  8 65  - 50 42 20 43 40 33  -  -  -  - 15  9 35 46  - 29 56  4  - 58  6 51  - 10 48 26 30 37 63 59 67 69  - 61 12  -
  1 53 28  -  - 17  8  -  -  6 55 41  - 19 46 68 59  - 23 12  - 26 20  - 67 13  -  - 60 56  5 48 18 45 10  - 37 54  - 40 34  -  9 16 24 31  - 38 63 21 66  - 25 50  -  4 49 14 57 69 35 32 62 47 11  7  3 52 39 43
  -  9 66  - 70  - 37 18 63 28  -  8 31 61 27  - 60  -  - 50 41  4  -  - 52 53 39 23  -  - 42 49  - 54 59 58  7 56 65 19  3 29 33 48 57 43 10 34 55 12 15 14  2  1 51  -  - 67 22 35 20 68 45 36 24 21 25 16  - 69
 10 35  - 57  - 42 56  3  -  - 48 63 16 54 40  9 43 36 25 68 66 13 19 65 33 32  - 51 64  - 15  1 31  - 12 21  - 49 61 20 22  8  7  6 70  - 29  - 28 11  2 55  - 69  - 37 58 60  - 67  - 47 18 30 46 24  - 27  -  5
 66 65  2 17  - 19  - 52  1  3 27 34 59  - 45 36 70 30 49 26 47 42 28 38 25 68  - 63 50 20  - 37 35 24 60 57 23 58 31  - 55  9 67 32 33 48  8 54 69  -  - 61 46 22 16 40  5 29 56 10  -  - 41 62 43  -  6 51 15 53
  -  - 62 20 18 53 58  - 39 25 42 13 48 44  7  - 51 70  - 16 60 32 69 55 43 11 28  5 15 45 46  - 33  3 21 30 66 64  - 38  - 54 52 59 31 49 26 61 65  - 29  -  - 63  - 36  - 50 67 23  - 10 14  8 56 41 27  - 34 35
 20 24 32 19 36 56 26 10 13 42  - 69 14  - 11 70 15  - 67  2  5  - 21  4 46 31 41  - 68 54 44  - 48 30 66 22 50 34  - 37 23  -  - 38 55 18 62  7 61 63 39  - 64 51 53  8 16  3 49  -  1 43  -  9 35 33 57 47 45 65
 16 70 57 31 29 25  - 65 24 66  4 44  6 37 12 56  - 61 19 13  7  - 68 40 49 14  2 45 26  -  - 38 46  8 64 55 22 15 10 54 69 36 47 17 59  1 58 53 52  - 18 51  5 20 35 60 67 63  3 33 34  9 27 43 48 42 30 28 21  -
 35  7 67  -  -  -  2 31 66  1 16 56 41 49  3  - 58 27 26 70 11  5  - 45 53 15 59 48  -  9 37 32 20  -  -  4 12 14  - 34 57  - 29  -  - 28 18  - 38 60 47  6 23  - 69  - 61 13 64 42 24 55 10 54 30 22 39  - 68 33
  2 63 10 38 45  -  - 53 31  - 40  - 66 35 51 57  8 32  - 11 68  - 48 27  - 69 64 61 54  -  -  3  - 34 62 59 17 42 39  - 58 70  - 22 30 26 25  - 44  -  9  - 43  - 65 16 14 33 24 18 37  - 21  - 36 29  - 60 55 50
 19 54 60 46 62 57 12 67 14 35 20 49 63 33  - 52  - 56  4 23  -  -  -  - 17  -  8  - 21  - 16 27 47 37 44 69  - 50  -  - 42 51 11 13 38 61 41 55  - 68 22 39 28  3  1  9  -  - 59  - 66 30 43  - 25 58 31 29  - 48
 17 69 54 21 51 61 38 37 33 67 58 24 13 25 29 62  - 43  3  - 39 68 41 56 16 60 53  8  2 35 22 52 44 12 45  1  -  - 47 57 70 10  - 18 27 32 36 59  5 50 11 31  -  6 30 63 34  7 66 65  - 23 28  4 42  - 20 46 40  -
 64  4 52 28 23 21 36 61 62 43 31 10  - 60  2  - 27 15 68 40 22 33  -  - 50 24 17  - 70 66  - 57  1 53 29 65 48 11  -  5  8 56 14  -  9 47  -  - 39 25 55 16  3  - 41 44 20 59  7 58 63 12  6 18  - 46 69 13  - 51
 49 45 34 64 39 37 55 24 17 12 11  -  -  8  -  2  - 10 22 47  - 30 32  5 23 35 48  9  3  4 18 42 51  -  - 15 29 70  6  - 46 53 28 41 66 54  7 63 31 58 33 26 69 68 19 13 43 36 50 57 38  - 65 27 61 59 14 25 60 40
  - 61 53 37  - 16  6 23  - 50  - 11  - 66 19 27 69  -  7 48 10 51  - 12 41 62  4 18 56 28 64  5  -  - 30 25 68 17 21  9 36 67 59 31 47  -  3  - 29  8 38 13 60 34 46 20 42 52 70  1  2  - 40 22 32 54 43 35 33 63
 13  - 46  - 19  -  -  8  - 33 18 59  - 65 16  - 30 21 39  -  - 35 36  -  -  1 32 64 25 53  4  - 58 38  -  - 62 67 51 43 40 55 61 66  - 69 47 60 48 70 14 12 26  - 44 17 23 27  -  - 42  - 11  6 29  9 34 22 50 37
  - 62 40 27 55 67 53  -  9  5  8 12 45 42 31 18  1  3 51 32 15 61  - 66  - 49 38 39 69 52  -  - 34 35 16  - 70 29  -  - 13 20 10 23 22  - 33 36 11 48  - 47  - 46 24 58 19 26 65 14 28  -  - 64 44  -  -  2 43 17
  - 13 20 22 28  1 18  7 55 57 14 64  - 31 37 53 17 52  - 24 33 54 62 59 19 23 42  - 66 46 63 51 70 40 61 39 56  - 15 36  - 49  6 34  8 25 27  - 26  - 50 58 38 60  -  - 11  5 16 45  -  - 68  -  - 35  - 48  4 44
 43 18 49 10  2 11  - 42 65 70  1 15 60 57  - 50  6  - 66  - 56 40 37 28  - 36 33 34  - 58 59  - 54 16 31 17  - 22  3 25 51 68  - 44 26 55 39 19  - 23  -  7 67 30  - 41 64  9  - 47  - 48 38 35 12 20 61 45  -  -
  - 10 26  3 31 39 46 29 37  - 34 58 65 63 47 51 61 23 64 43 18 22  -  - 21 59 67 50 35  7 40 41 36 17  8  - 44 28 54 55  -  - 20 19 25 15  - 33  - 52 12 68  4  - 27 24 56  -  2 38 16 42  - 69  - 45  9 57 66  -
 34  -  - 36  1  - 66 35 51 54  -  -  - 21  - 44 13  2 28 64 48 31 50 68  - 56  3 30 14 15 29  - 45 23 65 24  5 26 18  - 41 27 43  - 10 38 11 57 40 16 58 63  - 17  7  - 55 25 60  - 46 49  - 32  6  4  - 67 62  -
 23  2 44 33 63  - 27 56  - 62 22 29 53 46 67 20 24 38 35 42  -  -  6 15 54 41  9  -  - 32 55  -  4 25 57 43 59 61 45 50  - 14 36 68 39  - 13  - 17 37 51  5 66  - 47 18 10 65  - 48  -  - 69  3 40 49 16  - 28 12
  - 27 35 34 47  5 13  1 28  8 64  - 43 48 70  - 37  - 16 38 36 60 57  - 40 10 30  - 55 29  -  -  7 39 52 12 51 69 17 53 45 59 41  3 67 21 68 49 50 62 23 56 61 44 14 15 33 24 58  - 54 19  -  - 66 18 22  4  6  9
  - 23  -  2 34 15 42  -  -  - 41  - 55  6  - 47 20 35 43 28  - 10  8 69  -  - 50  4 17 44 52 16 24 11  5  9 39 48  7 64 54  3 51 21 68 53 63 29 58 61  - 18  - 13 56 26 40 57  - 62 60 36  - 14 19 12 65  - 30 67
 27 67 16  7 13 55 35 33 64 17  -  5 26 68 18 19  - 22 36 45 46 70  -  9 14 61  - 41 28 51 49 69  -  1  3  - 47 21  - 48 24 44  8 40 29  2 12 20 57  - 42 62  - 38 60 65 37 66 63 25 39  - 56 15 54 52 50 10 23 34
