3920
 52 42 18 54  - 66  5  9 68 37 17 23 47 32  6  - 39 27  -  - 16 61 57 11  -  - 22 24 21 44 49 56 38 13 46 67 58 65  4  7 69  - 70 50 30 45  - 63 12 28 10 40  -  8 14 20 48 33  -  3 31  -  - 35 19  - 29 60  1 25
 54 50 52 60 34 16 36 43 26 10  -  - 27 13  - 56 46 28 38 61  -  -  4  6 21  9 44  -  8 68 22 59  -  3 57 31  2 39 37 53  -  - 45  1 48  - 29 42 24 11 20 69  7 18 51  - 41 66 25 15 12 70 17 23 65 62 30 19 33 49
 10  2  7  - 66 40  - 19 62  - 67 15 33  9 20  - 57 53  - 56  -  - 47 32 37 59 42 69 65 21 34 70  -  - 13 28 30 12 17 26 64 45 35  -  - 68 39 55  8 52 50  -  3  -  6  - 23  -  - 29  -  - 48 22 27 24 16  - 60  -
 28 48  -  - 41 17 67 38 66 45 16 36 32 29 49  - 21  - 55 54 23 59 68 30 25  -  8 11 12 58  - 46 60 64 35  -  3 50 65 39 22  2  - 15  -  - 37  - 70 18  - 31 47 27 43 26  - 10 19  9 53 52 69  6  - 40  7 33 14 20
 58 31 62 35 18 57 48 14 54  3 66  2 42  7  -  -  - 30 68 44  -  -  5 10  - 17 56 38  9 59  6 47 45 70  - 37 23 63 19 33 41 32  - 26 16 60 69 11 29 64 53 65  - 36 34  1 50 21 67 46 13  8 25 39 12 27  -  4 55  -
 60 33 31 66  - 30 21 37 43 59 52 48  8 14 41 67 49 38 23 27 63 54  -  2 61 32 46  -  -  - 35  4  - 19 11  - 36 62  -  - 12 47 10 25  7  - 51 50  6 15  9 13 57  - 65 56 58 44 70 69 24  5  - 42 17 39 28  - 53 64
  - 21  - 22 14 23 13 39  - 36  - 49 34  - 31 30 38 57 10  9  -  - 16 60  -  -  -  2  - 46 67 54 55 66 40 42  7 45 48 11 37 53  - 63  -  - 28  6 59 12 26  -  - 29 27 41 24 32 44  - 47 17 62 18  8 50 52  - 58 19
  3  8 56 49 64 62 40 47  9 38 26  6  - 28 21 23 17 65 35  2  - 27 55 48  4 33 36  - 67 29  - 11 61  1 68 59 22 58 46 51  - 41 12 18 14 63  - 57 66 69  - 30 19 24 52 37 70 42 32  -  - 16  - 10  5 43 20 53 34 13
  7  -  - 16 36 32  6 20 39 22  - 63 51 55 44  - 25 56 53 30 45  - 17 24 27 70  3 23  -  - 52  9  - 48 38  8 46 11 40  2 28  - 18 59 58  5 26 68 42 57  1 12 62 14 61 15  4 47 41 31 54 10 33 66 60  - 13 49 43 69
 17 43 53 59 69 28  - 15 64  -  5 44 13 35 66 32  -  -  - 70 26  -  - 18 29 12  -  - 54 51  -  -  - 34  3  -  4 31  - 36  8 20 38 40  1  -  - 24 67 10 57 37 16 61  2 60 22  - 45 68  9 21  - 46 50 14  6 58 27 23
 48  - 13 11  6 25  -  - 45 67 43 50 39 27 65 69 29  - 51 40 37 49 41 42  - 46  1 22 38  -  3 64 33 18 23  - 62  - 56 59 16 14 17  - 12 32 36 35 63 70 60 34  -  4  9 24 28  - 53 57 30 15  7 19 66 31 61 20 68 47
  - 17 40 12 25 59 38  - 60  - 58 57 45 22 55  -  3 44 56 11 51 23  - 35 54 13 19 42 63  2 29 31  - 46 21 24  5  - 20  - 14 48 41 70 47 36 66 53  - 26  - 43  9 68 50 32 10 67 52  -  - 37 28 30  7 16  -  -  8  -
 43  5  -  -  -  - 68  -  8 21 31 17 62 12  - 16 59 66 24  - 32 25 52 61 58  - 18  -  2 20 15 44 37 50 53 29 13 33  1  -  6  - 42 51 11 47 49 26  - 41 35  4 40 56  -  - 36 46 28 60  7 54  - 38  9 45 23 34 10  -
 30 46 45 70 27  9  4  -  - 52 60 13 29 47 62 51 16  7 42 59 17 55  -  - 39 58 35 14 11  1  -  -  6 44  - 40 15 18 32 67 49 38 22  - 20 28 48 19  -  - 43 54 41 66  -  - 31 61  5 36 33 24  - 64 63  2  - 65  - 56
 37 10  4  - 43 46 24  1  5  7 63 34 59 11  - 17 60  - 28 33 38 48 66 40 22 68  - 65  - 62  - 39 23 12 14 57  - 54 47  -  3 44  8 27  - 67 70 52 16 53 13 21 26  2 49 64 56 51  - 41  - 30 61 36 29  6 15 18 42  -
 69 27  5  6  4 65 47  - 23 70  1  - 35  - 39  8 22 15 16 10 62  2 44  - 19  - 24 50  - 48 66  - 56  - 26  - 51 53 30 38 46 68  7 55 17  - 45  9 25 63 33 58 59 28  - 34  - 12 61 37 60 67 36  - 64  - 54  -  - 42
 67 68 29  -  - 45  - 60 22 34 41  - 48 10 14 52  -  - 21  6 11 42 49 65 46  8 23 44 32 35 24 55 15  2 17 47 61  7  3 30 51 57  - 56  - 19 27 43 39 50  -  - 38  -  - 31  9  5 66 62  - 40  4  - 20 53 25 26 13 58
 33 67 59  - 58  5  8 63 15 44 54 14 41 69 60  - 30 16  -  -  - 19 37  9  - 35 17 10 36 40 47 49 65 32 25 26 28 56 27 64  - 52  1 45 43 62  -  - 22 24 66 68  -  3 11 12  - 29  - 53 42 55 18 57 46 21 48  7 39 50
 22 38  - 40 12 11  - 50 51 48  - 55  -  3 34  - 18 45 69 63  1 46 30 66 35 27 16 17 31 47  9 53 24 67 19 41  - 43 15  6 62  5 26 44  -  - 23 61 52 37  - 64 49 33 58  - 21 70 68 25 28 56 29 60 39  8 59  -  - 57
 46 26 38 19 32 33 54 34 18 49  - 25  - 16 22 57 62 70 50 64 65 41  - 36 17 24  4  - 30 53 31 10 40  - 15  9 67 42 60 61 45 39 44 20  - 59  - 21 28 13 29 11  - 37 69  8 52  2  - 47  - 43  - 58  1  3 66 55  6  -
  - 51 22 61 70 43 62  - 48  - 47  -  - 42 37  2 50 24  6 25  5 34 14  - 59 52  - 57  1 32 53 41  - 56  - 55 20 68 64 58 19 12  - 33  8 11 46 27 13 30 21  9 10  -  - 28 65 54 17 49 69 29 39 26 15  4 18 35 38 60
 51 58 39 38 48 20 17  - 67 64 22  3 21 56  - 55 43 25 18 45 33 10  -  - 34 53 68  - 52 42 50 26 35 28 69 63  - 13  9  - 15  - 11 12 29  - 59 44 47 62 30 16 24  - 19  2  - 60 36 66 37  - 57 54 31 32  - 14  - 41
  - 59 35 27 65 69 56 28 52 31 20 33  2 50 51 34  1 47 67 62  - 58  8  - 60  6 29  3  4 14 32 17 19 42  - 53 48 26 38  - 61 18  - 10 44 66 55  7 30  - 12 45 63 57  - 16 39 68 40  -  - 11 13  - 24 25 36 46  -  -
  - 28  - 57 37  - 46 12 13  9 48  - 54 60 64 53 32 23  1 47 30  - 38 45 66  - 14  8 19 15 70  -  3 61 55  - 50 36 51  -  - 33 69  - 34 41  5 16 11 43 18 56 58  7 22 29  - 24 42 27 40 20 21 17 68 52 10 59 44  4
 47 13  - 56 28  - 11 24  - 65 14 10 55  - 19  5 35  -  -  -  - 53 26 16 68 49  - 63 66 57 44 45 42 62 50  - 25 20 39 23 70 37 36 67  6  - 34 32 33 17  -  - 21 59  -  9 29 38  7  -  8 27 64  -  -  -  2  - 54 43
 26 52 43  - 57  7  - 32 55 68 13 19 18  5 10 45 64 63  - 35 24 30 70 47 50  -  2 39  - 28 69 66  - 14 27 49  - 44 53 29 11 17 51  3 37  - 12 25 34  - 58  - 60 42 67 61 54 16  -  4 15  -  9 62 38 59 21 56 46 65
 36 39 50  - 59  - 30 41  4 42 10 51 69 48  - 44 68 34 33  - 57 63 32 15  3 54 13  -  - 52 55 20 17 49 62 11 16  - 29 31  -  -  -  9  - 56  - 66 45 65  - 18 23  1 28 70 67  6 35  -  -  2 60  - 25  - 43  - 19 61
 55  - 25 65 10 34 28  -  - 20 35  - 67 46 52 12  - 11 27 36 50 57  -  - 38 41 39 15 68 24 64 42 53 31  -  - 63 61  - 43 47 26  5 17 19  - 16 51 21 60 48  8 18  9  1 45 49  - 56  -  - 69 37  - 44 33 58 66 23  2
  9 61 17 15  - 37 49 56 11 24 40 60 70 39 42 43 52 35 14  - 12  5  - 55 48  -  - 33 53 63  2 57 26 20 28  4  8 59 58  - 10 54 46 29 41 50 67  -  - 47  -  - 44 51  - 65 30 64 22 16  -  1  -  - 18 19 27  - 31 34
  - 37  6 32 51  - 15  - 16  - 39 28 40 41 58 68 31 52 61 53 46 62 11 67  7 60 21 64  3 38 42 19  -  - 65  -  - 57 23 18  - 30 54  4  2  - 43 13 10  - 27 49 66  5 63 33 14 22 69  1 59  - 45 20  - 44  - 50  - 24
 50 16 46 20 52 36 31 53  - 57  -  1 49 40 29 24  2 32  8 37  -  - 54 38 62  - 51  - 45 10  -  - 59  9  5  - 26  - 14 60 18 13 15 42  - 44 25 33 43 58  - 27 39 22 56  -  3  - 12 11  - 47 35 69  - 55 63  -  7  6
 29 53 23  4 13  -  2 55 42 46 68 70 37 64 40  - 66 10 19  - 52 26 31 34 12 16 65 60  - 61 17 18  7 58  - 30 21  9 63 28  -  - 48 24 35 38  6  -  -  1 56 15 51  - 54 27 62 45 43 20  5  -  -  - 47 57 49  3 41  -
 41 54 49 30 15  -  - 51 32 61 69 38 26 33 45  4 53 17  - 52  -  6  - 39 44 40 47 13 29 34 58 43  -  - 22 35 18 27  7 20  5  - 55 66  - 65 31  3  -  2 23 57  1 50  - 42 25 62  9 14  - 59 70  - 21 68  - 16 12  -
 63 14 69  7 31 55  - 62 19 66 36 29 38 20  3 59 33  -  5 15 34 28 45 56  - 10 32 43 13 30 27 58 21  4 51 46 44  8 54 17 68  - 57 16 18  6 11  -  9  - 70 48  - 53 37 49 47  - 64 52 35 65 50  1 40 23 60 61 24 12
 45  7  - 52 16 53 43 59  -  - 11 69 46  -  1 27  - 33 62 31 67 64 15 70  9 19  -  6 44 13 10  -  4 68  - 58 41 60 49 55  - 25  2  - 42  8 65 18 38 61  5  3 50 35 36 51 34 40 21  - 56 28  - 12 23  - 14  - 30 54
 56  - 61 46 35 60 32 40  - 54  - 22 11 45 68 20  8 21 37 29  2 14 58 41 65  -  - 66 23  9 43 67 34 69 59  - 39  -  -  - 53  - 33  -  - 12  - 64 17  - 47  5 25 13  7 52 16 19 10 48 62 42 63 51 55 18  -  1 15 44
 13 22 66  -  9 48 27 35 14  - 57 21 12 49 15 25 65  - 46 60 68  - 36 63 64 30  5 52 39 45  4  2 51  6 20 10 17 19 62  -  -  - 59  - 40 37 18 47 56  7 32 61 33 67  - 53 43  -  3 26  - 38 44  - 28 54 24 41 69 55
 57  - 27 44 42  - 19  2 47  5  6  9  - 23 38  - 26  - 43 58 20  - 21 33 11 31 62 35  -  7  - 16 10 25  4 64 34 28  - 14 55 61 68 37  - 51  8 70 41 48 36 24 32 12 53  - 59  - 49 22 67 66  3 63 56 30  - 13  - 29
 11  - 60  - 23  8 29 44 25  4 21  - 52 30 33 28 27 67  9 50 15 22  -  -  5 56 69  7 55  -  -  - 43 41 39  6 57  -  2 19 42  1 32 68 53 49 61 10 40 66 59 70  -  - 64  - 46 35 14 65 20 51 38 34 54  -  3  -  -  -
 15  1  - 13  7  - 35 29 58 25  -  - 22 26 56 50  -  8 65 18 55  - 53 68 47  - 49 30 14  5  - 12 52 23 61 69  - 37 36 10 43 16 34 64 59 42  - 28 27 33 45  - 11 63 48  - 32 57 62 17  3  - 40  - 67 60 51  -  9 39
 44 60 55 14  5  - 53 64 34 15 50  -  -  1 12  -  - 61 30 49  - 24  -  -  - 47 28  - 41 17 25  8 39  7 63  - 38 40 33  - 35  - 29 65 70 46 58  2 68 51 54 66 67 69  4 13 45 23 37 18 43 57 42  - 59 26 11 32 48 52
 21  - 64  9  3  2 23  6 17 29 59 24  - 37 63 46  - 68 20 65 53  -  - 44 32 36 57  - 22 54  -  - 41  - 58 50 60 49 11  4 52 66  - 35 67  - 10 40 18  - 15 25  -  - 70 39  1 56  8  - 45 61 31 47 51 38 19  - 26  -
  5 30 70  -  - 29 39 68  6 41  -  -  - 63  - 15 34 69 11 14  9 44 46 21  8  2 12 58  7  - 61  - 67  - 31 66 19 25 22 37 54 43  -  -  - 18 62  -  3  - 38 35 20 26 24 17 42  4 27 56 55  - 52 48 57  -  - 28 59  -
 39 64 63 18 49 67 33 46 40 55 15 11 61 54 43 48 45 20 13 41 29 12 50 57 10 62 59  - 42 56  -  - 25 38  -  3 35 51 68  8 32 31 52 21 24 23 30 37 53 19  4  - 70  -  5 69 17  - 47  -  - 14 66 16 22  1  9 44  2 36
 20 56 36  - 24 63 10  - 12 30  - 64  3  - 16 11 61  - 32 66  6 39 59  -  1 37  - 70 26 25  5 35 57  - 47 15 43  - 34  -  2  8 49  7 46 53 22 31 58 40  -  -  - 52  - 38 60 65 55 23  - 13  - 14 62 28  -  - 17 21
  4 23  1  - 26  - 61  - 70 51  8 68  -  6 24 47 19  -  - 16 18  -  -  - 41 65 54 67 33 66 12 36 30 39 37 38 14  2 31 34 27 60  - 28 57 35 63 58  - 44 46 52 42 49 45 55  -  7 20  5  - 50 22 32  - 11 62  - 56 17
 18  - 10  5 30 42 51 66 28 13  - 35  9  - 54 58 55 19  4 69  7 56 43  - 31 57 50  - 60 65 39 27  - 63  6 44 53  -  - 47 36  - 61 14 49 16 24  1  - 32 52  -  8 21 62 11  -  3  -  2  - 26 12  - 45 37 70 22 29 33
 68  6  8 39 29 54 52 42  - 53  3  - 60 21 69 41 47 55  - 28  4 32 61 19 51 66 27 18 10  - 23 63 16 59 34  - 45  1 26 25 50 70 24 57  9 22 44  - 31 14  - 36 64  - 13  7 38 37 33 40 17  - 30  5 35 15 56 48  - 11
  -  -  9  2  8  - 45  -  -  - 42 12 63 43 57 10  - 31 34  -  -  -  -  -  - 18 15 51  6 50 41 37  -  5 64 60  1 38  -  - 20 29 47 19 66 33  7 17 55  3 14  - 69  -  - 25 68  - 24 70  - 23  -  - 16 65  4 62 36 32
  6 66 33 37 22 24 50 16  - 26  2 58  -  8 13  3 41  -  - 12 39 70  7 14 63 55 45 27 51  - 60 30  -  - 56 34 68 29 21  - 59  -  9 48 36  1 47  5  4 38  - 28 65 15 57 62 11  - 31 19 25 44  - 61  - 69 32  - 67 10
 70  4 16 50 19 47  -  -  -  -  -  8  - 66 53 14  9 64  - 46 49 15  - 17 24 20  - 28 56 36 26  5 13  - 10  - 37  3 43 52 39  6 40 60 62 21  1 48 61 54 11  -  - 38 59 35 12 69 29  - 27 18  -  - 58 42 67 30  -  7
  1  - 65 48 63 44 66 23  - 40  9  4 15 25 67 64 70  - 60 22  -  - 42  8 28  5  - 21 59 19  - 34  -  -  -  - 24 41 13 12 38 49 16 32 31 10 14 30 20  6  3 62  - 39 68 47 61 43 51 35 58  -  2 29 33 56 55  - 50 26
 62 44 21 55 17  -  - 31  - 50 29 61 56 67  4 66 15  -  3  - 28 40  - 43  -  7  - 47 58  6  - 51 64 37 30 45 42 46 24 63 65 23 19 22 68  - 52  8 69 16  - 20 48 34 18  - 53 41 13 32 39  9  1 27 36 70 57  - 35 38
  8 19 11  - 20 26 12 69 53 43  - 27 10 38  7  - 14  -  -  - 25  3 64 50 40 39 70  -  -  4 46 33 63 21  - 52 65 66  6  - 34  - 58 49  - 17  9 41 57  - 61 32 56 31 55 23  - 30 59 67  1 60 54 28 48  5 42  2 16 18
 66 18 28 41 60 10  3 36 20 35  - 47 50 70  - 42  -  4 25  - 14  9 67 46  2 21  - 29  -  - 33 38 27 45 43 68 59  - 44  - 31 24  6 13  -  - 15 34  7 56  - 53 12  - 30 54 69 58 39 51  - 62  -  - 52 61  -  - 22  8
 19 47 68 21 46 51  -  - 36 33 53  7  4  - 30  6 23  -  - 17 48 13 20 52 70  1  - 34  -  - 18  3 66 60 45  - 40 24 59  5 57 56 28 54 25  - 32 14 65 49 39 26 55  -  - 50  2  8 16 42 10 35 43  9 37 29 44 38 61  -
  - 40 19 43 56  -  1 13 37  8 61 42 57  - 18 26  - 22 49  7 59 69  - 28 36  4 48 46 24  3 51  6  5 53 70 32 27 14 16 66  -  9 50 30 60 29  - 54 35  - 41 10  - 45 38 63 44 20 15 58 68 25 65 67  2 34  - 47  - 31
 27 35 48 68 61  - 57  - 44  6 62 30 16 51 36 60  7  1 47  4 22  - 65  3 23 69  -  - 70 33 37 28 50  -  -  5 32 55 66 41  - 59  - 38 13  - 17 12  -  8 63 42  - 46 40 19 64  9  - 24 29 45 34 31 11  - 26 39 20 53
  - 29 20  - 44 38 59 52 35 27  - 56 14  2  - 70  - 26  - 51 66  8  -  - 57 42 53 54 18 60  - 15 22 43  - 19 11 16 55  1  - 21  4 61 65 31  - 45 37 36  - 23  6 32 41  5  7 28 46  - 48  3  - 13  - 58 12 68 47 30
  - 12 54 23  1 50  - 17 10 14 25 62  - 44  - 40  5 48 29 38 21 31 60 51 42 34 26  - 37 11 57  - 18 47 67 43  -  - 35 56  9 65  -  2 69 13  -  - 19 39 55 33 46 64 16 66 20  -  - 28  - 41 58 15 61 63 68 70  3 45
  2  9 15  3 11 13 37  - 21 47  - 39 53 58 46 19  - 59 57 68 60 67 51 54  - 43 20  -  - 41  -  - 44 36  -  7 64 69  5 24 56 28 14 31 10 48  -  -  - 23 34 29 52 30 17  6 55  1 65  8 63 33  - 50 26 12 35 45 70 66
 38 65 34 67  2  -  -  5 59 12 33 54 23 61 50  7 63 42  - 32  - 17 10 58 49 28 64 68 62 69 36  - 14 16 48 21  9  - 52 45  -  -  3  6 26 15 56 29 51 27  - 47  4 60 25 30 19 13  - 44 41  - 11 40 43 20 53  8  -  -
 14 70 51 33 39  - 16  -  1 56 38 45 28 18  - 62  6 60  -  - 47 43 24  4  - 29  9 37 57 31  -  7  2 65 49 23 52 21 12 35 66 69 53 11  3 25 20 67 54 59 44 63 13 41 46 10 27 36 50 30 19  -  5  - 32  -  8 42 64 68
 53  - 41 58 21 22 42 70 50 69  - 43  - 65  9 18 51 14 36  3  - 20 48 37 67 25  7  1 16 12 59 52 11  8 33 61 29  4 10 32 17  - 66 62 54 39 38 60  -  5 68  - 34 55 26 57  - 63 23 13  2  - 47 44 49 35 31 27 45 28
 34 63 42 53 45  - 70  - 65 19 27 20  - 57 48 22 10 37 58 55 31  - 35 13 18  - 43 16 28 49 30 40 62  - 24  1 47 52 50 44 60  -  -  - 15  9  - 38  2 46  8  - 36 25 29  - 26 17  6  7 23 12 32 56 69 64  5 11 21  -
 42  3 44  8 55 18 22  -  7  2 12 65 68 19 59  9 54 58 45 67 13  - 28 26 69  - 38  - 61 70  -  1 46 30 60 56 31  - 25 27 23 34 62 52 33 24 64  4 36  - 51 14 29  - 66 40 15 50 11 21 57 63 53 49  6 17 39 43  5 37
  -  -  -  -  - 35 34 22 38  1 24 52  - 53 61 29  - 62 40 19 36 37  2  -  - 50 41 59  -  - 68 21 48 26 42 51 56  -  -  - 67 63 65  - 39 70 54 49 46  4 31 17 30 10 44  3 66  -  -  - 18  7  - 45  -  9 69  6 11  5
 31 25 12 45 47  4  - 54 61 11 37  - 30 59  2 65 42  6 66 20 58 36 22  1 53  3  - 49 40  - 56 62 69 27 29 48 55 35 41 68 24 50 60  8  5 64 13 23  - 21  -  - 43  -  - 18 57 15  - 10  -  - 16  - 34  7 46 63 28 51
 32 57 47 62 53 64 58  - 63 60 44  - 19 34 11 61 28  3  2  1  - 50 18 29  - 22  6 36 17 39 21 23 12 24  8 16  -  - 45  - 30 10 31  - 52  7 35  -  - 25 67 55 27 65 20  - 33 59 26  - 49 68  - 43 13 66  - 40 51  9
  - 69  - 28 40 41 60  - 33 16  - 59 65  -  5 37 58 13 64  - 44 38 29 31 45 61 10 25 35  - 14 50 70 22  1 39 49 34  8  9  -  - 56 46 55 54 57 62 23 20  6  - 15 19 47 21  -  - 30 43 66 48 68 11 53 51 17 67 32  3
