3920
 52  - 61 20  6 39 31 67 36 43  - 66 48  - 17 32  - 19 51 21 62 64 57 49 10 56  8  9 55 14 25  - 42  - 12 16  7  4  3 65  -  -  1 13  -  - 46 35 29 68 47  -  - 54 53  -  - 28  5 15 26 27 33 50  - 41 40 37  - 22
 66 68 21 50  -  2  7 30 33  -  8 26 36 32 48 69  - 12  - 35 70  5  6 59  - 37 19 61 28 52 41 14  9 51 34 43 42 65 29 57  -  - 11 16 60 38 25 55  -  - 15 44 49 27 67 40 20  3 58 53 56 63 22 31 10 23 17 46  -  -
 24 17 28  - 40 15  - 13 65 66 67 41 62 53  - 16 59  7 45 39 21 22  - 12 69  2  - 11 52 32  3  - 20  -  - 60 63  1  - 37  6 19 18 61  8 47 57 26 68 38 27 25 55 64 29 56 51  - 34 33 49  - 44 36 23 50  5 10 31  -
 15  - 22  -  - 57 25  6 35 41 53 18 54  - 59  - 34 11 12  -  - 50  -  - 16 20 36  - 56 55  -  8 51 69 19 17  - 23 67 21 43  - 52 38 30 10 40  5  -  - 60 45 70 24 48 44 39 26 62 58  - 49 63 47  1 29 33 31  9  -
 26 50 47 58 43 62 17 70  - 18 34 55  8 24 66 68  - 56 41 10 54  7 32  - 11 60 48  - 49 45 64  9 53 30  - 59 12  - 21 44 22 13  - 69 23 65 15  2 33 19 40 46 31 36 61 67 27 14  4 16 39  1 29 38 42  - 28  - 51 25
 19 33 36  6 44  -  - 11  9  - 64 23  - 13 25 26 17 53 32 69  - 47  7 28 61 16 70 39  1 50  - 68  -  -  3 56  - 21  - 67 54 29  -  - 42 41 66 60 10  -  - 48 52 58  2 35 18 51 43 63  4  -  5 40 31  8 20 62 27  -
  - 56  8  -  - 33 68  -  - 29  - 62  -  - 45 11 27 43 37  - 20 14 13 40 52 69  6 47 18 57 51 38 64 46 66  - 41  3 28 25 30  - 36 10 63  -  - 32 70 15  1 16 60 67  - 61 24 19 26 49  7 42  - 22  -  - 53 59  2 12
  -  -  -  -  - 59 53 51 42 23 52 64  - 25 32  -  5 49  - 29  2 68 46 14 63 33 27 36 43 13 26  - 44  4  - 21  6  -  -  - 60 34  7 48  - 58  8  1 35 66  - 61  - 15 65  - 69 10 17 12 19  - 18  - 50  - 45 54 22 57
  8  -  - 12 15 18 16 61 25 14 50 21 29 39 47 59 43 70 10 53 66 40 48 38 36  3  - 42 45  1 54  5 49 26 46 11 44  - 51 64  4 24 68 52  7 17 55 67 65  9 31  - 35 30  - 20 41  - 27 34 69 57 37  -  - 63  6  - 28 62
 11 26  - 34  - 14  9 40  - 36 25  - 33 54 30 55  - 29 52 44 10 63  - 58 57 43  - 37  -  7 22  -  2  -  -  8 49 17  - 70  1 47 56 42  - 39 68 45  -  -  6 38 69  - 28 51 16 66 24 65 62 20  4 46 61 48 23 12 59 18
 63 43  - 69  -  -  - 57 70 47  6  - 12  - 50  8  1  4  - 32 60 18 14 34 51 26 29  7  5 16  9 61 13 37 54 25  -  -  - 53 36 56 48 22 10 40 59 30  - 21  -  -  - 19 39 65 17 38 31  - 52 44  - 20  3 27 42 66 62 35
 57  - 44 39 38 52 11 19  - 40  -  - 61 56  - 34 62 13 22 46 51  8 43 29 14  - 64 30  - 21  - 37 68  7 59 58 18 45 70 55 26 20 25 67 32 50  - 10 12 65 17 15 42 53 23 31  3 49 41  9  2 24 54 33 27 47 63  - 35 60
 32 29 65 26  2 28 62 39 63 67  - 60  9 57 12 10 44 59 19  - 41 30  -  - 21 40 35 55 16 42  7 15 22  - 20 69 56  - 61 38 13 11  8 68 47 48 23 33 43  - 49  4  -  - 37 54 46  1  6 36 58 34 31  3 45 51  - 14 53 24
  - 64 52  - 26 17 22  3 49 27 70 11  6 37  - 30 69 38  7  - 34 25 39 41  5  - 33  - 14  - 61 35 36 47 23 53  9  - 32  - 19 42 24 66  1 31  4 50 21  - 67  - 57  2 56 58 62  8 51  -  - 60 43 16 65 54 15  - 68 40
 16  2 46  - 24  8 41 56 68 31 13 47 32 51 52 28 30 64 55  4 65 49 19  - 20 39 37  6 63 17 43 66  - 15 33  - 58 11  - 50  5 57 70 62  9 21  - 44 38 42  7 36  - 10  - 27 26 40 23 18 12 54  - 69 35 59  -  -  -  -
 44 13  - 27  - 10 63 58  -  9  - 70 51  - 62 36 11  - 47 19  - 60 22 35 66 48 12  - 21 37 30 28 31 17 65 52  4 68  6  - 24 40 16 55 26 34  - 39 14  3 46 18 15 56 49  5 61 42 57  8  - 64 25  2  -  - 29  1 32 54
  - 32 10  - 53 42 27 36  -  - 58  -  - 18  - 64 48  - 43 66 28 69 59 39  - 38  2 23 12 35  -  6 45 56 26 46  1  5 52  - 29  - 63  8  -  - 49  -  - 33 65 31 51  - 68 60  9 57  -  - 13 15  -  - 44 30 25  - 11 37
  - 35 23 17 16  - 45 33  4  - 39 12  -  - 11 63 29 15 56 50 19  -  - 31 32 51 20 52 62  -  8 42  - 67 48  2 54  6  - 24 53 66  -  - 68  -  9 47  5 61 70 22 65 34 25 28  7  -  - 57 44 46 13  -  - 60 43 18 26 38
  -  - 70 56 47  7 36  - 32 50 31  6  -  - 23 42 33 10  - 48 46 37  - 16 26 58 68  3 30  4  - 11  - 53  -  -  - 15 43 35 62 39 59 19 57 18 38 12 41 69  - 28 61  - 40  2 66  5 63 27  8 29 51  1 25 67  9 60 34 21
  5 44 14  8 21  -  6 42 34 53  2 25 24  1 37 19 32 60 40 43 63 36 67 64 70 41 52 38 50 10  - 26 15  - 39  7 46 55 13 56  - 54 22  - 20 16 12 27 61  - 28  - 33 29 66 69 45 47 49 51  3 35 62  4 30 57 31  -  - 59
 69  -  6 51 39  - 57 68  -  - 46  -  - 10 38 29 28 40 53 70  8 24  - 11 59 34  - 26 44 65 12  - 63  -  4  1  - 50 42 54 67  3 33  - 52  2  - 41 62 31  9 49 27 43  -  - 14 45 66  - 60 56 19 17 55 21  - 15  5  -
  9  - 60 68 35  - 42 41  - 61 69 32 22  7 19 66 12  - 30 38 59  - 27 67 17 14  - 33 40 24  -  - 39 55 70 45 29 13  8 49  -  -  - 54 36 15 56 62 50  1 23 64 47 57 52  - 37  - 48 28 46  4 53 63 18  3 58  - 44 16
 37 42 39 25 59 36 20 53 43 60 11 61  - 26 34 67  3  - 24 22  1 31  -  - 35 62 45 44  4 15 38 70  - 40  - 27 68 30 65  -  - 48 66  -  - 49 29  9 54 57 41 50 46 16 13 12  - 69  -  7 17 19 58 28 51  5  2 47 23  -
 14 16  1 44 61  - 55 29 48 12 21 31 63 30 42 49  - 65 50 13 33  4 58  - 54 70 28 51 32 56  - 34 37  -  - 38 40  -  -  5 25  - 15 39 11 27 45 43  - 62 52  7  6 23 46  8 59  2 67 24 53 68  - 35 57  9 41 17  3 20
 48 37 43 41 29 56  - 65  - 19  -  3 25 64  - 47 16 24 15  - 42 21 69 46 30 36  9  4 11 39 45 13 61 12 40 28 32 53 63 27  - 17 57 35  - 20 34 59  2 14 51  5 54 22 55 33 60  -  - 38 67 31 50  8  7 10 18 68 66 44
 18 61  5 35 62  3 47 24 28 64 33 22 41  -  -  9  -  - 66 59 69 48 60 15 65 10 51  1 25  - 11 67 55 32  - 63  -  - 58 39 23 14 13  -  - 19 43  - 53 12 68 42 26  7 38 49 52 34 54 44  - 30 17 27 16 37 70 57  -  -
  -  - 12  - 37 51 61 66 46  2 43 34 68 21 63 15 23 58 31 16  - 29  - 13  7 22 49 18 10  3 56  - 50 64 41 42 28  - 35 17  8  9  - 33  5 45  6  - 69 59  -  -  - 44 70 14 32 53 40 11  - 25 47 54  - 26 62  4 24 55
 38 39  2  - 42 61 58  - 47 52 37  9 50 23 35 65  7  -  - 31 18 59 51 27 13 55 69 70 20 36 21  - 43 62 49 14  - 41 46 60  -  - 45 12 64 32 48 28 63  6 11  1 22  3 15 57  4 29 33  - 40 10  8 68 34 17 30 44 67 66
 58 23 26 65  8 43  3 12 64  -  - 44  -  6 67  - 19  1  4  - 15 34 16 42 27 61 18 48 59 22 63  -  - 52 24  - 17 49 14 28  - 31 30 50 53  - 13 54  -  7  - 20 38 46 51 37 25 39 11 69 10 47 41 45 62  - 60 56 55 36
  - 70 51 24 17 21 32  - 40 25 66 19 13 61 64 57 14  - 26 58  9 35  - 23 55 63 67  2 38 27 39 69 16  1 53 47 48  - 33  7 11 43 20  - 62 68 31  8 56 22  -  6 50  -  -  - 28  -  3 10 54 52 45 37 29 18  - 30 15 41
 41 27 64 45 10 54 38  - 20 59  - 63 56  8 46 62 35 30  - 17  - 15  - 57 25 13 32 22  - 19 18  - 69 14  - 48  - 58 12 51 44 65 40  - 16  - 11  -  1  5 33 67 34  6 43 29 49 50 42 23  - 61  2 70 37 39 66  7  - 53
 49 21  - 19  1 27  4 34 18 44 57 30 60 58 22 13  - 39 25  - 61  - 56 66 43  - 65  8 67 33 40 32 62  -  9 23  -  - 24  - 68 52  - 36 28  - 47 48 17 10  - 14  - 51  - 46 38  - 70 29 64 11 55  5 53  2 50 26 37 42
  - 46 63 15  9  5 14 16  -  - 56  - 35 22 53  -  - 48 36 28 32  3 70 43 33  4 26 21 24 20  - 65  -  -  - 54  - 62  - 19 66 25 58 59 44 51  -  6 18  -  2 27 17  - 50 55  -  - 13 61 42  7 40  - 41 11  8 69 52  -
 62 59 17 61 55  6  - 27 21 54  - 42  3 12 51  7 38 44 46 36 35  - 10  - 41 45 39 60 65  5  1 43 25  - 30 67 33 32 20 66  9 64 47 49  4 24 70 63  - 16 48 29  8 26 69 13  - 37  - 50 31 58  -  - 15  - 68  - 19 52
 61 12 48 43 49 25 69 60 23 30 63 27 53  9 57 41 45 34 33  - 22 54  8  -  3 66 14 68 17 31 70 59  4  2  - 19 10 52 18 42 38 55  - 29 39 46  1 36 47 40  5 58 24 62 64 26 50  7 37 67 32 65  6  -  - 44 11  - 13  -
 34 28  -  - 12 29  - 10 16 48 26 20  - 27 44 51 46  9 60  -  - 62  -  3 31 30 42 45 54 66  - 22 19  - 35 41  - 24  - 63  2 18 65  7 49  - 50 11 25  -  8 32  - 55 17 38 67 23  - 68 37 43  - 13 36 58  1 40 70 69
 40 10 53 21  -  9 59 47 17 51 62 33 23 42  - 48 31 46 61 68  - 13 18  7 22  - 54 64 58  8 55 45  3 44 63 50  - 37 16 26 35  - 29  5 43  4  - 57 67 34 19 39  - 38  - 52 36  -  1 56 11 28 70  6 66 15 27 41 12 30
  -  - 49  - 36 68 54  9 31  -  7 50 57 45  -  - 51  5  1 52 44 10  - 70 38 32  3 62  - 47 20 25 46 65 18 15 39 19 69 43 61  8 28  - 33 66  2 34  - 13  -  -  4 63 12 21 29  -  - 59 41 67 48  -  - 53 24 27 17 56
 25  1  3 63 41 50 24 59  - 58 48 68 28  -  - 45 65 61 11 60 17 43 31  - 39 46 57 49 42  -  - 62 34 10 14 13 67 38 26 15 33 27  9 53  -  5  -  - 55 64 44 47 21 20 18 66 22  4  - 37 70 36 69 52  6 56 51 32 40  -
 22 63 50 37 28 58  5  7 38 55  - 51 66 16  -  6  4 42 64  - 12 57 47 21  -  -  - 19  2  - 48 33 29 27 67  - 52 26 17 40 32 70 41 15  -  - 14 65 59  8 34 53 36  9 60 30 35 46 20 39  - 69  - 23 24 31 13 25  -  3
 70  9 29 42 45 67  -  - 13 65 22  -  -  4  - 46 63  - 58  8  - 23  - 51 15  5 55 20 39 68 35 16 26 31 57  6 11 61 10 33 59 12  -  2  - 60 27 69 40 43 37  - 41 52  1 19 54 24 30 17 18 48  -  - 32 38 21 36 47 49
  6 58 11  7  - 12 50 20 69  5 38  -  -  -  8  -  2 68 35 63 67 51 29 36 28 42 59 17 34 25 33  - 32  -  - 40 65  - 23 22 18 46  -  4  - 26  - 61 27 52 53  - 37 66 57 10 55 41 60 54  - 16  -  - 13  1  3 64 14  -
 35 67 20  9 14  1 13  - 58 63 32  7 26 36  4  - 47 54 17 57 31 41 64  -  - 52 21 65 29 11 15 39 70 49 38 30  - 60  -  2 16 37 50 56 18 69 51 19 46  - 66  - 10 25 24 42  -  - 44  5  - 62  -  - 68 45 22  8  -  -
 20  - 15  - 22 69 40 38  - 34 65  - 67 60 13  - 42 57 48 37 16  2 55 24  - 25  7 46 61 59  6 64  8  -  -  -  - 51 56 12 31  - 53  1 41 14 21  - 49  -  - 10 68  4 63  - 47  - 28 32 66  5  - 43 11  - 54  - 58 27
 56 22 19 59 57  4 70 14 29  7 35  - 34 17 33  - 24 32 67  3 23 44 11  -  1 15 30 50 37 64 60 27 52  9 31 49  - 48 40  -  - 63  - 28 66 53 65  - 26 45 36 51  5 61 47  -  -  -  -  2  -  - 20 10 69 12  - 13  - 68
 27 41 35  - 65 45 29 18 11  4  - 36 59 28 14 50 61 67  -  - 55  -  - 37  -  1  -  - 64  - 53 10 40  -  -  - 26  - 31 58 52 22  5  6 25  8  - 68 30 39 54 69 56  -  -  7 13 44  - 62 15 51 38  - 63  - 57 20 48 19
 50 11 40  1  - 53 18 15 27 38 36 28 20 66 39 52  9 23  - 12  6 42 44 65  2 19 58  -  -  - 29 47 35 16 10  5  8  7 37 61 41 68 55  - 69  - 26 51 13 32 43 24 67 59  4 48 34 31 45  - 22  3 60 56 17 64 49 21  -  -
  7  -  9  - 23  - 60 35 45 15 27 59  - 65 24 58 36 31  - 40 64  -  1 44  -  6  - 12 41  2 67 50  - 18 43  3 70 34 62  - 69 53  - 32 55 57 17 56  - 28 29 19  - 33  8 47 68 25 38 20  - 14 30 42  - 13  - 22 63  -
 60 53 18 66  5 30 34  -  -  - 24 54 46  -  6 23 58 52 59 42  - 32  - 26  8 49 38 57  - 40 27 63 47 20 51  9 43  -  2  1 65 69 14 17  - 56  7 70 15  - 61  - 19 45 31  3 21 67 50  4 29 37  - 25 48 36 35 16 33 13
  - 60 66 62 13 38 52  - 59 70  -  - 40 44 69 25 22 33 27 14 36  -  -  - 45 53 50 54 15 23  2 31 56  -  -  - 34 18 30  -  -  7  6  -  - 67 19 16 57  - 20  - 28 41 11 68 65 12  -  1  - 39 35 21  8 55 26 43  - 61
  - 45  - 22  -  - 26 21 24 20  - 40 18 62 65 44 53 17  - 25  7 61 63 32 42 47  - 58 69  - 59 49 30  - 50 51  - 57  5  - 34 33  -  -  - 36 67 66 48 37  - 60 11  1 19  6 43 52  8 70 35  - 39 55 38  4  - 29 64  9
  1 47 34 38 33  - 39  -  - 62 41  2 64 52 36  -  - 63 18 51 29  9 50 61 53  -  5 31  3  - 57 48 66 13 58 65 55 44 11 14  -  -  -  - 70 25 28  4 32  - 35  - 43  8 45 24 30 27 15 46  6 21 49 60 22 16  7 67 56  -
  - 48 42 32 25 16  8  - 52  -  5 39 27 50 40  - 66  -  - 33 68  - 62  - 44 67 41 53 22  - 24 51 17  6 69 55 38 29 54 36 37 58  4  - 61 35 63 13  7 18 26 57  - 21  - 70  -  - 65 31  9 59 15 49  - 28 10  3  -  2
  4 51 69 49 11 37  -  - 61 28 17  - 45 63  -  - 56 26  2 47  5 53  - 50 67 57 34 40  -  -  - 19 58 54 21 10  -  - 44 48 70  - 46  3  -  7 64  -  - 35 30 33 14 60  9 23 15  - 68 42 24  6  - 59 12 66 55 39 36  -
 39 15 67 48 60 46  2 25 57  -  3 35 21 38 43 56  -  - 13 45 37  - 65 62 58  - 63 27 66  - 23  4  7 70 11 36 51 16 49 52 20 30 26 14 54 12 69 64 34 55 10 41  -  - 44  -  - 59 47 22 50 18  1 19 28 40 32 53 42  -
  -  3  - 36  - 32 35 63  -  -  -  -  - 67 15 53 50 27 28  - 14 11 26 47 60  9 66  5  -  - 58 12 24  -  2  - 64 56 39 18 10  - 43 46  6 62 22  -  - 29  -  8 23 40  -  1 48 21 25 13 34 38 42 44 52 19  - 49 65 33
  -  - 37 33 70 48 30 55  5 32 14 43 17  - 31 60  - 22 29 62  3 39  2 45  6  -  1 56 35  -  4  -  - 68  - 66 16 25 38 46 42  - 23  -  -  9 53 40 36  - 24 63 58 69 27 18 12 15 10 47 57  -  7 64  - 65 34 52 21 11
 30 62  4 16  - 35  - 48  -  8  - 38 10 14 61 39 25 41 69 64 43 45 53  9  -  7 40 63 47 54 13  3 23 19 17 34 24 31 50 59 27 28 60 26 65 29 52 58 22 11 57 21  - 37  5 36  -  -  2  6  - 66 32 18 70 49 12 55 20 15
  -  7 32 52 64 13 15 31 10  3  4 48  -  - 54 27 55 20  - 67 30 65 41 19  9 11 22 69  - 58 66 46 12 50 29 37  5  - 36 23  - 38  - 44 35  1 39 18  - 56  - 68  - 28  6  -  2 17  - 26 25 53 21 24 40 43  - 42 57 70
  -  8  -  - 34 31 56 22 30  6 20  -  - 70 26  - 41 21 39 18 27 55 35  -  4 23 62 15 57  - 42  - 48 25 13 32 37 28  -  - 46  - 51 60 29 52 61  -  9 49 38  3 12 65  - 45 19 58 69  - 16 50 14 66  2  7 67 24 10  5
 47 36  - 46  - 34 19 69 15 45  9 13  - 43  -  - 67 18 68  2 58 66  - 60  -  -  - 16 27 44  - 55  6 11 32 26 50 54 57 10 28 62 17 31 51 59 41 49 20 63 42 56 40 70 21  4 23  - 53 25  - 33 52 65 64 22 37 38 39  1
 33 18 41 60 51 55 64 43  - 46 15 37 30 47  1 61 21 69 42 65 40 70 34 54 56  - 17 13 26 28  - 36 59 35 44  -  - 67 66  8  - 23 10 58  3 22  5 14 24 48 63  -  - 11  -  - 31 16 39 52 38  - 27  - 20 25 19 45  - 50
  -  - 62 40 52 60  - 45 56 42 16 24  5 59 27 17 39  - 38  1 49 12  9  - 19  - 44 34 53 43 69 18 65 33 15 35 66  -  7 68 55  6 54 57 22  -  -  -  - 51  - 13 63 14 26 50 10  - 32 21 30 23  3  - 58 20 47  -  -  -
 53  6 38 10 58 19 65 49 26 69 60  -  -  - 41 21 37  2 20  7 11  -  4 56 68 18 13 24  9  - 46 17  -  8 27 70  - 39  - 34 63 45  - 23  -  -  - 15 64  - 50 40 29 12 54  - 57  - 35  3  5 32  - 48 47 42 14 33 16 51
 43  - 68  - 19 70  -  - 50 49 12  4 44  -  - 18 40 14  - 11 45 46  -  6 64  - 16 29 48 51  -  2  -  -  1 62 57 47 27  -  - 36 38 41 37 61 20 42 23 25  - 55 39  5 58  9 53  - 56 60 59  - 26  7 54 32 65 35  - 10
 51 34 57 31 63 44 21  2  8  - 30 56 11  3 58  - 10 37  6 54 50  -  5 68 23 64 61 43 46  - 32 29 27  - 55 20  - 14 22  9  - 15 12 47 17 42 18 53 52 60 69  - 13 48 59 41 33 70 19 66 36 40 24 26 39 35 38 28 25 67
 36  - 25  4 46 63 37 54 12 33 61  -  2  -  - 22 49  8  5 41 56 28  - 30 48 21 23 10 70 53 31  7 11  - 68 29  - 35 34 45 39  - 67 20  - 13 32  - 44 24 62 26  3 18 42 43 58 65 64 55  - 17 57 51  -  6  - 19  - 47
  -  - 33 23 66 64 28  8  3 56 45 15 42 29  - 40 26 16 65 30  4 38 52  - 18 50 53 14 19  9 62 57 10 34 25  - 31 27 60  6 51  1  - 11 13 63 37  7 58 47 21 43 20 68 22  - 44 32  - 35 48 12 46 41 67 24 59 70 69 17
  3  5 55  - 27 22 10  1 14 26  - 65  - 68 28  - 54  - 70  6 57 20 24  8 49 17 47 59 36  - 37 56  - 58 52 12 35 42 48 30 50 51 32 45 31 64 44 46 19 67 25  2 16 39 62 15 63 18 29 41 21 13 23 11  - 61  4  9  7 34
 68 65 58 54 56  - 66 23 60 21 19 49 38  -  -  5  -  -  - 34 47 67 36  - 12 27  - 41  -  - 17  1 57  3  7 18  - 64  - 31 15 32  - 25 48 11 42 24  8  2  - 37 59 13 10 53  - 63 16 30 28 26 61  -  - 33 39 50 29 43
