3920
 54 67 37  1 25  7 64 47 36 28 34 12  -  -  -  - 57  9 19 66 69  - 23 48 35  - 38 40 18 49  - 15  -  - 13 46 58 63 24 65  - 41  -  6 39  8 29 42 16 43 20 30 14 44 52 33 17 56 26  2 59  - 50  4 31 60 68 70 32 62
 67  -  - 69 52  - 59  7 56  -  - 28  3 63  - 46  -  4 68  -  1 35 36 41 10 15 43 50 60  - 47 70 37 33 22 25  - 39 23  - 44 38  - 51 61  - 42 62  8 64 66 57 27 13  - 40 12 11  - 16  5 21 58  2  - 18 30 26  - 19
 58  - 15 50 38 25  8  - 49 31 60  - 48 68 64  - 61 13 30 12  4 11 26  - 21 27 45 10  1 63  - 67 62 51  - 33 41 69 46 59 18 39 19 54 23  9  7 22 57 42  -  - 28  -  - 66 37 32  3 43  - 53 20 65 24  - 36  2  - 14
 11  - 14 10 63 31 27 16  6 20 25  8 18  - 65 61  2 19 67 21  - 13 45  9 66 24 64 70 32 38  -  - 58 47  - 62  4  -  - 68  - 50  1 22 35 17 55 49  - 46 52  -  - 59  3 28 39 15  - 53 42 48 30 56 34  5 54  - 41  -
  - 12 57 66 44 17 37 68 63  1  - 39  -  8 38  - 47  - 28 54 52 46 22 26  - 50 23 64  4 41 10  6 70  - 34 16 56  2  -  5 19 13 25 24  9  - 20  3 14  - 15 45 51 69 61 58 33 59 67 36 53 31 32 29  - 62 43 40 60 42
 27 33 26 44  - 48  - 58  -  -  4 45  - 16 42 22 19 36 11  2 41 43  8 21  7 35  - 61 50  - 38  5 34  - 66  - 67 40  - 28 25 29 68 65  - 24 53 20 54 47 69  6 56 10 23 59 30 18  - 15 12 37 14  - 51 57 13  - 55 39
  - 21 43 55 29 18  - 66 53  4  8 41 20 61 60 28 16 23  6 67 54 52 15 17 65 57 50 12 48 69 37 62 42 59 24 58 46 13  1 63 30  - 22  5 47  -  - 34  -  -  3 26  2 11  - 68  -  7 14 10 45 36  - 40  -  -  9 27 44  -
 19 15 68 45 23 12 20 50 42 60 40 51 24  - 58 57 46 11 63  -  2 37  -  4 43  - 49 44  3 55 54 33 56  - 64 13  1 61 29 66 21  - 62  9 16 10 39 48 35  7 28 36 17 27 22 25 18 67 34 41  -  - 26 53  8 52 65 14  - 30
 33  - 18 58 30 23 28  3 38 66  -  -  4  6 45  - 53 69 70 48 34 36  5 49 42 67  - 11 40 62  - 16 41 22 12  8  7 65 19 50  -  2  - 21 10 55 13 39 44 68 14 64 29 24 32 63  - 17  - 54 52 15  - 61 20 26  -  -  1 35
  - 32  - 61  - 64 70 25  1 41 22  - 58 40 62  - 21  -  5 35 11 50  - 12 49 63 15  3 47  8 13 26  2 66 69 14 45 17 20 37  4  - 55 23  - 51  - 57  - 60 46 24 39 54 59 67 43 10  - 65  9 52 27 38  -  7 31  - 18 56
 53 46 63 54 34  1 19 22 29  - 38 42 43  - 23  2 13 52 44  6  3 47 49 32 70 65 33 16 64 36  8  -  5 57  -  - 59 12 18 40 17 66 45 68 28 30 10 67 55 35 37 39  - 31 50 24 58 20 27 62 11 56 41  - 61 14  - 25 51  9
 42 22  5  -  4 28 29 21 47  - 53  -  - 38 27 51 34 16  - 49 68 45 25 65  - 19 35 17  - 50  - 44 32  9  - 23 70 56 33 64 20 62 40 66 31  -  -  8 52 48 55 54 26 39  -  -  - 61 13 63  6  - 12  -  - 58 18 37 36 59
 14 10  -  - 12 67 60  4 52  - 17 64 56 27 21  5  - 42  - 45  - 40 47 28  - 55 48 38  -  - 46  - 68 37 32 31 62 30  3  8 43 65 35 33 26 58 44 69 36 16  7  1 22 70 39 23 61 29 66 25 41 59  2 13 57 34 11 49 15  -
 69 40  4 63 59 68 54 13 28  - 10 20 32 70  - 60  5 35 66  - 50 30 62 57 25 11 67  2 29 47  - 51 22  - 19 55  3 37 53 61 31 26 42  - 36 39 49 46  9  - 24 65  1  6 48 17 52 34  8  - 23 16 38 44  - 12 33 43 21 41
 32 62  -  4 26 10 39 59 23 42  5 67 69 30 17 21 63  - 49 11 61 41  9 20 37 68  8 60  - 70 12 22 14  -  - 52 16 58 65 57 51 27  -  - 33 48 35 13 18 15 36 53 40  - 45 31 50 66  7 55 29 24 25 46 38  -  2 28 56  -
 23 34 41  -  9 52 31 18  - 65 67 55 16  -  - 17 15  - 37 39 46  -  - 35 14 42 22 48 58  -  - 56 69  6  -  - 66 59  2 36  - 12 33 38 70 44 21 30 68 62 43 47 64 26  - 32 20 45 57 13  - 50 29  3 25 27 24  -  - 51
  - 60  - 28  3  - 43 19  - 18 46 33 15 45  5 13  6  - 47 36 55 70 64 34 31 62 30  - 42 52  -  -  - 69  - 44 26 16 50 38 53 22  7 32 12  - 59 58 61 37 27  - 23  -  - 41 51 48  9  1 21 14 56 63 17 40  8 65 67 24
  - 58 65 25 13 30 45 36 70  2 39  - 52  - 22  - 12  - 57 17  5 23 11 29 24 43 19 33  9 68 64  3 59 28 56 50 21 51 41  1  - 60  -  - 69  - 38 40 26 66 53 63 20  7 62 55  -  -  - 44 31 35 61 37  6 10 67 48 46 15
  7 68 44  -  2  3 49 10  - 62 35  -  - 22  -  - 23 60 41 64 17  8 43 18  - 56 37 34  - 19 45  - 67 40 30 38  - 52 16 46 63 33 21  4  1 66 61  - 42  - 12 58  -  - 24 50  - 31 51 70 69 57 39 25 26 11 15 36  - 28
 18  9  3  2  -  -  -  - 10 55 43 29 51  - 34 45  - 14 21  -  - 24 39 68 23 37 44 35 16 53  -  1 12  - 47 69  -  7  4  - 32 25  - 63  - 36 40  -  - 70 41  8  - 56 58 54 27  -  -  6 65  -  -  -  - 22 50 64  - 67
 65 63 70 62 61  -  - 30 34 24 54 14 42 49  - 27 28  8 23  - 38 57 29 52  5 66 58 22 21 37 15 19 46 45  3 47 32 41 25 10 59 56 31 36  - 12 17 26  6 20  9 50  - 35 13  2 48 40 44 33 64 67 69  -  7  1 39  -  - 43
 44  3  - 20 46 63  1  6 37 43  -  - 68 19  - 47 30 12  - 70 49  - 56  - 53 59  4 32 35 29  -  - 54 58 61  5 48  9 57 27  8 17 34  - 21 62 67 64  - 65 23 40 24 18  - 52 55 25 42  -  - 60  -  -  - 33 14 69 10 66
 25  -  -  -  8 47 23 29 43  - 16  1 27 57  6 66 49 45 17 69 24 38 28 39 52 10 60 30 31  - 40 11 35 32 20 51 36  -  - 41 33  5 26  3 63  - 54 15  -  - 34  -  -  -  2 37  9 14 50 67  4 42  7  - 64 65 58 56 22  -
 59  - 46  8 10  - 53  - 58 35  3  9  6 32  1 54 42 61 64 25  - 48  -  - 45 17  2 19 52 21 57 47  7 43  - 39 37 68  - 13 62 40 12 18  - 28  5 27 34 31 30  - 67 15  - 11 38  - 41  - 70 49 66 33  - 56 16 51 26 29
 17 52  - 36 11 54 51 65 24 26  2 46 41 35 39 70  - 27 20 34 12  9 67 44 13 48  -  -  6 66 60 32 40 42 57 28 64  -  -  3 22 47 43 55  - 63 23 14  4 10  1 69 25 61  - 38 53 37  -  7 50 29 59 49 30 15 45  - 68 33
  -  - 36 47  - 43 34  - 48 27  -  - 60 11 18 69 66 70 51 19 25 14 54  - 20 40 61 57 45  3 28  - 24  -  -  -  - 35 56 31 52  - 46 62 65  - 33  - 38 39 59 12 44 21 42  -  5  6  - 58 49 30 63  9 13  -  -  - 50  2
 34 35 67 38  -  6 36  5 60 14 29 50 39 42  - 65 27  - 31 59  - 28 19 56 33 13 21  - 22 64 17  9 15  8 68 40 25 20 63 11 69 48  4  - 44  1 37  7  - 30 49 52  - 41 53  - 32 24 45  - 10 58 51 55 54  3 61 62  -  -
 31  - 66 12 24 27 21 46  - 17 70  -  -  2 52 11 59 58 14  - 35 56 13  - 40 47 16  - 33  - 55 39 43 48  -  6 18 62 32 69 28  - 53 50  - 64 25 19  -  5  - 49  9 37 60  8 29 57  4 68 38  3 34  7 67 23 10 54 42 63
 57  - 42 23 40 60  5  1 12 34 27 22  -  - 67  - 54 51 48 58  9  -  2 43  3 41 25  - 68  - 11 18  - 36 26 56 53 21 37  4 65 49  8 14 29 52 16 24  7 55 32 28  - 63  -  -  - 69 10  - 33 61  - 66 19  -  - 38  -  -
 28 23 58 31 64  9 38 48 19 32 41 63  7  3 69  - 70 55  2 42 66 10 57 13 29 16 12 53 20 22  -  8 26  -  - 61 11  4  - 45 15 46 47 17 43 68 24 36  1 67 56 14  - 50 18 34 54 27  - 59  - 33  - 30 60 51  -  - 25 49
 26 64 38 48 70 22 33 49 20  9 13 47 34 55 31 23  - 37 29  4 51 32  - 50 62  - 52 46 69 18  -  - 63 68  - 24 43 45  - 25 42 54 56 19  2 60  -  5 39 59 40 27  - 30 17 53  - 12  -  8 57  - 65 16 36 66  -  1  - 61
 50 56 52  - 45 11 55 51 41 57 63  6  8 54 44 34 60  1  9  3 33  - 24 10  -  - 70 18  -  -  - 65  - 39 42 27 69  - 59  - 14 61 30 48 53 15 58 37 64  - 16 62 31 23 68 36 19 22  - 17 47 12  5 26 35 25  - 32 40  4
 62 37 35 51 55 59  -  8 66 56 11 10  - 12 48 16 18  2 42 50 13  4  3 70  - 14 24 54 26  1  - 60 29  - 65 45 39 28 49  - 47  9 57 31  - 41 15  - 32  - 38 23 46 52 36  6 69 68  5 61 58 22 53  - 44 63 27  -  7 17
  5 43  1  9  - 39  - 44 17  - 24 36 33 37 13  - 56  - 32 52 63  - 55 69 58 61 11  7 12 31 62 20 51 54  - 65 23  - 42 16  - 35  - 45 67  - 47 68  2 50 22 70  -  - 29  -  -  - 60 38 28 26 10 27 21 48 64 18 30 34
  4 18 28  7 14 26 22 15 54 40 59 68  - 50  -  9 31  -  -  - 32 51 35 62 64  - 53  6 27 44 42 13  3 70 38 20 19  -  - 47 41 16 29 39 56 49 66 60 23 21  5 55  - 12 33 10  - 43 36 52 34 17  8 69  - 24 57 61 37 58
 36  8 32 15  -  -  - 61  - 12 18  -  - 25 41 67 17 34 16  1  7 60  4 55 19 64 69 29 54  5 24 48 52  - 35 57 68  3  9 20 37  6  -  - 14 47  - 44 63 26 31  - 10 66 43 56  - 39 38 50 13 45 22 58  - 70 51  -  - 11
 47 59 33  - 48 66 44 11  - 22  - 58  -  -  9 68  - 24  - 26 45 65  -  - 41  -  - 27  - 10  - 50 18  - 29 70 17  -  - 39 67 34 63  - 51  7  - 53 12 25 19 13  - 40  - 14 28  1 55 37 30 62 35  -  -  -  -  -  -  5
 41  - 40 35 65 53 25 27  - 11 62 18 70 26 28 48  - 68  - 61 58  - 52 47 16  - 63  9  -  7 59 23 31  -  2 36 30 33 10 15 54 42  5 12  - 67 56  4 49  6 29 43 57 22 69 21  - 19  1 66 20 64 55 24 37 17  3  - 38 44
 29 38  8 70 15 42 67 63 11  -  6 60  - 41 54 19 44 62 26  - 39  - 32  - 69 28 18 45 57  - 50 25 53 61 31 68 55  - 22 35  -  4  2 52 34  -  - 17  - 56 33  - 47  - 37  - 65 23  -  9  1 43 13 51 40  - 12  - 27 10
 12 19  -  - 41 34  2 62 25  - 33 40 28 20 10 58 29 50 38 18 60 54  - 14  -  4 57 68 53 39 23 21 61  7 27 11 22 47 31 43 26 36 51 42 59  -  9 65 46 44 45 17  -  - 64  1  - 13 48  - 56 63  3 67 69  8  5  - 35 52
 40 41 10  3  - 58  7  - 45  - 30 35 36 24 43 12 48 15 62  - 26 31 50 25 27 44  1  - 19  - 63 17 39 38 28 42 51 55 54 52 49  - 61  -  6 20 11 29 66  -  - 60 32 64  9  4 68 53 18 56 67  - 46 47 16  -  - 13 59 37
  - 65  - 42 47 38 57  - 59  - 52 70 13 31 36  7 26 41  - 43 16 55 12  - 32 23 51 63 67 48 53 46 28 19  9  - 34 54  - 44  - 58  -  1 49 50 69 56 45 17  - 68  -  2  - 62  -  - 24 18 14 11 40 35  -  - 29 10 61  -
 49 69 27 34 21 15 24  9 57 36  - 11 53 44 40 50 20 30 25  -  - 64 17 45 26 12 56 59 28 54 48 66 23 16 18 41  6 38 13  - 61  - 14  - 46  -  4 33  5 52 42 10 35 51  - 60  -  - 39  3 68  -  - 62 22 37  1  - 29 32
 43  - 48 64 68  - 14  - 69 16 32  4 57 36 56  3 50  - 39  - 19 26 65  2  - 22 10 42 23 58 44 40 13 41 70 21  8 25 35 49  - 55 54 46  5 61  1 63 37 28 18  9 60 34  7 15 24 30  - 47 17 20 45 52 27 38  - 66 11  6
  -  - 30  6 20  - 65  - 50  5  - 25 62 47  - 39 14 64 59 46 44  -  -  3  1 52 26  -  - 13  - 58 17  - 45  - 33 43 34  -  7 68 38  2 37 31  -  - 27 49 11 21 12  4 19  9 56  - 29 40 63  8 60 42 70 36 41 53 57 54
  1 61 12 26 27  - 63 54  - 23 48 57  - 39 32 64 45 22 35 14 53  5  - 33 68  6 31  -  -  - 56 29 20 18 25  2 40 67  7 51  -  3 24  - 58 11 62 28 30 41  -  - 13 60  - 65 16  - 15  - 37  9  4 36 59  - 19 50  - 46
 22 70 24 68 56 14  3 41  4  - 47 16 10 67 66 49 69  -  - 37 59 42  - 19 50  1 55 20  7 43 52 27  9 26 33  - 54  8  6 32  - 18 60 30 15 21 57  - 62 23  2 31 34  5 11 13 36 44 63 29 51 38 48 12 58 39 17 35 28 65
  - 49 50 52 31  8 42  2  - 29 20 62 47  7 46  1 24  -  4 28 65 53 30 27 39 54 36 51 15 59 61 38 25 10 58  9 13 34 67 14 12 43 37  - 19  - 32 55 69 57 44 41 70 33 21  - 26 63  -  - 48 66  - 11 56  6 23 17  - 68
 20 11 60 17 62 24 52 35 27 50 56  - 54  - 70 38  7 33  3  - 14 44 61 30 51  9 28 39 63 40 65  - 48  1 36 49 42  5 43 22 23 37 64 15 57  6 26 66 10 32 67  -  - 19  - 18 47  -  2 12 16 69  -  8 55 68 59 29 34 45
 52 14 29 60 58  - 68  - 13 67 44 66 19 21 63 33 65 10 45 57 27 16 46 23 15 31  - 55 36  9 18 34 50 11  -  - 49 53  5  6  - 30 28 59  7  4 70 38 20  2 54  -  - 42 26 61  8  - 40  -  -  1  -  -  - 69 25 22 62  3
 68 36  - 22  - 35  - 12 64 49 26 34 46 18  8 24 25 59  - 60 70  2  - 38  6 69  -  - 44 15 33 45  - 21 48  - 61 42 51 62  3  7 39 29 40  - 28 23 65  -  4  -  -  - 10 43 66 55 20  5 54  - 52 14 32  9  - 11 31 27
 51 16 25 56  -  5  - 33  - 58 65 24 40 46 11 59 55 29 53 68 21  - 27  - 12  - 34  -  - 17  9 41  -  3 43 37 38  - 66 30  - 20 52  7 48 69  -  2 13 45 26  - 61 47  6 70  - 62  - 57  - 10 49 28  1 44 60  -  - 50
  9 28  - 19  - 49 18  -  3 53 12 23 21 33  - 62  - 44  - 38 36 27  - 66 47  - 59 24  2  - 41  - 11 46  -  -  -  6 45  - 68  -  - 16 30 42 63 31 40  1 51 15  - 32 56 35 67  4 64 20 22 13 70 39 50 61  - 57 58  7
 56 42 13 41 67 70  - 57  7 47 31  -  9 64  -  - 35  5 52  8 30  6 60 36  4  -  -  - 65 51 69 53  - 24 37 19  2 32  -  - 50 59 15  - 62  - 43 61  3 40  - 48 54 14 63  - 22  - 21 11 44 18  1 10 23 45  - 68 12  -
 39 26 23 13 18 57 48 40 62 10 66 19 35  5  -  - 36 28 58 29  - 34 33 37  8 51 32 49 14  - 27  -  4  -  - 60 63 46 44 56  2 45 69  - 17 70 65 21 50  -  - 67 41 43 15 22  6 38 30 24  7  - 54  - 11 42 55 47  3 12
 37 27 55 14  - 45 46 69 26 25 50 49 11 29 12  -  3  - 65 62  - 66  -  -  -  - 54  4 59  -  - 43  - 23 41 53 31 22  -  9  1 24 58 40 68 33 34 16 17 18 47 51  -  -  5 57  - 36 52 35  2 28 44 21 42 64 56  - 39  -
  -  4 51 59  - 37 66 56  5 63 57 52 14 23  2  - 39  7 12  9  -  - 34  1 46 49 29  8 17 27 36 30 55 31  - 67 10  - 61 42 35 32 50 69 22 65 68 18  -  3 58 20 16 62 38 44 64 28 19 21 43 40 11  - 15 54  6 45 33 48
 66 31  7 43 69 55  6 45 18 13  1 59  2 56 19 25  - 38  8  - 42 33 58 54 57 26 39 37 62  - 49 10  -  -  5 48  - 60 14 21  9 64 17 41 24 53 52  - 22 61 63 11  3 36 44 51 35 65 47  - 27 34  - 32  - 46  4 15  -  -
  - 48 39  - 22 21 35 53  8 64 14 43  - 66  7 18 68 63 61 55  - 17  - 40 36 32  - 65 46 56 67 24 33 27 23  4 57  - 62  -  5 70  - 25 11 26 12 51 58 34  -  - 52  1 47 16 44  - 69 45 15 19 42  - 41 49 38 59  - 31
  - 25 16 27  -  - 13 26  - 68 37 69 55 34 57  - 33 17 18 44 48  1 21 24  9  - 40 31  5 60 29 42  8  -  -  - 12 64 15 19  - 53 41 67 32 43 45 54 59 63 61  - 11 38 14 49  7 58  - 51 46 47  - 50  - 35 62  - 66 22
 64  5  - 16 51 19  - 32 33  -  - 37 22  -  4  8  -  - 15 10  -  - 18 63 55 36  9 21 41 35 34 57  6 62 54  - 60  -  -  -  - 44 67 26 13  -  - 12 28 24 68  3  - 20 46  - 11 52 70 14 61  7 17  - 47 29 66 42  - 53
 48 50 22  -  6 61 30 24 67  -  -  2  - 62 37 52 43 53 13 27  - 29  - 58 38 34 41 56 25 12  3 31 47 20  8 54 35  - 40  7 57  - 65 44 55  - 14 45 11  4 60 66 42 17 51  5  - 64 68 69 36  -  - 59  - 21 32  9  - 16
 45 66 59 40  -  - 26 23  - 38  9 21  - 65 30  -  - 43 22  - 37 58  - 31 17  -  7  - 10 14  - 61 60 15 62 29 50 44 47 12  6  - 11  - 20  2 27  -  -  - 35  -  5 46 55  3  -  -  -  - 24  4  - 57 63  - 42 39  - 18
  2 30 61 33 54 16 17 43  - 19  -  3 25 10  - 63 37 56  - 40 57 68 59 51 11 29 14  - 49 45 39  - 27 67  - 32 44 31 64 26 60 52  -  - 41 38  -  9 47 22  6 34  4 28  -  7 13 46 53 42  - 65 24  5 62 50  - 20  8 69
 24 45  - 67 42 50 10 39  - 69 61  - 37  - 26 40  - 31 43 15  -  -  - 64 44  - 65  -  -  2 25  -  1 13 59 35 28 66 58 53 38  - 70 20  -  - 46 11 48  -  8 18 33  - 12 29 62  3  6  - 55 54 57 22  5  -  - 23 17  -
 70 29 49 57 66 20  -  - 40 46 21  -  -  9  - 55  1 39 27  -  -  7 44  - 56 45 42  5 34 67 19  - 65 12 63 59 14 26 28 18 13 11 32 43  8  - 60 50  - 54 62  -  6 58  - 30  - 33 17  - 25  - 15 68 52  -  -  3 48 36
 46 47  -  - 19  2  4 55 30  - 45 48 61 58 16 14 11 40 69  5 43 12 31 15 63 18  3 66 37 34  - 52 36  - 44 10 27 49 17  - 39  1 59  - 38 22 50 41  -  - 13  7 53 25 28 42  - 54 62 60 26 70 21  6 68 20 35 33 64  8
 61 54 47 39 50 13  - 34 65 37 19 30 17 15 49 41 58 66 24 32 40 18 51 59 22 38 27  -  - 33  - 14 64 29  7 63  -  - 26 55 36 21 23 11 52  5  3  1  -  - 57 25 62 45 70 46 42 35 28 31  8 68  - 48  -  - 44 12  6  -
 21 39 56 24 28 51 41 17 44 52  - 31 12  -  3 37 62 20  -  7 10 19 14  6 67 33 68 69 38 57 70 35 49 63 11 66  - 18 55  - 58 15 36 53 54 59  2 47 25 13 50 29 65  8 40 27  - 42  -  -  - 32  -  -  9 30 22  - 45 26
 63  2 20 21 32 46 12 14 55  7 15 56 23 17  -  -  - 49  - 51 31 62 42  - 28 58  6 26 11  4 16 64 45 44 50 43 24 70 60 54 66 69 10 37  -  - 18 35  - 36 48 61 19  - 27 47 41  9 59 30  3 39 67 34 53 13 40  8 52 38
