3920
 58 50 44 67 69 25  2 53 39 29 20  - 35 51 27  - 70  8 47  - 15 34 21 33 57 43  - 36  - 56 48 30 54  - 28 18 60 16 52 63 22 37 26  -  -  - 31 24 62  7 38  - 23 17  -  5  -  -  6 59 55 41 66 42 19 45  - 32 10 61
 27 47 19  9 48 15 50 39  - 25 65 58 38  - 46 20  -  2 33  1 69 22 51 30  - 26 67 37 18 49 35 54  8 21  - 44 64 52  -  -  - 60 55 29  -  7 53  -  - 31 56 32 34  - 45 66  4 36 17 13 40 61 24  3 10 28 62 42 23 16
  -  2 47 48 36 26 32 38 60 44  - 40  -  - 64 28 65 39 67 57 12  7  -  6 53 33  - 43  9  - 10 63 51  -  3 34 27  - 58  -  - 35 59 42 24  - 45 30 31  -  4 68 37 15 29 21 13  8  5 14  - 17  - 55  -  - 61  -  - 19
  5 10 55  - 37 57 61 62 22  - 32  -  - 65 70 18  - 45 49  3  - 59  - 64 44 28 16 23  - 33 47 51 15  -  -  - 30 21  -  - 42 17 14 19 68 39  8 46 38 67  6  -  4 48  1 20  -  -  2 60 63 24 41 43 35 34 66 36 54 40
  9 53 39  2 31 62  1  - 61  6 67  - 19  - 49 60  5 43 51 47  - 29  - 41 55  8 42 13 17  - 24 10  - 22 64 20 16  - 30 59  - 25  7 15 27 46  3 44 63  -  - 65 69 58 48 18 35 11 23  - 21 52 57  - 12  - 28 33 70 45
 25  6 35 10  - 54 20 61  - 48 45  - 60 33  - 64  -  - 11 32  2  4 40 63  -  - 36 70  - 16  -  -  5  7 17  - 43 15 37  9  -  - 47 12  -  -  - 67  - 19 30  - 38  - 28  - 69 52 22 68  8 62  - 27 57 14 50  -  - 41
 17 37 51 40 54  - 49 36 47 16  -  - 65 22 15 24 60  9  -  - 38  8 28 57 26 53 64 30  - 63 19 59 56  5 55 14 67 45  - 44 58 21 12  3 33 62 10  2 18 39  - 29 31 35 68  - 41 66 50  - 69 25  - 70 42 20 48 23  -  -
  -  - 50 46  - 19 22  -  9 65  1  - 63 16 28  - 58  - 44  2 56  5 13 31  - 40 34  - 57 20 61  8 49 68 70 15 62  3 54  -  - 67 48 38  -  -  - 26 11 42  -  - 30  - 17 41  - 24 27  - 33  - 12  - 23 69 21 52  -  -
 69 40 70 11 34  - 44  8 43 15 61 64  9  1 21 10  - 35  -  - 49 16 39 19 36 38 33 26 58 47 12 57 25  - 24 53  - 13 65 52 48  3 27  6 30  2  7  -  4 60 68 54 63 45 14 32 29 50 37 41 20 31 42 23 67 66 17  - 18 28
  - 28  6 57 32  7 66  - 49 11  - 62 44  3  8 25 43 67  - 24 17  -  - 69  5 16 18 40 59  - 55 39 38 15 56 12  -  - 10 48  - 46 42 27 53 22  1 60 58  - 54 50  2  - 31 64 34 35  9  -  4 70 19 33  - 52 41 14  - 47
 37  - 53 69  - 36 19 23  - 22  - 65 41 18  - 58 35 63 29  6 32  - 68 16 14 20  8 12 10  -  - 13 42  -  9 27 33  - 61 60 30 56 15 55 44 47  4  3  1  - 26 43 28 40 39 49  2 25 52  -  -  - 34  -  - 54 67 57  -  7
 12  9 54 61  - 66 27 59  - 34 49 21 56  -  - 26  8 25  -  4 55 45  -  -  - 14 39  5 31 46 17 70 36 37  - 29 50 62 60 67  - 15  - 33 69 48 47 18 19 53  - 64 13  7 43 42 40  1 57  - 44  - 52 20 32 65 68 24 35 51
 14 70 43  4 47 13 68 44 27 61 30  - 49 40 39  -  3 54 23  - 20 42  - 59 25  5  -  - 60 69 46 33 26 35  -  9 21 11 63 31 34  6  2  - 41 29 19 28 51 12 48  1 17 56 52 15 24 22 32  -  - 37 36  - 65 57 64  8  -  -
 26 24 17 51 19 29 57 28 46  - 42 56 39 10 13  4  - 30 35 12 70  1 60 66 15  -  6  -  - 59  - 40 47 25  - 52  - 38 45 68 41 54 32  - 34 23 20  - 53 48  - 69 43 14  - 58 67  5  -  8 65 49 55  9  -  -  - 16 21 44
  8  5  - 25 16  2 41 29 57 47  - 19 54 20 66 14 42 17  -  9 67 56 50  4 30 55 13 31 48 60  6 37  7  - 15 11 28 59 70 33 26 24 10  - 52 51 34 65 40  - 22 61 32 21  - 69 46  -  - 44  -  3 45 58 64 38  -  - 49  -
  3 20 45  - 23 60  -  - 28  - 38  -  -  -  - 62 66 56 42 22  -  6  8 44 18 46  4 41 14 29 43  -  - 17  - 67 65 68  -  -  - 13 52 34 50  - 16 40 12 15 70 24 25 49 36  - 47 57 10 37 39 64  9 21 51 27 30  - 32 48
 24 69 59 54 45 65 17 52 16  - 53 49 42 19  2 31 67  -  - 27 37  -  - 21 61  -  - 11  -  - 50 55 43 32  - 68 35 34 13  1  -  5 22 58 39  4  -  8 28 46  - 70 62 66 51 25  -  6 40  - 30 63 26 44  - 12 29 20  7 23
 13  -  -  - 43  - 28 14  - 64  5 69 55  - 24  2 18 53  - 68  - 10 26  - 17  -  -  - 29  - 58 31  3 49 66 57 47 39  4  7 46  - 50  9 35 40 67 23 20 27 32 48 12 30 15  6 44  - 36 54 51  -  - 59 45 63 42 34 38 65
 42  - 57 19  - 49 12  - 67 58 63 32 29 52  7 39 51 20 10 46 50  3 53  - 21 64 37 69 27 31 45  5  - 62 68 17  -  - 56  8 15 28 23 44 40 34  2 11  -  - 18 36 59  9 24 22 25 48 55  1 60 30  - 47 38 13  6 54 43  4
  - 16 37 52 41 38 51 12 45 56  7  8 33 43  5  - 29  -  - 63 61 46 24 20 70  3 17  - 19 10  -  6 44 36  -  2  - 28 67 13 27 59 31 22 25 53  - 39  - 58 69  -  -  -  9 30 48 15 26  - 42 60 23 68 47  4 11 18  1 21
  6  - 10 21 64 31 38 55 56 46 47 59 27 58  4  5 13 23 52  - 60 62 48 40 33  - 26  -  1 67 28 11 68 43 18 36  8  - 15 70 14  - 37 65  3  - 32 41 42 34  - 49 44 20 69 45 22 12  -  - 29 35 51 57 30 39 16  9 66  2
  - 38 41 70 21  - 14 11 13 51 33 47 30 17  - 44 54 50  - 28 62 61 57 60 66 19 68 22  - 35 23 69  - 55 67  - 32  5 16  - 18  9  - 63  - 42 65  - 37 40  8 20 10 52 53 48 26  - 12  6 24  - 49 29  - 43 59  -  3 34
 55 22 49 37  - 68  -  -  1 13 28 24  4 54 43 30 63 41  - 39  9  2 67  - 51 56 12 48 61 18 15  3 20 57 40 45 53 27 21 47 60 16 19  8 23  - 26 38 25 10 44 33  - 11 50  -  7 58  -  - 52 36 69 62 34 46  - 17 59  -
 47 44 20 16 57 23 15 13 31 28  -  -  - 41 33  3  9  1 37  - 11  - 32 58 39 51  - 61  4  6 69 36 52 40 34 22 48 19  - 12 43 65 63 30  - 35  -  - 10 49 45  -  - 25 26 24 17 55 60 42  -  - 59  -  2  8  7 50 56 54
 31  - 22  5 26 27 42 32 18  - 50  2 11 29 10 45 46  -  3 41  -  -  4  - 23 12  - 66 49 15 14  -  - 34  - 21  - 69  9 30 57 38  - 24 56 52 48  - 60 54  - 25  - 62 59  - 39 20 67 16 53  - 65  8  -  - 55 43 68  -
 33 34  - 45 65 32  -  - 53  4  - 23 57 67 19 16 39 42 68 26 25 30  1 56 59 70 40 51  8  -  2 22 60  -  - 13 37  - 49 28 50 47 43  -  - 17  - 20 24  3 10  7 48  5 54 12  - 29 61 11 66 55  -  - 44 18  9 62 36 63
 51 29 48 68 20 59 65  - 14  7 39  - 28 27  - 67 38  - 62  5 23 64 16  - 12  - 69 35 13 53  4  - 63 30 60 31 24 44  6 49 17  - 66 32 43  -  - 15 47  -  - 57 36  - 46  - 52 42 34 21 54 40 70  - 55 11  -  -  2  -
  - 48 58 55 56 53 11 65  7  -  - 50  8  - 47 22 49  - 66  - 35 36 12 43 42 37  - 54  -  - 21  -  - 63  1 59 23  6  - 61 70 62 16 40 57 60 52  - 68 20  5  2 33 69  -  - 27 14 44  -  - 39 25 41 24  - 19  -  - 38
 60 15  4 33 17 52 31  7  - 43  - 51  - 39 55 47 57 59  - 23 10 25 46 42  -  - 24 58 44 64  - 27 28 26 48 16  -  8 18 22  9 32 35 13  2  -  - 63  -  - 21 40 41 36  - 54 14  3 19 61 50 11  -  - 68 49  -  - 69 29
 40  - 27 18  - 51 45  1 24 66  - 20 64 23 14  8 44  6 69 35 34 52  - 53 10 41 50 17 16 36 26 43 30 33  -  -  - 57 47 62  5 39 49  7 48 12 61 56  2 55 25 60  - 70 32 63 68 46 31 19 67  4 29 28 58 59  3  -  -  9
 39 66  3  1 27  -  7 50 11 63 26  9 68 24 38  - 16 61  - 30 43 70 17  - 60 65 19 44 45 52 37  -  4 18 35 64 49 58 48  5  2  -  - 10 31  8 23 59 15  -  - 21 47 32 13 57 55 54 33 29  6 69 20 25 14 51 12 53  -  -
  - 27  - 66 50 64  - 54  - 31  - 52 37 53  - 12 61 11  7 56 42  9 59 10 49 69 21 47 39 45 62 44  -  6  - 28 68  - 46 19 55 30 65 17  5 57 35 70 41  -  - 58 26 60  - 40 32 43 29 25  3 48  - 16 63 24 18  1  - 20
 16 59  -  3 70 69  - 27  2 19 10 39 26 48 31 34 17  - 41 25  8 18 44  - 13  - 20 29  - 12 40  - 65 23 53 37  - 51 14 32 21 36 68 28 62 67 64 33  7 47 52  6  1 22 66 46 57 49 38  9 58 54 30 35  -  -  - 60  5 42
 32 67 12 35  - 16  - 58 44 10 21 60  - 62  - 50 14 13 54 70 40 27  2 49 24  - 30 65  5  -  -  - 37 47 33 42 38 53 34  3 23 48 25 26  8 69 39 31  - 57  - 55 11  - 56  - 59  - 18  - 17 19 68  7  4  6 15  - 20 46
 30  - 42 41 44  - 21 46 33  2 35 28 20 63  6 38 52 64  - 51  5 17 62 27  7 58 61 25 34 65  3  - 40 60  -  -  -  - 24  -  - 31 56 47 11  - 15 29 23 43 37 45  -  8 57  -  -  - 59  4 36  9  - 53 69 68 22  - 48  -
 61 60 65 17 33 70  4 30 29 50 57  - 47 42 18 35  - 46  8  -  1 63 55  -  - 68 43  - 11 22 38 52 34  -  7 58 15 49 20 27 28 66 45 14 64 44  - 32 21 23 62 39  9 10 67 13 31 26  -  5 19  6 48 51  - 40 25 41  - 69
 18  8 32 13  7 34 16 66 40 53 25 44 23 15 48 69 20 33 43 21 68 39 22 45 19 24 47  -  - 17  1 12 50 59  - 65 29 42  - 58 67 14 38 60 36  - 49 10 55 28 31  - 56 51 63 62  3 70  - 46 11 57 61 64 26  9  4 35 41  6
 44  - 14 43 67 39 24 69  - 52  - 53  - 61 23 66  4 49 17 15 47  - 29 28 40 10  3 19  - 21 60 26  - 16 20 55 22 48 42 36  8 64 30 50  1 58  5 12 54  - 65  -  - 33 11 31 62  -  - 56 34  7 35 37  - 70 63  2 25  -
 19 54  1 65  5 58 59 57 37  3  - 18 17 50 34  - 25  - 38 44 14 69 20  -  4  - 70 52 66 43  7 49 45  2 31 32 39 33 41 15 40 22  -  -  9 28 68 27 48 61 60 63  8  - 21  -  - 56 53 62 10 26  - 12 36  - 23 11  - 30
 36  7  2 15 39  -  -  -  4 26 44 42 40  8 52  6 50 66 55 53 54  - 33 51 69 34 41  - 65 11 13 23 24  9 45 62 31 17 38 10 29  - 61 56 19  - 57  -  - 14 43 22 20 16  5 59 12 37 49  - 48 18 32 46  3  - 60 64 30 70
 23  -  - 34 30 40 62  -  - 42 69 61 53  - 59 19 11 18 48 14 51  -  - 12 27  7 22 21 70  9 32 38 58  -  2  6  -  -  -  - 25 50 54  5  - 31  - 35 56  - 16 28 15 39 49 68 33  4 46 20 57  1  - 63 37 60 47 44 26  3
  2 31  9 42 58  - 30 48 65  - 17  -  1 26 37 51  -  - 45  8  7 21 19  - 34  6 52 63  3  -  - 68 53 20 11 23 14 60 64 35 16 10 44 36 49 43 55  4  - 62 67 18 66 41 25 70  5  - 47 28  - 22  - 13 39 29 38 46 40 24
 59 65 11 53 22 55 69  3 19 41 54 66 13 47  - 57 21  - 36 16  -  -  7 37  8  - 62  - 33 26  - 60 32  - 51 63 10  2 40 38 39 20  1  4 15 68  9 42 52  - 58  -  - 29 27 28 23 17  -  - 70 44 43 31  -  - 24 56  - 49
  - 63  8  -  - 18 33  -  5 37  -  3  - 55  -  1  - 48 58 65  - 23 36 14 29  - 32  - 51  - 11 16 62 53  - 49 19 31  -  6  - 26 21 70  4 66 38 69 43 17 42  - 24 12 35  - 10 34  7 57 47 20 60 56 54 67 46 61 27 25
 46  -  - 64 51  - 47 40  - 20 34 11 10 44  3 49 28 31 59 38  4 48  - 62 54 67  2 42 35  - 30  7 21  - 61 26  - 70 66 53 56 19 60 23 58  - 33  -  - 68 12 52  - 37  8 55 43 41 24 36 25 16 18  6  9  5 45 27 15 39
 11  3 56 60 13  -  - 34  - 27  4  5 51 31 26  -  - 38 61 20 28 12 66  2 67 22 65 32  - 19 70  -  -  - 43 47 69  -  - 21  - 18  - 54  7 10 42 62  9 63 57 46  -  6 64 29  -  - 16 24 23  -  -  - 53 55 39 25 44 52
  - 68  -  - 10 17 39 19 36  8  - 35 66  -  - 65  2 55 64  - 48 31  - 23 52  - 11 24 56 70 42 29 12 61 26  4  - 40 43 69  3  1  - 53 22 54 30 16 14 13 41 15 58 59 38 50 60 44 28 51  - 34  6  - 21 62 37 47 46 33
 67 36 52  -  3  9 58 64  - 35 12 43 14  2 53 29  1  - 46 34 21 57  -  8  - 31 45 38 20 68 49 19  - 56 44 69  7 22 11  - 59  -  - 37  - 61 40 54 17 24 28 27  6  4 33 23 16 18 70 15 26 42 47 48 60 50 32  - 13 66
  - 45 21 14 40  - 10 37 62 49 58  6  - 59 35 63 32  4 20 29 19 11 64 48  9 13 56 18 25  2 27 53 67  -  - 66  - 30 57 24 51 68 33 69 16  - 28 52 22 36 39  - 60 46 55 34 70 23 15 65  7 50 17 38  1  - 54 12 47 26
  - 46 30 63 49 48 40 70 26  - 27 13 24 66  9 32  - 57 31 18 33 19 61 68 35 36 25  8  -  -  - 65  6 64 23 10 59  4 50 41  -  7 58  -  -  - 43  1 44  2 53 56  5  - 37  - 51 67 21 17 22 47  - 52 62 15 34  3 28  -
 63 62 68 12 15 20 53 43 69  - 55 54 22 56 51 13 40 70 30 60 57 66  -  - 16 59 49  4 46  7 52 21 18 19 42  8 41 47  - 29  - 45 11 39 28  3 14 50 65 64 33 17 61  -  6  -  -  2  1 67  9  - 10  - 48 35 58 26 31 27
 35 23  5 27 46 67  6  - 20  1 19 14 32 30 29 42 24  -  4 31 36 55 49 15 64 18  -  - 21 62  - 25 10 38  - 40  2  9 51 45  - 52 69 48 54  - 50  7 39 37  -  - 16 34 47 44  -  - 41 53 61 12 13 11  - 17 70  -  - 60
 20 12 28 31 52 43 54 18 64 32 23 30  -  5 68 53  - 21 57 33 39 15 34 22 63 48  9 46 38  - 51  -  -  - 69 35 17 55  - 40 65 49 29 41 60 36 25 66  3 45  - 16 67 42 58  4  - 47  -  - 27 13 14 26  6 10  1  7 24 59
  - 55 34  6  8 41  - 49 35 38  - 27 59 28 65 15 31 60  - 58 52 20 30 39 32 44  -  - 64 51 25 62 22  - 54  - 45 29 26  - 66 43 17 18 67 13 63 14  - 16 36  3 57 47 42  - 19 10  4 69 37 33 50  -  7 23  2  - 12 53
  7  4 13 36 59 10 37  -  6 40 14  - 58  - 60 48 30 12  9  -  3  - 42 25 20 47 57 39 23 54 33  - 55 28 29 61 70 65 22 46 19  -  8 11 66  - 24 21  -  -  1 62 53 67 41 27 38  - 43 34  2 45  -  - 16 32 52 31 50  5
 54  - 64 62  -  4  -  2 42 70 11  - 34 60 45 41  7 51 50 17  - 32 47 35 65 63 55 49 28 40  8 18 16 14  - 30 58 37 29 39 31  - 57 20 12 27 69 36 33  5  - 13  - 24 19 52  - 21 48 66 43  - 56  - 59 44 10 67 53  -
 15  1 67 32 25 24 60 26  - 54  8 63 36 64 11  - 47 58  - 48  - 13  - 55 43 52 31 50  - 41  9 46 70 42 21  - 51 12 39 34 69  4  3  - 18  -  -  5 30 22 19 66 35 44  - 10 56  7 20 38 28 65  2  - 29 53 40 37  - 62
 22  - 60 39 14 47 63  -  - 57 29 67  - 37 42 36 10  5 13  7 30 65 15  - 45 49 59  1 50  - 54  - 31  -  4 43 34 56 23 20 61 51 18 25 21 38 41 55 46 44 11  - 64  -  -  -  - 33 58 27 12  2  - 69 40 26 35 48  -  -
  - 30 62 29 24  - 48 41 34 33  3  -  6 45  - 37 53 65 60 42 18  - 23 50 56  - 10 20 63 27 39  9 35 67  5 25  1  - 69 17 54  -  -  - 26 49  - 43 32 38 13 59 21  -  7  - 11 19 51 40 64  - 28 61 52  2 36 70 58  -
  - 39  7 58 55 56 23 47  -  - 16 57 12  4 41  - 59 52 70  - 66 40 54 46 62 42 35  6  - 28 44 34 17 24 65 60 61 63  8  -  -  -  - 51 32 21 27 49  - 30 14 38  - 31 10 33 50 53 45  - 13  5 15 36 25  - 43  - 37 67
  - 49  - 23  4  -  8 45  - 30 13 70 48 68 56 52  -  - 39 66 65 24 43 17  3 11 29 57  2  5  - 35 46  - 38  -  6 10 19 16 63 58 28  - 47 55 18 34 36 21 61 37  - 27 20 60 64  9 42 50  - 14 40 54 22  - 31 59 33 15
 41 35  -  - 12 30  9 15 21 24  - 17  3 70 16 40 68  - 34  - 59  - 11  - 48 32 66 45 22  4  -  - 64 31 37  5 52 26  - 42 47 23 13  - 61  -  - 53 50 29 49 67 19  2 18 43  6 65  8 55 62 46 38 10 27 58 51 69 39 14
 65 42 18 47  2  8  3  -  - 21 22  -  - 57 44 70 27  -  - 55 46 51  5 38 50 25  7 56 37 32 36 48  - 10  6  -  - 24 31 43 35 69  9  1 63 16 66 13 59 52 64 34 29  - 62 19 20 61 39 45 68 53 11  - 49  - 26 28  4  -
 21 25  - 44  6 11 64 10 15  -  - 16 45  9  - 43 26  7  1 52 31 28 35  - 22  - 51 59  - 57 56 20 48 70 30 39  5 41 12 37 24  2 46 49 55 50 29 19  8 69 47  4 42  - 60 67 53 27 14 58 18  - 62  - 17  3 33 13 61 32
 53 41 36 24 66 28  - 60  - 59 52 10 21  -  - 33 48 27 14 43 63 37  - 29 31  - 46  - 47 44 20  - 19 50 58 38  4 18 35 57  6  - 34  2 13 45 51 25 67 26  -  8 39 65 16 11 54 62  - 23 15 56  - 30 61  -  - 40 64 22
  4 33 16 49  1 42  -  5 55 45 62  - 46 12  - 11 56 28 24 40 41 60  9 36 38  - 15 27 53  8 68 14 57 54 10 50 44 32  - 18 64 70 39 43 51 59 58 61 26 25 20 23 52 19 34 17  - 63 35  -  -  -  7  2 66 47 65  -  - 37
 49  -  - 20 60  6 55 51 54 39 43 48  7 34 30 27 22  - 12 62 13  - 41 18  -  9 23 10 67 24  5 50  -  - 19  - 25 35 36 64  4 29 53 52 17 15  - 45 16 59 66 42  -  -  2  - 37 32 69 26  1 21 44 65 28 33 57 63 11  8
 68 64 33  8 11 35 36 20 58  - 56 12 31  7  - 55  6  -  5 10 16 49  -  - 28  - 27 34 42 13  - 66  - 39 41 19  9 67  2 50 52  - 24 59 38 70  - 48 45 32 46 51 54 61 23 26 63 60 25  3 14 43 53  - 15 21 44 30 17 57
 28 58 66 38 42 14 18 22 23 62 48  -  -  - 57 61 34 29  2 19  - 43 10  -  6 54  5 60 40 55 16 15  9  4 49  3  -  - 17 51 20 12 70 68 37 26 11 47 27 35 24 53  -  1  -  7 21 30  - 33  -  - 39 32  8 31 69  - 63 56
 52 51  - 50 61 63 56 33 38  -  2 29 70 69  1  -  - 16  -  - 24 54 31  5 47  - 44 67 43 30 66 32  - 65 14  - 20  7 28 26  - 57  -  - 42  - 60  9 34 11 55 10 18 64  3  8 45 40 62 39  - 15 58 17 13 22  - 68 19 12
