3920
 39 42  - 53 56 46 36  6 54 69 50 55 64  -  - 61 32 66 30  2 18 22 13 52 28 41 65  - 63 67  - 27 49 12 19  1  3  - 38 70  - 40 51  -  - 48  7 24  4 37 34 26 14 29  9 20 10 21 25  8 59 35 33  - 11 43 60 57 68 16
 67 20  - 18 13 55 57 44 35 54  -  - 50 41 56 16 25 40 42 33 12 43 34 48 24 53 14 38  - 15  - 17 59 21 45 62 58 19  6 51  5  3 52  8  7 37 70 22  - 69  - 64  -  2 28 36  - 39 23  -  4 10 30 32 66 65 46 60 63  -
 12 41  - 70  - 11  -  2 14  - 55 23 20 60 13 27  - 49 17 59 39 37 24  - 10 48 21  6 51 54  - 19  4 28  7 22 50  1  3  8  - 16 68 36 18 64 33 47 29 43  -  9  - 25 45 42  -  - 57 35 34 61 31 62 46 66 44  - 56 63
 22 36 69 63 25  9 33 54 47 31  5 21 23  -  - 48 34 16  - 64 19 67 44 17 37 39  3 24 29 56 60 55 58 14 35 27 30 51 52  1  4 12 11 41  6 43  -  8 59 53  7 18  - 57  2 49 61 62  - 45 10 65 38 26  - 70  - 13 46 15
 59 51 43 39  -  - 28  - 69  1 31  4  - 33  - 67 48 30 21  -  -  -  -  9  6 60 19 41 11 37 15 20  - 45 66 64  - 23 57  - 55 53  -  3 26 38 42 12 32  - 54 36 27 10 22 25  - 52 24 70 61  7 44 29 58  8  - 40  -  2
 60 18 29 51 63 47  1  -  2 52 68 65  -  - 17 15 37 41 34 26  9  - 28 56 40  - 59  - 70 57 39  - 10 27 61  - 42  - 30 35 20  -  - 14 33 55 54  - 53 13 19 69  8 22  -  5  -  - 48  -  7 58 12 43 21 38  - 11 36 23
 40  - 41  -  -  - 21  - 65 32 47 15 39  5 10 50 56 63 67  4 38  6 58  8 19 31  -  - 55  -  9  1 66 26  -  - 53 60 62 68 43 11  2  - 12 46  -  - 18 24  -  -  7 20  - 35 29 36 34 28 14 33 57 42 44 52 69 22 30  -
 46 19  - 54 48 43 69 56 53 10 16 33 40 32  - 62 42 35 29  -  1 63 23 65 26  - 17  3  -  - 49 50 15 18 12 39 52 36 14  2 38 68 70  - 66 21 31 57 24 59 37 28  5 60  8 34 44 20 22  7  - 30  9 41 13  - 45 67  4 64
 55 12  -  3 51  8  -  - 63 41 20 61 11  -  -  -  5 36  - 56 46 57 29  6 32 59 15 34  2  9 45  - 25 37  - 26 10 31 47 24  -  4  -  - 17  - 27 30 48 14 58 70 64 65 33  1 52 13 60 38  -  - 28  7  - 67 22 42 21  -
  -  2 48 25 57  - 53 65 40  4  - 47  8 34  1 36 26  5  7  -  6 12 33  - 21 69 66 42 61 44 63 67 29 55 17  - 60  - 56 23 70  - 38  -  - 18 28 43 37 11  - 27 51 30 14  3 45 10  - 19  - 31  - 22 24 46 50  9 20  -
 25  -  3 15  7 31 49 20  -  - 14 69 57 58 11 13  - 38 63 27 67 64  - 42  1 44 18 66 23 10  - 22 62  - 43  -  -  - 19 60 12  8 53  -  -  -  -  4 41 65 33 34 47  9 51 29 24 50 28  -  - 52 59 56 30 61  5  -  2 32
 34 67 25 13  - 57 26  - 37 51  - 30 41 23  8  - 58 19  - 61 62  - 64  - 60 18 39 46  - 29 53  2 32 24 40 20  1 68 27 50 63 65  3  9  5 28 21 33  - 36 15 59 43 12 17 22 42 49  4 55 56 69 70 14 16  7 52  -  - 48
 26  - 40  - 59 53 25 70 46  - 17 44  - 16 37 20 35  7 14  - 31 52  9 11 43  1 56 47 60  5 55 57 54 36 62 33 49  - 61 18 69 38 10 51  - 22 13 67 58 39  -  2  - 66 34 21 64 42  8  - 27 15 65 23 63 32 12 41 45  -
 47 24 34 41  - 32 37 49  - 63  3 36 17 54 48 28 14  9  - 40 15 44 46 61 22 30 20 59 43 68 67  -  - 39  -  - 26 62  - 64 50 66 45 33 13 31  - 42 12  5 51 65 11 38 52 56 55  8 29  -  - 70  - 25  - 16 18 53 69 27
 49 17  - 21 34 36  - 67 27  3 45 32 62 26 30 41 23 55 37  - 14  9 53 25 69  - 46 51 44 63 56 33  5 65 18 35 22 28 54  - 61  - 50  2  -  8  4 39 40 52 42 31  6 48 11 57 60  -  -  -  -  - 68  - 43  - 38 12  - 10
 14 48 60 66 27 69  6 28 70  9 39  2 10  - 38  -  -  1 24 35 26 15 67 12 31  - 16 32 17  8 33 40 64 54 20 51  -  -  -  -  - 36 22  - 47 13 68 21 57 42 23 46  - 59 18  - 56 65 19 61 29 11 55 63 52  -  -  5  - 45
 32 27 67 60 46 44  - 22  6  - 10 37  - 63 31  5 43 59 45 70 66  - 38 26  - 34 30  1  -  7 65 36 68 56 69 48  -  - 33 16  - 35 21 64  - 40 52  - 23 25 28 13 61  3 19  - 58 15 49 62 42 20 29  - 39 18  2 50 53 11
  - 11 35  8  4  - 59 52 17 50  7 42 69  - 65 57 10 37  - 25 41 23  1 24 68  - 40 13 54 66  - 28 45 30  - 63 64 12 55 31 44  9 15 43  - 56  6  - 49 47 38 16 53 18  3 67 70 26 14  - 21  - 32 27 48 62  - 39  - 46
 15 69  - 50 61 28 41  1 11 55 43  7 56 64 26  - 18  3  - 51 13 65 49 53 58 47  2 63 20  - 16  8 24  - 31 30 38  9 22 54  - 60 46 19 42 66  - 68 67  6 62 45 12 21  -  - 34 59 70  - 35  5  -  4 37  - 23 48 29 33
 17  7 36  1  - 62 29  -  - 42  - 12 58 18  -  6  - 15 13 28 35 41 26  - 16 21 11 23  5 64 70 32 65 47  - 34 55  -  - 49 39  -  - 59 19 30  -  - 56 63  8 10 45 31 43 27  4 48  -  - 60 50 40 52 54 37 53  -  - 44
 21  -  - 26  - 59 40 62  4 56  8 50 31 61 63 39 53 58  - 30 60  - 11  -  -  - 64  9 38 34 57 13 52 49 29  -  - 32 51 36 16  1 48  -  - 42 41  3 69  - 35  -  - 54 47 43  -  - 18 12 67 14 46 17  2  6 68 70 65 55
 66 49 10 29  -  5 14  -  -  - 58  - 45  3 27 59 41 46 50 55 17  8  - 30  -  7 22 36  -  - 47  4 12 38  2 19 20 57 32 69 56 24 65 53 34 26 51 31  -  - 63 48  -  - 42  - 25  1 13  - 23  - 37 18 15 40 11 68 52 28
 68  - 33 24  - 49 30 23  - 18 36 60 13 52 66  - 40 54 32 57 37 27  - 46 20 19  8  - 39 62  7  -  - 48 67  - 14 64 69 61 21  2 12 28 50 70 34  - 10 56  - 38  - 16 29 51 59 58 26 43  - 42 41 11  3 22 25  - 31 53
 36 63 28 58 24 17 34 42 29  7 30 43 27  1  - 46  8 26 10  -  - 56 22 62  -  -  5 12 18 19  - 39 55 69 15 40 48 45 21 13  - 61 47 50  - 25 32 16  - 57 11  - 35 51 37  -  2 53 33 52  9  - 67 60 64 23  -  -  - 14
  5  - 46 33 60 37 51 12 44 47  6  - 34 65  7 40 22 13  -  - 69 11 45 10 38 56 58  - 64 20 14 62  - 16 23  - 67 53  - 30 48 57 41 35 31 17 61 15 42 21 18 52  2  -  - 24  - 63  9  -  - 25  - 59 29  - 49 66 70 43
  - 15 50 30 64 38 31 39  - 13 23  -  - 21  4  3 70 61 49 68 22 54 16 32 62 46 37  -  -  - 17  9 53  1 48  -  2 47 36 45  -  - 40 58  - 63 26 18  - 60 29 44 56 67 69 19 20 57 10 65  -  - 43 66  6  5 41  -  - 25
  1  9  - 22  - 58 54 37 66 64  - 67  - 31 15 25  - 12 26 10  -  5  -  - 51 16 44 20 68 36 30  - 28 35  - 47 27 70 23  -  - 19 34  - 55 32 69 14 45 38  3  -  -  - 13 50  - 46  -  4 43  -  -  - 60 53 48 21  8 24
 58  8  - 27 21 22  -  - 34  2 29  -  - 14  -  1 68 57  - 50 24 30 40 44  -  - 61 37 66 26  4 63 33 25  9  3 56  -  - 55 35  -  -  -  -  7 18 64  - 28 47  5 46  6 62  - 17 43  -  - 36 19  - 13 41  - 10  - 23 42
  - 14 15 67 55  - 42 36 33 44  - 40 51 62 22 47 61  8 23  7  - 34 48  -  5 27 29 19 13 46 68 43 56 53 63 58 57 21 25 12 11  6 64  1 35 69 66 65  - 49  -  - 32  - 59 31 26 24 37 16 30  - 10 38 45 20 39 18  9 54
 53 33 19 36 45 25 66  - 26  - 40 56  7 22 35 58 59 11 54  - 42  4 41  - 70  - 28  - 49 17  - 21 20 51  8 57  - 29 63  -  - 27 62 18 65  -  3 10  - 34  6 24 68 46 16 48  - 47  2  - 38 23  - 44  9 12 32  - 50 52
 42  - 56 47 22 65 46 43 38 36 51 63  4 19 57  -  - 34  - 52  2 33  - 68 25 28 41 31 48 70 21 26 23  -  -  9  -  -  - 53 10 58 27  - 67  -  - 44 30  - 45 62 37  5 64  - 18 11  - 54 40 49  3 55 35 60 66 16 32 13
 16 45  9  5 41  - 60 35  - 65 61  - 24 27 67 63 29  - 25 53 36  - 43 55 59 54 48 70 69  4 18  -  -  3 14 10 34 58 66 42 64 46  - 52 15  - 20 49 38 50  - 51 17 39  - 26 13 68  -  1 11 32 23 37 33 30 31  - 22 57
 18  1 59 17 43 70 64 29  - 19 44  -  - 20 16 30 24 69  4 41 53 51  - 63  - 26 13 48 34 52  2 15 21 61 65 49 54 37 31 32 22  - 57  - 14  5 25 27 68 12 36  3 42  -  - 47 35 55 45 56 33  6 62  - 38  - 58 23  - 60
 31 43 51  -  - 34  - 66 68  - 60  -  2 13 29 65 54 33 41 15  - 25  - 22  7 38 70 21  - 49 10 52 46 11  1  - 47 35 28 27  3 23 37 44 40  - 17 45 64  -  - 39  - 56  5 53 36 61  -  9 69 12 18 58  - 48 42  8  -  -
 54  - 49 62 33  - 56  - 30 43 37 41 21  8  - 38  9 10 65 69 29 36 20 34 23 13 26  - 52 11  - 45 39 59  3  -  6 24 17  4 14  - 55  5 51 68  -  7 70  2 25 61  1  -  - 40 31 35 44 48 50 57 47 12 27 64 19 15 16 66
  - 62 21  - 66  -  - 32 52 53 26  3 25  -  2 19 38 42 48 11 68 31 10  -  9  4 43 55 47 69  - 49  -  -  - 15 45 65 29 14 58  - 13 12 16 27  1  5 60 22 61 41 59  -  - 30  8 70 35 33 39 44 24  - 36 54 34  - 17 18
 33 60 11 52 19 18 27 15  8 58 12  - 61 10  6  - 62 14  - 29 47 42  5  - 30 35 67  2 37 43 59 51 41 46 53  - 32 50  9 63 13  - 25 23 57 39  -  -  1 17 20  7 22 40 21 54 69 28 55  -  -  - 16 48 56  - 65 31 44 34
 56  - 45 35 11  - 23  - 55 40 53 70 48 44 49 12  -  - 15 65 59  3  -  1 66 17  - 25  -  - 50 31 60 13 24 69 29 22 37 20  9 14  - 42 61 47 43 19 16  8 46  6 63 26 54 32 27 30 21 39  5  -  - 67 57 28 62  7 33 36
 57  - 24 42 53  - 47  - 39 66 70 49 59 12 19  -  - 43 52 13 63  -  6  7  - 51 45 11  - 25 27 64 36 31 38 16 37 46 34 17  2 20 44 56 29 65 15 50 21  -  1 23  - 35 41 33  - 67 30 58  - 55 22  5  - 26 40 61 28  9
 44 57 68  7  -  -  9 11  -  -  - 26  3  -  -  2 28  -  - 36  4 40 56 20 12 37 25 18 24  6  5 66 30 67 32 29 70 52 65 19 42 59 33 47  1  - 22 46  - 58  - 50 38 55 61 45 63 17 69 10 53 27  -  -  - 34  - 51 13 41
  - 55  - 23 68  1  -  -  -  6 56  -  5  2 59 37 63 51 28 44 33 69 54 16 42 62 27 58  - 47 22 61 31  4 13 43  8 20 40 29  - 50  - 70  - 49  - 52 17 18 12 35  - 53 10 15 11 14 38 26 25  - 19  - 34 21  -  - 41 67
 62  6  - 69 38  2 68 47 45 49 32 24 16 50 52 33  - 31  5  8 25 13 12 39 63 42  1 57  - 60 35 34 61  - 26 66 41 40  4 15  7 43  9  -  - 29 65 70 28 67  - 14 30 11 27 55 51 22  3 23 48 64  - 20 59 58 21 19  - 37
  4 38 31  -  - 24 63 30 58 33 34 57 19 70 21 10 55 64  8 12 61 32 50  - 67  2  7 28  1 51 52 42  -  9 68  - 18  - 48 26 49 62 59 65 44  3  - 53 22  -  - 25 66 23  -  - 54  6 43 15 16 41 17  - 47  - 13  -  - 20
 69 65  1 16 39 15  -  - 20 59 48 54  - 28 36 17 27 53 64 22 50  7 55 43 44  - 52 61 56  - 62 18  - 63  - 11 13 41 58 46 25  5 32 30 49 24  8 37 34 68 10 66 31  - 67  4 47 23 12 57  6 40 21  9 14  -  3  - 26 29
 38 64 42 65  6  4 17 31  9 16 22  1 47 51 18 45 21 56 43 49  7 58 35  -  - 63 24 62 53 30 25 37 48 40 70  2  -  -  - 59 29 39  5  - 27 12 19 69 13  - 52 55 36 44 66 60 33 41 61 14 32  3 20  - 67 68  - 34 54  8
 20  - 58 48  3 52  -  - 16 34  2 53  -  7 46 31  - 67 18 23  - 45 30 66 64  - 63 35 50  1 24 14 44 43 27 28 65 55 13 56 36 37 29  4 22 33 47  6 15 54  - 57 60 70 39 68  - 69 17 40 41  - 42  - 61  - 59 62 51  5
  -  - 22  2 23  - 32 59 42 24 62 20 43 38 69  - 67  - 16 34 21 61 57 14  - 33 47 44  4  3 13 41 27  5  - 25 68  6 26 65 60  -  - 46 58 52 39 63  - 19 66 12 15  - 70  - 48 18  - 64  8  9 53  1 10 56 54 36 11 31
 51 61 70 56  8 63 35 58  7 22 42 46 30 40  3 29 44 52 62 48 64 16 32  - 27 57 60  -  - 24  -  - 17 34  - 54  9 18 11 10 68 31 43 13  - 41 50 36 20 66  - 37 49  - 65  -  6 33  5 69 45 67  2 21 26 39  - 14 47 38
 64 66 38 44 12 39  - 16 24 11 21 34 67 35 40 32 57 18 33 62  - 55 59  2 50 49 54 14  7 28 29 69 63  -  - 70 61  - 42  - 51  -  - 15 43  4 36 26  8  - 22  -  - 13 25  - 19 37 53 41 31 46 27 10 68  1 56  -  - 30
  - 47 63 49  - 12 58 25 31  - 15 29 38 11 14  4 20 60 59  5  3 18 19 57  -  9 68 40  - 33 64  - 16 52 51  - 43  - 35 22 41 54 36 66 70 67 37 61 62 48  2 21 23 32  - 69 53 56 27 13 44  -  1 39 65 17 24  6  - 50
 24 26 16 20 14  - 52  9 62 48 33 31  6 43 64 56  - 25 51 67  - 10  - 47 57  -  - 50  3 41 37 46 34 42 39 21  -  2  5  - 28 69  -  -  4 53 29  1 27 44 49  8  - 68  - 38  -  - 11  - 12  - 45 65 18 13 30 59 15 17
  6 22 27  - 17 26  8  - 19 29 69 13 46 59 60 42 12 45 56 32 34 53 66 58 36 52 57 54 40 31 38 70 43  2 44 24 11 61 18 28  - 30 39 55 63 10 48  -  9 62  -  4  - 50 23 41  - 51 20 21  1 37 49 16  5 15 47  3 25  -
 65 31 39  -  - 56 62 34 28 60 49 27 35  - 47 70  1  - 61 45 23 48  2 59  - 20  - 33  - 22 51 16  9  - 55 12 21  5 67  -  - 29 18 26 37 36 30 17  3 41 32 15 40 69 24 64  7 25  - 44  - 43 13  8 42  - 57 54  - 58
 13 28 23 57 26 30  5 50 22 17 67 14 53  - 61 21 33 39  6 38 40 70 69  - 15 32 31 10  - 45 66 59  7 29 11 65 51 63 44  3 46 49  8 25 64 58  9  - 52 27  4  -  - 47 35  2 43 19 36 20  - 56 34 54 62 24  1 55 60 12
  - 30  - 38  -  6 67  - 41 27 11 39 15  - 23  -  4 70 36  - 57  1 31 13  - 64  - 52 22 14  -  3  2 33 59 68 63 42 50 21 26  - 60  -  9  -  -  -  - 32  - 43  - 34  7  8 16 40 65 66 46  - 56 24 12 47 61 25 58  -
  - 59 64 10 36 21 20  - 13 37 52 45  9  - 24 34 60  - 38 18 43  -  8  5  3 58  -  - 67 53  - 56 69 22 47 31 46 17 12 44 65  7 14  - 30  - 11 54 35  - 41 33 39 42 63 62 23  2  - 51 49  4  - 68  - 19  - 32 57  1
  - 13  -  9 37 20 16 10 59 15  - 51 28 66  5 14 50 22  1  3 30  - 68 54 56 36 55 60  6  2  - 25 35 23 42  4 69 43 64 57 18  - 61 24 62 44  - 58 11  7 48 67 34 27 12  -  - 29  - 31 47 21 39  - 19  - 17 33  - 49
  -  4  8 55  - 27 22 60  5 20 19 62 18  - 12 35 66 50 53  1 44 21  - 23 49 65  9  - 45 32 41 48  - 58 64 61 36  - 16 25 24 10  - 29  - 59  2  - 47 31  - 30 28 15 46 13 39 38 54 42  - 26  - 33 69  -  - 56 67 51
 19  - 30 11 20  - 18 40 36  -  9  - 44 42  -  - 51 27  2  6  - 39 62  - 65  8  -  7  - 59 69 68 13 10 58 67 17 33  - 52 47 34 28 63 48  1 23 60 46 35 57 54 21 43  - 16  3  - 41 25  - 53  - 49 50 31  - 29 55  -
  - 56  - 43 18 45  3 57 51 39 65 52  - 46 28 55  -  4 11 16 27  - 25 36 34 23 42 30  -  - 61 58 38 70  5  - 35 13 41 48  - 15 69 67  - 60 44 40 63  - 17 29 19 24 53 14 22  - 31 49 54  -  7  6  1  2 37 10 12 62
 52  -  5  - 28 50 70 69  - 23 18  -  - 30 34  -  2  - 60 37 16 35  3  - 55 12  - 43 21  - 42 38  1 44 10 41  -  - 49 47  - 67 66  7  - 51  - 32 14 20 31  - 13  - 68  - 57 45 39 53 58 29 48 61 40  - 27  -  -  -
 11  -  - 19 32 35 48 68 10 45  - 25 55 69  9 49  6 23  - 24  - 29 51 38  8 14 53 26 42 12 46 47 22 66  - 18  - 59 60 37 33 52  1 20 36  -  - 41  7 40 65 58 67  4 30  - 62 27  - 63  2 28 50  3 31 57  - 17 43 21
  2 46 12  - 30 41 10 61 21 62  - 68 60 45  -  8 65 32  - 42 54  - 18 70 53 43 51 49 59 50  3 29 14 19  4 38  - 25 20 39 52 63 67  - 69  9  - 23 36 55 13  1 44 17 15 37  5 31 56 11 26 16  - 34  7 33  -  - 48 40
 23 58  2 37 16 42 12  5 18 61 46  -  -  - 54 53 45 29  9 39 55  - 15 21  - 68 69 65  -  -  6 24  - 57 36  8 62 38 43 67 27 41  4 31  3  - 63 66 25  1 60  - 26 19 20 10  -  7  - 50 70 47 52 64 22 44  - 30 34 56
  - 40  4  - 52 48 24 27  3 25 57  5  - 67 68 69  -  - 46 43 58 14 36  - 18  - 23 29 62 55 34 65  - 41 54 56 15 16 59 33  6 47  - 17  8  2 38 11  -  9 21 32  -  7 31 61  1 60  - 30  - 45 64 53 28 42 20 37 49 39
  3 16  - 61  9 51 13 14  - 35 28 18 26 49 33 64 11 20 68 63  8  - 17  - 47 29  -  - 46 48 44 10  6 62 30  5 31  - 39  - 66 21 42  - 25 45 59  2 43 15  - 22  4 41 57 12 67 54 52 27 55  1 58 50 53 69  7 38 24 19
 10 39  - 31 70 54 61 41  - 68 64 17  1  -  - 66 15  2  -  9 65 19 37 60  - 50  6  -  - 40 11  5 26  7 56 44 28 27 45  -  8 22 23 21 59  -  - 29 33  3 55 49 62 14  - 63 30 34  - 46 18 48  4  - 32 35 36 58 42 47
 43 54 55 68 35 64  - 24  - 38 25  6  -  9 39 23 16  -  - 21  - 46 14 33  - 40 34 27 26  - 31 11 37  8 41 53  4 15  2 58  1 42 49 69 60 57  5  -  - 51 56 20  -  - 32 28 66 12 47 18  - 22 36 30 17  - 67 44  -  -
  -  - 37  - 29  -  - 64 57 14  1 22  - 15  -  - 13 47  - 46 51  - 27 35  2 10 32  -  - 39 36 60 11 50 49 17  - 30  7  - 23 48 20  - 21  -  - 56  6  -  - 53  9 28 26 65  -  3 68  5 24  -  8 31 70 45 33  - 19  4
  - 23 32 40 69 29  2 48  - 12 41  - 37 56 20 68 31 65 19  - 10  - 47  3  -  -  4 53 25  -  - 54 50 64  - 42 33  - 70  - 15 55 16  - 46 34 67 13 66 30 43 63  - 45  1 18 21 44  7 36 22  -  -  - 51 27 35 28 14  -
