3920
 70 54 52 38  - 42  -  - 21 18 29 39 69 31 28  - 65 12 62 45 35 67 53  - 17 60 68 16  - 61  5  -  - 15 56 59 14 11 64 49  -  - 43 63 40 50  - 19  8  9  - 47  3 37 10 23 66 33 41 48 25 57  -  4  - 51 32 20  1 36
  - 69 56  - 49  - 62  - 60 36  -  - 34 38 64 57 67 66  - 27  6 11 23 33 55 52 22  -  5 29  - 25 54  2 53  -  1 51 63  9  - 39  3 19 21 59  - 10 20 15 24  4 17 65  - 16 48 50  -  7 14 40 70 43 18 58 41 47 28 12
 45 56  4 14 53 67 49 19 59  -  - 58 60  - 29 21 41 43  2  8 54  - 61 23 25  1 46 69 48 62  6 33 50  - 22 40 35 55  - 17 11 30 47 12 65  -  9  5  - 26 42 37 15  - 27  - 51 64 31 28 66 16 18 10  3 24  7 36  - 44
 47  3 41 27 61 62  -  -  5  - 25 18 21  1 14 23 49 29 46 66 56 68 59 54  6 32  -  -  - 34  9  -  - 33  - 36 22 40 24 55 64 60  2  - 37  -  - 17  -  - 10 26 48 67 38 45 44 35  7 65 52 20 43 53  8 28 16 42 70  -
 37 31 28 18 17  - 46 60 23 25 67 68  - 48 55  - 38  -  -  - 49  - 34 52  -  2 39 24 54 32 14 12  3 63  - 57  - 47  - 10 66  - 51 58 29 61  -  6 22  4 56 69  9 30 53 13 16  1  - 41 26  8 35  - 43  - 21 11 50 70
 15  - 54 51 24  3  2 18 70 66 32  - 28  -  1  -  - 49 52 62 53 10 21 16  4 35 31 63 50  7 27  - 47  - 60  - 64 17 45  -  - 12 65  - 38  6  8 42 44 59 14 39  5  - 58  - 56 34  9 13 48 30 67 57 20 40  - 41 25 37
  1  7 70 36  2  - 30 42 51  - 37 67 39 21 59  8 12 10  - 28 58 18  4 11 54 34 64 55 25 44 24  -  - 27 35 22  9 33  -  - 69  - 31 50 13 16 68 38  - 43 45 62  - 26 47 63 49  -  -  - 46 52 66 40 29  3  - 60 53 41
 31 67 51 53 45  5  -  - 12 59 17  - 61 39 48  -  - 20 26  9 29 33 18 36 37 57 14 35  1 47 11 58  -  - 40 19 43 15  3  - 32 34 64 49  - 42 46 30  - 69 21 44  - 25 22 55 62 68 54 56 50 28  8  7  6 16 52  - 66 60
 66  8 27 48 57 16 11 25 43 13 31 69 30 15 63 46  -  9  - 44 42 45 14 65  - 19  2 62  4 21 59  - 64 23  -  - 54  - 10 12 58 32 34 38 47 37 29  -  - 49 22 50 55 68 41 60 33 20 67 17  -  - 52  -  1 53  - 28 24 26
 35 62 45 46 38 49 29 17 61  - 54 26 24 13 33 30  - 28 14 60 39  - 19 51 68 31  6  7 20 41  - 21 69 40  - 18 52 64 23 67 63  2 66  4  - 58  5  3  1 50  -  - 53 48 57 59  -  -  8 42 47 34 15 44  - 55 43 10  - 65
  5 10  -  1  - 47 31 36 17 44 14 13 53 51  - 54 19 68 16  - 45 61 43 15 32 62 69 49 21 22  3 20  -  - 46 55 65  -  6 30  - 27 57  - 67 26 40 23 34  - 48  -  - 28 18  7  -  - 11 58 35  -  9 33 37  2  -  - 64 39
  -  6  3 11 18 24 36 14  - 43  - 29 37  7 61 64 52  - 69 40  8 46 38 21 67 33 58  - 17 63 56 51 68 30 48 42  4 23  - 27 15 45 25  -  1 49  - 50 28 65 35 12  2 54 19  5 59 31  -  - 60 70 13  -  - 39 10 16 20  9
 40 20 43 44 60 46 70 45 34 37  - 15  - 61  -  9  8  4  - 11  2  - 52 50 23 24 38 67 35 42 39  - 13 49 25  -  7 58 28 32 14 59 27 41 51  - 53 63 18  - 69 21  6 10 36 68  3 17 29 64 33 48 57 47 19 26  -  - 30  -
 50 27  - 33 19 36  - 51 41 56 53  -  - 37 68  - 28 39 57 25  -  - 44  -  1 54 10  6 55 16 47  3  - 48  - 62  - 24 11 42 31  -  5 67  7 40 30 52  - 29  - 64 21 20  2 61 43  - 14 26  -  - 38  - 46  8  - 17 12 32
 16  -  - 66 28  -  1 44 29 15 57  - 50 70 42 18 58  - 56 26 20  -  5 59 34 46 62  - 37  4 35 27 19 10 36  7 53 30 17 52 22 61 54 23  - 14 49 68  -  8  3  9 39 38 31 43  - 65 55 25 12 24 47 63 21  6 40 45 41 13
 34 22 60 17 64 40 57 28  6 53 20 52 46 33 13  2 45  8 44 61 41 65 63  - 47 51  -  -  9 15  4 32 59 69  - 43 68 42 16  - 56 37 12 36 26 66 48 39 30 35  - 10 58 23  -  -  - 29 27 50  5  3  7 54 62  -  - 24  - 67
  7 40 59 26 58  4 68  - 45  6  - 70 11 43 39 65 35 46 51 57  -  - 37  8 50  3 41 53 60  - 32  - 10  - 52 21  2  - 34 13 12 14 42 20  5 64  -  - 48 27 28 55 49 66 15  - 19 30  -  - 56 47  - 36  -  -  -  - 61  1
  -  - 39 67 65 41 52 46 19 45  4  -  - 24 15 28 47 26  - 49 60 22  - 66 12 48  -  2 30  -  8 17 44 16  - 70 10 37 14 33 51  - 55  9 58 29 63 61  - 42  - 27 31  -  - 35  1 43 38 23 11 56 62  -  -  7  6  - 36 57
 68 64 25 70 11 60  - 66  7 57  - 48  3  5 19  - 43 16 41 36 15 39 45 12  -  - 61 65 40 20 13  6 38 42 32  -  -  - 67 47 17  - 14 46 23  - 59  8 10 30 26  2 69 55  - 29 37 53 51 49 21 54 33 50 22 34 27  9 35 52
  - 18 42 35 46  - 43 15 13 31 55 56 26 40 32 60 50 69 29  -  1 17  -  9 41  -  - 10 14  2  -  - 27 66 67 38 39 59 25  7 52 65 37  -  -  4  3 11  - 36 12 24 64 58 20  - 53 21 16 63  - 23 44 28 49  5 70 68 45 62
  - 34 29 63  -  -  - 37  - 40 43 60  - 17 49 50  -  7 59 70 52  - 11 58  8  - 36 48 56 66 53 61  9 24 23 39 16 26 69 25  5 46 38  - 42 67 62 20 21 31  - 45 28 57 14  2 55 19  - 35 44  -  - 64 10 65 13 12 33  -
 53 45  6 24 16 58  -  - 38 26 39 49 55 18 70 69 14 62  9 17 19 29 66 46 11 12 34 61 33 68 52  4 35 36 15 20 28 43  - 48  - 67 32 40 57  1 21 60  -  -  2 23 27  - 25 51 13 10 42 31 37 65 41 59 63 44  -  -  7 22
 27 12 64 59 15  -  8 26 63 55 11 57 52  3  -  7  -  - 21 54 37 69 16  -  - 20 24 39 43 70 51  - 29  - 13 30 18 53 66 28  - 40  1  - 31  - 58 41 45  - 32 60  -  - 50 44  6 22  -  - 68  9 56 65 61 17 36 23  - 35
 42  - 47  - 37  - 32 20 69  -  - 14  -  -  - 17 56  -  - 23 21 26 28 27 48  - 45 29  8 38  -  - 65 22  2 67 62  -  -  3 61 58 16 43 53 54 13  -  7  - 52 57 63  1  -  4 30 18 60 46 10 19 34 49 51 36 24 33 39 50
  3 66  - 22 52 56 26 23 42  4  - 33  - 34 57 11 63 44 53  6 30 19 62 38  2 43  -  8 29 49 15 28 61  1 55 64 40 27  9 68 60 51 39 65 20  -  - 16 37  5 41 54 12  7 17 48 70  - 10 21 36  - 14 58 45  - 31 25 67 24
  - 60 62 57 36  8  - 41 18  - 30  -  - 11 47 20 21 61 23 50  9  - 55  3  - 22  4  1 45 69 37 59 43 28 26 56 24  6  - 54 53 66 70 51 46  -  - 25 12  -  - 58 68  - 64 39 17 32  2 40 49 14  5  - 42 52 35  7  - 63
  - 35  - 21 29 53 50 11 24 20 40  - 66 28 65 42  - 58 64 52  - 27 39  - 31 56 44 34  - 51 17 63 18 26  -  - 47 60 61 38  - 48 10 14  - 25  - 54 36 41  4 16  8 43  7 69  -  - 12  5 55  -  -  2 15  9 37 57  - 68
 56 17 40 52  9 29 10 35  - 24  -  - 64 60  - 25 48  3 32 18 14  1 58 67 13  - 65 28 44 59  7 43 62 51 47 54 57 12 41  -  - 19  -  5  - 53 20 66 27 55 46 68 37 36 34 22  - 26 39 70 38 69  4  6  - 42 33  - 63 23
 36  - 24  - 47 37  3 30 53 35 13 20 51 12 27  - 44 34 17 69 68  8 60 25  - 26 40 19 67 31 28  5  - 70 63 23 32 29  -  -  -  - 21 56  -  -  7 33 11 18 38  - 46  2  - 62 50 59 48 39  6 15 16 61 55 43 45  - 42 64
 52  -  -  -  6 27  - 43  - 41  -  -  7 29  -  - 31 65  -  - 26 53 33  1 38 42 35  3 70 46 50 39 57 20 58 25 51 56  -  - 48 47 30 16 14 55 37 21 68 23 60 13 59 40  - 11  - 28 17 12  - 36 45  9  - 62  - 66  8  2
  - 44 18  5 69 55 63 49  2 33 46 51 67 52  - 41 29  1 36 21  -  - 56  - 59  8 48 66 68  - 19  - 31 35  - 17 25 28  -  4  - 22  9  - 43 62 39 14  -  - 11  - 38  -  - 54 47 57 23 32 70 45 42 16 12 20 50 53 37 61
 24 43  - 55  -  - 59  - 26 22  -  - 32 20  -  -  - 18  -  1  - 36 42  - 53 40 54  - 57  8  -  - 66 11 62 29  - 35  2 60 25 10  4 69 61 38 33  -  - 13 44 56 41 52 30  - 65 46 50 14  - 21 58 48 17 63 64  5  3 28
 11  4 32 60  7 26 16 33 22 50  -  - 68 65  8  - 40  - 55 37 61  3  -  - 36  - 42  5 47 58 20 14  - 52 19 41  -  -  - 35  9  - 48 53 30 21 17 24 54  - 25 43 10 31  6 18 38 70 34  -  - 29 23  - 67 69  - 15 27 51
  - 51  - 61 33 21 48 63  1 29  5  7 38 44 62  - 27  - 12 56 46  -  - 40 45  - 43  - 22 53 55 67 20  3 37 10  6  -  4 31 36  - 18 17 70 23 15 28 41 47  -  8  -  - 68 65  - 52 64  2  - 11  - 13 16  - 14 26 58 54
 33 47 26 62  - 50 67  - 16 65  - 27  - 49  3 29 53 17  - 59 51 54 25  -  - 63 37  - 12 39 36  9 46  7 30 45  -  5  1  - 44 52  -  - 19 43 11 15 55 32 58 70 22 14  - 34 23  - 28  4 13  -  - 18 68 61 57 64 38 21
 49 19 38 45 51 12 15 56 28  8 68  -  6 36 60  - 59 14 63  4 16  7 26 13 18 23 17 42  - 65 31  - 67 46  - 32 61 34 40  - 70  - 62 52 41 48 54 69  - 22 39  3 66  - 43 21 27 55 53  -  1 44 20 35 64 10 58 30  9  5
 63  -  - 69  -  1 51 22 57  5 52 10  9  - 20 68 39  - 11 13 33 59 36 43 35 16 28 25  - 17 60 64  -  - 34 53 19  - 42 70 41  7  6  - 50  -  - 45 66 67  8  -  4 15 21 37  - 44 32 24 18 55 65  - 40 47  - 61  2 30
  - 37 34  2  -  - 53  - 30 64 58 54 29  9 52 66 33 21 43 39 50 15 41 70 61  7  - 57 65  - 48 38 24 17  6 11 59  - 32 16  -  -  -  1 22  5 27  - 40 60 51 63 62  -  4 31 69 67 25  - 19 13 12 14 35 68 47 44 26 46
 29 39 33 13 54  -  - 48 46 51  8 38 15  - 31 14 25  - 37 43  -  -  9  - 60  - 49  - 61 56 62 65 32  4  5  - 44 36 20  - 24 70 35  6 66  -  - 12  -  - 19 52 50 27 11  - 18  7 22 16  - 63  1 55 59 57 69 40 10  3
 10 58  5  8 34 38 47  - 32 28  - 16  - 26  -  -  - 36 50  2  - 57  7 61 33  -  9 30 49 35 63 54  - 60 29  - 46 14 39 65 20 21 23  - 15 45 41 70 31  3 43 59  1  - 42 64 24 66 40 53  - 22  - 67 52 56 44  - 68 18
 59 11  -  - 63 70  -  -  -  9 48  -  -  - 50  - 46 51 49 20  - 21 65  -  -  6 66 68 26  - 69 56  7 25 17 35 58 61 22  - 10 13 15 18 24  - 47 62 43 38 53 67 54 44 29 27 31 60 19  - 45 41  - 42 39 33  5  8 40  4
 43 38 55 49 44 69 39  1  - 17 60  3 62 58 21 53 70 54  -  -  -  9 32 35 63 65  - 27  -  6 18  7 11 68 66 15  - 25  8 40 47 23 24 28  - 13  -  2  - 34 29  5  - 59 12 52 41  - 26 45 16 42 61 19 36  - 46 51 57 20
 21  - 14 34 26  - 25  - 27  1  - 12  8 19 18 35 23  - 30 65  - 42 64 45 22 53 56  - 58 40  - 10  5  -  3  -  -  - 68 44 57 29 46 24 63 20 50 13 17  -  - 61 60 70 28 47 36  - 69  - 43  - 49  - 31 66 11 32 62 59
 65 15 37 25 20 57 56 24 48  -  - 21 41 27 54 36 64 67  - 16 11 50 12  7  3 55 13  - 52  - 66 35  -  9  8 60 38  2  - 39 18  1 68 61  - 17 69  4 23  -  - 32  - 53  - 46  5  - 49 62  - 43 26  -  - 22 51 19  - 29
 64  - 46 39 50 54 20 61 67 60  - 43 27 56 44  6 69 23 19 22  - 37 17 57 62  -  - 12  - 28 30 47 36 41 14 24 21 18 59 29  4 42  7  3  9 35 32 40 13 63 68 11  -  8 55  -  - 25 58 10 65 26 48  5  - 31  -  1 15 53
  - 41 65  - 31  - 58 64 36 61 38 53  - 66  5 44  -  - 28 42 40 60  - 63 10  -  - 17  - 55  -  1 70 56 54  4  8  - 37  - 23  3 29  2 34 69 67  -  9 52 16 19 43 62 46 15 26 49  -  - 24  -  - 21 14  -  -  -  -  7
 48 42  8 40 22 10 13  4 15  7  2 37 45  - 66 52 16 57 24 55 43  -  6 31 69 29 30 60 39 54 25  -  - 53 65  - 12 63 36  5 19  - 58  - 17 18  1 47 59 44 49  - 56 35  3 50 68  - 20 27 61 32 64 46 70 41  - 34 14  -
  2  -  - 30 40  9 24 57 31 49 21 63  -  - 10  5 51 50 47 19 59  - 20 14  - 69 27  - 53 13 42 44 48 58  1  6  - 66  - 46 35 36 56 68 32 11  4 29  - 17 15  7  -  - 54  8 64  3 62 60  - 39 55  - 23 45  - 18  - 25
 13 65 63  9 32 22 55 40 50 67 23  8 16 62 36  3 54 19 38 35 47  - 10 68 43 59 21 44 28 24  -  -  - 61 12 48 26  4 60 20 29  - 33 25 45  2 57 53 39  - 34 51  -  -  1 41 15  -  -  -  7 17 27  - 69  - 49 14 11 56
 55 23 20  - 59 65 27  9  4 32 36 66 17 25  - 16  7 13 58 53  - 43  8 26 21  - 51 52  - 45 10 46 60 14 33 47 29  3  - 62  -  - 19 64 69 44 38  1 67 68  5 35  - 39 49 24 34 63  - 61 57 12 54 31 41 11  2  6 22 48
 17  - 61 58 39  - 66 70 35  2 33 42 57 10 38  - 24 47 25 46 65 13  - 22  5 44 32  - 31 19  - 16 15  -  9  - 41 48 18  - 62 11 53 54 28  - 12 67 60  - 36 30 26  6  -  - 63 45  4 43 40 64 50 68  7 59 34 69 23  -
  -  - 21 15 12 23 45 58 11 68  1  - 63 64 40  - 66 24 10 32 27 70 49  4 52 36  5 59 18 48 16  - 26 65  -  2  3 46 29 22 33 43 20 30  -  - 34 55 53 54 17 14 35 69 51  9  -  - 37 47 41 25 60 62 38  - 19 39 44 42
 19 70  - 43  - 66 18  7 58 14 64  5  2  4  - 56  - 48 42  3  - 44 29  - 30 68  8 54 63 60 41 15 52 34 20 27 55 45 13 23 59 35 26 47 25 33  - 22 38 16 61 65 11 46 32  -  9  - 21 67  - 50 40 37 28  1 53 49 51 31
  9 25  -  6 70 17 41 59 14 54  7 50 35 42 22  - 13 31 68 48 44  2  -  5 65  -  - 32 62 10 21 49 33 12  -  - 34 67 55  1  - 38  - 29 18 60 36  -  - 61  - 20 40  3 69 66  4 11 30  8 64  - 37 24 47 19 56 27 16 45
 26 36  2 28 14 30  9 16 40  3  - 35 58 22 46 31  - 53 66 68 24  - 47 29  - 10 11  -  - 43 67 55 37 64 61  5 42 41 21 50 65 20 44  - 60 70 25 57 32  - 62 18 52  - 23 56  8  - 13 19 63  - 51  - 27 48 39 54 17  -
 39 30 13 12 66 18  - 50 55  -  3 40 56 68 41 19  - 63  4 51  - 47 70  -  - 21 25  - 42 23  1 37 34  - 27 33  - 31 46 15 26 16 17 35  8 57 65 64 52 10 20 29 45 49  5 53 54  - 43 38  9  7  2  - 11 32 59 62 60 58
 14 28 12 23 41 63 17  - 52 21 24 59  - 35 58  -  - 32 33 64 25 30 13  - 42 38 55 31 10  5 46 60  - 43 16  - 15  - 26 57  2 56 67 44 11  8 51  - 62 19 40 22 61  9 37 20  7 47 66 69  -  6 53 27 54 18  4 70 48 49
 12  - 10 56 23 35 33  5 39 52 44  1 18 14 24 45 34 41 48 63 55 25 68  -  7 37  - 64 13 50 26 29 49  -  - 31 30 62 70 43  - 57 61 22 59  - 60 58 47  -  9  - 67 19 40 42  2 51  3 11  -  4 46  - 65 21 28 38 54  8
 57  - 19 42 35 33 64 21 65 16 28 36 49 47  7 61  5 15 54 12 63 56 30 17 46 66  -  -  3 11 70 41 55 62 38 37 23 52 43 59 13  - 22 34 39 24 45 32 51 40 31 48 25 60 44 58 10  8  6  1 53 27 68 29  2  4 67 50 18 14
 30 13  - 47  1 31 60  3 54 42 35  - 22 63 26 32  6  5  8 10 67 62 69 37 29 61 23  - 34  9  -  - 16 57 43 14  - 44 19 36  - 68 50 59 56 41 52 51  - 53 66 33 65 18 39  -  - 24 45 55 17  2 28 15 25 64  -  -  4 27
 28 50  - 29 68 39 23 47 64 34 16  - 40 32  -  - 42  - 22 38 70  - 54  - 57 14 12  4  7 27  - 19 53 45 59  - 11  8 51 69  - 62 13 60 55  3  - 18 15 24 37  6 44 63  - 36 46 61  -  9 30 31 25  -  - 49  - 65  - 17
 54 46  -  -  4 64 37 68 20 70 61 47  -  2 53 67 17 11 39 30  -  - 50 32 27 41 26  - 19 25 44 52 14  8 42 12 56 13 15 63  - 24  - 45 16 36  - 48 58 28 33 66 51 22  - 57  - 62  1  3 31 59 21  -  9 29 55 35  6 34
 58 29 17  4  5 11 61 34  8 46 10  9 42 45 43 37 32  -  1 31 38  - 27 28 40  - 16 47 24 12 23 26  2 55 57 50  - 65 49 51  7 53 59 66 64 19  - 44  - 21  -  - 20 41  - 67 35  - 33 68 22 62 39 30  -  - 60  - 69  6
 38  - 69 68 25 19 42 67  3 23 27  6  4 46 11 39  - 37 60 58  -  - 31 44 28 13  - 70 66 33 65 62  8  - 51  9 45 32  - 14  -  - 49 10 35 56  - 26 64  -  -  - 36  - 16  -  - 15 24 22 59 61 29 41  - 30 17  - 34 40
 62  5 16 10  - 25 28 27  - 47 51 22 14 53 35 38  - 30  3 24 69  6 67 49 26  -  - 21  2 57 45 34 39  -  4 65 50 20  -  - 42 55 36  - 52  9 64 59 19 12  - 41  7  - 61  - 29 40 15 44  - 68 63  - 56 46 54 43 32 66
 67  - 44 19  - 52 22  - 66  - 47  - 10 50 25  4 20 35 45  - 32 64 57 42 58  5 15 43  -  1 38 30  -  -  - 51 36 21 33  8  - 18 41 70 68 65  - 34 46  -  - 17 23 61  -  -  - 16 59 29  3  - 31 11 60 12  - 56 13 69
 51  - 53 32 43  -  - 69  9 38 50 62  -  - 17 63 26 22 67 29  -  4 48 47 39 11  1  - 41 64  - 18 58  - 21 49  5 68  - 24 16 15 52  -  - 34 35  7  2  - 65 31 70 56 60  3  - 27 61 37  - 10 36 23 30 25 42 46  - 19
  - 63 30 54  3 13  - 53  - 62  -  2 23 55 34 22  - 40  - 15 31 24  1 64 51  - 60 50 36 67 61 69 42  5 41 68 17 16  7 18 39  6 28 21  - 46 56 43 25 20 59 49 33 11  8  - 57 14 47 52 32 58  - 45 48 70 66 29 65 10
 20 68 31  3 21 43 69 32 25 12  -  - 48 59 45 62 55 42 40 14  - 35  - 41  9 15  7 56 16 37 58 70  1 18 44 52 27 19 50 53 49  - 11 39  4 30 61 65 57 51 47 34  - 24 67 28 22  - 63 36 23 38 10 66 26  -  - 13 46 33
 18  - 50  - 48 28  6 52  - 58 41 61  - 16 23 40 30 70  7  - 36  - 35 56  -  - 29 45 38 14  2  - 25 39  - 63  - 22 65 34  1  - 69 37  3 12  - 27 49 11 54 42 57 51 13  -  -  9 46  -  8 67 32  -  - 15 68  4  5 43
