3920
 23 70 58  6 65 16 27  7 37  5 64 31  - 47  - 13  - 43 30 56 22 57 50 67 51 18 11  - 34 36 66  - 17 21 25  4 41  - 42 52 61 68  - 14 45  9 69 62 26 24 40 20  -  3 46 63 59  8  - 12 49 35  2 10  - 55 44 60 48 19
 54 44  - 27 68 20 52 32 40 19  - 33  -  7 36 65 12 39  -  2  6  5 23 26 62 49 42 46 63 22 30 48 61 13  9  - 15  - 59  - 11 43 35 25  - 66 56  1 37 58  3 51  8 21 34 14 41 47  -  - 38 31 70 67 60 50 64 16 55 57
  2 50 69 43  - 52  5 57  -  -  7 14 62 30 22  9 49 59 10 38 39 35 26 33 44 48 67 41 37 27 70  - 36 56 60 58  1 20  - 68 21 12  -  -  4 25 11  - 13 42  -  - 54 47  6 45  - 17 28 32 63  -  - 55 64 24  3 34 46  -
 14 52  - 46 48 57  8 60 31 17 15 27 23 50 37 69 70 65 63 16 67 66 41 59  -  - 34  - 47 26 11 12  1  -  - 20  2  -  6 24 32 58  -  - 54 56 21 36 39 51 19 35 68  9 44 64 42  -  - 55  - 40 38 18  -  4 61  - 30 25
 40 18 38 57  4 51 36 29 21 43  2 55 46 41 64 12 48 26  - 15 13  - 63 70 32  -  8 25  9  - 62 10 28  - 49 33 19 14 69 30  6 59 65 44 53 60  - 11  1  - 56  5 23 45 61 66 35 16 42 34 52 22 17  -  - 67  - 27 31 47
 61  7 51 47 13 38 55 46 30 62  - 45  2 26 41 24 17 19  - 33  - 52 57 31  -  3  -  8 48  1 40 42 54 44 20 32 56 58  - 16 36 34  - 39  - 43  5  - 35  -  - 29 69 60 64  - 22  4 50 25 21 37  -  9 14 53 28 68 12 27
 15  1 35 56 43 17 25 36 39  6 57 61 32 45  9  -  3  - 55  - 59 21  -  - 20  - 49  - 42 50 27 16 30 29  - 13  7 26 68 69 52 60 37  - 11 38 10 54 28 23  -  -  - 46 70 12  - 65  2 40 67 66 34  - 31  -  8 53 64  -
  9  6 19 51 34 50 24  8 17 28  3 18 11 68 53  - 13 35 58 12 42 47  - 56  - 23 70  - 64 32 45 38 60  1 63  - 44 46 57 54 14  - 27  4 48 52  2 33 49 67 20 16  - 59 21 25  5 43 65 61 15 10 41 40 69 29  -  - 26 31
 20  -  - 50 23  - 56 31 32 11 12 26  - 34 24  - 47 16 61  -  - 58 13 30 42 66 10  - 38 55  - 40  -  - 41  7 52 21 22 45 44 53  - 18 60  3  6  4 36 29  2 15 14 37 51 69 39 27 49 65 33  - 48 35 62 25 54  -  5 68
  - 58  -  - 29  5 69 22 36 67 18 57 10 66 11 41  2 12  1 24 61 28  7  9 26 53  6 14 62  - 56 63  -  8  -  - 49 25 34 35 27 65 16 40 47 17 39 32  -  -  - 48 51 54 42  -  - 13 44 43 68 20 30 23  - 19  4 55 70 59
 65  - 40 39  - 66  1 18 16 49 69 17 15  9  - 68 42  6 33 29  8 53  - 60 59 30  2 34  - 56 38 52 50  - 35 19 48  7 27 55  5  -  - 46 28 11 41 31 64  - 43  - 58  -  4 32 54  - 20  -  -  - 23 57 44 36 10 37 24 14
  - 30  - 35 63 24 40 19  - 37 31 10 70  4  1 38  8 42 51 49 57  -  - 68 33 43 60  2 11 34 55 26 25 64 56  - 45 27 65 18 67  - 69 59  - 58 15  -  7 66  - 61 29 36  9  3  - 23 62  -  - 41 14 50 46 20  - 48 47 52
 12  -  8 61  -  - 11 23 35 36 32 56  4  6 15 52 39 21 66 10 37 45  - 51 69 38 29  -  - 19 13 46 43 17  1 70 64 42 16 44 41  -  7 20 62 31 58 55  9 28 59 50 22 18  - 53 33  - 47  5 48  - 24  - 40  - 34 54  -  -
 22 51 60 67  - 31 49  2  8 26 42  -  7 40 14  6 62  - 57 30  5 23 68 29  -  9 48 44 18  - 16 15 59  - 39 21 20 43 58 11  4 10 53 27 24 55 50  3 69 65 63 70  - 38 19 17  - 35  - 47 32 45 66  - 25 41 56 36 13  -
 32 39 15 11 46 26  2 20  - 55 43 13 54 25  -  7 56  - 31 42  - 19 51 16 14  - 37 65 52  4 17  - 45 38 12 53 67 10  9 64 69 70 34 24  - 44 48 59  5 36 30 62 47 63  3  - 57 61 41 60  - 18 22  6 27  8  - 50 68  -
  4 57  - 14  - 35 32 61 11  -  - 20  - 64 52 34 54 30 70 25 10 13  - 40 47 16 63 12 33  -  6  - 42 19  -  9  -  - 36 38 18  - 48 21 43 37 31 68  - 46 44  -  - 51 49  - 53  - 26 69  8  - 50 62  1 39  7 59  - 28
  -  -  6 23  -  - 21  - 48 15 39 64  - 14 44 54 24 29 19  - 20 55 12  - 34  -  1  -  8 59  - 45  -  2  -  3 36  - 61 32 31 50 52  - 42 40 33  - 10 30 22 27 46  - 11 60 56 58 57 70  -  9 25 49 35 38  - 62  - 63
 35 63 70  - 21 55  - 44  -  - 51 34  - 65  -  1  -  4  - 28 69 48 67 13 15  2  -  9  - 61  3 39 56  - 27 18 32  - 19 17 16  - 23 29  - 41  - 43 12  6 25 59 42 68 33 62 37 36 24 46 66 14 10  -  8  - 50  - 52 53
 62 11 39 63 35 46 44 40 68 31 20  3 37 60 17  8 69  - 28 47 56 10  1  -  4 15 38  6  - 70  - 33 23 30  -  - 14 59  5 22 25 55  - 65 50  - 53  - 18  - 27 42 32 41 16 13  -  - 34 67 29 24 26 36  2  - 19 52 21 66
  3 53 34 18 36 47  - 50 62 10 55 32 20 27 35 26 15 17 56 43  -  - 52 38  -  7 25 49 23 41 65  - 29 16  4 22 54 30 48 12 51  - 66 28 61 42 46 19 21  - 70 58 39 40 24 33  6  - 60 14 59 68 67 37 57 11  1 64 44 45
 49 20 12 48  - 42 30 51 64  9 24 29 53 16 19 60  5 40 45 62 65  7 33 10 22 54 47 36 66 52 50  -  - 57 21 11 63 13  2  - 15  - 14  - 23 46 27 41 55 43 32 67  4  -  8 44  -  - 18 17  -  - 59 34 68 61  - 28  1 69
  - 35  1 22  - 34  - 24  - 58  6 62 25 39 54 47  -  - 48 13 46 40  - 37 55 20 21 43 26 60  - 11  -  4  3  - 50  - 17 31 12 14 61 38  -  - 51 45  -  - 18 30 19 49  2  8 15 41  7 57  -  - 28  5 56 68 70 23 63 33
 18  - 42 44  6  - 41  9 67 21 58 19 13  - 27 53  - 47 16  -  - 60 48  - 70 11 64  - 68 45 49 28 32 31 66 50 38 37 54 25 40 61  - 69  5 65 22  8 30 15  - 57 56  - 35 43 23 12 17 29 62 55 46 39 20 63 51 10  -  1
 69 29 50  9  8  6 54 49 52 22 70  -  - 33  -  4 21  - 60  - 30 64 10 25  1  - 45  - 24 46 43 41 57 39 65 68 13 48 35  5 34  - 18  - 27 51 12 53 32 55 16 14 36 44 58  - 31 11  -  3 17 38  7 15 37 62 47 56  - 20
  - 54  - 28  - 60 57 33  - 38 26 12  - 22  - 27 51  -  -  7 62  - 14  - 19 32 52 66 17  - 63 56 11  - 36  8  9 41  - 47 39 16  - 67 10 34 40  5 23  4 15 45  -  -  - 30 61 68 25 18 69 49 65  - 43 46 35 70 58 29
 39 17 43  - 45 23 34 12 47 50 40  - 22  -  - 55 66 20 68 58 26 25 38 61 49 60 32 69  - 28 44 53  3 37 48 24  - 36  7 63  8  -  - 57  - 67 62  9 41  5 33 52 16  - 15 46 64 30  -  1 35 13 21  - 18 31 59 65 10 56
 48 62  - 21  2  - 42 26 27  - 35 40 67 23  7 58 50 13  9  - 36 18 15  -  - 25 24 64  -  6 29 54 38 69 34  5  - 39 70 20 59  1 51 43  - 53 17 57 22  -  - 33 55 30 65  -  - 60 46 44  - 19 45 52 12 32 49 66 61 10
 64 22 11  - 47 63 38 58  9 59 30 43 41 36 42 57 14  - 53  - 31  6  -  4 56 19  3  -  -  -  5 65 26 55 40 28 29 67  -  - 37 66  - 13 49  8 52 20 50 70 51  - 25 16  - 48  1  - 32 24  7  - 18 21  -  - 27 35  - 39
  - 12 45  - 30  3 68  - 34 66 16  -  6 44 50 32 65  2 13 40  -  9 37 36  -  - 59 61 69 23 22  - 15 14 10 67 46  - 52 27 62 33  - 53  - 18 26 17 20  1  - 49  -  - 60 35 24 56  - 39 70 11 55  - 19 54  -  8  4  -
 17 16 26 33 19 32 51  - 13 61  9 15 66  -  4 18 44  3 62 46  - 27 59 52 45 41  - 40 39  5  -  - 69 23 53 65 55  - 49 67 60 38  8 70  7 63  - 25 43  -  - 36  -  1  -  - 10 14 54 21 30  2 31 56 34 47  - 22  - 37
  - 34 10  8 11  7 31 52 70 54 66 51 63 28  -  -  1  - 22 18 64 32 36 15  - 62  - 26 14 29 25  - 40 68 38 35 37  - 12  - 53 42  9  2 59 27 44 50 57  - 49 13 43  4 55 19 48  -  - 16  5 65 58 41 47  - 17  - 23 67
 67 27 64 32 44 11  - 10 15 23  -  1 68  5 66 28 41 22  - 51 24  8  -  7  6  - 35 21 70 25 60 17 34 59 13 56 40 61 55 42 19  - 62 49 38 20 36 47  2 53 26 69 63  - 14 58 52 50 16  - 46 39  - 54  -  9 43 45 29  -
 47  4 25 52  -  2 50 43 57 32 54 16 48 19 68 35 22 31  -  6 38 29 45  -  - 42 18 59 55 13 33  -  - 46  8 26  -  5  3 41 49 36 24 37  -  - 66 51 14  - 11  -  -  - 63  7 40 28 12 10 61 69  - 44 23 58  9  - 67 21
  - 64 54 53 41  9 35 59  - 63 56 23  - 37 28 30  - 32  - 69 44 65 42 48 66 29 51  3 25 43 47 36 67 24 45  -  5 60  - 40  1 18 57  -  2  - 49 10  -  -  - 21 38 58  -  -  - 33 22 26 39  6  - 16 50  7 31 17 14  -
 46  - 20 15  - 39 65 64 33 13  -  8  - 56  5  - 38  -  - 14 29  1 28 62  - 12 55 52 60 53 54  - 66 25 68 69  - 18 26  3 22  6  - 36 57 50 47 37 34 40 45  7 27 48 31  9 63  2  - 19  - 59  - 70 67 44  - 21  - 23
 13 32  - 34 52 22 62 27 43  - 53 35  -  8 10  5 29 24 37 54 40 46  -  -  - 55  - 31 41 39 14 57 63 49  - 16 33 12  -  7 68 45 36 15  - 23 64 60 70  3 69 17 59 19 20 56 66 21  -  9 26 47 61 51  6  - 67  - 50 48
  1 13 36 30 27 18 26 53 59 45 44 25 52 57 16 49 63 14  7 61 15 12 11 34 31  - 20 33  - 38 67 70  2 35  - 41 28 56 21  - 64 32 29  - 69 24  4  - 17 50 39 60  -  8 10 37 68  - 23 22 51  -  3 47 54  - 48 19 66  -
 43 46  4 37  - 40 10 17  2  8 33  - 38 51 59  - 61  1 67 57 50 49 24  -  - 69 53 16 28 18 39 13 14 70 64 63  -  - 32 34 20 41  - 45  - 15 23 29 62  - 42 54 44 12 30 22 26  - 36 48 31  7 35 68 21  3 52 47 27  -
 59 48 37  - 69 58  - 63 24 29 60  - 14 17 34  - 10  - 12 39  - 38  -  5 11 52 41 19  - 49  1  8 31  - 44 42  - 22  -  9 35 27 32 62 68 28  3 16 40 57 54 23 21 67  - 65 13  6 56 50 45 46 43 25 66 64 15 33  7  2
 51 33  7 40 64 67 70 14  -  1  - 38  - 35 48  -  - 62 50 27 17 41 19 63 18 34 56 47 53  -  4  - 12 60  - 59 65 11 24 57 58 23  - 42  -  2  8 13 25 16 68  - 45 32 54  - 55 10  -  6  9  - 20 30 29 15 26 61 49  -
  8  5 52 25 33 10 47 39 18  - 13  2 12 58 26 37 57  7 27 67 53 14 31 22 41 59  9 30 32 11  -  -  -  6 23  - 69 34  4 62  - 28 64 50  - 68 16 61  - 45 65 40 35  - 38 20 21 49 15 66  - 42 60 63 55 70 29  - 56 46
 56  - 61 20 28 62 14 55 45 60  - 41 17 24 12 39  7 57 23  - 70 11 40  8 67 31 43  - 50 54 37 47 19 18 52 49 35 69 66  6 33  - 58 48 22 32 59 46 63 38 21  9 65 27  1 51 29  -  - 30 64 34 16  2 10 13  -  5 36 15
 31  - 41  - 53  - 12  - 66  - 38 47 50 15 70 62  -  - 46 35  1  - 60 55  - 17  - 37  4 10 21  -  6 58  -  2 43 45 67 28 63 51 54 34 56  - 24  - 44  9 52  3 49 11 25 59 16  - 30  8 20 64 32 61  - 57 22 39 65  -
 42 65 48 68 10 56 60 69  7 52 22  - 16  - 33 67 25 58 39  -  - 51  2 20  -  6 15 35 54 30 34 64  - 66  - 36 62 57 31  4  - 26  - 17 19  1 18  - 24  -  - 63  3  - 43 29  - 38  - 45 40 61 44 27 28 21 11  9 59  -
 52  2 30 12 60 54 63  4  - 20  -  7 36 11  - 14  - 53  8 22 47 34  6  - 46 50 28  - 67  -  9 61 65 40 69 23 66 17  -  - 42 44  - 35 15  5 13 26 68 33  - 43 48 62 57 49 70 59 45 41 24  - 39  1 58 18 16 31 37 64
  - 24  - 62  5 48 28  - 20 57 14 65 19  - 18 31  -  - 32  1  -  2  8  6 36  - 16  -  3  - 12 67 33  9 61 34  - 68  -  -  -  - 21  7 63 59 45 70 58 35 53 46  -  -  - 15 25 42  - 56  -  - 51 43 49 26 39 30 11 17
 63 45 32 70 15 12 33 34  - 44  5 24  9 61 58 22 43 49  - 55 19 62  - 23 39 56  -  7 46 17  -  - 21 51  - 30 16 66 41 36 10 29 67  1  - 64 54  - 31 68  4 37 26  -  -  -  - 18 13  2 60  8 47  - 42 35 20 40  3 11
 53 19 33 45  7 37  - 66  -  - 27 22  - 46 69 61  6 28 52  - 14 70 18 64 12 10 54 32 20 31 24 51 47 42  - 55  8 23 13 49  -  -  2 60 35  - 25 58 11 39  - 68 17 50 62 67 36  - 48 59  - 43 57  3 26 34 38 63 15 30
 41 68  - 38 42 61  6 56  5 51 50 54 69 49 47 25 31 27  3  -  - 16  - 14  9 13  7 23 15  - 58 21 24 63 22 40 53  4 29  2 57  - 12 11 39 26  - 48 59  8 46  - 28 70 18 10 20  -  1 52 65  -  -  - 32 17 36  - 62 60
 16 23  2  - 12 36 19  - 54 70  -  - 64  - 25 48 26 68  -  - 41  -  5  - 58  - 44 27 65  3 10  - 18 11  - 43 17 50  -  - 13  -  -  - 46 14 60 67 47  7 37  8  6 35  - 57  -  - 40 63  4  - 15 69 52  - 66 38 34 55
 45 21 16 59  -  -  3 47 38 14  - 52  - 62 29 50 30 66 25 17 43  -  - 57  -  1 19 58 56 15 18 60  - 61  5  6 10 44 40  -  7 11 63 12  - 13 35  - 48 26 23 55 31 53 36 34 46  - 67 20  - 70 64 65  - 22  - 42  8  9
 26 60 31 49  9 29 23 65 28 48  -  -  3 10 61 17 67 46 44 59 55 24 43 35 37  - 50 20  5  2 19 18  -  - 30 38 34 52 62  8  -  - 25 32 36 33  - 27 54 69 58 66 53 39 40  - 14  - 63 64 56  -  1 42 15  6  - 11 16  7
  - 67  -  4 22  - 18 25 42 12 61 69 57 20  2 40  - 44  - 66  7  -  - 17 13 27  -  - 59 14  8  -  -  - 16 15 39 63 50 65 56 46 60 64 21 48 30  - 51 11 35 34 62 26  5  -  -  1  - 38  - 32  9  - 41 43 33 24  -  -
 29  -  -  - 61 64 15  - 60 27 48  - 30 32  - 19 36 45 38  3  - 50 49  1 65 47 40 70 31 37  -  - 51  5  -  - 11 62 28 56 43 22 59 63 12 57 55 18 42 21 17 53 20 24 52  4 69 34  6 35  - 23 68  - 39 14 25  -  9  -
  6 28  -  - 40 68 17 38 23 30  -  5 47  - 46  - 18 60 43 26 27 61 70 54  3  - 22 55 19 65 42  9  - 33  - 12 51 35 20 15 48  - 39  8  -  7 34  - 56  - 31  -  -  - 32  -  2 64 59  - 50  - 52 29 11  - 45  - 57  4
 50 55  - 36  - 21 64 45 63 41 47 44 51 67 40 42 11  8  6 31 18 54 34 39  2  -  4  - 43 68 69 59 13 53 19 61  3  -  - 48 26  - 28  - 20  -  - 15 60 14  9  -  - 33 27 16  -  - 52 23  - 25  -  - 22  - 30 29 35 58
 25 10 47  3  - 45 46 68 65 39 63 30  -  -  - 15  -  5 34 64 12 59 69 19 35 22 17 11  1 66 28  2  9 36  - 31 60 55 37 53 50 40  6 58 29 49  - 52 38 41 14 18  -  - 67 23  4 48 70  7 44 56  - 20 16  - 21 26 33 62
 55  8 67  -  - 30  -  1  - 65 34 70 35 31 21 16 46 15 42 41 52 56 66 45  - 24 36 38 61 62  - 27  - 10  - 44 26 19  - 60 47 17 20  -  3  6  9 69  4 32 57 12 18 14 39 28 43  -  5 13 11 33 54 64  -  -  - 58 22 51
 33 42 63 10 58 44 29  - 61 69 52 37  1 13 55  2 68  -  - 32 28  3 25 65  - 36  - 48 21 20 35 34 46  - 70 14 24  9 60 19 66 15  4 47 51 45 67  -  6  - 64 31  7 22 17  - 30  -  - 54 18 62 11  8 59 23 53 41  - 50
  - 25 17 60  - 69  - 37 44  7  8  - 58 18 56 64 55 54  -  5 21 43 61 46 48 45 33 67  -  9 57 24 20 47 42 51 23 16 11  - 29 31  -  6  - 35 14 22 53  2 34  1  -  - 66 40  -  - 68 62 10 36  - 38 13 28 63  3 41  -
  5 49  -  1 39 41 45 30 58 35 25 59 26 70 62  - 16 48 17 63 60 67 44  - 54  8  - 18  - 57  -  3  7  - 33 47 42 51 14 13  - 21 31 68  - 36 61 38 19 34  6 64 50 69 37  2  - 52  9  - 27  - 53 22  4 10  - 32  - 40
  7 40  - 24 38  1 58  5  - 33 11 66 61  3  - 59 53  - 64 68 34 42  4 28  - 26 69 15 57 16  - 20 35 62 54 52  6 49 43 50  2  - 13 19 32 47 65 30 67 12 10 25  - 56 22 31 60 39  - 27 55 63  8 17 48 45  - 46 18 70
 19  -  -  5 50  - 43 11  -  3 59 39 27  - 60 51 35 18 47  - 45 36 20 69 52  4  - 13 44 67 26  - 68 65 32 48  - 24 63 66 23  7  - 54  - 61 37 21  -  -  -  -  - 42 28  6  8  - 55 58  - 17 40  - 70 16 14  1 53  -
 34 14 23 13 18  -  -  3  6 46 41  -  5 63 65 21 45 50  - 36  9 17 56 49 57  - 68  4 27  -  7 66  - 43 31 54 12  2 39 58 55  8 44 30 33  - 32 35  - 61 38 11 52 25 26 70 47 53 10 42  1 48 19 60 24 59 37 20 51 16
 60 66  -  - 59  - 20 70  1  - 62 68 42 69 49 44 23  - 36 45  3 26  - 12  -  - 46  - 29 35  2  -  - 22 57 39 30 32 10 61  9 47 56 41  - 21 63 14 52 25 24  4 34 15  - 11 17 55 31 37 19 27  - 58  - 48 13 18 28  -
 11 15  - 19 57 13 22  - 26 34 37  - 39 21  - 56 33 52 14 70 23 63  - 66 38 58  5 42  7 48 59 44  4 32  2 27 25 53 47 51  - 20 10 16 65  -  - 64 45 18 41 24 61 43 50 55 67 31  8 36 12  - 69  - 17 40  -  6 60  3
  - 31 59  - 49  -  - 67 19 64 46 36 45 43 20  - 34 25 41 65 54 44 22 58 60  - 39  - 10  8 15 68 52 27 50 37 21  1 33  -  -  3 11  - 13 69  - 24 61 17 29  - 40  - 48 42  -  - 35  4  6  - 62 32  - 56  5 12 38 18
 37  - 14 65 16 33 39 42 10  - 28 58 18 38 13 46  9 61 21 50 32  -  -  2 23  - 26 60  -  - 52 22 55 20 24 25  - 40  - 43  3 67 49 31  1 19 29 34 27 44 48  6 30 66  - 54  - 45 11 15 57  4 36 12  5 69 62 51 17  8
 36  -  - 41  -  - 66  -  - 25  1  - 40 52  3  - 64 69 54 11  - 15 17 27 21 57 12 50 45  7  -  4 10 34 47 62 68  8 46 26 24 30 55  5  - 39 42 63 16 22 67  2 70  -  - 61 18 32 38 33  - 44 37 13  - 49 60 14 19  -
  - 38 57 16 62  - 61 15 55 42 45  6 34  2 67 10 37 11 40 20 48  -  - 44 64 35 14 56 13  - 32 25 41  3 26 60  - 31 51  1  - 69 70 33  9  - 19 12  8 63 36 28  - 65 53 21 50 29 43 68 23  5 49 59  7 52 46  4 39 22
