3920
  - 22  - 18 16  - 30 43  -  -  - 26 49 24 38  - 59  7  - 42 17  3 28  8  - 65 69  - 47 51 34  -  - 48 14 15 12 68 19 21 54  2 66  - 25 27 41  - 63 52 70  4  -  9 57  1  - 39 58 53 11 46  -  -  5 13 31  6 61 64
 31 25 53  - 41  2 22  - 35 65 38 67 62 66 59 48  -  4 11 68 50 19  - 15  8 13 58  1 56  - 46 49 14  - 21 44  - 10  7 20 47  3 30  9 36 55 51 39 16  - 40 26 29 42 32 60 37 23 54  -  6 17 63 52 61 28 64 34 24 43
  -  2  -  -  - 66  6 47 58 11  - 10  - 56  - 12 39 53 35 22 38 17 61 20 41  -  1 36 15 34 68 45  - 37  7 57  - 32  - 19 24 28  - 54  -  - 44  3 52  8 50 21 31 67 29 13  4  -  -  -  -  - 60 55 40 49 16 25 63 23
 21 12 51 22 32 36 37  - 55 45 35 49 61 54 69  - 63 31 57 43  -  4 44  -  - 29 34  -  9 46 60 14  - 65 28 40 19  7  -  6  - 39 59  5 18  - 56 52  - 48 17 13  -  - 70  - 66 53 25 62 24  - 30  1  - 11  - 64  - 10
  - 66 17 41  4 38 35 65 20  -  - 19 64  - 24 29 40 13 16 53 60  - 69  9 61 43 68  - 58 47  - 34 67 23  - 55  -  8 26  - 10  - 63  - 30 14 31 36  -  1 21  - 15  - 52  3  - 22 27 44  - 57  - 56 54 39 25 70 32  6
  9 32  5  - 48 25 52  8  1 19 24 16  - 30 12  - 42 45 34 57 21 47  -  7  - 41  -  -  2 56 59 10  -  - 68 54  6 23 28 14 11 49 38 46  - 50 18  - 53 43 66 33  - 26 39 36  - 37  - 67 22 20 35 40 58  - 27 65 51 29
 58 54 42  - 19  - 64 10 23 67  -  - 20 68 16  9 50 52  6 55 25 48  - 44 21 15 33 56 29  - 61 40  - 70  - 26 35 51 30 27 65  - 28  - 14 34 47 43 11  -  - 59 66  2  8  - 69  5  - 12 63 60 38 36  1  - 22 53 39  -
 49 27  - 23  - 16 29 34 60  - 63 66 14 58  - 65 43 64 56 12 41 32 68 61 38 51 54 40 19 28 69 31 25 52 15 10  - 24  - 13  5 21 33 22  4 59 42 47  - 18 46 67  8  -  - 50  - 62 45 39 53 30  2  -  - 55  6  -  9  -
 68 15 28  -  - 49 55 63 53 66  - 61 42 50 13 69 10 27  5 51 20  -  -  3  2 22  - 48 21 18 54 24 39 46 60 31 38 34  8  - 57 47  1 58 40 43  - 11 12  - 30 23 25 33 14 17  - 70 29 52 62 19  - 67  - 35 65 16 56  -
  8 50 23  - 26 54 38 19 12 35  -  -  - 33 22 52 24 55 58 29 31 30  9  - 65  2 62 32  7 70 47 51 27 18 63 61 39  - 11 28  - 69 37 53 59  4 60 67 64 34 48  -  - 36  - 43 14  - 56  1  - 13  -  - 66 21 42  - 41 25
 48 37  - 29 42 64  -  - 26  -  9 52  - 25 32  -  -  5 53 21  - 34  -  - 23 12 65  - 61 57 38 43 47  2 55  7 22 18  - 16 17 62 35 66 56 46 11 51 31 14  - 40 68  - 44 19 59 13  1  8  - 10 24  6  3 30 54 50 20 58
 20  - 12 13 69 21  - 64 52 33 32 51  - 17 45 41  -  - 49  9 66 10 36 60 54 50 29 19 27 59  - 26  - 42  - 67  -  - 18  5 40  -  - 39 34 25  - 46 47 65 62  8 14 11 68  -  2 57 48 23  1 35  - 58 24  -  3 28 15  -
 33 47 39  - 24 26 56 53 59 16  - 41 43 52 46 32 21  6  -  1 14 58 40 34 17 36  - 70 63 25 23  9 64 30 51 49  5 12 69 11 29  8 62  - 65 45 15 68 50 37  - 66 22  - 38  - 18 60  -  2 44  4  - 57 42 10  - 54  7 19
 28 58  - 34 37  3 63 49 66 32  -  - 51 67  1 35 68  -  - 15  2 69 13  - 50  - 30 23  - 33  -  -  9 56 36  6 61  - 40 60 52 22 16 64 57 11 19 53 29  - 41 62 24 31 65 20 10 47 38 17 21 12 14 27  4 42 70  8 25 54
 19 42  -  9 34  8 44  -  -  -  - 53 12  - 25 24 46 20 41 31 58 50  3 70 59 47  - 21 11 36 33 64 15  -  5  -  - 35 63 61 45  -  7 16 17 23 69 62 54 30 29 55 65  6 26  - 32 18 14 51 40 38 52 49 68 67 60  -  1 28
 40 70 54 64 13  -  5 61 11 43 47 21 66 31  - 14  - 18  - 30 49 45 56 36 52 26 28 60 38 23  1  -  - 29  - 42 33  - 10 15  4  -  -  - 53 68 27 59  7 25 58 65  - 46 34  6  8 35 37 20 69 32 55 17 16 51  - 63 57 50
 50 33 52  -  - 58 41  2  - 64 36 59  - 46 20 49  1  - 27 47  4 60 18  6  - 68 43  - 67 10 16 57  5 25 56  8  -  - 35 54 51 61 13 69 63  7 21 34  - 38 65  -  3 15 40 66  -  9 19  - 29 70 31 39  - 53 12  - 62  -
 16 57  -  1 64  7 15 67 17 54  - 68 52 22 51  - 69  2 19 61 47 39 29 43 45 31  4 18 50 11 48  6 32 62 24 38 10 41 34 42 28 53 60  - 20 12 58 44 13  - 59 25 37 14 27 65 30  - 21  5  - 56 26  - 46 40 49  3 55 35
 11 64  - 32 40  - 27 23  6 63  - 45 35  9 39  5 29  - 18 17 13 51 66  4 16 44  - 30 65  2 20 47  7 26 50 37 55 56  - 62  8  - 69 33  - 21 68 28  -  - 25 34 54  1 53 46 43 42 52 24 70  -  -  - 22 59  - 49  3 57
  -  -  - 43 21  9 17  - 36 15 68 44 63  -  6  1  8 59 50  2 34 52  - 12 11 70 18 61 55  -  - 62 49 14 16  -  -  -  -  - 38 54 39  - 60 51 67  - 66 22  7 27 30 64 41 25 13 20  - 19 23 65  -  - 56  - 10  - 35 69
 66  3  - 35 36 44 40 51 56 39  -  8 29  6  - 57 33 24 15  - 26  5  - 13  - 45 11 12 53  - 19 68 42 49 31 60  -  -  - 41 69 37 10 25 52  1 16 21  -  - 27 38  - 70 67  9 20 64 23  - 28 14 43 30 65 50  - 17 22  -
  2 51 19  3 66 17 61  - 14 30 13  -  - 69  -  -  4  - 32 36 22 44 25 64 40 55  - 54 62 63  7 12  - 15 53 39 46 52 23 33 56 24 45 18 42 28  - 27  9 20  - 49 34 68 50 70 47 67  - 65  - 29 21 26 60 38 57 58  - 37
 60 11  -  -  -  -  -  6  - 14 49 29 34 59 10 42  -  8 69 35 39 22 55  -  - 23  -  - 18 26  5 36 19 64 44 50 30 40 21 43  - 52 68  7 62 67 38 70  - 31  1 17 28 57 58 47 25  2 16 56 66 41 65  - 37 32 33  - 53  4
  -  -  8 70 22 61 67 20  - 17 62 46 10 65  3 21 51 60  - 58 35 27 32  - 19 30 42 53 41 16 11  7  6 59 69  - 63 45 54  -  -  - 25  -  -  9 64  - 37  - 24 44 36 55  - 57 26 50  4  - 39  2  1 29 49  5 47 23  - 34
  - 53 35  - 14 37 26 17 43 31 39  -  7 20 19 23  - 41 21  - 36  2 54 51 60 58  - 66 28 32 18  -  1 45 38 29 52  - 16 49 44 33 47 56  6  - 59  - 48 64 42 61 63  8 55 68 12 24 70  3 15  - 34 22 25  9  -  4 69 30
  3 23  - 20 30  - 13 21 54 34  1 18  - 62 36 40 64 61  - 67 16 35 15  -  -  - 60 57 25  - 44 66  - 51  8 27 32 29 37 58 50 42 55  -  - 63  - 26 10 70 12 14 49 53  9 69  7 46  -  - 52 68 11 33 48 19 43  - 31 41
 67 59 16 24 58 40 39 28 21  2 46 37  - 55  - 38  7  - 52 65 45 20  5 14 69 53 23 31  1 13 42 33 68 36 25 51 54 26 56 18  - 10 29 17 43  8  4 61 32 66 49 63  6 62 30 12 19 27 35 41  3  - 64 47  - 70 44 57 50 15
  4 46 65 11  - 31 69  - 47 27 44  -  - 36 70 26  6  -  - 48 32 43  - 45 64 57 63 25  3  1 49  - 13 20  -  -  -  - 12  2 66  - 53 61 16  - 30 23 35 62  - 50 33 40 21 59 38 56  -  7  5 18  9 60 19 17 52 29 37 42
 30 29 56 55  - 22 62  - 38  -  -  4  3  -  -  8  - 49 51  - 18 28 24 19  - 17 66 15 32 65 27  - 21  - 58 41 34 59  9 39 13 45 31 67  -  5 50 25 61  - 37 42 57 52  - 23 60 10  - 36  - 48 70 69  -  - 40 11  - 68
  -  6 69 21 18 51 70 50 28  - 53 65  - 39 26 46 47 33 61 14 30  8  - 59 22  7 41 52 66 40 37  - 38  - 17 23 67 11 32 45 42  - 20 57 24 62 12 29  3 13 56 19  1 54 31 64 36  -  -  -  4 16 15  9 27 60  2 44 43  -
 27  9 59 47 15 34 33 48  - 22  6 57 53 18  5  - 41 19 25 63  -  - 16 11 62 39  - 29 14 31 32  - 37 21 43 68 13 69 45 23  7 44 42 70 51 65 40  2 26 35  -  - 17 20 54  - 49 36 61 60  - 66  3 64 67  8 30  -  - 52
 63 60 10 61 27 32  4  - 44 56 41 48 13 34 35 37 22 36 70 69 52  -  6 21  - 18  7  - 40  8  - 19 11  - 66 64 20 38 43  - 53 50 17 12 33 15 23  1 59 16 47  -  9 29  3  2 62  - 65 42 58 54 45 25 30  - 55 14 46 51
 36 65  -  8 28 55 68  - 18 46  - 22  - 45  -  - 35 15 13 24  9  1 23 49 32 60 51 14 10 38  - 30 26  - 61 16  - 43 44 53 37 34  3 20  -  - 57 40 56 54 31  - 69  - 59 39  - 63 47 66  7 67  -  -  - 41 58 12  - 33
 53  - 30  - 56  -  - 22 25 59 65 69 36 44 29 11 60 37 66 70  8  -  - 52 24 10 19 35 13 15 21 50 20 32 46  - 58  2 27  7 16 40  6 34 28  - 33 55 45 39  4  3  - 41  5  -  - 51  - 49  - 42 47 38  - 23  1 68 18  -
  - 63 57 62 39 42 20 46 49 41 34 15  5 13  - 27 54  3 67 28  7 31 21 22  - 24  2  -  - 45 53 52  - 12 26  - 23 14  1 65 64 66 44 30  - 19  -  - 40 56  8 16 11 51 43 58 17  - 18 50  - 36  -  4  6 33 48  - 47  9
 37  - 41 26  5 69 65 12  - 28 30 63 50 38 27  - 16 17  7  3 23 42 59 10 55 33 13 20 60  - 24 25 66  4  2 14 47  9 31 40 43  1 36  6 48 70 46 18 68 58 61  - 53 19 11 22 52 21 15 34 45  - 54 62 64 56  8 35 29  -
  6  - 34 31 33 35 46 62 68 50 70  9 22  -  - 18 11 57 37 44 19 54  8 23 51 66  - 63 42 27 10 61 41 16  3  - 56  1  - 64 14  -  - 24 47 29 25 58 30 60  - 15 32 59 20  -  5 17 26 21 67  - 12 43 53  4 36  - 52  2
 45  5 15  - 11 56 54 60 19 49 66  -  1 32  2 68 25 39  - 38  - 29 47 30 12 35  - 16  - 44  8 48 58 41  - 18 14 53 17 55  - 26  - 10 31 42  - 69 46 27  -  7 51 65 63  4  - 40 22 33 13 52 37 61  -  - 28 59 21  3
 55 24 14  - 46 30  1 54 67 29 16 17  - 61 64  3  - 25  - 19 27 26 50 39 33 20 53  -  -  - 28 65  - 57 18 62 31 15  6  -  - 35 23 38 10 60  -  4  5 42 13 32  7 63 36 45 56 11 44  9  2 37 22 66  - 47 69 51 70  -
 25 10  1 58  2 15  -  -  8  7 67 32  6  4 63 55 48  - 65  - 46  -  - 37 35 64 44 24 17  - 70 60 59  9 49 69  - 57 36  - 26 56 61 47 50 18 52 31 21 29 23 12 20 39  - 53 68  -  - 14 54  - 28  5 41 34  - 19 30  -
  - 13  7  - 65  5 58 44 41 47 56 25 16 12 23  2 17 10  3 52  -  - 27 50  - 54  8  - 43  -  - 70 31 60  1 59  4 62 22 24  6 30  - 26 49 53 37 57 51 67  9 39 42  - 48 32  - 19 66 35 34 21 20  -  -  - 14  -  - 38
 54 52  - 49 57 23 48 31 40 26 21 47 17 42 55 62 56  -  4 18 59 53  -  1 34  3 14 58 37  9 41 38 44  - 70 11 69 19 20 66  - 46 64 60  2 39 29 63 33  - 36 28  - 22 25 61  6  7 24 15  -  5 67 50 35 68 51 43 13 16
  -  7  3  - 60 67 10  -  -  9 64  - 45  -  -  6 19 29 55  - 11 65 48 24 28  - 49 42 16 14 56  4 54  1 47 70 43  -  5  8 21 27  - 36 37 58 62 13  -  - 32 22  - 30  - 52 53 33 12 25 68 51 17 31 34  -  - 40  - 18
 17  -  -  4  8 11  9 36 34 55  - 42  - 41 57  - 28  - 29 33 54 70  7 38 53 48  - 22  5 58 25  - 60 47 39  - 37  -  -  3 19 20 51 31 46 64 13  - 23 24 45 35 44 69 56 18  1  - 67 27 26 59 32 65 12  6 21 62  - 66
  - 34  - 30 68  - 42  -  -  3 19 58  - 14  - 51 37 28 54 59 70  -  - 66 56  -  - 47 52 17  - 46 43  - 27 20 16 60 62 48 63 65  4 15  7 32 22  -  - 36 11  6 40 21 49  5 23 55 50 69 25  1 57  2  - 18  9  - 26  -
  - 35 60  - 38  - 25 37 63  8 28 40 70  3  - 34 44 69 31 64 29 36 14  - 58  6 16  4 20  - 12 18 23 33  - 13  - 27  2  - 46 19  - 50 41 61 65 17 24 45 51 53 43 66 15 30  -  - 11 47 56 55 48 21 39 57 26  -  - 62
 70  - 44  - 47 52 59  - 48 62 58 30 19 23 53 36 15 51 38  5  -  - 35  -  6  - 26  - 54 50 64 22 61  - 29 25 65  - 14  1  -  -  9 63  - 17  -  -  -  - 10 37 45 60 12  -  -  -  - 28 33  -  4 24 20 27 18 66 49 39
  7  4  - 15 43 48 32 39  3 70  -  - 67  8 40 44  - 65 24  -  1 37 46  - 49 28  6  5 26 35  9 42 51 17 30 53 45 25 33 10 36 68  -  - 54 57 66 56 27  - 14  -  - 13 22 34  -  -  -  - 38 63 19 16 29 58  -  2 23 60
 13  -  9  - 62 20 21 70 32 25 26 54 39  1  4 19 31 43  - 60 10 14 58 53 18 27 47 38 36 42 30  - 22 24 33  2 51 66 57 17  -  - 56 52 35 37  - 45 28 15 68 41 55 44  7 29  3  6 59 63 16 40  8 46 50 48  -  - 11 65
 69 39 66 46 53 57 11 32 62  6 48  7 18 21 68  - 13 56 12  - 43 25 30  - 47  -  9 33  8  4 55 27 45  -  - 35  3 36 52  - 31 38 58 29  - 26  1 50 67 63 22  5  2 24  - 51 16 41 60 59 17 64 49 54 15 44 20  - 40 14
 42 41  - 44 25 14 19 55  7 40  2 33 23 15 31 22 32  - 45 26 61 66 64 46 39  9 37 10 34  - 36 20 52 67 35  3 28  6  4 57  - 16 43 51  8  - 63 49 17 21  5 30 70 56 60 54 11 12 53  - 18 24 27 68  - 62 50  - 65  1
  - 21  -  -  3 50 51  - 45 20  - 28 60 47 18  7  - 11 46 13 63 16  - 41 27  1 57 39 49 54  -  - 62 44  9 19 29 42 68 56 70 64 26  -  5  - 36 15 25  2 52 10  -  4 35  8 31 34 30 32 14 53  -  - 33 65 24 61 12 55
  1 36 24 12 17 10  - 29 61  - 57  - 27 11 34  - 45 46 60 20 64  -  - 62 26 16 15  7 30 37 58 67  -  - 48  -  2 21 25  - 35 41 52 68 13 49  9 22 18 55 54 69 50 32  4 44 39 14  - 40  -  6 56 59 31 66  - 47 42 70
 62 56  -  - 52  - 60 27  - 21  - 55  - 70 50 59 49  -  1 40 42 63 34 31 37  4  5 46  6 68 39 23  2 11 22 28  -  - 41 29  - 17  - 35  - 20 32 12  - 51 19 45 48  3  - 67  - 30  7  - 64 43  -  - 57 15 61 26 14 13
  -  - 31  - 20 63 53 35 42 51 22 23 15 64 47 13 34 62 30 27  - 61 70 18  - 25 45 43 69 41 14  - 55 10 59 66 26 16 48  -  1  - 46  8 29  3 39 38  - 49  2 56 60 17 19  - 50  - 33 57  -  9  7  - 36 37  - 24  - 44
 23 17 11 10  6  4 24 15 57 37 51 34 47  - 33 54 70 50 63 49  3  -  - 29 42  - 12 62 46 48 65 69  8  - 20  -  - 55 13  -  9 59 67 21 22 16  - 66 19 44 53  - 41 58 28  - 64 32 31 30 60 39  5 14  -  - 35  - 36 56
 47  - 26 17 23 28 36 11 64  -  - 62 32 63  8  - 18 44 14  - 56 41  - 27 30 38 46  9 57 21  3  -  - 19 34  1 53 65 51 37 39 25  5 49 67  -  - 33 58  6  - 68 13 10 69  - 48 43  -  4  - 15 40  - 70 12  - 52  - 61
 22  -  4  -  - 45 23 14 33 18 12 60 58  - 15 30  9  - 26  7 48 21  - 68 31 62 59 17 39 19 40 55 36  -  6  5 41  -  -  -  2 11 27 65 38  - 34 24 43 61 44 29 46  - 13  - 51  - 63 64 37  - 53 28 10  -  -  - 67  8
 35  1  - 16  -  - 28  7 65  - 61 38 55 26  - 33 62 14  -  - 51 15  - 40 63  8 56 13  -  6  -  -  4 54 67  - 18 37 60 47 22  9 57  - 44 69  3 30 20 50 43 11  5 25 42 24  - 31 39 10 12  - 66 19 23 64  - 21  - 46
 14 30 64 39  - 19 18  -  9 42 54  - 25 51  - 60 66 48 20  - 37  - 26  2  3 49 21 69  - 53 17 29 35 61 13 56 15 31 55 36 67 32 12 43  - 10 70 41 22  -  6 47 16  - 23  - 63 45 62 68 50 28 46  -  -  -  4  1 27  -
 38 68  6 66 29 70  - 25 13 69  -  - 54 10 44 67  3 16 39  - 65 62  2 33  1 32 52  -  4 30 63 28 53 34 57 17  - 47 50 59 48  7  8  -  9 36 61 60 55  5 26 20 35 49 64 56 40 58 41 43 51 11 18 23 21 22 15  - 45 27
 26 16  - 56 50  - 12 68  4 61  -  - 38  7 49  - 30 70 48 11  5 59 20 57 46 14 25 28 31 62 22  -  - 69 10 65  -  3 67  - 23 29 18 42 27  - 55  6 39 53 64  - 19 47  - 63 45  - 36  - 43  - 13 35 51 54 17  - 34 40
  -  8 25 14 35 18 50 38 69 57 15  3 40 19 56 58 65  1 22  4 53 68 67 32 66 42 27  6 24 39 13  - 63 31 45 46 60  - 29  - 62 70 54  - 61 52 48  - 41 59  - 64 47 28 16  - 34  - 10 11 30 26 23 37 55 43  5 36 17  -
 61  - 32  - 45 39 47 69 22  -  - 13  9 48 58 70 26 66 44 56  - 11  - 35 29 52 31  -  - 20 15 54 17 40 65 36  7  -  - 25  3  - 50  - 55  2  - 42  1 23 34 43  4 12 24 28 27 68 46  6 57  8 33 63 18 16 37 30  -  -
 41 49 38 25 61 59 57 52 70 68  4 20 33 28  -  - 12 34 17 45  6 55 19 67 43 40 32  - 64 66 35 37 29  - 23 58 21  -  - 63 27 15  - 13  3 44 14  7  8 46  -  9 56  -  1 62 24 26 42 54 48 22 51 10  -  - 53 39 60  -
 12 62  - 65 31 33 34  -  5 52  7 35 28 29  -  - 67 32 23  6  - 18 49 58 57 69 36 64  - 60 50 56 10 22  - 21 66  4  - 38 30 63 41 14 70 13 54 16 42  - 15 51 61 27 37 11 55  1 20 46  - 25 44 45  - 26 39  9  8 53
 44  - 40 28 12 43  2 30 27 23  5  - 26 53 42 64 61 21  - 41 68 38 31  - 10 19 70  8 22 29  - 13 34 58 52 48 49  -  - 35 25  - 32 62 11 66 45 54  - 57  -  1  - 37  6 14  -  -  9 16 20 50 39 51  -  3  -  - 33  7
 39 31 18 67 10  6 16 24  2 13 59  1  4  5 21 25 55 58 40 50 44 56 17 26 14  -  -  3  - 22 66 41 57 63 12  - 62 64 42 30 34  - 48 11 45 35 53  -  - 47 28 52 38 43 46 15 33 65 68 70  8 23 36 32 69 29  7 27 54 20
 64 19 63 50  - 46  -  5  -  - 10  - 37 60 62  - 23 12 42 25 67  - 52 17  7 21 35 65  - 61  2  8 16 53 11 47 68 39 15  -  - 58 49 48 26 38 28 32  -  9  3 36 27 34  - 40 57  - 43 22 41 44  6 20 13 14  -  -  - 59
  5  - 37  - 44 27  -  9  - 60  3 50 46 16 14  4 36 40  8  - 12 67 11 25 70 59  - 51 35 55 26 63 56 43 42  - 17 13 53  - 49  6 21  1 32 30 20 48 34 28 57 54  - 23  -  - 65 29 64  - 47 61 62 41  7  2 68 22 10 24
