3920
  - 12  -  - 43 39 17 58 19  - 30 47 34  - 21 24 45  -  - 61 56  -  - 67 62 26 27  3 35 65  -  -  - 49 28 57 53 13 23  - 36  - 41  7 15 50  -  -  6  2  1 25 22 10 40  - 68 59  4 55 20 29  - 70 16 69  -  5 42  8
 25 49 16 18 55 23  -  2 50  -  - 63 30 69 27  - 60  9 48 28 52 53 12 15  - 24  - 43  - 11 36  - 65 33 39  8  - 66  - 40 34 47  - 68  - 45 20  - 44 58 42 21  - 56  -  - 51  3 61 10 19  - 70  1 54  - 35 13 57  -
 58  -  4 70 64 14  - 56  7 27 44 22 12  - 66 62  8  - 67 30 42 47 17 46  -  - 15  -  - 52 28 54 37  -  - 13  5 16 31  - 35 65  - 24  -  - 34 63 68 51 57  - 10 43  - 20  - 45 59 36 69 11 29 19 53 25 18 41 48  1
  - 66 11 64 47 16 65 44 18 40 61  1 37 38  8  - 43 68 13 57 22 15 33 19 41 70  -  7  - 50  9 52 14 42 59 28 30 34  5 24 39 56 55 27 12 54  3  4 36 62 51 53 35 48 10 26 45 60 46  - 17  - 20 21  -  6  - 29 49 69
 42  - 39  - 31 40 18  9 51 15 58 33  3 44  - 16 62 25 54 14  1 50 19  - 61 12 11 49 36 59  - 34  4  - 47 55 66 70 43  - 22 27 64 41 52 13 63 68 53 20 26 65  7 28 30 67  5 38 57 32 37  6 24 29 23 48 21 56 69 17
 64 15  - 24 56 54 61 12 33  5 38 49 52  3  7  2  - 21 37  - 34 13 22  -  - 42 39  - 53 63 17  - 36 41 11 68  - 44 16 35 10 59 60 46 45  - 25 62  4 65  - 19 14 30 48 50  - 18 20 27 67 69  1 32 57  -  6 43 47  -
 15 46 64 48 24 60  - 65  -  9  - 21 54  2 11 68 39 57 14  6 12  - 30 23 27 20 42 28 38  - 50  -  -  - 32 70 34 17  - 33 26  7  - 62  -  -  - 25 43  4  3  -  8 35 47 41 36 55 66 61 49 52 69 22 40  - 13 51 44 31
  -  - 37  1 21  8  -  5 12 61 18 50 26 55  6  - 47 60 24 45 35 28  - 53 32 33  - 63 48  - 13 64 51 44 41  - 42  9 62 56 29 70 34 25 57  3 15  - 27  -  2 69 46 19 52 54 22  4 36 49 40 38 16 31 66 59 39  - 17 14
  - 60  - 10  -  1  9 11 49 57 25  - 13 12 65 31 24 38 59 18  -  7 37 41 39 36  - 69 34  6 26  - 68  -  4  -  -  -  - 47 52  8 56 55 62  - 29 42 66 28 15 16 53 54  - 43 70 58  5  3  - 50 30 23 17 27 48 40  - 61
 28 23  - 37  7 56 33 17 60  - 52  3 59 68 15 50 20 24 57 27  - 10 39  -  - 32 46 42 18 38  -  9  - 34 29 26  8 67  - 69  - 45 35 51  5 16 48 54 30 44 40 64 49 66 31  4  - 21  - 65 63 13  2 55 19 62 12  -  6 36
 31  - 20 57 32  - 54 19 45 28  -  -  - 63  5 40 21  -  3  - 26  - 65  4 24 43 10 47 30  - 59 39 49 68 50 12 48 29  - 25 37  - 27  8 35 22  - 11 38 64 14 58  - 53 55 51 60  7 18 56  - 42  -  - 41  -  9  - 46 23
 34  - 48 28 20 61 46  -  - 18  - 58 43 31  -  -  5  -  - 29 37 63 10 14 55 13  - 32 69 51 47  - 56 40 65 33 17 60 26  4 12 42  2 64 54  - 41  - 21 49  -  3 38 67  9 52  - 24  - 19 66 62 36  - 44 23  - 50  -  -
 36 30 60  - 44 65 24  8 17 26 23  4  - 29 70 12  - 63 16 64 58  - 61 50 40 56  -  - 66  - 31 49 18  9 43 37  - 14 13  - 32 33 38 11 28 62 55 20  1 10 54 15 27 52  -  2  - 22 47  - 53  -  3  6  -  - 59 69 21 41
  - 11 26 53 39 68 21 37  3  - 49 56  - 15 60  - 23 62 10 33 63  - 47 29  2  - 50 64  9  -  -  8  -  -  1 54 27  -  - 41  - 19 16 36 31 55 30 12  - 52 69 20 59 65  - 42 66  - 58 24 14  - 44 28 70 22 46  4  - 45
  1 44 41 63 34 64 51 16  - 21 24 70 50  6  4 48 37 69  - 59 43 36 52 27  - 30  - 19 67  9 66  -  - 20  - 65  -  3  -  8 49  - 57 39 29 23  - 45 42 61 25 46 68 13 18 58 12 47 14 40 28 32 11 54  - 35  2  - 55 15
 45 22  2 21 27 38 50 55 31 56 17 40 57  1  - 54  -  - 18  -  - 44  - 58  6  5 23 61 46  4 52  -  - 14 12 51 37  7 39  - 48  - 66 49 13 69 65  -  8 16 10 41  -  9 36 68  - 15 33 53 24 25  - 59 34 32 26  3 62  -
  8 37 56 65  3 30  - 70  - 20 53 51  -  4 12 66 16  2 29 36 11 32 49 64 17 15  -  - 41 33 43 21 67 69 57  1  7  - 44 39 62 46  - 45 34 31 47  - 55 59 27 52 61 14 28 38  9  -  -  -  - 35 48 50 63 68 60  - 24 42
 41 14 47 43 50 25  1 20  - 62 28 57 16 70  - 34 15 52 32 22 65  2 21  -  - 31 37 11 59  - 18 19 69 27 56 61 39  - 66  -  5 60  3 40 46 44  - 23 48  6  7  4 51 26 33 29  - 17 24 58 12 45 68 38  -  8 67  - 36 54
 13 39 67 35 42  - 32 43 16 36 34  9 18 46 19 10  4 65 61 50  5 64 54  -  1 47 49 21  7 62 25 44 40 45  8 48 52 56 38 20 28 53 29 70 33  - 68 24 26  -  -  2 30 11 27 22 57 14 60  6 15 31 23  3 51 37 17 66 41 55
 56  - 46 30 59 41 69 39 54 42  - 16  5  - 43  9 35 55 27  8 10 45 57 68  - 48  -  - 24  - 51 67  -  - 53 50 14 47 49 44  4 38 18  - 40  - 26 52 31  3 37 13 36 60 29 19 11 32  2 62 22 61 17 15  7  -  1 64  -  -
  -  -  7 68 36 29 45 61 48 54  5  - 42  - 34 38 28 46  - 58 67 23  8 39 56 59  - 31  6 32 24 66 16 64 40 49 10  1 14 62 20 26  4  -  - 63 57  - 35 27 65 60 43 44 25 47 19 11 70  - 41  2 55  - 50 52 15 17 22 12
 59  6 17 60 54 24 30 57  1 53 22 19 33  - 26  - 25 12 42 56  2 38  4 66 49  - 21 51 45 39 67 55  8 29  5 41 68  - 70 43 23 15 36  -  -  9 27 64 16 40 63 50 37 32  -  - 65  - 28 14 31  - 61 62 35  - 11  -  -  -
  6  -  5  4 28 45  2  - 10 64 41 43  - 54 42  -  - 36 26  3 69 16 50  - 63  9  - 37 29 70 19  - 23  - 34 15 22  -  7 68 30  - 20 44 27  1  8 48 61 56 66 51 11 24  -  - 53  - 39 18 57 40 58 35  - 21 47 32 12 46
 38 42  3 52 66 57 27  - 58 22  - 48  -  - 35  -  -  7 40 44 29 24 31 63 59 64  - 41 23 56 61 30 32 47 55 69  - 25 50  5 45 16 67 65 60 18 49 26 37 54 21  8 28  - 68 36  -  1  - 11  - 43 46 33 12 20 14  - 39 70
 39  - 42 54 29 13 28 49 26  -  - 46 25 45  - 20 64 70 43 47 57 17 36  - 37 14 51 44  -  3 69  5 10 12 24 21 16 48 59 27  9 52 50  - 41  - 35  - 22  1 19 66  -  7 56 18  - 65 30  - 11  - 33 58 55  - 63  - 15 60
 52 69 57 61 19 43 60 23 36 48 65 53  6 20  3 58 55 47 35  - 25 51 13  - 67  8 59 45  5 22  -  - 26  7 14 66 29  4 42 50 56  - 21 10 68 28 16 15 63 31 17 33  9 41 39 30  -  - 37 12  2  - 49 46 18  1  - 11  - 32
  4  -  -  -  8 11 48  3 64 60  - 65 47  - 44 55  - 49 28 34 36 39 18 40  - 51 66  - 50 54 22  - 41 62 15  - 32 10  - 21 24 31  - 30 67 29  - 37 69 46  - 38 25 68 57 16 35 42  - 23  - 12  - 26 58 33 45 61 52  7
 17  - 33 32 35  - 70 54 61 46  3 10  - 19  - 49  - 29 44 48 62 21 26  5 22 45  4 30  2 16 23  7 63  1  - 40 65 64 58 38 11 50  -  -  - 67 39  - 13 34 47 55  - 15 43  - 20 68  - 41 60 27  -  9 69 57 51 12 37 24
  - 10 18 19 11 62  8  - 22  - 46 41 29 60 69  -  9 37 49  - 70 68 23 26 28  - 55 24  - 58 56 33 66 50 27 43 20 54 15 57 40 34 14 38  - 51  1  - 47 12 39 30 63 36 65 25 48  -  - 59 61  - 13 42  6 45  - 67  2 16
 62 54 36 25 18 27 42 67 11 37 39  -  7 13 45 60 14 32 51  -  8 30 15 44 19 55  - 56 65  -  6  - 70  - 21 34  - 20 40 64 33  4 47 59 66 35 28  - 50  -  -  -  3 22 16 12 38  9 52 63 29 48 53 49 24 58 43 10 26  2
 55 21  - 23 14 34 11  -  - 50 33  8 36 32  - 67 40  -  - 60 27  -  5 70 52 38 47 35 13 12 68 62 19 16  -  - 56 43 48 59 44 58 65 29  9 57 10 69  3 37 22  - 20  2 26 15 49 31 54  4  -  -  7 17  -  - 30  -  1 64
  - 19 29 15  - 69  - 62 27  - 42 68 32  -  - 23  -  3  8 13  - 43 45  6 64 46 44  - 49 57  7 41 39  - 52  - 26  5 21  2 18 24 31  - 55 70 38 36 40 47 33 22 60 12  4  -  1 20  - 28 34 37  9  - 56 67 50 63 30 11
 53 63  8  - 41  -  -  - 70 14 19  -  - 25 38  -  - 26 11  - 49 58 27 37  9 62  - 16 42 61 33 32  3 21 69  -  -  - 36 67 65 13  - 15 43 68 54 60  - 22  -  -  6 55 23  -  - 34 48  7  -  -  5  4  -  - 40 39 56 52
 10 58  6  8  - 51 31 68  - 45 60  - 20 62 48 69 67  - 17 41  7  - 70 47 38 34  - 15  - 46  -  - 25 19  2 24  - 36 61 16 63 55  9 37  - 32 22 49 52  - 50 40 26 42  - 35 21 66 64 29  3  5 57 14  - 30 65 27 23 56
 67 47 62  - 37  -  3 10  -  6 31  - 35 41 14 33  - 15 22 11 16 19  -  - 45 68  -  -  - 60 42 25 55  -  -  -  4 23 65  - 61 12  5  - 30 36 59  - 49 38  - 29 24  - 66 27 52 13  -  9 58 20 64  - 46  - 56  -  7 53
  - 32 49 58  6 55 39 34  4  8 26 18 46 22  2  5 68 40  - 54 50 57 59 11 53 52 35 12 44 23 70 24 62 56 31 14  - 41  - 61  3 20 63 13 36 43 64  -  9 19 28  -  1  - 15  - 69 51  - 42 48 17 45 10 30  7 29 21 67 33
  9 13 25 12 33  -  -  7 38  - 51 44 64  -  - 35  - 58  - 53  - 56 41 43 54 39 52  -  - 48 30  3  - 26  - 10  6  -  - 55 17 18 23  -  1 65 11 19 34 45 36 70 66 59 63 69 32 37  -  8  -  4 62 27 20 47 28 42 29 50
 20 61 55 51  - 37 36 66 42 58 54 52 48 47 24 56 27 17 53 26  - 22  - 57 30 10 41  8 68 21  -  4 31 15 44  -  -  6 32 70  -  2 28 69 38 60 33 13 62 29 64 43 45 63  1  9 50 12  - 46 39 49  - 65  - 40  - 14 59 35
 22 33  -  - 15 35  - 26  8  - 40 54 63 24 16  - 44  - 38 62 47 65  6 51  3  2 12 18 61  -  4 42 28 53  7 29 36 46  - 17  - 25 49 60 37 27  - 21 56 48 32 67 55 58  - 14  -  - 68 66 52 39 34  -  -  -  -  - 45 13
 50  -  -  - 26  3 16 29 40  2 64 66  - 23  9 52 36 18 41 39 20 69 58 32  4 63  8 70 28 15 62  -  7 30 33 67 60 38 51  -  -  1 54  - 24 25 46 17  -  - 35 37 19  6 42 44 13 56 12 48 43 68 59 45 65 10 55 31  -  5
  -  - 54  7 51 20 55  - 28 49 21 38 44  8  - 14 33  -  2 63  9 27 42 45  - 61  -  - 17  - 10 69 50 48 58  3 35 39 67 37 19 68 12 52  - 24 70 22 65 13  - 34  -  1  6 60  - 25  - 30 16 46 40 66 29 15  - 47  - 26
 24 16  -  9 68  7 40 69 44  - 20 61  4 21 57  - 29 54 50 66 13 62 25 52 26  3 48 22  -  - 32  6 59 46 49  - 63 11  - 23 42  5 43 56 65 12 18 53 60  - 67  1 33 37 58 17 14  - 15 31 45 19 39 34 27 36 64 38  8 51
 30  3 40 11  -  - 47  - 32 34  - 26 67 65 10  -  - 39  - 21 48 55 69 28 70 58 60 36 33 14 63 53 13 24 16  4  -  - 64 42  8 43 51  -  6 46 66  9  - 35 59  -  - 18 50 49 29  - 31 20  7 54  - 41  - 19 61 44 27 68
 51 50 15 27 22  - 25  1  -  -  4 60 61 39 58 64  - 44 52 35 31  5 66  7 12 65 67 17 54 24  - 36 42  8  - 16  -  - 20 26 55 49 13 23 11 33  - 29 46 18 48  6 47 57  3 21  - 40 19 69 32 56 38 37 14  - 68  - 70  -
  3 36  - 49 63  6 43 52 65 12 62 55 22 11 31 61  1 64  -  - 59  -  - 25 42 40 24  9 19 34 27 20 17 28  - 53  - 30 57  - 13 67 70 54 47 58 21 16 39 14  8  - 48 69 51  7  - 29 45  - 33 66 10 56 15 50 23 60 68 44
 70  - 59 67  -  9 19 14  -  -  -  -  8 40 36 43 30 45 46  - 54  - 51  - 35  - 34 52 27 42 53  - 24 66 68 38  2  -  - 65 41 61  -  3 49 11  - 50 57 39 23 56 21  - 62 63 18 28 10  5  6  -  4 64 32 26 69 25 20  -
 14 27 68 16 58 33  - 25 39  4  2 11 28  5  -  - 26 13 20 46 19 40 53 12 48  - 30 59  3 47 35 23 15 38 42  - 61  - 45 49 50 37  - 31 69 56 44  - 32 57  6 36 29 64 70 65 17 62 67  1  8  -  - 63  -  - 54 34 66 18
  - 51 52 41 69  5 22 48  - 70  - 14 53  - 63  - 38  4 31 37 39  - 56 20 57 50  3  - 32  1  2 45  - 67 36 62 13 27 30 60 58 40 11 28 16  - 24 66 19 55  - 17  - 49 44  -  7  - 43 21 42  - 18  - 33 29 34 54 64  -
 43 18 58 40  - 19 15 50 30 35 11 25 23 66  - 53 46 16 56  5 64 29 55  - 21  -  - 13  - 49 38  - 44 32  -  - 24 69  - 36 54 10 33 48  8 37 60 61  -  -  - 28 41 62 22 31  4  -  1  -  - 14 63  -  - 70 27 65 34  6
 21  4 50 44  - 17 53 15  -  - 48 24  - 52 37 47 22 27  1 49 46 14  -  8 60 41 18 68 55  -  - 12 61 51 26 56 40 57  3  9 16  - 32 19  - 30  6  - 58 42  5 62 13 33 59 66 25  - 34  - 36 67 31  7 10 63 70 35 11 28
 54 70 21  - 57 49 64 24  - 47 50  - 58  - 41 18 65 61 39 19 51 20 48 59  - 35 69 60 22 29  1 63 52  - 67  5 43 62  -  - 68 32 46  4 56 38 45 34 11 25 13  - 40 17  - 53  3 23 55 16 27 30 26  2  9 31 66  8 28 10
 29 56 13  - 62 46 37 35 57  - 14 67  9 30  -  -  - 43 65 25 66 31  -  -  - 28 40 20 10 44 11 68 58 22 61 23  1 15 17 51  - 48 19 26 50 41  -  7  5 60 24 45  4 16 54 70 64 63 27 33 47  - 21  -  8  2 38 52 32 49
 49 48 53 62 17 42  -  -  - 44 56 59 31  - 13 27 32 10 69 12  -  3  1 35  - 11  - 50  4  - 15  - 20 61 37 36 18 24 63 66  -  - 68 43  - 19 51 39  - 67 38 14 34  5 46 64  2 70 41 45 65 33 22 60 52 55  8 16  -  -
 33  - 35 46 30 31  - 64 68 43  -  - 41 17 47  - 49 11 60 42  3  - 16  - 66 44 28 40  - 26  5 13 27  - 63 22 21 12 55 15 14 23  8 20 51  - 50 38 67  9  -  7 56  - 24 61 58 69  6 37  - 36 65 53 39 54 10 18 19  -
 68 43  9 13 61 53 66  - 63  3  - 35 65  - 67 39  -  1 19 15  - 52  - 16 25 69 29  6 70 31  - 40 48  - 45 58 49  -  2 22 51 36 62 12 44 47 17  - 28 41  - 57  5 34 21 56 26 50  8 54 23 60 27 18  4 11 24 20 33 38
  -  - 14 20  - 59 35 60  - 52 69 45 11 67 54 15  -  - 47 16 21 66  - 31 43 29  9  1 57 18  - 56 38 10  - 25  - 40  - 58  -  3 39 22 19 49 53 70 33 24 61 68  -  4 17  -  -  - 32 50 13 63 28 30 26 41 36  -  5  -
 18  8 10 31 65 58 63 30 56 19 27  -  - 43 29  - 66 51  - 32 28 12  - 38 68 25 36 23 52 13  3 37  9 60 54 45  - 26 46 11 57 21 69  - 17  7 14 47 15  5 49 61  - 39 20 62 41 48 35 44 55 16  6 24 59  -  - 70 53 40
  -  -  - 66 16 18  - 21 62  - 57 42 70 37 17  - 69 14 45  9 55 35 24 56 11  -  - 39 51 64 54 65 60 23 48 63  - 53 27 19  -  - 25 50 10  -  7 33 41 15  4 59 12  8 38  3 40  2  - 68  1 34  -  - 36  -  -  - 58 43
  2 35 30 17  4  -  7 59  - 16  9 27 51 36 28  - 34 48 33 23 18  -  - 65 44 53  5 67 62 40  - 50 45 11 46  6 55  8 24  3 69 57  - 14  - 64 31  - 12 70 20 42  - 47  -  - 56 41 29 26 68 10  - 52 21 43 22 49 25  -
 40 34  -  -  2 15 44 42 53 38  -  - 27  9  -  - 48 20 55  -  6 46 28 61 29 49  - 57  - 25 14 17  - 59  - 60 51 19  - 32  1 63  7  - 70  - 43 41  - 50 52 18 67  3 11 45  - 26  - 35 30 64 54 16 68 65  5  - 10 21
 27 67  - 45 40 70 26 51  -  - 59 29 60 10 33 44  6 19 36 65  -  9 68 21 58 22 43  4 56  - 48  - 46 52 38 39 11 32  - 28  - 41  -  - 63 20 61  5 17 66  -  -  - 25 14  - 62 30 50 64 54 55 37  8 13  -  - 23 18  3
 69 31 51 56  - 44 68 40 34 25  - 30  2 28  - 13  7 33 21 70 24 49 32 18 15 27 20 38  - 37 57 10 35 54 19 52  -  - 11  - 66 22 26 61  4  6 42 46 29 53 41 12 50  - 64 48 47 36  - 39  -  - 14  - 60 17  3 62 16  9
 57 53 69 59  - 50  - 41  -  - 47 31 68 16 40 29 12 28 62 20 30 60 44 13  -  -  6  - 63 55 46 70 22 65 23 64 38  - 37  7 15 39 58 17 14 48 67 56 54 26 45 10 32 61  2  - 27 43  3  - 25 21  8 36  - 18 42 24  9  4
 63 29 24 14  9 47  - 45 15  -  - 23 21 56 32 26  - 41  4  1 68 70 60 42 69  -  - 27 12 66 49 16 11 39 25 44 19  -  - 34 38  - 61 18 48  - 13 28 10  - 46  - 58 20 53 40  - 35 62 22 64  - 50 43 67  -  - 30 31 65
 61 24 65  3 49 32 34 13 21  - 15  - 69 57 23 25  -  5 63 55 17 37 20  - 18  - 14  -  - 27 29 59 30 70 64 19 33 45 56 54  - 11  6  9 22 26 52 35  2 68  - 48 62 50  - 39  - 16 42 60 38 41 12 40 43 46  4 53 51 47
 66 38 28 47 13 26  - 22 52 67 43 32 40 14 30  - 61  8  - 68  4  -  - 33 65 23 64  2 16 17  - 57 54 25 10 31 45 21  -  - 27 35 53  5  - 39  - 55 70  - 62  - 69  - 41  6  - 46 49 15 50  - 51  -  3 42 44 37 60 63
 48 64 66 55 12 28 49 36 29  1 35  7 56 27 50 37  - 22  - 40 33 41 11  -  - 54 65 10  - 43 20 31 34  6  3 59 69  - 47 52  - 51 44 57 25 61  - 14 18  - 53  9  2 46 45  - 39  8 26 17 21 23 42 67  5 38 16 19  - 30
 44 20 34 26 25 10  -  - 55 29 68 37 15  7  -  3 41  6 23 17 45  -  - 54 31  -  -  - 40 19 64 61  5 43 62 47  - 50 12 30 46  -  - 63 42 53  - 59 51  8 11  - 18 21 60 28 16 33  - 70 56 22  - 39  - 14  - 36 38 27
 12 17 22  - 48  4 58  - 43 65  - 20 66  - 61  1  -  -  - 24  - 11 40 49 36 57 32 53 26  8 21 14  - 37 35  7 59 31  - 29  2 30  - 67  3 42  5 27 64 69 60 47 16 23  - 46 10 19 51 52 70  9 41 44 28  -  - 15 63 62
 19 62 44 33  - 67 12 47 24 63  6 69 55  - 18 51 13 35 64 10 41  8  7  - 16 60  1 29 20  5 45 48 57  4  - 30  9 65 68 31 59 66 52 21  2  - 40  - 23 11 34 26 39 27  - 32 54 53  - 25  - 15 56 61 37  3 58 28 50 22
