3920
  - 53 16 37 22  - 38 39 51 25 42 46 23 11  - 13 56 27  -  - 50 58  7 19  8 29 64 54 66 67  - 28 57  3 69 31 60 10 26 24 43 52  -  4 34  - 12 17  - 40 62  -  9 47  - 36 21 70 18 55  1 20 68  -  5 65 30 48  - 14
 13  7 64  - 67 15  - 42 35  - 20 44  - 53 45 58  6 25  -  -  - 38 39 50 61 46  - 18 14 27 12  5  3  - 26 62 24 65 37  -  - 29 33  - 52 31 68 69 32  - 10 16 51 54 49 19  - 66 17 40 70 56  8  2 57  - 59  4  9 36
 29 34  5 49  -  -  -  4 53  - 26 33  -  2  -  - 64  - 42 37 35  - 17 62 66 12 45 32 25 24  -  9 56  - 31 63 40 58 11 50 46  - 61 48 59 65  - 51  7 52 22  - 36 68  -  6 55 44 23  - 21  3 54  - 15 39 18 13 70 16
 25 27 21  8 44  -  4 33 48 16 18 47 45  6  -  - 38 64 59 68 29 70  - 26  -  -  - 20 35  -  5 56 31 12  - 42  -  - 52 32 22  - 57 15 37 54 58 43 30 55 19  2 66 69 24 11 40 36 60 41 13  7  - 14 46  - 63 28  - 65
 46  - 48 30 28 68 66 15 50  - 49 31  5 69 41 56  -  - 44 10 67 20 33 21 55 64  3  7  2 65  4 54  - 13 11 39 58 34  -  - 47 26 36 70 27  6 38 12 14 61 25 40 18 35 37  - 19  1 24  - 52  - 29 59  8 22  9 45 43 53
  - 33 42  - 38 57 59 61 52 14  - 41  -  - 22  8 32  5 45 20 46 25  -  2 12 66 69 68 30 17 65 40  7 62 70 49 67 51 63  - 35 18  1 60 29 21 10 11  4  3 34 39 50 44  - 37 43 56 54 36 58  9 47 24 26  - 31  - 27 15
 30 36  - 47 70 28 64  - 20 39 69 67 68 18 26  -  - 21 14  6 49  - 59 24 51  - 13  5 56 11  7 60  -  -  -  - 65  - 46 61 29 32 22 19 35 44 57 42 34  - 63  1  4  - 62 12 45 52 41  8 53 25 31  - 66 43  -  2  - 38
 40 39 34 65 11  - 19 51 10 53 63  -  - 43 20  -  5  - 21  - 26  1 35 52  7  - 46  -  9  8 54  -  - 47 41  - 13 66 64 70  - 57 56  - 62  - 33  - 12 22 61 25  - 59 69 67  4 17 29  - 15  - 45 31 48 44 58 38 36  -
  2 63 27 64 30  - 52 67  4 43 59 56 36  - 13 14  1  - 61 69  8 22 51 33  - 31 11 17 10 48  3 24 39  7  6  - 25 41  9 38 50  - 62 16  - 58 37 46 35  - 23 60 44 65 42 40  - 54 15  5 45 34 32  - 28 18 70 49 21 68
  -  9 68 28 16  3 54 65  - 19  - 58 57  -  7  5 41 29 11 48 25 46  -  1 53 34 35  - 50 20 64 67 52 43  - 69  -  - 56 10 27 13 66  -  4 36 24 39 47 31 33  6 60  - 12 45 17  2  - 14 61 49  -  - 40 30 51 42  - 26
 51 30 70  -  - 45  - 38 43  -  -  -  - 23  - 18 33 32  9 66 10 69 34 29  6 56 21  3 64  7 15  4 67 48  - 37  8 35 53 62 54  - 27  - 40 57  - 65 36 28 17 12 46 11  -  -  1 58  - 25 19  5 41 13 31 59 16 22 20  -
 52 13 51 22 64 40 69  9 70  -  -  - 33 41 29 36 20 30  - 12  1 24 44 66 21 17 42 34 65 68  -  - 26 31 43 45 28 50 59 39  - 47 67 63 11  3  - 14 56  6 53  - 19 58  4 46 61 38 32 62  8 15 49 18  - 27  -  7  -  -
 21  - 39 33 66  - 47  1 67 31  -  - 62 14 28 38 55 60  -  -  6 63 57 45 46 70 44 22  -  - 11 16 36 32 40  - 19 48 23 69 15  - 43 42 13 51 56 41 59 12  - 29  8 61 18 27 49 64 58  4  - 65 10  5  2  7 35 25 52 30
 45 48 49  - 23 24  -  -  8 64 36  1  -  9  -  -  - 58 31 19 68 13 30 57  -  - 25 47 62 16 53 41 43 27 51  -  - 33  - 60 10 12  - 44 32 28  - 67 54 26  7 37  3 39  - 66  - 46 11 17 42 52 15 56  4 38 40 35 63  -
 60 57 24 32  - 12 31  5  - 41  8 14  1 68 51 37 22 63 46 67  - 40  4 56 62 36 28 25 39 59  - 17  -  -  2 66  -  - 65  7 13 61 45 30 18 64  -  - 48  - 15  - 47  9 35 54 50 43 16  3  - 42 34 21 33 70  -  - 58 69
  -  8 53 62 51 10 13 48  5  -  - 16 21 67 40 69 11 38 28 26 27 44  3 46 41 20  - 37 43 12 66 49 30 61 14  - 57 70 47 59  6  - 15 23 65 22  -  - 17  7 45 54 35 55 63 50 42 24 25 18  -  -  2 32  - 31 36 58 60  -
  - 58 18 26 55  - 30 43 42 69 31 45 70 54 25 17 36 62  6 11 12  4 20  -  9 50 14 60 48  2 41 15 38 57 37 52 34 22 40 56  1  5 53 65  - 35 39 63 66 59  - 19 29  -  8  -  - 28 64 16 44 27 61 68 13  - 33 23  - 32
 11 26  - 18  - 67  - 32  7 50  - 10  - 55 54 24 46  2  - 13 34  -  -  -  - 40 41 36  1 28 45 35 44  -  -  - 63 23  8 29 30  - 31 61 43 47  - 19  - 16 21  -  5  - 66  -  - 49  -  6  3 12 51 69 39 37 64 33 53 60
 18 38 22  -  4 44  8  2 29  - 25 19 53  - 32 16 50  - 13  9 11  - 52  - 68 37  - 55 33  6 23 30 10 65 47 56 31  - 41 45 62  - 70 34 60  -  5  -  3 21 58 48  - 26 27 64 14  - 28 15 49  - 57 20 43 17 61 39 69  -
 27 31 47  - 59 42  3 36 24 46  - 61 29 10 65 51 26 44 64 38  -  7 66 13 33 48 57 52 32 53  2 21 23 50  -  9 55 12 49  1 69 39 17  -  6 34 70 58 63 19  4 11 45 60 40 18 67  - 68 28  - 37  - 22 14 54  8 30  - 62
 38 10 55  - 46 54 24  - 65 15  5  3 26 19 62 43  4 47  1 16 22 21 11  - 69  - 66 35  -  - 56  - 17  9 34 67 33 25  -  6 12  - 13 37 49  8 59  - 23 60 32  - 27 14  - 28 36 30 52 63 51  - 58 41 64 29  -  -  7 20
 62  -  - 20  - 61  - 24 22 10 46 38 65 34  1  -  - 18 48 63 39 60 13  7  -  - 27 70 23 57  -  - 37 54 28 59 17 47 19  - 45 50  - 58 36 14  - 66 49 44 69 15  -  4  -  -  2 21  6 43 12 67  - 52 11 55 68 53 41  3
 50 56 30  - 40 29 36 49  1 57  -  7 51 25 63 55 37  - 18 62 44 61 16 20  3 54 33 59 38  -  8 14 41 35 68 11 26  -  -  - 32 22 21 53 70 24 31  - 15 45 12 46 28 64  -  4 23 65 42 34 66 69  - 39 10  -  -  9  6 19
 42 46  - 31  - 56  - 18 15 68 12 34  - 59 16  2 14 70 38  -  - 52 49 35 26 10  1  -  - 32 60  3 25 19  -  - 39 20 45 53 57 11 30 69  - 48 61  5 22 51 55 33 13  - 23 21  8 37  - 27  7 62 50 28  -  6  - 64 54 47
  6 52 28 48 50 58 16 63 69  7 35 15 13 45  5 34 40  - 67 44  4 32 43 31 38 18 39  - 51 41 62 11  -  -  3  2  - 61  -  - 53 65 24 49 30  1 17  8  - 64 68  -  -  - 47 60  - 25  -  - 29 33 37 46 19 42  - 27 12 70
  - 29 13 44 69  5  1 30  -  - 40  - 25  7 23 48 47  3 56 49  - 39 65 51 52  - 31  -  -  -  - 55 61 22 60 43 15  9 28 68 42 19 59  8 21 17  -  6  - 11  2 45 64 12  - 70 35  - 20  -  - 50 27  - 67 14 53 37 24 34
  9 42 20  - 18 39 12 58 54 44 38 55 22  - 15 31 16 57  - 61  -  - 70  - 63 59 30 41 26 50 28  1 21 45  -  8 10 46  6  4  - 17 32 13 69 43  7 25 68 49  -  -  - 37  -  - 56 29 36 51 14  -  -  - 65 62 23 40 34 27
 24 16 36 61  5  7  - 26 25 67 50  4  - 47 30 60 31  - 53 33 20  - 21 44 40  1 59  -  - 19 58 32 64  - 45  -  3 56 10 52 65 34 29 11 14 62 27 28 38 15  -  -  - 22 70 69 68  6 66 12 17  2  - 57 55  9 39 54  - 63
 14 60 61  - 52 38 65 66 23 29  4  6  - 42 11 21 62 50 22 53 18 15 24  8 64 51  - 27 57  1 30 10 13 34 35  3 68 26 70 28 33 45  9  - 25  - 63  - 31 37 56 55 58 20  -  2 12 67 39 19 54 47  7 43 16  - 49 46 59 40
  -  - 54  - 32 27 15 12 61  - 22 21  6  3 43  - 49 13 30 25  -  - 23 55 24 38  - 19 45  5 37  -  -  1  - 20 36  -  7 34 70 66  - 62 56 26 44 50 52  -  - 17 65 16 41  - 11 69 33 42 31 40 60 67  - 48 46 51 14  -
 61 11 63  -  - 19 18 69 55 66  6 35 54 46  -  - 42 41 39 70 60 49 25 65  - 33 51 44  - 30 26 47 50 37 21  -  -  -  - 12  8  - 68 38  - 40 32 24  1  5 29 52 15 31 22  3  9  - 13 59 36 10 28  - 45 67 20  - 64 17
 32  3  - 23  -  -  - 31 60 63 51 40 14 37 52 53 70  -  4 43 36 16 46 49 65 39 29  9 55 44 42 58 28  - 57 27  5  7 34 20 17 33 25 54 19 15 67 68 41 47 64 66 24  - 45  - 22  - 59 21 10  -  - 30 50 26  -  8 48 35
  - 20 67 10  - 63 62  -  - 70 44 48  7 36 56  -  9 39 58 22 41 68 40 30 32 27 19  2 18 49 50 59  6  - 12 26 69 60 66 57 55 38 16 47 42 45 54 34 24 17 51 28 25 52 21 14 33  3  8  - 46  - 65  -  1  - 29  5 31 43
  8 35 19 40 24  6 67 20  - 30 10 36 55 49 61 22 18 59 27  -  - 54 69  -  1  - 50 45  - 60 47 52 46  5  7  - 11  - 68 43 51 37  - 21 12  9 13 16  - 70 44 31 63 25  - 41  - 57  -  2 23 32 66 42  3 33  - 26 65 28
 63 45 41 16 33 37  9  -  -  - 47 50 30  8 14 27 15 66 25  3 19  -  - 59  2 43 10 64 40 22 31 62  -  - 29  - 53  - 12 17 60 36 54 57 38  - 55 13  - 20  -  7 49 23 32  -  6  - 34 39  - 44 26 70 52  - 67 69  - 21
  - 14  4 52  - 23 35  - 27  - 54  - 42 28  -  7 59  - 70 55  - 19  2  9 43 45 12 56 20  - 34 68 32 66 67  5  -  - 31 30 26  -  - 50 39 53 49 62 51 33  - 47  - 18  3 22 44  8 38  - 24 57  -  - 69 58  1 41 61 48
 66 43 17 46  -  - 70  3 19 22 61 59 44 32 24 63 68  -  8 36 21 56 37 25 27 14 62 57 49 55  -  7 65 28 54 38 50  6 67  -  -  -  -  -  - 30  - 26  -  4 16 13  1  2 29 20 10 39  5 60 11 51 64 15 34 52 12 47 40 18
 48 18  2 19 49  - 25 53 12  1 60 65 20 52 66 70 67 46 55  - 28  6 31 39 23  - 40 16  -  - 59 44 45 24 27 22 35  -  5 42 58 56 38  -  - 29  - 15 37 69 54 57 14 43 17  9  - 10 47  - 63  - 13  - 21 32 26 61  8 11
 37 65 11 24 45 36 34 62  - 26  -  - 48 35 19 33 23 16  - 47 61 53 55  - 14  -  - 42 52 25 67 20 63 39  4  -  6 32 27  9 28 44 40 17 66 50  -  -  -  8  - 21 38 29 46 10  - 59  -  -  - 58  1 51 18 56 41  - 57 31
  1  2 59  -  - 13 33  - 39  5 28 64 35 58 12  - 53 55 54 21 17 62 61  - 48 26  - 31 19 34 36 50 29  - 22 23  - 68 60 44 20 40 47 67 10  - 69 32 57 38 24  9  7 70  -  8 30 51 46 56 27 41 42 66  6 63 52 11  3 25
  -  -  -  6 36 26 23 16 66 52 48 32  9 40  -  - 27 34  - 51 63 67 45 43 70  - 17 39  - 62  - 33 22 38  1  - 21 57 15 19 64 58  - 10 31 41 25 53 69 13  8  - 42 50 11 65 28 55  2 46  - 59 18 54  7 61  5  3 29 56
 17 61 45 25  7 70 53  - 41 11 19  8  - 63 39  - 34 49  -  - 40 65 26 28 36 62  -  1 37 51 35  2 69 68 23  6 56  - 42 58 44 59  -  -  -  - 30  -  9  - 47 43 20 32 60 24 31 16 21  -  - 29 55  - 27 64 50 18 66 52
 12 41 31 39 29 25  - 19 47 36 23 28  8 64 46 54 10  -  - 34 33 59 62  4 45  5  6  -  7 35 61 51 15 58 13 65 43 69  3 11 52 24 18 66  - 68 48  2 50 30 27 26 53  -  9 56 63  -  -  -  -  - 70 49 44 60 38 32 55  -
 35  -  3 57 41  -  2 29  - 13  1 53 31 60  -  6 65 52 68  - 66 64 10  - 67  -  8 63 17 23 27 38 42 51 18 15  7  - 24  -  - 28 26 55 50 37  - 70 20 58 14 61 54 36 48 34 16  - 69 22 62 39 30  - 32  - 44 56 25 46
 43 50 65 34 54  - 57 35 38  - 24  - 40 62 69 19  2  -  - 56 53 29 22 70 11  6 58 12 60 64  1  - 55 63 61 21 44  - 16 33  -  3  7 25 51 13 52  9 26 23 59 32 39  -  5 68 46 15 37 47 28 31 67  8  -  - 48 10 30  4
 54 55  - 35 37 32 50  - 62 12  9 17  - 65 68  3  - 69 47 60 64  -  - 22 44  -  - 51 59 15 29  - 70  - 52 13 18 19 30  -  - 49 28  6  1 38  4  -  8  2  -  - 31 10 57 39  - 33 61 53 40 14 48  - 63 16 24 43 11  -
  - 44 69  - 58 30  -  7 40 32 56 42 46 27 70 29  - 48 62 39  5  - 38 68  - 13 52 53 21 45 17 36 66  -  - 41  2  - 20 37 18 54 55 28 15 12 26  1 19 25 50 49 33  6  - 23  - 34 22 65 43 60 16 64 51  4 14 67 47  -
 55  -  - 53  8  - 17 28 33 61  -  - 66 38 27  -  - 10 51  -  -  5  - 63 29 42 54  - 15 47 44  - 49 70 32  - 30 21 25 26 56  6 48  -  3 11  1 37 16 14 36  4 34  7 50 43 52  9 31 20 18 68 40 58 60 19 69 57  2  -
  5  4 57 50 34  - 55 22 59  - 37 11 63  -  -  -  - 24 32 14 52  3 68 10 49 35 26 13 67 56 46 18 54  -  - 12 51  - 29 47 61 69 20  - 16 23  8 38 27 53  - 41 21  -  2  - 58  7  -  - 30 43 62  9 70 36 19 15 33  -
 28 62 33 13 39 49 10 55  -  - 43 24 38  - 47 64 54 68 57 15 48 12 27 58  - 25  -  -  3 66  9 26  1 44 42  4 52  8 14 31 41 35 50  - 45 61 11  -  2  - 30 36 67 40 19 16  - 53 51  7 65 70  -  - 37 34 60  - 22 29
 34  -  1  -  - 14 28 13  2 48 62 49 19 61 21 42 52 53 37 58 51 31 36 27  - 44 20 67  - 38 10 45  - 59  - 18  - 54 69 40 63  8 65 33  - 66  - 30 25  - 39 64 17  - 16 57  7  - 35  - 56 55 43 29 12  5 32 50 68 23
 57 19  - 66 10 62 58 45 34 49 17 23  -  1 59 46  - 22  7 29 47  - 14 32  4  - 56  -  8 42 21 61 48 40  - 64  - 63 50 36 24 20 41  2 68 25 16  3  6 65  9 30 11 28 67  5 38 18 70 31 39 26 52 33 53 13  - 60 51 54
 20 49  6 15 63 41 40  - 37 62 66 30 11 17 57 39 58 28 35 65 70 50  - 60 59 23 61 26  -  -  - 22  4 52  - 33 48  2 51 27 16 46 64  9  8 55 36  - 44 54 43 42 10 13 38 32 69 14 67  -  5 18 21  - 56 24 47 29 45  -
 31 21  - 38 12  9 29 25 11 51 57 62 60  - 17 26  - 37 43  5 69 66  - 41 20  8 68 30 28 18  6 65 33 49  - 10 32  -  1  - 67 15 34 24  2 70 42  - 40  -  - 14  - 63 59 55 54 22 50 45  - 53 36  - 47 23  4 44  -  7
  7 69 56 29 20 52 44 70 31 21 30  - 64 26 53 25 39  4  - 27  -  2 41  - 18 28  - 33 36  - 40 23  8 67 49 61 42 55 35 15  5 51  - 14 46 60 62 47 65  - 48 38 22  -  - 13 66  -  3 10  - 54  -  - 17 57  6 16  1 58
 56 59  - 54 60 50  - 27  -  - 11 70 32 57 42 52 17  7 34 31 58 41 47 48  - 24 16 61  -  4 69 37 12 21  -  -  -  - 43 22 40 10 51  -  9  - 66  - 28 36  1 65  - 53  - 15 25 20 55 33  -  -  3 19 23  - 13  -  -  5
 16 24  - 27 25 34  - 10  - 35 21  -  3 51 55 47 45 42 29 52 57 30  -  - 19 69 37 15  - 13 63  - 62  - 58 40 59 67  -  -  4 68 11 20 22 49 14 48  -  - 38 53 70 46 28 31  -  5  - 23 41 36 39  6 61  1  7  - 44 50
 67 51  9  3  -  8  - 68 28  2 53 69 18  5 50  - 57 19 60 40  - 23 42 38  - 61 32 58 27 36 22 31  - 29 48 47  -  -  - 46  -  - 12 39 55 33  - 21 43  - 52 24 56  - 65  1 37  - 14 49  -  -  4 16  -  - 11 59 26  6
 15  5 26 51  -  - 11  - 32 17 13 68 49 30  4 40 69 45 33  2 65 34 64 16 28  - 53 29 61 14  - 12 60  6 10  7  1  - 22 41 36 62 37  - 54 19 46  - 70 42  3  - 43 24 58 63 57 50  -  - 59 23 20 38  - 21 25  - 39  8
 49 23  -  7 53 18 21 46  -  -  -  5  - 13 10  -  - 40 65  - 14 27 48 17 15 19 36 28 22 29 70  8  2 41 59 54 37  - 57 51 38 25  -  1 61 56 47 55  -  9  - 58 69 33  - 35  -  - 43 26 34 66 44  - 20  - 42 31 16 64
 33  6 44 43 35 46 39  8 30 47  - 63 69 50  -  - 25  - 66 32  7 55  -  - 16 22 49  - 11 26 51 70  9 23  5 36  - 62  -  3  - 21 60 12  - 42 15 10 67 57 18 27 52 17  - 29 13  -  4 61  - 48  -  1 59 20 37 14 28 45
 41  - 66  -  - 47  5 59 36  8 58 20 15  4 35 32  - 65 69  7  -  -  9 12 25  - 18 43  - 61  - 19 53 17 62 60 54 42  - 67 14 31 52 29 48 39 23 33 10 68 70 22  2 49  - 30  3  - 27 64 37  -  6 34  - 28 21 55 50 51
 68 37 14 12 27 48 20  6  - 18  7 29  - 22 31 11 51 15  3 45  - 17  - 47 54 53 65  - 42 21 43 13  5  -  - 16  - 59 33 49 39 60 23 64 24 52 41 57 46 63 26  8 40 30  1 58 34 61 10  9 67 19 56 35 62 25 55 70 38  -
  -  - 50  - 68 31 27 11 18  6 45 66 24 29  - 12  8 20 19 57  9 14 54 37 39  -  7 21 70  - 52 69 16 15 17  - 61  4 38 65 48  - 42  5  -  - 28 23 64 35 46 34  -  - 51 33 53 47  - 58 55 13 22 60  - 40  3 63 56 10
 58 66 10  5 19  - 37 40 26  - 29 60 39 31  - 23  7  - 50  1 30  - 18 15 17 21 22 48  - 69 68 43 20 56 64  - 16  3  - 54  9  - 63 36 33 46  2  -  - 62 57  - 12 34  6 25 51  - 53  - 32  8 14 44  - 49 65  -  - 13
 64 28  7  - 14 16 46  - 17  3 33 52 67 15 34  - 63  -  -  - 56 37 60 61 42 11 70 10 69  - 49 39 58 36 65  -  - 38  -  2 68 27  8  - 23 32 22  4 29 24  6 20 55  5 54 59 18 45 19 44 25 35 12 26 41 66 57 62  -  9
 59 64  - 58  3 53 56 41 46  4 32 57 16 70  9 10 29 36 12  8 42 43 50 69  - 55  -  -  - 54  -  6 47 25 66 68 45 17 39 13  7 23 44 27  5 20 40 61  -  - 28 51 62  - 31 52 48 26 30 11 22 21  - 65 49  2 34  - 18  -
 70  - 62 11 48  - 51  - 16 33 34  - 52 56 38 41 43  8 23  - 31 10 63  6  -  4  9 46  5 40 39 25 27 42 30 50 66 45 61 14 21  2 49 35 17 69  3 64 55  1 37 59 68 57  7 44 65 13 12 54 60 24 53 36 29  - 28  -  - 67
 19 70 38  4 15 35  6 60 45 55  - 12 47  - 64 20 48 33 10 46 43 36 29 23 50 63 67 11 54 52  - 34 24 53  - 32  - 16 58 18 37 14 39 26 28 27 51  7  - 56  5  3 30 66  - 61 41 31  - 69  - 17  - 40 22  - 62 65 49  2
 69 22 43 41  - 65  - 21  -  - 39 51 56 33 44  -  -  - 16 42 62 11 19  - 13 52 55  8  6 63 57 53 34  2 38 24 46 28  4  -  - 30 58 31  -  7  - 20  - 10 67 18 23 48  - 49 70  - 26  1 47 45 17 37 54  3  - 36 15  -
