3920
 31  - 25 23 33 67 60  4  -  -  - 46 20  -  - 64 34 66 27 32 10 17 36 50  -  -  1 28  - 29 13 63 18 53  -  - 62 19  8  5 48 24 41  - 14 12 70 56  - 35 22 55 40 51 68  7 39  6 38  -  -  - 69 45 61 37 49 15 57 54
 55 38  6 34 15 19 37 33 27 53  - 17 43 18  9 45 36 48 61 28 13 64  4  -  - 22  - 24  -  - 39 11 10 40 41 35  3  -  - 62 56 30  -  - 70 67  8 23  7  2 42 51 66 59 69 60 16  5 32 29  - 50 14 46 68 54 21 20 65 44
 25  4 35 43 34 39 22 49 32 44 68 57 10  8  -  6  1  - 36  - 65 33 14 66 62 26 64  5  - 51 18  - 52  - 12 17 48 40  2 31 11  - 23 67 46 63  -  -  - 30 55  -  3 27 60 47  - 21  - 61 24 37 45 41 50 29 15 53  - 13
 41 65 52 14 20  7  -  8 69 60 28 37 67 51 61 34 59  - 66 56 63  1  - 24 10 57 47 15  - 11 40  -  -  - 54  - 25  - 13 55 12 27 16  9  - 49 44 36  5  - 17 30 29 45 26 70 32 64  3 50  -  - 46  - 33 22 31  -  2 39
 68 43  - 54 41 55  -  -  2 40  - 24  - 20  6 52 18 30  - 22  -  -  - 56 37  8 48  -  -  - 47 58 42 13 46 12 28 70 33 38 36  - 45  - 67 57  5 10 64 66 21 39 49 61 34 62 63  - 65 53  - 25  -  1 29 15 35 44 50  7
 47 60 50 24 17 44 36  - 35 14  -  - 25  - 22  - 27 54 32 51  - 39  - 12  -  - 16 21 65  - 33  4 61  - 28 45 56 63 59  - 46 40  3  1 37  6 48 29 42 11 66  - 41  2  - 57 26 18 55 34 15 53 64  5  - 68 52 13  -  8
 11  6 59 44 12  -  - 58 40 56 34 48 31  - 14  -  -  3  -  4 55  7 15 69  - 63 53 20 18 23 32 10 33 67 45 51 61  1 66 46 60 21 57 42 38 52  - 39 65 50 27 41 54 25 70 64 43  -  5  -  - 16 19 13 37 26 62 17 36 28
  - 12  - 61 62  - 50 42 53  -  4 60 59 30 18 27 26 65 56 57 21 29 13 20  - 24 39  2  -  8 35 69 19  9 44  1 58  7 46 15 16 36  -  - 22  - 14  -  - 67 41 47 55 68 38 23 54 40 11 64  -  6  - 10 28  5 17 25 31 66
 19 45 65 60 22 21  2 57 31  - 13 14  -  1 51  8 15 59 68 44  3  - 32 27 43 41  - 61 16 38  - 56 64 33 23 62  - 34  - 39 54  7 70  -  - 28  -  - 35 40 46 17 20 12  6 37 10  - 52 67 50 69 42 66 58 63 29 36 48 47
 70 48  2  - 65 16  -  -  5 57 31 33 34 61 12  9  -  -  7 45 25  -  - 14  - 47 19 42 50 49 59 66 21 32 38  - 55 29 23 24 43 69 63 27  8 22 37 41 58 20 68 28  6 53 46 67  4 39 44  -  1 11 17  -  - 51  3 26 52  -
 12 70 36 39  - 46  7 61  1 13 50  - 35  5 38 55 21 16 49  - 57 54 47 25 67 45 34  6 11 14 58 68 63 37 15 66 20  3  - 43  8 60  -  - 18 59 40  - 52  9 53 65  - 41 30 22 23  -  - 10 69 17 44 28 27 24  -  - 42 62
 53 11 69 63 64 26  6 28 48 15 66 68 42 27  4 39  - 14 67 23 17 30 51 60 32 58  - 56 25 44 37 46 54 18 43  -  -  5 62 13 35 22  2 10 50  -  3  -  - 57 61 20  9 34 40 33  - 19 16  -  - 41  8 31 24 52 12  1 55 29
  - 24 37 22 44 58  - 27 13 10 29  - 46  -  7 69  3 40 47 64 59 48 42  9 39 20 45 33 56 18 60  -  6 34  - 23 51 66 57  -  - 31 35 62 25 54  - 50 53 28 16  5 21  8 61 11  - 63 15 70 26 43  1 65  - 32 38 12 19 68
 20 50  -  4 11  - 27  -  3 12 53  - 47 34 36 14  2 69 17  - 26 52 29 48  -  -  -  - 31 16  9 23 59 61  - 54  1 18 28 22 41  - 67  - 40 44 60 13 49 46 65  7  -  6 19 24 58 37  8  - 35 15 51 30 25 42 70 10 21  -
 37 22 48  - 14  -  5 23 15 28 18 45 44 56  - 30 35 29  6 38  4  -  - 33  - 55 32 13  2 70 27 54 47 31 60  - 63 64  - 20 66 17  1 52 51 40  -  8 68 36 19 10 57 39 24 49  3 46 41  7  - 58  - 53 34  - 11 43 12  9
  3 33 20 10 68 49 11 47 58 21 22  - 57 23 56  -  -  - 40  - 29  2 53  - 12  -  - 67 13 27 50  5 14 66 25 19  8 38  6  1  4 45 51 16 36 17  - 61  9 24 26 52 18 64 65  - 42  - 30  - 48 59 62 34 43 70  - 28 63 32
 48 58 28 70 16 66  - 44 47 22 43  -  - 45  -  4 12 49 21  - 38 53 55  -  - 23  7 64 46  9 11 51 60  -  6 69 17 41 32  - 63  -  8  2 20 18 26 68  - 25  1 40 30  - 36  5 31  - 35 42 56 29 15  - 65 67 54  3  - 24
  - 69 54 16 42  2  1 15  - 51 35 55 49 32 57  - 14 56 19  5 41  - 43 45 40 17 24 66  - 59  - 33 58 30 29 50 22 46 21  8 31 38 52 60 28 48 47 18  6 39 11 36 61 62  - 13  - 53 10 44 34 68 12  -  4  3 20 37 25  -
 29 52 55 42  1 13  - 53 46 20 59 40 12 62  - 19 70 25  -  - 33  - 16 31  8 49  5  - 44  -  2 60 57 38 68 41 18 21  -  - 69 61 36 23 63 51 43  4 47 10  3  - 14 35 37  9 67 30  -  -  -  - 54 50  -  - 28 66 39  -
 56  - 19 31 69 57 65 18 42  7 26 63 58 60  8 62 48 32  1  - 11 35 64 41 34  -  -  - 23  2 10 43  - 44 37 16  4  -  - 47 68 66  - 70 61  - 25 33  -  - 20 27 67 24 14 15 53 52 45  5 36 28  -  - 17 40 39 46 29 55
 54 36  1  - 45  -  -  - 14 68 19  3 33 37 28  -  -  4 16 35 53  5 18  - 63  6 11 41  - 67  -  - 23  - 58 56  -  - 61 52 20 70 34 57  2  - 49 64 22 65  - 46 24  - 59 17 15 10 12  - 13 60  7 38 66 47  8 30 69 26
  2 56 42 33  -  - 59 25 44 49 24  -  -  -  5  -  -  8 52 60 19 43  7 36  -  3 26 40 39 48 69 37 31 51 11 34  -  - 45 67 18 63 61 12 29 32 13 62 15 55 57  4 28  -  -  1 66 41 53  - 54 38 27  -  -  -  -  -  - 17
  7 47 13  - 59  - 15 67 63 24 69  -  - 10 48 41 46 45 64 43 49 68 52  6 25  1  - 22 57 58  - 65  3 50  8 28 35 16  - 14  9 37 26 30 32 20  - 27 23 56 29 21  5 54 66  -  -  2 42 62 19 34 36  - 38 53 44 31 33 60
 50 18 21 28 60 45 69 16 25 70  -  4 62 47 58  - 30 52  5 29  - 11  8 37 38 51 36 63 34  1  - 22 12 41 56 59 66 24  - 32 23  2 64 55 68  - 57 19 46 61 14 31 42 43  - 53 48  -  -  - 39 54 33 49 15 20 40  - 17  -
 13 30 34 26  3 60 18 31 20 64  -  2 69 50 10 43 62  - 25 52 23 45  - 17 59 15 54 46  4 12  - 39 27  5  1 47 32 49  -  -  7 44 24 63 33 37 29 22 19 21 70  - 36  9  - 68 57 35 28 11  8 42 16 61 51  - 53 55 14 38
 38  - 24  5  9  - 58  -  6  1  2 53 28  - 40 31 63 17  - 16 34 23 46  8 70  -  - 30 27 10  7 42  - 59 61  4 67 13 65 68  - 18  - 45 12  - 66 43 48  -  - 62 50  - 32  - 22 36 56 21 55  3 25 69 35  -  -  - 44 49
  - 40 10  6 25  - 28 59  - 42 46 69 29 13  3 44  5  - 70 31  - 47 35 49 21  - 58 38  - 45 61  -  8 65 53  - 54  - 34 16 22 62  - 18 66  - 19 37 50 23 12 15 39 57 33  4 60 24 63 26  - 20 48 64 56 11 41 14  - 36
  -  -  - 13 19  - 17 38 70 65 56 58 41 28 23 59  - 31 33 27  8 18 10 43  - 25 29 57 68 55  - 67 66  6  - 26 44 32 12 40 42  3 15  5  - 61  9 14 11 63  - 24 69  7 21 48 36  4  - 16  -  - 37 47 20  -  - 62  - 46
 40 64  - 46 13  - 39 51 16  5 17 59 48  - 53  1 42  - 29 41 69 28 33 44 50 43 20 26 66  - 31 49  -  - 36 14 57 27 35  - 45 52 25 56 60  2  - 15  -  -  9  - 65 30 67 58  - 55  6  -  3 12 23 24  - 34  -  - 70 10
 39 55 68  1 36 54 49  - 61 17  - 25  8 42 30 28 19 18 53 58 44 21  -  - 69 14 13  -  - 65 22  - 20 63 62 32  - 10  -  - 59 57  6  3 24  - 27 67 26  - 43  - 33 29 41  - 11  - 50 60 64  7 40  - 12 56 48  -  5 31
  -  9 39  - 38  - 66  - 37  -  6  -  - 40 35 56 33 60 10 59 36  - 26 52 64 54 22 68 30 15 20 41 34 46  2 70  5 65  - 57 21 55 69 17 53 25  4  - 61 14  - 49 32 23  - 18 12  - 27  - 62  -  - 44 63 28  7 11 13  -
 58  8 67 68 40  5 46  - 66  2 52 70 50 64 69 10 39  7 43 47 35 62 12  - 26 38 15  9 32 53  -  6 44  - 49 42 31 11 36 18 24 65  - 25 45 23 21 63 55  - 34 54 37 16 48 14 19 20 61 22 41 33 13  -  1 59 56  -  -  3
 46 20  3 37  - 23 53 54 38  - 58 36 24  - 50  -  -  -  8 19 14 51  2 21  - 33 68  -  - 41 28 26 56  - 55 44 11 30  - 10 65 12  - 69 34 62  - 48 45 49 64 63 35 47  -  6 40 43  1 52  5 27 31 59 70 16  -  -  9 61
  - 61 47 17 48 36 63  - 19 58 62 43 32  - 45  -  - 26 59 70  2  3  - 68  -  4 50 11  9  -  6  7 35 55 64 13 14 22 37 12  - 49  - 24 23 39  -  - 27 16 56 29  - 67  - 10 20 38 34 31  -  - 41 33  8 44 46 51 30 15
 23  - 38 21 27  3  - 35  - 69 15 22 19 68  - 36 20  -  - 62 24 37 41 64 55 59 40 16  - 61  1 44 30 25 17 46  6 54 53 50 52  9 48  - 43 34 56 60 31 13  7  -  -  - 58 12  5 42  2  8 67 57 18 32 10  4 63 70 47 65
  - 37 15  - 58  - 38 12  9 27  3 42 66 35 13 18 57 46 44 61 68 55 22 34 31 65  2 19 40  -  4  - 25 17  -  8 45 23 26 56  - 43  -  7  -  - 67  - 41 54 24 48 47  - 53 69 28  - 39 36  6 70 52 63  - 62 59  -  - 30
 33  - 16 47 66  - 12 37 26 19 44 29  - 65 41 42 54 64 20 39 60 57  5 40 51 36 35  -  - 21 15 13 24  1  4  -  - 67 31 70  -  8 58  -  - 69  - 53 59  - 18 25  - 49 22 50  - 14 62 45 63 46  -  -  3  9  - 56 34 23
 24 59 33 56  - 28 34 21 17 38 20 49  - 48 55 61  8  5 22 15  9 27  -  -  - 70 69 58 10 13 66 30 26  - 19  7 47 57 52 41  - 50 12 40 65 36 54  -  - 45 31 43 53 44  4 42 35 32 14 46  - 62 67 25 60 23 68 18 16  2
  - 68 17 38 70 14 20  9  - 30 16 39 26 53  -  -  - 10 45  2 64 25  -  - 46  7 62  - 61 47 51 21 32 29  - 31 43  - 56 69  - 13  - 35 11 19  6 24 34  5  -  - 15  1 44 63 37 60 66  -  4 65 49 42  - 33 67  -  8 12
 57  -  - 58  6  - 48 11 65  4 41 19  -  - 42  - 40 44  - 69 70 56 49 30  5 35 52  - 22 20 34  - 53 47 32 36 24 50 68  7  - 39 59  - 10 46 51 25 18 27 54 67 13 28  9 66  - 12 21  2 60 31 38 16 14  - 55 45 26 64
 42 62 57  - 23 48 56  -  - 54  - 47 36 69 66 60 53 55 50 24 51 12  - 63 27 61 41 52 15  4 49 59  - 22 33  -  - 31 20  -  - 67 40 21  3 14 45 44 39 64 28  6  - 37  5 65 18 70 25 19  -  9 68  - 11 46 58 16 10  -
 36 63  - 67 55  9 44 22 51 18 48  - 17 16 24 20 65 13 12 50 30 69 57  5 53 62  - 25 58 31 19 40 70 35  7 39 26 52 38  -  - 41 10 32  6 15 64  - 33 34  -  1 23 11  -  8  - 66 47  3 14 45 60 56  2 43 61  - 68 42
 60 39 22 36 24 51 30 56 67 66 65 41  - 44 34  - 16 27  3 11 20 61  - 42 54 46 49 18  - 63  - 35  7 57 40 38 10  2  -  -  6 64  - 15  4  9 23 26 14 69 13 70 68  - 25 52  1  - 17  - 33  - 43 58 45 21 32  - 62 19
 15 27  4 48  - 22  3 40 56 11  9 38  7 70 65 53 17 61 60  -  - 14 25 23 35 31 44 51 12 64 46 16 39 42 63 58 41 45 50 33 29  1 13 43 69 66 34  -  2 19  8  - 59 10 49 32 68  - 18  6  -  - 57 54  - 55 37 21  - 52
 61 19 26  -  - 12 31 68 18  6  -  -  1 36 64  -  - 47 63 42 45  8 11 67 16  - 10 59 21 39 38 34 37 24  5 57 33 44 40 17 62  - 43 20 41 65 52  3 54  -  - 53  2  - 28 29 46 27 13  - 22  - 70  -  -  -  -  9 66 25
 43  -  - 25 57 62  - 50 24 35  -  -  -  - 44 29  9 12 69  -  - 15 48  - 45 52 67 14 47 30  - 20 17 54  - 68 49 42  -  - 28  -  - 46 27 33  - 58 13 37 38 19 63  4 11  2 41 31 23 59  - 56 39 21 16 66  6  7 22 40
 63  -  9 30 37 70 40  3 68 41 10 64 18 15 60  -  4 67 62 12 22 34  1  - 20  - 42 23 69 35 29  -  2 36  - 21 50 25  - 28  - 33 53  - 47  - 17 65 44  6  - 59 52 13  8 16  - 26 19 43 46 32  -  7 57  - 14 39 54 11
 44  7  - 59  5 30  -  6  -  - 70  9 14  2 43 54  - 24 13 68 47 40 62 10  - 53  - 32 28 36 63 27 38 16  3 67 21 35 48  -  - 42 18  4 55  1 22  - 25 41 33 50 12 15 20 39  -  - 49  - 17 51 29  -  - 57  - 61 45 69
 62 53 11  -  -  8  - 39  4 29 55  -  5 14 68 37 41  - 58  1 46  - 66 59 48 64  6  3 36 56 67 61 69 23 24 15 34 51 60 27  - 10 19 44 42  - 35  7 21 26 63  - 38  - 12  -  2 13 31 30 32 49  - 43 22 45  - 57 28 16
 14  - 18 20 43  - 24 17  - 37  - 52 54  - 31 21  -  6  4  9  5  -  - 28 56 27 66 55  -  -  - 15 50 49 13 53 65 33 30 42 34  - 22  - 57  - 62 38 12 70  2 45  - 63 23 59  - 16 60 25 47 48 26  3 69  1 10 35 11 51
  8  2 27  -  -  - 61  1 50 39  -  - 30 67 70  - 31  -  -  - 37 44  9 65 23 28 21 29 51 60  5 52 40 48 35  - 15  -  - 63 19 53 46 54 56 58  - 47 20 62 69 34 16 38 42 25 49 45  - 32 66 64  3 55  - 14 43 24  -  -
 66  -  8  -  2 37 54 46 28  - 47  - 63 29 20 58  - 11 41  - 50 70 44 55 13 10  - 36 45 62 21  1 48 26 14 60 52  - 24 34 33 19  9 65  - 43 42 49  - 53 32 18 27  - 31 56  7 51 40 15 38  4 30  -  5 39  - 59 64 57
  9  5 40 11 50 10 32 60  7  8 38  - 64 57  -  - 51 42 46  - 18  -  - 62  - 16  3 54 17 22 45 24 15 52 47 48 68  4  -  2 30 35  - 59 58 31 55  - 70 33  - 44 34 65 27 19 29  1  - 56  - 39 28 14  - 49 13 23 53 41
  - 25 61  - 47  -  -  - 41  - 54 27 16 59  1 12 23 33 38 13  - 66 34  7 11 44 43 53  - 68 24  3  9  8 67 20  -  6 42 60 37  4 49 29 26 56 15 32 10 31 40 14 22 50 64 21 17  -  - 55  2 35 58 39 62 65 30  5 46 70
  -  - 49 57 53 41 14 62  8  - 45 13 21 25 37 16 24  - 55  - 61 60  - 47 15 67 56  7  6  - 17  -  -  - 10  5 19  -  - 30 70 20 38  -  - 42  - 34 43  - 51 68 46  -  3 35 50 59 33  - 12 44 22 52  9 31 18 40  4 48
 27 57 30  9 52 35  - 70 36 43 12 51 45 26 46 63 28 53 18  - 39 41 20 13  6  5 38 49  8  - 56 32 22 60 65 25 64 15  -  4 67 48 42 34 54 16 69 55  1 68 10 61 62 31 29  3 33  7 59 17  -  2  - 40 21 19 66 50 58 37
 28  - 58 49 63 38 10 34 33 48 39 21 27 12 11  -  - 36  - 25 66 50 24 15  - 29 30 44  1 46 62 64 68  4 69 61 40  -  5  6  - 51  7  - 16 26 41 20 60 17 47 35 56 42 52  -  -  - 67 23 57 14  -  9 19 18 45  8  - 22
 21 29 63 15 61 20 35 41 60 16 23 34  -  - 54 32 45  9 48 18 40 38 27 53 22  - 31  -  -  7  8 36  - 56 57  3  - 62  - 44 10 26 68 66 39  - 28  2 24 59  - 69  4 46 17 30 52 67 51  -  - 13  5 70  6 50 42  -  1 33
 64 67 32 53 26  4 16  7 59 62 60 12 51 31 33 68 52 23 65 46 42 19 61  -  - 40 14 45 29 25 30 18 41  2 34  - 38 69 15  -  - 47  -  -  9  - 63 17 66 44  5 37  1 58 55 28 70 22  - 27 11 21  - 48 49  8  - 54 43  6
  - 44 14 27 31 64 57  - 10  9 63 66 56 11 19 17 37 34 42 53  -  - 65  2 47 48 51 70  -  - 12 29  - 39 59  - 60 20  - 45  3  6  5  - 13 30 46 16 40  - 23 22  8 21  - 36  -  - 58 28  - 24 35 67  - 41  4 69 38  1
 10 17 44 18  8 61  - 14  - 55 33 54  2  - 15 66 13 63 30 49  - 46 31 19  - 12 37  4 20 28 26  -  5 21 70 64 42  -  - 25 27 32 60  - 59  - 16 69 56 48  6 23  -  3 45  - 24 11  -  1  7 36 65 62  - 35  9 29 40 50
  6 21 12  2 10 33 52  5 57 50 14  7 61 38  - 67 66 51 39 65  -  -  - 29 36  -  -  1 49 26 43 47 16  3 27  - 13  8 63  - 44  - 11  - 19  - 20 35  4 42 48 56 58  - 15 54  - 25 46 40 70  - 34 18 59  - 24  - 37 45
 26  - 31  -  -  -  9 36 22 59 57 32  - 54  - 65 61  - 34 37 16 42 17 11 41 50 25 48 35  - 64  2 28 62  - 30 29 55  - 66 58 23 44  8 49  5  7 40 67 15  4  - 60  -  1 43  - 47 24 63 68 10 53 51 39 38 69  - 18 21
 35 10  - 50  7 25  - 65 21 32  - 26 68  - 63 49  6 39 57 20 56 36 37  4  9  -  - 62  3  -  - 12 55 45 42 24 53 58 41 54 51 11 30 28 48 60 38  - 17  1 15 16 31  - 13 27 47 61 29 18  -  - 66  8  - 69 33 22 59 14
 30 35  -  - 56  - 68 64  - 52  - 18 70  - 25 46 43 58  9  3 48 16  - 26  - 13 28 12 24 37 65 38 45  -  - 22 39 17 14  - 50 29  4 41  7  - 32 54  8 47 60 57  - 69  2 34 55 62 20 66  - 61  - 19 53 36 27 67 23  -
 65 23 64 66 28 43 42 69 45 47  -  5  - 46 29 11  - 38  2 21  1 20  6 54  7  - 17 31 41 50  3  -  - 12 22 40 59 37 10 19 13 25 27 14 15 53  - 70 51  - 58  9  - 36 35  -  -  - 48 33 16 63 24  - 18 60 34 52 61  4
 45  - 41  3 32 27 64  2 54 61 30 35  - 55 59 33 47 21 28 66  7 63 50  - 18  - 60 10 37 17 14 31  -  - 51  - 69 56 22 36 26 68  - 39  1  - 58 52 29 12 25  8 48 40 57 44  6 65  -  - 49  5  4  -  -  - 16  - 15  -
 34  - 56 65  -  6 70 45 62 67 11 15 53  - 17 22 68  1 24 48  - 31 39 61  - 42  4  8  - 66 16 14 36  7 50  9 46 47 25 29 38  5 21  - 52 64  2 30  -  3 35 32 10 19 43  - 44  - 26 20 40 23 59 27 55  - 57  - 49  -
  5 42 66 55 49 50 13 24 23 36 37  -  -  - 21  -  -  - 26 34 12 10 67  -  4 69 27 17 53 57  - 25 46 70  9 63 16 61 51 48  - 14 56  6 31  - 33 59 30 22 52  - 19 32  -  -  -  - 54 68 28 18 47 11  -  -  -  -  3 58
  4 32  - 41  -  - 67  - 12 46 21 30 22 17 47 35 50 19 31 40 58 24 56 38  1 18 59 65  - 43  - 48 51 14  - 37  9  - 11  3 25 54 29 49  -  - 53 28 57  8  - 13  - 26  - 45 34 15 36 69 27 66 61  - 23 10  5 33  6 20
