3920
  - 59 26 33 62 20  - 46 63 44 14  - 21  - 50 40 23 22  - 29  8  - 49  6  1 17 56  - 41 43 67 15  - 34 37 48 52 16 18 10  - 30 36 35 66  -  -  7 58 19 47 25  -  -  4 54  -  9  2 38 27 55 53 42 32  - 45 12  3 28
  6  -  2 13  3 43 46 10 70  7 21 51 41 49  - 18 59 65 17 30 63 50 53 38  -  -  - 23  8 68 26  5 11 25 45 55  - 20 37  - 69 58 62 40 12  - 39  - 27 15  -  -  - 14 35  -  - 24 28 42 60 52  -  -  -  - 44 61  1 19
  -  - 70 63  - 35  3 50 19 51  - 21 45  2 15 10  - 25 57 48 32  - 13 46 54  8 61  -  9  4 38 59 44 52 43 24 66  - 49 60 53  - 67 31  -  - 14  -  7  6 40 58  - 39 17 28 69  1 27 33 26  - 18  - 30 23 64 56 47 65
 14 66  - 48 63 54 47  - 17 36  9 44 55  4 20 33 61  3 12  - 23 21 16 11 32 65 68 35  6 46 25 29 40 30  - 42  1 62 56 70 41 15 49 22 69 10  - 51 57  7 52  - 19 53 50 34  - 18 39 43  5  - 59 64 37 26 28  - 58 60
  - 18  - 49 33 58 25  - 52 68 42 28  - 62 60  -  - 41  6 56 47 23 29  -  -  4 64 45 11 20  2 21  - 67 50  8 51  - 30 57 40 32 22 46 48  3 38 39  - 37 13  - 17  - 14  - 53 59 12 31  9 24 15 19  -  - 43 63 66 55
 20 58 47 39  7 28 59  -  2 30 10  -  -  - 68 34 57 44  -  6  9 18 55 70 60  -  - 24 43 23  8 17  - 11 25 26 22  3  - 56 38 16 63  - 61 69 66 13 67 12 46  4  - 35  -  5 15  - 65 52 64  -  1  - 62 21 50 31 48 49
  2  -  7 56 40 33 26 25  - 69 60 55 18 13 16  - 50 21 51 65 10  8 58 37  -  -  - 59 29 54  - 52  - 17 49  - 30 67 11 20 42  -  3 39 34 70 41 22  6  4 12 66  - 62 27 57 43 19 36  -  -  9 48  5 15  - 31 53 68 35
  9  6 17 35 70  - 53 26 23  4  3  7 37 25 10 15 49 50 16  - 57 24 18 52  - 59  2 42 36 51 58 47 12 44 48 39 55  1 34 21 67 43 20  -  -  - 32 62 13 63  5  -  - 61 65  - 28 40  - 66 19 31 68  - 41  - 14  8 38 27
 44 68 54 62 37 38 21  - 30 33 64 24 65 60 58  - 25 59  - 23  -  -  4  5 66 56 42 51 16  - 39  2 18 19  - 43 34  - 12 49  8  9 48 20 57  1 69 40 10 26 15  - 67 27 53  - 32 35 22  7 63 70 46 61  - 28 36 50 41 13
 54 69  8  9 14 16 58 12 62 25 47 61  - 42  - 36  - 68 43 26 33 34 28 24 17 30 11 52  -  5 57 19 67 60  1  7  -  6 45  2 22 64 50 66 20 51 21 23 15  - 32 37  - 48  3 65 31 39 63 29 70  4 49 59  -  - 40 44 18 38
 10  - 16  - 69  - 56  1 54 50 58 12 47 59  5  -  -  - 35 32 36 14  - 53 43 67 22  - 19 61 29 46 20 38 65 52  -  -  - 23 24 13  -  3  - 62 25 66 11 68  4 28  - 55 44 37  - 60 15 64 42 39  7  - 17 27 49 41  9 51
 29 35 22 31 30 44  - 61  8  -  - 20 34 14 65 46  - 51 64 47  4 28  -  -  7 21 57  3  - 18 13  9 69 27  - 33 15  - 26 68 63 41 54 42 24  - 17 59 56 58 38  1 52 66 19 23 37  2 10 39 40 36 45  -  6 70 25 49  5  -
 40 28 18 26  - 29 17  -  - 58  - 64 61 44 45  - 42 34 24  - 62 22 27 55 56  - 13 20 38  - 49 70 16 66 33 31 48 50 46  6 23 14 59 68  9 43 15  - 30 51 69  -  2 19 57 35 47 63  1 60 12  3 65  - 10 52 11 36  4  -
 63  -  4 14  -  - 44 27  3  - 50  5 64 56 52  7  - 15 66  - 67 38  - 34 62 57 12 54 68 59  -  -  - 55 30 17 18  - 25 69  1 36 19  - 32  - 51  - 33 22  2 13 16 40  -  - 41 20  9 53 21 37  -  -  - 47 29  -  - 42
 49 17 29 37 10 42 63 47  6 26 16 46 66 45 13  - 68  2  -  - 53 52 22  -  -  -  5  1  - 60  - 31  - 64 28 35 38 58 32 30  -  - 65 56  4 59 18  -  -  - 27 54 61 67 33 21 34  - 40 14 48 51 55  - 12 11 41 69 19  3
  - 53  -  -  4  -  - 33  - 43 24  8  -  - 67  - 63 58 30 59 28 54 36 17 49  2 15 50 47  -  - 38 25 29 13 16 42  - 62  - 52 19 10 57 27 41 37  5 34 70  6 21 20 32  -  - 39 68 69  - 31  7 60  -  - 14  9 23  - 66
  8  - 49 50 13 70 23  3 44 37 66 53 30  - 22 12  -  - 31 19 24 45  -  1 69  -  - 32  - 47 28 51 68 65 17 18 64 10 39 54 25 52 21  4 29 34 35  - 48 16 61  - 33 11 56 41 63 43  - 46  6 58 57 36 59  2 42 14 67 40
 39 55 60 42  -  - 19  4  - 14 44 49 23 54 35 48 38  9 29 10 43 11  1 63 33 25  3 46  -  7  - 22  -  - 12 47 45 28  6 41 34 26 56 52 62 65 24 69  - 66 51  - 57 30 13 16 36  - 20 21 53  5 64 18 67  8 70 17 40 68
 36 45 15  - 39 31 64 18  5 13 33 14 22  - 56 25 60 37  1 34 40  - 47 16  - 46 52 67  3 35 42 58  4 61  - 66 53 57 43 51  -  -  - 50  - 55 49  -  -  8 11  - 21 17 38  -  - 54  6 27 29 19  -  2 68  - 24  9  -  -
  7 27 13  5 21 63 43  - 32 48 40 60  -  1 17 53 58  - 56 38 22  - 70 49 19 35 29 26 67  - 33 36 37 23 20 45  9 41 65  - 30 69 57 10  2  - 28 61 51 11 62 18 12  - 42  4 52  -  - 68  -  - 47  8  - 24  -  3 50  -
 69 65 32 41 67 51  -  - 21 61  - 11  - 17 34 37  5  - 26 40 16 43 52  -  9 38  7 64  - 36 10  -  -  3 66  - 19 54  8  - 46 12 13 44 42  - 47 25 59  2 50 39  - 60 48 63 70 57 31 15  -  - 22 14  1  6 68 55  - 29
 70 36  5  - 26  3 29  8 53 59  -  -  - 19 11 58  - 27 33 61  - 63 42 20 51 50 47  - 52 22 60 25 62  -  -  - 37 23 41  -  6 17  - 65  - 66  - 67 54 14 16 32 68 10 21 64  - 69 57 24 35 15 31  - 55 48  - 18 49 30
 51  9 45 69 19 23 60  - 38 70 59 18  - 32 36 31  -  - 13 20 68 48 61 54  -  - 17 39 56 57 21  -  - 63  -  - 28  - 29  - 50 27  -  - 64  8 11  3  - 24 25  - 58 16  - 26 35  6 14  2 65 67 42  -  7 33 66 46 53  -
 53 52 51  - 56 64 31 17 39 34 54 45  7 21 43 28  -  - 59 13 12 16  5 40 11  - 24 27 14  -  9 55 36  6  - 20 63 42 67  - 29 49 46 62  8 68  2 19  - 35 57 41 50 22 47 25 65 44 58 30  - 60  -  - 66 18 10 37 61 32
  - 50 63 10  9 49  - 52 36  -  2 16 59 58  1  - 66 47 22 17 21  -  -  - 55 68 62 12 51  - 19 69 46  7 44  3 54 40  5 24  - 56 43  - 15  - 57 33  - 27 28 31 65 42 64  - 20  8 26 70 38  - 30 34 13 67 48  -  - 37
 24 26  - 55 58 67 52 64 28 39 36 69 68  8 21 50 22 13  - 42 34 47 57 62 37 40 70 65  - 17  6  1  - 48  - 59 35 27 38  - 14  5  - 45 31 53 43 46 63  -  - 61 51 12  - 49  9  - 29 16  -  2 56 33 60 15 54  - 25 44
  -  4 28  1 50  6 54  -  - 18  7 68 53 40  -  -  - 52 32  2 13  - 33 60 42  -  -  - 65 26 64 10 15 45  - 46  - 66 16  - 37 62 29  5  - 63 19 35 70  - 44 24  9 49  - 36 14 51 38 34 55 56 25 11 48 41  - 22 12 31
 45 29 66 60 18 30  - 51 35 64  - 52 15  3 62  - 32 14 42 36 70 17 46  2 57 54 55 33 24 19 43  - 23 20 34  - 16 26 63  1 58 10  - 38 47 50  - 28 25 56 49  -  7 21 68 31  8 48 67  6 44 65  4  9 53 22 13 11 39 12
  3 10 23 61 47 50 48 39  - 11 37 32  2 53  - 55 56  1 45 28 41 30  - 14 18 43 66 34  4 62  - 44 35 22  6 25  5  - 54  - 51  - 16 15  7 60  - 65 68 29 33 69 46 63 67  - 58 21  - 13 49 26 40  - 57  9 52  -  8 20
 58 40 52 27 48  - 42  - 25 22  - 38 60 39 57 32 51 19 20  - 11  1 31 10 44 36 59  -  - 70  - 23  - 68 61 30 50  - 53 66 16  - 17  - 28 37 65 15 64 21 18 63 62 33  - 45 13  3  -  9 54  - 35  -  -  -  5  - 34  8
 56 47 33 17 61 27 14 30 15 42 13 26 67 34 32 11  -  - 68 46  6 36 51  -  - 20 65 53 45 38  4  - 66 12 58  -  7 48  -  - 55 54  5 49 35 31 44 70 69 60  - 52 22 29 24  8 10  - 18 57  3  -  2 25  9 16  - 59  - 50
 47 15  9 36 27 69 34  - 50 21 43 33 19  - 54  - 28 10  5 53 59  -  -  -  8  3 41 60 25  2 62 66  - 40  - 12  - 65 57 44 17 51 11 70 37 24 31 64  1 48 22  6 42 52  - 38  - 56  - 35  -  - 20 49 63 30 55 68 16  4
 17 64  - 65 52 55 57 53  4 16 63 66  -  - 70  - 35  -  - 37 15 25 41 23 58  -  - 61  5  - 14 11  2 39 22 10 44 51  7 29 13  1 27  8 68  - 46 18  - 54 67 26 32  6  9 56  - 45 33 28 62 30  -  3 49 42 19 20 60 48
 13 48 10  - 11 41 33 62 60  - 56  4 14 16 18 38  7  6  8 68 39 66 54 29 26  - 34  - 59 31 15 24 21 43 57 67 61 55 51 25 27 35 23  2 19 47 22 17  - 36  1 46 49  5 12 52 40 65 42 44 30 53 63 28 50 64  - 70 20 58
 68  - 62  7 15 25  - 28  - 23 57 29  8  - 30 56 19 46  3 41 26  2  - 35 31 16 40 43 48 42  5 61 70  - 55  4 58 18 66 59 64  - 34 36 22  6  - 11 44 33  - 17  - 38 54  -  - 47  -  - 52 27 69 20  - 12 65 39  - 21
 65 63 59 16 12 32 15 36 14 66 27 30  - 55 53 44 47 67  9  4 60  -  - 56  - 42  - 49  -  - 40  - 58 62  - 54 69 68  - 46  - 20 31 21 50 19 61  1 52 13  - 10 23 43  -  3  - 26  7 41 22 17  5  - 11 39 18  -  -  -
 22  8 56 58 17 21 36  -  - 47 52 34 29 51 31  1  6  -  - 16 30  3 59  - 46 66 63 28  7 10 12 49 45  4 69 14 62 13 35 15  - 61 68 19 18 26 20 27 53 39  - 60  5 25 11 42 33 41 50  - 24  - 37 23 54 44  - 64 55  -
 37  2  - 24 68 56  - 19 66 57 26 40  1 35  9 43  4 20  7 50 64 39 12 59 22 28 48 15 31  -  - 14 53  -  - 69  -  5  - 11 49 63  - 33 60 25 62  -  - 47 30 16 13  3 41 46 21  - 70  8 67 61  -  - 42 34 32 10 23 18
 16 56 25 40  6  7  1 42 43  -  - 31  3 22  - 23 48 45 41 35 27 58 34 51  - 15  - 18 39 66  -  - 33 47 36 32  2  9 13  4 70 11 30  - 54 17 26 63  - 20 64  - 37  8 55 60 29  - 24  5  -  -  - 53 21 62 46 57 52 69
  4  -  - 47  8 59  2  -  - 63  -  3 58  9 26  -  - 11 38 51 65 37 69 12 52  -  - 21  - 49 27 42 32  - 53 64 39  7 55  - 36  -  6 17 25 48  - 24  -  -  -  - 31 50 66  - 19  - 61 56 16 28  - 67 45 60 33 30 62 70
  -  3 35 38  - 60 40  2 34  -  - 58 25  - 46  5 64  -  -  -  - 57 10 66  -  1 39  4  - 41 51 30 42 24 29 13 67 37 23 17 21 70 33 27 36 49 48 16 62  9 56 22 63 65 59 61  7 50 43  - 47 18 26 44 52 19 12 15 11 14
 67 34 30  6  - 47 24 43  9  -  -  - 52  - 69 45 70 56 44 31 51 49 23  7  4 19  -  -  - 27 36 20  1  -  - 57 46 63  3 58 15 25 42 26  - 29 59 53 17 38 65 48 39 54 16 40 61 64 13 50 66 12 28 35 14 68  - 33 32 62
 34 43 46  - 55 53  5  - 56 31 15  6 49 47 29 61 17 30 18 25  2 42 64 32 41 45  1  8  - 13 66 50 59 16 63 65 27 11 70 14  -  - 38 37  - 52  4  9 24  - 39  3 10 26 69 51  - 22 68 36 57 35 19 40 44 20 62  7 54 67
 61 60 36  -  -  - 55 11  -  - 22  9 28 26 40 42  - 70 50 62 14 20 38  3 24 63 32 31 54 16 35  -  -  - 51 53 21  - 15  - 44 18  8 34  5 23  1  - 12  - 10  2 48  -  - 39 68 52 66  - 17 64 43 41 25  - 47 58 33 46
 12 20 69 30 31  -  -  -  - 19 32 59 48 57  - 54 52 28  -  - 50 56  -  - 13 11 33 40 44 34  - 45  - 14 42 15 60  - 21 67  - 29  9 24 49 27 16 41  -  - 68  - 38  4 18 66 46 70 23 47 43 22 36 65 61  1 58 62 35 25
  - 16 44 18  2  - 70 31 59 62 68 23  4  -  -  - 14 40  -  1  - 15 39 30 21 60 20  7 42  8  - 26 43 57  - 58  3  -  -  - 56 48 64 54  -  - 13 10 65 32  -  - 35 41 36 27  - 11 19 25 61  6 17 47 28  - 53  - 37 34
  - 11 40 23 35  9 68  -  - 20 34 17 54  5 59 65  3 39 46  - 29 62 32  -  6 14  8 41 58  - 45 64 51  1 21  2 12 36  - 47  7 22 28  - 70 57  - 56  - 42 55 43 53 31 25  - 44 13  - 19 10 63  - 30  -  - 15 16 27 24
 66 12  3 67 41 48 10 20 33 29 35 47 32 43 37 19  - 49 14  - 25  7 17 26  -  6 46  - 63 65 53 56 52  - 70 44 24  4 60 22 31  - 61  9 51  - 27 42 38  5 34 11  -  - 39  - 64  -  -  - 15 62 58 21 40 50  - 28 69  1
  - 42 12 19 23  4  - 15 68 17 31  - 10 69  8  - 44  5 49 66 56  - 63  -  - 32 26 62 53  9 50 40 47 13 14  -  -  -  - 52 20 60  -  - 43  2  3 45 39 64 36 59 18 37 58 29 30 55 35 48 34 25 16  7 65 38  6 21 24 54
 33 22 57  - 54  8 65 49 20 10 17 39 62  - 51  - 34 64  -  - 55 26 30 28  -  - 35 25 61  - 41  4  7 21  -  6 23  - 47 63 68 53 60 58 52  9  5 37 19  1 29 67 40 46 70  -  - 42 45  3 59 50 44  -  2 13  - 43 31 36
 21 30 64 68 44 46  - 57  - 24 25 67 33 29 41  6 39 54 61 49 35 13 62 58 47  9 19  - 32 53 48 28 22 51  - 23 31 45 52 37 26  4  1 16  - 42  8  2 20  -  -  7  3 70 43  -  - 38 56 11  - 14 12 60  5 40  - 65 59 15
  5 37 67  - 22  - 50 56 10  -  - 36 35 63  -  9 45 24 21 12 52  - 14  - 38 26 25 11 66 69 30 53  - 58  -  -  8 31  - 16 61 47  -  - 17  - 42  - 18 62 23 44  4 68  - 20  3 34 32  - 46 57  6 13 29 65 51 19 15 59
 43  - 31 46 66  - 13  - 16  - 48 70 40  -  2 64 65  -  - 52 19 12 50 33  5 22  -  6 69 56  7  8 63 41 68 11 10 21 20 45  - 39  - 23 53 35 60 58 32 55  - 14 59 28  1 67  - 61 51 62  4  -  9 29 24  3 17 54 30 47
 30 44 39  8 28 15 51 59 13 41 49  2 12 31 14 57 37 18 67 11  1 53 60 21  3 52 23 55 17  6 70  -  5 26 54 27 47 22 42 32  - 68 66 25 46 45  - 43 16 65 58 40 56  9  -  - 50 29  - 10  - 34 38  - 33  - 35 48  - 61
  - 46 38  - 65 26 32 29  - 12 69 63  6 10  4 62 11 53 28  5 31 35 15 13 61  - 21 58  - 64  - 39  - 42  2  - 57  -  - 40 66 37 44 18  - 36  - 68 49 59 14  9 30  1 34 70  - 25  3 20 45 48 51 52  8 17 60 24  - 41
 11 41 61 51 16  -  -  - 24  1 19 35 63  7 42  4  2  -  -  -  3 65 26  - 30 58 60 66  - 15 68 27 29 46 23 70  -  8 17 48 39 33  -  - 45 44  6 14  9 49 53 20 28 34 40 18 56 37 54 22 13 43 10  - 64 31 67 32 57  5
  - 61 50 45 24 34 66 54 11  -  8 62 16  - 38 22 12  - 58 18 42  4  3 25 48 41 69 17 40 32 37  - 14  - 27  9 59 15  - 64 19  -  - 13 44  - 23 20 31 67 21 30 29  - 51  1 60 28 49 26 36 68 33 63  - 53  7  6  2 57
  - 25 53  -  - 36 20  - 37 15 70  -  5 41 44 21 27 61 55  9 58  6 24 42 63 48  4 22 18 33 65  7  8 49 62 28 56  -  -  3 57 34 35  1 30 64 29 31 60 40 45 50 11  2 52 32 16 17 47 51  - 46 54 66 19 69 59 67 26 10
 32  -  - 57 38  - 69  9 40 52 29 42 51  -  7  - 10  - 27 70  -  - 37 48 68  - 36  - 34  1 63 54 55 59 24 60 26 19  2  5 35 50 58 14  6  - 67 44 28 53  3 62  -  -  -  - 23 12 21 18 25  - 11  - 16  - 20 13 17 39
 59 14  1 66 51 68 22 32  -  - 67 25 11  -  6 30  - 60 34 15 44  - 21 41  2 53 18  - 64  - 47 65 38  -  -  - 49 29 69 42 54 31 40  - 26 16 33 12 46 52  -  -  - 45  -  - 55 62  -  - 37 13  3 39 36 43  -  4  - 17
  -  7 37 52 32  1 28 70 45  5 65 10 26  - 19 67 55 63 69 64 38  - 44  4 34 24 50 68 13 48 11  3 27  -  9  -  - 35 58 31 59 46 14 51 40 21 56 57 23 43  - 53 66 47 49 15  6 30  - 17  8 20 39 22 18 25 61  - 42  2
 60 31 21 59 20  - 35 65 64  - 11 54  - 30  -  - 33  - 10 44 17  -  -  9 16 23  6 14 15 58  3 57 28 36 67 19 40 25 24  - 43  2  7  -  1 38 53  4 45 34 41 56 47 18 62  - 66 49 52  - 51 42 50 69 70 32 26  5  - 22
  - 21 58 64 29  -  - 63 48 56  - 41 13 24  3 69 67  - 40 22 54 19 65 27 50 18 51 37 70 25 34 16  - 35  7 68 32  - 44 61 45 28 52 12 59 46  - 38  - 30 17 57 15  -  5 62 11 14 60  - 20 47 66 31 39  -  - 26 43 23
 18  1 55 53 36  -  9 23 22  2  -  -  - 61  - 16 24  - 65 39 49 10 43 44 25  7 67 69 46 50 52 60 48 37  3 51 70  - 68  8 28 21  -  - 11  4 54  - 35 45 19 33 26 58  - 59  5  - 62 12 56 38 13  - 20 63 27  - 29 64
 28 19  6  - 42 62 12 35 29  - 51 37  - 66 25 68 36 26  - 58 18 40 56 69 53 64 49  2  1 30  - 13  - 32 52 21 41 44 59 50 48 55 24 67 33  -  -  8 14 23 63 47  - 20 45  -  4 46  -  - 39 54 27 15 31  5  3 38  7 16
  - 67 11  - 57 19 16  - 31  3 62 48  -  - 64 60  9 23 39 14  - 59  6 22  - 10 30 63  - 44  - 18  -  5 35 29 68  2 61 36 47  - 53 32  - 15 52 54  -  -  - 65  8 51  7 55 45 66 34  4 50  - 24 27  - 56 69  - 46  -
  - 51 14  3  1  -  - 66  - 49 61 19 69 23  - 17 15 16 47  - 48 55  - 68  - 39  - 56  - 40 54 33  6  9 64 38 11  - 31 35 32  7 18 28 41 58 70 30  4 50 59 45 24 13  - 44 25 53  5 37  - 29 62 12 34  -  - 42 21 26
 15  - 42 54 64  5 67 45 41  - 55  -  - 46 28  - 62 57 37 43  - 27 40 31 29 33 10 38 26 11 24 48 60 18  - 49 20 34  9 65  3  6 12 30 16  -  - 47 21 61  -  - 25 59 23  - 22  4 44  -  7  1  - 17 69 51 39 52 70 56
  - 39 27  - 49 11  4 22 58 53 46 43  9  - 61 13  -  - 62  3 20  -  7 15 70 51 14  - 60 37 18  - 30 69  5 36 29 56 50 38 33 66 55 47 65 67 12 26 40 31 24 64  6 57 63  -  -  -  8 59 28 32 52  1 35 54  -  - 44 45
 48 62 19 29  -  - 45 44 12 40 28  -  -  6 33 39 13 35  -  - 46 61 66 47 15 31 38  -  - 21 22 32  - 53 26 41 65 43 27  7 60  3 25 64 14 20 30 50 36  - 37 42 54 69  2  9  1  - 59 67 11 16 34 68 23 58  8 51 56  -
