3920
 36  - 13 37 69 15 52  4  - 12 65 19  - 27 46 29  -  - 66  -  -  7 53 31 55 67 10 68 51 21  - 11  - 35 56 63 23  -  - 39 38 50 54 34  9 32  6 43 33 44 60 14 22 40 62 59 64 18  - 49 20 41  2 26 16  -  -  - 28  3
 58 27 23 49 25 14 40 34 31 63 46 44  -  - 48 51  -  2  - 24  1  3 12 53  - 13  4  - 50  - 28 56 36 68  - 52 66 55 70 20 45 16 67 21  - 64  - 26  7 57  -  - 61 60  - 35  - 15 19  - 47  - 41  -  - 32  5  - 54 11
 21 61 11  - 39 64  - 42 63 17 19 28 69 62 45 41 60 38 53 48 32 26  7 13  6 24 31 16 14 66 34 30  2  8  -  - 15 59 35 70  5 47 50 58 12 52 25 51 54  - 55 36 23 33  - 40 10 68  9  - 44 49 43 67 20  1 22  3  - 57
 67 33  - 57 23  9  - 47 66  4 18 69 53 60  -  3  5 16  - 39 48  - 21 41 45 43 59 38 22 17 51 13 15  - 44 24  - 34 58  6 19 61  -  8  - 65 29 36 14 46 27  - 26 35 68  -  7 37  -  - 54 52 28 20 10 25 70  1 55 31
  1 63 40  - 45  4 33 15 67 16  3 32  9 41  2 37 29 19 10 57  8  6  -  - 49 59  -  -  - 56  - 22 38 11 55 65  - 64 60 34 36 54 62  -  -  - 35  -  - 47  - 21 70  - 43 23 46 53 14 52 39 51  - 42 18 24 25  - 58 20
 70 57 26 31 35 18  8 66 11  - 32 27 39  -  6 64 48 40  - 19 42 34 55 61  - 29  - 14 59 30 10  2 43 60  9 28 21 24 22 46 16  1 53 62 37  5 51 52 25  - 12 17 36  -  - 44  3 45 68 23 38 58 47  -  7 33 20 13 67 49
 52 22 47 14 15 59 45  -  7 50  2  - 68 40 49 11 33  - 31  -  - 25 10  5  - 60 51 21 54 34 13 27  - 17 63 37  -  8  - 61 26 69  1  - 38 24 20  4 55 28 46 62 35  9 12  - 18  - 32  -  - 16  - 43  -  - 65 19 56  -
 32 16 28 23 66  1 58 43 46  - 47  -  -  8 17 36  -  -  -  6 10  -  - 21  7 34 19  - 13 70 44 52 18 49 25 60 63 69  5 41 12 15 39 57 33  3  2 67 51 50 62 11  - 65 61 37 42 30  4  - 56  9 68 45 53 54 24  - 35 26
 56 20 55 53 58 66 43 70 22  - 24  - 61 18  5 27 17  6 67 49  9 65 35 51 36 46 16 12 33 28  3  -  8 57 11  7 52 30 68  - 29 19 38 44 13 48 47 59 40  - 31 34 64  - 21  1 69  - 23  - 14 26 39 50 25  4 41 42 45  -
 18 17 43  1 29 39 41  6 54 68  4 42 16 38 12  -  - 13 35 45 19 21 30  - 23  - 61 51  - 32  -  7 28 25 37  - 64 15 31 44 65  2 57 52 34 50 36 70 53 59 20 56 27 10 40 33 24 48  - 58  - 60 67  3 46 22 66 11 69  -
 29 69 22 63 31 16 50 11 35  3 12 52  4  2 64  -  - 15  - 38  - 19 34 20  - 70 24 30  -  7 21  9 40 58 33 61 59 32 37 25 43 49 44 42 27 57 17 60 46 14  -  1 53 62 28 67 48  - 66 54  - 68 23  8  - 13  - 65 10 51
 22  4 18 62  2 49 23 63 19  8  - 14  - 11 55 30 50 58  - 59 40 16  - 28 69 37 27 35  9 10 70 44 20 36  - 26  - 65  - 67  3  - 21 38  - 68 32 66 48 56 64  -  - 15 29 46 39  1 51  7 52 12 57  6 24  5 45 54 42 61
  3 19 51  - 63 46 54 14 16  - 61 39 62  6 47 43 32 64 37 60 69 33  - 67 59 40 25  9 34 41 55 15 56 10 58 22 70 45 13 42 48  - 18 66 20 17 38 68  -  7  -  5  1 28  - 50  - 49 26 24  2  -  -  -  -  - 57 53 65  -
  - 48  - 36 13  5  - 44  -  - 22 62 56 66 24  2 14  3 29  - 46  - 50 15 63 17 53  -  - 42 33 67  9 40 28 64  - 19 52  - 59 39 23  - 51 70  4 65  6 43 21  -  -  7 57 20 54 58 34 32  - 18  8 10 49 16  - 38  - 25
  2 52 67 48 24  -  7 25  8 64 69 35 46 63 50 32 56 44 62 11 65 13  4 39 58 41 40 54 47 59  - 70 21  6 36 53 28  - 27  5 14 12 68 23 49 20 60  1  -  - 18 16  - 51 22  - 45 29  - 33  - 57 31  9  -  - 61 34  -  -
 48 37 46 47 22 69 70  - 68 25 52 38 59 49 62  - 43 34 33 28  - 29 16 27 66 23 21 53  2 44 50 19 14  -  3  - 39 20 36  - 63 40 51 31 67 11 18 45  - 30 58  8  - 54  4  9  5 42 10 65 60 24 35  - 15  6 56  - 17 55
 20 21  -  7 51 26  -  -  9 48 15  - 52 12  - 14  -  - 16 31  - 67 46 62 27  - 17 59  - 43 53  - 64 29 57 36 25 41 33  - 28 24 45 68 47 37 19 34 66  -  -  6 58 63 70  - 60  3 69 61 55 54 32  - 39 10 49 40 44 13
  8  -  - 58  -  - 67 55  - 44  - 17 35 37 36  5 46 41  2  -  -  9 57  -  4 68  - 11 10 19  - 69  -  - 60  - 61 70 12 15  - 22 20 51  - 23 28 50 47 33 29 53 49  3 52 31  6  - 59 21 18 14 40  -  - 65  7  - 24 43
 43 25  - 28  - 24 13  1 70  9 45 64 38  - 65 21 31 12  7 36 22 15  5 59 60 42  -  2 57 18 16 33 27 26 39 46 51 62 30 53 20  3 40 35 58 63  8 55 41 49 10  - 48 37 47 32 34 19 44  -  -  6 17 29 67  - 14 68 23 52
 55 38 10 33 67  - 36  5  - 37 26  -  - 31 21 45 63 32  -  8 12 39  1  3  -  - 42 47  -  - 58  4 53 24  -  2 50  7 51  - 18 62 46 27  -  - 41 28 19 34  9  - 13 52 11 65 70  6 20 69 66 17 49 44  -  - 15 59 25 68
 38 53 60 26  5 37  1 46 14 32 58 45 48  9  - 16 12 10 11  - 18 50 63  -  - 20 70  - 17 47 56 68  - 34 13  - 42  - 44 57  - 67 33  7  3 62 43 25  2 69 41 64 24  8 59 15 22 51 54 40 27 21 55 36  - 61  - 29  6 23
 44 28 57 46 59 25 55  - 39 11 36 48 19 35 23  - 21 27 15  -  -  - 52  - 42 62 45 32 49 40 12 41  3 38 34 58  -  1  - 60 61 31  - 20 69 16 54 14 10  - 30  7 50 29 26 64 65  - 70  9 68 13 24  4 56 18 37  6 43  -
  5 34 36 15  - 50  -  - 69  -  -  1 37 23 29 67  - 70 42 56  - 44 58  9  8  - 26 55 28 68 18 31 13 33 61  3 65  -  4  -  7 38 35 41  - 47 48  - 16 20 25 66 54  - 45 57 59 27 43 19 63  2 14  - 60 40 12  - 11  -
 16  1 15 10 53 54 46 39 47  7 50 51 20 67  -  - 24  - 56  - 35 37  2 17 21  - 68 36  5 45  -  - 62 18  4 30 32  - 65 48 42 13 55 64 63 22  - 23 29  -  6  -  - 57  - 25 12 40 58 43  9 28  - 69  3  -  -  - 38 60
 23 35  4 55 28 53 21 18 32  - 29 68 47 57 54 56  - 33  -  - 14  - 36  - 67 51 52 24 46 22 45  5 26 44 69 15 58 27  2  9  6 66 13 37 70 10  3 16 64 12  - 30 60 17 20 48  8 61  1 34 11 19  - 65 50 63 40  - 31 59
 61 65 34  - 33 68  - 48 42 70  - 58 10  -  - 60  - 69  - 15  - 54  6 49  - 36 47 46 24 16  -  - 35  - 64 43 26 28 25  8 44  9  - 63  7 19  - 41  1 45  -  2 67  -  - 56 57 59 52  3  - 29 62 18 12 39  4  - 32 27
  - 42 12 69 10  - 64 40 41 51 35 24 44  - 32 26 34  7 47 61 58 20 56 29 53 15 62 67 55 65  - 23  -  9  2 48 11 60  -  -  - 63  4  - 45  - 30 13 17 39 50  - 28  - 19 27 52 25 46 70 16 38 18 66 22 37 68 33  3  6
 65  - 24 67 48 34 42 13  - 58  9  6 30 14 60 47 37 63 45  - 26 53 23 43 16 39 28 10 35 49  2 25 32  -  - 54 38 33 69 62 15 18  - 19  4 41 11  - 61  1 56 68 57 46 64  5 31 52 55  8 40 70 36  7 59  - 44  - 21 66
  - 59  9 27 65 43 38 54 44 13 41  8 58 26 68 35 16 11 36 17 20 70  - 57  -  5  -  -  - 53 25  - 69 39 21  -  3 66 48 56  -  6  2  4 52 28  - 12 60 23 24 50  - 18 55 22 19 33 49 30  - 47 51  - 40 14  - 10 62 45
 57  5 31 66  - 13  - 10 30 26 67  7 63 39  9 70  - 62  - 54 38  4  8  - 46 61  -  1 18 29 69  - 65 16 68 34 12  -  6 19 47 25 17 43 48  -  - 64  -  - 37 40 14  -  - 45 49 24 41 55 35 42 52 11  - 59  - 36 51  -
 63 44 19  - 47 36 37  - 38 34 16 31 57 56 25  -  - 50  - 35 54 30 62 60 48 26 14  5  -  -  6  - 17 52 32 66 53 18  3 40 67 64  9 49  - 15  1 42 43  4 13 70  - 41 58 10 23  -  - 39  - 69 22 68  - 27  - 20  2  8
 66  -  -  6  - 67 56 31 53  5 68 10 25 46 26 61 51 14  - 13 28 45  - 65 33 21 12  - 60 52 29 58  4 22 49 47 34 54 42 30  -  8 41  - 23 55 64 37 35  - 59 57  3 27 39  2 62  -  - 17 24  -  9 40 19  -  -  - 48 69
 24 62 59  - 43 11 65 17  - 27 63 49  - 52 70 54  1  - 20 32 50 28 51 18  -  - 22 33 25  9 57 40 68  - 45  - 31 35 14 29 41  -  - 60  6 36 10  8  5 37 67 44  2 61 66 47 30 69  -  -  3 15  - 12 42  - 23 64  7  4
 27 23 70  - 38 56 63  - 52  6  - 67  - 19 20 69 55 17 32 34 21 31 41 46 29  9  - 57  - 48 26 45 61  - 40  8 62  - 16  -  1 43 36 28 25 49 22 39 18 58  3  - 44 12 15 14  - 60 47 51  - 30 50 54 37 35 10  2 53  -
 53  3 54 50 12 23 11 69 20  - 66 47 13 64 58  6 35 29  - 67 43 17 15 33 31 32 18 25 19 24 60 51 16  - 70 59 49 37 41  7 68 56  8 46  - 44 40 62  9 22  -  4 21 39 48  -  - 36 38  -  1  5 65 55 34 57 42 61 27 14
 62  - 44 29 11 30 25  3  6  - 38 56 50 17 69 10 58 18 19 21 63 47 48 34 12  2 65  - 70 51 15  - 49 37 41 32  -  - 59 66 60 14 24 54  -  - 52  - 20 35  - 67 33 42  - 55  4 57 27 28  - 22 46  -  5 45 16 23  -  9
 46 13 21 41  9 32 34 36 23 59 56 33  1 48  -  7 27  -  -  5 62 57 68 14 35  - 58 64 44 15  - 39 50 31 53 38 60 47 54  - 37 29 65  -  2 51  - 11 28 10 19 18 25 20 42 52  - 63 45  4  -  3 69 24 66  -  -  8  - 40
 15  -  -  -  8  - 39 49 50  1  6 37 23 10 61 66 64  9  4 62  -  - 17 32 47 65 13 34 53 20 35 14 48  3  -  - 24 57 63 31 69 26 19 16 28 33  5 21 27 40 44 60  - 56 51 29 36 67  7 45 22 46  - 52 11  2 30  - 59 70
 45 55 53  -  -  - 28  - 27 38  7  - 18  -  -  4 19 21 30 40 16  - 26 36 10  1  - 63 52 54 67 42 46 66 17  -  -  - 29  - 23 35  - 69  - 25 31 44 56  - 15 61 20 47 13 11  9 62 48 68 51 32 59 60  - 64  - 24 50 34
  - 58 17  - 60 48 10 27  - 56 31 61 54 45 57 34 11 24 65  - 64 32 20 38 39 44 67 23  - 13  7 66  - 42 22 21  - 14 47 49 25 37 43 40 62 18 26 69 50  - 51 35 59 70  -  - 63 12  6 15 19  -  5  2  8 41 36  - 16  -
 10 31  6 18 62 38 59  8 28 49 17  2  -  -  - 58 22 68 27 20 34  - 47 12 11 64  3  - 65  - 42 32 67  - 14  - 35 48 19 43 66  4  - 39  - 40 15  -  - 24 45 46 37 21 60 70 44  -  5 29  - 23 61  - 52 50 54 16  9  -
 17 49  - 44  1  -  6 59 36 35 40 26 43 16  - 12 65 37 52 47  4 69 25 30 19 66 20 62 61 46 11  - 45 51 15 33 56 50  9  2 21 57 42  3 55 39  - 32  - 68 14 10  - 64 24 54  - 22 29 13 58  - 48 27 41 23 53  - 34 28
 11  6 58 52 27  8 17 21 61 46  5 66 34  - 56  - 62 31  - 44 23 14  9 45 18 49 39  7 32 12 37 26  -  -  - 68 33 51 38  - 50 20 48  -  - 43  - 53  3 65 57 13 16 24 25 60  2  -  -  - 29 40  - 47  - 15 67  - 19  -
 35  - 65 60  6 27 69  - 59 61 25 43 45 44 39  - 26 56 63  - 49 64 24 37 13 19 36  3 66 23  4 48  7 21 31  - 54 22  - 33  -  -  -  5  8 38 70  9  - 18 42 52 10 34 14  - 55  - 28 46  - 53 20 58 62 47  - 17 12 41
 42  -  3 24  4 12 66 51 10 57 39 16 49  1 44  -  - 23 14  - 15 18 28  6  9 54 43  8 69 64 65 53 37  2 19 45 13 67 46 55 58 52 30 22  - 21  - 38 62 26 34 47  - 11  5 36  - 31 40 50 70 20 56  - 61 17 29 35 60 48
 26 66  7  3 52 35 31  -  -  -  - 11  - 29  - 13 10 20  - 12  -  - 54 58 34 50  - 18 45 69 24 59 51 30 23 19 57 61  - 36 46 42 70 56 21  -  9  5 49 41 43 48  -  6  - 16 40 47  - 44  - 55  - 62 64 53  -  -  1  -
  -  7 49  - 55  - 47 37 40 18  8 50 42 24 14  9 57 61 59  - 36 23 27 26 43 58 41 70  -  - 31  - 11 19  - 56  - 21 10  - 35 17 66 13  - 29  - 63 38  -  - 15 62 32  3 34 16  - 67 22 28  4 12  5 30 60 51 48 33 46
  -  8 25 17 36 40 30  - 24 66 43  -  7 13 52 68 20  -  - 41  3 56 38 50 51  - 32 37  - 11 59  - 47 55 42 69 19 12  - 14  - 27 10 65  - 35  - 49 22 21 61 58 45  - 54  -  -  4 15 16 23 34  -  - 29  9  6 31  -  -
  -  - 16  8 30 17 20  - 25 43 23 21 32 54 22 65  -  4  -  7  - 49 60  - 24  3 69 48 29  1 46 50 41  - 67 55  - 40 57 18 53 59  5 70 11 27 33  2 34 36 28  - 42 31 35  - 51  -  - 12  - 45 13 37 38 62 52 26 63 47
 59 24  - 16  - 31  9  - 13 22 44  4 26 70 27 18  6 48  - 23 37 61 14 25  5 38 64 15 68 35 49 55 10  -  - 20 17 46  - 52 62 60 12 36  -  -  - 40  -  - 54 33  8 50  1 42 47 28  -  - 57 65  3 63 58 34 43  - 66 53
 50 26 62 43 68 41 61 12  4  2 28  -  -  - 37 17  -  5  -  1  7 66 33 35 20 25  - 19 58  - 54  - 70  -  -  - 46  9 15 59 52 30 64 47 29 34 49 57  - 13 32 42 40 69 63 51 56 23 22  - 10 11  -  - 45 67 60 39 14 16
  -  - 14 19  - 52 32 35  -  -  -  -  5 47 40 59 42 25 24  - 11 10 67 56 50  -  - 49 37 58 61 46 39 23  - 27  -  4 26  - 34 45 60 15 57  - 21  6 13 66  1 55 63 36 17 62 29 16 31 48 53  - 30 38 51  - 33 18 68 44
  4  9 64  - 20 63 35 53 37  - 11 57 41 69  - 46 54 36  - 66 59 40  -  -  1 48  - 60  - 14 23 21  - 67 62 51 30 52 32  3 13 55 28 29 24  - 45 10 31 42  7 25 43 16 18  - 58  - 17 47 33 27  6  -  - 12 50 15 39 38
 40 12 39 22  - 61  3 56 62 30  -  - 64  - 10 20  -  -  1  9 29 24  - 19 37 53 60  -  -  2 52 28  6 41 48 57 44  - 11 47  4  7  - 33 17 14  - 27 67 70  - 59 55 43 69  8 25 34  - 18  5  - 16 32 23  - 46 21 49 36
 33 30 48 40 16  6 19 60 17 28 53 65 67 58  -  -  - 49 54  3 24 36 70 69 62 18 46 61 43 39 14 35 57 63  - 29 41 25  -  1 22 44 27  -  -  - 34 47 59 11  - 51  9 23  -  4 20 21  -  -  7 37 10 15  -  - 26 66 52 32
 12  -  - 35 40  -  - 16 58 69  -  - 60 20 19 24  - 54 64 51 25  - 18 52 68  4  - 45 38 57 27  3 33  1  8 42 10  - 50  -  9  - 26  6  -  - 53 46 32 55 22 65  - 67  -  7 37  5 13  - 62  - 44 41 14 43  - 47 36 29
  - 60  - 38  - 47  - 19  5 42  - 13 40 51 31  8 67 28 18 10 68  - 22 54 15  - 30 50 39 55 32  - 59 12 46 23 45 11 43 27 49 41 69  - 44  -  - 56 63 16 65 29 17 58  - 24 66  9  3 25  - 35 70  -  - 36 62  -  -  2
 49 18  -  - 37 70  5  -  2 45  -  - 36  4  - 62 52 22  - 65 44 35 39 68 28 10  - 56  3 31  - 24 58 59 20  - 14  - 21 13 33 32 25 26 16 69  -  -  - 64 40  - 46  1 50 17 11 38  8  - 43 67 19 51 27 42 47 41 57 15
 13  -  5 11 57 20 22 30 56 60  1 53 24 28 51 31 44 47  3 33  - 38 59 40 70  8 49  4 67 62 41 43  -  -  7 10  - 36 18 69 39 46  - 25  - 45 65 48  - 54 16 12 52 55 23 66 32 35 37 27 42 63  -  -  6 21 58 50 26  -
 69 56 35 21 32 19  -  - 48  - 27  3  -  -  - 38  9 51 55 46 33 11  - 23 44 30  5 52 36  4 62 47 66  7  - 50 40 16 24 12 70  - 34  - 54 42 59 61 39  - 17 20 29 25  6 58 15 14  2  1 45 64 37 28 57 26 13 60  8 63
  - 45 66 51  - 44 12 29 43 33 59 70 55  - 28 23  - 53 21 64  - 48 65 11  - 63 57 42  6 61 47 37  - 54 18 16  4 10 62 24 40 34 58  2 39 46 27 22 36 25 52  3 32  - 38  -  1  8 35  - 69 56 15  - 31 20 19 67  - 50
 47 46 20  - 61  7 27 28 18  - 14 25  2 33  1 55 53 57 60  -  -  5  -  - 22 12  - 44 42 26 64 36 31 43  - 35 29  3  - 38 17  -  -  - 65 56 50 54  -  - 48 39  6 13 16 19  - 11 21 59  - 62 45 34 63 68 69  9  - 24
 54  -  - 25  - 51 15 24 55 67  - 23  3 43  4 63 30  - 41  - 60  - 69  - 26 31 11 22 21 50 68  -  -  - 29  1  -  -  - 16  -  -  6 10 35 66 57 19 52  9  8 32 56 38 37 28 53  - 39  - 64 44  7 46 36 48 59  - 47 17
 34 40 68 42  7  2 16 26 49  -  -  5 28 30 43 22  4  -  - 18 45 60 31 10 64 56 35 27  -  - 20 57  1  - 50 11 37  6 61 51 32 23 52 24 36 53 12 15 65 17 70  - 47 66 41 38  -  - 25 14 48 39  -  - 44  3  8 69 29 58
 19 29 38 12 41 45 44 20 51 10  -  9  6  - 30 53 15 43 68 50  2  - 66 47 25  -  - 40 16  5 48 60 55  - 52 18 36 56 39 22 24 70  - 32 14 26 13  3 11 31 63  -  4 49  7 21 35 46  - 67  -  1 54 33 17 69 64 58 61 37
 68 51  - 64 14 33  4 38 21 36 20 40 15  3 13 44 23 35 46 43 41  - 49 24  2  -  - 17 31 27 39 10 30 53 26 70  6  - 34 50 55  -  -  1 59  - 42 18 69  - 47 37 65 19 67 12  - 56 62  5 32 66  - 16 28  8  9 57 22  -
 51 36 27 65 42  - 57 62  1 47 33 46 12 34 66 48  - 52 50  - 70  8 29 63  -  - 54  6 26  - 40 64 23 61 59  -  7 44 20 58 10 68 11 67 15  - 24  -  4  3 49 45  - 22 53 13 21 32 18 38  -  - 60  - 43 28 31  - 41 39
  - 41  2 59 17  - 68  - 29 24  - 18 11 42  -  -  - 67 34 55 51 62 44  1  3 52 66 28  -  8 36 12  - 47 35  5 27 63 53 54 57 33  -  9  -  - 37 58  - 19  - 26 30 14 32 39 50 13 65  - 31  - 21 64 69 46 38  - 40  -
 41 67 42 61 19  - 24 23 60 20 13 34 70 32 15 40  3 65 44  -  - 46 37 66 52 11  6 31 48 38 43 18 25  -  5  - 16  2  8 64  -  -  - 55  - 59  - 29 45 62 36 22 12 26 49 69 14  - 33 57 17  -  1  - 54  -  - 63 30 21
 60 39  -  - 44  - 18 41 33 40  - 54 22 25 34 19  - 26 51 14 57  1  - 64  - 47  2  - 15 63 30 16 42 27  - 67 48 31  7 17 56  - 32 12  -  6 55  - 37  - 53  9 66 45  8 49  - 43 50  - 65  -  4 23 13 38 11  - 46 35
