3920
 14 60  - 55  8 37  9 35 19 22  -  - 67  - 57  - 17 61  2 16  -  - 45 31  - 38  - 40 54 47 33 58  -  -  -  - 15 41 18 42 51 50 68  3 39  - 52  - 10 69  -  - 13 63  - 66 48  4 44 43 46 25 20 12  7 59 24  6 65 64
  1 18 55  3 45  -  2  7 13 10 57 25  - 46 36 26  - 19 12 44  - 21 62  5 65 66 29 42  6 27 30  8  - 70  -  - 64 33 43 20 61 48 52 58  - 56  - 11 59 39 32  -  - 47  - 34  - 35 17 24 50  -  - 28  9  - 38  - 51 53
  -  6 32  - 22 13 12  - 27 17 38  - 42 39 53 60 69  - 35 43  - 28 10  - 57 55 40 30 31 56 51 18  9 21  7  - 44 25  3 66 65 62  2 23 34 14 58 68  5 63  - 16 37 46 52 41  1 20  - 50 15 45 49  - 36 67 11 59 24 70
 11 23 34  1  - 40 58 49  -  -  - 22  - 63 70 37 24  9 36 27 42 61 19 18 59 33 55  -  - 41 17 54 60 68 31 56 69  5  -  2 25  - 26  -  - 44 45 39  - 67 13 29 38 14  -  - 35  3  4  - 53 65 15 43 10 48 51 57 16 30
  - 28  2 33  -  - 43  - 54  8 16  -  -  - 13  6 27  -  -  -  - 29 38 57 26 64 48 50 40 66  - 14 21 22 17  -  5 36 51 49 52 30 18 12 35 34  - 62  -  - 61  - 70  3 15 19  - 65 47 25 20  - 23 41 59 53  4 44  -  7
 19  5 35  7 64 68  -  8 45 15 60 41 53  - 59  -  2 52 69  3 30  - 22  - 16  - 14 18 26 20  - 28 38 31 34 44  4 21  - 29 39 63 61 13  - 43  - 10 70  - 55  - 40 67  - 12 66 36 49 33 27 46 58 56 11 37 57 54 17 24
 22  9  - 49 20  - 54 33 51  2 53 12 31 45 28 58 34 25  3 21 24 16 59 14  - 15 69 27  - 64 48 61  - 13 35  5 41  1  -  6 55 46  7 67 36 47 65 37  - 50  - 60 30  -  8 29 38 66  - 57 63  - 10  - 44 11 39 42 68 23
 68  -  - 53 18 70 63 46 40 26 20  2 25 30 24  8 15 21 47  5 49 43 41 67 11 22  4 48 50 55  6  - 16 45 69  - 39 62  7  - 31  - 54 34  9 59 17 36 65 10 66 33  - 27 51  - 52  - 42 44  - 35  -  3 32  - 58 12 38 28
 31 10  -  - 27 69 15 13  7 63  5  -  8 49 52 56 42  4 48  -  9  2  - 11  -  3  - 36 45 57 20 59 58 37 32  - 28 65 61 47 43 64 39 50 26 38  -  - 66  -  6 14 18 62 41 25 44 54 51 34 30 21 46 22 53 68 12 55 29 35
  - 35 19 43 52 20 40  - 36 47 45  -  -  -  6  9 64 11 67  - 61  4  2 33 28 50 65 44 24 68 29 16 66  -  8 12  - 57 23  3 42 41 63 27 38 17 31 53 56 51 48 25 10 49  - 22 62 13 14 58  5 69  - 21 70  7 34 46  - 32
 37 16 43 62 61 59 64  -  -  - 24 67 45 47 27  1 44 18  - 42 39 56 35  - 41 19 53 68 38 46 60 50  8 34 10  6 63 49  - 32  - 66 70  5  -  3  - 15  -  - 52 51 17  - 22 69  2 11 13 36  -  7 26 20 25  4  - 14 54 21
 46  -  - 32 23 42 55 68 69  5 31  4  -  8 20  2  - 62 43 38  -  7 26 30 14 12 52  - 53 16 67 64  3 54  -  -  - 39  -  - 10 70  -  - 11 57  -  6 33 36 65  - 66 61  - 37 60  - 21 35 17  - 59 15 28 18 56  9 13 25
 49 56 30 15 70 53  - 43 46 48 39  - 52 69 17 47 51  - 44  - 37 36 21 41 31  4 57 58 64  3 16 42 11 19 66 29 12 20  - 45 34 22 62  - 65  6  - 50  2 61  -  - 67 40  - 14 33  7  5  - 23 68 54 63 24  -  -  -  - 10
 39 66 64 50 17 12  - 25 11  4 54 14 15 29 60 34  - 10  - 22 28  - 33 42 46  -  2  -  - 59 37  7 36 26 56 21 43 38 62 55 68 24 57 30 44  - 19 70  - 48 53  5 31 65 69  - 27  - 32 49 35  3 41 51 47 13  9 18  8 67
 44 20 66 47 31 33 35 16 34 49  -  7 56 25 40 64 19  - 62  - 32 57 55  -  - 53  -  -  -  2 43 21  - 23 52  -  -  3  -  5 60 69 14 54 28 67 42  -  1  - 10 50 29 17 45 59  - 68 70 61 26  4 12  - 46 22 41 51  - 63
  2 12  3 35 28 15 69 24  -  - 33  - 58 55 43 38  - 47 51 41 62  - 57  - 34  - 39 23 25  - 64 32  1  -  - 50 45 63 16 65  - 61 17 29  7 40 22 14 60  -  4 26  - 70 30  6 19 21  - 18 56 31 13 37 48 54 66 49 59  -
 35 33 48 36 58 11 37 53 22  9 21 64  - 13 29 30 59  -  -  2 23 10 67 50  4 39 62  8  5 18 38 43 14 40 70 63 46  - 28 51 15  7 32 55 24 68 44 61  -  - 57 66 45 16  6 31 49  - 25  -  1  - 47 27 20 52  - 19 34 41
 65 41  - 17  - 50 56 67 55 18  - 32 19  7  - 16 37 39 60 23  - 48 61 63  5 30 59 31 68  -  8 20 57 33 54 62 53 47  -  -  1  3 42  - 51 29 36 43 22 21 58 70 27 69  - 28 10  - 64 46 12  6 35 45 13  - 25  - 26  -
 57 59 29 31 16  - 39 11 10 37 28  - 18 67 19 49 23  3 15 20 27 45 24 55 51  - 56 60 21  1 65  - 17  - 50  - 48 44 26  - 62  4  8 41 52  - 63  - 53 58 22 47 14 68 43 36 13  - 54  9 38  - 34 69  6 25 42  2  5 40
  5 48 23 34 37 47 21 31  2 66 51  - 14 56  -  - 26 58 22 46  - 64 28 60 49 45 61  - 57 43 13 65 35 38 11  8  1 30 20  - 17 42  6 68 69  4 18 41  -  7  3 54 24 10 25  - 16 63 12  - 32 44 67  9  - 36 50 53 39  -
 38  - 70 24 14  6 32 20 61 45 46 53 37 40 54 10  - 49 25 60 29  -  - 59 30 43  - 16 11  8 42  -  - 56 18 67 51  - 65 52  3 13 21  - 17 39 55 35 23 27  7  4 58 50 28 33 15  - 57 48 31  - 68  1 19 66 63  5 64  -
 24 64 12  - 60  - 17  -  - 70  7 23 59 18 65 67 39 42  9 56 68  8  - 10 61  1 46  - 28 29  - 44 37 66 53 26 38 27 63 40  5 54 48  6 49 13  - 31 35 62 34 21  - 41 16 20 36 22 11  4 51 14 25 55 43 50 19 33 69  2
 67  - 44 14  - 66 30 48  - 11  2 16 55 59  5 63 32 17 38 34  1 69 46  - 58 40 35  6 27 49 52  -  7 24 26 22 31 15 25 62  - 68 36 10 20 50 54 60 57  8 45  - 53 12  - 21 23 18 56  -  4  -  9 29 64 42 28 43 70 33
 47 70  - 59  9 10 52 22  - 61 44 36 57  6  3 39 20 60 32 62  8 51 15 40  -  -  -  - 14 33  - 24 18  4  2  7 34 43 45 30 58 16 50  -  5 48 26  - 28 31 23 37  - 42 35  - 11 27 41 56 29 38 21 25  - 17 46 13 67 12
  - 29 13 22 55 57 28 39  - 52 69 19 49 50 46  -  3  - 17 33 51 27 20 48  - 59  6 38 10 44 47 62  -  5 68 37  - 16  -  - 53 21 25 66  1  9  8 56 61 23 35 58 11 32  -  -  -  2  -  - 14 40 42 30  4 65 60 15 45 36
  - 65  1 57 35  - 46  5 25 54 26  -  - 53 63 43 31 41 28 58 44 20 68  -  - 16 15 59 47 11 40  - 55 36  -  - 61 17  9  - 38  - 30  7 12 22 37 24 49  - 18 52  -  6 48  - 14  8 10  - 66  -  - 33 21 19 70 62 42 39
 53 25 18 41 46  - 16 37 38 57 40 31 61  -  - 66 65 24  6 26  -  5 49  - 43  -  - 10 39 50  - 11 63  8 21  - 35  - 54  9  - 28 69 59 14 15 64  -  - 34 12  3 20 58  - 62 17 42  - 55  2  - 27  -  1 45 33 36  4 52
 56  -  -  8 63  9 13  -  6 39  - 18 35 22  - 50 29  - 68  -  7 54 11 49 37 34 70  -  - 17 36 69 20 12 65 15 16 60 10 67 57 43  - 33  - 30 62  - 26  2 31 53  4 21 46  3  5  - 28  - 19 32 24  - 42  - 23 25 44 47
 59 53  - 45  1 60 44 12  4 55 11 61 26 58 25  - 68 16  - 49 15 33  8 69  -  - 10 46 32 54  - 29 51 41  - 20 50 24  2 36 35 34 13 38  -  - 14 48 47  5  - 39 23 43 64 30  6 56 52 62 40 37  -  - 22  9 21 63 19 66
  -  2 40 61  -  - 70 62 52 41 13  -  - 57 42 29  - 50 10 55  - 68 31  7  8 26 32 53  -  4 69 67 48  -  1 18  - 54 15 23 49  - 33 20 37 25 27  - 16 28 51 59 36 11 60 45  3 39 35 17 44 34 66  - 12 24 22 30 56  9
 36  - 24 12 41 61  - 55 33  - 27 68 43  -  -  -  -  -  7 15  - 70 66  -  - 14 20  4 51 32 50 30 62 44  -  - 56 59 39 17 11  1  - 16  - 19 13  - 34  - 69 18 21 54 29 52 26 40 48 42  - 23 37 53  2 58 49  - 57  6
  - 50 49 64 30  - 61 26  8 51  -  - 39 17 38 13 70 69  - 28 20 44 43 37 36 29  7  2  -  5  1  - 47 25 42  3 19 23 35 34 54 31 16 11  - 53  4 12 58 40  - 46  - 55  - 15 22 52 45 59 33 24 18  6 60 10 67 32  - 62
 10 42  -  4 19  -  6 58 17 64 15 11 28 34  -  -  9 35 31  -  5  - 52  - 12 27  -  7 44 37 66 55 70 30  - 24 21  2 56 22 67 14 41  1 33  8 25 69 54 60 38 23 39 29 65 13  - 43  -  - 68 20 32 49 50 16  - 61 46 57
  - 32  - 23 59 17 66 61 47 56 10 51 21 60 45 28 35  - 63 31 33 38 29 43  - 48  -  -  - 14  -  2 54  1 67  -  - 58  -  -  -  -  -  - 42  - 46 52 44  -  -  -  -  9  - 64  8  - 27 68 25 15 55 65 37 34  - 26  - 16
 25 58 28 60  -  -  - 56 43 40 59 21  9 64 55 46 41 70 19 57 53 67 47 44  - 69 50 39 13 22  -  4 68 49 20  -  -  - 48 37 24  2  1 51 54 16 30 17 42 45 29 61  7 34 63 18 12 33  -  6 65 11 36  - 66  5 32 31 23  -
 20 43  - 52  7 65 38  2 59 30  4 66 46 21 51 17 56 26 37  6 63 24 25  1 68 58  9 34  -  -  - 45  - 27 57 48 22 64 69 11 32  - 23 35 13 10 70 28  - 54 67  8 19 60  - 55 47 16 39 53 49 50 14 40  - 15 62 29 33 44
  - 69 46  - 54 22 67  - 44 19 62  -  - 12 50 55  -  - 49  - 21 30 17 70  - 32 63 33 58 31 45  -  6 29  -  2  -  8  1 35  - 57 60 43  - 41 38  - 15  - 39  - 52  4  - 47 53 25 68 51 11 28 16 23 61 26  7 56  -  -
 23  - 53 70 48 16  - 52 66 28 22  - 36 42  4 65 57  5 29  -  - 37 54  -  - 24 12 14 18 61 58 35 27  2 55  -  9 45  - 56 13  - 34 63 30 64  - 46  -  - 44 41 50  - 26 67 68 31 69 40 62 59 11 10 51 21 47  3 32  1
 48  - 60 63  6 34 41  -  - 25  - 52 22 24 10 54  - 12 33  - 59 50  1 32 44 56 66 67 19 15  - 70 28 65 43 14 26  -  -  -  - 29  9 61  - 36  2 55  8  3 47  -  -  - 17 42 45 53 16 23 64  - 39  7 38 40 69 58 18 31
 18 22 59 42 32 14 19  - 16 65 58  3 38 62  -  - 21  - 56  -  -  - 27  - 23 25  - 35 33  - 49 63 46 48 41 31  -  4 53  -  2  5 66 60 70  1 68  - 30 24  8 36  - 44 13  7 50 34  6 12 55  - 61 57 45 43 17  -  - 29
  6 30 14 51 36  2 26 21 15  - 61 33 13 10 32 41 50  1 42 59 22 40  5  - 24 11  - 12 35 52  3 39 56  - 48 27  7 70 67 28 64 53 44 46  8 55 69  -  4 65 60 17  -  - 47 49 31 62 58 20 37 57 63 66 16 29 45 23  9 43
 61  - 22 68  -  - 57  -  - 44 32 63  1  9 69  -  - 27  8 47 52 49 18  - 21 17 31  3 34  6  7  - 42 50 30 11 37 13  - 70 12 25 67 45 23 51 56 20 48 46  -  -  - 59 53 35 64 19 66  2 60  5 38  -  - 41 16 65 36 26
 62 51 15  - 10  - 27 70 60 33 17 39 11  - 26  -  4  7 64 32 66  - 42  - 29  - 22 54 56 45 28 53 43  - 12  - 14 67 34 13 23 47 24  - 25 63 21 40  9  - 50  1 69 37 19  -  -  -  8  5 41 61  - 46  -  6 20 16 48  -
  - 11  - 20  - 25  7 63 14 32  - 56  5 36 68 69 46 44 16 70 64 34  - 53 42 37 43 29 62 13  - 22 49 15 19 39 33 61 47 48  9 58  4 40  6 27 23  - 50 41  1 31 12 30  - 17  - 38  3 67 52  - 28 18  -  2  - 60 10 45
 60  -  7 21  4  -  - 34 68 62 41 48 23 27 22  - 40 15 14 54 31 46  - 52  -  - 18  5 16 58  2 47  - 67 61 49 55 66 19 44 37 17 38 53 10 69 11 29 13  1 26 63 42  - 33  -  -  - 20 70  -  -  -  8 57 12 36 50 28 56
 43  7 27 13 44  - 50 10 35 60  1 30 40 31 37 11 47 65 39 24 25 63  - 45 17  - 41 66  9 23  - 48 52 42 51 32 57 68 12  8  - 15 19 22  -  - 59 58  6 49  - 38  - 20  - 54  -  - 67  - 36 18 69 61 26 70  2 34  3  5
  - 54 20  6 57  - 48  - 50 46  9 55 24 38 49 52 36 37  - 18 13 39 69 27 35  -  8  1 12 65 44  5  -  - 14 58 67  - 66 61  - 59 22 25 53  2 15 19 63 68  - 43  - 26  - 40 70  - 60 29 34 62  4 16  - 33  - 10  - 17
 41  8 39 26  - 35 65 64 56 23  - 59  -  5 61  -  7  -  -  4  -  - 34  2 25 42  - 69  1 60 27  - 12  - 22 33  3 55  - 15 28 36  - 24 46 70 50 49 62 19 20  - 51 31 44 16  - 67  9  - 18 29 57  - 58 63  -  - 43 54
 45 19  6  - 39 43 36 38 48 27 64 29 65 66 15 70 25 32 34 35 11 23  - 56 47  7 13 49 69 62  -  -  - 63 33  - 68 18 17 46  4 26  - 21 40 52  - 16 37 20 14  -  - 22 31  - 42 28  - 54 24 58  8 67  3  -  5  1  - 50
 32  - 41 25  -  5  1 42 37  - 70 28  6  -  7  4 12 63 50 29 40 11 58  -  - 57 17 13  2 34 23 49  - 53 62 47 20  9 30 60  8 51 10 15 61 18 67 44  -  - 64 22 33 48 56  - 59 46 26  - 69 16 43 35 54 31  -  - 66  -
 51 17 16  5 13  8 45  - 21 29  3  -  - 48  2 61  1 57 46 39  - 14 40 62 22 44 30  - 36 67  - 41 33  7 59  4 60 69 27  -  - 23 55  - 50 66  - 47 25 35 56  -  - 52 42 10 34 49 31 32  9 26  6 70 68 20  -  -  - 38
 66  - 51  -  - 62 68 57  - 16 42  5  7 52 35  - 14 45 54 50 41 65 39 21 67  - 58  -  - 25  - 31 10  - 64 53 30 37 59  1  -  9 29  - 19  - 32 38 11  - 27 13  3 23 40 48 20 15 24  8  - 70  - 44 33 61 43  - 63 34
 42  - 52 66 11 58  - 36 41 50  - 57  4 68  - 25 43 23 24  1 46  -  7 39 69 10 34 28 17 21 22 56  -  -  6 65 49 40  5 16 14 38 35  -  2 32 61  8 64  - 59  - 47 33 70 63  -  - 53 19 45 27 51  - 29  3  - 67 20 55
  3 52 10 11 25  - 23 17  - 12 18 54 66 41 58 35 53  -  4 67 56 55 37 16  9  8 45 26 63 19 39  6 30 64 44  - 24 34 42 43  - 27  5 14 59 65 57 32 20 38 36 40 62 28  2  -  7 48 33 60 47  -  - 31 15 46  - 70  1 61
 12 36 45  -  5 39 29  - 67 21 68 44 20 33 41 19 30  - 55  -  -  - 13  8  - 70 49 24 23 38 62 46 34 57 16 17  - 28  6 31 27 52 43  - 22  -  - 51  3 64 37 56 26 66 11 53 63 50 18  -  - 47 65 42 40 69  1  7 60  4
 58 21 25 44 15 31  - 29  - 69 63 42 16 54 66 18 33  - 61  9 57 41 53 36 60 62 23 56 52  -  -  - 50  3 37  - 70 32  - 38 45  - 59  -  4 20 48  - 68 22  5 34 65 64  -  1  -  - 46 47  8 55  7 19 67  - 13 27  6 51
 50 14 31 38 67  - 22  6  - 13 52 62 33 44 30 21  - 51 57 17 65  9 48 15 64 23 47 61  4 36 34 25 69 10 45  - 29 19  - 68 56 60  - 26  - 12  - 18  - 11 16 32 35  8  7 39 58 70 63  3 54 53  -  2 55  1 59 41 40 20
 33 63  9 16 29 46 47  - 64  - 23 15 44 20 39  - 61 34 65 66  4  -  - 51  6 54  - 70 37 30 11  - 22 43  5 52  -  7 21 59 26  8 40  - 56 45 53  -  - 14 19 67 32  -  3 57 41 69 38 28 42  1  - 13  - 62  - 48 49 60
 28  - 47 37  - 67 25  - 18  1  - 49 62  3 12 27  -  - 66  - 17 32 60 34 50 61 19 15  - 26  9 23 59 69 46 57 52 35 13 41 16 40  - 70 64  7 20  4 51 33 68 48  6 36 39  5 21  -  2 31  -  - 53 14 65 44 55  8 30 58
  -  - 68 10 42 29  - 59  5 67 36 47 17  4 31 45 13 28 20 52 38 26 63  6 19  -  -  - 48 40  - 33 15 35 25  1 11 53 70 50 18 37 58  - 32 46 66  - 14 12 41 64  2  7 23 61 43 60 55 30 39  -  3 34 62  - 65 69  - 49
  -  4 50 48 12  -  3  - 63 53 34 17 54 61  - 51 55  6  1 68  2 35 56 66  - 20 60 65 70  - 21 38 40 58 23 46 36 31 49 18  -  - 45  8 16 37  5 26 43 15 28 42  9 19 14  - 24 59  - 39  - 10 62 11 41 30 64 47 25 13
 63 68 38 69  -  - 60  4 29 43 35 13 27  - 64 42 66 36 41  8 70 17 32 54 62  - 16  9 49  -  5  - 61 20  -  -  - 14 57 26  - 65  - 52 18 21  -  2 40  -  -  - 59  - 10 44 67  - 23 22  -  - 33 39 30 47 53 45 31 37
 17 26 37 39 49 54 42  -  - 20 19 65 64 70 11 44  6 29 58 40  - 31 14 12 13  2 21 43 66 63  4  1 45 59  9 55 23  - 24 10 48 35 53 56  - 60  - 67  - 57  - 15 46 51 34  8 69  5 30 27 16 36 52 32  - 28 61  -  - 22
 30 62 33  - 68 19  - 65 70  3 50 34 48 15  1  - 38 46 18 69 12 60 16 13 54 49 42 21 29 53 25 26 23 51  -  - 66  6  - 27 36 67 20  9  - 28  7  5 52 47 24  2  - 45  - 11  - 14 61  - 10 43 31 59  - 55 44 17 22  8
  - 37  8 27  - 49  -  - 23 59 47 10  - 32 14  7 18 66  - 45 69 22  - 28 15  6 33  - 41  - 26 40  - 46  4 16 17 48 68 53 50 20 31 62  - 54  -  3 36 43  -  -  - 13  - 56 55 30 65 11 58 64 60 38 63 39  - 24 35 42
  -  - 57 56 34 51  5 44  -  - 67 46  -  2  - 20 22  - 13 64  3 19 70 68 53 41 25 45 30  - 14 36 39  - 60  9 18 10 38 12 66 11  - 49 15  -  -  - 17 37 43 28 55 24 50  4 61 23  - 69 59 33  -  - 52 32  -  -  - 27
  4 61  - 19 66 26  8 23  - 38  6 20  - 43  - 53 10 55  - 12 36 13  3 65  - 63 44 17 22 70 31 60 29  - 47 54 40 51 58  -  - 33 15 28 45  -  - 21 67 59 49 69 64 18  5 50 46  - 34 37  7  - 56 24 14 57 27 35  2 68
 13 15  5  -  2 36 53  -  -  - 43 69 32 16  - 12 49  - 70 65 18  3 50  - 20  -  1 25 59  - 10 52 44 61 63 51 62 11 31  4  -  - 28 39  - 24 41 45 46  -  - 35  8 38 54  - 29  - 22 26 21  - 40 60  - 23 37 66 27 14
 69 40 56 46 65 18 31  -  - 14  8 43 70 51 33 36 63 68  - 10 60  1  4  - 32 13  5 64 20 35 12 34  2  6 49  - 47 26  -  -  7 45 27 42  3 11 29  - 39 16  - 44  -  - 61 24 54  9 37  - 67  -  - 50 23 38 30  - 52 48
 15 13 65 28 69 55 49  -  9  - 25 45 41 23  8 33 52 30 53 51 26 58  6 35 40 18  3 32 67 42 59 68  4 11 24  -  - 29 22 39 21  - 47 31 63 61  1  7 27 66 54 62  -  5  - 43 56 37 50 16 70 48 44 36 17 64 14 20 12 46
