3920
  - 39 45  - 36 21 70 61 66 65  1 41  - 60 25 23  -  - 54 12 20  -  - 67  - 33 38 63 49  -  9 44  2 48 15 31 14 26 32 68 34 52 53  - 35 62 50  -  - 40 18 42  3  - 28 37 30  - 69 27  -  4 11 57 13  5 17  7 46  -
 11 14 60 69  8 32  4 35  -  5 66 37 55 58 13 40 18 52 49 42 22 51  - 45 38 39  - 34  - 19 12 24  6 10  - 47 43  - 48 16 25 53  -  3  - 33  1 15 65 26 30 50 27 36 31 63 59 57  - 68 62 56  -  -  -  2 41 46 28 61
 64 17 46  - 23 19 38 66  4 62 24 70 67 61  -  - 12  - 14  -  - 36 60  - 59  - 69 51 43 11 20 52 48  2  - 45 30 57 29  - 56 27 22 37 41  9 13 25  - 50  5  -  7 42  6 58  - 10 49 32 31  - 47 54  -  1 35 55 44  -
 12  - 50  4  6 13 31 37  8 22 56  -  - 54  - 35  - 15 20 60 18 43 63 58 46  5 51 64 59 16  - 33 61 29 68 40 24  7 39 52 49 25  9  - 28 47 17 41 14 27  - 48  - 23  3 42  - 69 55 45 34 70 21  - 66 10 44 53 65 26
 68  7 31 51 41 20 23  - 17  2 62 56 43 70  - 36  - 46  - 47  4 59 15 69  - 27 44 25 67  - 58 35 49 65 13  - 33 19  5 32  - 57 39 38  6 29  - 14 48 42 26 54 61 28 30  3  - 40 18 12 11  -  1 16 50 64 37 22  8 24
 40 59 68 22 21 69  8 32 46 25 43 35  4 23 39  1  -  9 33 10 28 60  - 42  - 16 19 65 47 53 15 11 13 34 58 20 61 44  6 38  - 36 26  - 12 57 64 52 17  - 70 41  - 56 63  - 29 14 62 37 50  7 48 27 45  - 51  3 55  2
 22 53 14 26 39 59 30 56 65 29 45 21  -  4 12  -  -  -  - 63 15  8  6 46  - 60 47 16  3 49  - 62 51 32  -  - 10 41  - 54  5 28 55  9 64 67 69  - 19 43 50  -  - 34  1  -  - 23 37  2 18 66  7 31  -  -  - 24 70 38
 54 45 44 49 33  - 58  1  - 55 22 34 66  3 59 48 43  6 69 52 27  - 14 20 51 24 42 19 13 47  - 53 12  8 67 23 70 50 38 62  - 40 64  -  - 61 65  -  4 16 63 29  9 32 10 46 17 36  2  -  -  - 41  -  5  - 26 60 11  -
 32 18 41 39  - 63 68  7 23 47 10 61  -  -  - 11 17 60 51 22 50 26 29  4 12  9 25 48  6 64  -  8 56 37 14 67 34 45  1 30 42 38 19 27  - 20 55 66 59 46 21 36 57  - 65 28 35 44 40 58  -  - 70 15 16 54 24 62 33  5
  - 49 26 23  - 44  6  - 11 45 57 17 42 10 60 67 61 22 68 38 33 37 41 24 14  - 50 47  - 39 32 58 43 56 69 21 27 31 52 13 53  8  3  -  9 54 30 12 62  2  7 51  - 46 20 34 48 64 65  - 15  - 19 66 25 40 18  5 36  -
 61  9 15 19 43  -  3 41  -  6 54  8 69 21 28 18 25 37  7  - 10 22 53 68 56 31 35 70 27 20 24 34  - 30 52  - 64 29  - 12 50 11 23 58  5 32  - 44 47 66 60 14 36  - 49 40  1 65 59  -  -  - 16 46 55 62  4 67 38 42
 45 34  7 43 50 40 49  - 27 59 32  - 26 14  1 54  -  - 10 58 51  6  4 21 64  -  - 46 37  - 23 20  - 62 16  - 25 65 42 15  - 69 33  - 48 12 29 35  9 28 67 24  - 39 70  2  5  3 19  - 17  -  - 11 36 57 47 68 41 56
 24 70 53  - 42 52 12 22 29  -  5  7 10 62  - 37 26 38  -  6 48 50 56  - 65  -  -  2 41 23 67 28 39 45 59  - 57 61 15  - 51 55  8 49  - 40 46 36 64 68 17 25 30  - 47 43  - 16 14  3 54 20  4  1 44  - 69 35  -  -
  - 27 29 46  1  - 37 18 62 14  - 64 12 59 23  3 19 47 36  - 35 38 10 26  2 15 31 55 52 42 70 67 68  - 48 22  - 40 21  - 44 39 45 32  - 17  - 51 56 34  4  - 20 66 41  8 16 28 58  - 57 11  -  6 24 53  - 33 61 49
 57 36 35 44  - 26  - 39 31 48  -  5 58 24 46  -  - 70  - 18 52 65 25 61 29  3  - 62 19 32 64 56  - 60 37  6  - 34 22  4 21 67 69  - 63 68 43 20  - 13 42  2 45  -  7 16  8 50 53 54  1 23  -  - 59 51 55 38 49 10
 25 65 59 11 22 46 26 62  6 34  - 24 13 33 29 19  - 57 38 35  -  - 32 28  -  - 16 56 42 21  - 31 20 58  8 61  - 39 53  -  1  2  7  - 15  -  -  3 18  -  - 55 44 12  9 52 50  - 10 49 67  -  - 43 70 47  - 63 66 68
 48 15 12 42 60 61 63 55 24 20 17 49 46 38  - 65  - 18 30  8 69 19 39 10  - 59 52  -  - 45  4  - 44  - 50 51  - 25  3  7 66 68  6 43 29  1  - 28 36  -  -  -  - 35  -  9 64  - 22 53 27 54 37  - 33  - 11 57 62 67
 56 43 54 64 37 62 19 50 10 33 52 25 16  - 67  9 53  2 18 48 58 12 35 41 40 11 24 20 68 51 63  - 17 44 42  -  6  3 65  1  - 45  - 30 32 70 31  8 28  - 34  - 60 15  4 69 13  -  - 21 47 29  - 55 26 22 23 66  - 46
 10 22 24 63 45 33  -  - 20 43 70 67  7  - 42 16 50  -  - 11 23 29 44  - 53  - 58 66 32 25  - 59 40 51 34 12  - 14  -  - 30 26 49 46  4 27  - 18 68 56 57 64 55 54 15  5  9  6 28 17 39  - 38  -  - 48 36  -  - 47
 17  - 51 50 54  8 41  2 57  - 11 27  - 69  9  5  -  3 44 29 19 16 36 70 25 47 21 68 46 37 13 18 35 53  7 14 23  - 10 22 15 24  - 20 59 34 40 32 31  - 28 56 62  - 45 33 55 12 60  - 52 64 66 42  4  -  1 30 39 65
 69 60  3 21 56 30  - 31  - 39 37 63 25 16 48 32 42  -  - 54  - 20 68  - 47  - 17 61  9 65  2 36 19  - 55 64 58 27 18 57  - 41 62 11 70  - 59 23  7 33 51  - 38  5 43 53 40  -  -  - 49 14 28  4  1 66  -  -  - 45
  - 13 10  - 25 36  -  5 53 57  - 68 22 66  - 44  8 12  2 28  -  4  -  - 70 34 39  - 40 61 16 49 45 20 18 15 41  - 30  -  -  1 24 63 37 50  7  -  - 17 29 58 69 19 64  - 26  -  - 65  -  6 56 14 62 33 42  - 51 31
  7  - 23  -  -  6 56 14  - 11 49 55  - 64  - 34 52 16 15  2 40 63 62 38 37 46 57 45  5 66 35 42 21  - 60 54 68  -  - 26 41  - 59 28  - 18 12 58 10 65 48  3  -  - 67  - 51  -  1 24 53 43 33  - 47  4 50 32  -  8
 50  8 30 61 58 29 67 51 70 60 25  9 11 39 40 12 45  1 56  - 49  -  2 31 21  - 66 44 57 27 42 15 26 18 62 19 53 33 63 59 16 32 10  - 20 24 14  5 46 38 43  7 37 48  -  6  -  - 35 36 28 13  3  -  - 65 64 17  4  -
 62 10 40 13 12  -  5  - 37 44  - 16  3 53  -  - 15 28 63  1  9  - 26 65 23 42 34  7 45 59 17 69 14 49 56 46  -  -  - 70 35  -  - 22 66 19  6 64  8 52 25 39 24  - 27 38 20 67 32 41 60  - 36 18  2  - 58 54  - 11
 14  - 27  1  2  -  -  -  - 30 69  3  - 28  - 56 32  - 37 44 53  -  -  9 52 67 64 23 12 18 10  - 66 40 31 43 46 63 36  - 54 20 57 65 11 45 33 55 70  - 59  - 16  8 51  - 39 22 61 34 25  - 60 47  - 68  6 58  -  4
 55 66 20 48 63  -  - 11  -  - 38  1  - 30  - 25 24 59 42  -  8 45 18 32 69 50  - 60  -  4  -  - 36 57 47 53  - 46  - 10  9 12 41 51  - 56  - 27  6 61  - 34  - 67 14 21  3  - 13 15  - 39 58 44 28 26  -  - 64  -
  - 56  5 25 29 16 65  - 15 51 58 28  8 67  - 70 33 27  4 39  - 17 37 36 22 62 13  - 66 44 46 48 18  - 61 11  -  -  -  3  2  - 47 14 43  - 19 24 53  7  - 12  - 68 52 23  - 30  -  - 38  -  - 21 63 69 10 42 54 40
  - 21  -  - 14 64 28 40 30  9 20 57 33 37 69 45 35 62 48  7 46 55 24 54 68  - 18 42 36 34  -  5 60 11 53 38  - 16 70  2 52 44 13 39 65  4 66 31  -  8 27 23  6 61 26 10 25 51 29 56  - 63 59 22 49  - 15 19 47 58
  - 64 17  8 31 37 46  - 49 16 59  - 38 47  - 43  - 32 25 19 61 66 27 63  1 29 28 36 10  7 57 50 67  - 26  -  4 18  - 14 48 51 44 55 23  - 54  - 11  - 52  - 39 69  - 35 22 70 56  -  -  9  -  - 68 45 40 41 24 53
 15 62 69 24 27  -  - 53 38 40 63 59  - 41 18 61 30 44  1 68 60 21  3  -  9  - 67  - 64  8 33 12 34 52 39 32  - 58  2  -  - 29 65  7 46 55 57 54 50  - 23 49 10 45 35 22 56 31  6  - 36 28 26 19 43 14 70 11 42  -
 65 37 19 15 11  - 62  - 47  3 31  -  -  -  5 50  - 66 43 20  1 10 40  2 55 53 48  - 61 28 45 22 41 69  - 56  9  - 51 34  - 18 46 70  -  -  -  -  - 60 39 27 14 30 33  - 63 52 68 44 12 58 54  - 42 36  7 21  6  -
 36 26 61  7 51 22 35 43 52 46  3 20 28 11 10 24 58  4  5 66 29  - 67  - 33 69  1 32  -  -  -  9 38  -  6 62 19 21 47 37  - 70 42 12 53  - 44  2 63 48 16 57 34 18 40 27 23 15 17 59  - 55 25 65 41  8 45  - 30 64
 66  - 64 58  -  - 51 38  - 13  - 45 40 43 53 20 70 31 23 57  6 11 17 15 54  - 68  - 29 24 27  -  9  7 41  8 44  - 56  - 55 35  - 26 14 37 42 33 32  1 10 21  - 62 16  - 36  4  3  - 59 47 39 67 18 49 61 69 48 63
 44 54  8 68 24 45  - 20 32 61 21 51 14 27 57  2 22 69 62 41 66  3  - 50 26  -  4 38 35 46  - 70  - 16 17  -  - 12 55 67 39  5 37 64 34 11 49  7  -  -  -  - 48 58 56 47  6  - 36 42 43 19 31 29  - 60  -  9 40 59
 41 16  - 52 32 53 69 68 36 27 23 65 19 15 17  6 20  -  -  - 54 70 66 55  3 49 37 67 21  - 62 39 42 26 57 44  -  -  - 33 14 46  5  8 56 48  4  - 35 59 38 43 29 63 25  1  -  7 45 13 22  2 51  - 40 50  - 28 10 18
  - 58  - 29 48  2  -  -  9 67  - 66  -  6  7 21 63 17 47 24 68 33  -  - 30 57 20 31 14 13 36 43  5 22 40  -  - 70 12  -  3 56  - 16 60 65  - 53 42 51  8  4 46 49 62 15 32  - 41  -  -  - 52 50  - 38 28 26 35 55
  - 25 58 28  - 42 59  -  -  8  4  - 31  - 52  -  1 30 61 51 36 64 23  5 45 56  - 41 16  6  - 32 50 39 33 35 38 62  - 65 27 54  - 24 55 60 15  9 26 21 66 22  2  3  - 49 14 29  7 48 13 67 68 70 17 63 43 20  - 57
 16 55  -  9 69 49 25 58  -  - 64 10 18  7 37 38  -  - 32 56  3 62 51 53 48  -  - 17 11 54 43 60  - 14 46 36 31 24 28  - 19  - 35  2 44 13 39 42  -  - 41  -  -  - 50 30 27  - 20 63  4  1 15 26 57 29  - 65 21 33
 58  3  4 35 67 31  - 10 21 53 26 60 70 48 50 30 68  - 24  -  - 18 42 39 49 38 15 37  - 17 66 23 62  -  -  - 54 59  - 40  - 43 27 44 52 46  - 29  5 63  9  -  -  - 36 14 47 20 51 11 16 33 69 45 56 34 19 64  - 25
 47  2 66 53 62 38  -  4 55 35 29 39  -  -  6 41  - 56 16  - 34  9  5  - 17  - 27 28  - 48  -  - 30  - 24 50  3  1  -  - 63 58 18 68 13 22 36  -  - 14 33 67 49  7 59 64 37 11 57 51 40 15  8  - 32  - 20 23 45 70
  - 51 70 57 64 35 24 13  - 12  - 48 44 63 32 28 34 54 52 31  - 56 16 30 27  6 43  4 50 22 14 66  -  5 45 33  -  8 49 61 23  7  -  - 47 15  3  1 39  - 55  - 42 20 69  -  - 53 11 62  9 68  2 60 65 18 67 25 26  -
 26  - 48 20 35 39 13 49  3 15  9 14 36 42  -  -  7  - 53 17 37 34 61 47 58 52 41 40 33  - 29  - 59 21  - 25  - 23 16 46 11 65  - 31  -  - 63 67 57  -  - 69  1  -  - 68 66 45 50 18 24 27 22 64 10  -  - 51 60  -
 28  5  2 55  -  -  - 23 33 21 42 52 35  -  - 60 51 68 31 43  - 53  - 59 10 40 65 39 48 67 49 27 64 50 20  9 22  - 34  - 17 37  -  - 57  - 24 70  1 29 32 26  8  4 44 61 15 19  - 38 46  3  - 41  - 12 16 13 58 69
  2 11  - 67 70 24  1  6 68 54 41 42 27  -  - 53 44 36 39  - 64  - 59 49 62 43  9 57 56  - 47 61  7 66 10  -  - 38 60 25  - 17 20 50 40 28 21  4 29 55 13 45 15  - 23 48  - 46 63  - 33 35 34 69  - 19 12  - 14  3
 31 32 57 62 18 55 29 45 13 68 14  - 15  - 11  -  - 25 66  -  -  - 46 52  - 35 36  - 65  1 26 37 24  3 44  - 49  - 19 53  6 47 50 17  -  8  9 22 60 58  -  -  -  - 42 59 67 38 70 64 48 40 10 28 51 27  -  - 69 16
  - 69 33 66  - 12 34 46  -  -  - 32 50 55 38 15 60  -  3  - 26 41 57 23 31 51  - 14 22 43 30  6  - 28 36 16 18 49 24 48 40 19  - 21 17 59 58 65 52 45 53  - 68 10 61 39  7 56 67  1 70  - 44 25  - 42  - 47 63 29
  1  6 52 31 34 14 60 47 41  - 44  - 57  2 51  - 10 65 27 33  7 42  - 25  5 37 45  - 63  9  -  - 70 61  3 24 39 66 43 58 26 15 12 35 49 53 28 59 54 30 36 68 18 29 22 19 62 32  4 55 20 46 50 23 11 67 21 48  - 13
 70 20  9 65 53  1 14  8  -  - 15  2 34 29  - 42 46 10  6 59 44  -  -  - 18 64  7 26 62 69 55 51  -  -  5 49 36 43 23 17 38  - 25 60 24 52  -  - 61 32 12 30  - 40  - 57 19 13 16  - 41 22 63 58 27  - 39 45  3 66
  3 29 62 54 38  9  - 33  - 41  - 22 32 65 26 31 47 67 13  -  - 44 45 56 20 66  8 10 39  - 59  - 25 70  - 55 60 53 27  - 69  6 36 23  -  - 34 63  - 18 40 11 64  -  -  7 28 43 42 14 37 51  - 68 21  - 48  1 15 52
 19  -  - 18  4 11 43 67  7 64 51 54 21 45  -  8 13 35  -  9  - 57 48 14 44 55 33 27 38  -  3 25  - 23 63  -  - 28 17 41 59 62 15 10  -  6 70 68  2 36 22 16 47  1 24 56 46 34 12 66  5 52 29 30  - 32 53 39 37 50
 39 35 63 10  - 28 32 27 42 66  - 29 59 17  3 13  9 21 22 37 11 23 47 18 19 70  -  - 69  -  -  - 16 33 65 58 52  -  -  -  4 49 54 53  1 64  - 46 55 20  -  8 67 57 38 41 44  -  -  7  6 24 30 40 34 25 62 50  -  -
 35 33 28  - 17 56 36  - 39 31 53 44 49 25 55 47  2 11 65 14 12 24  1  -  4 48 10 13 30 40  5 63 58 43 19 41  7  - 64 18 20 22 60 62 42 38 45 16  3 15  6 61 50 37  8 66 69 54  - 57 29  - 67 51 46 21  - 70 23  -
 42  - 21  5  - 43 40 70 60  7 61  -  6 49 24 39 37 64  - 25 45 27 55 48 57  2 32 52 23  - 50  1  3 41 51  - 59 22 11  -  -  9  - 33  - 30 38 34 66  - 62 15 28 65  -  4 12 26  8 47  -  - 35 53  -  - 63 14 29 20
 63 52  - 70 40 10 42 64 12 24 46 18 56 68  - 22 39 51 41 15 21 49 65 44  7 58  3 35 25 29 61 13  - 67 32  4 26 17 57  - 60 30 16  1 45  -  -  - 33 53  -  - 43  9 19 11 34 66 38 28  8  5  -  - 37 59 14 36 27 62
  5 46 18 41 49 17 10 48  - 23 67 53 30 19 14 66 28 40 57 70  -  1 34 33 50 54  2  6 24 62  7  3 31 36 22 39 29 15  4 55  - 42  - 61 27  -  - 11 69 37  - 47  - 38 21 12 58  9 26  - 35 59  -  8 60 43 52  - 56 32
 20 68 36 45 19 70 39 34  - 56 28 11 60 32  8  - 69 41 55 67 30 13 21 62 63 61  6 15  2 14  - 54 27  - 49  - 16 51 66  - 57 10 38 40 22 42 18 17 58 35 47 65  - 52 29 44  4 24 33 26 64 53 23 59 48  9  - 12  5 37
 38 30  - 16 57 15 66 26 45 42 13  - 47 40  - 46  3 58 59 36 39  2  7 29  -  - 70 53 17  -  8  - 63  -  1  - 28 20 37 23  -  4 14  6 69 31  5 10 51  9  - 32 19  - 60 62 33 18 24 50 44 34  - 49  -  - 56  -  -  -
  - 23 32  - 61  -  - 42 16 36 50  -  -  9  2 49 67  7 34 21  - 69 28  - 41  - 62 12 31 33  6 46 22  4 29 66  -  - 54 43 68 63 58 48 18  3  -  - 15 70 24  -  - 59 39 45 53 60 64 30 51 25 14 10 19 17  - 37 13 44
  4 63  - 12 13 41  7  9  1 52 19  - 37 51 27 29 55 39 45 16  2 28 31  6 35 14 61 18 58  - 11 65  8 42 66  - 48  - 59 56 64  3  - 54 36  - 22 62 43  - 69  -  - 70 32 67 68 25 23  5 10 57 46  -  - 20 33 49 34 60
  8 47 25 36 68 60 22 19 67  - 35 62 23  - 20 27 64 33 46 53 70  5 38 51 24 45 40 69  -  3  -  - 32 17  2 59 56 13 26  - 65 34  1  - 10  7  -  - 44 49 58 18  4 14 11 50 21 61  -  9  - 48 42 63 12  - 54 43 57 39
 59 42 56 27 52 65  - 30 48  -  6 15  9 36 44 63 11  - 50  4 31  - 22  -  -  - 23  -  - 70 28 68 10 55 21 18 66 37 14 35 47 16 51 34 62 58 41 26 13 64  -  -  - 60  - 25 43 39  - 33 45 32 53 38 29  3  2 40  7 54
 51 61 42  6 44  - 50 69 14  - 36 47 45 20 16 26  - 55 17 62 24 25  - 12 60 23 53  9  7 38 31  - 37 54 43  3 15 64  - 19 13 59  2 41 67 35 52 48 27 11 68  - 56 22  5 29 57 21 39 46 65 18 49 33 30 28 66 10  -  -
 34 24 37  -  - 23 27 52  -  1  - 38 62  -  -  - 49 29 58 46 63 14 30  3  6  -  - 22  4 60 48  7 54 64  9 10  - 42 50  8 70  -  -  5 26 51 67 57 20 47 61 66 11 43 53 31 45 33  - 40 32 41 65 12 15  -  - 44 18 19
 23 41 65  3 66 27 15 36 56  -  -  -  - 22 45 52 62  - 70 50 25 31 12 13  8  7 63 33 34  2 69  -  1 59 30 26 21 10 35 64 28 14 67 42 51 39  - 40 38 44 37 19 58 11 17  - 49  5 54 16 68 61  - 32  6 24 46 29  9 48
 49 57 22 37  -  4 45  3 59 58 60  6 68  8 15  - 27 14 28 69 47 32 50  1 43 36  5  - 51  - 38 26  - 25 54 29 42  2 67 39 62 33  -  -  -  - 11 56 40  -  - 52 35  - 48  - 70 41 66 10 21  - 24 61 23  - 13 34 20  7
 60 38  1  - 16  - 33 15 44 18 65 19  2 34  -  4 56 42  - 40 14 58 43  7 28  - 59 24 53 52 41 29 55 68  - 27 51  -  -  5 61 21 63 66  - 23  - 47 49 22 46 37 13  - 57  - 10  - 25  -  -  8 20  3  - 39 31  6 12  -
 67  1 55 59 28  - 18  - 34 26 48 33 53 31  -  -  - 49  -  - 32 61 52 22 42 44 46 54 20  - 39 64 15 38 11 69  2 36 62  6 12 60 21  -  -  - 10  - 37  5  3  - 23 41 13 51 24  - 43  - 19 65  9 35  7 70 30  8 50 14
 18  4  - 14 30  3 64 54  - 38 16 36 39 12 58 59  6 45 26 34  - 46 69 17 32 10 22 11 15 56  - 47  -  9  - 70  - 35  - 27 33 23  - 13  8 63 68  -  - 57  1 28 51  - 66 60  2  - 48 29 42 37 40 62 20  7 49 31 53  -
  - 44 13  - 65 58  9 24 40  - 27 31 64  - 49 51 23 43  -  - 67  7 70 37 15 28 26 29 18 57 34  4 33 19 38 63 45  6 69 36 46 66 48 25  - 41 56 39 22  - 14 17  - 16 55 54 61 42  - 52  2  -  - 20  8 35 68 59  1  -
