3920
  - 31 64 67  9 45  6 60  5 32  2 13 14 51 29 28 66 30  -  - 23 12 25 37  8 35 43 41 24 65 22 40  -  - 56  3 52  - 61  7 18 63 70 53 36 39  - 49 21  - 47  4 58 27 15 46  1 59 20  -  - 10 55 68 44  -  -  - 34 19
  -  -  3 64 48 26 68  - 32  5  - 53 41  -  - 36 12  - 34 63  - 70 67 16 33  - 22 52  -  - 59 35 60 38 21 11  -  4 44  - 24 25 29 54  1  2 27 39 37  -  - 49  - 20 40 50 31 69 13 57 66 55 10 17 58  -  8  - 14  7
 18  - 55  - 30  - 10 41 16 64 69  3 57 58  1  5  2 63 45 29 49 53 22 52 60 33 39 40 35 44  4 21 19 62 13 23  - 70  - 50  -  - 46  6 48 66 31 37  -  9 28  - 56  7  8 43 51 42 38 12 17 26  - 65 47  - 34 36 27  -
 35 30 54 21 53 29 32 16 24 38 70  -  3 47  - 20  - 58 62  - 56 34 43 27  - 11 45 13  - 64 52  1 44  8 61 18  7  -  -  5  4  6 48 55 23 17 59 19  - 26  2 57 33 14 22  - 40 46  -  - 65  - 69 63 36 37 12 49  -  -
 32  8 23 63  -  - 50 37 45  6  5 54  - 48 19 12 51 28 46 35 38 47 41 31 11 61 57 18  - 20 29 62  3 10  2 59 67  -  - 33 21  - 49 66 56  7 39 43  - 64 17 27  4 53 70  -  - 13 24 69 15  - 14 40 26 30 16  1 68 60
 14 49 41  - 43 69 44 11 33 53  - 35 29 66  -  - 17  6 47  5 21 61 64 19  - 67  - 54  - 42 18  4  7 39 22 38 68  - 62 30 48  -  1  -  - 15  3 60 23 46 55 70 24 26  -  - 58 32  - 16  9  -  - 50 12  - 56 51 36 28
 56 64 11  1 21 13 37 35 23 42  - 46  - 26 66  - 16 39 24 22  - 28 31 50  4 41 19 67 55 53 69 43  -  - 63  2 59 57 25  -  3 29 15  -  9 68  - 40 61  5 60  - 14 18 36 32 45  - 48 30  - 65 49  7 38 54 27 34 58  -
 37  4 45  - 19 18 40  - 51 25  -  -  6 27  3  -  7 22 50 64 44 57 10 43 65  - 48  -  -  - 46 23 53 58  - 52 30 20 41 66 39 60 11 15  8 42 55  -  2 24 33 13 59 31  - 28 49 26  - 54 36 16 32 61 14 67  - 21  - 12
  - 40 68 18  -  - 57 12 14  2  6  - 43 69 63 38 33 10  - 36 20 55 46  3 61  -  - 62  - 29  - 59 17 44 16 27  - 58  - 35  - 64 32 65 67 47  4 66 15  7 26 24  -  1  - 39  -  - 19 11 51 34 54  -  -  9 53 42 25 48
 25 42 27 69  5 36 53 62 50 12  - 65  - 28  - 57 21  -  - 66 31  - 24 35 23 48 58  -  2 70 39 37  - 47 46  - 54 29 49 17 40 19 30 56 41 26  - 67  6 51 52 63  9  8 64 38  -  -  1 13 32  - 61 45 22  - 10 43 16  -
 63 62  7 60 59 43 39 42 19 23  - 32  4  2 50  9 45  - 37 46 66 65 47 26  -  - 17 56 57 67  5 28 35 54 10 34 49 52  - 68 58 14 22  - 70 29 24  - 36 15 21  -  3 38 16  1 53  6  - 41 25 11 64 18  -  - 30  - 31  -
 53 57 62  6  3  9 29 46 15  7 68  5 51 54  - 21 55 31 63  - 60  1 20  - 70 42  - 47 40  - 27 49 59  - 36 13 33 65 22 37  - 35 28 45  2 24 19  - 14 23 30 11 48 69 58 56 44 12 67  -  4 61 52 32 18  8 25  - 41  -
 34 70 12 19 54 27  -  - 65 45 49 52 38 32  - 10 68 53 57 11 17 46  - 29  - 44  -  3 21 15 24  7  8 61  9  - 56  - 47 59 51 16 14  5 55  4 69  1 48 62 20 58 67 22 13 60 33 66 30 35 31 37 42  - 50 39 36 25  6 43
  - 59 43  - 13  - 16 67 63  - 42  -  - 29 18 26 20 44  -  - 36  3 19 69  - 24 70 64 52 28 37 54  -  6  4  7 62  5 12 47 50 61  8 49 11 33  - 46 17 40 32 38 25  -  -  -  - 30  - 14 23 68  -  9 45 53  - 27 65  2
  -  - 60 51 39 35  8 66 38 57 33 10 69 43 54  3 46  4 67  - 47 24 32 56 48 22 41 16 58 14 15 17 27 20 12 61 18 49 19  -  - 62  2 37 26  - 40 52 64  -  - 36 34 28  -  6  -  -  -  -  -  9 63  - 30 59 13 11  1 50
 59 51 29 70 33 58 47 44 34 61 26  1 48  -  -  - 13  - 53  - 35 49 38 39 14 32 60  - 19 22 30 11 43 37 65 36  4  - 55 12 41 54 56  7 10 40 25 68  - 16  - 20  - 67 42 24  6 18 15 64  2  -  3 28 23 69  - 57 52  9
 19 15 34 39 58 14 31  9 59 47  - 68 20 67 25 35 41 18 29  - 37 54 52 22 69 13 38  - 70 66 65 10 49  3 40 42  - 26  -  - 44  7  -  8 24 30  2  - 60  4  -  - 36 46  - 27 32  -  - 55 21  5 11 62 63 28  1  6 12 23
 29  - 63 14 64  2 28 68 25 50 16 48 65  - 38 31 49 59  - 55 34 11  4  - 27 12  5  7  - 39 47 30 61 70 19  - 37 35  - 32 60  - 40 58 62 18 56 51  - 20 66  - 54 13 24 26 57  - 17 36 43  8 53 52  - 23  - 33  - 44
  - 21  - 66  - 54 64 52 20  9 15  - 22 11 37 45  -  -  -  - 32 58 61  -  -  -  -  - 41 26  6 67 57 68 55  - 47 42 29 53 62 46 31 25 27  8 28  2 38 17 36  7 16  -  - 48  - 49 23 34 40  - 13  - 10  1 24  3 50  -
 62  -  - 41 45 70  -  - 35 27  - 22 28  - 46 33 44  2 25  -  1 69 26  8 58 43 21 29 11  5 17 55 34  9 24  - 15  - 48  4  - 20 42 14  -  - 53 54 52  3  -  - 63 30 39 40 68 56 16 18 38 50 59  - 51 10 37 23  - 65
 16  -  8 13 56 28 41 31  6 59 18 11  -  -  - 43  -  - 26 47 39  2 54 61 37 58  - 34  - 38 40 44 24 35  -  - 22  - 36 14 42 27 60 30 29 20  7  5 67  - 51 15  - 64 25 19  - 63 46  1  - 57 23 48 53 55  3  9  - 69
  7 16 69 52 34 10  9 39 18 43  4 59 12 14  -  -  8 36 22 54 45 37 62 68 40  6  -  -  -  - 38 19 28 50 31  - 42 30 60 57 35 17  - 64 58 13  - 47 11  - 24 53 51 33 21 25 66  - 26 15  3 41  1  - 32 20 29 55  - 70
 28  -  9 29 27 30 65 54  8 46 44 47  -  -  - 34 10 50 35  2 64 38  1 40  - 53 68  6 26 48 55 61 32 51 33  - 69 22 13 16 12 58 59 42 57 23  5 21  - 49 41  - 70 25 31 67  -  3  - 60 56 43 18  - 24  - 20 14 19 37
 47 43 39 27 66  - 14 28 44 11 58  -  7 24  -  -  - 25 18 13  3  8  -  - 54 70 26 57  - 46  2 52  -  - 30 19 16 56  -  1  -  - 35 41  -  9  - 33 31 34  - 50  - 51  6 61 37 10 36  - 69 48 38  5 49 22 42 60 40 67
 68  5 52 54  - 31 34 14 28 35 66 49 23 40 47 39 67 19 48  1 16 30 11 21 51 56 44 60 13 17 12 24 36  4 59 41  6  - 70  -  8 69  9 50 25 32 20 57 33 58 27  3  -  2 18 62 64 22 55 37 46 45 65 38 15 29  - 53  - 42
 39 41  - 30  - 11 43  - 48 70  8 25  -  - 61 19  -  3  -  4 62 59 14 18 16 17  - 27 53  6 51  - 31  - 23 46  - 24  - 34 37  - 44 38  -  - 45 26  - 13  - 55 42 32 35 29 20  9 69 28 52 22 58 64 54 63 33  2 60  -
 49 66  - 17 55 68 19  - 47  -  3 58 63  6  - 15 40 43 69 41 11  - 59 45 57 38 10 61  - 32 48  - 37 36 44 21  1  8  9 52 26 53 20 70  - 31 65 18 39 25 62  - 22 29  - 12  -  2 42 51 64 33  - 14 60 27  - 50 24  5
  - 58 13 34 24 16 49 40 12 66 38 26 45 33 31  - 36 46 68  6 29 23  2 32 56  9 50 10 47 43 20  -  1 52 28 54  - 18  - 48 14  8  7  -  - 11 15 70 69 30  - 21  - 39 59  4 19  - 60 62  - 25 37  - 35  5 44 22  -  -
 41 52 33 46 37 42  1 57 64 17 19 28 59  7  - 48 32 20  5 24 18 62 45 51 25 50 55 44  3  8 68  2  - 29 53 66 21 38  -  - 27 65 69 63 35  - 14 16 12 36 23 34 13 15  - 22 26 11  9 31 54 70 47 60  4 58 61 67 56  -
  - 35 18 65 52  7 42 13  - 26  - 63  - 16  9  - 64  -  - 20  -  6 49  -  -  - 61 59 22 21 50 57  2 55 25 14 51  1  - 11 45 30 12 33 44  - 29 69  4 54 46 10  - 37 28 70 17 31  3 24 48  -  - 23 40 36 58  8 43 34
 44 23 24 28 47 48  5  - 54  - 25 55 31 36 64 66  - 32 20 68 46  - 21 11  -  -  - 45 69 40 35 58 51 14 26  -  -  3 16 60  -  - 18  9  6 10 22  - 57  -  -  - 38 19 27  8 56 70  - 42 41  -  -  - 61 65 52  7 49 15
 61 12  5 26 70  - 55  - 40  - 11 24 62 42 34 53  - 57 10 69 43  -  -  9 35 27  - 49 14 18  1  -  4 65  3  -  2 21  6  -  - 66 68  - 63 51  - 38 41 29  - 28  7 60 33  -  - 47  - 52 20 17 15 25 48 56 54  -  -  -
 22 18  1 10 41 38 60 53  4  3 37 14  -  -  - 64  -  - 17 30 69 25 58 55 45 54  - 32 31  2  8  - 15 49 66 20 44  - 57 70 28 52 21 47  - 63 26  -  - 11 35  -  -  - 67 59 12 33  -  -  -  - 51 42 29 43 50 39 48  -
  6  - 40 62 61 25 52 45 42 28 41 51  2 50 60 22  - 12 31 27 59 36 68 46 38  7 32 58 30 34  -  8 69 56  - 15 53  -  1 64 54 33 39 67 16 35 66  - 19 10 70 65 21  3 44  -  9  5 63 23 11 18 43  4 17 26  -  - 47 55
 60 46 21 40 62 37 24 22 41 58 54 43  - 44 45 70 47  -  - 38 48  - 50  - 29 52 18 33 65  - 13 25 23  - 51 26  - 16 11 42  9 67 36  - 19 28 12 14  - 66  5  - 69 10 55 64  -  7 32 61  1 27 34 39  - 68 15 56  8  6
 51  - 19 23 17 62 21 58 31  -  -  7  -  - 41 42 56  - 28 65  - 29  - 57 59  -  -  2 27 54 64  - 39  - 48  8  - 67 26 61 34 24  - 35 69 12 49 10  - 63 50 45 47  - 32 33  4  - 18 46  6 13 36 44 25  - 38 16 15 20
 66  - 61 25 26 67 45 59  2  -  1 30 10 21 68 46 52 48  - 44  4 19 42 70 55  -  -  - 63 12 16 65 20 18  6 43  - 64 27 38 17 28 57 11  5  - 54 22 51 56 29 35 37 49 23 41  -  -  -  9  - 47  - 58  8 24 14 31 69  3
  -  - 14 68 57 34 25  1 53 19 45 33 58 13 59 32 22 15 16  8 24 20  9  - 67 23 27 30 56  7 42 31  - 48 69 12 38 47 18 36 10 11 62 44  -  - 21 35 65  2  4 26 46  6  - 49 52  - 39 63  - 64 50 41 55  -  - 37 54 66
 12 38 57  9  - 59 63 27 55 24  - 36 18 70 58 69 48 40  7 19  - 10 37  2 50  - 54  1  6 62 31  - 14 28 45 49  - 43 51 29 15  - 34 13 53  3 47 61  - 41 44 67 64  - 11 17  - 65 22 68 30 42 33 16 39  - 21  - 20 52
  8 29 22 15 23  - 51  - 26  -  9 45 34 65  -  -  - 27 54 10 33 21 28  5  - 63 24 38 36 13 25  - 40 17  -  - 41 44  -  - 69 37 61  - 39 55 50  - 43  - 16 64 18 57 52 58  -  4  6 20 14 49 46 19  -  7 48 30 66  -
 45 11 38 48 40 21 18 34 29 56 28 69 44 20 53  - 50  - 66 52 14  5 55 25 19 37  - 43 32 24 10  -  - 67 47  -  9 23  3  -  - 59 26 68 15 65 70  8 27 31  1  - 35 16  4 36 13 39 54  - 57 58 17 51  6 64 60 63 42  -
 30 48 49 44  -  - 56 19 46 13  - 34  -  9 52 51 28 16 55  - 63 26 40  -  - 64  - 39  - 25  -  -  6 33  - 62 11  - 15  3 20  - 67 61  4  - 60 29  8 35 14 23 66  -  2 31 43 38 27 45 24 21 22 59  - 50 68 17 37 32
 55 24 44  7 14 47 15 61 37  - 36 42 46  8 51  - 26 52 58 56  - 67  -  6  2 19 33  - 17 68  3  -  - 22 62 40 12 66  - 20 70 38 13 48 65 64 34 11 45 32 54 18 53 50 63 23 29 21  - 49 10 60 27 57  -  4 39  - 28  -
  - 44 32 58 63  6 46 50 56  4 27 66 68 30 48  - 15 21 36 49 70  7 35 54 31 47  -  -  - 23 34  - 42  -  5  - 55  - 43 69 33 22 38 24 28 52  8 45 25  - 53 39 26  - 51 10 14 19 12  3 59  -  -  1 67 17 41 64  9 18
 69 13  - 43 36 61 67 63  -  1 24 17 35 55 32 44 31 37 39 16  - 15  - 48 10  -  2 12 50 33  -  - 64  -  -  -  -  6 38 41  7  3  -  4  - 59 42  - 34 14  - 19 11  9 65 51  -  -  - 27 45 20  - 54 21  - 28 29 53 68
 23  - 42  -  - 41 70  -  - 20 30  8 64 17 69 52 24  9 59 57 55  - 66 34  6 65 29  - 15 16 19 45 25 26 54 10 14 28  2 13  - 39 27  - 18 50  - 63 58 12 61  - 62 47 56  - 38  - 37 67  5  7 44 33  1 48 49 35  3  4
  - 50 28 55  -  - 11  - 49 65  -  6 33 45  7  - 30 64  8 31 41 32 69 36 43  3  4 51  - 19  - 63 16 27 14 48 25  9  -  - 23 68  5 60 21 57 44 20 13 52 58  1  - 61 62 54  - 29 70 59 18 38  2 47 34 42  - 24 10  -
 17 55 25  4  2 53  - 29  - 15 61 56 16 59 49  -  -  -  - 62 50  -  8 41  -  5 23 21 28  - 63  - 47 57 70 37  -  - 20 67 31 51 10 69  - 45  -  6  - 42 11 46 65 44 43 18 36 27 64 22 19 54 60 34  - 33 32 12 30 35
 58 65 51 24 38  8 20  -  3 16  - 67  -  - 12 50 59  - 41  -  6 17  7 23 18  -  - 48  4  -  - 68  -  2 29 53 31 60 28  - 11 32 64 22 14 19 30  - 42 33  - 54 49 52 37  - 10 25 34  - 27 15 39  - 62 35  -  - 57 47
 24 68 10 45  1 65 48 43 58 39  - 61  - 60 23 16 62 29 40 18 13 35 70 64 15 36 28  - 33 31 67 50 46 32 20  5  - 11  7  -  -  2 54  - 52 22  9  3 30 38 25 59 44 56  - 42 69  - 51  4  - 12  6 27 19 57  - 41 55 17
 33  -  6 53 49  3 35  - 57 22 34 31  -  - 11  4 23 17  -  - 51  -  - 66  - 68 37  - 29 58 26 27 62  - 52  1 43 61  - 39 59 13 24 10 30 44 18 55 28 19 12  -  5 45  - 16  - 54 41  - 63 69  9 20 56  -  7  - 32 14
 10 60 35 37 11 63 33 48 67 52 13 23 26  - 57 55 58 54 65 53 12  - 51 42  7 20 25  4 44  - 70 46 22  1 38  9 40 17 34  -  2 36 16 18 66 14 64 31 49 45  - 56  8 68 19  3 47 28 29 32 61 30 24  6 69 21 43 15 59  -
 54 32 67 50 15 46  - 20 52 55 12  - 19 35 24  - 63 23  -  - 40 33  - 49  -  1 59 65 38 60 56 42  - 25 11  -  - 37 17 18  - 41 51 26  - 69  6  - 66 44 68  - 10 34  9  5 28  8  2 53 22 39 21  -  7 31 45 47  4 61
 46 53  2 42 51  1  3 49  -  - 59 41  9 34  -  - 38  - 15  - 30  - 44 24 22 10 31 26 12 35 36 14  -  - 32 70 27 45 64 25  - 55  - 21  - 61 62  4 47  8 57  - 19  - 54 52 48 50  -  6  - 29  5 43 20 13 67 18  7 16
 38  - 30  - 25  -  2  5  9 69 22 70 24  -  - 13 14  -  - 67  -  - 27 20 34 60 51 68  -  - 62 39  - 66  8 57 17 55 65 23 36 40 47 16 54 46 43  - 18  6  - 32 45 11  3  7 41 53 50 33 12 63 26 21 31  -  4 61 29 58
 21 56 53 22 29  -  4  3  1 34 35 50 27  - 26 24 60 11  6  7 52  9 13 30  - 14 20 19 37  - 58 64  5 42 39 68 48 69 59 15 65 45 55 12  - 62 41 17 16 47 43  -  2 36 10 63  - 61 49  8 44 28 57 67  - 25 70 32 18 54
 13 27 70 20 42 66 36  8  - 21 43 19 49 10 40  7  3 45 30 14 58 51 56 28 63 26  9 24 67 52  - 60  - 69 50 35 29 41  5 54 25 48 53 23 33 16  -  - 32  -  - 37 12 17 47  -  - 44 62 39 34  6  4  - 68 38 59 46 22 64
 50 33  4  -  -  - 38 17 36 31  - 16 54 22 55  -  - 41 51 28 57  - 48 13 26 29  3 42  - 47 32 15  9  - 67 58 24 19 69  8 52 18 37 62 12 34  - 25 68 65  - 44  - 63  1 30 11 23 14 66  7 46 56 53  -  -  2 45 21 27
  1 67 17 12  - 39 58 56 22 44 31 20  -  3 13 60 54 69 61 25 53 66 15  -  - 57 62 36  - 27 45 18 11  -  7 63  -  - 37 26 29  -  6 46 47 38  -  -  - 59  - 48 28  - 34  - 55 41 10 43  8  4 16 24  -  2  5  - 23 49
  -  2 50  5 65  4 54 24 30 51 57 64  - 53 14  - 18 13 44 17 61 52  -  -  1 59  7 25 34  9  - 20 21 15 41 60 45  - 46 49  - 23 33  -  3 27 16 36 63 68 22 42 39 55 69 11 70 35  8  - 37 19 12 29 28 47 31 58 62 40
 70 63  - 57 46 40  - 65 27 30 60  2  8  - 33 67 34 61  -  - 54 43  3 58 20  - 14  9 16  4 23 47 13 45 64 24 28 15 50  6  - 44 17 29 59 37 38 32 55 18  - 51  1  - 53  - 25 36 21  5  - 56 48 69 52  - 19 10 11 22
  - 34 20 33 68 57 69  6 17 48  - 15 32 64 21  - 35 56 19 59 22 27 39 12  3 28 16 14  -  - 60 29 63 41 18 55 10 50  - 65 30 26 25 36 42 49 23  7 40  -  -  - 31 24 38  -  5 58 47 44 53 52 66  2 13 51  - 62 46  8
  - 47  - 59 28 24 22 38 10 36 50 62 13 56 70 25 42 67 11 51 27  -  5 44 12 30  -  8 43  - 61 34 45  7 60 31 64 54 14  -  6  9  - 57 49 48 32 23 29 39  - 17 55 21 46 66  - 52 53 58  - 40 20  - 33 41  - 65 35  1
 64  3 46 38  - 56 13  - 66 40 17 29 39  4  6  - 43  8 60  -  9 16  - 59  -  - 34  - 10 57 33 22 50 31 27 69  -  - 30 55  1 47 63 28  - 41 67 42 70 61 48  - 52 54 12 14 62 24 68 25 58 35 19  - 11 32 65  - 26 51
 42 26 15  2 44 51  -  -  - 18 55  - 36 49  - 29  5  1 13 61 10 60 12 65  9 25 30 28  -  -  7  3  -  - 34 33 19 63 54  -  - 57  - 43  - 58  - 41 53 22 69  -  6 48 17 35 39 20  - 70  - 32 68 46  - 16 11 40 64 24
  4  - 37 36 31 44 17 32 70  8 40 57 25 39 30 18  6 49 23 34 67 45 33 47 24 69 42  5 66 55 11 53 41 13 68 64 60  - 52 58 22 21  3 19  - 43 61 28 62 48 10 29 50 35  -  -  -  1 65  -  -  2  7 12 16  - 51 54  - 38
  2  7 58  8 67 60 59 30 13 49 62 37 52 25 36 41 57 66 70 33 15  - 17  - 32  - 40  - 20 69  9  - 38 24 43 56  - 14 68 10 55 31 50  - 61  - 63 27 54  1  3  6 23 65  - 47 22 51 11 48 29 44  - 35 42 12 64 19  5 21
 57 37  - 11 16 23 30 69  - 62 21 40  - 46  4 59  9 34  3 15  2  - 29  1  - 18  -  -  - 63  - 51 67  - 42 17 65 32 33 28 19 50  - 31  - 25  - 64  - 53 38 61 27 12 41 55 24 45 52 47 70 66  8 10  5 49 22 68  - 26
 43 28 59  -  6 15 12 10 62 63 52  - 61 23  - 27 70 33  2 60  7 41  - 67 42 55  1  - 51 45  - 66 65 34 49 50 26 36 40  -  - 56 19  3 64 21 68 53 35 37  - 25  -  4 57 13 54  -  - 38  - 24 31  - 46  - 69  5 17 39
  - 10 16  3  4 50 26 23 61 14  - 38 17 68  - 49 69  - 27 43 65 42 34  7 64 46 47 22 18 11 54 48  - 53 15 32  -  - 56 24  5 12 41 52 45  1 37  - 44 28  -  9 20  - 66  - 30 57  - 19 60 67  -  8  2  - 40 59 33  -
