3920
  5 49  - 26 68 57 62 44 45 20 60 52  - 34  -  -  - 48 43 38 30 31 14 33  2  4 29 36 63  1 32 21 11 50 46 17 40 28 59 18 22 39  3 27  - 66 67 23 42 58 25 16  - 19 70  7 65 47 37 10 35 53  - 12 61 41  - 54  8  -
 41  - 46 39 49 69 14 62 56  - 68  - 65 32  - 47  - 13 50  6 34 11 40  -  4 38  3  2 59 70 66  - 30  -  -  - 24 31 36  - 15 54  - 17  -  - 10 29 22 52 19 37 57 27  - 21 33 25 45  1 23 61 58 16 55 42 48  -  -  -
 30 59 54 69  - 43 52 21  - 48  - 55  - 50 12 62 17 18  - 36 45 39 25  -  - 40 22 10 34  7 19  - 44 38 24  -  8 35  6 58 29 26 33 57 53 15  5  - 63 60 28 46 31 49  3  - 51 70 14 27  -  4 65 41 42  -  - 23  -  -
 57  8 70 10  7  -  6 32  - 61 40 39 24  - 53 56 41  1 21  5 18 28 58 67 38 42 52 37  - 22  2  - 13 33 15 11 54 19 55 60 46  - 69 20  -  - 16 63  -  - 59 34  - 26  4 48 12 17  9  - 49 31 47 64 66 50 44  - 27 29
 54 36  4 29  - 18 58 42 26  - 30 21 19 22 52  -  - 63  6  - 28 64 47 27 37 15 48  - 60 11 51  -  - 31  - 45 34 23 56  1 70  -  - 40 41  2  - 16 61  - 53  5 12 13 33 32 24 20 38 68 46 17 59  9 14 25  - 39  -  -
 70 51  -  - 12 14  - 48  8 15 57 47 26  6 29 32 61 23 10 20 36  -  -  - 16 30 41 65  2  4 64  5  -  - 22 52 21 53 42 13 58  9 59 24 56  - 46  - 17 37 62 19 55 11 35 31 44  - 67 63 50 18  1  -  -  -  - 34  - 27
 64 69 60 67  -  - 50 37 49 25  - 53 63 19 51  -  - 38  5 45  8  -  - 68 21 14  - 20  4 47 62 28 40 41 18  1 32 39  - 29 61 66 57 12 46 30 26 13 56  -  6  9 34 33  - 70 52 22 27 55 16 15  - 36 54  7 42 11  -  3
 37 47 27  - 16  - 56  8 43 53 25 57  - 65 64  - 32 24 62 59  3 19 13  - 26 11  - 31  - 33 54  - 22 34 58 10  -  5  - 20 38 60  -  -  - 46  - 45 39  -  9  - 66 69 17 55 61  6  - 18 28  -  7 44 35  - 51  2 29 49
  -  - 66  9 34 17 10 19  - 29 11 41 12 44  - 50 23 68 35  - 64 21 36 54 22  - 39 60 43  - 48 42 46 14 31  4 58  -  - 53  -  - 30  1  6  7  - 18  3 24 20 13 32 55  - 45 25  - 40  -  - 28 62 15 70 51  -  5 37 69
  -  1  - 60 64 23 17 45  4 12 16 68 21 59 31 49 51  -  2  -  - 42 28 65 58  - 46  - 69  3 24 53 18 56  - 55 61  - 40  - 27 25 48 13  5 26  -  6 36  - 52 15 50 39 66 44 47  7  -  - 29 32 70 57  - 38 37 33 34  -
 43 61 45 49 63  4  - 23 54 38 10  -  - 14 25 64 36 66 24 58 60 48 70  - 27  2  9 47 28 40  3  - 39  - 44 31 16 33  - 68 32 37 20 26  8 59 50  - 29 21 17 56 42 18 51  5 19 57 41 34 53 30  - 52 15  - 35 22 67  7
  - 30 13 61 33 60  - 59 37  - 51  7 31 11 68 55 14  - 54  9 24 20  3 23 65 53 36 50 58 57 21 47  5  - 42  - 10 25 29  -  6 34 35 15 22  1 70  -  - 12 44 38  2  4 48 28 16 32  - 67 56 46 26  8 39 19  - 64 45 62
  -  - 32 36  - 12  5  - 13  -  - 20 62  -  -  - 31 28  3 16 29  - 41 55 64 33 47  - 54  - 27 22  6 58  7  - 30 15 70 43 45 59 17 25  - 69 37 21 19 26 23  - 48 51 34 68  -  9  -  - 63 40  - 14  1 11  2 52 53  -
 60 10 33  - 67 24 43 61 69 51 19 37  3  1 45  - 26 39  - 50 22  -  5 32  - 66 44 70 57  8 28 48 35 12 30  - 18  - 68  - 53 40 42 16  2 63 21 17  -  - 41  - 11 54  - 58 64 13 59 62  6 56 52 31 46 15 55 38 14 34
 22 29 12 17 62  -  -  -  3 16 53 49 23  - 27 65 28 15 38 13  - 45  7 39  5 31 26 56 19 50  - 51 41  -  6 46  -  -  1 70 43 47 36  - 52 14  9  -  - 48 21 57 20 32 68  8 58  4  -  -  -  -  - 42 63 60 34 44  - 10
 49  - 11 64 43 10 59 31 55 58 27 13 60 66  4 25 62 44  - 24 15 29 63 50 34 23 65  - 17 37 41 14 68 42 53 32  -  3  - 26 51 18  - 30  - 54 12  -  -  - 61 47 67  - 38  - 40 19  - 70 48 20  8 69 56 28 21 46 36 39
 40  4 64 55  - 68 49  - 18  6 56 30 59  7 33 57 35  - 20 25 38 22 61 52  - 46 10 26 42  - 53  - 29  2 37 67 70 48 15 47  - 62  9 31 17 19 11 39  - 63 13  -  -  - 16  - 23 54 24 65 58 41 32 50 69  - 45 36 21 51
 26  5  - 30 44  3 12  1 51  - 52 58  - 40 22 45 59  - 18 34 56 46 27 37  - 47  8 28 20  - 63  -  9 13 62 70  - 49 21 31 68 33 24 64  - 36 48 54  - 67  - 41  4 14  6 69 17 15 35  7 65 55  - 32  2  - 43 50 39 42
  - 14  6  3 13 55 22 38 63  -  8 60 34  - 59  -  -  - 12 51 49  - 20  - 17  - 53 62 16  - 45  - 31  - 66 68  - 42 19  - 11 28 50 21 61 29 65 70 52  4 40 43 10  - 23 37  7  -  1  - 15 33 46 54 27 48  -  - 25  -
 28 56 55 46 22  2 57 12  - 40 24 45 33 64 54 16  - 70 13 66 62 37 44  - 11 18 38 17 50 39 67 43 21  5  -  8 63 34 23  - 20  - 14 61  - 58 68  -  - 19 69 29 60 35  -  6 30 26 42 47 52 48 51 10  4  1  3 53  7  -
  - 40 37 23  5 20 44 65 70 34  - 38  8 33 60  9 12 11 39 46  4 35 24 30 57 52 49 27  3 48 17 68 58 61 63  6  - 32  - 36 50 51 21 59 54 55  - 26 18 29 47 25 62  - 64 22 56  2 19 14 69 67  -  1 53 16  - 66 28 15
 59  -  - 35 29 65 51  -  - 57  3 11 64 48  8 28 47 32 31 10  1 15 69 58 20 36  6  -  5  -  -  4 56 21 26 27 55  9 38 19  - 22 70 60 44 39 34 43 62  - 68  7 18 61 63 49  - 41 30 45 12 66  - 37 24 52 40 16  - 25
 33 70 38  4 57 58 42  - 41 32  5  6  - 51  1 10 44 55 66  -  - 16 46 36 48 63 28  - 56 53  - 52 49 65 45 54  2  -  - 69  -  - 60 39  - 13 24 47  - 59 26  -  - 12 15 17 11  8  - 37 31 34 61 20  -  3 19  - 50 23
 58 62  - 25  9 45 15 13 35 50 23  - 56 68 55 26 10 61 53  -  -  7  8 46  6  5 32  - 39 59 69  -  - 66 47 49 57 17 20 44  4 11 19 38 36  3 30  2 37 34  - 28 14 63 22 54 43  -  - 29 60 27 42 51 65 31  - 48  -  -
  - 67 25 42  2 26 37 24 47 19 46 12  - 69 65 63  - 16  - 27 11 41 39 18  -  -  - 32  - 64  1 15 14 48 23  5 59  -  - 34 52 45 62  - 21 35 51  - 54 30  - 60 53 28  - 20 57  - 61  - 10 70 44  6 31 56 49 17 22  9
 35  6 47 59 21 48 60 15  -  8 66  2 11 30  -  1 57 49 33 56 63  - 45 41  -  9  - 54 67 10 65 64 25 19 14  - 28 27 50 42  - 31 52  4  - 70 69 55  5 20  7 68 16 38 53 23 29  - 17 32  - 22  - 34 26 37 61 24 46  -
  -  - 62  1 11  - 27 40 24 52 18 35 58 10 66  - 45 33 37  8 13  3 17 60  - 49 25 12 48  - 31 39 36 20 41 44 69  2  7 46 14  - 38 19 47 21  -  - 70 43 67 50 22 53 42 29 63 64 51  - 55  6 57  -  - 26 65  -  4  -
 18 48 57  7 66  - 41 49 46  -  - 51 32 25 40  -  4 67 58 28 61 33 34  - 42 26 62 23 22 43 55  9 19  - 38 65  - 63 35  2  -  - 44  -  -  - 59 15  - 39  - 45 56 47 24  3  - 50 70 60 37 16 64  - 29 68 20 12 11  1
  - 34  -  - 61  - 48 70 20 28 63 56 41  - 30  3 19  4  - 64  6 57 31 43 45 69  - 11 51 67 59 46  - 49 60 39  - 68 27 15 35 24  1  - 62  - 29 10  8 66 54  -  -  -  7 40 18 12 53 50  - 14  2 25  -  -  - 47  9  -
 53  7  - 40 37 54 20  -  5  - 59 18 16 28 42 23  - 56  - 19 35 63 66 15 69 45 24 13 64 55 12  1 52 51  8  2 60 41 61 39 34 17 27 67 65  6 38 36 32  -  -  - 29 21 44 43 26 58 49 31 62 68  4 33  9 57 22  - 48 47
 68  - 20 15  - 29 53  -  - 41 34  - 35 70 50 67 27 22 56  - 39  - 37 45  3 62 13 33  - 54 43 58 57 11  9 48  4  - 28  -  1 38 32  -  - 52 55  5 40  6  -  - 49  -  -  - 69 21 46 64  -  - 63  - 60 61 26  - 10 31
 21 31 52 53  - 41 34 35 62 22  - 33  1 56 37  - 25  3 61  - 68  - 42 63 39 13 17 40 46 49 57 23  -  6 65  - 20  - 51 11 59 50 55 14  - 12 58  -  - 70 36 44 26 67  - 64 48 27  - 24  9 29 60  - 45  - 15 69 30 38
 42  - 48  -  - 31 64 16 29 37 39 28 22  -  6 14  - 58 51  7 57  - 15 21 10 60 63 30 25 56 68 13 34  - 61 33 67 62 18 27 66 32  4 11  -  - 19 44 55  8 35  - 65 45  - 24  -  -  3 46 41 12  - 40  5  - 70  9 47 50
 62 16 67 57 70 34  2 51  - 66 22 19  - 58  - 21 15  - 41  3 47 68  1  - 46 39 55  4 52 44 29 18  -  -  -  - 50 56 69 12 37 49  - 45 14 64  6  -  9  - 42 48 36 24 43 60 32 31  - 17  8 26 23 35 59 53 13 27 54  -
 19 42 24  2 38  - 30 52  7  - 15 70 13 37 11  6 21 27 59 29 46 44 33  -  8 56 54 39 40  9 34 12 62  - 43 60  3 26 49 66 41 16  - 65 67 51 31  - 23  - 14  - 35  1 61 25 20  - 63 53 17 50 45  - 32 36 18  - 68  4
  - 60 51 47  1 15 19 39 64 44  - 61 40 41 17 33 22  6 23 52 16 10 30  2 54 43  - 68 55 27 20  7 53  - 13 36 56  -  - 28  3  - 58  9  4 50 42 35  - 38  -  -  - 57 25 11  8 37  -  5 18 49 66 46 12 14 63 29 26 59
 15  - 59 68 14  1  -  - 52 47  - 50  - 21 19 51 63 69 25 61 20  -  - 70 40 41  - 48 12 16 11 35  -  - 55  - 39  - 17  6 18 67 54 53  - 28  2 57 34  -  - 36  3 60  - 66 38 24  5  - 44 64 29 13  - 27  - 37 31  8
 12 54  - 11  - 27  - 28  - 42 55  4 47 26 38 39 20 31 52 65 53 69 22 17 43 61 68 25 24 14  7 29 15 57 64 34  - 70 46  5 23 58 16 63 30 60  -  -  - 10  8 33 44 36 45  2 50  3 13 49 21  9 37  - 19  -  1 40 59  6
 14 68  - 45 35 21  -  -  - 64  4 36 53  3 32 19 13  -  8 62 51  - 10 26 50 20 59 41  9 69 23 34  - 47 52 30 11 60 24 38  - 29 67 28  - 49  - 25 57 42  - 40 37  5 56 39  1 43  2  - 27  - 18 63 44 55 12 65 15 54
 61 21  - 31 56 51  7 29  - 39  9  - 55 57 69 13 30 26 70 15 58  4  - 10 33 68 34  6 62 20 52 17 16 37  - 23 44 66 12 49 24 42  - 22 63 45 32 65 38 50  3  - 40  2  - 27  -  5 36 48 54 43 67 53 11  8 60  - 18 41
 65 50 29 62  - 63 47 22  - 54 21 26 18  -  - 37  5 12 30  2 70  1 67 64 56 10 19  -  -  - 44  - 32 52 33 35 53 24  4 57 25  - 61  7 34  8 27 40 59  - 49  -  9 48 36 13 31 28 60 69 68 45  -  3  - 58  - 43  -  -
 38  2 36  - 24 13  3 60  9 17 61 48 44 31 15 68 43 25 69 23 14 27 21 22  - 70 50  -  - 41  6  - 51  - 32  - 52  - 37 10  -  -  - 34 12 40 18 33 46 28  - 49 39 64  - 16  -  - 11  - 45 57 20 59 47 63  -  -  - 66
  1 13  3 32 60 11 70 18 33 43 14 17 54 67 61  - 52 29 44 48 12 59 56 35  - 21 16 69 10 24 37  -  - 62 51  -  9  6  5 65 49 36  -  - 23 31 39 68 50 40 63  2 30  7 46  - 28 53 55 19 20  8 34 47 58 45 38  4 64 22
 46 45  - 20  4  - 28 54 30  -  7 10 39 42 16 34  - 43 27 68 40 32  2  6 53 25  5  - 65 26  - 38 33  - 19  3 62 69 57 51  -  1 12  -  - 24 13 56 14 49 64 21 17 29  9 18 41 11 44 59 66 23 48 60 67 22 36 63 61  -
  8  - 65 13 40 62  - 41  6 21  - 42 36  -  -  - 54  9 29 44 19 53 32  - 23 35 58  1 45 63  - 30  -  3 56 66 68 14 26 52 69  4 37  5 18 11 17 67 51  2 70 10 61  - 60 33 15 16 34 12  - 59  -  -  7 46 27 31 57 28
 51 66  - 14  -  -  - 50 65 10  6 25 61  -  - 60  1  5 49 12 43 13  -  9 28 16  -  - 29 32 39 31  2 15  -  -  - 64 34 35 44 46 56 58  7  - 53 11  - 27 37 63 23  8  - 41  3 45  - 40 19  - 24 55 36 18 54 68  - 48
  - 12 44 28 45  - 65 30  - 13 33  3 68  - 34 70  - 14 19 39 54  - 35 69 62  1  -  8 21  - 58 63 26 18  -  - 29 59 31 25  - 64 10 52 51 20 40  - 48 41 56  - 43 37 50  - 22 55 15  -  5 60 16 27 57 24 11 32  6  -
  - 38 41 65 69 66 13 34 59 31 62  - 46 20  2 29 39 35  - 33 17  6  -  8 51  -  - 45 14 23 22 36 28  - 48 15  1 40  9 64  - 70 68  - 58  4  3  - 25  7 16 27  -  - 57  - 21 42 12 52  - 24  5  -  -  - 47 19  - 60
  4 58  5 50 47 67 35 68 42 63  - 62 27 54 26 53 66 60 55 17 52 14 38  - 18 59 11  3 70 31 16 57 37 32 25 28 46 20 45 48 10 44 23  - 39  - 22  -  - 64 29 51  7  6 41 15 36  1  - 21 13 19 40 30 49  - 33 61 24 12
  - 46 68 63 31  9 61  -  - 45 38  8 49 16  - 44 69 36 67 41 33 18 29 42 32 12  - 57  1 34  5 10 20  4 54 24  -  - 53  7  -  - 26 23 59 37  - 48 35  - 50  6 47 62 13 52  - 66 22 15 25  - 56 19 40 30 64  - 60 70
 45 20 39  8  -  - 69 64 60  2 67  5 52 23  - 11 46  7 17  - 31  - 49 34 55 24  1  - 38 28 42 25  - 40  3  9 12  - 30 62 48 19 22 29 32 33 43 53  -  -  4 26 13 68  - 63 54 14 66 61 51 65 35  -  -  - 57  6 16 56
 44 24 30 34 32 28 36 47 17  3  - 64 14 63 21 35 68 46 60 18 65 38 55 51 49 54 70 19 37  5  8 11  7 16  2 62 25  1 48 67 12 56 53  - 45 61 23 42  - 13  - 22 33 41 40 50  - 10 57 58  4 69 15 26  - 29  9 59 43 52
  -  -  8 44  -  7 63  4  - 11 26 32  - 12 62 41 34  - 28 40 10 36 60 24 68 64 57 53 15  - 47 59 23 29 35 19  - 38 16  -  5  3  -  - 49 48  - 31  6  -  - 69 46 17  2  - 67  - 20  - 70 39 21 61 52 54 25 42  - 43
  3 39 49 56 25 44  - 55 31  7 29 34 69 61 28  -  -  -  - 11 27  8 53 20 35 51  - 14 32 21  - 33 66  - 59 13 48 22 54 50 36 23 15 10 60 41 52 19  -  - 58 24 68 43 67  -  2 63 26  - 64 42  6  - 62 65  -  -  5 30
  - 63  - 18  -  - 39  9 23 69 70 31 17  - 41  - 33 64 48 53 66 25  -  - 12 27 67 21 11  - 26 40 24 36  4 43 51  -  - 32 19  7 49  2 55  - 57  8 44  3  - 58  1 46 30 42 14  -  -  - 47  5 22 68 10  6 62 45  - 37
 11 27 40 70 26 19  - 17 34 35  - 69 45 38 48  7 18 59 63 31  - 62 52 29  -  6 14 51 36 15 30  -  -  - 16 50 23 47 43  -  - 13  2 56 68 57 49 60  -  - 24 32 41 22 58  4  5 46 28  -  -  - 25 39 21 64  8  3 55 20
 24  -  9 48 54 33 55  - 22  4 35  - 20  8  5 30 53  2 68 63 37 34  6  3  - 50 64 44 47 29 13 66  1 26 39  - 14 12 67 56 21 57 43 41 27 32 36  - 11 17  - 18 25 58 52 59 45 65 10  - 42 62  - 49 16  -  7 60 38 46
 10 11 63 21  8 46 67 36 39 62 50 16  - 43  - 38 56 19  -  -  9 61 54 53 30 17 69 29 27 66 49  6 70 68 57  7 37 52 47  - 55 65 31 48 20 22 35  3 64 51  1 12 24 40  -  - 60 18 58  - 33  2 41  - 25  - 32 14 42 45
  - 23  1 41  6  - 31 63 28 68 48 44 30 60 49  - 42 53 57  - 32 12  - 62 52  3 56 15 13 18 33 19 54  - 40 21  - 46 64 61 26 35  - 70 29 16  - 14 45 69 65 20  -  -  5 67  - 36 50 11 24 37 55 22 17  - 59  - 51  2
  -  3  - 66 48 47  - 56 44  9 28 22  - 36 14  - 29 51 42 69  -  -  -  - 24  7  2  - 26 25 10 50 45 43 68  - 27 30 41 21 17  -  - 49  1 34  -  - 20 33  - 55  8 31 37 65 35  - 39  -  - 52 54  -  -  4  6 58 40 53
 48 41 34  - 52 39  8 57 15  5 58 54 42 47  -  - 16 45 40 55  7 65  -  - 60 32  - 49 53 30 36 27  - 46 67 63 26 37 10 14  9 20 66 62 24 18 64 12 68 56  2  - 59 23  1 51  6 29  -  - 11 44 19  4 22 43 31 21  3  -
 32 64 43  6 50 49  -  5 57 36  - 29 48 18 20 52  - 10 46 22 44 55 19 25 47 34 15  - 66 17 35  - 63  - 70  - 31  -  3 23 60 61 41 54 42 67  1  - 28 68 45 53 21 59 39  - 62 56  -  8  - 51  - 38 33 12 14 30 13 40
 52 25 17 16 36  6 21 66  1 24 20  9 57  -  3  - 64 54  7 47  2  5  - 12 70 67 33 22 18  - 14  - 60  - 50 59 19  -  - 40 30 48 13 32 15  - 44  -  - 46 10 31 58 65 11 56 34 49  4 42 43 38 69 29  - 62  - 28  - 55
 67 18 53 24 30 70 29  -  -  - 45  -  -  5  7  2  6 42 34 60 26 52 12 19 14 28  - 46  - 51 50 55 43 39 17 16 66 57 44 54 63  8  - 35 69 38  - 22  4 32  -  - 15 56 65  1  - 33 47  -  - 21  9 48 23 20  - 13 58 36
  - 52  - 37 10  - 16 27 11 46 32  - 15 45 35 36 48 41 47  - 50 40  9  - 31  - 18  - 61 58 60 26  - 17 12  -  6  4 25 63 57 68 65 42 19 44 33 20  2 62  5 39  - 34 54 38  -  -  - 43  7  3 28 67 13 49  - 70 56 24
  - 15  -  - 46 64 24 58 32 59  - 66  - 39 57 40  - 34 36 42 23 54 62  4  1  - 27 55 31 52 70  8 12 22 28  - 45 50 65  3 13 63 51  - 43 47 25 41 21  - 60 11 19 10  - 53  9 61 48  - 14 35  - 56  6  - 29 20 49 68
  6 43 22 51 41 16 18 26 53 56  1 67  7 24 36 31 60 30 45 54 55  2  - 40 63  - 12  9 35 62 61 49 50 25 34  - 17 29  8 37 42 52 39 68 11  5 20 58  - 57 66 59 69 70 27 47 46 44 23  3 38 13 10  - 64 21  4  - 19  -
 47 32 23  - 53 50 54 25 58 33 42 27 70 17 18 22 11  - 64  -  5  - 51  7 19 29 66 35  6 45 56 61 59 24  - 38 49 10 14 16 62 69  8 46 40  9  -  1  - 15 34  4  -  - 55 57 39 52 31  2 30 36 68 43  -  -  - 41 65 26
 25  9 31  5 51  - 66  -  -  1 12 46  2 29 24 42  8 65 16 57  - 30 11 48 41 37 61 34 44  -  4 56  3 23 27 20 35  -  - 45 64 53 47 50  - 10  7 52  - 55  -  - 28  - 14 36 68  - 32 54 22  -  - 62 43 59 17 49  - 19
 27  - 18  -  3 25  1 20 10 65 13 15 66  -  - 43 38 21 14 32 48 50 68 57  - 22 60  -  8 46 40 54  -  - 29 69 42 67 11 24 16  2 63 51 37 56 47 61 53 35 12  -  -  9 31 62 70 30  6 39 34  - 33  7 28 17  - 26 41 44
