3920
  - 32 47 70 42  2 26 65  -  7 58  - 41 21 66 64  -  6  4  8 14 54  - 67 62 31 17  - 55 46  1 15  - 69 43  - 33 53 20 39  - 61 22 18  - 19 29  - 30 23 56 40  3  -  - 24 59 48 34  - 16 68 28 13 50 12 60 25 52 37
 39 22 25 21 59 16  - 10 46  8  9 64 45 27  -  1  - 30 38 44 31 32 57 34 53 58 33  7  -  -  - 60  - 55  - 19 43 61 65 56  - 37  - 15 54 24 23  - 26  - 69  2 18 52  3 51 35 13 29  6 40 12  5 62 47  4  - 11 48 50
  - 31  -  - 36 38  6  - 40 25  - 32 60 51 19  7 17 23 43 24  -  - 27  8  1 53  - 42 26 15 66 57  -  2  - 49 45 63 34  - 48 55 11 29 35 46 69 33 62 21  - 41 67  9 20 64 47  5 59 28 30 58 52  - 39  - 18 14 10 61
 52  - 64  -  - 49  -  - 63  - 50  -  - 28 22 69 29  -  6 37  - 13 53 33 20 41  - 44 61  2 67  - 54 45 18 24  -  - 12 70 62  -  3  8 34 58 30 19 25  5  -  - 27 46 23  - 42  -  -  -  - 38  4 39 57 32 56 59  - 15
 26 46 68 66  2  8 33 64 36 32 27 48  3  -  - 20  7 13 51 52 41 43 21 19 34  - 62 16 56  -  - 63 49 42  -  6 57  - 61 35 50  - 60  - 40 54 17 70  5 38 24  - 29 31 55 44  - 58  - 12 22 67 30 18 15 65  4  - 28  1
 61 59 24 48 15 64 17  - 57 63  - 13 51 44 25 45  - 11 28 56 66 22  -  - 67 40 58 62 19 12 27 68  - 70 16  -  -  -  1 30  8  9 53  3 31  4  6 49 38 20 21 50 26 36 46 43 32 55 65 39  5 10 18 14 69 35 29  - 34 33
 63 25 11 59 12 42 48  - 21 27 62 36  4  5 13 51 35 70  -  9  2  - 54 53  -  - 15 28 16  - 33 34 26  8  -  - 65 67 30 41  - 57 46 31 64  1 68 37  7  - 60  - 49  - 45 10 22  3  - 29 14 56 61  -  6 58  - 39 20 23
 13 70 54 22 65 29 55 58 49 52  - 38 20 42 50 14 47  - 64 40 43  8  1  5  -  - 66  9 23  6 53  - 57 27 69  -  - 44  - 26 46 56 12 34 28 61  7 30  - 45 37  - 32  - 39 16  - 60 67 24 51  2 35  4 11  - 19 31 63 36
  3 37  -  - 43 25 41  - 33  -  - 31 62 70 64 32 39 42 40 20  6  - 48  - 44 47 23  - 52 24 50  9 36 11 13 69  - 49 14 61  - 65 51 55 30 12 26  4  - 59 27  - 46  - 68  -  - 18  -  5 19 60 34 21 28 56 63 17 45 38
  - 42 45 41 63 28 23 49  - 31 11 47 19  -  -  -  -  -  -  2  - 52 34 70 64 43 21  4  -  -  3  - 44  1 36 53  - 35 57  - 51 46 38 12 58 10 55 69 67 25 61  8 50  - 60 62  - 65  -  - 27 20 56 54 18 26 24 22  9  6
 49  8  - 33 30 24  - 28 64 14 12 10  7 68 57 44  - 20 47  -  - 56  - 21 17 22 40 51  - 54 39  - 59 18 27  - 52  - 15 16 70  - 42  - 29 60  -  - 37  3 50 34  -  - 63 19  -  1  - 35  6 11 41  - 23 66 58 69 55  -
 67 52 28  -  - 61 27  - 55 33  - 19 50  - 17 23  - 46 26  - 13 30 39 40  - 42 57  - 68  1  - 44 21 49  - 12 37  2 43 63 22  8 69  -  6  - 70 35 10 41 32 60 15  - 59 47  - 64  4 20  3 34  9 66 38  7 62 58 51 24
 11  -  9 47 29 13  1 69  - 49  - 20 56 12  - 21 19 68  - 58 27 51 26  -  5  3 36  -  - 64  6  4 43 54 53 62 30 33 67  - 28 59 45 50 17 18  8 15  - 46 25  - 65 55 44  - 14 70 24 22  - 61 48 60 10  -  7 52 40  -
  -  - 42 28 10 50 66 38 30 41  -  -  8 15 54 35 69 59  - 45  - 49 40 17 25 37  2 63 46 21 52 53 55  6 62  -  - 64  3 51  5 19 24 48 18 26 47 16 39 58 36 44  - 34 67 14 20 22  9 11 43  4  1 33 65 57 12  - 32 70
 56 36 31 18 14  - 19  - 68 17 40  5 37  8  2 65 62  4 52 33 11 61 35 66 16 29  6 15 21  3  7 70  - 47 42  - 13  - 25 64  - 39 67 32 26 45  - 28 24  - 51 22  - 57 49  - 53  -  -  9 50  - 60 48 59 54 23  - 69 58
  - 28 57 12  -  -  -  - 18 30 48 45 43  - 53 22  - 65 15  7 16 59 60  1 14  6  - 21 20  - 36 10 67  - 51 56 35  - 41 25  - 38 29 33  5 63 13 52 32 39 11 37  -  - 70 61 49 27  2 54 23  3 68  - 44 46 50  - 19 69
  1 67  5 53 23 70  - 59  9 54 57 25 33  - 38 60 34 52  - 16 12 62  - 68 42 64 13  3  6  -  - 47 66 35 46 43  - 21 27  - 24  -  8 41 14  -  - 29  - 61 44  - 45 37  - 28 26 63 50 30  2  - 22 36 20 39 32 10 18  4
  -  -  -  4 58 35 70  - 23 36 54 57 66  - 44  - 63  -  2  5 46 40  - 31 22 56  7 68 65 32 48 18  9 39  - 50 51 12 62  - 64 49 33 24 19 43  - 42 53  - 34  -  - 67 17 20 25 59 27  3 47 69  - 30 41 10 16 61  - 55
 40 41 38 62  -  - 34 44 20 70 17  2 24  - 45 55 30 22 11  - 47  9 37  -  - 66 18 43 35 27  -  - 13  3  8 21 32  - 54 10 14 12 16  - 60 67 15 59 52  - 19 49 23 28 69  5  - 68  1  4 57 25  -  - 61 51 33 46 36 42
 53  - 70  - 55 45 40 35  5 23  7 43 38 10  - 47 49 37  1 41 61 57 66 58 56  -  - 25 44  4 16  -  -  - 39 63 17 65 46 59 15  2  - 52  - 50 28 26 31 60 48 33 69 19 36 12 18  -  - 62  -  9 54  8 64 11 27 34 13 29
 33 17 15 16 34 60 42 68 22  9 56 69 59 55 29 36  - 18 14 31  - 67 46 32 58 13 64 37  - 23 47  3 11 52  5 61  6  - 70  8 41  4 30 20  1 62 51 10 21  - 28 12  - 43 50 38  -  2 40 49 35  - 44 57 24 48 26 19 25  -
 25  - 14 36  - 48 56 53  6 24 33  - 58  2 31 26 68  - 41 28 65 46 47 42 51 63 19 55 59 10 37 54 70 29 50 60 69 27 23  3 45 15 44  - 49 57 43 64  -  8 17  - 12  - 34 18  5 40  7  - 38  - 32 67  4  1  9 13 39 16
 41 12 55 38 52 63  - 67 58 29 14 49  - 31 42  - 66 54  -  - 53 64 16 11 68 25 47  5 60 17  -  8 65 50  - 30 46 18 32 19 20  - 28 13  -  - 39 36 56 44  6 35  4 59 15 48  -  - 33  - 34 40 69  -  1  -  3 51 62 26
 32 14 10 67 53  -  - 51 27 13  - 62 52  7 34 29 45  - 23 11  - 21 18  - 41 19 61 22 43 58 35 25 33 68  2 28 39 59 56 55  9 31 57 66  - 20 64 60  6 54 63 47  8 50 65 30 40 46 48  - 17 24 42 12  - 16 36 38  4 44
 23 19 56 34 35 37 63 11 25 60 47  7 68 24  - 12 20  8 69 49 57 44  4 55  -  -  - 32  9  - 30 58 28 36 66 65 70 45  - 40  - 10 50 17  -  6  - 27  -  - 39  - 22  - 54 31  2 43  -  - 15 14 46 53 62 52  - 64 21  5
 30 62 20 13 41 55  2 43 69  5 59 70 47  - 39 61 11 17 48 21 25  - 63 38 65  -  -  - 51 67  - 45 18 32 22 36 68  1 31  6 42 60 15 58  -  3 54 24  -  - 26 66  -  -  - 37 52 53 14  - 29 49  7  -  9 27  - 44 23  -
 37  - 66  - 44  - 67  1  - 61 30  - 55 60 65  8 23 51 59 32 49  5 29 13 70 16 34  - 48 35 63  -  -  4 19  - 56 58  - 36 31 33 47 25  - 14  3 45  2 15  - 64 52 41  - 69 10 17 68 46  - 54 24  -  - 40  6 43 57 22
  5 13 34 24  - 54 62 23 44 56  - 26  - 19 48 50 14 63 32 64 38  - 20 10  4  2 28 67 30  -  -  - 22  - 65 66  9 15  7 45 43 35 41 51  8 59 58  - 47  -  -  3 40 70 29 42 11 36 53  - 39 31 27  6 68 21 52 49 16  -
 55 43 60  2  - 57 22 25  -  - 35 30  -  - 26  -  - 40  9  - 39  - 41  -  -  5 46 48  - 13  -  - 12 59 54 34  4 11 63  1 53 36 56 10 52  8  - 20 69 51 33  - 16  - 64 65  6  - 28 68  -  -  -  - 58 24  - 62  -  -
 18 68 30 23  9 59 60  3 50  - 53 29  -  6 56  - 36  -  7 61 63 45 15 37 69 28 31  - 27 14 32 12  - 46 64 40 20 24 33  4  2 13 39 43 62 49 48 58 11 22 52 21 66 47 41  8  -  - 42 25 26 44 16  -  - 67 57 54  - 17
 21  - 65  9 40 46  4 32  - 50 19  1 13 43 28 41 55 24 54 18 56  2 44 29  - 30 48 45 69 52 60 36  -  - 35 25 38 68 47 57 39 64 59 67 11  - 34 23 15  -  - 58 37 12 53 66 61 26  6  - 20 22  - 31 16 62  -  -  - 63
  - 15 59 26 11 69 29 57 56 18  -  8 39  - 51  4 54  - 61  -  9  - 23  - 12  - 67 13 36 20 55 62 47 40  3  - 41 16 44 38 19 58 68 46 10 28 65 43 33 27 70 24 60 14 52 35  - 31 63 66 64  -  -  - 22 34  -  5  6  -
 44  7 49 68  4  9 16 50 42 34 69 61 10 47 55 66 59 56 46 35 24 70  2 62 21 51 14 27  8 65 31  5 15 12 37 39 19 13 48 28  - 23 52 54 32 11  -  - 45 63  - 26 30  - 25 67  1  6 20 18  - 43  - 22 53  - 17 60  -  -
 58  1 35 25 56 19  - 52 37  3 21  - 42 61  -  - 13 55 67 23 34  -  - 20 59  -  -  - 41 26  - 69  -  - 11 27  8 51 10 50 18  - 54 14 33  - 62 46 63 43  -  -  2 60 30 22 24  9  -  - 53 16 70 49 32 17 40 66  - 39
  - 69  - 40 49  - 61 47 60 39  - 27 21  -  7 17  - 29  - 53  4 18 62  -  - 12  8  - 50 45 15 64 52  - 34 35 24 22 19 31 37 67 32 59  -  2 57 48 65 55 13  6 56  - 14 25 66 42 58 33 36 63  3 44 70  -  -  9  - 20
 62  - 52 32 57  5 30 33 48 45  8 41  1  -  6 59 26 69 19  4 70 63 14  -  9  - 38 35 40 56 43 31 39 22 12  - 25 46 17 65 13 28  - 44  3 21 16  -  - 67 15  7 53 61 10 68 54 34 47  - 55 42  - 11  -  -  2 36  - 51
 69 44 53  - 22 15 24 37 61  4  3 35 46 41  5  - 16 45  - 29 68  - 49 14 13 65 10 39  -  - 42  - 30 19 21 38 62 60 64 33 11 43 18 27  2 48 31  - 36 47  -  - 28  -  - 17 23 32 56 59  9 66 40 51  -  6 54  - 67  -
 10 63 26 61 27 23  7 39 43 51 64  9 30  -  - 24 41 33  -  6 15  - 56 48 47 67  4  - 25  - 17 59  5 34 29  3 42 55 28  - 32 52  2  -  - 31 44 12 40 35 49 46 11 18 57 36  -  - 16  1 45  -  - 50 14  8 38  - 37 54
 65 64 16 11 46 58 51  4  -  6 38 24 48 52 36 33  5  -  - 68  1 47 45 30  - 69 35 57  - 18 34 40  -  7 17  - 54  - 22  - 23 42 14  - 20 32 25  2 43 37  - 27 62 26 31 63 56 39 61 41 59  - 66 29 49 15 13  3  -  9
 57  5 40 30 61  - 47  -  4 69 55 34  - 39 32 49  2 35 29 42 18 27 12 63 15  1 25 52  - 50 46 19 20 41  -  - 53 54 37 21 65 45  9 70  - 51  -  3 58  - 68 13  - 56 62 60 43 67  - 64  7  6 23 38 48 28  8 24 26 31
  - 33 44  5 21 10 28 24 12 16 25 60 49  3 59 31 58  - 68 22  -  - 43 15 18  - 39  -  - 29  2  - 62 13 30  -  - 50  9  -  6 51  - 61 37 35 53  - 34  4 55  1 20  - 32 26 46 41 70 19 63 45  8 47 36  - 11  - 65 40
 16 26 33 10 38  - 13 15 47 12  - 14 23  - 49 46 21  - 27 62 19 31 51 45  8 39  - 11  3 42  -  2  - 44 40  1 29 28 24  - 60 34 66 37  - 65 18  9 35 36 43 52 70 68 56  6 58  - 57  7  4  - 59 17  - 64 55  - 61 30
 36 65 32 37  1 66 15 46  - 19 13  3 17 62 24 52  - 48 44 26  -  6 33 22  - 61 11 58  2 30 54  -  8 23 20 67 16 42 69 47 59 41 25 57 68 40  5 38  9 50  -  4  -  - 43 27 21 29 51 63 70 18  - 34 56 53 14 45  - 10
 22 45  - 60 26  - 46 13 62 28  - 40 25 63  1  - 32 49  8 12 17 14 64  3  -  - 41 20 15 19 65 61 56 33 47 11  2 57  5 24  7 18 10 16 50 29 21 51 54  9 42 31 38 27  4 52 36 69 66 48 44 37  - 23 43  - 34 70 30  -
 35  - 67 69  8  -  - 48  - 66  -  - 53 38 37  - 24 43 50 70  - 29 30 56  6  - 42  - 11 44  - 16  1 64 61 57 12 20 45 32 68  -  7 60 47  -  9 65 28  - 40  -  - 22 21 23 27 14  -  - 10 59 19  3  2 31 51  -  5 46
 47  -  2  7  - 53 18  - 51 44 10 11  - 58 70  - 27 25  -  - 45  -  -  4 40  8  - 33 37 62 26 13 46 28  - 52 50  -  6 67 34 20  -  1 15  - 35 21 57  - 31 54 42 65 48 49 69 24 12 17 61 39 43  - 63 29  - 16  3 14
 48 18 62 51 60 32 44 41 29 57 49 59  - 25 52 30 38 31 45 66  3  - 68 12 19 36 63 17 54  8 10 43 58  - 23 26 14 70 40  - 61  - 13 53 65 69  4  6 46 33  - 67 21 42 28  7  -  -  5 56 24 64  2  - 35 50 22 55 47  -
 51  9 29 15 39  - 58  6 67 64  1 28 31  -  - 40 56 34 24 65  - 53 55 18  -  - 27 10 33  -  - 17 38  - 25  2 44  3 16 11  4 30 26  7 43 42 45 41 68 14  - 36  -  8  - 32  - 62 23 13 52 19 47 59  - 63 61 50  - 66
 50 40 48  6 32 31 39  - 52  - 70 67 28 65 33 54  8  5 20  - 58 19 10  9  3 45 55  - 63  - 22  - 51 15 57 44 23 29 35 18 38 16 43 36 25  -  -  - 41  7  - 59 61  - 11 34  - 47 21  2 49 62  - 26 66 42 64 68  - 53
  - 35 17 14 31  - 10 26 24 38 34 51 29 54 46 25 52 53 58 67 30  - 65 50 63 55  5 23 28  9  - 66  -  -  - 64 11  8 59 43 44 48  4 45  - 16  - 39 27 19 41  -  -  6 18  1  - 56 62 36 37  - 57 32  - 49 21  - 22  2
  9 54  - 31 19 27  8 70 16  - 39  - 69 53 23 57 60  - 63 47  - 10 11 43  - 34  - 61 17 68 38 49 41 51 59 42  1 30 29 46 21  6 40 22 12 66 67  -  3 62  - 14  - 32 33 13 15 28 25  - 56 35  -  -  5 45  - 37 44  -
 24  - 23 64  -  - 59 17 53  - 66 54  -  - 41 16 12  2 55 60  - 42 38 36 48 15 29 69  - 11  - 22  6 57 31 20 10  - 50  5 35 27 21  - 63  9 19  - 49  1  3 56  -  7  - 46 68  8 44 43 58 13 65 61  - 30 39  - 33 32
  6 48 27 56 51  7  - 40 17 55 28 39 65 26 21 68 10 57  -  - 29 36 50 16 32 44 53 41 42 38 20 11 19 62 33 46  -  - 58  -  - 54  1  -  - 30 61 47 64 70  - 23 24 69 22  4  8 45 37 60 67 52 31 63 13 59  5  -  - 43
 20  3  7 49 47 30 50 22 34 67 52  - 57 16  -  -  -  - 70 39 32  - 69  2 33 60 51 46 10  - 61 65 45 66  -  - 59  - 38  - 40 21 64 19 27  - 63  5  8 13 23 15 44  -  - 54 62 11  - 53 12 28 29  1 31 37 25 18 35 68
 38  -  -  -  5 41 69 62 35 37 43 16  - 46 40 42 50  - 34 15 10  - 70  -  -  9 24  1 47 22  8 39  -  -  - 31 49  - 51 66 27 44 17 56 57 52 59 54 48 68 18 30 36  - 13 21  - 33 32 23  - 29 63  2  - 61 67 28 58  7
 70 57 41 44 67  -  9 61  - 26 65 15 40 22 16 11  - 27  -  - 59 38  - 46  - 14 37 47 58  - 23 29 42 30  - 68 48 32 13  -  3 50 19 63 55 64  1  8  4 17  - 51 39 24  - 56  - 21 54  - 62  5 10 35 34 20 49  6 60 18
 66 27 69  1 13  - 53  - 26 15  - 44 63 17  9 39 67 61 62 10 35 48 25 59 46 21 12 40 38 60  - 52 16 56  - 18 34 14  2  7 58 32 65 28 51 55 33 68 22 24 20 11 47 64  5 45 50 37 43 42  8 70  - 41  -  3 31 57 49 19
 14 23 18 46  6 56 35 16 15 43 45 53 64 67 69  2 61  - 33  1 42 11 22  -  - 54  -  - 12 63  9  - 32  - 41 48 58 17 39 44 49  - 55 26  - 68 10 25 20  - 47 70 31  -  - 29 34  4 60 38  - 27 51  - 40 19 65  8 59  -
 54  - 36  - 24  - 57 45  7 11  2 66  6 35 61 34 40 10 17 19  -  1  - 60 37 20 65 30 49 41 44 51 23  - 32  8 63  4 53  - 12  - 70 62 16 13  - 31 50 64 59 18  5 25 42 33 38 52 69  - 48 26 15 55  -  -  - 56 46  3
 12 49  4 17 45 20 43  - 65 10  - 42 35  - 11 48  - 58 56 46  - 26  3 52  7 18  1 36 66 31 24  -  -  - 15  - 60 39  8 54 33  -  - 23 38 37 32 34 13 69 64 19 51 63 27 59 44 50 41 70 68  -  - 16 55 47  - 30  2 62
 31  - 63  8 69 40 52  2 45 62 15 37 14 33  3 38  4 12  5 51 21 35  - 27 61 57 49  -  - 39 19  1 34 16 67 54  - 43 11  -  -  - 48 42 46  7  - 44 18  -  - 53 10 30  9 58 13 20  - 65  - 36 55 70 26 23 59 32 29  -
 46 24 22 42 68 44 32  5 11 20 37 12  -  4  - 58 51  - 13 54  8 25 36 26  2 59 56 60 29 49  - 28 40  - 52  - 15  7 55 62 30  - 35 39 66 53 27 61 17 16 10 63  6 23 47  3 65 38 18  - 31 50 33  -  - 69  - 48  1 34
 19 20  - 50 48  - 38 34  - 53 32 21 54  -  - 56 15 39  3 57 69 12 13  - 55 27 68  -  7 66 40 41 24 58 63 47 64 36 60 22 16 11 37  9 44 23 42  1 29 52 65  5 59  - 61  - 67 49 31 45  - 51 17 25 46 33  -  4 14  8
 68 58 12 45  7 62 20 55 59  -  -  - 11  - 47 63  9 28 36 27 67 39  8 61 31 70 43 19  5 51  4  -  - 21  - 16  3 40 52 49 26 22 34  - 69 44 50  -  -  2 30 65 41 17 35 57  - 15 38 32  - 33 37 10 25  -  - 53 54 48
 17 55 39 43  - 33 37 42 70 22  4 58 27  -  - 18 44 14 53 34 20  3 67 65 54 11 30 59 45 57 62  -  - 61  6 51  5 10 49 60 69  - 31 40 48  - 56 63  1  - 38 16 19 13  8  2 12  - 36 26 66 46  - 52  -  9 35  7 68  -
 60  -  -  - 70 43 54 27  2 42 24  -  - 37 58 67 46 16 49 17 33 23  - 25 66  -  - 31 18 53 13 35 64 26  9 59  - 69  - 12 57  5 63 30 21 34 14 22  - 28  - 62  - 39  6 40 51 10  3  8 65 48  - 15  - 41  -  1 11 56
  8 56 51 54  - 17 65 63 13  - 61  6 32 49 67  3 70  -  - 50 55  -  - 39 36 24 22 14 64 48 59 26 37  - 58  4 27  5 66  -  - 47 62  2 42 33  - 53 44 31 46 28 34 45  -  - 41 30 52  - 69 21 20  - 29 18  - 35 38 12
 45  -  8 52  - 65  3 19  1 59 44  4 26 57 27 15 22 47 18  -  - 60 31 51 30  7 32 64 53  5 25 46 69  - 49 10 67 23 36 20  - 63  - 68 24 39  - 40 42 34  2 29  9 33 66 50  - 12  - 61 54  - 14  - 17 70 43  -  - 13
 43 16  - 57 20  3 25  9 32 47 51 46 22 34  4 10 18 64 37 59 44 28  6 24 11  - 69 29 62 33 56 23  - 17  7 58 26 48  -  - 52  - 61 38 39 70 12  - 60 66 67  - 14 40  1 55 63 54  -  - 41  8 36 27 30  5  - 65 53 45
  7 30 21 27 18 47 64  -  - 58 36 33  2 11  8  -  3 50 65 13 26 55 24 44 57 48 59 53  - 40 14 20  4 63  1 37 61  6 68 34  - 62 49  - 56 38 52 32 70 12  -  9 35 51 16 15  - 19 39 10 60  - 67 46 42 22 69 29  -  -
