3920
 64 11  -  -  3 67 24  - 14 61 47 49 45 18  9 42  - 50 15 68  -  -  -  -  8  6 33 34 25 62  2 28 10 46 20 23 12 13 22 32  - 70  4 58 26  -  -  -  - 53  - 59  - 37  -  -  5 39 27  -  - 35 51 60 21 48 40 41 44  -
 52 19  1 48 38  - 62 49 42  - 43 32 15 29 12 69  -  - 33  - 70 37 25  - 24  8 58 39  -  2 57 22 47  -  4 30  - 64 41  - 36 61  9  7  -  -  - 16 65 44 63 54 56  - 26 68 60  - 20 11 35 50 14 67 28 34 51 53 18 59
  -  5 19 68 63 13 56 23 47  7 48 41  - 24 53 60 17 58 64 52 46 54 21 29 26  -  -  -  -  - 62 45 40 55 51 35  1 42  -  - 14 12 59 49 32 15  - 50  -  3 69 61 67 28  2 34 31  -  -  8 57 65  6 33  4 11 18 44 30 25
 58 60  6 29  -  - 15 42  5 35 46 50 47  3 23 43 22  - 67  7  4 25  - 26 48 16 65 11  - 63  - 41 51  1  9 56 37 45  - 38 19 52 62 18 55 36 70 27 53 17  - 34 59 10 66 64 68 24  - 30 31 54 39 12 33 61  2 20  - 14
 54  - 22  - 13  - 69 63 50  - 23  -  - 46 35 33  - 29 66 18  5 60 62 14 47  7  -  4  -  - 61 38 59  6 57 27 45  9 31 34 15 36 52  1  - 24 51 10 44 55 67  - 41 11 12 19 28  2  - 49 64  - 65 68  8 37 21 70  - 56
 16 18  -  - 34  - 31 64 69 66  - 63  -  8  -  -  - 52 42 24  - 13 17  -  - 15 37  6 45  - 68 23 56 54 43 25 27  -  7 10  - 59 26 29  - 12 48 40  - 32 39 38 36  -  -  5 47  - 67 60  3  1 11  2 70 19 65 50 41 61
 62  - 64 32 16 11  -  6 22 18 14  9 34  1 17  - 57 12  5 29  -  - 15 67 10 68 63 66 40  - 28  - 35 21 33 65 61 48 53 19  -  - 58 36  - 41  4  7 38 24 51  -  - 69 23  8 20 13 31  - 39 30 50 55 42 27 52  3 43 37
  1  - 14 25 47  - 26  - 58 13 65 53  -  -  5 34 21  - 32 60 28 15  3 38 22 66  - 59 63 67  9  6  - 52 35  - 39  - 20 54  - 48 42 30  - 40 61 33 24 64  - 23  -  - 69 31 57  - 11 18 50 49 56  8 46 70 43 16 37  -
  -  - 70  - 30 48  - 21 16 39 45  2 57 37 40  4 52 54  1 20 58 24 43 61 65 25  -  - 13 51 59 33  - 42  - 12  9  - 32 62  -  - 28 46  3 27 18 34  - 49 36 66 60 68 19  -  -  - 10  - 44  -  8 14  5  - 23 35 67 50
 68 51 26  -  - 53  2 33 21 22  5  - 67 60  - 25  - 20  8 40  - 23 55  1 52 24  - 56  - 50 58 30  - 62  - 16  - 44  9 42  - 35 64  -  -  6 11 54 47 57 59 14 29 43  - 38 61 63 34 19 12 28 70 18 27 66  - 45 39 41
  - 35 67  - 64 23  3 38 20 15 25 55  - 51 49  8  2 61  - 45 14  - 26 16 30  1 19  9 36 65 43  4 12 27 32  - 46 52 57 13 24 31  - 56 11  - 41 70 10 48  7 18 22  - 33 53  - 58 62 28 68  - 59 37 60  -  - 40  -  5
 50 65  - 70 40 56 28 11 17 14  9 54  - 48 18 32 25 45 26  3 39 59 19 49  7 34  -  - 35  - 31 21 29 33 64  - 30 15 67  5  -  2 47 12  - 46 52 68 37 63  4  1  6  - 44 51  -  - 38 55 13  -  - 16 36 43 66 62 60 22
 36 47 11 15 58 24 45 12 61  - 34 28  -  9  - 37 62  - 23  - 49 14 29  - 20 53 13 19  -  5 30 50  1 41 67 66 22  -  - 43 16 57  7 26 60  - 35 48 59 69  -  4  - 27  3 40  - 10 25  - 21 18 52  -  -  -  - 33 56  2
 17 59  9 51 44 30 36 43  7 65 70  - 37  - 11  3  - 56 21  2 61 28 32 50  6 38  - 18  -  -  - 12 58  - 49 46 24 14 60 45  4 69 20 22 23 68 66 39 31  -  - 53 54 52  1  - 13 62 29  - 63 19 33 15 41 64 55 26 10 27
 56 29  - 67 26  4 40  3 18 33 53 14  - 38  - 31  8 65 11  - 10  9 37  - 62 47 22  7 60 32 25 46 55  - 28 58 49 20  -  - 41 66 15 51 36  5  - 17  - 19  1 48  - 61  - 57 63  - 64 42  2  6 54 39  - 52 45  - 13  -
 67 22  4 20 56 43 46 60 37 32 54 52 17  -  - 35  -  -  - 48  7 45  2 13  - 31  - 44 16 36 47 58  3 26 38  - 18 63 49  9  5 23 68 21 19 29 14  -  - 51 40 41 10 24 64 30  8 70  - 61 65 25 53 59 39 42 11  - 62  -
  -  -  - 21 54 59 65 67 33 63 55 35 38 50 16 11 39  - 61  - 42 51 60  6 69 62 44 41  2 30 19  - 48 31 56 70 64 18 66  8 52 47 23 43 17  7  - 24 28 13  -  3 68 58 57 32 40 22 26  -  -  -  4 27 15 25 34 14 46  -
 70 57 12  -  2 27 23 37 45 49  -  -  - 11 67  6 56 25 69 44 31 34  -  -  - 46 54 13 62 59 51  9 50  - 22 26 47 53 10 48 30  -  -  -  -  - 40  - 29  - 52 64 35 15 42 14 55 61  8 41  - 38 63 66 68  5 17 58  - 18
  -  4 47 44 42 45  - 59 64 48 10 30  8 27 36  - 63 62 13 11 24 56 66  2 28 51 60 68 41  -  - 16 57 61  - 38  -  - 65  - 55 18  -  - 52  - 67 35 69 29 20 50 46  6 25 54  3  -  - 32 22 37 43 34 23 31 26  - 21 49
 48 36 24 16 65 61 35 70  -  3 57 66 11 69 51 38 34  - 44 30 53 62 42 41 55  - 29 15  8  7 22 26 60 64  - 37  -  1 33 20 46 67 40 10 39 43  - 14 27 50 47 31 28 56  - 52  -  - 32  - 19  -  - 49  -  6  - 12  9 58
 60 20 49 50  1 65 42 66  - 26 59 68 31 33 54 41 44 40 16 36  - 17 61  - 67  - 43 48 70 29  -  - 63 47 30  8 56  - 14 51  3  -  2 34  9 35  7  - 32  4 38 55  - 13 27  - 37 52  5 64 45  - 12 25  - 58  - 19  6  -
 51 58  - 40  - 57 16 39 32  5 62  - 14  -  - 20 54 10 24  -  - 22  - 43 35 12  - 52  1  -  6 47 31  - 11  -  -  - 56  - 68 21 44  4  7 60 19 63 67 34 13  - 49 18 36 26 66 55 45 50 59 15 46 53  - 28  - 42  2 70
 42 40 21  6  - 51 54  8 29 25 68  - 35 34 28  7 53 11 38 33  -  - 36 56 37 23  -  - 66  - 10 70 52  3 39 60  - 67  4  - 59 24 27 48 31 64 43 20 26 18 14 19 50 62 15 55 58 46  9 57  5  - 17 61 12  -  -  1 63 45
 20  - 16 45 21  1 64 50 39  - 27 69 53 26 56 19 68 70  4 13 59 35  - 32  5 17  6  3 42 37 60 40 38  - 66 29 67 43 25 52 23  7 54 33  - 57  9 12 18 58 62  8  - 44 65 36 15 51 55 34  - 48  -  - 61 24  - 47 31 10
 24 62 69 39 66 64  7 29 52  - 51 27 46  6  4  - 32  3  - 28  -  -  - 58  1 26 11  - 59  -  - 55  - 22 13 53  - 47  5 31  - 40 67  - 42 61 30 25 34  8 43  2  - 65 45 18 12 50 49 10 14 57 35 56 16  - 60 63 70 19
  4 67  - 19  9 55  - 46 24  - 41  8 39 43 45 14 31  5  - 62 21 66  - 53 59 58 30 42  -  -  - 69 20  -  1 51 52 70 15 28 13 50 29 32 35 44 49 22  7 27 11 16 38 33 48  3  2 18  - 12 40 23 36 26 64 54 61 34 65 57
 38 41  - 27 67  7 33  -  3  - 52  - 65  - 62 45  - 28  - 23  - 11 22 17  - 19 68 49 31  - 20 36 70  -  - 54 32 21 35 50 69 30 18 63 56 59 15 47  5 60 64 51 55 40  -  - 46 14  -  9 37  -  -  1 66 44 48  -  8 29
  -  -  3  2 14 32  - 65 35 69  - 40 22 55 46  -  4 24 25  1 17 61 67 12 42 57 64 47 33  - 52 53 16 45  - 18  - 27 36  - 48  - 56  - 68 62  5 60 11 26 66 43 31  8 29 13 49 21 41  - 10 34  7 51 20  9 37  - 28  6
  -  3 15 64 52 22  - 13  2 58 20 37  - 65 21 56  -  - 40 69 68 10  5 57 29 67 36  -  7 39 48 18 44 53 46 61  - 54  - 41 34 55 30 16 12 11 28  9  8 23 25 62  - 51 31  6 70 59 19 24  - 33 66  - 14 45  - 60  - 32
 66 38 35 18  - 68 20  - 34  2 29 65 42 49  - 57 64 30 60 47 62 12 59 21  - 40 67 27 43 14  - 31 15 39  -  - 25 55 44 58  -  8  -  9  - 16  -  6 54 22 28 45 17 48  4 56  -  5 61  -  - 70 32 23  3 41 19 37 53  -
 35  8 34 13  -  3 43  2  9  -  - 23 50 52 63  -  - 32 58 37 20 41 51 30 61  - 48  - 29  - 66 65  5  - 15 33 26 12 64 47 62  1 39 27 25 45 17  - 19 59 10  - 16 31  6  - 18 56 28 14 38 60 69 11 53 57 36 55 40  4
 49  2 54  9  6 52  - 20  - 62 50 22 64 30 38 28 51 19 43 67 45  - 58 68  - 21  - 40 65 10 26  -  -  - 59  7  -  -  - 35 18  3 34 39  - 25  1 66 33  - 27 63  -  5 24 60 42  8 23 48 46 31  - 36 56  - 44 15 17  -
 11 68  8 57 69 60 41 62 49 67 28 31  - 63  - 48 30 36 20 58  - 64 53  - 44  3 14 70 21 56  -  - 46  - 50  - 23 22 45  7  - 51  - 37 59 33  -  - 13  9 61 40 34 35 16 17  - 66 54 26 55 52 15 24 18  4 39  - 38 65
 53 27 13  1  8  -  -  - 56 23  4 67 20  -  -  - 48 44 45  - 12 21 34  -  3 42 18 61 28 70 32 57 24 49  -  - 14  -  - 36  - 46 63  5 65 38  - 19  - 62 29 58 26  - 55 16 59  - 60 54 69 40 30 47  - 22 50 43 66 64
  -  -  -  7 41 29  - 15 46 20 69  - 10 32 61  2 50 35 57 22 63  8 39 42 53 56 55 26 54 60 67  - 36  - 23  - 28  6 27 17  - 34 12 38 30 14 37  3  - 66 58 33 44 70  - 49 25 43 16 31 51  - 68 40 45 47  -  4 24 62
 25  -  2 41 50 54 67 35 68  -  - 51 60  -  - 70 23 38  - 61 27 43  8 18 45 69 31 24 47  - 44 39 28 17 62 57  7 59 42 16 49  - 37 52 14 22 32 65 56 36 15  5 11 46 63  4 64  -  1  6 33  - 21  - 19  3 10 48 34  9
  5 50  - 12 48 36 18 51  8 41 17 13  - 68 20  - 60 31 65 59 47  4 64 10  - 52 24 37 46  1 38  3  - 11  -  -  -  - 28  2  - 39 25  6 33 54 26 32 55  -  - 44  7 57 22  - 19 29  - 21  9 27 23 63 62 30 69 49 14 40
 23  - 61 60 51  - 11 57 40 27 36 10  5 53 14  -  -  - 17  - 52 20 68 59 33 64 21 63 67  4  - 43 13  - 19  -  6 65 34 26 45 54 50 66 70 28  3 55 25  - 32 56 39  7 37 35 38 48 18 62 30 41  - 29  2 46 22  9 47 24
  -  9 32 23 20 66 58 31 63 68 56  4 54 13 43 16  - 60  - 65 37 36 18 51 19  - 41 55 61 21  - 34 42  8  7 14 11  - 12 44 25 53 22 69 27 48  - 29 40  2  3 15  5 67 46 10  1 47  6 17 70 39 38 30 26  - 49 28 50 33
  -  6  - 28 35 21 13 24 12  - 64 34  9  - 26 55 18 57 46 27 30 29 47  - 60 59  2  -  - 23  -  -  -  - 54 63 41  -  8 53  -  -  - 19 51 65 56  - 66 45  - 67  - 42 11 70 50  - 14 25 20  -  -  5 31 40 58 38 68 48
 27 44 17 36  4 28 70  -  -  - 22  - 12 45 13 23 33  2 47 54 50 16  -  3 41 37 53 14 39 34 63 48 66 24 18 62 15  5  -  - 67  - 11  - 29  - 46  8 30  -  -  -  -  1  - 69 56  6 35  7  -  - 61 10 58 65 57 32 51 55
 13 14 41 33 27 58 10 54 30 52 19 12 56 59 69  - 65  4  2  6 40  3 24  - 34 36  9 67 64  - 70 51  - 35  - 21 38 25 11 22 60 37  8 28  - 66 57  - 42 20 31 17 23 29 32  - 26  - 63  - 47 45 49 62 50 53 15 18  7 44
 34 70 46 35 45  8 14 18  -  - 21 42 28 41  -  - 59 26  -  - 32  - 56  - 16 44  - 29 20 25 40 63 67  -  3 49 60 66  1 24 47 58 19  2 48 51  -  - 43 39  - 36  -  - 30  -  4 33  7  - 17  9 37 57 65 23  5 52 55  -
 28 53  -  -  7 41 61  -  - 10 35 64 52  -  -  - 70 48 30 57  - 67 14 37  - 33 59  - 12 18  4 66 69  9 26 19  - 29  2 60 50  - 38  - 22 20 54 21 46 15 24  - 58  - 43 44  6 34 65 47 23 32  -  - 49  -  -  - 11  1
 29 24  -  - 15 33 22 48 26 54  - 39  1  5 58 64  7 37 31  -  6 27 52 20 49 55 50 21 18 43 65 35  -  -  2  9 36 32 40 63 51  - 13  -  - 19  - 46 41 56 53 30 57 34 62 47  - 11 42 68  8  - 28 70  - 17 12  - 69 23
 61 45 60 31 12  - 32 10 25 29 30 46 51 64  -  -  - 53 28  - 67 55  4 35 43 41 26 33 14 66  5 17  - 70  - 50 54  3  -  -  6 63 69 15 18 58 22 59 48 65  2  -  9  - 40  7 11  - 44 13 16 24 20  -  - 49 68  - 23 21
 63 26 30 14 23 19 25  9 44 70 60 59  4 66 27  - 45 22 10 15  8 58  -  - 11  -  - 50  - 13 39 37  - 34 31 52  - 38 68 21  2 65  5 55  - 49  - 57 61 47 12 69 42 16 18  - 24 53  - 20 67  - 41  7  -  -  - 64 36  3
 30 43  - 66 57 16  5 55  4 36 18  6 58 67 19 10 12 14 49  -  -  - 23 48  - 27  -  -  - 46 69  - 21 56 41 64 34 17  - 15 37 60 70  - 44  - 38 51  - 40 35 32 53 25 47  -  - 28 22  - 61 59 26  -  -  7 62  - 52 54
 45  1 63 34  - 12 44  - 67 31  6 38 13  - 57 26 61 64 35 70 29 19 69  4 51 14 32 20 27  - 42 25 17 10  - 41 48  -  -  - 53 15 24  -  5 55 23 56 22 37 33 11 30 21  9 58 43 65  3 52 18  7 62 54 59  -  - 46 49 16
  2 52  -  - 43  - 47 40  -  - 11 29 23 19 39 27  1 34 36 26 64 33  -  9 13 60 62  -  - 48 50 56 65 28 12 69 20 61 54  4 66 14  - 57  6  8 44 49 58 46  - 35 45 63 68 24  -  3 53  - 15 21 42 22 37 32 25  -  5 31
 15  -  -  - 29 69 63  - 65  1 38  5 66  -  8 47 10  - 54  - 44  6 16 70 68 30 56 25 26  3  - 24  -  - 27 28 58 23 39 64 12  - 57 61 34 18 55 45 21  7  - 13 48 53 17  - 35 67  2 43 52 22  - 20  9 50 42 59  4 36
 40 61 42 55 62 49 52 58 13 46  - 70  3  - 34 68  - 47 56 64  -  - 27 44  - 22 20  5 32 41 15  7 30 43  -  - 53 35 63  -  9  6  1 59 54 21  - 38 39 11  - 57 19 23 60  2  -  4 50 45  - 36  -  - 10 51  - 25 33  -
  9 66  - 52  5 50 59 45 11 37 63 60 18 21 30 24  3  7 14 25  -  - 40  - 46 43  4 32 23 33  - 54 27 19 55  - 51  2 47 67 17  - 65 31 49 10 69 41  6 68  - 29 12  - 61 15 36 16 48 56  - 58 64 42 44 20  1 57 35  8
 14  - 36  - 10  -  - 69  6 30  -  3  2  7 32  9 28  - 55 35 22  -  - 25  4  - 38 12 19 61  - 52 11 58 37 68 50 33 59 56 57  - 16 60 41 26 39 64  1 21 18 70  8  - 49 63 23 42 15 44 62 51 48  - 47 67 20 31  - 53
 31 42 37  - 68  -  - 27 15 53 58 26 49 70  1  - 41  - 12 55  9 69  - 64 14  -  -  - 24  - 13  5 23  - 61  2  3 57  - 40  8 29  - 35 50 47 34 30 63  6 56 22 33  - 39 62 32 60 36 65 66 67 45 21 11 10  - 51 59  7
  - 46 40  3 24  9 12  1 70  - 61 44 32  4 68 13 37 69 50 56 26  - 54 47 38  - 52  - 10 64 17 27 22 15 21 34 31 60  - 23 43 11 45 62 67  - 58 53  2  -  5 25  - 39  8 28 51 20 59 33 48  - 19 35 55 18 14 65 42 66
 19 17 31  5 46 15 21 22 38 47 44 45  - 56 41 50 36 42 39  -  - 57  7 60 18  2 34 30  9  - 33 11 62 59 52  - 65 58 24 55 63  - 48 23 64 69  8  - 35 12 26 10  - 49 20  - 29  -  - 66 27 16  3  -  6 14 67  - 61 68
 55 48  - 10  - 44 51 28 66 34 37 58 36 35  - 53 38 59  3 32 19 42 31 23 25 50  8  2 69 47 14 68 33  - 65 45 43  - 70  - 40  9 61  -  - 63  -  5 49 54  -  6 20  -  -  -  -  7 21 27 11 64 57  4 52  - 13 30 29  -
  7 13 50 54 25 62 66  4  1  - 33 43 59 20 48 49 19 67 18 14  2 65  6 15 23  - 69  - 68  - 46 64 34  - 60  -  - 36  -  - 61 28 55 44  -  9 45 11 70  5 30 52  3 41 21 42  - 27 37  - 32  8 10  -  - 38 53  - 57 35
 21 10 57  4 55 39  8  5 41 19 12 18  7 61 60 30 43 66 70 63 23 40 35  - 56 32 15 17 53 45 36 29  -  -  - 20 68 34  6 65  - 42 31 25 38 50 13 62  - 28 37  -  - 64  -  - 48 49 52  1 54  3 47 44 69 33  -  - 58 67
  - 63 18 30 36 37 55 14 48 21  -  1 62 42 10 29 67 16  7 43  - 52  -  -  - 20 35  - 51 27 24  8 68 65  5 32 17 49  3 11  -  - 53 64  - 56 47  - 15 38  6 28 61 19 50 23 34 44 12 40  - 69 25  9  - 13 59  2 45 26
  - 30 59 65 60 10  4 47 19 28 39  - 55 25  -  1 14 68 37  - 54 63 12 45 66 70 42 23 15 44 27 61 53 50  6  5 57  8 21 18  - 49 17 11  - 34 24  - 62 52 48 20 64 32 41 43  - 26 56 35 36  2  9 13 38 16 31  -  - 69
  - 16 55 46 33 35 39 30  - 50 32 17 68 10 59 66 11 27 51 38 65  2 48 54 40  9 49  -  3 24 41  -  - 36 44 22 63  - 58 29 42  5  - 53  8 52 62 18  - 61  -  - 25 12  7 20 21  1  - 23  4 47 31 64 34 69  6 67 19  -
  - 23 39 47 22 31 34 16 54  -  1 62 69 57 70 67 15 55 19 66  3 53 50  8  - 65 28  - 49  - 18  -  6  5 25  -  2 26 38 61 11  - 60 42 43 37 68 36 64 35  9  7 32 14 52  - 44 17  4 46 24 56 29 48 13 59 33 21 12  -
 32 25 43 56 53 26 50 19 10 45 42 24 63 12 52 61  9 18 41 34 57  1 11 27  -  5 70 64 22 20  - 13  - 60 58  -  - 31 69 33 65 17 49  8 47 67  2 28  3 14 23  -  4 30 51 66 62 54 40 37  6 46  -  - 29 15 35  - 48 39
  3 69 23  - 32 63 37 44 53  8 16  - 43 62 50 52  6 33  - 10 11 48  1 36 15 28 45 46  5 35 29  - 18 51 17 40  -  4  - 14 54 56 21 47  - 70 20 31 60 67 19 49 27 59 58 22  - 41 68  2 25 55 34  -  7 12  - 39 64 13
 18 56 52 58 37 70  - 61 27  9  8  7  - 54 55 65 29 49  -  5  - 26 46 66 17  - 10  - 50 12 45 32 64  2 40  - 44 19 48 68 38 41 35  - 62 23 21 43 36  - 57 24  - 47 28 59 14 25 51  -  - 11 13 69 63  -  - 22 15 60
 33 28 66 42 19 38 60 53 31 55  2 11 48 16  - 51 49  -  - 12 15 50 13  7 64 63  1 45 56  -  8 44  -  - 34  - 62 41  - 46 39 20 43 14 10  4 65 61  -  - 54 27 18 22 35 29  9 57  - 69 58  - 24  3 40  -  -  -  - 47
  8 64 10 61 59  - 48 17 23 44 24 21 40 15  2 46 58  - 68 50 60 30 33 34 27 29  5  - 55 11 37 67 49 20 45 13 16 39 43  6  - 32 41 54 69  1 53 26 14 31 42 12 66  9  - 65  7 38 57  - 56  4  - 19 25 62 63 36 22 52
 37  -  5 11 17 14  - 68 36  6 26 56 24  - 29 18 47 15 62 21  - 49 45 31 54 61 27 69  4 38  - 19 39 23  - 59 35 50 30 25  - 33 66 41 63  2 64 44 16  - 60  - 52  3 67  - 65  - 43 22 34 53 40 46 32  1 28 13 20  -
