3920
 40 17  7  - 11 54 52 18  -  5 13  - 24 38  4 36 67 28 27  - 30 66 22 10  - 33 20  - 64  9  - 68 53 58 59 41 46 21 26 14 19 57 39  - 37 62 15 44  - 48  - 55 16 60 69  -  3 63 49 56  2  8 47 32 45 23 34 12 35 61
 67 66 37  9 23  -  5 30 26 39 47 29 32  -  2 61  - 12 52 45 46 28  - 34 53  - 25 51 20 55 31 58 15 43  -  - 38  4  3 16 35  - 57  - 50 49  - 27  - 40 13 22 17 48 44 69 18 54 11 41 56 63 10  8 19 60  -  6  1 24
 10 63  -  -  5 58 65  - 47 67  7 16 64  - 42 33 13  - 39 60 40 30 54 61 35  1 62 21 15 68 32 20 43 49 37  9 66 36 70 12 28 24  - 23 52  -  6 46 45 38  2  - 56  8 53 41 59 57 18 29 17 50 48 69 11  -  -  - 26 31
 18 46 35 33 20 19 30 68 62 38  -  3 22  4  - 56 23 42 29 64 37  - 24 44 15 36 58  2 25  - 69 57 26 51 63 28 32 48 31  - 66  - 65  - 49 12 61 52  - 67  8 59 45  6  - 27 17 50  7 13  1 14 40 70  -  5 43  -  9  -
 38 34 49 41  - 69 57 60  -  7  6 30 26 46  - 51 40  8  3 68 24 29  -  5 54  2 45  - 36  - 16 15  -  - 10 50 23 66  -  - 25 28  - 12 58 59 43 18 19  -  - 48 52 11 62  1 27  4 61  - 63  - 64 47 14 17 70 21 55 65
 37 15 38  -  -  8 36 65 42  1 49 45  - 18 53  - 59  4 24  - 21 67 51 26 62  -  - 11 69 27  7 14  - 68 61  - 56 60 44 28 46 39 17 32 33 70 54  2  6 25 50 12 47 55 58 16 63 64  9  -  -  - 23 40 29 19 10 20 57 30
 33 36 20 24 50  - 12 66 55 42 46 69 48 47  -  9  - 64 30  -  1 59 19  6  -  4 49 39 29 10 13 32 57 41 56  - 14 65 16 44  2 51 68  8 22 54 60 45 11  - 62  - 67 31  3  - 52 40 58 53 35  - 43 25 27 38 18 63 23 37
  - 44 14  -  - 10  - 25 18 28 59 66  -  -  - 47  3 23 38 11 20 52 46 51  7 41 35 29 21  -  -  - 48  6 34 49 58  -  - 61  - 15 42 56 16 57  - 68 31  - 30 39  4  2  5  - 12 27  8 62 60 22 50 67 33 70 63 26 13 19
  3 21 11 43 32 12 29 17  - 51 52 41 47 23  7 68  - 35  2 57  - 56  - 27 58 61 13 46 19 48 44  - 28 37 67  - 45 54 62  - 55  - 33 69 24 64  9 65 60 30 22 16 18 10  - 14 39  8 36  - 20 25 15 38 53 63  6 70 34  -
 11  -  - 70 37 35 21 12  - 65 30 59 62 55 44 10  -  - 41 24  - 58 60 53 69 43  - 52 31 57  - 33 64 61 32 13  - 17 56  - 14  9  -  - 54 66 22 39 67  5 15  7 19  -  -  6 28 48  3  -  - 68 36 50 63 46 29 34 25 49
 17 62 61 29 26 27 63 45  - 13 10 12  -  - 39  -  4 40 44  1 28  - 14 24  -  - 56 18 49  5 33 51  - 69  - 65 19 55  9  2 67  7 16  6  - 52 68 59  -  - 20 43 54  - 66 38 46 25  - 64  - 30 42 57  3 36 37 50  8 48
 12 52  - 69  - 41  - 46 15 57 55 38 13  - 14  - 18  9  - 44 61 16  4 36 42 45 67  - 39 20 10 63 65 22  -  - 34  - 58  - 48 35  - 37  6 40 53 23  -  - 60 30 21 17 70  3  1 32 50  2 26 31 62 59 51 66  -  - 28 54
 27  -  -  - 54  - 31 48 51 22  2 21  - 63 58 23  - 16 19  6 43 49 67  - 33 30  8  -  -  4 29 52 45 40 26 20 61  -  -  - 37 38 64  7 66 18  -  1  - 47 53  - 46 70 50  -  - 35 69 34 32  5 44 11 12  3 15  - 59  -
 58 41 30 50 55 70 60  -  - 12 40 35 20 49 38 19  6 21 33 29 51 68  - 39  9  -  -  -  5  - 11 26 56  4 23 67 24  8 66  - 59 27  - 47 34 28  - 57  - 42 45 63  - 43  -  2 13 61  -  -  - 18  3 10 52 44 36 54  -  -
 49  -  5 61 15  -  - 54  9  6 60 50 59 28 20 45 32 33 64 27  - 17 43 52 48 10 46 63  3 38 66 47 23 55 62 57  -  - 29 11 69 44  - 22  - 25  - 34  8 70 26 56 24 67 12 68  - 58 41 65 21 13 31 37 36 53  - 19 42  1
 16 28 17  3 68 37  - 38  - 19 43 11 63  8 57 15 20 34 66 67 59 53  9  4 47 70  - 45 13 14 24 42 61 36 51 44  - 52 60 29  1  - 12  - 25 58  -  - 56 49  -  - 64 41 33 46 21 62 22  -  6 26  - 54 35 65 55  -  - 27
 53 60 62 35 33 40 34 24  -  - 25 47 45  - 36  -  -  5 16  - 42 61 28 21 19 31  2 55 17  8 18 70 14  -  - 37 39 13 57 32 56 26 54 46  - 29  - 58 44 64  4  3  6 69  - 23  - 41 63 11  9 10 38 20 48 59 49 27 65 22
  -  6 36 10  3 32 62 69  2  -  - 39 61 59 11 25 14 48  4 54 17 45 21 35 23  - 24 42  9  - 19 16 60 57  - 55 44 33 12 66  -  -  - 50  - 31 27 22 38 28  7  - 29 34 37  - 65  - 52 49 47 43 26  - 13 20  - 53  - 46
  -  - 53 66  -  5 19 21 25 70 23 32 67  7  -  -  - 44 65 26 33  9 15 31 20 35  3 34  - 58 28 62  - 60  -  - 43 46 27 18  -  2  -  1 51 69 48 10  - 36 57  - 12 30 40 52  - 29  -  4 50 49 45 55  6 13 64 56 47 14
 61 18 40 25 21  - 13 57 14 35  5 15  -  -  -  - 38  -  8 50 12 63 59 19 28 44  - 36 51  -  - 60 69 31  1 26  -  - 53 34  - 22  - 10 30 48  -  - 66 20 70 54 68 33 65 56 23  3 29  - 37  2 67 42 62 41 27  9 46  7
 48 65 42 11 10 23  - 35 34 16 37 49  - 66 46  - 33 68 70  - 62 22 17 58  - 38 14  - 18 24 25 64 27 12 43  5 31 19  - 13  - 61 67 39 44  6 52  8 63 57  -  - 69 53 56  -  -  - 15 47 40 28 20 21  - 55 30  - 36 32
 13  - 24 38  -  -  - 11 54 58  3  - 40 48 68 29  -  -  - 17  - 20 36 37 49 67 27 56 33 70 52  - 10 66 60 19  6 25 65 59 53 55  8 51 41 32 64  -  2 22 12 69 34 26 63  - 43 14 31 44 45  1 30 28 46  9  -  - 39 50
  -  4 66 15  9 34 50  2 21  -  - 22 60 62  6 39 56 52 36 31 54 41  - 59 24 29 12 57  - 63  5 61  -  1  - 23  - 42 18 38 45 70 55 26  - 30 10 37 17  3 44 47 58  - 28 65 48 67 19 40  8 69 13 35 25 68 51 43 16 64
 44 33  -  8 34  4 48 43 65 45 53 14 66  9  - 11 62  -  1 40 39 24 12 68 60  - 22 50 38 37 49  7 58 25 15  -  2 26 10  3 23  - 28 63  - 46 32  -  - 52 67  - 42 16 51 35 70  5 20 61 13  - 27 36  -  6 31 55 21 29
 64  -  1 68 70  -  7 55 33  - 24 61 28 31 18  - 66  -  -  - 47 69  3 41  - 59  - 54  -  2  9 25 40 32 35 14 27 44 15 48 16 45 49 38 10  - 62 30 42 60 52 46 63  - 29  - 11 13 51 17 12 23 34  - 26 56 58 22 19 20
 70  1 44  6 41  9 14 27  -  3 66 68  - 34 67  -  8 63 58 20 22 32 18 40 26 50  - 28  -  7  - 35 51 29  - 62  5 59 45  4 12 23 53  -  - 21 56 19  - 15 16  - 33 25 30 55 37  - 38 60  - 61  2 49  - 69 65 31 24 57
 25 23  3 52 31  -  9 20 60 21 56  8 68  1 32 37 11 41 35 70  - 19 69 12  - 49  - 62 59 47 14 50 34  - 57 22 29  2  - 17 36 16 44 45  - 13  5  - 51 58 28 40 61 39 26  4  - 43 53  - 42  -  - 48 18 24 46  - 63 66
 14 31  - 65  - 26 67  5 19 20 16 18  -  6 59  - 48 70 63 28  -  - 27 66 11  - 38 24 34 64 21 40 22  -  - 58 52 37  - 23 30  -  -  -  - 60 12 25 41 68 10 53 49  - 13 43 61  2 56 46 51 15  -  - 42 35 45 36 54 69
  -  - 41 48  -  -  -  1 31 17 36  4  9 37  - 67  - 22 47 63  - 50  - 60 44  - 43  - 62 65  2 38 55 18  8 61 54 70 51  - 24  3  - 33  - 10  -  - 21 11  - 68 15 46  - 28 69 66 59 57  - 34  - 16  5 39 12 32 14  -
  -  -  9  - 12 60 61 56 45 30 68  - 57  - 31 27 58 49  - 36 29  - 44 54 70 25 51 10 23 69 50  - 19 47  -  - 55 63  - 33 13 66  - 59 46  -  -  - 40  -  - 52  5  - 15  7  -  - 43 39 18 32 53  - 17 34 42  -  - 11
 55 70 21  7  -  -  6  4 63 36  - 44 25  - 50 49 46 37 60 62 48 13 23 30  - 47 32  1  8 17 41  - 12 59 69 29 18 11 67  9 58 10 15 61 57 34  - 51 28 66 24 33 65 35 22 20 31 19 27  - 43 16  5  - 40 14 53 39 38 42
 43 68 26  2 60  - 24 33 35 54 19 28 70 57 13 53 63 46 25  -  - 39 50 22 56 18  -  5 52 49 58  4 32 16  -  - 12  - 11 51 31 20 27 34 65 55 44 42 61 21 29 64 41  1 23 36  7 38 62  8 48 47 17  6 37 15 69 59 66 67
 69 49  -  5 17 56  1  - 24 66 67  - 53  - 16  - 36 27 54 10 68 40 39 32  - 42 11 37 35 59 55 29  - 46  6  3  4 38 22 26 41 65 18 19 45  8 23 47 20 33  9 15 14 63  -  -  - 30  - 50 31  - 57 52  - 64  -  - 48 70
 20 27  - 53 58 14 25 15  3  - 54 56 35 70 33  - 51 17 22 13 52  2  - 67 34  7 55  -  - 60 68 19 42 39 21  - 10  6 30  5 57 64 50 29 18 26 38 63 46 43 11  9  - 37  8 49  - 47 65  - 62 48  -  - 32 28 16 23  -  4
 57 32 63 54 47 50 58 36 40  - 64 25 19 45 12 31 53 62 43  8  3  - 35 18 55  6  7 69  1 22 51  5  - 26 27 24 17 23 28 15 11  - 10  2 61 16  -  - 13 44 68 67  - 42 21 39 30 37  4 38 65  - 14 60 59 52 20 66 41 34
 24 20 47  - 63 33 42 14 16 48 57  - 34 17 62 50 10  - 69  - 60 51 26 43  - 65 28 30 55  - 70  1  - 13  7 35  3 58 64 56  - 52  4  -  8  - 36 32 12 29 54  6 11 61 68  5 40 22 25  9  - 59 21 18  -  2  - 46  -  -
 50 42  8 64 40 24 59  3 58 49  1  2 12 25 43 14 28 15  -  -  6 57 16 65 66 52  - 38 26 62 46 69 35 19  9  - 13 34 61 45 10 41 60  - 56 63 31 20 39 53 36 17 51 29  - 32  - 68  - 48 70 27  7 30 22  4 11 44  5  -
 59 24 10  -  7 43 44 49 23  4 62  -  5  - 51 26 57  -  -  3 53  1 52 46 31 22 17 12  -  -  - 55 33 11  -  2 15 32 36 30 64 69 20 21 38 61 63 60 16 56 48 27 39  9 18  - 50  - 66 68 25 70 28 45 54  8 35 65  -  -
 63 58 52 32 45 67 18  6 41  - 14  - 10 12  8  4 60 38  -  -  2 46 25  - 16  - 70 43  - 23 47 31 54 62 55  - 37  -  - 53 61  -  - 27  - 19 34  -  7 51  - 11 28 44 24  9  - 56 57 22 59  -  - 17 68 33 39 42 29  5
 34 51 25 46  - 31 23 41 30 52 12 58 44  - 65  3  - 45 21 32  -  6 29  -  5 24 54 35 43  - 56 48 67 10 50 63 28 49  - 36  -  1 22 68 64  -  - 14  - 18 47  8  - 13  - 42  - 60 33 59  -  -  - 15 20 40  4 17 62  9
 52 12  - 51 16 55  2  - 70 43  - 48  1  - 28 13 24 26 10 47  5 38 65 57 40  - 44 64 56 35  - 27 59 42 33 53  -  -  7  8  -  - 21  -  - 20  4 66 25 54 18  -  -  - 45 31 14  - 46  6  -  - 37  - 69  - 41 67 17 15
 54 37 57  -  -  - 15 19 22 10 50 70 56  5  - 28 42 29 55 41 45 23  2 25 27 39  6 16  - 52 26 65 18 33 44  7 60  9  - 20 68 31 46 36  -  - 35 13  3 34 43 62 40 58 38 64  8 53  1 32 66 11  -  -  - 48 59 49  - 47
  6 54  - 40  - 25 47  8 39 44 32 37 33 20 35 62 12 56 31 22 26  5 64 23  - 69 68 17 30 34 48  - 38  - 19  - 67 57 50  - 51  - 14 28  3 53  - 36  1 63 55  - 43 65 11 18 29 15 42 21 24 45 49 46 10 61 52 41  4 58
  9  -  - 57 18 68 56  - 67 29 17  7 16 33 63 24 22  1  -  2  - 37 32 13 10 15  5 47 70 61  -  3 20 23 30  - 65 27  - 58  - 11 45 48 55 41 59  -  4  - 14 38 50 21 19 12  - 46 34  - 44 52  - 39 66 54 26 51 53 62
 68 64  4 16 57 53 45 61 27  9 38  - 18 52 47 41  2 11  - 35  - 26  - 49 46  - 60 48  - 36  - 12 63 24 54 39 62  1 21 70 29 13 31 58 15 50 33  3 43 37  5 34 59 40 55  - 25  - 10 28 19 66  - 14 30 67 17  - 56  8
 65 38 67 44  - 59 54 23 53 32  - 57 31 64 66  7 19 14 62 51  - 48 11  8  2 58 63 25 61  3 27 46  - 35 24 21 20  5 69 68 60 17 13 15 28 56 18  4 30  6 37 26  1 52 41 45 22  -  - 43 33  - 12  9 70 42 50 40 49 10
 51  - 22  - 49 52  - 39 66 23 35  - 58 54  - 57 31 36  5 69  8  -  - 11  - 32  - 14 12 19  - 43  1  3 41  -  - 20  - 64 50 18  -  - 17 42 70 67 26  2 46 21  -  -  - 62 15 28 30  - 53 24  4 29 44 10 48 47  6 45
 29  - 13  - 59 20 22 44  - 64 31 42 30 21 41  -  - 69 28 38 49  - 48  - 65  5  - 58 66 32 34 24 70 52 18 12  -  - 14  - 54  - 56 17 26  - 40  - 15 46 61 10 23 62 27 37  - 33 39 25 67 19 63 51 55 57  - 35 45 68
 21  - 51 23  1 49 69 32 56 11 34  -  2 61  9 30 35 10 48 15 65 43 63 38 59 46 50 53 24 18 40 17 36 45  - 68 47 22 55 42 70 37  7 52 29  - 20  - 27  - 64 25 57 28 54 26 41 16 14  5  -  4 33 66 60 31  8  - 44  6
  4 61 48 49  - 22 66 64 59  - 18 46 42 15  1 63  - 57  - 39 11  - 53 14 29 17 37 13 10 56  - 28 44  7 65 43  - 47 19 35 34 40 24 16 27 51 26  -  -  - 25 20  8  - 31  -  5 70 12 23 30 54  9 58 50 45 68  - 33  2
 26  5  - 30  -  -  - 16 68 59 20  9 23 42 34 48 55  - 37  - 64  7  -  - 61 62 41  4 32  - 53 39 52 21  3  -  8 29  6 10 22 50  -  - 63 44 46 11  -  - 38 24  - 12 14  - 57 18 40  - 36  - 66 19  2  1 56  - 69 43
  1 13 18 59  4 47 41 70 12 40 15 33 38 29 23 32  - 19 45 55 14  - 30 64 43 48 34 26 63 31  3 56  2 28 53  8 36 35  - 37  - 67 62 44 60 11 16 50 68  - 17 58 22 51 42 25 66  9 54 20 57  - 46  - 61 49 21  -  - 39
  7 30 15 34  - 17 10 51 69 26 48 36  3  2 27  - 54 60 61 23 13 65 68  - 18 55 29 49 46 41 57 67 24  -  - 31 33  -  - 39 42 53 66  - 40  -  -  - 58 50 56 19 25 32  1  - 35 59 16 14  - 20  - 12  - 47 62 37 64 44
  - 57 32 18 67  1  - 13 36  8 22  -  7 58  - 34 25 59 12 43 63 21 55 33  - 28 66  - 47  - 20 30 37 56 52 15 16 31 24 41  -  6  3 53  -  9 14 38 48 61 39 29 60  -  4 40 44  - 64  - 69 46 68 26 65  -  -  2 11 17
 28  - 64 42 69  7 55 10 32 53 70 60 37 26 48 65  -  - 34  - 66 12  8 56  - 68  - 23  - 15 59 22 29  - 46 17 57 24 13 52 20 25 43 35  1 27  - 21  - 45  - 36 38 54 49  -  6 39  5  - 61  3 41 33  - 62  2  4 50 18
 15 59 29 13 25 28 39  9 10 34  4 52 46 22 55 18 49  - 17 48 32  -  5 42 57 16 19 61 37 66  - 53  3  2 40 27 64  - 47 69 65  - 51 60 68  7 41 24 36 62  - 70 26 45 20 44 56 11  6 30 38 33 35 23  8 58  - 14 67 63
 30 26 65 45 14 46  -  -  7  - 21 64 50 41 29 58 39 32 68 12 19 44 33  9 52 11 69 31 60  -  - 34 62 48 66  1 59  - 20 54 17  -  - 57  5  4 24 70 23  - 51 61  - 22 43 63 42 55  - 36  - 40 25 27 56 18  -  8  - 35
  -  - 28 39 52 15  - 50 13 46 69 17 14 68 25 20  - 47  7  - 34 42 70 29  - 56  -  - 45 21 67 59  - 64  -  4  -  -  - 22  5 62 19 40  2  - 37 53  -  -  6 49  - 18  9 54  -  -  -  - 10  - 65 63 38 12  - 30  - 51
 23  - 60 20 46 64  3  -  4  -  - 63  - 44 10 40  - 24  -  7 56 14 58 69  8 19 26  - 53 67 39 36 68  - 70 32 48 16 25 55 43 12  1  -  -  - 57 41  -  9 59 65 37  - 47 33  -  - 45 18 29  6 54 61 34 21  -  - 52 28
  -  -  - 47 13 29 26 40 28 31 63  1 55 16 15  - 64 39  9  4 44 35  -  - 68 60 52  -  6  - 30 21 17 53 48 45  - 62  8 46  - 14 11 24 59 65 67 69  5 12 49 42 70  3 10 66  - 51  2  - 41 36  -  - 23 43  7 61 58 25
 19  3  - 17 65  - 33 42 43 41 45 13  - 10 37 52 29  6  -  9 58 62 34 63 22 12  4 59  2  - 35  -  8  -  - 48 70 28 49 24 47 46  5 11 69  1 55 56  -  - 32 51 53 57  - 61  -  7 21 67  -  - 16 44 31 30 25 60 27 40
 36 50 68 28 39 51 70 34 52  -  -  -  - 30  - 46 15 61  - 16 38  - 66  7 63 26  -  - 54 12  -  8  - 65  2 18  - 56 59 49 21  - 32 31 53  -  1 62 69  - 27  - 35  - 17 57 58  6 44 45 14  - 22  3 24  -  9  - 20 33
 22 45 34 63 43 48 53 26  - 27 29 54 36  - 64 66 37 25  - 61 55 11 10 70 21 23 18  3  7  -  - 49 13 38 31  - 51 12 33  6 40 19 69 62 14 17 50  -  -  8 41  -  2 59 39 47  -  -  - 24  -  9 58  -  4 16 32 68 30  -
 60 55 33 22 42  - 46 67 37 25 44 65  8 50 52 12  -  - 53 34  - 15  -  2 38  -  - 40 41 39 61 11 31 20  - 10 63 18 23  -  - 54  - 64 48 68  3 49 47  - 35 45 32 14  6 17 51  - 24 66  5 57  - 62  9 29  -  - 70 36
  -  - 46 12  - 44 28  - 64 68 61 27  6 40 49 21 17  2 14  - 41 34 31 50  4 37 33 20 57 26 22  - 47  8  - 11 25 69 35  - 38 63  -  5  9  - 30 54 70  1  -  - 62 56 48 13 67 24  -  -  7 58 29 65 43 51  - 45  3 59
  5  - 45 26  - 42  - 37 48 62 28 10 49  - 19 70 50 53 40 56 57  4 61  1 39  9 15 32 67 30 23 41  6 34 25 69 11 14 43 63 18 21  - 66 47 38  - 33 22 59 65 35 20 68 46 29 54 52 17  -  - 44 60 31 64  7 24 58 12  3
  - 69 56  - 28  - 43 63 49 24 27 55 51 53 70 16 61  3 59 46  -  - 40 62 64  8 30  7 68  1 17 45  4 54  5  - 21  -  2  - 52 47 41  9  - 37 29  -  -  - 34 31 44 20 32 48 33 10 23 19 39 42  -  - 58 50 22 18  - 12
 47  -  2 37  - 39 38 58 61 63  9  6 69  -  3  - 68 65 56 66 31 55  1 17  - 34 59 41 28 11  -  -  -  - 20 46  -  -  - 25  4 36 29 67  7 43  -  5 33 16 19 44  -  - 35 24 62 23  - 27  - 12 51 64 49  - 40 57 18 21
  - 14 27 58  8 13 16 59 57 61 42 51  - 24 30 17  9 43 46  - 35  - 45 47 12 40 64  - 50  -  -  6 21  -  4 60  1  - 37 67 33 68 48 70 20 39 11 29 55 65 63 32  7 66 34 19 49  - 28 69  - 62 56  -  -  - 23 25 22 52
 62 10  6 55 61  -  - 47  - 33 65 26 11 35  - 69 43  7 23 42  - 18 38 48 36  3 40  - 16 25 54 44 50 63 22 56 41 51 46 21 39  -  9 20  - 45 19 31 49 27  - 14 30  - 64 59 34 12 67 70 28 53 52  2  1 37 66  5  - 13
