3920
  - 54 27 37  -  -  6 10 15 63  -  9 38 57 47 41 29 64 51 20 42 50 48 18 12 25 36  3 32 40 23  - 19  -  - 65  - 13 45 35  8 61 21  -  -  1  -  - 44  5 22 70 33  - 59  - 49 52 26 28 11 58  - 31 24 30 53 68 62 39
  -  4 13  1 28 19 53 70 63  - 65 57 61  - 10  9 67 20 23 51 68 44  -  - 24 15 17 37 45 21 31 11 50 34 59 16  - 12  - 54 40 30 41  2 33  - 36 22 69 52 27 18 42 62 58 60 43  7 55 49 46 38  6  8 14 32 39 66  5 56
 54 66  9  - 39 59 19 58 26  - 63 67  - 15 36 48 56 21 30 11  -  - 28 10 27  6 68  -  - 35 62 38 23 50 22 24  - 49 37 13 20  -  -  - 18  4 51 57  - 70 45 60 29 14  8 43 33 41 52  - 16  -  5 25  -  - 65 40  7 69
 50  - 45  - 34 56  - 63  3  - 30 60 33  5 13 35 51  - 26  7 62  6 68  4 40 16 12 39 69 42 21 20 64  2 32 54 57 58  -  -  - 10  - 22  - 66 25  9 37 17 28 53  - 52 55 24 18  - 61 47 70 65 23 14 15 59 36  - 44  8
 61 67  -  - 30 15 54  - 21 44 64 66 16 43  2 70 52 45  -  8  -  -  -  -  - 34 24  - 48 33 46 27 14 28  -  -  - 59 58 26 63  6 53  -  4  - 35 51 65 50 13  - 36 23 18 17 19 22  - 68  -  1 38 40  9  - 11 62 12 29
 58 46 40 14  - 67 27 55 59 43 34 25  3 31 57 20 16 26  - 49 44  - 52 19  1 53  5 21 33 61 38  -  4  -  8 11 51  - 64  - 36 35  - 50 65 68 12  - 39 32  2  - 22 69 63  - 30  6 10 15 24 17 29 66  - 37  7  - 28 13
  6 17 39 32  2 50 18  1  - 29 57  - 34  -  -  - 15  9 69  - 24  - 66  -  - 33 49 51  - 36 48 61 65 16  -  -  5 64 40 67 27 21  - 68 10 52  7 37  -  - 70 26  - 42 14  3 25 11 44 63 54  - 22  -  8  4 28 55  - 30
 30  - 63 34 62 26 44  - 48  - 29 70 35 69 52 11  - 55 39 21  - 49 54 61  -  4 59 33 41  - 57 14  9 64 28  1 43  -  7  - 50  - 16  - 23 12 24  - 56 36 32  3 20 17 51  -  - 47 53 46 22  - 10 58 40 19  - 13  - 45
 17  -  - 69  - 37  -  - 16 19 62 49 43  9 21 31  3  -  - 28 63  1  -  - 48 29  - 46  - 26 14  5 59 47 42  - 15  - 66 70  -  -  -  - 52 30 58 13  -  -  - 34 38  7 68 36 41 27  -  8 23 45 25 22 54 53  - 57 51  -
 11 47 21 31  1 52 45 62 12  9 38 50  8 65 15  - 66  - 63 34 70  2 18 17 20  - 51 55 29 48  3  4 56  - 13 44 35 40  - 14 28 19 57 25 27 49 64  - 53 69  6  - 39 30 46 41 23  - 43 42 10 54 67  -  5 36 68 37 33  -
 23  - 20  6 15 58 49 52 53 61 18 51 69 34 63 25 26 14 68 27  5 42 55  -  7 40 46 35 38 39 29 64 47 12 37 67 10 70 31 41 16 45 62 11 66 65 54 43  2 21 17  -  4 57 32 48  - 33  - 19  9  - 44 30 59 13  8 60  - 50
 70  8  7 15 23 45 30  - 25  1 11 18 59 10 33 55 50 24  2 35  - 54 56 21 13  - 61 27 58  4 36  9  - 57 46  - 39 53  - 66 64 40 22 34 26  - 17 69 42 16 67 20 68 49  -  6 63 60  5 43  -  3 51  - 29  - 37 12 19 31
 67 25 34  - 61 41 21 47 22  5  7  2 62  4 53  -  1 66 43 40 23 11 29 14 32  -  -  8 68  - 51 45 31 36 60  - 54 52 46 17 12 65 39  6 24  - 70 44  9 20 37 69 19 50 16 64 26 38  - 30 13 18 55 15 58 57 35 63  - 10
 49 65 42 44 11  3 40 46 56 30 17 24 50  -  - 33 13  2 67  4 28 45 31 47 34  - 16 57  8 12 41 51  - 38 63 55 26  -  -  - 68  - 58 36  - 22 10 35 32  -  - 19 23 27 43  1 53 59 60  5  - 48 66 21  6  - 52  - 70 64
 59  -  5 63 31  - 13  9 33 17 45 12 54 56 35 36 21  7 47 69 57 26 41 51 58 65 10  - 55 20 61  - 25 27 53 28 50  6  1 24 38  8  - 49 40 67  -  3 16  -  - 52 44 46 11 62 66  4 37  2 29 64 32 34 18 60  - 43 48  -
  - 45 66 54 37  7 33 11 67 68 35 21 17 20 44  - 64 50 32 25 56  4  -  - 70 22 19 12 43  9  - 41 27 48 49 14 31 63 42  3  -  -  - 30  5 15  - 23  1 57 46 29 24  -  - 53 51  - 40 58  - 10 59 69  - 38 55  - 26 36
  - 34  - 64 63  - 58  - 54 23  2 14  - 50 46 29 61  - 53 19  9 22 60 44 39  1 27 16 30 52 37  3 55  - 38  -  7 20 17  - 41 25 35  8 59 42  - 32  5 28  -  -  6 45  - 31 40 69 67  4 18 24 12 26 10 43 66 48 68 47
 62  7 51 49 35  - 69 19  -  - 14 55 31 13 30  8 34 18 17  9  - 63 37 23 59 21 38 22 16  - 53 36 48  -  1 47  - 41 10 45 66 32  - 44 68 46 57 28 43 25 40  4 56  2 15  5 39 24 29 70  - 61 60  6  - 64 42  -  - 58
 26 48 12 33  - 40  - 21 46  - 27 56  -  -  -  1 37 47 36  6  -  - 38  -  2 45 54 69 11  - 66  -  - 42  5 52  4 30 67 53 15 68 43 61  - 70 60  - 51 49 31  -  -  - 65 44 34  9  -  7 14  8 57 50 25  - 29 16 22 59
  -  - 70  3  - 21 15  8  - 46 40  - 37 38  - 23  9 63  4 32 26  - 49  6 51 43 31 17 27 18 16 25 30  - 50  - 11 39 55  - 53  7  - 65 29 24 69  - 67  -  - 68 47 28 19  2 52  - 58 64 60 57 42  - 36 22 10 54  - 20
 41 35  - 28 49 33 23 43  2  -  - 44  9  -  - 67 36 12 13 38 52 40  - 65  - 55 62 14 15  - 42 18 16 39 31 56  - 21  5 59  3 53 19  -  6 26 50  - 46  4  8 57 27 34 24 37 32 58 47 25 45 69 20 51 30 70 63 29 11 48
  4 56 60 18 46 49  - 64  - 55  -  6 65 51  - 68  5 25 20 14 22 34 47  2 35  - 44  -  - 31 30 58 52  9  - 40  - 17 28 42 11  - 37  - 54  8 38 33  3 67 69 41 10  - 26  -  1 21 62 66  - 16 15  -  7  - 50 24 13 32
  - 14 33 39  9 12  - 44 47 21 10  - 28  - 60  5 23  - 49 50  3 17  - 59 19  - 67 68 57 32 25 16 43 22 66  7 30  - 61 63 56 31 36 45  8 69 29 58 24 46  - 11  - 26 53 55 65 13 41 18 38 37 70 35 27 40  1  -  6 52
  - 59 41 52 43 66 38  - 69 18 70 46  1 32  - 57 65 19 54 26 49  - 11 48  - 31 42 30  - 60  - 47 28  -  - 68  -  8  3  7 61 22  - 16  - 17 13 25  4  -  -  9 64  - 12 40 27 29 56  -  -  -  - 37 62  - 44 45 23 63
  - 22  3 56 68  - 12 48 14  - 69  7 24 37 26  - 20  4 42 66  1 65  - 30 31 70 57 11 25 23 47 59  5 44  - 50  - 15  2 64 45 62  8 55 21 51 53  6 63 43 29 32 16 35  - 49  - 40  9  -  -  - 18 52 38  - 61 67 58  -
 57  - 36 50 20 32  - 53 55  - 28  -  - 14 39 46 30 27  1  5 15  -  7 42 43 24 65 47 44 22 13  2  - 59 40 61 25 56 63 68 10 38 17 52 48  - 23 19 18 31 12 45  - 64  -  -  3  8 69 67 33  - 62 29 70 66 54  - 34 26
 38 32  2 67 10 22  1 66 60 14 53 47  - 19 65 52 46 30 18 55 25 56 64 40 26  - 29 34  -  5  - 39  - 15 62  - 44  - 59 33  - 12 31 27  - 43 37 41 20  6 58 28 35  9 61 21  -  -  - 51  -  4  8 36 45  - 69 70 17  3
 66 63 15 23 41 43 39  3  4 53 56 40  - 36  - 30  - 42  -  - 32 67 10 68 45  -  9 28 51 19 11 55  - 69  -  2 49  -  - 57  6  - 12  - 70 58 61  - 47 22 33 46 14 60  -  -  - 31 54 16 44  - 65 13  1 21 20  5  - 24
  -  - 43 20 66 35 29  2 31 64  5 52 36  3 24  - 62  6 22 65 10 18 16 54  - 19 55 26 12 51 63 68  - 46 45  - 40 47  - 69 58 23 25  9 41  - 39 21  7  -  -  1 34 38 37 67 13  - 59 17  8 15  - 48 53 28 70  - 32 60
 42  - 48 55 70  -  2 15  1 57 46  - 18  8  - 65 40  5 28 61 13  -  - 20 10  -  3  -  - 29 56  - 22 60  - 31  9  7  - 11 39 24 54 43 30  - 16 49 68 45 47 58 26  - 67 50 37 25 63 21 51 41  - 17  4  - 34  - 35 14
  -  - 44 59 58 23 10 31 13 27  1 42 11 46  9 49 60 52  3 54 47  - 67 69 17 51 37 65  -  7  2 29 41  8 12 43  6 38 16 36  - 34  5 15 28 62 40 50 61  - 24  - 48 39 64 32 70 20  -  - 19 55  -  - 26 56 22 33 63  -
 45 50 16 42 14 39 70 33  8 51 36 29 64 12 22  - 25 62 10  - 11  9  - 32  - 30  4  - 60 41 67 21  2 43 57  - 68 24 34 15  - 52 26  3 47 18  - 53  6 63  - 55  - 65 38  - 54 44 13 61  - 28  -  - 56 35 58  - 31 17
 46 19 47  - 27 60  7 50  - 67 61 34 55 18 45  2  8 35 15 30 12 48 63  - 62 11 14 58 70 25  - 22 20 65 64 53 59 68 51  - 44  - 24  - 32  5 42 39 21 38  - 40 49 56 69 52 31  -  -  9 17 29 28  -  -  1 33 10 41  4
  8 55 58 47  - 54  9 30  7 39 33 16 15 24  1 28 43 49 27 56 36 60  - 66 52 13  - 48 65 53  - 34 45 61 51 23 14  - 68 10 57 29  - 18 17 63  5  4 22 12  - 38 59 70  - 25  - 37 64 20  3 67 19 32 44 31  6  - 21 41
 65 29 52 43 25 63  - 45 70 16  - 32 47  - 69 18 53 68 66  2 60 36 50  7  -  5  8 61 24 10 12 19 46 56  6 13 17  - 20 39 67  1 42 33  -  3  - 48 57 55  -  - 54 37  -  -  4 28  - 11 26 34 41  - 51 58 64 59 40 38
 55 16 50 62 47  - 31 67 64  -  9 58  -  - 18 40  - 22 12 15 59 53  - 27 60 38  -  6 63 44  - 49 51 45 11 25 28 35 29  2  7  3  - 54 43 14  8  - 17 48 61 37  1  - 21  - 42 56  - 23 36 32 26 70 46 10  5  - 57  -
  - 10  1 29  -  6 28 35 45  - 19 68  -  - 25 58 14 32 50 17 51 57  3 31  - 67  7  4  - 43 70 56 24 40 61 18 62  5 30  - 55 69 49 42 12 16 21 36  -  - 53  - 63 11 33  -  9 15 38 41  -  - 46 39  -  - 48 34  8 37
  - 30 23 35  7 27 57  - 44 40 24  8 26  -  4  -  - 10 46  1 48  - 21 43 61  -  - 15 14 69 59 70 11  - 29 17 38 51 54 49 65 63 13 28  -  -  - 45  - 64  5  - 62 20 31 22  - 55  -  - 37  2 68 42 32 34  - 52  - 18
 16  - 64 66 18 53  - 51 50 59 44 39 14 68 70 13 55 61 65 57 45 20 36 26 22 10 48 54  6 63 17 32  - 52 43 29 37 69 33 60  1  - 46 38 49 25 62 24 35 40 42  8  9  - 23 58 28 19  7 56 30 21 47  2  - 11 31  3 15 27
 32 28 53  -  3  -  - 65 36  6 22  5 25 40  -  - 44 59  - 29  4 69 26 67  -  - 41 70  - 24 27 30  1 35 18  8 47  - 49  - 48 43 52 46 39 10 31 38 23 34 66 13  - 21  7 63 14 57 33 60 20 11  9 55 12 54 45 17 50 15
  -  2  -  4 60 47 26 54 62 36 66 13 48 64 23 12 28 43 52  -  -  - 30 37 49  - 22  -  9 38  5 17  6 68  - 35 16 42  - 51 21  - 50  -  3 34 32  - 15 24  -  -  8 33  - 56 11 61 20  - 58 46 40 45 67 69 41 18 53 57
 18 70 22 12 54 28  5 39 19 34 16 43  - 23 29 45 10 36 58 44 40 31 17  - 42  2 26 38 61 66  4 24 69 55 35 21 27  -  - 25 49  9  3 62 60  -  -  1 30  8 68 33 50 48 20 51 67 64  - 53  6  7 56  - 37 46 13 15 59 11
 69 24  6 40  -  - 65 42  -  - 51 61 29 25 20 21 18 41  - 53  8 58  - 49 67 52  -  7 10 37  - 13 39 19 47  3  - 26 32 27 60 14 56  -  - 55 44 16 54 30 63  - 46  5  1 68 62  - 31 45 12  9 36 57 50 15  4 11  2 33
 60 18 32 46 29  - 47 40  - 42  - 27  -  6 41 61 70 65 24 52 30  - 58 33 55 44 63  2 28 34 54 43 13 66 67  4  8  - 69  - 14  - 38 56 35 19  9 10 11 26 21 50  - 25  5  7 45 17  -  -  1 59 31 64 20 49 57 22 16 23
 35 60 65 57 40  - 22  - 49  - 15 26  - 59 54 10  -  - 25  3  - 52 27 70  6  - 64 19  5  8 34  - 36 23  4 46 18 37 24  -  - 11 28 41 58  -  2 67 29 44 62 12 45 43 42  9  - 66 39 13 56 30 21 53 61 63 16 32 14 68
 12 58  - 61  8 24 52  - 28 15 13 30 68 66 40 43  - 17  9 59  - 62  6  - 33 35 32  -  1 14 55 46 26  3 41  - 36 34 44  - 23 49 60 53 45 50  -  - 48 37 54  7 31 10  - 18 20  - 11  -  5 51 39 19  -  2 27 69 65 67
  3 38 59 68 65 16 35 57 20 12 41  - 42 49  - 63 58  -  - 37  - 66 25 22 30 60  - 44 67 50 18  - 61 24  9  - 55  - 53  - 70 54 51  1  - 11 46  8  - 29 10 39 15 40  - 47 21 36  - 48  -  -  - 33 43 23  2 27  -  5
  - 11 67 30 44 34  -  4 68  8 25  -  2  - 17  - 63  -  - 18 58  - 12 39 50 46  1 45  - 49 40 57 53 31 48  -  -  - 70  -  - 51 64 29 69 13 66 59 55 33 56 24 65 32  - 20  6  3  - 38 43 47 35 54 21 61 62  7 37 16
  -  - 26 58 36 38 24 17 10 33 37 54  - 53 62  - 32 39 21 47 66  8  - 63  - 57 60 59 23 27 45  6 18  -  -  9 65  -  - 50 29  5 48  - 46 31  4 30 52  -  - 44 69 13  3  -  2 68 35  - 64  - 14  - 11 67 40 42  -  -
 52 36  - 41  - 70  - 38  - 54 23  -  - 47 67 37 45 16  6 42 27  - 39  - 18 61 53 20 22  -  9  1 15 13 19 26 58 31  8 32 51 60 14 40  - 21 65  - 66 68  7 43  - 55  - 33 59  - 48 50 63 56 69 11  -  -  3  - 24 62
 43  1 61  -  -  - 17 56 35  - 67  - 27 22 31 26  2  - 37 10 46 32 15  -  -  9 39 64 42  - 49  -  - 29  -  - 24 48  - 34 59  - 45 69  -  - 33 40 41 60 44 51 21  3 57 30  - 53  8  - 66 70 63 18 52 16 25  6 55 28
 63 62 28 13 51 10  - 29 18 65 20  3 22 16  -  4 69  8 31 67 55 30  2 38  5 42 58  -  7 45  - 37 21  - 56 34  1 57 43  - 47 27 40  - 53  9 52 54 12 14 36 25 32 15  - 39 61  - 46 26 35  - 17 59 19 68 49 23 64 70
 51 20 55 17 52 65 61 37 11 56 42  -  6  -  3 22  -  - 33 31 64  5  - 41 47 54 35 53  - 57 68 63 44 14 69 58 21 66 60 38 43 26 15  -  -  2 59 12  -  7 19 27 25  -  - 28  - 30  - 24 39  -  - 10 48  8 23  - 49 40
 28  9 17 25 45 64 20 36  - 41  - 22 23 30  - 16  -  - 11 68 19  - 13 12 54  - 69 52 40  - 35  - 42 37 10 59 48 44 15 29 46  - 47 58  -  - 18 63  - 62  - 14 43  - 66 61  - 34  - 32  4  6 24 38 65  5 67 26  3  7
  - 64 14  8 26 20 67 24  - 38  3 11 39  - 49  - 17 13  -  - 53 35  - 16  - 63 40  9  - 56 15 42 32  -  -  - 29  1 57  - 30 44  - 48 19 33 34 31 27 10 59  - 66  4  - 23  - 12 65 55  2 52 37 28 69 50 43 58 60 21
 21  -  -  9 24 57 56 25  - 62 12 48 13 70 66 54  7 67 44 23  2 15  -  - 36 64 43  5 37 55 32 40  -  - 68 10 63 33 18  - 69 46 20  4 34 45  6 60 38 53 52  - 28 59 39 42  8 65 30 27 50 31 58 16  -  3 51  - 47  -
 44 53  8  - 59 30  3 60 27 70 39 38 67  - 42 19 48 34  - 12 37 68 33 62  - 20 52 13 46 16  - 66 49  - 23  5 56 32 50 43 31 17 11 10 57  -  -  - 28  - 41  6 18 47  9  - 22  2 21  -  -  -  -  7 63  - 15 36  4 25
 68 21 38 51 12  -  8  - 42 28 47  - 19 33 11  6 41 70 57 58 50  - 40  - 14 32  -  - 39  -  - 35 17 20 30 37 45  9 48 65 25 67 66 23 63  -  - 29  -  1  4 64 53 16  - 69  -  5  3 54  - 22  2 27 13 55 18  - 52 43
  - 69  - 45 21  9 51 16 40 37 49 17 30  -  7 27 11 56  - 36 34 43 24 46 53 47  2 62 50 15 65 12 57 32  - 64 67 10 35 18 52 13 61  5  - 28 22 66 33  3 26 23 60 58 48  8 68  -  6 31 41 44  -  1  - 25  -  4 29 55
  1 52  - 70  5  - 48 23 30  - 26 69 49  - 59  -  - 53  8 64  - 47 42 50 15 41  - 67 56 62 33 65 40  4 24 12 19 22 36 37 35  - 10 20  7 60 28 17 14  9  3  2  -  -  - 34 57 51  - 39 21 63  - 61 68 29 46  - 66  6
 33 23 49  7 32 31  - 59 24  - 58 65 40  1 16 64 57  - 45  - 61 37 14  9  -  - 66 50 52 67 19 69 60 62 25  - 46  -  - 30 18 20  6 35  - 54  - 11  8  - 55  5  -  -  - 12 44 39  -  - 48 68  - 56 28 27 38 53 42  2
  - 33 56 22 69 61 16  -  6  - 55 64 10 28 58 53 24 38 70 62 18 41  4 36  - 48 47 42  - 59  8 54  -  -  3 66 32 23  - 46  9  2 44 26 50 39 14 52 45 65 49 35  5 19  -  - 15 67  1 37  7 40 27 20 57  - 12 30 43 51
 13 37 18 16 55  5  - 32 23 11  - 35 66 58  - 47  - 28  - 24 39 59 45  8 46  7 21 63  3 30 20  -  - 33 15 49 70 43 65 22  2 57  - 14 61 27  1 34 64 19 51 48  -  - 29 10  - 62 68 40 42 60  - 44 31  9 17 25 69  -
 37 27 54 60 67  - 59  6 38 22  8  - 63  2  5 14 31 69 19  - 41 55 51  -  - 36  - 40  - 11 10 53  - 21 65 62 20 45  -  1 33 48 32  -  - 29 68 70 50 35  9 61 57 44  -  - 58 46  -  3 52 43 16 12 17 26 56 64 18 49
 24 15 69  -  - 29 68  - 32 52  6 33 44  -  - 34 39  3 40 41  - 28  -  1  4  8 18  - 17 70 43 67 37 30  2 51 60 27 12 62 13 50 59 21 25 23 19  - 49 47 38 36 58  - 54 14  7 45  - 22  - 66 61  9 42 48 26 31 46 35
 19  - 24  - 13 14 46 49  9  - 32 31  4 17 43 66 68  -  - 39 54  3 57 29 69 37 70 56 47  6 60 33 10 53 20 45 52  - 26 61 62 58 27 63  -  7 67 64 34 41 23 42 40  8 35 16 36  -  2 59 15 25  1  - 22 12 21 28 30 44
 64 40 30 21 53  1  -  - 51 66 60 10 45  -  8 42 59  - 61 33 14 13 69 25  - 18 20 24  - 54 22 31 63 58 26 15  - 16  6  -  5 37  7 12 56 35 43 27 62 11 34 67  3 68 52 70 17  -  - 65 49 23 48 46 55 39  - 38 36  -
 48 44  -  2  - 55  - 34 65 25  4 20  5 67 56 32 42  - 14 70  6 23 61 53 37 58 45  - 66  -  1  7  - 49  - 69  - 50 41  8 22 59 63  -  - 57 27 46 40 39 30 15 17 29  - 38 64 26 51 52 62 19 43 24  3  -  -  -  - 54
 40  -  - 38  6  8 50 41 58 45  -  - 51 11 68 44 12 37  7  - 65 64  -  -  - 27 15 31 59 47 28 10  -  - 36 60  - 19 14  9 24  - 55 17  1 20 48 56 25 23 16 63 13 53 49 54 29 43  - 33 69  5  3 67  2 18 30 21 39 46
 47 41 62  - 64 46 32 18  5  - 48 63 58  7  - 39 22  - 29  -  - 27  - 24 38 17 23 43 13  1 69 50 70 25 34 57 53 61 11 40 26 33  -  -  9 37 55  - 60 15 20 21 52 54  - 65 56 35 12  6 68 49 30  4 66 14 59  - 10 42
