3920
  -  - 32 34 56 64 36 17 22  6 61  -  3  2 69  - 53 31 28  5 20 25 35 48 50 66 58 60 45 39 51  1 38  - 30 15 23 52 40  - 18 65 21 57 54  4  9 59 19  7  - 16  - 46 33  - 63  8 68  - 11  - 37 41  - 27 10 43 29 47
  9 54 40  8 42  - 28 52  - 12 58 64 24 19 66 46  -  - 31  - 48 11 10 59 43  3 15 70  - 32 36  - 61 23 35 27 45 67  4  -  - 63 26  1 13 38  2  5 68 22 65  - 53 56 49 16 17  - 25 21 62  -  - 20  -  - 44 30 60  -
  - 41 16  -  -  - 23  -  6 44 33 25  5 26  - 56 68 12 67 35 51 13 20 36  -  -  - 38  - 70  - 50  -  4 65 21 30 63 58 39  - 27 60 46 69  - 49 62  -  - 14 52  - 66 32 11 64 47 37  -  3  -  -  8 42 19  -  -  - 29
 49  - 38 31 10 56 59  - 47  - 67  9  4 16  - 25 50  2 22 17 70  -  - 11 55  -  - 41  - 20 57  - 63 29  - 53 15  7 27 40 42 30 48 44  8 37 46 68 39  - 33 60 23 18 45 34  6  - 52  - 26  3 21 14 19 62 69  - 28  -
 42  - 26 33 68 29 40 46 36  1  -  - 61  - 53 30 35 59  -  -  - 64 69 47 52  -  4 10 19 34 58 41  - 67 63 18 62 57 22 38  8 60  -  6 51 20  -  - 32  - 16 25 56  5 24  -  - 27 12 50  - 15 17  3  7 28 14 70 45 44
 30 46 48 10 17  8  - 18 64 54 65 38 21  -  -  9  - 15 49  - 62 59 53 25 13 67  - 34  - 44 40 68  -  6 41 57  - 37  - 51  - 19 32 60 58 45 29 61 14  -  4 12 16 33 69  5  7 70 42 24 36 28 66 50 55  - 35 52  - 22
  - 70 39  - 20 23 16 65  7 21 35  -  6 50 51 14  - 56  9 29 46 45 18 69  - 27 37 31 38 26 10 52  2 61 66  - 17 28 24  3 62 43 54 41 64 15 68 34 48  5 12  4  - 59  8 60 33 42 63  - 49 22  - 40 47 13  - 19 30 11
  - 64 11 15  6  4  8 40 68  - 45 66 70 67  - 12 18 60 10 55  -  - 37 21 46 48  - 61 13 31 41  -  9 19 44 56  2 23 63 14 65 50 17 20  7  3 38 27 47 30 49 35  5 39 28 54 36  - 62 34  - 25 59  - 58 22 51 26 32  -
 45 60 22  6 53 32 39  - 20 29 16 23 13 55 26 61  - 19 42 48  -  - 70 37  -  7 38  -  9 43  -  - 28 11  - 12  3 54 56  5 52  - 63 65 44  -  - 66 27 49 17 30 18  - 10 14  - 68 51 64 50 33 47  - 40 21 59 58  -  -
 69 34 49 40 19  - 35 66  - 42 21 56  - 12 28  -  - 64 48 23 36 44 45 10 58  -  - 22 41 38 54  7  8 13  - 67 33  4  5 18 17 14  1 59 29 62 50  -  - 11 55 43 27 53  - 24  -  2 20 16  6  -  - 26 68 25 15  9  3 61
  -  - 45 42  1 43 21  - 41  -  -  8 59 36 11 58 23  5 56  7 39 47  2 60  - 33 12  6 63  - 16 32 13 25 34 35 19 31 44 17 27 20 57 22  9 54  - 53 30 26  - 50 68 24 65 67 61  - 55 15 66 52  4  -  -  - 29  - 49 70
 51  7 17 41  - 49 55 30 25  - 24 50 53 58 20  -  -  -  3 56 37 62 36  -  - 29 33  - 12  5 14 60 11 35 59 43  6 45 66 28 10 47 34 69  -  - 44  - 23 70 15 18 54 42 67 61 31 39  1  4 48  - 57 32  -  - 22 38 64  2
 13  - 57 16 27 55 30  - 32 59  8  - 18 65 36  - 10  - 17 24  9 63 26 31  -  6 22 12 68  2 64 70 37 56 20 54  - 34 39 29 48  - 46 33  - 67  -  - 58  -  7 62 19  - 14  - 53  1 44  - 40  5  - 11 38 43 47 41 50  4
 55 38  -  - 23  9  - 48  3 26 57 34 63 64 68  2 67  -  - 32 61 16 52 20  - 15 65  - 47 54 66  - 29 33  - 62 50 51 59  8 22  4 49 70 14 19 31  7  1 42 44 58 69  - 17 39 30 12  - 36 60 45  -  - 53 56  - 10 18 24
 39 20  - 47 15 40 19 23  9  -  - 51 42  - 13 32  - 63 65 70 43 41 55 16 28 22  1  - 14 61  5 35 18 46 29 24 21 48 49  - 60 67  2  - 53 69  - 64  - 56 36 59  -  - 57 44  - 26  - 10 68 12 58 38  8  7 45  4 66 31
 44 40 69 61 35 52 53  -  - 56 64 18 23 41  -  1  -  -  -  - 68 24  -  - 11  2 62 30 39  - 26 46  -  -  6 16 14 32 54 10 13 12  - 48 34 50  - 31  3 37  - 29 45 60  - 21 58 36 67 63 70 47 43 57 59 15 66 25 22  8
 43 28  4 50  5 11 46 32 55 58 56  - 15 70 24 60 44  - 69 27  - 23 63 65 64 41 17 39  6  3  - 19 31 36  8 26 67 25 34 48 35 54 10 51 18 57 16 22 38 59 21 66 42 47  9 53  2 14 30  1  - 13 20 52 29 40  - 68 12  -
 40  - 52 39 69  - 58  5 53  - 46  3  - 28  6  - 14 47 50 65  - 29 12 18 61  -  - 64  7 37 68 21 10 27  -  - 11 15  2 13 19 36 23 17 55 41 22  9 34  - 30  - 59 62  1 31 56  -  8  - 16  - 33  - 35 63  - 48  4 25
 48 66 41 65 51 62 27 44 43 45 38 59 16  3  7 39  - 36  - 33 53 21  6  4 20 35 68  - 34 17 18 12 15 31  - 30 25  - 42  - 14 57 52 54 60 11 70 10  2 63 22  -  9  - 58 23  - 64 19 69 13 24 56 49 50 47  - 28  8 26
 26  - 60 48  4 57  - 58 67  - 25 40 11  -  -  6 39  7  - 50  - 15  9 53 70 13 20  - 10 35  8 18 52 16 14  2 31 30 19  - 33 68 22 61 36  -  - 45 65 32 42  1 62  -  - 43 46 41  3 38  - 64  -  - 54 34 55 51  - 28
 15  3  8 51  - 33 24 25  - 53 62 47 22  4  - 19 57 32  2  - 67 38 17 44 65 52 36  - 18  - 45 30  - 39 60 29 63 27 23 43 16 64 41 40 37  1 54  6 70  - 48  - 12 26 56 58 55  - 46 61 10 69 35  - 21 66 28 34 13  -
 19  - 23 13 58 15 41 33  - 39 44 65  - 22 12  - 46  1 26  - 66 55 42  - 69 18 11 63  4  -  -  - 60 64 43 68 27  -  -  - 32  5 24 47 17 25 62 14  7  - 34 61  - 16 52  2 28 67  -  - 29  9 48 70 37 53 56  - 54  -
  - 65  1 21 63 47 14 15  - 51 40  - 12 43 55 16 59 49 30 69 42 56 68 52  - 62 19  - 70 53 34 28 44 32  -  - 64 50 13 22 67 35  -  - 25 18 60 24 26 29 10  7  -  - 36 17 20 11  - 23  4  -  - 45 66  -  9 39 41 54
 66 19  6 55 65 12 62 38 35  7 37 10 32 47 56 33 11  3 16 52 34 17 59 40 53 50 28 44 36  -  - 45 57 60 69 61 18  8 29  - 25 49 30  -  4 58 43 39 13 67 46 15  - 14  -  9 24  - 54  -  1 68 22  2  5 70  -  - 48  -
 58 12  9 60  -  6 29 20 70 57 11 69  -  1 38  5 62 50 36  - 45 33 25  - 30 26 39 17  3  - 32  2 24  - 23 31  -  -  - 52 43  -  7 66 49 21 18  4 41 47 54 34 63 28 19 22 14 65 15 40 27  - 10 68 67 35 16  - 61 55
 57  - 19 14 18 22 20  - 63 35 43 68 64 48 52 42  -  -  -  4 69 36  -  9  - 28 47 13 21  6 12 26 66 44 16 50 40 38 15 49 37  - 61  2  - 59  - 11 55 25  3  - 60 70 53  -  8  7 56 62 46 23 65 24  - 29  1 33 67 51
 11 27  - 36 49  - 66 55 44 60  5 12 46  - 18 59 65 17 64  3 15 40 14  -  7 20  - 48 50  - 23 53 58  - 39  - 22  - 61  4 30  - 70  - 32 13  - 52 21 62  - 63  -  -  - 38  - 16  -  2 56 54 42 35 26 37 68  - 24  1
 61  -  - 53 39 28 49 50 51 32  7 58 33 68 44 67  -  -  -  - 27 10 38 34 14  8 29  1 66 24 20 25 59  5 26  -  9 42 46 21 40  2 55 62 12 30 63 60 56 31  - 23 65 45  - 37  - 19 64 18 41 57 13  - 69  6 70  - 47  -
 34  8  - 52 55  3 13 45 39 48 29 46 14  -  -  - 21  -  - 63 49 61  - 23 32 58  5 50 26  -  9 31 41  -  2 38 37 68  -  - 51 22 42 53 67 47  - 19 60 40 11 10 66  4 12  - 16 44 17 25 43  1  -  -  - 20  6 62  - 59
 65  1 13 68 66 69 60 27 10  - 54 37 58 25 14 36  - 39  4  2  6  8 21  - 41 64 67  - 49 48 56 51 47 59 62  - 46  3 35 16  7 53 45  - 40 34 57 50  9 19  - 24 55 30 44 15 26 17 18 70 38 11 12 33 23 61 31 22 63  5
 17 67 18 19 64 34 44 41 29 55 49 39 28 14 23 11  8 30 21  -  -  3 54 27 62 69  -  -  - 13 22 43 32  -  -  -  4  - 16 46 31 15 36 63  - 56 47 20 25 45 51 53 26 38 42 52 60  9 65  - 37 35  - 12 10  -  -  - 57  -
 68  5  - 12 13 61 67  1 54 36 48 24  9 59 29 37 34 35 15  - 23 70 11 22 21 60 26 46 27 33 52  8  - 10 19 40 42  -  7 58 63  -  -  3 38  - 14 51  -  - 62 57  4  - 41 49 69  - 43  -  - 30  - 66 32  - 64  -  2 56
 24 25 56 35 29 21  -  9  4  - 50  5 54 60  2 63 28  - 44 62 38 42 66 58 31 51 16 26 22  1 69 65  - 14 36  - 34 47 18 57 53  3  -  - 41 61 59 55  -  -  8  - 49  -  -  - 23 48 13  - 20 67 68 30 39 52  - 15 46  -
 25  9 27 32  -  1 47 56  -  8  6 11 26 20 30 22 40 52 23 38  2  - 16 35 37 49 46 42 29  - 24 36 50  -  - 64 65 70 57 31 15  - 18 28 62 44 53 43  - 66 45 67 61  -  - 51 10 58  5 54 39 21  3  7 13 60 48 14  - 17
 63 52 53  - 32  7 26 12  - 31 47  6 37 34 65 13 69 14  8 19 40  9  - 55 68 30 59 27 28 29  - 15  - 18  4 42  1  - 64 25 41 16 67 10 66 23 11 38  -  -  - 46 36 61  -  3 21  -  - 56  - 44 70  - 48  - 62 50 35 39
  -  - 61  -  -  - 57 13 16 11 39 52 60 66 42 40 48 22 41 12  -  -  - 15  - 44 14 29  - 18  - 34 46  9 53 17 59 24 55  1 70 32  -  8 47 63 45  -  - 68 27 36 35  -  7 56  -  3 49 58 19 20 26 54  6 50 25 65  -  -
  - 32 64 46  - 42 52 11 14 66  -  -  -  - 33  -  4 44 54 36 58 18 56 62 63 24  2  -  - 22 30 57  - 34 37 55 12  9 70 23  1 13  - 43 21 53 67 48 59  - 69 31  - 27 39  -  - 50  7 49  5 16 19 51 20 45 40 35 65  -
 29 56  -  - 16 60  - 67 62 64 28 48 19 23 63  -  -  -  7 41 55 51 49 13 36  -  3  5 57 66 38  -  - 52 18 10 54 14 37 50  -  - 58 27  - 33  4 42  -  -  -  8 25  -  2 46 35  - 32 12 17 59  1 34 70  9  - 45 43 68
 60 49 68 18 31 66  -  - 46  5 59  -  - 10  1  4 25  9  -  -  - 67 30  6 17 65 23 14 20 50 15  3  - 45 56 63 28 26  - 44 29 24  - 19 43  - 51 70 57 35  - 13  7 21  - 64 62 69  - 39 54 61  - 55  -  8  2 27 33  -
 64  -  -  4 25 27 68  - 49 10  2 15  - 57 58  7 29 48 14 66 22 65  - 45  3 63 70 24 60 19  - 69 67  8 32 46 56 40 21 53 50  - 33  - 11 26 39 36 18 44 41  6  - 13 59 30 38 62  -  5  9 31  -  -  - 54 42  1 37 20
 31 33 42 58  2 19  7 10 24 23 70 55  - 18  - 44 20 13 57 28  3 66 61 30 27 16 32 53 35 49 11  -  4 68 38 25  - 21 26  -  - 62 37 29 45 52  1 65 40 15 56 54 46  9 22 50 59  5  6 43 67 39 36 63 51 12  -  8 69 14
  - 21 62 56 67 54 34  - 61 30 19 60  1 46 22 35 43 40 18  - 63  - 29 49  8 55 44 15  - 23 50 14 27 47  7 65  - 66 69 24  3 31  - 11 57  - 36  2 17 33 26  - 38  - 51 41 39  -  9  -  - 48 16 37 52  5  - 32 68  6
 12 63 31  - 38 30 45 43 15  - 10 21  8  -  - 53 64 46 60 59  4 14  7 19 29 37  - 32 61 52 47 22 26  -  - 58  5  -  1 68 39 41 11 49 48 36 40 23 16  -  - 51  2 20 34 33  - 66  - 35  -  6 44  9 27 55  - 69 62 65
 47 36 37 45  -  - 12  - 38 19 18 62 35  7 25  -  - 51 70 67  - 54  3  1 56 10 66 20 46 58 60 23 39 63  9  -  -  2 68 69 28 17  -  - 33 29 52  - 11 21 43 42  - 15 48 26  - 13 22 65 64 34 55 27 24 31 30 61 44  -
 27 16 14  - 50 13 10 63  2 18 42  - 69 49 40 43 58 53 55 22 47 68  1 61 39 57 35 65  - 67 17  - 64 66 46 32 38  - 60 33 54 29 28  - 26  - 15 44 31  8 37 21  -  -  -  -  9 30 34 51 45 41  6  5 25 59  - 11 20 23
  -  - 54 66  - 17  -  - 26 20 13  1 52 51 31 28 30 33 68 11 44 32 57 67  9  -  7 62  - 14 63  5 34 49  - 59 39 64  - 35  - 10 56 58  3 27 41 40 43 60 24 70 15 69  -  4  - 46 48  8 61  -  2  - 36 23 21  -  - 19
 20 30 10 29 36 44 31  - 33 22  3 32  -  - 41 21 12 45 40 26 17 46 34 54  5 56 55  - 15  -  -  -  - 70 48  - 52 13 38  7  - 58 25 24 28 16 64  -  8  6  1  -  -  2 35  - 19  -  - 47 53  -  9 43 61 69 57 23  - 42
 23 39 20 22 60 38 48 53 21 34  -  2  7  8 10 31 16 29 46 37  - 27 33 24 18  5 43 67 64 69  - 62 70 26  - 51 35 49 41 63 12  - 50 55 68 66 32  3  -  4 61 65 44 11 13 40 54 28 59  6 58 56 15 19  - 17 36 57  1  9
 53 13 51 64 44 16 70  7 59 15  -  - 40 32 35 48 52 28  1 25 19 60 22 38 66 46 56 11 43 36  3  - 62 30 10 47  - 41 17  2 34  8 69  -  -  5  - 33  -  - 50 68 57  - 31 20 37 54 26 27 21  - 24 29  4 67 65 12 39 18
 59  6 43  1  7 18 65 36 45 33  - 35  - 44 15 66 13 34 24 64 60 50 47 57 12  4  9 51  - 11  - 16  - 69 17 22 20 29  - 54 49 42  - 68 56 31 19  - 46  3 23 26  -  - 63 28 48  -  -  -  - 70 27 58  2 32 61 37 53 52
  3 23  5  - 43 45  6 51 65 40 26 57 67 29 19 50  1 66 59 68 25 22  8 12 54 36 53 33 69  -  2 20  - 58  -  - 41 62 32  - 21 48 16 56 24 10  - 17  4  9 63  - 14 55 11  - 34 15 28 46  -  - 18 47 64 49 39  7 52 38
 52 11 15 63 24 26  1 60 12 27 55 61 31 35  - 41  9  4 38 46 13 57 40 56  6 68  -  - 30 45 42  - 49  2  -  -  - 20 50 37 36 44 59 25 39 43  -  -  - 65 32 69 67 23  - 18 22 33  - 53  7 62 28 17  3  -  8  5 19 66
  - 44 59 11 54  5 69 26 40 14  1 63  -  -  4 70  -  -  - 13 35 31 60  - 49 39  6 19  - 12 65 24 53 50  -  9 66 43 47  - 23 38 64  7  - 55 48 32 62 34 28 22 21 67  - 68 42 29 10 33 52 27 45 15 56 16 41  3 36 46
 46 50  2 38  - 68  - 64 52 25 12  - 65  - 67 24  - 62 53  1 18  4 31 33 47  -  -  8  - 28 21 59 54 15 40  - 36 58 30  -  6 70 19 34 61  9 26  - 69 10 29  - 32  3 37  - 27 43 16  - 44 51 23 39 14 42  7 17 11 35
 67 68 44 17 40  -  5 59 48 47 53 43 55  - 45 62 19  -  - 54  -  - 50 70 22 23  - 57  - 25 13 27 14  -  3  4  - 39 31  6 26 37 15  - 65  8 33 56 28  1 18  9 20 36 46 63 66 52 69  7 34 49  - 10  -  2 11 29 16 41
 70  - 66 30 26 65 32  6 11  - 22  4 57  - 62  - 45 54 27 39 29 48  - 50 59 17 25  - 40 42 31 10  7 28  - 14 44 18  3 15 20 52  9 67 19  - 23 41  - 16 64 47 37  8 43 35  5 63 61 55 12 36 51  -  - 46 58  - 21 33
 10 58 21  7 61  2 22 68 23  - 69  - 38 53 49 20 51 67  -  - 50 43 19 32 42 40  -  3 33 56 28 47  - 41 12  - 24  -  9 66 55 46 13  - 59  6 35  -  - 39  - 64 11 54 29  1 44  4  - 48 14  - 52 36 15  - 63 18 34 57
 35 57  - 62 41 63 64 39 66 16  9 13 45 40 60 52 56 26 37 18 10  -  - 51  -  - 21 36 25 59 19 49  - 17 33  - 58 11  - 55  5  7  3  - 22  -  6  1 24  -  - 38 43 68 61  - 70 34 50 29 15 32 67 65 31 48  -  - 14 30
  6 51 65  - 30 20 54  -  1 46 41  - 50 69  - 17 60 70 66  -  8  7 24 26 33 11 64 16  -  - 67 37 35 43 15 34 61 55 52 45 38 28 62 23 63  2 56 58 29 18 25 27 22 12  3 42  - 32 36  - 59 10 39 48  9  -  4 44 40 13
 54 35  3  - 21  -  9  - 58 43 66 29 56  6 32 64  - 23  - 60 24 28 65 46  - 14 45 52 42 55 37 67 22 40 68 39 26  1  - 20 47 51 27  - 30 48 13 15 36  - 53  2 17 34 62 25  -  - 41 11 18  -  8 59 63 44 12 31  7 49
 56 37  - 23 14 70 43  - 18 41  - 16 66 52 64 54 32 27 51  6 26 30  -  -  4 19 50 21 62  9 29 58 12  3 25 45  7 53 10  - 24  -  8 39  1  -  5 28 67 61  - 11 48 65 47 57 15 49 38  -  2 55 60  - 44 68 17  -  - 36
  2 22  - 67 59 51  4 70 56  3 23 19 30 24  8 29 15 41  5 44  -  - 39 14  1 34 52  - 11 16  7 13 20 37 49 33 57 61  6 32 68  -  - 18 46  - 58 69 45 48 60 28 47 43 21 65 50  - 53 31  - 38 63 25 62  -  - 64  9 27
  8  -  -  3 34 58 15 54  - 61 27 17  - 33  - 68 22  - 43  - 11 26 32 28 44 42 41 45  2 57 39 38 69 65 67  - 53 16 62 56  9  - 14 35 10 12 20 25 66 13 70  -  6  7  - 36  - 23 40 59 63 19  5 46  1 51 52 60 55 48
 22  - 63 59 12 48  - 24 13  9 32 30 49  -  - 51 31 68 58 10  -  2  -  - 45  - 34 18 56 65  - 42  - 62 11 36  - 19 25 26  4  - 44  -  - 14  7 54 35 50 66  5  - 29  - 69  - 55 60 67  8 40 46 53 57 38 27 21 70 16
  1 24 12 43 28 53  - 34 60  -  - 33  -  - 37 15  6  8  - 42  - 52 23 66 38  -  -  7 54  - 48 55  - 21 27 41  - 22 11 62 61 40 29  - 70  - 65 63 44 46 59 14 64  - 26 19 32 31 35  9 57  - 69  - 45 18  - 56 17 10
  7  - 29 54 45 37  - 21  - 13  - 41 36 27  -  - 63 38 25 57 16 19 15 17 67 59  8  - 65 10  - 64  3 20 61  - 69  - 43  9  2 66 31 14 42 68 24  -  -  - 39 56 40  1 70 55  - 35 33 52 51 53 30 28 22  - 26 47  6 32
  -  - 34 25 48 59 50 57 27 62 20 22 68  - 16 45 66  - 13 15 52  6 67  - 26 54 69 47 44  - 53 39  1 38 28 60  - 33 51 70 58  - 35 36  - 49  - 46 12 64  -  - 24 19 30  - 29  -  4  3 65 17 14 42 11 10 43 63  - 21
  - 47  7 26  8 25 33 29 17  -  - 53 62  9 61  3 37 55  - 34 56 49  -  2 60 31 18  -  - 63 70 54  - 22 21 44  - 12 28 59 46 11 66 42 52 65 69 35 51 41 57 19 13  6 40 10 45 20 39 14 30 50 64  1 43  4 38 67 58  -
 50  - 70  9  3 36 63 37 69  4 68 31  - 54  - 34 27 20 45  8  -  - 62 41  -  - 48 40  - 15  1 44 21  - 57 23  - 10  -  - 56 61  -  - 35  - 25 26  -  - 58 33 28 49  - 47 65 22 66  -  - 14 11 18 17 64 13  - 42  7
 28 59 58 49 70 14 38  8  -  2 63 20 41 21  9 47 24 10 33  - 54 37 48 39 40 43 60 35 52 27  - 66 16  1 45 19  - 44 53 11 57  -  - 15 50 32 42 18 22  - 68  - 34 64  - 12  - 61  - 17  -  7 62  - 65 26 23 36 56 69
