3920
 18 51 61 49  - 65  - 45 37 63 27 44 59  - 15 58 60  4 57 21  - 66  1 17 42 11  7 47 30 48  8 22 41 24  - 28 54 50 38 46 13  9 20 10 70  - 69  - 53 62 31  - 12  2 39 36 34  - 14 25 52 43 29  5 56 32  6  - 26 35
  - 64  - 44  5 22 53  - 69 58 52 36  -  - 31  - 35 57  - 19 41 15 46 21  4 25  - 28 54 61 38 70 37 23 20 33  - 60  9 43 65  - 55  6 49  8 14 30 59  - 39 47 32 13 67  2 66  -  - 10 68  7 12 51  - 18 42 48  - 56
  - 60 63  - 70 58 35  -  - 24 25  - 27 45 12 61 65 53 48  7 52 47 17 32 55 46 23  6  3 31  - 44  9 29  -  2 50 28 59 66 49 56 41 22 67 18 16  - 30 69 33 11  -  - 51 21  - 13 43  - 37  -  -  -  4 19  - 54 10 40
 40 57 11 50 60 63 69 30 41 38  3  - 26 66  7 37 12  2 61 25 14 44 54 36  - 10 62 67 23 47 58 17  1 51  -  9 15 13 52  5  4 49  - 68 19  -  - 65 46 27 16 45  - 48 20  - 21 59 18 39 43 31 56  8 33 22 35 34 28  -
 31 63  - 62 15 17 70 36  - 25 38 47 45 29 65  - 58  3 16  -  4 33 61 46 30 56 13 11 14 60  -  - 64 34  -  - 27 23 50 49 40  8  5  - 43 35 67 22  2 37 32 42 19 66 57 52  9 20  1 18 55 26 28 39 21 10 12 44  6 54
  -  - 52 39 54  -  - 15 35 37  2 24 61 22 23 26 57 33 25  8 53  9  -  1 67 49 18  - 65  - 11 32 42  - 27 12  4  - 70 69 64  - 36 28 31 45  - 38 10  -  - 44 47 59 43 40  7 29 55 56 63 21 66  -  -  6 58 19 46 16
  -  7 28 70 14 31  6 43 45  - 51 35 58 21 53 69 64 68  - 44  - 42  -  5 29 33 30 27 20 34 22 15  - 50 10  -  - 26 60 24  -  - 37  1 59 16  - 13 23  8 38 63 36 41 48 55  3 32 17 65  - 11 61  9  -  4  - 62 39  -
  -  - 53 28  3 15 64 35 31  7 43 68 29  -  - 65 36 30 20 33  -  6 45  4  -  8  - 57  - 67  - 49 25 10 59 38  - 19 51  - 26 27 60 41  9 21  -  - 18 22  - 50 69 47 61  - 13 52 63  -  2  - 70  1  - 23 34  - 56 24
 53 66  - 69 12  2 25 22 67  -  - 40 63  - 54  8 14 52 24  3 55 50 13 43 49 59 32 48 41  -  - 47 39  -  7 68 60 15 29 16 56 28 70  4  - 57  -  9  - 26 37 20 65 18  6  - 42 21  -  -  - 33  5 34 35  -  - 31 27 36
 47 38 14 26 29 30  5  1 39 42 19  - 37 51 57 63 46 23  - 56 62 45 50 65 35  2 61 32  6  -  7 31 33  4 18  - 52 27 40 34 66  - 53  9 28 20 55 15 11 24  - 17  - 70 60 10 68 12  -  -  8 48 58 59 67 25 44 16 36  3
 64 33 29 38 41 16 45 47  - 17 69 11 67 10 20 66  - 61 28  -  - 32  4 40 60 12 52 43  8 54  6  - 62  9 39 55  - 21  - 70  1 48 26 23 18 68 15 53  - 42 14  2 59 65 37  5 63 46 56  -  3  - 19 57 22 35 25 13  -  7
 51 56 36  -  -  8 66 19 28 43 44 41  2  - 58  - 20  -  -  - 34 16 52 67 38 68 47 22  -  6 64  -  7 15  - 24 70 69  4  - 11  3 18 42 32 25 37 35 57 17  5 10 60 39 26 54 55  - 61 62  - 53 30 63 12 14  -  - 50 21
  - 42  - 29  2 61  - 34 43 22 47  -  7  -  - 35 23 15  - 24  9 68 51 30 65 45  1 54  - 66 18 69 57 21 48  - 59 20 33 67  - 36 12 55 62  -  5 16 49 40 64 70 28  -  - 53  - 25 13  6 50  - 10 17 31 37 27 14 19 41
 46 22 23  7  6 45 44 40 49  -  - 62 69 50 64 20 31 51  5  4  - 13 56 19 32 70 28 25  - 37 59 60 10 11 58 39  2 35 18 54  - 68 43  - 33 65 47  1  8 41 67  - 26 42 34 16 57  3 52 21 14 15 27  - 48  9 66  - 17 55
 19 43  2 37 63 18 12 31  1  3  - 58 57 56  9 32 68 40 17  5  - 21 36 11 23 34  - 51 64 39  - 38 45 14 29 65  - 44 28 15 52 53  7 27 61 70 25 26 13 35  6 69 55 50 16 47 10  - 67 41 24 22 48 62 59 54  - 66 42 20
 69 45  -  - 47 33 32 61 13 66 67 31 56 19  3 60  7 36 40 58 26 39 59 14 57 16  - 20 37 46  -  - 27 70 62 52 10 48 17 41 34 29 50 21 12 54  - 24  6  4  2 25  8  - 44 35 51 63 53  - 42  - 11 38  -  - 43 18 23  5
 34 67  -  - 42 44  - 13  - 61 62 17 12 54 51 45 26  1  - 29 32 11 55  -  - 66 48 40 10 59 63 23 19 30 43 69  9 70 53  -  -  4 25  - 46 52 39 64 21  3  8 56  7 24  5 20 31  - 35 60 18 36 57  - 68 28 41  - 65  2
 52 50 27 64 36 51 19  - 34 32 57 23 15 38  - 24 70  5 60 53 12 40  8 49  -  6 55 65 25  - 44  1 18 54  - 62 68 30 13  -  9 22  - 45 41 69 31 66 39  - 43  4  -  -  - 46  -  - 11 28 20 67  - 48  - 42  2  -  - 33
 58  - 40 36  8 34 21 57 65 41 60 56 54  -  - 50  - 48 52 49 42 19 12 70 33 29 26  2  -  - 45 24 11 64 14  6  - 38  -  - 32 59  - 44  - 17 10  4  -  -  1 66  - 68 23  7 47 55 37  5  - 30 51 67 46 31 20  -  - 22
 26  4 48 30 57  1 11  2 60  -  - 21 22 24  - 40 53 42  -  -  7 35 44 50 28 19  - 52 12 32 43  -  - 61  8 14 64 17 54 29 10  - 69 65 68 27 49  - 70 45 62 39  -  9  - 56 16 66 31  3 23 46 13 33 34  - 47 51 18 25
 20  -  4 46 65 35 58  - 57 40 70 26 68 43 17 10 50 62 41 11 51 56  2  9 53 63  - 69  -  - 28 29  8 19 23 61 67 59 24  - 42 34  1 32  - 60 38  7  -  - 12  3 21  - 31 45 30 64 36 13 22 16 25 66 44 33  5 47  - 49
 61 41 70 52 37  - 42 39 32 62  - 29 35 44 21  - 54 49 36 45 10 51 16  -  1 48 14 59  - 65  - 27  5 18 25 43 33  -  - 50 17 64  6  - 53 55  - 60 15 11 57  -  4 23  7 22 26 56 19 24  -  8  3  - 63 20 46 30 69 67
 12  9 57 45 21 37 10 51 59 39 68  - 33 25 34 16 22 18 29  -  - 28 23  - 11 35 49 13  -  -  - 56 38  - 53  3 43 58 47  6 69  - 64 67  7  - 41  8 54  - 20 40 42 31  - 65 27  4 66  1 36  2 44 24 70  - 50 61 32 48
 54 21 16 63 25  - 26  8  6 15  - 18 39 27  2 23 10  -  - 48 33 29 69 41  -  - 35 17  - 70 51 43  - 53 50 20 66 40 68 38 58 13 56 61 45 37  - 57  9 44  -  -  1 30 65 14  - 24  7 11  -  - 55 49  -  3 36 42 12 60
  - 47  3 65 51 69  - 20 52  - 28 46 13 30  8 15  - 56 14 60 35  4 21 64  - 44 25 37 57 10  -  - 24 32 67  1  7 55  - 40 39 17  -  5 63 33 22 48 29  - 50 58 70 45 54 42 18  -  2 34 53 66 43 16 23 38  - 49 68  -
  -  - 17  - 44 52 57 63 50  9 10  -  8  -  - 22  2 27 54 26 37  -  - 68 46 24  - 49 40  4 14 62  3  - 70  - 36 42  - 31  - 16 39 43 56  5 61 11  7 23 21 65 25 55  - 28 38  1 30 12 60 51 41 69  6 67 48 58 29 18
 55 15 39 20 52  - 63 67 58 45  - 28 66 59 37 19 44  7  6 57  1  -  - 26  -  -  9 18 36  2  -  -  -  - 11  - 65 46  3  - 21 60  - 25 14 10 27  5  - 49 13 62 34 69 30 41 24 40 38 33 48 29 35  -  - 43 16 23 61 17
 32  - 64  - 11 40 59 50 53 65  7 63 48 69 67 29 28  6 39 62 44  -  - 55 15 30 58  -  9 20  - 16 36  8 24 23  - 18  - 57 60 19 21  3 38 14 13 33  - 43 52 61  - 10 27  4 56  - 34  - 17  - 68 22 25  5 51 46 66 26
  8 58  7 48 40 49  9 42 19  2 53 51 60 32 46 70 34  - 65  1  - 27 66  - 24 18 45  5  -  - 55 68  -  - 26 21 35  - 44 33  - 14 54  - 17 38  6 50 62 13 22 12 57 67 56  - 59 41 16 52 28 25  4 29  - 15 64 10 63 11
 50 35  - 57 62 23 31  - 68 14 29 34 43  - 40  -  - 65  8 32 20  - 41  -  - 69  - 10 16 11 46  - 17 66  3  -  - 36 19 30 53 61 22 26 37  - 59 25 48 39 70 28 67  - 58 44  2 27  4  9 12 64 24  - 45  - 52 21 15  -
  2 23 55 22 24 62  - 60 66  - 17 65 16  9 30 33  - 14  - 31 50 10  - 61 48  7 19 56 13 44  3 36 21 67 38 47 12  -  - 68 28 43 40 46 52  1 42 58 51 25 35 53 11  4 70 27  -  - 39  8  -  6 37 32 18 26 63 59  - 64
  5  -  1 21 56  -  4 27 10 49 22 53 44  - 42 46 61  - 35 17 24 26 18 66  -  9  - 64 29 68 57  - 55 31  -  -  6 43  -  - 67  2 33  - 47 39 30 69 16 51 11 23  -  - 40 48 37 62  - 19  - 52  -  - 38 65 70 15 60 12
  -  - 51  -  - 29  1 65  -  -  - 59 31  6  - 54  - 12 68 67  - 49 14 18 39 38  -  - 46  7 70 66  - 35 56 32 48 52  -  -  - 63  -  -  3 40 57 10 43  -  -  - 27  5  - 17 45 33 26 42  4 24  - 36  - 44 61 20 58 34
 25 53 38  - 30 43  - 66 29  5  - 61 36 42 44 49 33  -  -  - 54 14 64 20 27 47 17 50  - 55  - 41 23 62 16 51 18 31 10 22 12  1  -  2 57  9  - 40  3  - 60 67 48  -  -  -  - 37  - 32 58  - 52  7 65 34 68 45 21  -
 65 26 24 68 45 48 37 64 23  -  - 10 51 17 69  -  9 58  -  -  - 61  - 56 43  1  -  - 62 13  - 28 44  6 42 57  3 16  5 39 55  - 31 35 66  2 63 46  - 15 54  - 33 29 52 38 25  7 70  - 11 50 14  - 27 49  -  - 53 32
 44  - 34 51 22 19 48 41 18  -  - 16 47 35 11 12  -  9 49  - 58 60  7 69 52 62  - 63 70 25 61 67 26 37 55  -  - 10 66  4 54 40 46 33 36  - 17  2 32 53 27  -  3 14 29 13 43 23 50  -  5  1 64 30 42 21 28 39  8 45
 33 62 20 25 35  - 18 12 11 70 32 66 21 65  6  -  - 26 30  - 28 67 40 47  3  - 10 19  -  - 52 45 53 42 15 29  -  -  2 14 36 24  -  - 50 59 60 31  - 64  - 38 17 51 13 61  8  9 27  - 16 44 69 58 54 41 23  7 37 43
 56 20 46 12 66 54  - 29 70 44  - 19  - 57  1 30 41  - 55 16 69 53 26  6 51 65 67 61 43  9 13 58  -  - 60  - 47  -  - 48  - 45 52 18  - 28  8 14  - 59  -  - 38 40 49 68  -  2 42 15 31 35 34  -  3 27 17 24  7 50
  - 29 66 24 48 20 65  -  -  - 18 12 14 11 68 53  3  - 19 35 60 55 43 22 41 51  - 33  - 40  4  7 54 28 52 27 25 49 61  - 37  - 44 59  8 64 62 45  1 36 42 30 15 38 69  6 39  - 47 46 57 63 32  -  9  2 56  5  - 13
 28  3 62  4  1 59 55  -  2 53 48 39 20  - 10 68  - 69 12  - 17 18 29 23 64 41  -  7 66 43 60  6 46 45 61 58  -  8  - 35 51 30 57  - 65 34 70  - 67 32 56  5  -  - 25  -  - 38 54 50  - 47 15 37 49 24 33 26 13 44
 29 36 59  - 33 39  -  - 48 54  -  9  6  -  - 14 63 45  7 30 68 25 47 44  2 58 51 21  -  -  1 26 65 49 19 42 23  - 22  - 57 66 34  8 64 12 11 70 37 28  - 43 62 20  4 18 53 15  3 35 32 69 50 27 41 13 31 38 55 46
 68  2 15 55 67 47 30 26  3 48 49 60  5 64 38  - 18 28 10 14 11 22  - 31  - 37 33 39 63 19  - 21  - 12  4  -  8 65 46 61 43 57 66 62  - 41 54 59 35  6 17 51 13 58 45  9  - 34 69 70 29  - 16 23  - 56 53 32 25  1
  -  -  9 40 61 28 27  5  7 68 15 42 55 36  -  4  - 70 47 66 29 17 58 48 10 39  - 16 52 33 24  - 43 57  - 30  - 62 45 21 41  6  - 38 60 13 34 44 12 46 69  8  - 56 14 31 49  - 22 63 64 23 20  - 26 53 32 25 11 19
 42 39 47  - 17 21  - 52 33 16 54 38 28 68 25 62 66 32 31 22 43 24 63 10  - 27  3 29 45 36 37 51 13  2  - 44  5  4 55 60 15 67 59 64  - 56  1 20 65 18  7 49  -  - 41  -  6 30  9 23 19 12 26 35 53 57 11 40 70  8
 48 65 12 43  - 67 23 49 61 20 64 25  -  - 18 31 56 60  - 69 16 57 70 35  8 15 54 41 33  -  - 14 68  - 36 66 53  2 32 59 63 55  - 13 22  4  -  - 42 47 51  9 10  6 19 26 11 39  5  - 45  3  - 52 24  7 62 27 40 30
  7 61  - 13 43  -  - 16 47 35 42 70 65 18  - 41  5  - 58  - 39 37 34 27 31 57 15 30 24 45 29  8  -  -  - 63  - 32 20 55 25 23 68 52 44 67  - 51 50  1  - 48 49 12  - 60 69  - 59 26  - 56 38  - 11 17  -  -  3  9
 36 59  8  1 10 64  3  -  -  -  6 37  - 31 60  - 19 24 18 38 48 69  9 42 26 67  -  - 21 22 62 63  - 17 13 53 14  - 39  - 45 44 16 54 20 50 65  - 47  -  4 32 61  - 28 30  - 58 15  - 41  5  - 11  2 52 57 70 35 23
 15  - 60 53 16 10  8 46 56 27 41 45  -  1 24 11 67 39  - 28  2 43 25 13 40 50  - 42  4  - 34 57  6 22 44 17  -  - 21 26 70 51 63 30 23 48 58 49 19  5 59  - 31 37 55  -  - 68  - 69  - 38 18 65 20 62  9  3 14  -
 21 17 69 32  -  3 40 14 27 56  - 52 24 12 29 28 45 19 33 61  - 70 30  7 20 13  - 35 22  - 16 55 15  -  2 48 37 66 64  -  6 18 47 60 54 51 43 23  - 67  9 31  - 57 46 34  5 10 49  -  - 42 63 68 39 36 65  - 41 62
  9  -  6  - 39 27  - 44  - 26  1 49  3 37 70 52 42  -  - 10 23  7 60 12  - 28  -  4 58 57 40  - 34 13 22 67 31  - 69 36  - 11 15 14  -  - 35 61 33 66  - 46 41 53  - 32  -  - 24 16 30 18 45  - 62 68 59  -  - 38
 66 52 25 27 31  7 47  3 62 10 58  - 50 26 43  6 55  -  9 18  -  -  - 53 36  - 24  - 19  5  -  2 70  - 32 45 29  - 49 42 14  - 48  - 39 44 46  -  - 16 23 13  - 64 15  -  4 57 40 38 69 61 22 12 28 11 54 67 30 68
 43  - 30 67 34 68  - 28  - 21  -  6 64  -  5 25  -  - 11 39 45  -  - 57 69  3 42 53 18 27 48 10  2  -  -  - 62 56 63 12 61  - 19 36 58 29  9 32  - 54  - 14 50  7  - 33 23  - 60  - 51 17 40 44  - 16 15 35 22  -
 17 30 21 18 19 53 67  - 51  -  5 43 70 46 41 38 25  8 62 37 57  1 28 16  7 55 60 26  - 42 54 39 50 20 35 40 11 63 48  -  2 47 10 56 24  - 23 34 27 29 58  6 44 22  9 59 61 69  - 45 66 65  - 13 14 12  3  -  - 31
 57  -  5  - 55 24  - 69 16 23  - 13 18 58  -  9  - 66 56  - 47  - 38 39 37  - 34 46 32 62  - 11 28  1 12 25 26  -  8 27 33  - 17 53 35 31  4  3 52  - 68 41 22 36 59  - 48  6 44  7 70 60  - 19 50 45  - 64 49 65
 38  6 67  - 64  -  7 11  - 52 14 27 25  8 36 55 62 31 70 43  - 48 32  - 17 20 69 66 42 24 65 33  - 41  9 22 49 53  1 19  -  - 61 16 26 30  - 29  - 68 18 59 56  3  - 37 60 47 28 54  -  -  2 10  -  -  - 50 57  4
  1 28 68  - 50 70 22  -  9  - 61  4  - 48 26  2 49  - 27 15  - 23 11 38 34 53  -  -  7  - 66 20 35 25 21  -  -  5 12 64 31 65 30 63 29 24 33 47  - 60  3 18 46 16 10 51 54  - 57 55 59 19  6 43 32 40 69  8 62 14
  3 48 31  -  - 42  - 54  - 11 20  1 19  2 55 21 27 25 50 64 63 36 15 51 12  5 56  8 61 28 23  - 52  - 47 35  - 22  6 13  - 62 67  7  4 46 26  - 14  - 44 29  -  - 66 24 65 18 58  - 49  9 60  -  - 30 10  - 33 37
 70 46 37  2 69 38 68 10 42  -  - 57 32 16 33 34 40 22 43 55 36 64 27 24  -  -  6 31 44  - 17 35  - 48 54  8 63 39 25 51  5 26 23  - 30 15  3  -  - 19 47  - 18 11 21  - 62 53  -  -  1 41 59 56 29  -  - 12 45 58
  -  1  - 47 13 36 29  - 12 30 11 64  - 62  -  - 24 35 32 42 27 54 31 28 22 43 38  - 69  8 20 25 61 60 57 16  - 67 65  2 18 37 14 39 15 19 56 17  - 48 40  -  -  - 68 50 52  5 51 66 33 10 53 46 55 59  7 41 44 70
 37 55  -  - 46 50 51  -  - 29 21  5 41  7 63  - 16  - 69  -  6  3 22 33 59 17 68  - 35 30  - 12 56 27 66 31 38 45 57  - 62  - 13 24 10 61 32 43 28  - 53 19 14  -  -  - 44  - 25  - 67 20  - 42  -  - 40  4  - 15
 23 12 42 19 38 56 14  -  4 59 31  3  9 33 47  - 48 63 21  - 40 62 10 29 45 26  2  - 11  - 25 30 16 52 46  - 32 64 67 65 50  7 58 49 55 22 18  6 34 57 41 27 39 54  8 66 28 43  - 44 35 68  1 70 69 61 37 17  - 51
 49 16 50 58  7  6  - 55  -  8 35 30  4 60  - 59 17 54 15 65  - 46 67  3 61  - 39 44 47  - 36 48 31 40  5 18 20 37 56  -  - 41 38 11 34 63  - 12 68 21 10 26 66 25  - 57  - 14 33  2  9 27 62 28  1 69  -  - 64 53
 62 11 32 10 53  5  - 37 64  6  -  - 30 28  - 17  8 59 23 34  -  -  - 63 25  - 44 24  -  3  -  - 47  - 33  - 13 29  -  9 19  -  2 40 51  - 66 56  - 31 45 55 20 52 18  1 22 50 12 14 46 70 54 41  -  - 60 57  4 61
  4 44  - 61 49 41 24  7 17 33 45 54 34  - 28  - 59 11 51  - 70  5  -  - 21 40 31 36 50 12 47  -  - 16  6 37  -  - 35  1  - 10 62  - 13  3 29 42 20 38 26 15 23 63 22 58  - 19  8 30 65 32  -  2 60  - 18 56 67 27
 24 14 13  3  - 11 17  - 63  - 39  7  - 23 48  - 43 38 44 12 64  8 62 52  - 21  - 58 60 35  -  4 49 26 45 41  -  - 30 20  -  - 42  - 27 47  2  - 69 33  - 37 29  - 32 25 19 36 68 61  6 59  -  -  - 70 55  - 34 10
 35 32 65 16 20 26 50 70  - 34 33  2 46  - 66 18 47 13  - 36 56 12  - 59 68 22  4  - 51 41 39  9  - 63 30  5  -  6 23  3  - 42 27 15  1 58  7 37 64 10 29 54  - 44  - 11 17 28  -  - 25 14 31 45 61  - 67  - 38 57
 22 40 33  -  - 57  - 21 25  - 26 15  - 20  - 44 52 10  -  -  8 34 68 60 47  - 43 14 49 50 32 61 51  - 63  4 58  - 16 56 48  - 29  -  2 11  - 55  -  9 30  1 24 62 53 19 67 35 46 37  - 45 17  -  - 64 38 65 59  6
 60  - 35 31 18  - 54 68  - 67 55 50 10 41  4  -  - 43 42 23 25 59  6  8 56  - 57 38  1 16  5  - 29  3 37 19 17  -  7 58 44 33 45 70 69  - 64 52 26  -  - 34  - 27  -  - 40  - 48 53 61 13 65 15 51 63 30  -  2 66
 45  - 18 41 26  9 62  - 44  - 12 48  - 14 50 57 21 16  - 47  5 63 65 34  - 54 53  3  2 15 31 64  - 33 49  - 42 61 36 25  7 32  4 69 40 66  - 39 24  - 19 52 30 46 35 70 20 51 23 67 10 37  8 55 58 29 22 60 43  -
 11 31 54  - 28 55 38 32 20 46 37  -  -  - 14 43 30 17 45 51 65 58 48  2 13 61 70 23  5 56 49 18  4 59  1 64 40 33 26  -  8 39 24 19 25 42 50 67 60  7 36 57  - 35 12  3 41 44 10 27 34  -  9  6 15 47 21 29 16 69
