3920
  -  - 70  -  - 60 26 13 17 24  -  -  7 54  - 27 48  - 30 34  - 61 57  - 50 65  5 40 66  6 16  - 42 49 64 25  - 35  -  -  1 59 36 55  3 39  -  8  - 43  - 63 22  4 53 10 20 46 58  - 18 12 62 45 14  - 23 19 68 15
 58 22 57  - 14 63 12 39 47 23 28 49 25  - 18 30 65 32  2 66  9  8 59  6  1  -  - 33 11  - 34 55 20 16 48 42 56 64  -  - 17  - 27  - 50  - 15 10  - 54 26 61 29 69 31 40  -  5  -  - 62 35 41 36  - 46  - 52 38 13
 19  - 47  - 25 50 28  - 61 26  - 39  8  -  2  -  - 58 22 65 66  - 23  4 41 37  - 43  - 67 69 36 63 59 49  -  -  - 45 60 46 29 10  1 12 57 54 70  3 51  6 64  - 32 20 62  -  -  5 48 38 42 35 34 44 33 13 18  9 27
 53 69 54 15  4  - 33 37 29 41  -  - 66  2 46 63 45 49  - 23 65 19 61 30 40  - 58  - 12 16 14  9 27 36  - 43 26  3 17 42 56 38 22 60  - 20  -  - 51  - 21 62 50 18  - 13 52  -  - 47 59  6  - 55 35 48 34  - 28 31
 56 30 63 28 23 35 50 41 25  3 68 48 32 57 58 54 16 17 10  2 62  -  - 13 26 51 66 19  -  - 67 40 65 60 55  - 29 47  - 61 11 69 37  - 70  - 52 44 42  - 27  7  4  5 36 21  8 22 64  - 39 49  9 20 34 53  -  - 45 46
 68 42 58 29 35 28 37  -  3 43  -  -  2 45 66  8  - 59 15 40 38 51 49 63  -  4 61 56 31 21 27 19  - 69 11 65 39 57  -  - 52  - 41 20 44  9 32 12  -  6  1 60 53  - 70  - 48 54 14 23  - 55 30  - 33 22 64  - 16 26
 15  - 33 54 11  -  -  6 64 14 56 41  1 31  5  - 38 18 48 30 52 50 40 46 19 36  -  - 47 13 45 17 61  -  8 34 55 39 37 21 20  -  -  -  - 32 10  -  - 26  - 43 58 60 49  - 27 51  -  9 35 28 66 25 42 65 70 69  2  -
 51 52  3  4 62 59 45 28 21 22 23 15 68 60  - 70 61 38  - 39  -  - 67 56  - 35  -  8 40  7  5 65  - 46 41 11 57 53 58 18  9 64  6 13  - 33  - 25 54 12 30 42  - 34 24 37  - 14  1 36 47  -  - 43 27  - 49 50 48 20
  1  -  2 51 42 49  7 58 27 18 13  - 30 65 44 69 70  - 36 54  - 46 41  - 39 57 45 14  - 29  4 15  - 55  - 64 40 50 23 52 12 17  3 28 37  - 26 56 47  -  - 25 68 21 59 66 38  9 20 62 61  -  - 63 24 35 60 32  - 33
  -  - 30 64 54 22 25 62 68 39 15 16 12  4  8  - 58  6 31 35 70 67 11 57  9 69 55 38  2  -  - 60 14  - 46  7 32 13  5  - 23 28  - 34 21 66 50 61  -  1 40 56 10 33  - 19 41  - 51 26 36 17 44 49  - 63 47 27 43  3
 59 43 37 33 13 68 31 24 48 29 49  - 14 69 34 66 47 16 42 22  5  - 12 53 61 64 60 55 21  9 18  -  3 30 56  - 27  - 11  - 45  -  4  2  - 50  - 38  - 58 46 67  - 54 57  1 26 20  -  - 23 19  - 39 63 15 41 28 70  -
 45 12 32 23 63  - 20 11  4 55  -  - 47  - 35 15 33 14 40 24 57 34 27 16 38 26 22 44 46 41 65 59  9  5 62 60 18 70  1  3 49 37 50 68 28 30  7  - 67 39  - 48  - 13 66  2  - 19 31 69  - 25 64 53 17 21  -  6 54 42
 65 47 26  - 70 41 34  - 22 36  8 60  - 56 33 25 55 67 38 69 21  3  5 27 32 40 17 13  - 63  2 54  - 11  - 19 59 37  - 10 62 24 39 48 29 44  - 30  1 14 35 66  -  6 52 50 28 31 49 18  9  4  - 12 46 16 57  - 51  -
 40 28 61 65 24 26 52 17  - 64  3 45 27 19 16 46 57  - 68  - 50 48  - 55 62 18 56  7  - 69 32 58 54 67  - 59 37  - 31 70 39  -  - 14 33  - 42  2 60 30  -  - 47  9  8 44 63  6 29 12  - 43 36 23  -  - 22  - 66 10
 11 64 10 14 59 31  - 52 55 56  5  3 19 18 25 37 60 20 66 15 48 57 69  - 28 43 34  - 17 36 30 67  - 24 68 54 35  2  -  9 51  - 53 50 49  - 41  -  - 27 38  6 16 70 39 58 12 13 26 61  1 44  - 21  - 40 33 65 32 47
  -  1 11 19  -  - 40 42  - 69  -  -  - 33 55 60 62 41 57 48  - 53  - 18 52 32 51  6  - 23  9  2  - 28 67 12 66  - 63 56  - 58  - 16 45  - 43  - 24 21 47 59 61 68 25 29  7 49 35 17  - 30  3  - 20  - 50 14 64 44
  - 51 12  3  - 46 53  - 36 44  2 32  -  7 13 19 42 52  -  - 10 49 50 66 31  - 37 60 28 58  - 30  -  9 39  - 64 17 14  - 16 70 54  6 38 15  -  - 35 63 59  - 21  -  5  4 61  1  -  -  - 67 47 65 43 62 45 40 27  8
 64 54  - 22  -  -  1 19 60 57  - 11  - 28 70 24 53  - 44 37  - 38  7  - 34  -  2  4 50 52 10 41 49  6 29 58 31 66  - 48  - 25 26 23 30 63 12  3 33 69  - 20  - 36  - 46 43 45  9 15 65 21 13  - 32  - 56  - 14  -
  - 56 64 35 48  1  3  7 37 33 58 34 62 66 23 12  -  4 61  - 13 55 17 19 20  - 38 67 36 31 24 22 29 44 43 50 30 14 53  - 68 32  - 11  6 10 59  - 21 70 65 46 60 63  - 18 42 26 25 39 40  9 54  -  -  5  2  -  - 16
 66 37  -  - 12  - 38 55  6 30 24 36  9  -  - 68 49 29 25  - 16 65 33  - 69 11  - 15 62 27 39  -  - 53 23  1  3 54  - 46  - 48  - 64 35  -  - 42 34  - 44 50  2  - 47  8  - 63 60 21 45 51 70 56 61 41  5  7 26 18
 61 67 55  - 58 70  - 21 46 13 16 14 56 26 48 29 30 15 19  7 20 22 68 59 24 12 54  - 51  2 60 42 32 25 18 57  9 38 69  - 43  -  - 40  -  - 65 35  - 49  3 34 37  1 62 41  -  -  - 45  - 50  5  4 53 27 52 31  6 64
 28 61  - 43 17  - 14 48  - 59  -  -  -  -  6 36  - 51 34 13 33  5 62  - 11 44 49  - 10 56 37 66 41 39 65  - 19 22  8  - 15 47 20 18  2 58 55 52 64  3 32 35  - 25 46  -  9  - 57 30  7 26 60 38 29 54 42 21 31 69
 39 46 66  -  -  - 59 32  - 17 41  7 29  5 51 50 67 60  - 27 56 13 37 62 10  - 42 28 16 57  - 23 45 63  - 68 47 30  6 44 21 49 55 35 54 12 14 64 61 34  - 52 24 26 19  -  -  -  -  1 22 65 18  - 31 43 20  - 11 70
 62  -  4  8 32 29 60 43 69 66 67 35  - 61  7  - 52 40  - 70  - 33 53  - 18  9  1 42 44  3 64 21  -  -  6 56  - 48 34 20 38  - 13 45  - 17 51 65 55 23  - 31  - 58 50 16 30  - 27 37 41  - 11 15 49 59 68  - 63 19
 33 32 52 68 67 51 62 20  - 25 34  - 15 59 49 35 31 45  - 64  - 21  -  -  3 41  4 30  -  - 56 27 50  - 66 53 61 63 39  1  6 65  -  -  9 38 22  5 10  -  7  - 13  - 11 28 46 58 55 44 60  2 14 69 36 57 29 43 17 54
 49  9 41 55 61  5  - 38  - 45 29 20  - 62  - 31 37 56  6 25 46  - 60 22 47 66  -  - 23 43 15 24 59  8 19  2 28 67 10 65 42 13 33 70 27  -  - 34 48 44 50 17  - 57 69 39 68  - 21 35 64  -  -  7 11 30  - 54 58  -
 29 17 36  - 69 67  - 34 15 37 44  5 64 24 42 48 32 47 33  - 60 27  - 65  2 38 40 54  - 45 63 52 55 31 14  3  -  - 50 35  - 12 70 49 26 61 21  7 23 19 13 58  -  -  - 57  4  - 43 51  - 18  1 28  - 10 62 30 39 22
 42 16  - 66  9 32 18 25 65 54 57 47 63  8 37  -  1 27  - 43 34 68  - 44 45  - 48 49 61 46 11 64 35 15 26 10 23  - 59 31  7 62 28 22 17  3 38  6 56 52 19 14 20  - 30  -  - 41  2  - 67  5 55 70 12 39 36  4 50 24
 22 58  5  - 39 69  -  - 63  8  - 70 31 46 10 57  6  - 47 67 11  - 28 14  -  - 33 65  - 20 23  -  - 43 36 30 51 32 29 25 44  9 18  - 61  - 24 55 41 50 66  2  - 16  - 15 34  -  -  -  - 45 40 62 54 12 21  - 49 53
 32 18  8  - 34 57 23 22 14 65 38 67 45 50 12 55  -  -  9 58  -  - 48  - 17  - 63 21 19 33  - 11 30  - 51 35 42 28 16 53  3  - 60 44  7 68 61 31  - 15 69 36 41  - 56 49 62 24  - 13  2 20  - 54 26  - 27  5 25 52
 50 31  - 62 22 45 41 61  8  4 11 58 65 37 20 56 43 21  - 28 32 23  2  1 55 54 39 70  9 44 25 46 64  - 57 47 69  - 30  7  - 51 29  - 63 49 60  - 53 16 36 38 67 35  -  3  - 48 13 66 27 24 12 52  6 34 10 26 59  5
 16  5 60 69 51 17 36 53 12  1 18 37 33  3 54 45 66 28 43 11 26 39 70 20  - 22  -  - 56  - 62 57 21 68 30  - 38 41 40 59  -  - 48 52 15  - 58 50 46  9 63 23 55 31  7  6 44  - 47 24 32 14 65  8 19 29  - 61 34 49
 13 23  7 10  - 33 63 70 34  6 22 64 11 14 61  -  - 24 49 62 43 20 32 17 37  5 21 69  4 39  3  - 58 42 54 16  -  9  - 28  - 27  - 41  -  2 31 59 50 57 56  - 30 52 35  -  - 38 15  - 25  1 53 66 68  - 51 60  - 65
 54 29  - 26 18 48 13  2  1 42  7 12 46 41  9 58  5  -  4 63 64 15  6 11  - 55  - 39 45 60 50 49 66 33 21 28 44  - 68  -  - 35  - 61 25  - 16 51 27 20  - 32 69 62 34 31 14  - 65 53 57 38 52  - 10 19 24 23  3 37
 27 34 24 30 40 64 15 31 32 58 46 38 42  9  -  7 54 70 56 50 47 29  4 51 63 39  - 57  - 48 53  5 17 19 20 61 13  1 28 41  2  6  8 37  - 26 68 21 22 62 49  -  3  - 55 60 35 16 12 10 14 23  - 59 66 44 65 25 33 11
  7 27 14 47 41 36 61 44 54 15 35 28 58  - 29  - 64 66 63 38  6  -  -  9 33 70 69 50 39 22 20 62 19 13  -  - 45 11 55  5  -  2  - 59  1 51 49 18 31  8 67 16 48  -  4 65  - 17 32 46 30  - 37 10 21 52 53  - 57 60
  - 55 23  - 50  - 49 64  -  2  - 65 38 42 27  - 51 22 39 10 58  - 36 31 30  3 57 11  - 26  -  1 18  - 17 33  7 62 41  - 13 34 45  - 20 52 35  9 63 48 28 70 59  - 67  - 53 61 56 54 66 15 19 47 37  - 14  -  5  -
  - 11 39 63 49  9 56 47 43  5 30 17 34 27  3 61  -  -  - 57 31  - 65  - 13 19  - 24  - 40 54 45 33 50 59 51 48  - 18 36  8 68 21 15 22 55 62  - 58 41 70 37 64  -  -  -  1 44 66  - 28 53 20 32 25 42 35 67  4 12
 10 38  1 12 37 55 22  -  -  -  9 29  - 11 63 40 28 54 32 19 68 41 14 49 65 60  7 27 53  5 43 31 56  3  - 66 24  - 26  4 25  8 51 30 13 46 67 17 62 18  - 57  -  -  - 70  -  - 39 50 20 59 15 64 69  -  - 47 35  -
 70 45 13  -  -  - 30 60 41  - 69 27 24 39 40  9 50 11 20 61  - 31  - 32  8  - 62  2 65 51  6 12 28 21 47 22 16 44  -  - 29  -  - 19 10 23  - 43 37 38 33  5  1 14 68  - 18 66  - 59 58 64  - 67  - 49 17 42 55  -
 67 60 20 42 52 13 64 36  - 62  6 25 43 17  - 21 15  3 54 14 44 56 10  - 16 68 50  5  -  - 58  -  - 35 61  - 34 29  7  - 24  - 23  4 41 65 70 48 39  2  -  8 31 30 37 51  -  -  -  - 53 66 33 19  - 38 40 59  1  -
 63 14  -  -  - 15 39  9 31 47  - 50 16  -  - 65 29 26 27  - 36  - 55 38  - 52  - 61  7 62 21  3  -  -  - 23 49 20  - 19 22 66 11  5 56 54  6 24 45 42 10 68 25 37 58 33 13 34  4 57 12  8  - 60 30  - 46 48 69 40
  - 15  -  1  7 14 17 51 38  - 47  - 60 13 62  -  - 33  -  9  - 44  - 25 46 50  -  -  3 49 70 61 68 26 32 31  - 69  - 58  5 55  - 54  - 67 30 19 11 28 24  - 66 56 43  - 45 27 22 42 34 63  -  - 64  - 48  2 29  4
 57 41 46  6  - 61 19 18 45  - 27 24 39 49 14 26 35 23  - 56  - 43 15 68 48 58  - 10 60 32 59 33  2 52 70 44 22 21 62 64 28 50  - 29 31 42 11  - 36 55 53 65 63  7 12 17  - 25 34  -  - 54 51  1 67 69 66 37 30 38
 47 68 22 39 43 19 65 49 59 32 26 42 17 52 57  1  - 12  - 36  4  - 16 37  - 30 15  -  - 10 29  - 31 61  - 21 25 18 20 50 55 67 44  9  - 48 46  - 66 60 34 13  -  - 27  5 24  3 70  -  6 58 45 35 51  7 38  -  - 41
  -  4  -  5 44 62 11 67  -  7  -  - 26 64 47  3  - 50 45 59  -  1 56  - 22 21 14 53  - 66 12 34 46 17 25  - 58 68 52  6 70 61 63 69 60 18 48 27  9 24 31 15 42 29 51 20 49 65 54  - 10 13  8 37 39  - 30 57 36 28
 38 20  - 21  - 66 69 23 58 61 51  - 57 16 50 59 26  - 12 55 17 28 39  7 49 27  - 48  6 24 22  -  8 34  4  - 14  - 47 33  - 53  -  - 68 62 40 13 18 65  9 19 52 10 44 45 15  - 11 60 42 36 46 30 70  2  -  1 67 35
  8 13 65  - 60 43 27 14  5 34 42 62 59  -  -  - 36 30 21 44 55 66 20 10  - 49 26 58 57 50 68  -  7 64 53 63 41 15 38  - 69 39 61 46 67 70  1 54  -  - 45 12 19 48 17  -  - 33  - 52  4 32 25 29 18  3  9 35  - 51
 48 24 49 50  - 23  2 54 35  - 20 56  6 34 19 51 12 46  7 68 25  - 31 60 14 61 64  - 59 37  - 39  1 65 27  9  - 36  3  - 30 16 58 26  -  - 17  -  8  5  - 45  - 11 21 22 10 57 44 32 63  - 43 41 13  - 69  - 47 66
 26 48 21  - 27 11 10 15 57 49 65  6  4  1 60  5 34 62 52 31 18 58 29  - 12 53  -  9 68  - 19  - 51 47  - 39  -  - 56  - 66 41  - 25 69 14 13  -  - 32 64 30 44 45 38 54 67 36 28 20 16 40 22 33 55  -  8 24 37 50
 43  3  - 34 19 54 57 56  7 50 55  4  - 38  -  -  - 37 53 52 29 63  - 28 58 48 35 12 49  1  - 68 69  - 16 32  -  6 66  - 61  - 46 39 18 13 45  - 30 40 25  9 70 27 23 64  5  - 67 65  8 41 21 42 60 20  - 11 24 17
  -  8  -  - 21 37 70 27  2 48 45  1 54  - 52 34 44 42  3 18 67 62  - 12 64  -  -  -  - 15 28 69 47 57 24 55 50 60 32 68 63  - 30 51 16 43 39  - 25  - 58 10  - 41 65 38 29 11 61  4  5  - 49  6 56 14 26 36 19 59
 14 10 51 31 66  - 48  - 42  9 54 68 13 47 30 44  -  - 67  - 41 70 24  3  -  2 27 20 64 65  - 43 34 18 63 26  - 45 61 17  - 11  5 36 58 40 53 37  - 29 16  4 39  - 28 52 50  - 33 38 21 62 59 46 22 25 32 12 56 23
 25 57  - 37 38 39 43 46 19  - 64  - 21 30  - 42 13 44  - 20  7 52  8  5 68  1  -  3 67 14 66 26 60 56 58 40 17 24 65 63  - 36 12  - 51 41 27 45  -  - 15 55  - 22  9 61 69 50 48 28 54 29 10  2  - 32  6 70 18 34
 30 40 48 67 57 18 35 63 23 51  -  -  - 70 17  -  7 55 16 46  1  -  3  2 42  8 65 29 37 19  - 25 26 38 45 62 10  - 13 47 60 20 32 24 52 34 56 69 43  4 14 22 27 59 64 36 54 21  - 33 44 68 58  5 15 28 11  9 41 61
 41 66 34  - 53  - 51  -  - 11  -  - 37 15 43 64 23  1  -  - 40  7 45  - 60 13 44 31 32 47  - 10 70 20 50  - 33 16 49 12 59 46 14 57 39 24 19 62 29 17  - 27  6  3 22  9 65  8  -  5 55  - 56 68 38  4 67  -  - 25
 55  - 68  -  -  -  - 16 70 19 63 46 18  6 21 49 24 34 11  4 27 40  - 64 67  -  9  - 54  - 35 50  -  1 22 37  -  5 60 62 36  - 59 33 47 25  8 14 69  - 29  3  -  - 42 32 51 28 52  7 31 10  2 57 48 66 15 45 13 43
 12 70 28 41 45  -  5 50 49 63 21 69  - 55 24 22 25 53 59 29 15 26  9 39 44 62 23 64 30 17 57  - 13 54 10 18 36 43  4 32 40  1 52 58 48 35 66 47 14 46  2  -  8 65 61 27 37 56 42 31 68 60 38 11  3  6 19 16  - 67
 60 35  - 18  - 53  - 26 52 31 48 33  3 20  -  4 21  8 41  1 14 30 63 61 23 25  - 66 24 59 51 70  - 37  - 49 68  - 54 13 47  -  - 62 46 19  - 32 57 22 43 44  -  - 10  - 64 42 36 11  - 27 39 58 40 55  - 56 65  -
 20 65  - 24  3 21  - 66 18 68 33 61 44 10  -  - 22 63 51 17 28 36 13 42 25 67 46  1  8 35  - 48  4 45 12  5  - 59 70 26  - 19  2 56 64  - 37 40 49 11 23 47  - 55 60 43 39  7 30 41  - 57  - 27  -  - 58  - 62 14
 46  - 56 57 20  4  - 29 11  - 61 63  5  - 32  6 27 65 37 12 42 47 54  -  7 59 43 35  -  - 55 13 10 51 52 67  1  -  - 38 64 23 40 17 34  -  3 16 15 66 68 39  - 44 48 14 58 30 45 49 50  - 69  9  2 26  - 53 60 36
 23  - 27  7  - 20 47 12  - 52 43 59 40 48 68 14 17 64 65 33 53 45  - 69 29 15  -  - 55 61 44 37 11 41  3 38 67 42 35  - 57 30 49 31  5 22 34  1 19 36  4 21  -  -  6 63 60 32 62 25 24 46 28 18 50  9 54 10  8 56
 18 50 53 49 64 44 32 45 62 67  -  8 69 63 65  -  - 39  -  5 35  9 30 15 21  -  - 37 22  -  -  6 23 27  7 70 46 61  - 29 54  3 57  - 43 11  4 36  - 68 55  1  - 17  - 42 25  - 41 19 52 34 24  -  -  - 59 51  -  2
  9 44 67 16  -  6 29  8 30 53  -  2 35 12 36  -  4 57  -  3 49 25 42 24  -  - 11 59 70  -  - 18 39  - 38 46 60 40 43 15 48 45  1  - 65  - 23 33 13  -  - 26  - 51 54 34 66 62 69 14  - 52 50 31 41  - 63 20 22 21
 24 26 25 58 29  - 44  - 66 27 12 30 55 35 56  -  8  5 13  -  - 16 19 36 59 47 41 17  -  4  7 63 48 10  9 45 15 49 46  - 65 18 62 32  - 60 57 11 38 64 20 28 54  - 33 53 31 67  6  2  -  -  - 14  1 70  -  -  -  -
  2 21 42  - 10 40 66 57 51 28 36 23 67  -  1 18  9  -  - 45 30  4 47 35  5 46 29 68  -  - 17  - 38 14  -  - 65 19 22 11 37 31 25 43 62 56 64  - 26  7  -  - 32  - 15 55 59 53 16 34 70 39 48 50  - 13 12  3 44  6
 36 49 19  - 28 24 21  5 56 38 25  - 50 23  -  - 68  9 62 16 69 64 34 29 15 63 59 18 14 11 13  4 40 12  -  6 70 65  2  8 31 54 67 10 32  7 47 57 52 33 60 53 46 66 26 30 17  -  - 22 43 61 27  3 45 58  1 55  - 39
 17 53  - 61 65  2  6 59 39 12  4  - 28 36 64 62  - 13 50  - 19 32 43 26 51 14 25 47  5 34  1 38  -  7 37  - 54 56 27 16 58  -  - 66 40  - 33 20 68 31  - 18 57 49  - 11  - 15 23  - 46 69 42  - 52 24 55 41 10 30
  3 19 69  - 30 42 55  4 50 60 70 10  - 67  - 11 18 61  1  - 45 54 38 34 56  - 24 62 27 25  - 29  6  - 13  8 43 58  -  - 35 57 66 65 23 37  5 26 59 53 12 51 15 46 32 68 22  - 63 64 48  7  - 40  - 17 16 49  -  9
  5  - 38 70  1 56 67 65 44 46  - 13 51  -  - 10 20 19 35 49  -  -  - 21 43 16 52 34 48  -  - 53 24  -  - 17 62  7 33 30 50 15 42  8  4  6  9 22  2 45 57 54 11 47  3 26 55 29 40 27 69 31 68 61 23  - 25 66 12  -
