3920
  1 59 19 34 24  - 27 23 21  - 16  - 10 32 17 15 11 35  5 65 52  - 41 56 25  -  - 36 12 48 28  8  - 63 43 40  -  -  -  - 47  - 44  -  4 60 22 57  - 61 67 29  -  9 58 33  - 54  -  - 45 42 13  7  - 30 64 68 69 66
 43 23 55 38  -  6 67 68 32  - 53 30 60 64 10  -  - 27 11 42 22  - 31  -  - 20  -  9 16 44  7 66  - 26  1 69 63 59 33 24 39 57 14 35 50  5  4 47 17 65  - 21 29  - 45  -  -  -  - 56 25 37 40 36  2 28  3 18 61 12
 58  -  7  4  - 38 49 46 44  - 11 16 56 39  -  5 35 68 19 22  8 30 18 52 70 29 33 24  - 47  9  - 65 32 45 43  - 25 54  -  - 36 12 53 66 64 67 15 10 69  - 31 51 41  - 61  -  - 60 57 40  - 62  2  -  - 28 27  1  -
  8  2  - 39 49 54 14 69  7 35 65 62  3  1 30 40  -  -  - 33  - 66  4 59 18 37 60 15  -  - 44 61 58 16 23 53 42  -  - 12 10 28 20 48 13  - 26 38 36 51  - 57 47 32 17 50  - 70 29 63  - 24 55 41 34 46 25 67 22  -
 35  -  - 45  - 40  4 14 55 21  6 27 23 26 33 70  8 67  - 46  - 57  - 51 60  2 39 29 54 65 56 17 44 20 66 28  9 50 64 49 63 32 52  5 36  -  - 10  - 38  -  - 16 62  - 31  - 61  3 13  7 47 25  1 30  - 42 19  - 22
 23 49 59 25 58 11 41 60 37 27 57 69 46  - 18 44  5 66 53  - 13 50 21  9 24 56 47  - 65  3  - 45 61  4  - 67 31  -  8 26 35 29 62  2 54 14  - 17 48 68 51 22 10  1 28 40 32  -  -  - 63  - 30 43 64 33 15  - 36  -
  -  -  - 50  3 63 28  4  -  -  -  - 59 62 45 21  - 44 61  - 68 10  - 31  - 13  - 16 22  1  - 37 48 30 52 65  - 46 24 14 15 25  - 32 34  7 40 20 29  6 42  - 39 55  8  - 35 56 19 26 49 38  - 51 11 58  - 41 33  -
  4 31 16 56 11  -  - 48  - 64 29 38 12 33 68  - 32  - 50 53 61 15 65 58 45 49 42 37 28  6  - 20 47  - 35  - 44  5 57 17  - 62 27 24  2  9 66 21 51  3  - 41 52  - 43 14  - 55  7 36  - 30 26 22 60 70 40  - 39 23
 56 32  - 22 61 41 33 42 15 29  9  - 14 68 69  6 51  - 52 24 26  8 40 16  1 62 44  - 27 43 36  -  - 58  5  - 46  - 10 38  - 50 30 63 48 67 17 49 19 13 35 12 28  - 70 64 23  - 20  7 53  - 45 54 39  -  2 65 55 34
  - 28 11  - 19 36 40 56  - 46  -  - 21 13  7 26 52 41 47 12  3 48 22 68  -  -  -  2 35 64 67 39 29 34 25 15 62 14  -  9  -  6  - 38  - 16 33  4 66  1 58 55  8  -  - 44  - 45 51 50 23  - 61  - 49 43 10 24 70 53
  - 35  -  -  - 26 38 29 33 13 15 65  -  8  -  - 53 61  - 44 60  7 45 22  - 64 40  1 10 46  - 23  - 19 55 59 43 48 34 31 21  4 39  6  3 37 41 68 42 36 69 52 70 67 18 47  - 62  -  -  -  2 28 50 20 32 14 12 63 25
  -  - 57  -  -  -  - 16 64 22  - 19  8 23 38 69 48 15  6  - 59  -  7 65  - 45 43 10  -  - 53 62  3 55  - 33  -  - 52 27 42 67  9  - 35 30 14 54 47 29 13 32 21 70 36 28 25 66 40 58 68 60 46 18  1 56 17 34  4 51
 31 39 52  - 70 66 34 15 50  - 21 48 65 57 19 41 63 54 26 51 18  -  -  -  - 11 22  - 33 13  5 27 49 40 20  - 60  7 58 37 36 45 16 17 46  -  2 67 23  -  - 68 25 35  3  6 64  4 30 28 47 59  9 14 10 42 53 56 29  8
 33 21 56 49 31 17 61 24 65 37 40  -  6  - 28  - 27  1 20 39 64  - 26  4 12 19 69  -  - 29 15 50 53  - 14 34 36  8 47 46 68 18  - 23 38 51  3  - 30 52  - 16 32 43 57 66 63  5 44 25 59 13 41  - 42  - 55 54  7 35
  -  8 46 44 13 31 63  - 52 18  7 56 28 45 41  - 23 25 29  -  -  - 39 17 36 69 10  - 21 57  -  -  -  - 48 14 35 19 32 58 26  - 53 12 30  - 61  1 40 15 65  - 66 68  6 11 51  2  4 67  -  5  - 27  - 50 16  3 60 55
 64 13 10  -  - 62  7 58  1 36  - 35  - 20  2 68  - 49  9 23 56 59 46 67 11  4  - 39 57 34  -  - 15 21 17 32 65 63 60 52 29 37 51 26 70 66 69 25 54 28  - 50 61  5  - 18 41  -  - 45 30 14 24 12 27  - 22  8  - 40
 14 18 70 61  - 69 57 51  -  7 13  2 26  - 20 52 19 12 35 50 65  - 37  - 58 54  4 32  - 24 30  6  5  - 39  - 49 21  - 44 64 31 67  8 42  3 16  -  9 63 17 40  -  -  - 45 46 33 23 41 28  - 66 29 47 59  1 10  - 15
  - 54  1 13  2 55 39 21  - 31 67 20 30 28 16  - 15  9 69  - 25 24  5  3 29  -  - 43  - 50  - 33  - 35 68  4 37 40 17  6 12 34 32 64 27 26 57 51 46  - 10 19 42 49 62 65 18 11 70 23 22  8 58 61 59  7 66  - 53 56
 11 20  5 14 67  - 60 49 45 15 22 58 41 43 32  - 70  - 44 17 36  3 52  - 16 66 57 51  9 18 68 10  7 23  8 54 50 35 21  1 19 64  - 30  6 69 24 31 34 25 48 47 55 37  - 26  - 42 39  2 56  -  - 13 40  - 33 53 46 63
  - 58  -  3  1 19 62 36 54 43  4 11  -  - 14 50 26 51  - 15 63 35 64 39 53 48 20 66 59 28 61 47 27  8  - 31 52  - 18 42 44 13 46 21 25 41 55  6  7 40 12 17  5 29 33  -  - 49 24  9  - 23 57 16 38  - 68 32 45 69
 34  6 26  2 38 42 35  - 61 69 24 31 62 36  4  9  - 40 45 54 23  - 14 60 20  - 64  -  - 21 10 28  - 51 37  -  1 57  - 41 52  - 25 15  8 22 43  -  - 16 53 59  - 11 39 12 13  - 67 49 33 70 48 63 44 47 29 17 66 27
 36  - 48 57  4  9 52 67 59  - 14 21 25 70 50 39 43  - 13  -  -  - 19  -  -  3 34 53 64 45 60 22 46 68 40 51 33  - 61 20 11 10 15 56 31 38 37 12 62 26 24  6  - 69 29 54 16  7  - 32 18 17  - 23 35  2  - 30 44 41
 28  -  9 48 69 12 23 40 60  - 35 14 49 41  -  - 33 64 15  7 19  1 66  - 34 18 27 57 31 38  - 36  - 67  -  6  5 29 42  4 24 43 13 37 10 46  -  - 25 39  -  8  - 16 44 58 22 26 65 53 54 45 59  -  - 17 32 21 52 70
 63 14 68 60 28  -  - 26 53 58 59 50  4 35 44 27 45 42 64  - 11 34 48 57 62 31 54 67 39 49  -  -  -  1 19  -  7 22 36  - 17  2 38  3 40  - 70 29  8 21 47  - 33 20  - 32 56  9 41 12 66 65 15 69 37  -  6 16 30 10
 37 25  -  - 32  5  - 64 35 66 19  -  9 46 42 16  -  8  2  -  7 28 23 44 52 24 18 50 26 56 31 49 39 15  -  - 34 36 11 21  - 48  6 29 14  4 47 58 22 57 61 30  - 53 40 41 33  - 63  - 10 12  1 38 67 27 70 62 20 54
  5 70 50  8 40 24 45 22 25 62 56  - 43 37 13  -  -  7 39  3 16 26 15 41 51 58 66 21 47 55 59 38 57  - 42  9 68 30 49 23 65  -  - 14 60 34 35 33 67 11 20 36 63  6 52  1 12 32 27  4 31 28 29  - 48  -  - 44 64  -
 42 62 44 53 52 33 24  -  - 45 58  - 20  4 67 43 16 48 21 38  - 56  -  8 27  1  - 26 18 19 22 63  - 49  9 29  - 47 15 70  6 40  -  - 11  - 36 30  - 14 32 37 23  - 25  5 55  - 66 68  - 35 60 10  - 61 12 39 41 59
 16  9 17 36  6 70  8 47  - 63  - 15 18 29 43 20 25 60 41  -  - 44  - 64 13 28  -  - 45 23  2  - 38 12 61  -  - 33 27 40 56 46 68 54  5 49 53 24 65 37 55 10  -  - 69 48 42 57 26 11 52 32 21 30  - 22 62 66 67 14
 25 16 32 33 46 68 30 10 40 28  - 47  7  - 58 34 36  - 37 56 48 64 59 26  - 43 52 38 49 61 50 60  9 70 44  3  - 66 45 35 51 11 18 41 67  - 31  2  1 20 29 65 53  8  - 69  - 21 22 27  - 39 14  5 19 24  -  -  - 62
 60  3 23  -  9 49 50 38  2 56 62 12 66 61 52 35  - 14 24  - 58  6 34 40 67 47  1 11 32 16 37  - 64 33 28 19 53 17 46 43 57  - 10  - 22 27  -  -  -  7 36 63 26  -  -  -  - 44  - 55 65 29  - 45 13 39 20 48  - 68
 15 64  - 43 36  8 48 61 62 19  - 55 47 53 46 42 69  -  - 41  - 37 70  5 40  -  -  6  - 54 63 30 68 27  4 20 29  - 26 50  -  - 35 18 12  1 65  -  - 44 14 56  9  - 31 49 45 51  - 34 58  -  - 39 32 13 52  7  -  -
 20  1  - 18 56 10 22 27  6  2 43 61  - 54 31 63 30 36 48  5  - 65 47 28 41  - 37 58 70  -  - 12 14 38 62 17 23 26 35 57  8 59 29 46 32 33 52 11 60 19 66  3  7  - 42 16 69 34  - 64 51  - 50 40 21  9 13 25 49 24
 39 53 33 46 48 37 20 18 42 65 55  4  - 31 15 24 54 34 40 66 32 51  -  2 23 25 62  7  -  -  - 52 21 47  - 41 59  -  - 64 43 56  - 27 57  6  - 45 49  8 28 38 60 44 30  3  - 12 14  - 35  9 11  - 70 67 69 36 26  -
  - 22 31 62 44 23  - 17 19 47 52 33  - 11  - 54 28 20  1 68  - 38 30 13  - 35 51 56 24 60  6  7 55 10 15 36 61 53 16 63  2  3  - 65  - 21  - 70 27 45  4  -  - 40 49 59  - 41 32  - 14 34  8  - 57 25  9  5 18 67
  -  5 61 16  -  - 29  6  4  1 69 66  - 19  - 23 37 70  -  -  - 46 67  - 26 51 32 33 17 30 40  -  -  7 64 50  - 31 65 59 45  - 36 52 63 18 48 41 44 58  - 25  -  - 15 68 24 35 10  8 38 55 54 47 28 20 56 49  -  -
 30  - 60  9 10 59 15  - 51 16 48  - 61 50 55  1 29 39 56 34 46 45  - 19 35 23 49 69  7 32  4  -  - 25 18 63 28  - 44 66  5  -  - 47 53  -  -  -  - 67 68 62 38 54 20  2 52 58 31 24  6 26  -  - 43 40 41 64  - 37
  - 26 30 40 51 53 19  -  - 60  -  - 63 44 57 18 20  - 31 64  - 54  - 43 59  -  9 65  -  - 17 34 35  -  3 47 11  - 66 45 38 52  4  - 28  8 39 13 32 22  -  1 24 58  7  - 49 10 56  - 41 25 68  - 46  6 36 55 37 16
 19 51 41 21 65 46 16 62 43 59  - 24 27 67  5 13 57 30 63  -  - 17 61  7 15  - 14  - 40  - 23  4 34 66  -  - 18 55 29 33  - 42  - 20 56  - 54 48 35  -  - 26 68 45 60  9  2 36 47 22  3 69 70  - 50  1  - 38  8 39
  -  - 25 11 12 67 56 57 24  -  5 44 40  3  - 10 41 22 42 14 47 32 49 63 21 17 38 62 29 35 45  -  4 37 46 58 13 20 23 30 27 69 54 34 61 70 60  9 15 48 18 28 43 33 50  -  -  6 64  1  8  -  7 53  - 52 26 51 59 31
 29  - 21 58 15 52  3 45  8 24 44 57 36  - 53 25 66 16 23 30  -  -  - 38 28  - 35 55 51 39 48 31 37  -  - 68 69 18 56 65  7 22 50  -  - 43 19 42 12  2  1 54 27  - 41 63 17 46 11 14 70 40 34  6 62  - 49  -  5 64
 55 24  -  5 30 35  - 59 27  - 50 28 37 17  1 53 18 45 60 49 14 31  -  - 22 39  -  8 44 70 19 65 66 54 41 12  -  - 13 16 32  - 40 11 47 20  9 64  - 42 56 34  3  - 68 36 10 69 38  -  - 51 43 33  6  - 46  2 15  4
 41 69  - 70  -  7 53 34  -  - 36 67 32 16  - 60 44 52 68 28  - 55 63 24  2  - 30 49 43 33 14 46 42 65  -  5  - 10 51 25 66 47 21 39 37 45 15 19  - 27 26 11 50  -  - 62  4  -  9 31 13  6 17  8 12 23 61 20 35 48
 10 60 29 47  5 27  2 33  -  - 45 64 11 63 48 66  -  - 14 61 37  - 28 50 46 15 56  -  8  - 54 16 23 17 12 70 30 58 43 19  4  - 24  7 65 57 34 32 31 53  -  - 41 36  - 25  9 13  6 42  - 52 18 35  - 69  - 22 62  1
 52 48 51 24 25 30 36 20  - 10  -  3 42  7 23 12 17  - 46 35  9 67 33 55 61 16 19 47  - 68 58  - 70 39 63 26  8 34  -  - 49  5 66 40 64 29 21 44  - 54 43  4 56  -  2 22 28 18 57 65 62 41 69 60 53 45 11  -  -  -
  2 38 53 41 27 39 31 35 49 11  - 54 51 24 61 55 22 65  8 36  - 21  -  - 64 46 15  -  - 66 25  - 63 59 58 16 10  -  3 67 28  - 19 13  1 40 32 52  -  - 57  -  4  - 37 70 43 29 34 60 26 62  6  - 69 18 30  - 14  7
 22 68 24 52  8  1 18 39  - 42 12 63 34 55 29  - 60 57 59 21 67 41 16 20  - 61 65  -  5  - 51 53 56 45 13 64 27  - 38  2 62 49 26 28  9 17 23 50 69 31 46 35  6 15  4 37 40 48 36 19 43 10 32  - 66 14 47 33  - 58
  - 45  - 17 64 32 12 25 47 49 26 36 19 27 70 62  -  -  - 57 15 23  - 14  -  6 58 13  - 42  -  -  - 29  - 44 66  -  4  - 40 16  - 69 51 68 18 28  -  5  - 67 54  3  - 24 11  - 55  - 50 21 35 59 41  - 60  -  -  -
 70  7  4  - 23 22 11 31 69 39 64 53 24 65 34  8  - 26 18 32  2 25 55 15 19 30 36  - 41  -  - 67 40 50 49  - 56 37 68  - 46 58 33 62 43 54  6  3  - 59 21 60 17  - 66 35  -  - 45 47  9 63  -  - 16  - 48 42 13  5
 53  4  - 31 41 58  9  8 67 44 63 17 13 15 49 32  - 18 65  -  - 70 12  1 47 22 26 23 69 62 42  5  -  -  - 52 54 11  7  - 14 27  3 68 19 50 38  -  - 66  - 45 40 46 59 20 57 30 16  - 55 56 10 25 61  - 34 60 51  -
  3 67 40 30 54 57 43 66 28 17  - 52 50 51  - 48 31  4 10 16 21 22  8 69  9  - 11 19 37 63 35 44 12 14  6 46  2 65  -  7 41 20 42 61 49 58  -  -  - 32  - 33 62 13 27 56 26 47  -  -  1 18 38 15  5 60 59  - 24 36
 67 12  3 23 66 50 68 30 22  - 28 45 52 60 35 36 40  - 34 37 70 33  6 42 32 26  7  -  1 27 49 48  - 31 65 25 51 38  - 18  -  - 41 19 62 56  - 39 20 46 16 14 58 47 54 53 59 15  - 10 57  -  4 24 17  -  -  9  2  -
 49  - 35  - 14 44 13 55 31 41  2  - 57 34 37 29 50  5  -  6 10 12 20 45 69 21  8 46  - 11  - 59 25 24 33 18 15  - 67 32 16 19 17  -  7 62 27 26 53 30 22 70  1  - 65  -  - 64 48 43 39 58 36  9 56 54 38 47 68 61
 68 27 14 67 57  - 44 63 30  - 18 46 35  9  3  - 12 28 25 62 54  - 42  6  8  - 55 45 48  - 70  - 50 52 32  -  -  - 40 10  - 39 47  - 41 61  1 66  - 34  -  5  - 56 24 17  7  - 69 38  - 22 53 58 26 29 37 31 21 49
 12 43 65 19 63 45 37  1  9 50  - 60  5  - 26 31  -  2 57 18 41  -  3 30 55 33 29  - 23 15  - 70 24  6  7  - 16  -  - 69 54 35 64 67  - 36  - 40  - 49 59 39  -  4 47  8 68 22 62 44 21 53 20  - 58 66 51  - 28 32
 24 15 39 35 26  - 47  - 12  - 60 25 44  -  6 38  - 37  4 29 66 19 58 10 14 27  5 20 52  7 11 69  - 57 21  8 40 51 63 36 23 41 48 22  - 55  - 61 45 17  - 53 18  -  - 46  3 67 33 59 64 43 16 32 65 62 54  1  - 13
  6 19 62 10  7 20  - 11 17 67 49 23  1 14  9 33 34 58 43  4  - 63  - 37  -  5  -  3 60 69  8 15  - 22 47 30 38 54  - 56 18  -  - 31 16 39  - 55  -  - 52 44 57 59 26 21  - 27 42  - 12 48 51 46 24 41 45 13 25 65
 51 36 13 68 47  3  6 37 66  -  - 22  - 69 40 57 49  - 67 45  - 16 25  - 10  - 21 60 63 41 20 24  1  - 29 38 70  4  - 11 53  8  - 58 55 19 59 18  - 62  - 46 35 61  5  - 39  - 52 15 48 27 56  - 54 65  -  - 17 50
 69 57  6  - 68 21  -  - 48 25  -  5 15 58 27 11  - 43 54 13 53 36 32 34 31  - 12 41 62 26 33 40  - 42 59 60  - 70 14 47  -  - 56  - 29 24  -  -  2 23 30 18 67 38 10 51 61 52  - 35 17  1 39  4  - 49  8 63 65  -
 50 41 58  - 43 13 26 53 38 34  1 49 39 47 25 59 10 21 30 60 17  5 29  -  7  -  - 63 11 40 52  -  - 44 36 22  -  -  -  3 33 61  8  - 45 35  - 16 70  4 37 24 14 18 51  - 67 68 46 54 69 64  -  -  - 55 65 23  6 20
 18  - 66 64 42 43 10  5 57 30 51 70  -  6 60 22  - 62 16 40 39  2 54 46  - 67 17 14 13  - 26  - 32 53  - 11 20 24 59 55  - 38 23 25 58 48 56 34 37  - 63 61  - 50 12  -  -  1 28 33 19 49 44 68 15 35  7  -  9 45
 45 50  -  - 29 56 70  -  - 40 25  6 64  2 54 14 59 19 28 27 38 61 57 21 68 53 24 35 34 67 69 55 26 36 11  -  - 32 30 60  - 12 49  1 52 10 44  - 33 18 31  7 46  - 22  - 62 17  8 66 16 20 47 65 63  -  4 43  3 42
  7 10 38 66 55 60  1 52  - 14 31 40 33 49 65 45  6  -  -  9  5 68 56 32  4 41 67 17 42 22 43 58  8 69 16 39 48  - 37  - 34 51 28  - 24 47 25 35 61 70 44  2 11 12 13 30 53 50 54 18 20 36 63 21 29 64 27 57 19 26
  -  - 36  6 50  - 46 19 18  - 23 41 54 21 12 64 68 63 55  8  - 42 17 35 38 40  - 44  -  2  1  -  - 43 70  - 25  9 31 22  - 66  -  - 20 32 58 65  4 24  5 27 69 10 16  - 14  -  - 29 37 11 33 49 51  3  -  - 48  -
 61 34 47 20 39  4 65 13 26  5  -  1  - 12 21  - 14 53 32 67  - 40 51 29  -  8 41 31 36 17 24 43  - 56 57  -  - 16 70 28  -  9 22 66  -  - 62 27 58 33 25 49 45  - 48 38 19 60  - 30 11  7 37  - 52 68 23  - 10  -
 13 11 12 59  - 51 25 65 16 33 34  7 53 66  - 19  - 38 17 26 20 29 60 49 30 36 45 48  -  - 27 68 18  9 54  - 21  6 41 39 70 24  - 43 44 42  5 69 50 56 40 15  - 52 64 55  1  - 35 62 32 61  3 67 23  -  - 28 58 46
 57  -  8  - 35 29 69 41 39  4  - 32 38 22 36 17 13  -  7  - 55 47 68  -  6 63 16 34 19  9 65 21 59  - 56 37 26 45  -  - 48  1  2 51 15 52 20  - 43 10 27  -  - 24 23 42 30 25 49  3 46 54 64 31 18  5 67 11 40 28
 40 56 34 28  - 14 64  - 29 53  8 26  -  - 47 65  4  - 49  1  - 62 11 61  5 68 25 22 38  - 21 51 10  - 69 66 39 67 12 54 20 30 55  -  - 63 46  - 13  - 45 48  -  - 35 43 27 23  2  - 42  3  - 52 33 16  - 58 32 60
  - 29 69  - 45 48 59 44 41 54 10  - 55  5 51 49  - 31 66  - 27  - 38 70 33 60  - 52  6  4 62 35 17  - 26  1 47 68  2 53  3  -  - 16 21 12  8 37 63 43  - 58 30  - 14 13 36 20 18 40 15  -  - 34  - 19 50  - 56 57
 59 46 42  - 16 15 17  7 68 38  3 13 29  - 63  - 62 23 36 19  -  - 43 11 48 55 70 54 58 51  - 41 67  5 10 21  4 69  6  8 22 14 65  - 33 28 30 53 39 12  9 20  - 66  - 27 50  -  1 52 60 57 49 37 45  - 35 40 47  2
  -  -  - 32 62 64 21 28 11 12 41 34 17 40 22 67  2  6 33  - 30  4 35 18 44  7 59  - 56 36  -  1 69  3  - 49  - 43  - 68  9 65 70 57 23 25 63 60 24 50 54 13  - 26 19 29 37  - 15  5  - 46  - 42  8 38 58 14 16 52
