3920
 64 46  - 61 49 27 33  - 35 70  4  - 23  - 48 37 15  - 41  - 34 50  -  -  -  - 24  - 39 21  - 67  2 52 14  8  7 63 43 36  - 47 13 32 30  -  6 56 40  3 53 11 28 69 17 54  -  - 68 12 45  - 10  9  - 18 51 38 58  1
 41 25  2 55  - 26 45  - 44 61 10 66  - 29  4 67 30 70 68 17 16 60 38 51 33 35 65 43  - 53 12 27 23 28 46  - 13 52 62  -  6 40  7  -  8  9 54 15  5 19  - 18  1  -  -  - 49  - 31 50 47  -  - 32 59 69 21 64  - 36
  -  - 47 16 65  - 37 56 19 66 43  - 52 34 31 33 69 30 58  - 21  4 41 67 62 25 59 53  -  -  - 15 44 13 28  - 60 61 29 40 70 14  -  -  -  - 68  8 22  -  7  -  6 23  - 35 45 10 17  - 42 18 20 57 46  9  - 11 26 24
 69 51 23 10 42 11 55 67 70  5  2 64 39  - 54 22  -  -  -  4 35 36 16 50 66  -  7 20  -  - 60 32 41 18 30 43 44 57 31 15 40  - 58  6 25 12  - 47  1  -  - 37  9 59 28  - 19 27 56  -  - 63 53  8 61 68 13 65  3  -
  -  -  9  -  7  - 60 11 27  -  -  5 38  -  - 15  - 52 20 30  - 66 37 25  - 26 14  -  2 43 69 65  - 23 58 68 39 45 56 59 54  - 18  4  -  -  8 62 55 28 21  -  - 50 48  - 44 19  - 42 13 57  3 12 67  - 16 32 29  -
 57 37 62  3 48 67 63  8 12 32 44 28 30 31  - 18  - 61 60  1 65 29 17 14 54 52 56 45 38 39  - 70  - 50  2  -  - 16 23 33 19 20 64 46 55 24 66  6  4 15 36 27 53  7 26 69 58  5 41 25 51 42 47  -  -  - 68 34  - 21
  - 65 49 68 17 46 13 28 59 31 30 25 34 12 52 61 48 44 40  3 45  6 69 47 38  5 21  - 53 42 11 26  1 29 63  - 35 55  - 50  - 24 37  - 67 15  -  2  9 56 23 54  - 43  4 32  -  -  - 20 70 51  - 39  - 33 41 36 19 57
  - 53 69 59  - 56 22 66 17 18 47 34  -  3 28 52 63 55 14 11 24  -  -  4 19  2 12 21  1 48  7 45 67 20  - 51  -  - 35  - 29 15  - 25 38  - 60 13 64 65 49 58 10  5 44  - 36  - 50 23 40  -  8 26 62 31 30 46 16 39
 59 36 40 62 53  -  - 27 54  - 17  -  -  - 42 34 67  - 47 64 51 63 43  6  -  -  - 41  - 52  - 48 12 45 60 20 32  - 21  1 55 69  3 19 37  2  - 22 46 39 61  -  - 57  -  - 38 35 33 70 26 13  - 50  5 56 25  4 14  9
 58 45 29 38 23 65  - 44 40 27  6 33 32  2 11 60 36 34  - 67  -  -  -  -  - 13  1 48 22 35 63 10 26 64 49 55 24 68 52  9 42 57 50 47 69  - 14 53 20 31 17 46 61 54  - 18  4  - 15  3 28 59  - 41 30  -  - 19  - 25
 47  -  - 52 57 64  - 58  - 23  - 17  2 38 68 35 32 66 50  6  - 54  -  -  4 20  - 26  -  1 33  -  5 69  - 39 61 29 46  - 44  - 56  - 16 22  7 67 28 30 40  9 59  - 19 10 51 12 48 37 15 27 49 45 11  - 65 18 13 41
 43 42  8  - 51 12 14 10 47 13 23  - 35 15 57 65 22 46 24 49  - 70 18 56  - 50 33  2 30 62  1 59  - 21  5 69 25  - 55  - 39  - 29  - 63 54 64 31  -  4  - 66 44 40 68 19 53  6 34  - 67 36  - 27  9 60  3 58 20 11
 26 67 20 60 61 36 52  - 23  -  - 53 56 35 19 31  - 64 42 27 68 65  -  8 17 24 11  7  - 33  -  6  - 32 39  - 51 10 16  5  9 37 49 57 13 66 21 34  - 38 62  1  2 18  - 41 54 55  - 45  3 46 40 58 12 70 50 59  -  -
 10 24 36 34 69  5 23  - 25 52  -  6 43 22 29 40 42 58 11 62  4  - 39 27 56 28 45  8  - 54 53 31 57  7 41  -  -  -  -  - 16 68  - 37 47 67 70 32 26 66 63 61 64  1 15 13 14  9 46 55 30 60 33  - 49 48 35  - 18 50
 54 43 50  1 40  - 70 18  4  6  5  -  - 45 24 62  - 33 32  8 61 22 31 42 69 64  - 60 65 20  - 29 27 59 67 14  9 44 12  - 52  - 41 68 56 28 38 21 39 47 46  - 48 17 13 11  -  2 37 15 36  -  -  - 63 53 66  3 49 30
 48 17 19 41  - 45 28 68 26 60 62 51 69 20  -  -  -  3 33 39  5  1  2 15 14 59 47 11 66 30  - 43  4 44 52 18 70 54 64 63 61 12  - 21 65  - 24 42 57 35 29 16  - 37 32 38  8 40  - 22 25 49 58 13 23 36  6  9 34 55
 18  -  - 13  - 57  1 70 51 69 61  - 26  - 32  -  2 68 29 12 59 44  -  9  - 23  - 46  - 22 28 37  6 39 50  -  3  8 45 30 41  5 10 15 34 49 31 48 52 43  - 64  - 16 11 17 21 66 65 40 33 62  4 60 56 54 67  - 55 47
 14  - 16 70  9 20 57 35 33 59  7 13 25  - 47 50 11 49 65 69 42  - 36  - 41 54 44 24 62 58 22  8 30 61 51 29 52 60 48  2 63 56 19 12 46 10  - 23 27 67  3 17 15 68 40  - 26 38  1 66  - 55  6 64 45  5 28 37  -  -
 22 30  -  7 21  -  2 17 64 49 37 32 59  - 35 24  5  - 45 55 50 69 26 40 31 68 66  - 67  -  6 54 25  - 29 53 33  - 15 46 57  8 43 18  -  1 62 63 12 20 16 19 39 38 47 52  -  - 60  4 48  3 42 56  - 27 58  - 61 70
 37  8 15 32 62  3 10  - 67 35  - 23 44  7  5 48 50 39  - 14 53 18 22 24  -  - 63 68 56 17  -  - 40 60 38 25 12 58 27  - 30 66 70 34 51 61 42 46  6 55 11  - 29 28 31  1  -  -  4 69  - 52  -  -  - 59  - 20 64 49
  - 10 65 29  - 59 51  7  -  - 57  -  - 43  2 69 47  - 39  -  -  5 20 53 44 58 13 38  8 18  - 33 24 15 27  - 55 11 40  - 50  - 17 45 12 46 22 28 70 25 19  4  3 49  - 48 41 16 30 67 60 32  1  - 34 52  9 56 37 63
 25  - 21 33 14 18  6 16 66  - 67 35 55  5 13  - 52 10 62 41 30  7  - 58 15 69 61 40 19 44 46 11 48 49  -  1 63  3  9 29 47 54 20 50 64  - 28  - 24  8 26 57 65 22  - 43  -  4 51  -  - 37 36  -  - 45 70  -  - 56
 53 34 66 12 41  - 17 65 10 16 46 59  7  6 26 36 39  -  - 48 54 14 63 45 64 21 20  - 31 68 61 60  3 51 15  4 40  -  - 25  8  -  2 23 42  - 44  - 67  9 47 49 18 52 50 33 62 22 32 29  - 38 55 69 58 19 11  -  1 43
  - 70 43 46 37 60 20 31 45 50 19 42 11  - 16 39 62 14  6  -  7  -  -  -  - 63  - 22  - 59  - 38 18  -  -  3  -  -  8  -  1 27 48 44 40 34 29 51  - 32 35 12 13 53 41 49  - 30 61  -  2 21 69 33  - 47 15 54  9 10
  -  - 13 30  - 68  -  - 31 53  - 67  -  - 66  1 40  - 22 37 12 62 34 17  - 41 58  -  7  -  - 21 60 16  3 24 26 43  - 42 14 11  4 10  9 64 48 38  - 46 69  6  - 33 57 59  - 45 29 27 49 25 28  - 32 20  8  - 44  -
 24  -  -  5  2 25  9 14  - 63 59 50 67 64  1 20 51  - 46 44 11 49 29 18 30 60  3 12  - 34 42 53 65 36 33 15  -  -  4  - 10 23 39 13 27 31 57 70  - 26 58  - 43 48 52 21 61 68 40 32 35 69 66 55 17  7  - 28 45 16
 44 11  3 54  - 62  - 37  2 41 35 68 10  8  - 32  - 60 59 19  - 52 40 22 67  7 27  - 21  9 18 56  - 43 31 23 53 20 39 17 25 51  - 63 15 36  - 26  - 12 14 48 66  - 46 29  - 13 55 30 64 58 34 65  -  - 24 16 57 42
 52  7 53 26 47 40 30 23 21 65  - 37 14 27 41 43  3  2 48  9  - 39 11 49 18 62 60 67 45 51 56 57 31 35 16 13 66  6 34  -  4 61  -  - 19 25 32 29 50  5 38 68 33 55 70 12  -  - 44  - 46 22 59 42  - 58 69 17 28 64
 27 60 28  - 39 29  - 61  - 56 41 57 49 26 21 51 35 67 31 10 70  -  - 52 42  - 34  -  -  4 55 64 15 33 59 36  1 50 32  7  -  - 63 62  6 18  5 20 45  2  - 69 14 58  3 53 65 25  -  -  - 40 54 48 47 46 19 13  -  -
 62 61 68 65  -  1 50 59 34 46  3 58  - 37 30  -  - 69  - 45 22 13 51 32 39 29  - 36  -  5 20 42 33 12 44  -  8 64 49 47  - 38 55  9 28 63 40 66  - 17  - 60 57 26 67  -  - 18 19 21  - 23 41 10 53  - 54 24 35 15
  2 52 26 11 59  7 18  - 62  9 39 43  -  - 20  8 53 41 10 51 60  -  - 28 57  - 38  - 29 24 44 55 37 63  - 67 45  - 17 27 31  -  - 58  -  3 46 61 14 13  - 25 34  - 23  6  - 49 66  -  - 16  -  - 36 32  -  - 12 68
  - 66  -  4 11 50 42 39  9 68 16 20  -  - 64 30  - 54 28  - 62 21 55 41 53 70 67 34 44 69 17 36 52 48 65 37 46  - 59 45 13 49 15  7  -  - 18 25 10  - 51  8 56 31  - 26 29 32  - 35 27  - 24 22 57 43 47 60 38 23
 15 20 46 27 16 44  4  -  5  - 13 69 63  -  - 28 10  -  1  2  9 48 61 21  - 38 57  - 41 12 52 50 43  -  - 32 22 14 68 11 62 59  - 54 17 45 35 60 37  -  - 53  8 39 55 70 25 24  3  - 19  - 29 51  - 66 64  7 67 58
 63 59 35  -  4  -  3 41 42 17 28  - 53  -  - 11  8 37 43  - 57  - 46 34 61 18 25 29 54 70 15 24  - 19 32 65  - 40 13 44 64 48 33 26 10 30  - 12 47  7 31 39  - 60  6 66  9 69  -  -  -  1  5 36 68 23 52  -  - 45
 38  9 67  6 32  -  - 29 68  - 14 39 17 13 15  - 57 19  4 24  8 37 64  7 25 55 50 59 18 41  - 69 62  - 10 49 21  - 54  - 36  1 44 28 58 53  -  3 42 22 70 26  5 56 12  - 23 60 11  - 52 47 35 66 33 40 63 61 43 27
  1 19 24 57 15 17  - 60 58 44 69 48 31 10 46  - 23 20  - 28 52 40 49 36  - 12 29 66  -  - 14 61 70 47  - 54 56  -  7 51 18 26  -  8 50  6  - 35 13 21 55 42 25 45  9 67 32 34 63  - 38  -  - 62  4 65 22 41  -  2
 29 62 27 35  -  - 46  - 15 40 20 21 24  - 70 38 16  9 54  - 32 42  - 66  - 49 23 50  - 63 43  -  8 68  - 31 64 13 61 57  7 67 28 56 48  -  - 45 58 33 12 22 60 19 34  - 47 65 36 41 55 10  - 53  - 44 18 52 39 14
 21  2 39 43 10  -  - 38 29 30 42 45  - 19  -  - 56 62 15  - 28 27 60 26 46  - 48  - 11 14  - 49 36 31 23 41 20 69 63  6 58 70 65  3 18 55 52 44 34  - 57 59 12  - 35  - 24 51 13  - 54  - 32 67 22 16  7  5  -  -
  8 54  - 50 67  -  5  3  -  -  1  9  - 49 59  4 29 27 61 33 64 34 44 70 35 22 18 23 47 13 37  - 11 17  7  - 14 42  - 12  2 58 21 38 60 48 55  - 56 51  - 62 41  -  -  - 66 26 24  - 20 43  - 52 69 63 53  - 36 46
  - 48 37 40  - 38 65  1  - 54  -  - 18  -  - 10 70 16  5 31  3 57 47 20 55 43 28  9 13 45 30 39  - 11 17 50 15 49  6  - 56  -  - 64 32 58 53 59 36 27 60 23 68  8 42 61 33 41  - 14 69  2 52 35 29  - 26 66 62 67
 35 68 59 48  -  - 29  -  - 21 32 49  9 60 18  2 26 51  -  - 69  - 66 31 36 40 16 56 12  - 64  1 10 62 53 11 65 22  -  3  5 19  - 41 70 39  - 50  - 14 45 38 47 63  - 34 27 67  6  -  4 20 37 30 55  - 42  -  8 52
 68  -  - 31  6 47  8 55  -  - 26 70 20 18 22  9 24  5 19  -  - 11 65 54 50 56 30  - 61 46 27 12 49 14  4 35 42 36 60 48 34 53 32 51 66 43 13 33  3 40 39  -  - 44 10 62  7 17 64 57 29 15 63  - 41  2  -  - 69 59
 60 35 44 22 30  -  7 25 50 51  - 12 42 46 56 41  9 32 17 43  -  8 59  - 48 19  -  - 34 57 10 18 21  1 13 64 49  4  3  - 68 55 31  - 45 29 23 54 38  -  -  5 37  - 53 36 52 15 70 58  -  - 27  -  - 26 39 47 63 28
 56  - 63  -  - 53  - 64 65 43 11 41 45 55 17  - 37 36 70 38 67 33 35  - 58 27 39  - 59  - 19 62  9 22 66 10  2 21 50  - 32 44 47  -  5  - 49  1 68 42 15  7  -  -  8  3  - 48 54 24 12 28  - 61  6 30 14 29  - 40
  - 31 12 36 63 14 35 45 57 39  - 11  -  - 60 68  -  8 34  - 55 26 62 13  6 51 37 44 64  - 54  3 20 65  - 38  - 15  - 53 27 33  - 67  7 21  -  - 32 61 52  -  -  - 25 16 70 46 49 18  1 50  2  -  -  -  -  - 56 48
 55  - 52 25 44 66 32 33 28  - 70 27  - 30 45 54 34 38  -  -  -  - 10 61 59 53 17 58  6 16  - 46 69  - 19 47 18 31  1 39 21  - 67 35 36 68  - 11 51 37 24 13  4 15 43  -  5 50 26  -  -  - 22  3  -  -  -  - 40 20
 67 44 58 42  3 35  - 34 20  - 31 15 65  -  7 64 17  - 12 21 41  - 13  - 24 45  - 32 26 36  8 14 59 10  -  - 38  - 33 69  - 28 52 61 57 11  1 55 18  -  4 29  - 47 16 50 68 62 23 39  -  -  - 46 37  6 48 22 27 53
  - 15  1  8 12 51 67  2  - 57 33  - 46 28 34 13  -  - 27  - 18 19 23 65 26 17 62 35 48 56 21 47 29  5 55 45 58 66 53 22 38 32 68 24 43 69 25 30  -  -  9 41 40 14 59 64  -  - 20 36  7 44 50 31 42 61 60 49 52  3
  - 28 22 39 64  - 24  -  -  -  8  - 33 53 23  -  - 21 67  7 56 35 19 68  -  6 36 18 15 66 45  - 17 55  - 52 37 59 70 61  -  9 40 14 54 27 20 58 29 41 48 34 62 10 51  5  1 47 69  - 43 12 38  -  - 13 57 26  - 44
  6 13  5 21  - 10 41 12 16 58  -  7  - 32 67 23 49 15 51  - 29 53  - 35  - 31  - 27 43 38 50  2 61 70 40 66 48 39 28 20 37  -  1  -  - 26  9 19 25 69 59  - 42  - 24 65 56 54 57 52 18 45 30  4  3 55 62 44 60 33
 11  4  -  - 54 52 44 50 69 64 34  2 60 47 62  7 18 12 57 32 20 59  6  -  5 14 55  3 23 28 65  9 58 27 22 70 36 33 25  - 66 10 35 53 41 40 26  - 17  -  - 45 19  - 49 37 48 42 16  - 24 29 51 21  8  - 31 68 46 13
 39 41 38 19  8 21 49 52 14 11 45  - 62 48 12 25 43 56 23 66 46 61 58  3 40 30 26 63 33 32 68 17 51 53 57  2 34  7 22 13 67  6 59  -  1 65 15 16 69 60 18 55  - 35  - 42 50 28  5 44 10  -  9  - 20 29 36 31  -  -
  -  - 57 56 27  - 31  6 18 55 64 30  - 16  3 46 21 40  - 59  - 28 12 37  8 66  -  1 32 15 25 20  - 42 45 61 11 47 44 60 53  - 26 43 29 14 50 36  - 52  2 24 58 65 38 51 10 33  9 62 41 67  -  5 54 17  4 70  7 35
 28 32 18 53  - 70 47 21 39 12 25 10  8  - 38 56 14 50 69 35  - 46  - 59 49 37 15  5  - 40 57 23 34 41 62  9  -  - 66 68 20  - 24  -  3  - 58  4  2 16 22 43 26 67  1 31  -  7 27 61 11  - 44 29 13 42 55 45  6  -
 36 58 14 67 50 41 59 46 53 38 48 60  6 69 49  - 55 35 13 15 26 24 33  2  3 11 64  -  9 37 29  -  -  -  1  -  - 25 20 28 65 17 30  - 68 23 51  7 61 45 66 56 31 27  - 44 43 57 47 10  -  - 39 19 18  - 12  8 42  -
 45 49 25 20  - 42 56 36 37  - 29 18 21  9 69 44 54 47  - 63  6 41  - 38 11  - 43 65 60  - 39  - 53  - 48 62 67 27  2 19 26  - 57 33 52 13  3 14  8 23 10 70 16  -  5  - 59  1  - 17  - 24 61  - 15 64 34 35  -  7
 46 26 55 37 68  - 34 47  1 14 63 22 66 51  -  - 12 45 36 18 44 20 57  5 10 42 31 33 69 29  - 40 28 30  9 17 23 48  -  4 49  - 53 16 62 59 43 24 21 70 50 67 38  - 39 25 60 56 52  6  - 11 13 54  7  3  -  -  - 19
  - 22 41 58 13 69 48 42  3 37 53  8 27 68 14 29 65 57 18 34  - 23  1 39 51 15  9 55 35  7 26 52 56 25 21 33 50 30 19 49 45 46  -  5  - 62  - 10 44  -  - 31  - 24 64  -  - 61 38 63 59  6 12  - 60 11 20 67 70 17
 32 38  - 24 52 31 21 62  - 10  9 19 51 36  - 58 68 59 66 29 13 30 70 44 43 57  4 28 40 50 16 63 42  3 12  -  5 23 18  - 33 25  6 49 26  7  - 69  - 53  1  -  -  2  - 39  -  - 14  8 22  - 65 17 64 67 46 48 41 60
 13  - 33  - 70  9  -  -  - 67 56 29 61  - 25 16 38 48 35 20 27 43 21 55 65 34 41  4 58 26  -  7  - 57 36  5 69 12  - 64 24 18 14 31  -  - 30 49 60  6 68  3 17 51 37  - 63  - 28 53 44  - 46  1 40  8 32 42 59 22
  - 47 17 69 24 34 62 53 60 33 50 52  -  - 37 21 20  6 16  - 25 45 30 19  9  - 32  - 55  - 51 58 54  - 18 28  - 41 67 26 35 36 38 27 23  - 12 64 43 11  5 63  - 13  7 40  3 59 10 65 68  8 56 15  - 14 49 39 66 31
 66  5 11  -  - 63 39 32 52 25 24 40 19  4  -  -  - 29 55  - 10 16 45 12  7 61  8 15 20  3 38 34 64 67  6 46 68 37 26 41 43  - 54  1 59 33 27  9  - 57 13 51 69 42 30 22 17 31  -  2 56 14 23 18 70 28 44 50 21  -
 50 33 34 44 22 28 15  9 24 36 18  -  5 67  -  6  - 43 26 61  - 10  4  1 60 32 54 69 49 65 48 13 68  -  -  7 57 51  - 14 11 29 45  2 31 16 19 27 62 58  - 30 23 21 56 20 42 53 25  - 63 41  - 38 52  - 40 55 47 12
 49 69 64 23 45  - 36 24 32  7 12 56 40  1  -  - 66 25 63  -  - 38 52 11 21 47 10 31  - 55 70  - 39 58  8 57 17 46 30 35 15 16 60 59  -  5 41 43 53 50 54  - 27  6 18 28 34 44 42 13  9 68 67 14 65 51  - 62  - 37
  - 29 42 64 18  - 11 40 46  - 60  4  - 63 55 66  - 53  - 58 49  - 50 10 22  3  - 61 24 27  5 44 13 54  -  6 16 26 57 38 23 52 34 39 33 70 69  - 15 62 32 36 35 41  - 14 67 20 59  9 17 56  -  2 21  -  - 30 51  8
  -  3  4 17 25  - 26  5 36 29 38  - 70 21 27 63  6 24 53 13 15  -  - 64 47 39 46  -  -  8 40 66 45  2  - 30 54 18 58 32 28 31  - 11 49 60 65 52 33  - 20  -  7 12 61 56 22 14  -  -  - 35 16 68 51 41 59  - 10 34
  9 55  - 14 26 58  -  - 22 45 27  1  - 11 44 57 33 13 37 70 43  - 68 48 28 10  2 54 46  -  3  -  - 38 24 42  - 67 47 18 12 60  - 52 21  4 16 65 41 59 25 20 63 62 29  8  6  -  - 49 53 34 17  7 50 15  5 40 32 69
 51 16 48  - 66  4 64  - 41  - 52 46  - 57 53 49  1  -  3  -  - 17 56 29  2  9 42 10 25 67 24 68 19  8  - 44 43 28 36 70 69 13 62 30 35 50 37  5 59 34 33 21  -  - 22 55 18 23 45 47 61 31 14 20 38 39 27 12 65  6
 20 57 10  9 34 33  - 30 49  1 40 62  - 61  - 55 19  4  8 52 37  - 15  - 70 67 53 51 27  6  -  -  7  -  - 60 47 38 11  -  3  2 22 29 14 42 56  -  -  - 64 28 21 46 36 45 12 39 58  - 23 65 18  - 66 24 17 63 31  5
 40 50 70 51 29 54  -  4 48 24 66  -  - 42 43 12 61  1  - 36 47  - 28 57  -  8 49 17 16 60  2 19 38  - 20 26  -  5 69 55 22  - 11 65 53  -  - 18 31 64 44 32 52  9 21 23 46  -  - 56 39  7 45  - 35 34 10  6 30  -
