3920
 63 55 43 21  4 30  -  - 12 32 48 23  -  -  - 17 44 51  - 36 60 68 22 20  -  - 37  8 69  - 56  - 18  - 45 42  2  6 50  9 26  - 53  -  7 33 14  1 64 54 13  -  - 39 61 66 34  - 15 29 27 62 16 31  3 49 40 10  5 19
 32  - 40 38 41 21  6 62 15  - 31  -  -  - 57 48 29 54 25 27 39 30  5 23 64 13  3 20 10 53 50 18  1 12 68 49 28 42 52 37  4  2 44 56  - 17 36 46 55 67 26  - 35 22 70 33  - 51  - 16 65 63 11  - 19  - 61  9 47 45
 62  -  9 32  -  - 21 18  3 68 45 28  1  6 46  -  - 40  4 19  - 17 24 50 66  2 61 15 64 34 49 25 36 39  - 12 65 48  - 29 60 59  8 14 55 56  - 16 11 43 52 13 33 31 23 57 51 22  -  - 63 20  7  - 53 41 35 38 67 44
 39 34  -  -  7 68 48  -  - 19  -  - 63  - 13 25 18  9  - 67  2 56 53 52  -  4 26 10  - 49 37 12 58 21  - 51 33 66 65  6 22 20 15 24  5 62 43  - 40  -  - 36  - 16 38 64 57 23 29 45  8 60 61 55  1 32 17 31 70  -
 36 20  - 10  1  -  5 45 51  - 29  - 31  - 21 19 59 62 41 42  - 35 52 44  -  - 57 39 60  8  - 49  3 25 37 50  -  - 16 27 32 47 40  6 28  - 66 14 12 64 34 15  - 43  - 63 30  - 70 56  2 67 13 23 22 65 55  4 46  -
  - 38 14 16 66  4 50  - 58 35 30  - 62 19  - 40 53 11 13  - 12 33  2 70 49 18 15 61  3  - 67 39 41 36  9 23  - 68 20  - 21 17 48  - 65 45 46 25 43 56 31 55  6 37  - 26 54 24  5 32  - 57 34  - 28  7 64 27 51 52
  6 37 60  5 51 11 58 46  -  - 62  - 67 28  - 59  -  - 35 56 70 47 17 64 38 41  - 48  1 31 12 27 19 40 54 33 63 21  9  -  - 34  -  - 69  4 50 45 25  -  - 23 36 20 68 10  - 15 32 55 18 13 43  3 14 30 42  - 39 29
 43 69 53 47  -  -  - 60 19 42 32 66 50 39 44 67 55 30 10 45  6 49 65 21 12 26 35 70 63  5  -  - 52  2 48 38 31 16 17 24  9 68 46  - 27 28 51 62 14  4  3 64 56  8 33 58  - 54 20 13 34 15 57 18 25 11 23 41  1 59
 53 36  -  - 25 41 24 56  - 16 69 33 12 23  7 51 42 64 14 50 17  - 45 58 39 15 44  3  - 35  - 55 70  -  8  5 19 65  - 52 11 66  1  -  - 63 30 28 31 22 62 21 61 47 27 34 48 29  4 46 13  -  -  - 10 67 20 60  - 54
  - 22 30 41 59  1  - 29 11 21 36 43  - 67  -  7 70 26 60 31 20  8 69  2 65 53  - 14 51 45 61 13  4 27 55 16 56 57 68 63 25  6 50 52 49 34 12 48 44 24  - 10 17 32 64 38 19  - 46 40 47 58 15 62 37 18 66  - 35  9
 18 39 63 12  -  5 32 42  9 60 40 56 38 44 10 65  - 24 69 70 50 25 67  6  - 45  - 17  8  3  - 33  -  - 47 29 52  -  - 11 20 30  - 16 34 53 62  -  1  -  4  2 68 61  -  -  -  - 49 57 28 59 48 54 23 31 41 51 19 46
  2  4 47 36 63 18 17 22 52 12 54 50 32 49 20 38 64  1  5  -  -  6 60  -  - 24 59 33  7 39 21 66 30  - 70  - 48 44 41 31 45 14  9 58 23  -  - 40 19  8  -  - 13  - 28 43 53 65  - 34 67 25 69  - 46 27 15 57 37 55
  8 28  6 66 62  -  -  -  - 26 22 58  - 55 37 39 60 31  9 29 56 32 13 59 21 52 47 50  - 20 19  - 61 42 23  - 16 34 63  - 14  1 36 10 43 70 18 11  3 12 27 25  -  -  - 68  - 67 38 41 17 69 54 65 49 46  7  2 40  -
 23 64 37 51  - 28 34 26 21 57 61  1 24 12 25 32  - 13 40  6  7  - 66 39  -  - 55 62  2 70  3  - 14 48 41 27 44 69  - 19  - 63 29  8 16 20 54 10 15 47 22  9 42 45  - 46 33 49 59 52 58 68  - 36 38 50  -  -  4 30
 35  1 38  9  3 63 23 52  - 62 47  - 29  - 61 30 19 46 27  - 57  - 15 56  2 42  -  6 13 59 36 64 12  - 50 14  -  5 49 39 41 45 55 20 53 37 31 54 48 18 65  8 66  4 10 40 58 33 21 25 51 22  - 16 11 44 69 26 60  7
 48 66 17  -  2  - 18 70  -  - 49  -  -  - 22 29 33 35 55 63 32 16 37 27 67  8 13 21 14  -  -  1 39  - 24 28  -  -  - 36  - 44 41 19 15 47 65  -  4 20 56  - 38 64 69  -  - 40 25  9 30 34 52 46  6 62 26  - 68 11
 46 42 55 56  8 61 68 40 69  1  - 63  5  3  - 44 12 52 67 26 10 54 34 17 18 32 19 35  6 38 27 23 65  - 53 64 59  7 31 13  - 15  - 57 20  - 24 47 16 60  -  -  - 25 41  - 22 14  - 49 45  -  9 21  - 33 62 58  - 70
  4 29 27 18 57 50  -  - 39 66  - 53 11 17 56  - 14 32 28 40 36 26 61 34 55 12 30 44  5 63 13 20 42 46 59 43 49 33  - 45  7 16  2 31 10  - 21  8 69  3 67 58 64  - 51 60 52 41  - 23 70 19 65  9 47  - 22  - 48  -
  -  2 36 11 13  8  - 25 29 65 52 35  -  - 34 54  - 66  - 33 28 57 44 51  1 10  - 37 40 67 15 50 20 61 49 55 58 39  3  - 23  - 27 62 63 12  6 68  - 17 19 56 16  - 48  9  -  -  - 22 31  7 32 45 18 38  5 69 21 26
 60 62  7 50 52 39 51 21  - 24 58  - 46  2 32 15 30  5  - 55 42 41 38 31 36 68 16 28 27  -  - 65 22 11 44 70 34  8  1 25 10 69 59 17 67 29 19 20 66  6 48 43 49  -  - 47  - 64 35 63 33 40 37 56  -  - 45 12  - 23
 24 61 46 30 56 54 52 14 45 51  -  -  - 68 41 31 11 38 16  - 19 21 55 13  - 25  8  -  - 57 26 58 23 66 36 65 62 37  6  -  5  3 42  1 60  - 69  7 20 10 47 48 59 35 63 15  9 12  - 28 22 64 70 33 67  4 29 49 17  -
  - 13  3  - 61 26  7 38 27 14  - 68 60 37 11 12  -  - 17 52 24 46  - 32 48 49 34  - 23 29 35 15 47 30  - 20 43 54 36  - 56 41 62  - 51 16 59 22 70  -  5 67 10 69  8 50 28  - 58 21  - 18 66  - 65  - 63 45  - 40
 66  - 18 34 38 52  - 12 60  - 67  4  - 30  - 43  2 49  - 13  - 15 29 48  - 58 64  5  - 19 44  -  - 69 11 63 27 28 14  7 46 65 20 25 61 10 16  - 21  9 51 40 57 50 24  1  8 70 23  -  - 17  3  6 39 68 54  -  - 35
 44 68 24 53 49 31 40  7 22 13 27 16 42 52  -  1 21 70 34 60 38  -  4 46  5 48  -  - 37 14 18 26  - 19  - 45 29 58 43 23 66 35 39 32 62 30 41 12 17 69 59 61 25 55  6  3  -  8 28 20 11 47  2 64 56  - 51 54 36 50
 30 58 35 44 64 69 70  8 49 17  -  - 23  - 50  - 32 59 51  - 26 55 33 28 34 63  -  4 42 46 25  -  - 52 38 67 20  2 56 62  6  - 57  -  -  -  9 18  -  1 21 19 27  5 65  - 15 39 22 14 68 41 29 66 60 47 36 24 53 12
  9  - 16 49 43 57 56  6 55  - 68 38 41 64 24  -  - 25 32 61 29  -  7  - 19 14 40 58 50 54 22 52 34 28  -  -  1 30  - 69 42 12 33 21 13 51  2  -  - 59 70  5 67  -  - 65 46  -  3 10 62 36 23 11  - 17 39 37 26 66
 58  - 70 26 27 56 53 67  -  -  4 39 25  - 65 28 68 63  8 12  1 69 36  5  -  9 62 31  - 41 66  - 50 59  2 35 21 38  7 48 34  - 64 43 54 57  - 30 10  - 37 14 51 29  - 23 20  - 42 60  6 55 44 47 15  3  - 40 45  -
 65 63 62 43  -  - 33 17  -  - 23  - 34 47  - 50 20 48 12 14 11  -  8  4 53 40 51  7  9 24 59 35 10 41 25  -  -  -  -  - 61  - 67 46  - 60 68 57 42  - 49 37  - 19 36  - 13  1 45 69  - 21  - 26  -  - 18  -  - 58
  - 45 20  6 22 62 43 32 25 38 50 41  9 69 54 46  - 61 56 35  8  - 14 26  7 39 63 42 16  -  - 28  -  - 15 19  3  - 27 30  - 55 10  -  - 66  5 13  - 11 57 33  1 21  2  - 24 68 65 53 23  - 59  4 17 29 49 34 12 60
 42 26  4 22 58 36 14 47 20 45 16 52  2 33 43 64  -  3 30  - 44 18 70  - 41 59 56  - 55 21 65 37 53  -  1  6 10 24 46 51 19 29 11 27 39 40 35 34 38 48 28 68  8 13 17 69  -  9  - 12 32  5 62 25 66  - 67  -  - 49
 29 46  2 62  9  - 30 54  - 23 60 10 69 16  - 22  6 50 70  5 67 24  -  7 57 66 58 55 47 65 48 41 27 43 26 37 45 40 61 53 15 13 38  - 14  1  - 56 18 28  8  - 34 44 39 20 63 35 64  - 49 12 25 51 33 19 68 59  - 17
 28  - 44 52 50 42  - 66  6 49 63 57  4 56  - 27  -  - 38 20 15  -  - 53 58 62  9 68  - 32 40 54 37 33 30 47 67  - 51  - 69  8  - 65  2 24  7 23 36 31  - 41 14 70 35 25  5 19 55 48 10 29  - 13 59 64 21  3 34  -
  1  - 28 46 67 20 27 33 63  -  - 25 51 34 16  - 66 23  - 18 21  -  - 10 30 37 69 65 39 40  -  -  6 50 22 48  - 52 44 56 68 11  4  - 31  2 64  - 60 45  7 38  - 15  5 41 43 55 12 54 36 14 35 53  -  8 32 17  - 13
 52 21  -  - 17 44  - 49  -  3  - 60  - 20 48 66 37 41 43 34 51  - 18 40 25 31  4 63  -  - 30 36 28 26 39  1 32 46 67 38 24  -  - 42  -  - 61  -  - 19 50 65 54  - 56 53 10 11 68  - 69  8 47 14 16  - 33 29 27 57
 47 19 31  - 60 43 67 65  2  - 41 59  -  - 36 24  8 28 62 58 49 37 35  - 26 54 14 18 25 16  - 48  - 32 69 21 38 17 23  -  - 39 68 22 52 13 29  - 33  - 45 44 20 34 12 70  6  -  9 50  7  - 10 27 51 57 53 55 63 56
 20 27 29 19 46 66 55  2 50  -  - 65  -  -  - 23 45  - 58 54 30 62 63 11  4 16  - 43 57 26 39 61 67 13  -  3  - 41 33 12 47  - 49  - 35 64 70 32 34  -  6  -  - 17 22  -  7 53 10 24 48 56 60 69  -  - 44 28 25 21
 22 18 66 29 33 12 11 19 42  6 70  3 56  - 67 34 23 53 68 69  -  - 10 15  -  1 32 57 26 61 43  7  - 38 63 52  - 35 62 46  - 36 45 50 41 65 25  -  - 44  - 59 47 48 14 21  4 20  -  2 55 31  -  -  - 40 58 13 28 37
 11 70  8 27  - 23 44  - 54 10 26  -  - 13 52  - 49  7 53 16 34 19  - 55  - 50 68  2 15 48 51 14  - 58 21  - 47 63 69 57  1 40 25 45  -  - 22  -  9 38 29 32  - 46  4  5 17  3 36  - 24  - 33 12 35 28  - 67  - 62
  - 12 26 55 44 40 10  - 23  - 35  7 47 43 33  -  -  8 52 64 13 65 51  9 20 30 22  - 46 50 11 59 17  - 34 53  -  -  5 68  -  - 24  - 45 14 63 70  -  -  - 29 69  - 49 36 62 31  - 27 66  1 19  - 58  - 38 18 42 15
 64 40 12 37 26 16 28  -  4 69  -  8 54 48 70  3 24 55 36 49  5 11 19 30 22 38  - 47 56  1 53 32  2 14  6 18 35 62 60 42  - 25  - 68  - 15 57 31 67  - 33  - 65  -  -  7 44  - 66 58  -  9 46 61 45  - 50 52 13  -
 55 14  - 15 24 51 26  -  - 67 65 61 49 41 17 33  - 12 21 53 68  -  - 45 44  - 70 36 20 42  - 63 43  - 32 40 23  1 19 64 38 27 47  7 58 39 37 60 59  - 30 69 46 11 62 29  2 25  - 35 54 10  -  - 34  9 28 50 57  -
  5 54 51  8  - 65 45 58  - 55  6  2  -  - 39 16  7  4 37  - 52  - 42 62 13  -  -  9 61 18 23 21 35 47 46  - 15  -  - 40 31 64 14  - 70 26 67 69 41 57 53  3 19  - 25 12 56 10  - 68  - 66 24  - 27 63 60  - 38  -
  -  - 61 42 19 34 63  - 56 47  - 26 57 24  3 11  - 39 54  - 41 10 40  1 69 21 29 16  -  -  -  4 31 62 14 46 36  - 58  - 52 48  -  - 22 59 28  2 68 51 32 18 37 23  9 30 49 66 17 67 64 50 20 35  8 12  - 33 55 25
 49 57 67 13  6 19 15 53 43  - 39 29  8 66 26 18  -  -  -  3  - 14 11  - 35 69 48 52  - 56 64  - 38 60  - 41 12 59  -  - 51 32 63 70 36 46 45 61 50 62 23 16  - 65  - 44 25 27  - 42 37  - 40 10  4 55  - 22 24 20
 26  6 32 48 16 33 22 37 46  5 34 40 45 42  9 21  - 27  1 62 31 28 64 66  - 47  -  - 18 58 63 30 13 10 51 57 69 60 38  3 12 70 54 35 17 25 23 67  - 41  - 50 15  7 52 56  - 59 14 65 61  -  4 19 43  2 11 39 20  8
 31 41 13  - 35  -  - 36 10 11 17 64  3 54 30  5 65  -  7  - 61  - 43 16 56  - 20 29  - 52 62  - 45  6 40 25 26 14  4 49  - 18 12 60 48  - 58 44 23 50  1 57  - 66  - 39 21 32  - 33  -  - 55  -  - 37  8 15 69 47
 17 60  -  4 69 35 49 24 68 58 14 21 36 10 23  8 39 29 61 57 65 27 28  - 15  - 43 45 11  - 42 62 56 64 31  -  - 70 54 67  -  - 16 66 30  - 48  6 51  -  - 53  7 40  - 32 12 34  - 47  3 38 50 52 63  5  9 44  2 22
 12 23 33  3 42  2 60 48 32 31  - 69 26 61 35 63 13  - 44 47 46  5 57 18  - 17 49 51  -  - 52 16  8 53  -  - 50 29 25  4 70 56 28 54 38 68 34 39  7 58  - 62 55  - 59 45 66  - 40 30 20  6  - 37 64 14 24 65 22 67
 40 50 19 59  - 14  - 23  -  -  5 30 48  - 62  - 54  - 29 24 58  - 25  - 11 61 39 27 67 12 57  2 60 34  -  4  - 64 13 10 55 51 35 69  -  9 49  - 22 33 42 28 43  - 53 17 37 44 31  -  - 65  1 38  - 45  6 20 56 36
 61  - 41  -  -  3  9 30  - 40  - 20  - 62 49  -  1 42  - 65 18  -  - 60  - 23 67 26 53 68 55 43  5 70 56  8 25  4 64  - 39 22 17  -  - 44 15 21 28  - 11 51 29 52 54 19  - 69 34  7 38  - 31 50  2 36 37  - 66  -
 51 15  - 25 47 10 29  - 30 46 33 17 20  1 60  - 48 14 18  4  -  - 54 49 43 28 52 38  - 55  7 11 59  - 57  9 66 67  - 65 35 37  6 23 50  3  - 42  -  - 63 39 12 53 16 61 41 45 13 70 26 24  8  -  - 21  - 19 32  -
 69 52 21  - 28 22 66  -  -  -  9 70  - 50  1 57 15 10 63 44 25 38 68 67  3 55 60  - 29 62  - 46 64 17 43  - 13 53 48 16  8 54 56  - 18 42 47 51  6 65  - 12 41  2 45 49 59 61 26 19  4  - 36 20  7 23 14 32 30 31
 16 10 15 20 14 67  - 68 64 56 53 36 55  - 29 45 40 22 23  - 35 58 47 63  -  -  1 30 21 17  4  - 54  -  -  - 41 31 11 28 37  7 69 34 26 50  - 38  - 66 46 70 32 12 19  -  -  6 27  - 25 48  -  8 62 24 52 43 33 18
 25 67 50 39 32 37 42 16 65 43 21 45 22  - 19 47 34  - 46 51 33 60 62  - 52 36  - 59 66  2 24  - 11  -  - 44 40  3 35  - 27 38 61 64 57  -  - 63 53 68  - 49 30  6 58  8  1  7 69  4 12 23 26 70 55  -  -  5  9 48
 68  - 39 70 20 60  -  9 48 18 46 34 53 40 38 37 41 19  - 11 59 22 50 14 54 56 17 13 45  - 69 31 51 23  - 10 64  -  2  - 28  -  5 67  1 58 55  -  - 21 36  -  3 24 42  - 35 30  - 62  - 61  -  - 12 16 57  - 44 65
 27  -  - 67 68 48  1  - 37 20  - 62  7 36 12  - 28 57 19 21  - 52 32 38 51  5 50 34 33  -  2 17  9 54  - 61  -  -  -  - 44 58 13 39 64  - 26 15 47  - 18 45 53 56 43  6 70  4  8 31 41 30 22 24  - 59 46 66 65 16
 21  - 10 54  - 46 37 39 14 70 38 48  - 57 47 53  3 69 11 30 63 23 27  - 31 64  5  1 35 25 28 24 29  - 58  7  6  9 15  2  - 61 66 41 68 22  - 52 65 49 12 34  4 42 50 55 60 62 51 18 56  - 45 59 13 20 19 36  8 32
  3 49  - 28 30 38 46  5  -  - 56 37 35  9  - 42 17  2 66  - 22  -  - 36 23 20 27 64 19 11 58 45  -  -  -  - 53 25 59  - 13 52 60 47  4  7 33 55 29  -  -  - 24 10 32 18  - 26 62  8 57 70  -  - 61 43 34 21 31 14
  - 65 23 24 45 17 35 57 59 25  1 44  6 22  8 13 27 33  - 66  -  - 12  - 32 19  - 56  - 36 16 60 48  - 61 34 68  -  - 18  -  -  3 63 29  - 10 49 54 55 69  7 28 62 31  -  -  - 53 38  -  2 21  - 50 39 70  - 14 41
 56  - 22 65 29 13 19 43  7 59 66 49 10 18 15  - 58 45  -  8  -  1  - 69  - 44 41 32  -  - 38  - 24 55  3 36 11 61  -  - 64 62  - 28 33 54 60  - 30  -  9 63  - 57 40 48  - 50  - 17 35 51 14  - 21 70  - 47 23  5
 50 32  5  - 53 27 64 31 41  7 42  - 43  -  2 56 10  - 39 17 62 59 23 12 28 34 65 22 70 13 45 44 46 24 67 66 54 19 47  -  - 49 21 30 25 18  8 33 37 16 68 52  9  3  -  - 36 63 11 51 40  -  6 58  -  -  1 35  - 38
 57 35 45 69 11 15 13 51  8 30 25 67 28  - 27  - 22  6 48 59 14 12 46 41  -  3  - 23 43  - 10 68 62  1 16  -  9 50  - 17 33 60 18 55 19 49 39 65  5  - 58  - 40 36  - 24 38 52 54 64 44 53 56  - 20 26  - 61  7  -
 10 51  - 17  5 53 20 50 31 61 13  6 18 21 64 14 38 60 15 23  4 44  3 68 62 27  -  -  - 33  1 29 32  - 35 58 55 49 40  8 67 26 65 11 24 52 56 36 39 34  2 22 70 63 37 54 47 46 57 66 43  -  -  7 41 69 59  - 16  -
 67 48  -  2 54 25  -  -  - 63 51 22 19  - 68  - 50 58 59 37 23 70 56  -  -  6 45 12  4 15 31  8 16  7 62 69 46 10 34  1 29  - 30 26 40 11 32  - 61 36 38 20 60 49 57 42  3 21 33 44  - 35 41 17  9 13 27 14 43  -
 34  9  - 33 23  -  - 11 40  4 15  - 27  - 14 49 35  - 65 32 48 13 31  8 45 67 18 60 30 22 41 51 55 20  - 59  5 12 66  -  - 57  7 38  3  -  - 58  2 37  - 42 63 68 44 62 64  - 52 61 29 46  - 39 70 10 25  6 50  -
 38  -  - 68 12  - 31  1 62 36 44  - 15 65  6 10 67 37  - 41 53 39 58 19 42  - 33 24 59 30  - 69 25  - 64  -  - 22 26 21 50 46  -  - 56  -  4 17 32  - 35 47  -  - 13 51 55 28  - 43  - 49  5 57 52 66  3  - 18 63
 13 56  -  -  -  - 61 10 17 39 18 15 52  - 69 36 47 34 49  -  9  3 41 24 40  -  2 66 68 51 32  6 33 29  - 22 70  -  8  - 62 43  - 53  - 48 38  - 27 42 14  - 21 28 30 37 23 16 50 26  - 54  - 67 31 25 12  - 59  4
  - 43 65 61 34 55 69 59 44 37 24 12 21 11  5  4 62 56 42 46 45  - 39 33 29 57 25 40  - 60 54 70  - 49 20 26 30 47 18 41  2 50  -  9 66  8  - 19 52 27 10 35 58 38 67 22 31 17 16  6 15  3 63 32 36  - 48 53 64  1
  - 16 58 23  - 49 65  -  1 41 43 54 17  - 55 62 51 36  - 25 66 40 20 22 14 60 38  - 31  - 33  - 63 45  5 24 57 13 29 59 18  9 32 44 12  6 53 35 56 70 64  - 11 26 34  4  -  - 61 39 19 28 30 15 48 52 47 68 10  -
 54 30 34  - 18 47 12 55 67 28 57 42 16 46  -  - 25 43  -  2 27 50  -  -  - 29  - 69 36  7 17 10 40 63 66 56  -  - 70 15  3 19 31 13 32  5  - 41 45 53 24 60  -  9 20 59 11 58 37  - 21 39 38 22  - 35  - 48 62 64
