3920
 34 61  -  8 14 23  - 35  -  - 68 18  -  - 11 19 24 62 29  6  - 55 16 31 54 15 32 17  -  7 45 13  - 37 20 36  - 22 58  2 38  - 44  - 39 59 33 70 10 48  - 65 50 43  - 49 47 53 42  4 12 41 69 63  - 27  3 67  9 25
 54  - 45 37 51 21 53  9 64 47 18  -  - 12  1  3 38  - 62 49 34  4 44 40  7 59 33 16  - 41 58 60  -  8  - 46 28  - 56 19  - 22  -  -  - 66 68 29 57 30  - 48 24  - 43 69 31 35  2 17 26 36 27 65 55 50  - 39 20  -
 27 10 52  -  - 64  -  1 18 60 59  - 53 15  - 42 28 41 48 30 17 45 55  4 11  - 37 70 39 43  - 26 49 12 24 67 62  7 44 16 56 50 51  -  5 65 20  -  - 14 57 63 23 66  8 61  2 69 33  -  -  -  3  - 25 40  - 31 47  -
 33 65  9 59  1 11 52  5 61 28 60 44 70 67 24 20  -  - 43 14 50 26  - 32 69  -  -  - 15  4  2 49 38 27 48 64 22 56 17 30 34 46 63  3 66  6  7  - 68 62  - 23 40 53 35  - 21  - 55 47 58  - 39 41 54 10 42  - 29  -
 47 58 21 61 43 16  - 14 15 56 34 24 10  2 26 49  - 46 25 64 33 37  -  7 40 18 44 30 67 22 69 29  -  - 19 31 38 39  -  - 62  6 68  5 59 12  - 42 35 20 54 57 28 45  1 50 53 41 60 48 11 52 63  9 66 55 36 23  - 32
  - 37  2  - 64 36  - 60  8  -  - 23  4 55  - 69 32 45 52 39 22  -  1  9  5  -  7 18 59 50  - 11 35 58 62 41 17 26 33 67 70 65  - 61  - 34 19 63  - 51 31 56 14 21  - 68  - 44 12 10 46 38  - 15 29 48 47 42 24  -
  - 26 15  -  5  - 62  2 41 53  -  7  - 34 32  -  -  - 33  1 70 11 51  - 48  - 10 28 47 64  9  - 18 67 61  - 45  - 52  -  - 40  - 38 25 31 50 20  6 19 36 60 29 57 13 56  - 37 39 35 27 23  -  - 24 69 58 22 66 49
 36 54 19 62 37 44 69  -  7 66  3 35 33 52  - 67 17 55 42  - 21  - 60  -  - 20  4 65 23  - 12 46  - 64 26 56  - 51 38 50 16  1 70 49  - 68  -  8 15 40 58 29 47  - 57 39  -  - 25  - 13 53  -  5 28 61 59 10  -  2
  1 20 44 63 69  6 37 49 12  2 58 60 36 11 25 51 43  5 61 57 30 18 64  - 13 34 24  4 33  - 46  3 39 68 52 62  - 66 53  - 42 16 26  - 65 41 48 45  -  - 47  - 22  - 19 31 55 67 29 59  - 14 38 40  - 21 56  9 17  -
 64 41  -  - 21  5 30  - 16 50 19  - 23 59 62 34  -  -  4  2  -  - 65  -  - 60 39 47 11  1 38 66 37  - 55 51 68 45 35 22 54 44  - 33 24  - 36  - 18 43 32  - 15  - 69  - 13 31  - 70  9  8  - 20 61 57 27 63  -  6
 38  9  - 60 35 61  6 39  - 48 57  - 14 31 65 41 12  - 24 17 67 40  - 25  3  - 51  7 22 15  - 42 13 32 68  - 49 28 26 43 55  - 45 54 29  - 59 66 33  - 18 47  -  1  - 46  4  - 20  - 44 69 64 56 30  - 10  8  - 70
 46  6 20 31 16 29  -  - 52 68 12 64 34  - 44 65 54 39  3 50 57  8 19 28 59 10 30 32 38 58 37 40 14  2 69 13 21  - 42 23  4 67  9 25 41  5 26 43 47 63 35 61 70 22  7 62 49 27 17 55 36  -  - 18 11  - 53 51  - 60
 44 29 33  -  - 69 31 38 25  3 36 50 59 47  2  - 53  1 11 43 63 32  - 17 64 41  -  9 24 10  - 58 15  - 51 48 65 68  - 39 66  -  5 22 34 45 16 21 28  6 49 67 60 30 46 18 14 20 61 37 54  -  - 26 52  - 62 27 57  7
 19  -  - 12 33 67  -  7 50  - 55 43  -  - 23 13 29 27 60 10 14  - 48 70 38 69 66 68 35 47 36 59 54 21 37 58 63 15 32 26  - 24 18 16  3  -  - 30 40 49 46 52  - 65  - 45 44  6  -  - 57 20  -  4  -  - 34 53 39  5
 13 68 58 29 65  1 51  6 42 18 30 11 41  - 55  - 60 52  - 23  - 64  -  2  9 22 36 62 69 27 57  - 44 26 28  - 34 43  3 14 53  - 10 46 48 20  8 24 38 35  7 49 25 16 47 19 61 32 54  -  5 59 50 31 56  -  - 66  - 12
 11  3 40 64 27 43 65 23  -  1 37 58  - 44 68  - 34 60 17  - 42  - 47 41  - 52 57  -  7 38 21 61  - 35  9 63 66  - 28 55 25  - 29 31  -  - 15 22  - 13 16 33 67 48  - 59 70  -  - 51 24  - 12 53  8 26  - 30 50  4
 57 44 37  1 47 27 33 26  3 69  5 49  -  - 66 50 36 15 40 58 19  - 14 34 43 64  - 41 21  6 61  - 32 24 59 70 12 17  9  - 48 23  - 63  - 38  - 16 55  - 20 35  - 62 30 53  8 60 10 45  -  - 46 29  7  2 11 13 65 68
  2 31 14 26 46  - 16 52 35 21 62  - 65 57 49  -  6 44  1  - 64 41 15  -  -  4  -  -  - 17 47 50 63  - 25 42  8 32  - 29 69  - 22 66 55 58  3 61  - 39 37 68  -  7  - 20 11 24 13  9 34 45 48 60 67  -  -  5 59  -
 25 55 22 17 54  7  5 21 27  - 23 37 47 19  - 24 64  - 66 40 26  -  - 61  - 42 67 60 58  2 43 45 33 20  4  - 10 36 39 70 49 18 59 65  8  - 57 44  - 52 38  6  -  - 50 34 69  - 30 56  -  9 13 51 62 53  1 41 35  -
 15  - 26  - 42 48  4  -  -  7  6 54 38 18  - 53 56 25 68  - 44 30  - 58 47 19  - 20 55 69  5 52  1 45 32  9 33  - 62  8 57 39 67 60  - 28 21 31  - 22 61 41 34  3  - 66 40 10  -  - 64 11 43 23 37 63  -  - 12 35
 69  - 65 19 56 53  1 40 28  5 51 42 62 38 10 33 49 50 23 32 12 57  7  - 22  - 27 58 29  3 67 21 17  - 18 24 13 47  4 15 63  -  8 41 36  -  9  - 44 45 59 46 26  - 31 70  -  - 14  -  - 60 61 68 43 30  -  6 25  -
 66 36 16 70 62 10 41 15  - 51 11  4 48 30 35  8 65  6 44 12 53  2 43 33 29  -  - 24 61  - 32 56  7  - 17 50 26  5 21  9  - 49 69 67 63 19 58 54  - 38 23 31  - 55 28 22 20 25 27 60 39  3 18 37 14 68 52 59  -  -
 55 46 32 21 41 15 61 47 44 10 67  5  - 62 34 45  - 42  - 53 16 35  -  -  6 28 70 59  - 12 30 25 50 40 56  4 31 37 13 49 60 29  - 39 69  3 14  -  - 54  2 11 51 52 64  8 33 22  9 57 66 48  7  - 18 17 68  - 43 58
 10 28 38 33 18 51  8 59 63 17 56 65 61 41  4  -  3 43  -  - 49 14  - 20  - 66 46  - 44 70 48 68 55  7  - 45  - 16 31 57 22 62 12 29 53 60 24 15 67  - 30 27  -  5 11 23  1 13 52 34 32  - 47 50  - 25 19 64 69 36
 60  - 57  - 50 49 32 11 62  8  4 59  - 23  - 10 40 21 39 65 54 58 68 52 19 30 20  - 56 37 13 69 43 38 12 29 53  9  -  -  -  - 16 28  - 17 34  2 70 36 27  -  - 44 42 33  - 66  7  - 67 31 25  3 48  -  6 55 41  -
 59  - 29 49 25 30 56 43  - 15  7  - 55  - 40  - 46 58 47 48 62 61 18 42  8  3 14  - 70 31 65 44 26 10 38 21 16 64  - 27  -  - 32  - 57 24  6  - 23 17  - 37 66 36 52 35 39 12 34 67 41 22  9  -  1 60 69 19  - 20
  5 32 55  - 67 45 46 34  - 22 40 20 49 58  - 61  - 69  -  4  3  6 53 57 33 27  -  - 16  9 35 70 60 23 39 26 30 38 25 28  - 63 66  1 50  - 31 18 17 37 52 54 12 42 21 47  7 48  8  - 19  - 44 59 13  - 41  - 68 62
 70 13  7 41 11 52 18 61 60  - 20  2 26  - 27 55  -  8  -  - 36 42 21  1  4  5  9 35 64 68 24 17  - 28  3 54 67 23  - 69 50 57 33 44 38  - 32  -  -  - 45 58 43 40 63 29 37 30 66 39 25 49 10 62  - 14 65 46 19  -
  - 34 36 16 66 47  - 12 14  - 53  - 25 32 28 21 39 57 15 38 46 62  3  5 42  1 11  2 49 65 51 41  -  - 10 27  6 19 37 52 43 54 13 30  - 70  - 68 50 44  4 45 48  9 23  -  - 55 58  - 61 56 17 33  - 67 31  - 64 18
 40  -  - 58  2  - 38 28 70  - 31  9 64 69  5 52 27  - 16 11 43  -  - 15 63 56 62 26  -  -  6 12  - 61 66  3  4 53 48 24 21 60 57  7  -  - 25 46  8 50 42 14  - 67 55 51 30 65 22 13 29  -  -  - 59 37 33 17 32 34
 20 22 59 42  -  - 12  -  -  4  2  1 44 16  -  - 10  - 45 37 69 66 52 62 41 25  - 43 53 63 34 38 31 60 27  6 46  - 30 21 24 58 35  -  -  7 54 32 51 18  - 50  - 39 33  - 23  8 48 11  3  -  - 36 68 64 29 47 49  -
  7 12 68 28  - 19 39 64 10  - 15 36 32 25 38  1  -  4  - 22 66 51 24  - 65 31 45  -  -  5 70  - 52  -  -  -  -  -  8 37  -  9 54 50 13 57  -  - 59 33 56 34 35 23  6 44 17  - 41 58  -  -  2 49 20 46 63 43 55 40
  6 62 51 32  4  - 29  -  -  - 54 31  7 45 46 18 47  - 10 16 65 34 42 68 35 43  - 66 27 13  1 14 61  - 63  - 40  - 69  -  - 25 20 53 15 44  - 56 48 59 50 24 55 58 17  -  - 64 28  - 37  - 26 12 23 39  - 52 60 33
 28  - 61 23  -  - 45  3  - 49 35 67 11  - 53 60  - 12 58  -  - 70 50 51 30 57  - 63 31 40  -  6  9 36 43 65 42 55 34 33 13 68 62 32  7 48 69 39 21 47 24 20 18 46  - 25 10  2 38  5  - 44 29 27 19  1  - 56  -  8
 22 16  -  - 31 62  - 32 39  - 42 17 35 29 70 57  - 49 30 47 23  - 41 63 53 68 12 21  - 48  - 27 24 44  8 55  -  2  5 61  9 33 25 14 11 37 65 64 56 67 51  - 38 26 59  - 15  -  4 46 28 10 20  - 36 66 45  1 13 43
 61  2 43 36 68  - 22 51  - 13 63 16  -  4 42  7 26 59 69 66  - 20 35  6 44 17 60  - 19 18 39  9  5  - 15 10 57 49  - 11 65 45 40 47 31 14 62 53 34  3 64  8  - 41  - 12 46 33  - 24 56  -  - 52 58 28 32 50  - 21
 29 43  - 45  -  - 54 31 22 39  - 25  - 42 63 35  5 51 18  - 58 24  - 60 16 33  2 49 36  - 26 28  3 41 67 53  - 57  - 38 64 11 61 17 47  - 30  -  7 55 34 44 46  - 12 48  -  - 40  8  - 32 65  - 21  - 70  -  - 10
  4 59  1  - 12 56  - 65  5 36  -  3  8  6  7 16 58 30 31 27  2 63 10 54 20 45  - 42  - 25 17 53 46 22 41 43 15 14 64 47 37 69 48 11 67 51 52  - 24 61 60 70 32 19 39 38 66 49 50 68 62  - 21  -  9 23 35 33 28 26
 16  - 17 55 22 32 24 37 38 19 65 30 69 14 52 15 62  -  2 28 20  - 57 43  - 12 64 33 50 51 10  - 59  - 34 60  - 13  1  6  7  - 41 21 54  - 53 67 11 29 26 36 49  - 25  5 48 40 70 23 63 58  4 39 47 44 46 35 45  -
 23  8  - 25 39  - 64 53  - 58  9 68  - 46 67 54 45  - 70 15 40 10 32 69 57 13 59  -  - 56  3  - 29 66  5  7 35  - 24 36 20  2 50 48  4  - 47  - 27 41  - 16 52 11 37 65 51 42  -  6 21  -  - 61 49  - 28 34 44 55
 37 64 39 34 53  -  - 42 40 61 21 51 46  - 45 31 18 65  9 41 38 15  - 24 52 48 17 56  5  - 16 32 20 54 44 66 59 58 43  4 26  7 49 13 30 67  -  -  2 70 33 10 19 47 22  - 60  3 62 12 50 35  -  - 27  8 55 29 36  -
 51 19 34 56 45  -  -  - 11 27 70 15 67  -  - 43 31 35 57 36 29  9 26 46 24 53 58 69 52 66 22  5 62 30 14 47 54 10  - 18 23  8 64 12 49 21 38 60  - 28 55 39 33 68 48  3 25 61 44 16  1  6 32 17  4 59  - 40  2 37
  - 56 11 53 13 18 28 68  9 70 27 48  - 61 43 59 37 31 20 24 15  3  - 65  - 54 26 38 42 55  8 39 40 49  2 35 44  6 41 58 14 64  - 19 51 23 66 10  1 32 17 30  7  - 62  -  5 21 69  - 45 25 16  - 46 47 67  - 52 63
  9 69 23 10  -  8 34 16  - 32 26 56 51  3  - 36 68 64 59 25  - 53  -  - 39 24 40 11 62 30  -  2 21  - 47 22 58 48 55 60 12 31 46 52 37 27 41  1  - 57 65  - 17 54  5  - 29  7  -  - 20 61 42 28  - 49  - 15 63 67
 42  -  -  9 34 50 44 22 47 54 64  -  - 39 17 11  -  7  -  - 32 21 66 26 36 40  -  8  -  - 18 23  6 69 30  2 56 62 20 48 28 14  - 10 33 53 35 57  - 15 67 43 13 51  - 24  -  4 65 41 38 55 19  -  -  3 49 70  - 59
 52 47 66 48 28 17 59 13 34 24  - 45 40 27 20 58 33 37 12 62 18 39 22 21  2 32 29 15  - 67  - 54 23 55 31 19  -  -  - 68 30  4 38 26 70  1 63 49  - 65  -  5 69 10  - 41  - 16 56 50 43 64  -  -  3 36  -  -  6 53
 45 15  -  7 38  4 68  8 56 23  - 26 12  -  - 17 67  - 22 31  - 16 29  - 55  6 69 37  - 11 27  -  2 65 64 18 25 33  - 46 58 20 34 35 62 13  -  - 19 42  - 21  1  - 53 40  9 59 57  - 48 66  -  - 10 52 60  -  3 39
 26 70 31 52  3 34 15 62  - 43  - 47 39 65 18 32 11 14 41  -  9 48 30 23 60 29  - 45  4 28  - 20 69 59 22 44 24 50 57 64 67 38  - 51 58 55 61 35 63 10 40 13 68  - 66 37 19  1 36 42  2 17 49  8  6 12 54 25 33 27
 58  4 70 11 48  - 67 33 53 57  8 32 43 40  -  - 14 20 50 42  - 56 59  -  - 26 65  - 41 16 15 19 30 29 46 38 37 12 18  -  - 47 28 68 44  - 49  -  - 69  3  9 10  - 54 55 22 23  6  7  -  2 51 64 35 34 21 36 62  1
 14  - 35  5 60  9 25 17 55 52 10  - 42  - 33 22 48 53  -  7 41 68 11 59  -  8 56 12 57  - 29 16 70  6 21  -  1  - 66  - 32 13 37 36  - 49 44 65 30  - 69 38  - 20 67 15 24 39 45 54  4 19 23 47 63 43  - 58 18 50
 21  -  - 66  - 55 11  - 58  - 52 10 50 43  9 25 30  -  - 60 37 59 17 38 28  -  -  - 40 20 54  - 45 56  - 57 47 44 16 53  8 27  4  -  1 32 64  -  3  - 13  2  6 12 70 63 62  5 35 61  - 39 33 67 34  7 48 18 42 19
 18 52 48  -  - 59  - 30 67 20 38  - 31  8 19  - 57 56 21  - 13  - 63  - 12 39 54 61  1 33 53 24 64 16 49  - 11 60 10  - 51 42  - 43 22 50 45 28  -  -  -  3 58  6  9  -  - 17 46  - 40  -  -  -  2 65 25  -  -  -
  - 50  - 15 55 58 17 24 29  - 33  - 28 64 12 27 21 40 54  8 10 46 38 67 62  9 61 31  - 59 49  1 41  5 57 68 36  - 47 13 35 37  - 18  - 25  - 14  4  - 70 26 20  2 32  - 45  - 43 69 53 34 56 66  -  - 44 11  7 65
 39  5  8  -  6 40  - 48 26  -  - 62 21 24 29 44 22 23 67 13 52 36 20 50  -  7  -  - 66 14 33 34  4 31 16  - 61 46 12 54 47 17  -  -  - 64 37 41 49  - 25 15 53 38 27 60 63 18  3 43 30 65  - 58 57 32  9 69 70 28
 63 21 60  - 61 38 13 67  -  - 29 52 24 50 15 12 42  2 32 44 31  - 33 49  -  - 53 36 43 46  4  - 19 57  -  1 48  - 14 65 59 41 11  8 68 69 17  7 66 58  - 51 54 70 26 28 18 47  5 25 22 27 62 16  -  9 30  3 56 64
 49  7 69  -  -  2 48  -  -  - 22 53 57 56 16 14 41 36 27 33  - 17 46 64 10 70  -  3  9 19  - 15 12  1 58  8  - 59  6 40 18 21 47 62 61 43  - 26 32 25 44  - 42 60 65 67 54  -  - 52 51 30 66 35 45  5  - 68  - 38
 62  - 49  -  - 12 14 25  - 37 41 57 66 13 56 64 23  3  -  - 39 67 45 18 17  - 38 27 46 53  -  7 47 34  6 15 50  4 54 10  2 35 19 20  -  - 43 33 16 26 63 59 21  -  -  1  - 52 68  - 31 28 55 48 60 24  5 32  - 22
  - 60  4  - 24 35 43 10 32 67  -  - 16 20 51 68 15 28 49 18  1  - 62  - 34 63  - 25 26 44 50 31 66  -  - 61 69 70 46 45  6 36 23 37 56  - 42  9 58  5 48 40  - 64  - 27  3 57 59  - 33 21 54  7 65  - 22 12 38 52
 43  - 24 40 29 42  2 44 19 59  - 61 20 49 22 38  9 67 13 54 47 12 56 39 70  -  3  -  - 52 31 64 27 50 65  5 14  1 68 63 17 34 21  -  -  - 28 37  - 53 15  - 62 33  4 11 57 51  - 66  8  - 41 30 16  6  - 48 26  -
 32 57 13 43 10 70 49  -  6  -  - 55  9  7 31  2 66 54  - 52  - 38 37 11  1 58 63 44 12 39 59 47 34 33 35  -  - 29 19 56  - 30  3  - 45 18  -  - 60  4 28  - 65 17 68  - 50  -  - 26 14 15  - 24 53 20 51  - 23 42
  - 30 62 46 36 54 21  -  - 65 24 14  - 68  - 39 63 13 19 67 25 52  8 16 61 51 48 22  -  - 20  4 28 47 40 32 55 69  - 66 29 26 58 70 12  9 10  6  -  1 43 42 59 50 49 17 64 15  - 53 23  - 34  -  - 45 37 38 11 44
 31  - 54 38 17 39 10 27 49  - 47 41 56  1  -  9  4 29 46 35  8  7 12 22 21 55 25 50 63 26 11  - 51  - 33 20  - 67 65 42  3 43 30  -  - 16 60  - 37 66  6 19 44 59  - 57  - 58 64 28 70 62 45 34 32  - 15 24  5 69
 41  - 28 14 59 57 36 46 13  - 48 66  - 35  8 63  2 10 26 55 61  - 54 19 18 67 49 64 65 42 62 37 22 15 50 33 52 25  -  - 68 32  6  - 60 29 11 12  5 34 53 17  3  4 44 21 56 70 47  -  -  - 31 45 38 51 23 16 30 24
  - 38 41 39 32 46  - 54 48 30 50 70 17  - 57 47  -  - 55  -  6  5 67 56 27 16 31 34 25 49 63 65 68 53  7 37 19 61 23  -  - 66 43 64 28  - 40  4 52  2 62  - 11  - 24 58 36 45 26 29 60 13  8 10 44  - 12 21 14  3
 67  -  - 20  7 31 55 19 24 33 28  - 68 53  - 29 13  - 64 69 59 65  6 35 49 62 47 39  2  - 41 63 16  -  1 30  -  - 60 44  - 56 15  4 26 42 23 34  9 11 21 12  5 25 61  - 38 50 37 18 52 51  - 46 22 70 57 54 40  -
 17 33 53 67  -  3 47 20 68 11 39 40 18 37 58  6 44  -  - 34  7 50  4 45  - 61 35 54 13  - 28 57 48 51 29 25 32  8 27  1  5 59 31  - 64 22 12 55 43  - 66  -  - 69 15  -  - 26 19 65 42 63 60  - 41 38 16  2 10  -
 50  1 42 44  - 33 27  4 51 12 66 63 19 10  - 48 69 34  -  -  - 60  9 47 46 38 16 29 68 62 25 35 67  - 23 59 41 20 22  - 39  - 55  2  6  -  - 58 36 21  8 53  - 13 56 64 43 14 15  3  - 26 11 57 17 54 24 49 61 31
  - 17  5 27  - 68 50 57  2  - 69 39 37 66 54 40 35 16 38 51 24 22 61  3 31 11  - 67  - 36 14 48 42 25 70 52  9 30 49 34 10 28 56 23 18  4  - 59 46 60 29  7  8 63 20 32 12 43  1 64 47 33 53 13  - 58 26 62 21  -
  - 48  - 50 20  - 60 56  - 26 61 33 15  5  - 46 19 38 37 63 68  -  -  - 67 23 18 40 14 34 66 51 57 62 13 28  -  - 45  - 52 55  7 59  - 35  - 25 53 24 11 64  9 27  3  - 65 29 32  2 10  -  1 42 70 31  4 44 16 47
 48 18 25 68  9 24  7  -  - 62  1  -  2  - 21 23 70  - 34  - 27 33 36 44 45 65  - 13  - 29 56 55  - 46 42 39 64 35 67 12 15 61  -  6  - 47  5 52 26  8 22  4 63 31 10 54 41  - 51 14 49  - 37 32 69  -  - 20 53 57
