3920
  7  -  - 51 50 15 49 38  6 29 22 25 61 19  8 36 17  9 64 41 21 63  - 58 37 68 10 35 32  4  1 60 28 31 30 39 20  - 59 24 11  2  3  - 65 26 42  - 69  - 66 70 56 16  - 67 57 53 34  - 54 18 23 14 52  - 27  - 43 44
  - 45 35 62 31  - 17 58 42 65 30 50 23 41 40 59 26  - 38 46  -  - 60 14 48 53  - 56 12 44  9  -  - 29 27 21 11  -  -  -  6 52 63 36  5 15 25 43 10 34  3 28 47 55 57  -  - 13 49 39  - 69 70 32 18  -  -  1  -  7
 41 14 65 61 38  -  -  -  -  -  1 58 54 62 39  -  - 13  - 33  - 52  - 32  - 45  - 48 31  -  4  - 70  2  7 18  6 68  9  - 22 16 11 29 37 27 30 12 47  - 57 24  -  - 51 10 17 59  -  -  -  - 69 55 49 34 36 25 44  -
 16  9 48  - 12 25 13 14 68 23 15 30 24  - 34 42 63  -  - 35 19 64 20 53  7 55 32 65 18 22 33  - 60 27 10  2 70 26 49  4 43 28 29 58 38 39 36 21 56  -  - 47 37 11 40 57 46 69 66  - 67 31 45 17  3 41  1 52 51 50
 36 10  - 26 64 42 15  - 52  - 19 35 55  - 20  - 56 39 68  - 31  9 14 34 43  -  2  - 30  6 65  - 18  - 66  - 44 24  4 45  8  - 59 63 28 38  - 49  - 67 25 33 58  7 48 60 41  - 46 17 51 12 13  1 16 69 40 53  -  -
  - 53  - 14  - 56 46  -  -  - 41  2 19  - 44 21 59 35 62  8 45  1  - 25 26 12 38 58  - 57 49 42 68 60  - 63 22 31 36 11 20 17 70 32 30 33  - 52  - 66  - 13  5 37 61 39 16  9 48 67 34 27  6  -  -  -  -  - 18 10
 21  - 55 24 11  - 36  - 63 12 49 44  - 15  7 52  - 37 57 64 29  -  -  -  - 38  8  5 45 34  -  - 23 59 58 33 39 53 31 40  9 48  - 35 26  - 41 56 22 46 51 17 66  2 60 47  3 65 69 19  1 43  - 27 20  - 54 68 67  4
 33 19 16  -  - 21 44 20  2  -  - 42 47 43  - 11 23 67 15 26  7 12 61 39 65  - 14 41 51 45 29 48 36 63  -  8  - 54 60 50 56  - 64 37  1 68 17 32  -  -  -  3  - 18  -  -  - 66 40  9 22 30 35 57 34  - 69 31 27  -
 66 29 26 64 21 11 24 16 28 19 65 47  -  8  - 33 14  - 12 32 15 42 49  1 55 59  - 30 67  - 54  - 20 52  6 61  - 22  -  - 18 56 25  - 39  - 45 58 60  2 17 63 23 38 62 51  -  3  9 50  4  - 36 68 10  5 13  -  - 35
  - 61  - 43 62  - 60 54 15 68 33 51  - 42  - 23 50 55  - 20  3 13 19 59  5 36 45 44  -  9 34 17 26 67  - 56 46 57 58  - 21 64  8 53 29 30  -  1 39 14 27 65 40 22 41 16  4  -  - 38  -  - 18 49 32 25  -  - 66 12
 43  -  - 31 10 58  -  2 62  -  3 68  - 50 46  5 18 19 37 14 52 36 30 67 53 24  - 29  - 32  -  - 65 39 35 55  - 38 20 56 60 47  - 42 34  - 57 11  - 45  8  7 69  -  4 23  - 17 28 40  -  - 63  -  - 21 44 27  6 49
 53 64 37 34  - 61 32 60 56  7  - 14 28 20 29  - 67 52 45 31 65 30  - 35 36 23 48  - 57 62 58 19 24 70  - 25  -  1 54  5 63  -  - 68 18 10 50  4 66  - 13 11  - 44  3  9 59 27  2 42 12 46 38 47 43 15 16 40 55  -
 25 67 57 40 53 17 37 11  -  6 42 19  - 68 48 45  -  3 16 50 10 18 66 15 49 30 55  - 21 33  - 38 29  9 26 24  7 62  1  - 65 59 13 43 31  - 69 20 12 41 32 22  -  -  8 14 35 28 27  - 64 60  5  4 47 36 61 51 63 34
  9 43 13 33 35 55 42 63 32  - 20 64 52 66 56 37 12  - 40 17 18 28 67  - 57 51 59 31 68  -  8 53 25  - 46  - 15 16 65  6 39 34 62  - 49 29  1 61  4  3 14  -  -  5 36 69 58  - 21  2  - 19 22  7 70 11 23 48  - 27
 68 32 41  -  8 31  -  3 24 22  - 61 17 45 10  6 16 23  - 56 37 47 48  - 38 49  - 43 64  - 21  -  -  5 50 51 34 40 63 54  - 26 67  9 25 69 12  7 62 44 35  4 55  - 53  - 19 15 33 59 58 66  - 65 11 18 52 30 20 70
 65 62 58  5  - 49 31 61 29 11 39 10  2 35  1 26 66 42 33  7 25  - 50 48 41 17 70 27 63 55 18 52 64 40 43 67 47  - 34  - 69 38  4  - 32  - 24  9 16 53  -  6  - 36 37  8 45 21 23 13 20 28 14 56 30 44 57 22 68 51
 50 24 12 46 25  7 38 52 51 33  -  6 39 17 55 13  - 36  - 22 32 62 21 61  - 41 40  -  - 49  3 47 44 34 48 26 69 43  - 65 53  - 16 59 60  4  -  - 64  -  - 31  1 15 63 68  5 14 20 37 30 29 66  -  8 67  - 45 42  2
 46  2 62  - 69 57 54  -  3 53  8 56  - 26  - 60  - 70 36 11 24 66 44 10  - 33 19 38 34 64 50  - 17  - 14  - 65 51 18 27  - 49  -  - 16 43 23 42  - 22 28 48  7  9 67 21 47 41  - 20 37 59  4  - 39  1 68 55  -  -
  - 16  6 23 34  - 22 45 50  1  2 46 36  - 51 27 57 25 13  - 60 24  - 43  - 26  - 68  - 56 10  -  7 32 41 28 31 15 52 62  - 29 53 19 17 44 67 63  - 33  4 12 64 69 30 70 39 38 35 55 61  - 59 21 37  -  5 20 65  8
 48 52 11 42 15  4 64  9 34  - 47 29  - 55  - 46 33  - 44 23  - 67  -  -  - 28  5 70  2 54 68 45 13 18 40  - 57 36  8  1 19 30 24 10 59 60 32 31  -  - 65 27 38 14  -  - 66 56 16 25 63 41 17  3 69 22  7 39 35  -
 47 70 68 35 30  8 34  4 20 44 51 16  -  - 23 18 25 54 11  -  2 21 38  -  - 69  6 64 33 65 43 50  9  - 59 12 40 67 41 28 66  - 60 52 10  - 14 62  -  -  -  - 46  -  1 45 29 42 31 61 57 36 55 53 26 13 19  - 56  -
 26 48 49 56 47 34  3 65 57 70 18  -  8 13  -  - 40 41 27 62 69  - 64  - 28  1 36 61 20  - 46 14 66 54 17  4 25 21 30 67  -  - 52  -  6 35 44  -  -  -  - 23 33 29 59  -  - 22 43 68 32 55 39 45  9 50 42  7  -  -
  -  - 38 28 63  3 70 66  - 30 69 18 58  9  - 49  6 16 52 25 44 15 46 65 56  - 39 12 17  1  7 59 55 19 31  - 29  2 10 47  - 53 34  8 40 54 20 27  -  -  5  - 42 68 64 48  - 51  4 21 35 45 62 24  - 61 26 60  - 37
  - 65 31 58 24 26 11 27 47  8 12 60 64 46  5  - 10  -  9  1  - 38 35 56 66 44 30  - 41 13 20 33 49  - 68 36  3 42 23  - 55 32  7  - 63 67 29 37 50  -  - 19 16 21 69  - 51 45 57 15 28 52 43  -  -  - 48 70 40 53
  6 55 28 47 70 50 12 41 33  - 31  - 18 58  - 66 65 26 51 15 39 45  5 16  -  - 49 32 14 60 59 24 56 25 61 46 36  9 37  3 44 40  1 11  -  7 53 69  - 19 68 29 48 62  2 30 63  8 38 34 10 64 52 43  -  - 20 17 22 57
  - 25 51  - 66 40 58 69  5 36  -  - 10  3 38 19  - 61  -  - 59 37 68 23 15 62 33 11 35 29  - 26 31 17  - 57 43  4 48 16 64 12  - 55  -  -  - 34 28  6 39  -  - 63  - 65  -  1 54  - 52 13 27  8 24  - 14 42 53 46
 40 35  3 17 68  - 59 42 46  - 57 12  - 44  - 69  8 47  - 70  - 60  - 27  - 67  - 66 23  - 11 13 37  - 52 62  5  - 32  2 49 22 55  -  -  -  - 64 30 43 18 39 19 24 28 38 48 10 29 31 50  6 16 20 14  - 65  - 54 25
 12 54  -  -  - 43 19 32 27 61 68  -  7  2 53 47  5 40  - 44 14  -  9 49 52  8 57 67 11 70 60 28 33  - 18 37  - 13 29  -  - 50 51 64  - 66 16 23  6 10 34  -  - 39 38 25  - 58 55  - 21 65 48 59 45  3  - 69 26  -
 24 27 46  3  -  -  - 59 38 16 67 31  - 64  - 40 49 18 25 48  6 65  2  8  4 21  -  - 10 52 15 34  1 58 54  - 14 41 22 26 45 39 68  - 57  5 60  -  - 30  - 20 62 53 33 11 61 44 32 51 13  9  7  - 55 29 43 66 36 47
  -  - 47 36 22 20  9 62 48 42 40 37  5  - 12  - 58 68  - 34 35 29  8 17  - 15 66 52 69 16  - 18 32  7 70 10  - 45  6 21  2 14 31  - 53 57 61  - 41 27 11 60  -  - 43 19 55  - 26 28  - 33 24 63 56 39 50  - 30 64
 70 12 69  7 14 45 35 67  4 46 36 22 59 21  - 31 41 56 39 63  -  6 62 42  8 61  - 20  - 28 16 27 10  3 19 53  2  - 64  - 32 33 40 49 44 23 55 29 48 57 15  -  9  - 58 66 38 47  - 26 68  1 65 51 50  - 18 11 37 52
 27 68 25 67  - 62 41 57 66  5 43 49 38 39 16  3 53 10 20  - 34 56 59  -  6  - 18 55  7 63 31 23 58 35  8 15  - 29  2 51 40 13 61 30 33 37 65 22 26  1 19 69  - 60 21  - 32  - 45  -  9 48  - 28 46 70 47 24  4 14
  -  - 45 41 55 47 62  -  -  -  6  1 16 30  - 64 52 24  4 58  9 23 28 70 10 63 20  3 46 69 27 51  5  - 11 65  - 48 39 33 14 60 19  - 15 53  - 38  8 18  - 56 57  - 66 61  7  - 50 36 31 25  - 22  2 17  - 21 59 13
  - 15 61 48 26 30  -  -  - 66 28 23  - 25  9 24 27  - 14 68 36  5 43  - 31  -  -  - 70  -  - 37 52  - 57  -  4 34 19 12 10 51 35  - 20 65  3 53 44 17  - 55 63  8 16 56  - 39 60 22 69 38 50 40 41 42 33  - 32 58
 17 39 42 37  - 22  - 29 16  2  7 32 11 28 15 44  3 31 26 51 50 35 34  4  - 56  -  - 27 25  - 63  - 46 47  5 45  - 13 30 24  1  - 41 52 59  - 19 33  - 48  9 70 20  6  -  -  - 12 66 60 67 57 10 21  - 55  8  - 18
 62 51  - 11 28 14 25 50 41 69 38  5  6 56 68 70 37 32 48  9 12 20  - 52  - 22  3  8 59  7 19 36 21  -  - 35 23 60 16  -  -  - 47  - 43 17 54 45 13 58 33 64 31 57  - 15 30 55 42  - 27 10 61 46  4 40  - 26  -  -
  1 23 36 10 13  6 39 34  - 28 26 59  - 11 32  - 64 45 58 40 63 48  -  - 22 31 50  4  -  3  - 68 35 55 67  -  8 37  - 49 29 20 65 46 62 47 66  - 54 70 30 15  -  - 14 27  2 19  - 60 41 44  - 25 12 16 21  5 52 42
 20 38 60 15  1  5  - 46 58 39 62 63 48  - 33 50 61 34 31 52 30 53 54  - 67 25 22  2 19 24  - 66  6 11 49 27 16  - 14 17  -  - 10 23 69 13 18 59 55  9  - 68  -  - 26  3 40  4 70 29 43 21 64 36 57  8 35 41 28  -
 34 56 14 53 60 24 10  1 19  - 48 54 33  - 61 65  2 46 70 59 64  - 11 41  3  7 51  -  -  - 52 67 63  - 23 22 28 18 15 55 25 58 36 17  4 62  9  - 49  8 40 43  - 30 12 32 21 20 44  - 45 16 29 31 35 66  6 57 47 39
  - 33 10 12  - 29  4 48  -  - 34 39 22 27 69  - 20  -  - 42  - 41 26 31 25  - 56  -  - 43 30  6 16 66 60  - 55  - 24 58 47  -  9 13 51 40 37  3  2  - 50  -  8 61 23 62 67  - 15 18 59 54  - 44  - 63  - 35 14 65
  -  - 50 65 40 38 14 24 55 13 53 17 29 10 49 39 69  8  2  3 20  -  - 33  - 48  - 36 54  - 62 58 59 57  - 66 12  7 68 31 37 27 43  -  - 64  4 41 18  5 67 16  6 19 56  - 52 11 22  - 70 26 44  - 60 51 63  - 23 30
 61 17  -  - 33 32 43  - 18 14  - 20  - 49  -  9  7  4 55 45  5 10 27 22  - 16 67 40  3  -  - 56 39  1 13 54 63 19 51 57 34 31 46  - 50 36  -  2 38 28 59  - 15 35 47 26 65 60  - 41 25 42 12 70 68  -  -  - 48  6
 37 58 18 39  3 19 30  6  7 52 50  - 44 53 25  -  1 28 32  5 40  4  - 63 27  -  - 13 42 14 67 43 69 65  - 41 24 20  -  9 17 68  2 61 54 45 34  - 59 48 56  - 60 31 49 29 10 64 47 35 62  8 21 26 51 33 22 23  - 66
 10  7 20  -  2 46 26 22 39 49  4  - 70  - 18 29 21 53 54 38 11  - 13  3  9 40  -  - 47 50 23 32  - 44 25 16  - 55 28 48 62 37 41 45 14 61 31 35 68 60  - 58  - 59 24 42  6 43  1  - 17  5 34 66 63 27 30 56 12 15
 14 36 40 27  7 35 55 70 45 63 56 52 34 18 66  - 38  - 47  - 67 54 22 20 59  9 58 39 28  8 64 25 51  - 69 49 53 30  5 32 57  3 42 31 13  1  -  6 19 16 62  - 26 33 68  - 23 48 17  -  -  2 60 15 44 10 41 50 24 61
 49  5 67 32 54  1 61 17 64 57 63 28 51 22  2  -  - 43  - 53 41 34 70 11 45 18 13 10 65  - 69 20 50 21 36 47 60 14  - 42 38  - 39 48  8 19 15  -  7 29  - 62 52  - 55 33 27 37 59 30 44 23  - 12 58 24  4  6 25 40
  - 22 52 66  4 41 47  7 14 60  - 48 62 54 27 58  - 15  1 10 23 49 31 36  -  - 69 57  -  - 53  - 30  -  - 43  9 32 40  -  - 61  - 67  - 56 68 16 65 42  6 25 17 46 20 50  8 33  - 63  - 11 26 29  5 59 34  - 19 28
 54  -  2 60 29  - 21 33  - 51 35 45 65  - 14 55  -  - 67 12  -  - 52 68 69 50  1 53 24  -  - 15  8  6 44 32 64 56 66 13 36 43 27 20  - 48 49 40 63  - 22 46  3 42 10 59 37 61 62 16 39 17 30 19 25 26 28 38 41  -
 55 18  - 59 51 69  - 64 17 58 66  4 13  - 47 14 32  -  8  - 42 68 57 40 20  -  - 62 56  2 37  -  - 28 53  -  -  -  - 63  - 25 49 38 22  - 27 48 31 35 45 36 21 34  9  5 26 16 30 33 23 24 41 61  -  - 70 10  3 29
 64 50 19 29 45 27  - 12  9 21 52 43 63 36 57 28 35 20  - 30  - 39  - 60 32 66  -  6 22 58  -  5 40 56 42  1 37  - 26 70 31 23 14 44  -  - 51 13 53 69 49 61  -  -  -  4  - 46  - 62 65 68  - 38 54 48 15  2 34 59
  - 28 15 54  - 68 53  - 10 62 24 33 26  - 36  -  4 21 69 65 49 55  -  7 61 34 12  9  - 30 63 46  - 47  -  - 56 23 35 37 52 44 17  - 58 50  2 66 27 59 38 32  -  6 13  1 31 40  8 70 19  3 11 64 42 20  - 14 16  -
  8 49 59 69  - 36  - 28 30  - 60 62  - 70 63 68 29 22 19 37 17 27 16  6 13 11 24 25  -  - 44  7 43 14 64 42 38  -  3 41 46 66 21 47  9  2  - 15 45 12  - 34  -  1 18 31 20 54 10 52 40 56 67 50 53 57 51 58  5 23
  -  - 23 68 18 54 48 39 25 17  - 55 37  1 35 20 42 63 61  6 38  -  - 57 34 19 16 60  - 15 22 69 45 62  4 59 27  - 53 43 30  - 26 40 56 24 58 46  3  - 31 10 50 32  5 28 33 36  - 47 14 51  2  - 66  - 11 44 70 67
 42  - 64  - 48 33  - 37 59  - 16 26 32 52 67 43 68 29 18  2  1  - 10 46  -  3 31  - 39 17 38 65 27  - 28 40 35 49 11 23 15  4 57 60 36  8  - 14 25  - 58 51 22 13  7 24 12  -  - 53  5 20 19 41 61 55 66  - 21  -
 32  -  -  - 67 10 68 56 31 64 70 57 40  - 17 30 24  - 41 43 26 50  1 38 60 20  -  - 15 47 42 22 11  - 63 44 62 58  7  -  -  -  - 65 12 34 59 54 14 51 23 21 61  4 52 55 69 35 18  6  2 39  - 13 27 28 53 19 45  -
 39 11 21 18 27  - 57 49 22 10 61 36 60 51  - 48 55 14  - 16 28 40 15 54 68  -  -  -  - 66  -  9  - 13 12 45 58 35 25 38  3 70 23 26 19 63 47 30 32 50 42  5 59 52  -  -  -  - 53  - 46  7 56  - 31 37  2 62 33 20
 67  -  - 19 16 28  8  - 26 24  9 53  - 47 45  - 34 11 43 60 56 31 37 12 29  4 61  -  - 48 35 55 42  -  3  - 68  - 70 64 59  5 44 69 21  - 10 65 46 52  - 50 27 25 39  - 36 30 41  7 18  - 40  6 22 14 58  - 62 38
 22  4  1  2  - 16  -  - 13 27 29 41  9  - 54 63 30 69 60 67 46 43 32 19 17 37  7 24  - 20  - 62 34 42 56 58 33  3 38  - 68 10 50 14 61 31 28 39 51 40  - 52 53 12 11  -  - 18 64 45 36  - 47  5 65 35  8 15  - 21
 31  -  - 63  5  - 52  -  8  - 55 27 50 40 60 25  -  - 21 19 48 11 36  9 70 35  - 14 37 68 51  - 41 26  1 30 32 69 46 29  4  6 58 12 47  3 33  - 20 23 64  2 28 17 42 54 62  7 39 65 53 57 49  - 15 45 59 61 38 24
 57  - 34 16 41 65  2  5 53 56  -  9  -  7 58  1 11 49 30 24 47 59 63  - 44 13 23 69  - 46 36  - 12  4 33 52 66 70  - 61 51 19 28 18  3 32 38  - 17 26 20 14 39 43 29 40 15  - 68 27 42 62 25 48 64 31  - 37 10 22
 52 30  -  -  -  - 28  - 67 48 58 66 43 61  -  -  9  5 42 39 68 51  7  - 62  - 35 21 26 37 55 54 38 23 29 20  - 33 47 69  - 18 45  2  - 14 46  -  - 15 53 44 13 27 31  - 49 12  - 10  6 34  8 60 36 56 25  - 17  3
 60 69  9 25  - 39  - 53  - 31  5  - 21 24 59 61 15 57  -  -  - 32 33 47 64 46 68  -  - 38  6  3  4 45 62 13 51 28 44 36 70 35 30 22 27 42  - 50  1 55 12 18  - 26  -  - 14 67 37 58 66 63 20 52  -  2 17 34  8  -
 44 60 17 20  9 53 63 51 11 41 25 40 30  6 37 10 48 38 28 61 57  -  - 69 47 54 52 15 55 19 56  1  - 12  - 34  -  - 21 68 58 36  - 33 66 46 62 26 29 13 70 59  4 45  -  2 43  5 14 64  - 50 31 18  7 32 49 67 39 16
 51 31 43 55  -  - 45 47 60 40 14 13 20  - 52 62 44  -  - 69 27 22 56  - 16 10  -  -  - 23 26 30  - 33  - 70  - 59 57 39  - 54 18  6  2 21  -  8 42  - 41  - 34 64 15 17  - 25 61 24  - 53  3  - 38 58 46 36 11 68
 45  - 44 30  - 59  5 31 61  3 64  - 68 29 11 22 46 50  -  - 33 69  4 13  - 60  - 17 52 10 25  2 54  - 20  - 21 47 62 35 27 42 66  - 41  6  8  - 67 36 63 26 14 51  -  -  1 49 24 56 55 40 28 39 19 23 38 12  9 48
  5  1 30 38 57 52  -  - 36  9 59  8  - 69  3 15 43 48 22 13  - 61 24 51 23 70 27 28 60 31 41 49 47 37 45 29 18 11 17 10  - 65  6 56  -  - 39 44 34 68 21 53 35  - 46  7 42 63 19 14 16  -  -  - 62  - 32  -  2 54
 58 26  8 70 56 23 27 36 37 35 46 24 42 16  - 12 51 64 59  4 22 44 65  - 40  -  9 34 38 53 61 21 62 41 39 17 10  6 45  7 48 55 69 50 68 28 13 33 57 20 43 54 11 67 25 63  -  - 52  5  - 14 15  - 29  - 31 18 49  1
 30 66  -  - 17 64 16  - 49 20 44  3  - 48 26  - 36 59 63 57 62 58 40 21  -  2 29 50 53  - 28 10  -  8 55 69 54 39 42 60 61 45 38  7 24 41  -  -  - 31 47 67  - 23  - 34  9 52  6 12 33  - 37 11  - 65 56  - 15  5
  -  - 22 21 19 70 20  8 12 25 37  -  -  - 42 17 54 60 34 28 61  3 39 55 24 65 26 47  -  - 14  - 53 51  -  -  -  - 69 66 23 46 56 27 48 58  5  - 35  4  9 40 67 50 44 52 13  2 36 43 15  - 68 30  - 64  - 49  1  -
 35 20  5 22 44  - 40 21  - 67 32 65 45 34 41  - 39 27 29  - 66  -  3 30  - 58 62 37  1 51 12 31 57 10  2 14 26 63 50  8 28 69 15  -  - 49  6  -  -  - 52 42 36  - 19 46 18  -  -  4 48  - 53 16 59 38 60 64  - 33
