3920
  -  -  6 44 15  - 46 30 65 16 36 41  - 19 59 54 42  5  - 64  - 22 37  - 70 14  - 34  7 49 51  - 29  - 35  - 67 57 31 69 10 39  4 62 40 18 45 33 53 27  - 11 38 63  2  - 61  9  3  8 66 32  -  -  - 23 28 20 55 60
 10  3 31 28 64  - 19  9 17 29 67 65 16 50 49 58 44 53  - 46  1 25 51 21 56 27 22 12 40 62 60 26  - 39 32 20 70 33 23  - 47 41  - 55 52  4 54 63 66  - 15 68 30 38 24 37  6  - 57  - 61 36  -  - 34 59 43 14 48 13
  5  4 32 46 53  - 38 27  8  - 56 35 48  -  - 67 33 34 18 30 37 62 31 17 11 23 63  - 36  - 45 49 20  - 16  -  -  -  - 44 14  2  9 61 13 47  - 54 39 12  - 65  - 52 68  6  - 51 29 28 70 60 25 43 19 64 58 10 66 42
 32 48 51  -  1 63 20 59 31 47 69  8 44 28 25 34  - 39 35 62 18  - 41  - 13  - 21 16 26  6  - 24 66  4 36 70 54 60 65 50 29  3  - 64 14  - 56  - 58 23  - 22  - 43  - 45 49  7 53 61 19 55 17  5 40 46  - 57 37  -
  8 51  - 55 17 32  7 35 10 37  - 57 43 61 68  -  6  1 16 56 69 46 38 60 36 40 28 67 27 44 50 63 41 19  9 22 48 25 70 29 54 11 62 31  -  5  - 58 13 15 20 12 34  - 49 26 23 64 30  - 42  - 39  2 52 33 66 18 21  3
 57 14 36  - 33 27  - 43  - 51 20 63 21 23 15  6  2 52  - 60 22  8  -  4  5 55 29 26 11 65 46 25  -  - 62  -  - 47 64 67 32 44 70 37 38 68 69 39  -  - 66  - 35 48 45 30  - 49 40 41  - 28  1 24 56 10 19 54  7 18
  - 69 18 48 68 35 53 28 22 19 12 31  -  - 70 66 36 21  - 57 51 55 29 33  4 42 39 50 30 61 24 41 16  - 67 15  3 13 25  - 11  - 58 38 26 65 49 62 63  -  6 40  1  -  -  2  - 27 23 34  -  - 37 10 54  - 32 45  5  7
 51 18  9 61  8 14 64 36 26 46  -  5 11  - 41  - 67  -  - 47 60 39 20 55 16 35 50  -  - 66 34 69 28 40 25 32 52 24  4  - 15 37  - 22 31  -  -  3  - 33 38  - 49 42 12 43  7  - 58 65 10 27  - 44 29 19  -  1 59  -
 36  -  - 26  2  3 29 15 47 20 16 22  - 70 45 61 53 14 54 52 49 17 62  - 59 39  - 27 35 18 44 10  7  - 13  - 51  -  - 30 56 31  - 12 63  - 11 37 32 58 69 64 24  5 34 57 38  1 60  - 50  9 43 48 23  - 65  6 28 25
 64 13 38 67 56  5  - 60 34  4  -  -  - 37  - 16  - 40 33  8 31 21 49 35  - 24 70 68 57 48 25  2  -  7 20 23 69 18 11  -  - 61 47 59 66 44 58 52  6 63 19 30 15  -  - 32 46 55 39 10  3 45 41  - 28  -  9  - 12 26
 38 32 10 69 52  9 28  5 60 39 18 43 49 33  7 51  -  -  -  - 45 14  -  -  -  - 46 42 16  3 15 17  - 58 56  4 20  - 34 61  - 67 59 21 64  - 26  -  - 25 37 50 29 44 13 65  - 35 68 36 63 48  -  - 41  2 22  -  -  -
  1 33  - 66 50 53  - 18  - 55 29 10 65 31 44  - 56  9 67 40  -  6 68 12 26 60 32 47  - 63 36  - 15 57  -  8  -  - 52  - 17  -  3  2 39 49  - 38  -  7 51  - 45 69 42 28 48 62 19 25 23  -  4 37 59  -  - 43  - 70
  - 66 22 17 60 23 47 52  -  -  -  1  7 65 62  - 32  - 29 11  6  - 70 63  -  -  8  - 59 43 48 40 19 49 44 24 28 56  - 13 12  - 20 35 51 33 27 69  4 61 55 15 64 68 30 42 39 25 31  3 45 10 34 67 50 53 41  -  - 16
 45 31 44 56 24  - 17 50 43 57 30  -  - 38 64  -  3 35  7 66 34 48  -  2  - 29 20  - 42  - 32 37 21 61  6  - 49 12  1 60  - 40 11 19 10  -  8  - 25 28  9 13  - 62 41 58 70 46 63 27  - 65  - 54  - 67 47 53 52  -
 41 54  -  - 29 10 21 12  2 40  -  - 39 24 36  9 52 28  - 43 46 67  -  - 61  7  - 37  - 11  1  - 35  - 60 59  - 68 50 20 23 15 55 33 58 22 65  -  - 51 56 69 19  8 62 63 42  -  -  - 57 53 26 16  6 14  4 66 64  -
  - 16  5 21 65  - 30  8 40 59  1  9 47 45 46  - 62 10 70 54 39 49  -  -  - 13 58  3 22 68  -  4 67 26  - 42 33 20 12  - 43 66  7 34 17 64  2 31 69 24 25 56 60 35 53  - 52  - 55  - 32 51 15 29 38 44 27 41  - 11
 20  - 23 16  - 31 57  -  - 63  8 54 28  - 58 65  1 66 32 38 17  -  - 30 46  - 10 22 45  5 21  -  6 69 40  -  -  - 41  - 35  - 24 70 29  7  3 48 50  - 34  -  - 36 19 51 68 33  - 55 18 52 67 47 27 49  - 62  - 56
 16 53 61 58 25  - 27 34  6 23 32 46 62  - 67 17 40 60  - 14 21 15 63  - 20 26 12  - 37 52  - 55 65 50 45  - 13  9 54  2 42  7 68  - 43  - 51 41  - 36 35  - 47 33 18 48  - 70  4 24 38 39 66 64  - 57 49 19 22 28
 29 12  - 31  -  - 22  1 13 21  - 38 20 42 63 41  - 33  3 18 55  4 58 59 48 30  - 35  - 45 40  9 25 36 19 27 32  6 14 46  - 50 23  -  8 54 64  - 43 56  7 52  - 51  - 67 53 11  - 39 15 44  5 61 70 66 68 28 62 10
 31  6  4 65 43 30  8 38  3  -  - 12 23 51  -  - 39 46  - 16  -  -  7 25 55  - 61 10 15 13 49 21 63 45  5  2 47 59 67  - 41 69 42 58 70  -  - 29  - 60 17 62 44 18 36 50 37 68  - 56 34 33 28 66 57 11 14 64 54 35
 35 42  - 57 41 61 50 39 49  - 25  2 45 32 55 38 27  - 10 68 66  - 69 24 64 47 31  - 33  -  8 28 34 29 53 51 60 70 18 56 26  - 37 67 23  3  1  -  7 30  - 63  9 59 46 16 19 36 11 52  6 40  - 17 22 62 20  5 14 44
 54 65  8 27 59 38 67 47  7 28  2 11 26  - 12  - 46 36 17 21 53  - 15 23 41 33 43 30  - 29  - 52  1 56 49 45 34 37  5 70  - 24 48 44 22 63 39 64 68 42 62 35  -  6 31 13  3 66 20  -  4 58 10  9 32 50 55 40  - 57
 65  7  -  - 58 48  - 11 45  8 26  - 46 20  6  -  -  - 66 36 52 40 24  -  - 15 37 23 68 55 70 67 18 16 42  - 62 51 29 10 39 63 30 25 44 21 33 53 64 54 27 60  4  - 32 49  2 17 59 13 31  1 14 12 61  9 35  -  -  -
 69 27 14 19 46  4  - 64  - 42  - 47 67  - 65 52 59  - 50 58  - 24 39 41 15  3  6 33 62  7 54 36 37 22  -  - 56  - 61 48 70  - 45  -  2 38 13 35 23 40  1  - 20 17 55 44  9  - 43  - 16 49  - 34 21  - 31 63 30  8
 61 49 30 42 34 18 45 44 55  - 28 51 60  - 19 62 54 31  2 27  -  - 43 29 65 38 13 32  3 64  7  - 40 47 23 53 63 16 57 39 37 35  -  -  9 24 21 14 26  8  -  6 12 41 48 10 20  - 67 46 59  -  -  - 15 70  - 33 56 50
 33 60 64 41  5  -  - 48 23  -  - 18 13 22 31 42 58 25 19  - 10 56 44 46 38  4  1 36 66 37 30 43 59 11 52 57 27 17  - 15  - 62 50 54 16  - 12  -  9 21 65 70  6 26  -  - 24 53 45  2 67 34 63 14  - 40  - 49  - 29
  - 39  -  - 18 66 24 54 28 30 19  -  -  -  - 23 35 44  -  9 65  - 50 68  - 37 34  5 60  -  - 53 45 51 55 21  - 62 22 33  3  8 31 13 49 32  6 46 59 16 70 29 40  - 14 61 64 12  7 67 36 38 57 20 48  -  - 26 25 15
 14 46 59 33 55 50  1  - 11 65  7 68 54 41 34 69  8 49 23 17 24 37 40 56 60  6 47 48 44 70 58  -  -  - 15 16 43 26  - 28 27 51  -  - 32  9 42 30  5 18 63 53 52 12  4  -  - 57 10 21 22  - 29 38 36  3 64 35 45 31
  - 22 39 63  7 33  - 61 18 44  4 66 34 35 10 29 11  3 60 48  -  - 64  -  1 28 59 40 21 41 26 15 13 32 31 62 57 65  - 55 58 43 16  8  - 67 37 42  -  - 45  - 50 24 47 52 36 38 54  -  -  - 53 23 68 20 46 12  9  6
 13 10 45  -  -  - 31 29  - 27 44 60 41  - 57 43 19 30 22 34 59 54  - 67 14  -  2  6 20 47 66 68 23 48 51 52  - 28  -  -  -  9 56 17 55 12 50 40 35 32  - 38 18  -  - 11 63 69 25  1  7  - 36 65 46  -  -  4 15 61
 34  - 26  - 49 13  4 22 32  - 47 56 18  - 28 31 37 50 39 55 16 70  - 15 19 36 62  - 25  - 41  - 68 14 29  6 17  - 30  - 67 10 51 20  - 45  5  -  8 38 59  7 54  3 64 24  - 65 46 48 58 11  - 69 42 12 44 52  - 43
  4 68 40 14 42 69  2 10 39 50 52 58 61 25 51  - 12 55  6 63 43 38 65 34  - 57 56 24 18 16 67 64  -  - 28 66 23 29 19 54 22 47 13  1 30 31  7  8  - 26  - 20 33 11  9 46  -  3  - 59 53 41  - 70 62  - 60 37 27 45
 25 70 53 39  6  - 12 19  -  - 51  - 69 60 35 68 20 48  -  -  3 47 42  - 34 54 33 52 43 46  2 30  -  - 10 63 66  - 15 11 59  - 44 18  -  - 61 22 38 65 32  - 37  - 58  9 57 16 50 64 26  4  8 40 17  7 24 55 23 67
 39 17 48 70 67 49 42 37 27  - 11  - 32  - 60 59 13 22 58 51  7 64  - 57 21  8  -  9  - 24 61 23 26 53 14  1 10 44 56 41  - 16 12 47 15 34 28  4 33  -  3  - 68 55 38 31  - 63  -  - 29 69  - 35 66 65 50 25 40 36
 63 11 70  - 57  - 55 46 30 48  - 45 58  - 33 44 16 65  8  7 26 35 59  - 42 56 67  - 39 12 38  3 31 62 17 40  4 36  - 43  9 28 52 41 25  - 19  - 21 68 10 32 51  - 66 23  -  6 14 60  - 24 61 13  - 22  - 47 69 64
  3 25  7  - 47 44 33 57  -  2 14 62 24 63 11  - 48  -  -  -  4  - 28 61  - 53 23 38 29 15 39 20 36  9 50 34 65 41 45 68  6  -  1 52 35 60 31  - 16 66 21 67 69 40 54 70 12  8 26 22  - 37 56 30  5 27 17 42 46 49
 52  - 37 25 32 45  - 69  -  1 21  -  - 66 50  4 70 42 12  - 67 13 27 31  -  - 11  - 51  9 19 54  - 15  7 39  5 46 16 65 36 55 18 23  3  - 60 47 57 29 22 26 43  - 35 40 14 34 28 30  -  -  - 68 58  - 59 24 41  -
 68 67 52 45 44 58  6 13 19 12  - 55 63  1 53 50  4 16 48 59 54 28  - 43  8 34 69 11  - 51 23 31  9 10 38  7 29 30 26 35  2 57 40  - 36 62 20 21 15 17 24 46  - 27 25 64 41  5 61 49  - 14 70 60  - 32 33  3 42  -
 40 34 15 64 38 59 66 33  - 60 17  - 57 39  - 25  - 51  - 50  2 63  - 10  - 68  5  - 52 42  4 11  - 13 22 12 45 54 46 14 61 18 36  9 56 43  - 67  - 20 23 49 55 16  1  - 32  - 27 70 30 21 44  - 53  6 37 31 65  -
  - 30 34 43 14 26  -  - 53 18 50  - 70 36  - 64  7 56 15 35 40 42 12  3 22 41 48 17  6  1 13 59 52 21 68 65 46  - 33  - 66 20  - 29 62 19 23 60 37  4 54  - 10 58 11 47 27 31  - 45 25 61 69 63 16  8 51  2 57 32
 17 20 57 12  4 34 63 45 70 49 39 40 30 55  - 33 68 67 37  - 23 10 56  - 29  - 51 62 41 54 42 60 48 52 27  -  - 22  -  -  1 32 66  6 19 15 46  - 65  5 61  8 31  7 16 69 26 24  2 18  -  - 13 58 25  - 53 38 35 14
 58 63 66 37 16  2 49 32  4 22 64 34  - 12 13  -  - 62  - 70 68  7 48  9  -  -  - 61 53 25 20 42 47  - 43  -  -  -  6 31 45  -  - 57  - 29  - 55  - 52 50 24 67 21 23  -  1 18 17 54 14 30  3 51 39 36 10 56 33 41
 15 21 25  2 35 11 23 70 69 45 38 20 52 34 22 48 10  7  -  - 50  5  4 39 47  - 49 54  -  - 62 27 44 24 58 60  - 42 55  - 46  - 65 26  -  - 43 61 31 64 57 51 56  -  8  -  - 19 36 66 37 29 33 41  9 68  3 16  6  -
 24 47 19 62 31 40 48  -  - 52 49 61 35 58  -  - 51 68 64  - 27 43 55  - 45  - 36 70  8  - 11  - 42 34  -  - 38 23  -  -  7  - 21 63 54 14 53 18 28  -  2 66 57 30 44 39  5  - 32 50  1 15  - 33  4  -  6 13 67  9
 60  -  - 24 36 28 61 58 16 35 31 26 68  - 23  8  - 38  - 13 41 18  5  - 10 22  -  7 14 40 17 65 70  - 11  - 19 53 47 63  -  4 49  -  6  1  - 44 30 69 64 25  - 37  3 54 50 15 51  9 12 56 52 59 45 55 67 46 20 39
  - 45 46 38 54 43 32  3 68 11  -  -  9 30 37 21  -  2 56 15  8  -  - 49  - 62 41 69 63 33  6 18  -  - 12 47  7 39 17  - 34 19  - 36 42 27  -  - 14 67 16  -  - 29 40  -  - 48 22 58 64  - 20 57  -  1 52 65 13  -
  7 59 58 34 62  -  -  -  - 15 22  6 14 13 26 10 50 54  4  - 48 45  9 32 24 25  -  - 49 36 63  -  5  8  -  -  -  1 43 57 30  - 64  - 12 35 68 51 67 37  - 47 70 28 20 56 44 21 41 33 17 23 19 11  2 60 29 27  3 66
 53 29 20  -  -  7 54 25  1 70 40  - 22  6 56 12  5  4  -  - 13 50 32 64 68 51 60 55 38 59  - 34 10 27 46 48  2 52  - 45 18 65 26 43  - 30 47  - 41 57 14  - 36 66 21 62 35  - 15 17 11 63 49 39 31 42  8 61  -  -
 43  - 50 36 20 68 65 53 66 25  6  -  - 56 29 32  - 13  -  - 70 27 22  -  - 11 42  2  - 17  9  - 62 64  - 18 55  - 35  4  - 52 61 24 45 58 44  -  -  - 49  - 28  - 15  3 47 59 33 40  - 12 51  -  -  - 21 23 10 34
 46 52 17 10 11 37 26 41  - 67  -  - 31  -  - 36  9 47 51 23 15  -  1 69 25 61 44 49 32 38 27  - 57  - 48 54 16 50 53  8 68 70 63 14 34 20 62 65 29 39  5  -  -  4  6 18  -  - 64  - 35  - 58 28 13 56  -  7 24 40
  2 64 13 54 40  -  - 68  -  3 42  -  - 57 16 53 43  -  - 20 44 32 21 19 49 50 65 31  4  8 35  - 56  1  - 14 36  - 39 17 24 38 27  - 28 66  -  - 60 22  - 34 62 25 29 33 18 30 47  5 55  -  -  7 37 45 61 48 26 46
 50 40 67 53 61 56 36 26 63 17 66 24 51  - 14 13 38  6 47 42  - 23 10 20 57 19  9  1 58 35 29 39 46 28  - 37 25  - 68 18  - 49 33 16  - 70 48 45 12  - 11  3  7  - 69 27 54 41  5 32  -  - 55 22 60 34  2 15 43 52
 26 44 24 52 51  - 40 56  5  - 68  - 53  - 43 55  -  - 65 28 33  - 13 54 62  1  - 18 67 32 12 48 69  -  4 29 21 11 63 27  - 60  8 66 46  - 38 34 45  9 47 37  - 15  7 35 16 23  - 42  2 22 30  6 14 31 39 50  - 58
  -  - 68 51  - 62 10 63  9 38 33 29 64 26 40 70 55 12 46 22 30 36 54  6  7 52 17  -  - 69 53 66  3 37  1 56 50 15 20 49 28 45 14  4  -  2 18 25 61 13 43 48 58 60  5 41 21 44  8 11 24 16 31 42 67 39  - 34 32  -
 67  9 60  - 30 51  5 23 14  - 65 39  3  4  -  7 45 64 57 10 61 11 53 36 37 46 40 15  -  -  - 22 17 18 26 19  - 32  - 34  8 27 25 49 41  -  - 66 24 44 28 54 21 70 33 29 55 43  - 35 62 42 47 56 63 38 13  -  1 12
 47  5  2  7  -  6 59 14 62 26 48 21  - 16  - 39 64 18  1 41 25 66 35  - 27 69 15 57 55  - 10 32 12 38 54 46 37 45 36 19 44  - 43 68 61  8 67 28 40 50 30 33 23  9  - 34 51 60 52 53 65 17  - 49 24 58 11  - 31  -
 23 41 49 68 63 60 39  - 37 14 13 16 66  -  - 35 17 45 36  2 20 53 30 48 43 32 24  - 46 31  - 29  - 65 64 58 59 10  - 42 38 33 34  - 21  6  - 26 27  - 52  -  5 19 67 12 40 61 56 47  - 18  9 15  - 54 25 44 70 51
 70 43 54  - 66 67  3 40 52 34 24 14  - 69 18 45 49 29 41 44 63 61  - 27  9  - 16 20 28  - 65  6 50 23 33 30 53 58 51 26 62  - 46 48 57 42 10  1 56 35 60  4 59 13 37 22 31 39 12 38 68  5  2 32  - 15  - 11  8 55
 56 15 69 18 48 39  - 62 24 10 54 32 29  -  -  5 47 37 26  4  - 52 33  1 35  -  3 25 61 57 64  -  -  - 65 28  8 55  -  -  -  - 38 45 11  - 41  - 34 49 13 16 63  -  - 21 59 22 66 44  - 70 46 31 12 51 23 17 50  2
  -  - 63 60 21 42 62 55 59 24 27 70 50  -  4 47  -  - 61 29 28 34  3 45 66  - 53 41 12  - 56 44 49  6 37  9  1  7 48 38  - 54 32 46 20 57 25 43  - 31  - 36 14  -  - 68 17 58 65  - 40 35 16  - 10 30 15 69  -  5
 18  - 27 11  3 15 56  6 46 58 45 33 17 49  5 28  - 63 25 65  - 41 19 13 52 12  7  - 10 23  -  -  - 30  8  -  - 64  - 40 53 68 29 32  - 59 22  - 47 34 39  1  - 20 43 14  4 37 35  - 54  - 21 36 44 69 70  -  - 62
 12 36 16 22 28 70 18 66  - 68 41 15 10 44 21  -  - 32 53 26 29  9  - 62 30 45 64 43 34 14 37 50 33 59  2 55 31  - 42  3 40 25 69 51  7  -  -  5 49 19  - 39  - 23 56 60 58 54 48  -  8  6 65  - 47 35  - 67 11  1
  6  - 33 23 45  - 15 51 20 56 35 48 12 29 30 11 25 27 40 61  9 57  2 53 39 49 14 63 65  - 31  1  4 46 70 26 18 38 10 59  5 34  -  3  -  - 52 17 44  -  8 42 32 50 22 66 28 67  - 68 41 64  7 55  - 13 36 58  - 21
  - 56 55 49  9 54  - 67 15 43 34  -  - 52  8 30 26 24 14  -  - 29 60 50  3  -  4 19 64 58 47 35 51 20 59 25 12 63 66  - 48 36  -  - 33 61 17 68 10 11 31 23 39  - 57 53 45 13  - 62 27  -  - 21 65  -  -  - 18 69
 49  -  -  - 26  - 11  - 67  - 23 36 38  - 54  1 66  8  - 37 35 51  -  -  2 31 27 56 50 30 57  - 39 63 24 44  9  5 69 52 55  - 60  7 68 41 34 19 48 10 42 43 17 22 70 15 25 14 16 29 46  3  - 45 33 61  - 59  - 53
 66  - 28 32 10 65 69 17 58 36 62  3 19  9 61  - 29 41 43 67 11  1  8  - 53 59 25 44 70 20 52 45 14  - 34 33 24 35 21 22 63 64  -  - 37 51 57 12 55 47  - 18 16  -  -  5 60 26 13  - 56  - 27  -  -  - 48 39 49 38
 55 57 21  - 22 41 34 42  - 33  3 50 15 67 32 37 63  - 30 24  5 12 14  - 23 17 35 58 31 27 68 46 60 54 66 64  -  -  - 51 52  1 39 53 59 28  - 20  2 70  - 45  - 47 10  - 65  - 62  -  - 43 38 26 11 18 16  9  - 19
 42 58 12 29 69  - 25  - 41  - 46 44 36 62 38 63  - 23 21 45 32 31 67 51 54 10 55 28 56 26 16  8 43 68 47  - 39 61 60  1 65  - 53 27 24 37 66  7  - 48  - 14 11 64 17 59 13 40  9 57 33  - 50  - 20 52  - 70  - 30
  - 37 42  5 19 46 13  2 38  6  - 64 55 17 27 57 60 20 68 25 12 69 45 22 32 18 52  -  9 34 14 51  - 33  - 31 30  - 44 21 49 23 41 15 50  - 63  - 36  - 29 28 48  1 61  7  -  4 24 26  - 67  - 53 35 16  -  8 58  -
 30  - 35  8  - 21 37 16  - 69 60  - 40 15  -  - 18 43 42 31 47 44 25  - 50  - 54 13 17 28  5 57 64  3 39 49 68  2 32 36  4 29 22 11 65 53 70  - 52  - 41  9  - 14  - 38  - 10  6  7  - 19 24  -  1  - 45 51 34  -
