3920
 53 63 65  - 69 32 41 12 60 20 55 66  - 50 24  -  - 16  - 52 38 31 62  -  8  -  9 25 26 57 13 58 56 34 23 28 64 43 30 40  - 61  6  4  - 19  - 46 59  -  -  - 18 37  3 15 22 45 36 48 39  - 67  - 70 47  - 51 33 29
 39 49 54  - 70 55 18 62 69 64 27 38 23 63 51 20 42  9  - 50  -  -  4 30 37 31  - 43 10 16  1 60  - 11 15 14 65 24 26 46 44  2 35  5  7 47 52 17 67 33 12 21 53  8  - 25 56  -  -  - 48 41  - 68 40  6 29 28 34 45
 23 51  - 35  9 22  6 39 48 16  - 25  8 29 12  1  3 67 10 32 46  - 28 40 24 36 33  -  - 41 45 50 70 44 13 59 52 58  - 30  - 49  - 14 15  - 42  -  -  -  - 11  - 21  5 17 27 61  - 20 53  - 62 64 47  - 26  - 55 68
  5 55 69  - 15 47 62  -  3 66 63 53  - 51 64  2  1 61  6 60 59 10 70 11 29 20 18 24 58 19  - 42  - 54 36 30 22 68 57  -  7 44  - 21 33 17 12 35  -  9 43 14 26 16 56 32 39  - 23 38 65  - 46  4 37 41  -  -  - 40
 45  7  -  9 43 13 15  -  -  -  - 26 28 47 19 32 27 11 48 46 24  6 55  3 40 66 16 12 44 18 64 68 20 51 10 57 60  - 29 34 56 38  8 69  2  - 50 14 39 31  4 23  - 67 52 49 63 36 41 17  - 70 35  1 42  - 30  - 22 54
 43  9 46 25 60 61 38 10 31  -  1 57  - 44  2 50 59 19  - 33  - 21  - 58 64 12 56  - 32 68  - 16 35 41  - 17  6 14 13 15  -  - 20 11  - 37 22 55 52  -  - 29  3 24 30  - 45 62  4 26  8 54 23 70 63 65 34 67 28 53
 24 23 57 47  -  5 30 25  2 48 53  - 49  -  - 69 46 68 34 63  9 29 59 61  1 58 67  - 40 13 43 65 62 31  - 44 51 70 41 50 20  - 36  - 22 11  -  -  -  8  - 66 15 60 33 10 14  - 64 37 12 55 42 19 54  4  - 18 38 35
 21 69 19 68 26  - 53 63  - 11 35 54 40  5 30 56  -  4  - 23  - 55 16  - 52 10 32 17 37 22 67 41 60  - 12 47 62  - 46 58 15  7  - 24  8 29 31  1 13 48 64 59 65  - 34  6  3 57 18 44 43 38 51  -  -  -  - 39 36 66
 15 25 64 33 50  1 63 49 62  6 52 60 35  -  4  -  -  - 26 70 42 47 27  - 19 37  -  -  3 58  7 20  - 18 51 11  9  - 10 23  - 28 69  -  - 44 34 38 24 54 21 36 14  - 29  -  -  - 22 12 68  -  - 57  -  -  - 56  2 59
  - 35 61  - 63  2 69 28 65 57 37  -  - 20 56  - 18 46 29  3 39 60 52 25 38  - 66 45 43 31 17 49 23 42 26  - 58 62 67 33 32 53 21 16 40 22 64  - 47 14  - 41 12  7 24 11  - 30 44 59 19  -  9  - 48  -  - 68 70  6
 12 21  -  - 54 27 31  - 16 10 18 36  - 61 29 55 53  - 28  - 19 63 58 47 43 44 38  9 34 35  - 46 40  - 32  -  - 13 59  - 30 48 51 56 42  - 23 69  - 64 57  -  - 45 66 20  -  3 70 33  1 39  2  5  - 17 22 60  4 65
 56 40 35  - 53 67 20 24 58 17  - 11  - 34 52 22  - 23 13 43  3  7  - 46 55 28  1 26 36  6 32  5 16 49 61  9  2 29 21 48 57 54  - 27 38 41  - 70 33  - 65 18 51 69 64 47 10  - 62 45 59 60  -  -  - 68  -  4 63  -
 64 52 59  - 11  6 16 38 47 14 25 58 65 60  - 67 49 26 56 20  7 51 31 37 44 24 12 28 17 42  - 53 46  3  1 18 34  - 22  - 66  4 57  -  - 63 62 32 61 13  - 48 45  -  2 21  -  9 35  - 40 30 41 69 68 39  - 27  - 55
 60 48 25  -  - 70 13 27  -  2  3 68  - 37 34 49 36 63 44 66 61 11  - 41 22  - 57 52 69 59 14 54  4  - 18 64 39 53  8  - 55 62 17 42  - 28  - 45 38 20  7  6 47 33 23  5 40 16 10 19 51 46 58  -  - 35 24 21 15 56
 51 15  - 65 42 52 55 21 57 63  - 43  -  9 32  - 39 58 22 24 64 41  2  4 18 47 10 11  -  -  - 23  - 14 70  - 50 44 17  3 38 69 46  - 68 13 60 25  6  - 62 45 37 59  - 61 49 19 66  8  - 27  - 53 35 56 33 36  -  -
  - 36 15 24 46  3 27 41 18 52 28 50 10 69 45 54 21 53 43  - 55  1 32 14 60 35  - 38 61 30 65  8 26 62 44 56 16  - 37 57 47 23 33  6 19  - 66 68  - 39  2  4 13 63 51 58 31  7  9  - 64 48 34 20  5 70 11 42 59 67
  - 13 27 54 67 11 39 30 43  - 70 64 33  - 36  -  -  - 35  9  5 66 45 34 10 62  8 18 21  - 26  -  -  - 17  - 69 57  4  6 65 16 58 48 60 14  - 41 31 12 32 46 23 42  7 29 28 24 55 53 47 22 63 44  3 52 61 49 37 51
  8 20 67  2 12 36 32 17  - 41  5 21  - 59  - 70 60 33  9 40 13 37 69  -  - 54 42 66 47 48  - 35 19 26 46 55 57 45  - 51  -  - 14 38 44 49 63  - 68 53 50  -  7 34  - 62  -  - 30  -  - 31  4 25  - 10 23 11  6 39
 30  1 66 26 45 38  - 57  - 62 54  7 47 31 21 14 41 37 53 39  8  -  - 17 12  - 58  -  -  -  2  -  -  - 28 19 24  5  - 61  - 60  -  - 46 10  -  3 36 49 68 44 29 35  9 18 67  - 42 25 15 11 69 52  -  -  - 20  - 50
 37 67 13  -  1  - 46 59 54 19 49  -  -  - 57  - 70 42 64 30 43  2  7  - 58  8  - 39 38 62 11 17 55  - 63 61  - 48 27  5  4  - 22 18 66 51 15  - 53 45 23 28 32 40 21 60 25 20 33 69  - 14 26 16 36 44  6 52 56 12
  - 53 17 69  -  -  9 44 70  - 59 49  -  - 62  6 55 56  - 14 36 15 33 51 21  -  - 23 31 46 60 48 29  4  -  2 61 26 11 22 42 65 13 28  - 67 57 12 54 35  5 19 52  -  -  1 18 32  - 24 20 10 16 27  7 38 43 25 45  -
 10 11 31 20  3 42  -  -  - 22 45  -  - 54 43  - 26 66 47 59  4  - 21  - 14 60  -  6 64 55 27 61 33 63  - 53  7 39  9 12  - 25 24 52 51 16 13 23  - 62  1 34 49 32 70 56 38 68 50 65 36  -  -  - 58 29 41  - 57  2
  4  - 23 37 47  7 52 58 12 49 61  -  - 42 59 39 51  5 60 64 54 57 53 66 56 13 15  - 48 17 16 36 10 19 41 35 14  - 43 26 18 11 67 70 28 69 29 34 65  3 38 62 24 31  6 50 30  8  -  9 25 44 20 32 45 21 63 40  1 46
 62 44 63 42 33 54 37 43 20 23  -  5 30  - 31 40 32 48 69  - 60 35  3 18  2 51 22 41 68 29 66 39 64 17  8 58 13 27 14 11 45 34 52 65 50 46 55 49 57  -  - 16 19  4 53 26 70 67 12  -  -  - 47 61  6 59 15 10  9  7
 40 54 20 56  2 37  -  6 49 24 39 62 26 14 68  - 19  3 31  - 28 50  - 45 51 38  7 53 55 43 34  - 57 33  4 42  - 15 25 35 48 47 18  8 67  - 46 64  - 63 59 30 27 11 58 52 21  - 61 41 66 29 32  9 10  5 36  1 17  -
  - 34 10 14 55 57 66 29  1 68 41 30 59  4 44 28  9 35 24 17 47  - 67 70 25 49 50 16 15  -  8 33 11 52  - 69  - 60  - 39 63  - 61 51  - 32  2  - 12 65  - 20  6 62 43  - 36 64  -  - 23  7  3 40 22 54 56 38 58  -
  9  -  -  - 30 21 59 32 64 13  -  - 69  -  - 62 23 52 65  - 70 24 50  1 31 55 14  -  6  2 33 47 67  - 27  -  3  7  - 43  - 22 19 10 29 42  - 54 60 25 40  - 41 48 37 12 26  4 11 39 46  -  5 18 15 28 44 63 66 49
 19 50 24 15 68 31 65  - 39  - 46 22 17 70  1 44 62  - 61 42 11 28  -  5 36 41 43 29 57  - 30 10 48  7 25 21 66 38 52 67 16 26 63  - 53  - 51 13 34 18 54  - 55  -  - 27 35 49 20  - 37 40 14 58  9 12 69  8 23 60
 48 39  4 70 14 69 68 18 46 31  - 23  - 53 47  9 37 12  - 15 25  3 51 57 20 11 17  -  7 63 29 27  - 13  5 43  - 19 38  2 59 45 44 32 61 60 41  -  8 28 34 64 16 36 35  - 58 66 24 50 49 33 21 10  1  -  - 55 62 52
  - 19 43 66 27 51  3 64 37 44  6 70 57 30  9 31 10  - 62 38 53 33 40  - 47 17 60 48 28 69 55 26 14 56  -  -  8  4  - 16 22  - 29 34 21 18  - 36  - 41 46 61 63 39  - 67  7 65  -  1 54  -  - 15  2 58 68 13 35  5
 20  6  1 11 61 68  - 36 41 43  -  8 45  - 66 35 14 30  3 18 10 54 46 26  9 42 62 60 67 64  - 40 52 39 69 16 49 50  - 53 28  - 34 19 63 38 25 15 22 57 37 65 21 13 32 23 48  -  7  4  -  - 27 55 44  2 70 29 12 47
 47  2 22  - 66 48 23 52 10  - 29  - 24 67 41 25  -  - 17  8 40 14 44 35 42  6 46  -  1 12  4 34 68 53 33  - 19 54 65 37 69 31 45  - 64 62  - 11 43 59 16 49 30 20 57 63 51 56  5 61  - 21 39 36 18  7 60  3 13  -
 18 26 41  - 17 29 51 54 68 56 67 27  - 10 39 38  - 25 55  7  - 48 30 59  - 19 20 49 14 28 40  - 37 16 24 36  -  2 44  -  9  3 12 31 32 50  5  - 69 15 58 60 46 47 45  8 42 11  1 35 63  4  6 33 23  - 52  - 53  -
  - 17 18  - 39 64 56 31  4  - 44  3 66 16 48  -  -  -  -  - 51  - 34  - 67 69 11 57 53 21 19 63 24 36  -  - 30 47 58 29  6 68  5 37 52 59  -  8 14  1  9 43 70 22 60  -  - 50 38 54  - 15 10  - 12  - 28  -  - 20
 54 38  - 62 57  8  4  1 66 25  -  - 42 19  - 64  7 44 32  - 22 23 18  - 28  -  5  - 51 40 70 13 31 48  - 63 20  - 24 55 60  - 68 45 69  3  - 26 49  - 47  - 56 50 65 14  - 21  - 11 52 61 12  - 67 43  - 58 27 34
 41 12 47 51 25 14 58 67 50  7 32 16 53 24 28 60 30  -  5  - 37  - 23 63 11 56 55 33  2  3 62 29 21 10 22 65 17 66 20  1  - 42 54 49 59  8  4 39 26 36  6  9 44  - 61 19 34 69 52 15 13  -  - 31 64 45  - 70 46 38
 31 62  - 19 37  -  1 20 55 29 65  -  2 46 67 66  - 49 14  - 30 34 42  - 26 64 68  3 33  - 22 32  -  - 47 15  -  - 60  - 35 70 25  -  -  9 59 16 56 10 13 12  - 17  -  -  5 48 69 57 27 52 61 28  - 63  7 44  - 23
 33 28 56 36 21  - 11  - 38 35  - 37  - 22 50 15 29  -  1 45 48 27  - 52  5 30 23 46 59 67 42 64 65  -  - 25 32 61 70 60  - 63 62 53 54  4 69 18 51 24  - 55 40 44 16  7 68 34 17 58  - 20  8 43 66  9  2  -  - 57
 16 66  3 67 65 63 34 37 40 46 60  - 61 11 38 68  -  - 58 57 15 32 56 27  -  - 48 62  4 24 53 31 49 21 59 12 29 23 51 14  -  -  -  -  -  7 26 22  - 52 42 54 33 25 44  9 17 35 13 30 45  - 70 39 55  -  - 47  - 28
  - 10 40  4  - 35  7 42 17  - 22 39 51 15 65 27  - 64 54 12 50  5 43  - 69 46 52 21 45 70  6 38 47  2 37 33 67  9 49 32 34  8  3 44 62 58  1 57 63 30 14 24 68 28 36 16 59 53 48 60 41 13 55 56  - 18 66 26 20  -
  6  -  -  3  -  - 36 69 11  - 14  4  - 13 46 48  - 57  - 22 33 42 25  - 50  - 37 10  - 52 21 30  - 20  9 67 44 64  2 62  5 58  -  - 17 40 24  -  - 61 26  -  - 29 31 43 65 47  -  7 35  -  1  8 41 16  - 54 60 18
  - 30 53  - 35 26 28  -  -  9 33  - 29  - 40 23 47 38 68 11 69  -  -  6 54 57 65 37  - 49 56  - 34 64  7 10  5 63 61 27 31 14 43 13 24 15  - 19 46 42 41  3 66 70 22  - 20  1 25 16 62 12 44  -  8 36 55 45 18  4
 25 32 11  -  7  4 14 16 29 55 10 13 31 45 18  -  - 59 66 61  - 20  1 56 30 48 26  8  5  - 69 28 39 70 40 22 46  -  - 36 68 37 60  -  - 35  -  9  - 44 17 67 42 51  - 65  - 41  6 63  2 58  - 34 27 15 47 24 52 64
 38 41  - 23 36  - 29 40 34  -  - 42 60  - 35 47  -  1 46 25 32 52  - 33  4 61 45 54 56 65  5  - 50 59  - 51 63 30 12  - 62  - 10 17 39  - 44  - 58 70 49 15 67 18  - 64 11 28 21  6 26  9 22  3 53 55 13 19 31 27
 55 29  6 46 34 50 67 68 42 12 13 18 44 64 20  4 52  - 51 21  - 69 57 49 35  - 25 70 62 32 41  - 43  5 53 45 37 40 15 28 58 19 26  1  - 61  -  - 30 60 22  8  2 10 17 31 47 39 56  - 38 66 65 11 59 14 27  9  -  -
 36 31 42  - 59 25  - 15 24 18 26 69 46 28 11  3  - 43 41 13 44 38 63 68  - 50  - 47  - 60 48 62  5 27  6  7  - 12 16 20 29 35 30  -  4 54 56 53  9  - 70 52 58  1  -  - 61 55 14 51 67 57 49 65 32  - 37 22 39  8
 58 59 50 60 41  -  - 11  7 21 48 20 54  6  5  - 17 29 70 27 65  - 14 36 32 68 39 13  8 37 15 43 45 12  - 62  -  - 64 24 26 55 47  2 56 34 35 40 66 19 31 53  -  9 42  - 46 10 16 67 28 18 52 23 57  3  - 30  - 25
 28  5  - 49 13 15 48 46 56  - 23 40 64  8 58 26  6 14 59 62 52 39 36 69  -  - 41  - 12  - 38  4 66  - 21  - 27 11 68 63  -  - 16 33  9  1 20  - 55  7 35 10 34 65 47 53  -  - 45 29 44 19 30 22 43 32 25 61 42 24
 44 61 14 12 23 18 35 33  - 53 11  - 41 48  7 45 57 39  - 69  6 16  - 54 34  - 19 27  - 25  -  -  3  - 56  -  4 36 32 42 24 66 50 30 58 43 65 21 70 38 55 17 22  5 13  - 52 40 28 62 10  2 68 63 46 31 67  - 64  1
 14 22  - 64 51  - 57 60 23 32 15 56  6 58 27 18 43  8  - 68 21 70 12  2 61  5 54 20 63 36 59 25 44 65 52 37 47 69  3 31  - 13  - 39 55  - 38 67 62 66  - 50 35  - 26 48  4  - 40 28  - 16 45 24  - 19  1  - 41 42
  - 70 21 28 22 43  5  - 19  -  4 34 11  - 42 41 40 47 18 65 26  - 38 55 53 25 63 35  - 44 37  6 59  1  2 39 10  3  - 56  - 17 32 61  - 66 45 50  - 29 51 13  - 58  - 68 57 54 60  - 14 62  - 46 24 49 64 16  - 48
 61 27 55  - 40 16  -  - 21  - 64 12 56  - 13 37  -  -  - 51  - 58  - 38 49 15 28 44  - 50 10 19 42 32 60  -  -  -  -  - 25 36  -  7 48  6  - 24 35 23 63  - 20 26  -  - 69  5 53 18 22 45  - 59 34  -  3 62 43  -
 11  3  9 18 29 60 64  4 15 45 42 48  - 49 61  - 63 55  -  -  1 56  5  -  7 33  6 59 52 34  -  2 69 30 68 46  - 28 36 13  - 39 40 58 35 70 37 62 41  - 53 32  8 23 67 44 66 26 43 31 16 47 24  - 14 22  - 12 65 19
 63  - 33 52  - 34 54 35 13 50 58 32  5  7 22 57 16 28  8 19 29 46 20 31 68 26 49 30 41 61  3 59  9 45 66  6 42  -  -  - 70 15  4 23  -  - 14  - 25 47  - 40 64  - 55 36  1 12 67  - 56  - 18  - 21 53 51 17 11 62
 34  - 26 59  - 45  - 70 32  3 69 15 38 23  - 11  8  7 16 35 18  - 65 13 66 52  - 64 29 27  -  -  2 43  -  1 25 20  - 47 61 12 55 63 30 36  -  4 50  6 28 39 31 41  -  - 24 33 49 46 17 53  - 62 60 42 21 48 14  9
 27 24  5 38 28 33  - 22 14 60  9 41 15 26 55  - 20 69 30  6  -  - 17 64 45  2 31  - 70  7  - 37 18  - 19 52 48  -  -  -  - 10 23 67  1 39 16  - 40 51 25 42 61 53 63 13 29 58  3 49 32  -  - 66 11  - 65 43 54  -
 69 18  -  -  8  - 26 47  - 42 21 31  4  - 49 16  5 10 36 29  2 64 68  - 70 65 59 40 66  - 46  9 58  - 54 20 15 51  7  -  1 67 39  - 27 25  6  - 32  - 19 63 17 52 14 57  - 43 34 56 50  3 33 60  - 24 53  - 61  -
  -  - 29 44 16 39  - 26  9  - 12  -  - 62  3 21 56 36 15  - 17 30 47 65 33 32 61  1 27 45 49 11  - 40 43 34 59 67 54 70 13  6 41  - 57 48 53 52  4 58  8 37  - 14  - 22 23 25  2  -  7 24 38 51  - 64 18 50  5 10
  7  -  - 48  4  - 12  5 44 37  - 59 13 39 25 33 65 60 49  -  - 68  - 10  - 22 24  - 35  - 63  - 17  -  - 23 56  - 53 21 52  - 11 57 31 27 18  - 19 43  - 70 36  - 50 34  - 14 47 42  -  6 29  - 62  1  -  2 16  -
 26 37 30  -  - 59 45 56  6 40 66 52 36  1 70 17 58 24 67  5 63  - 11 22 39 23  4 42 54 47 50 15 27  8 29  - 43  - 55  - 51 41 49  9  - 31  3 28 64 16 18 38  -  - 46  -  -  2 68 13 21 65  7 35 20 60 14 57 19  -
  2 64  - 32 56 17 50 19 33  - 31 35  9 12  - 53 48 62 27  4 34 43 24 29 13  -  - 69 22 14 58 44 61  - 30 54 40  - 18 10  - 57  - 41 25  - 21 20  - 55 52  5 59 49  1 38  - 15 46  3 11 28  -  - 51 67 39  6 47 63
  1 43  - 22 58  -  2 61 59 34 36 63 19  -  -  7 54 13  4 47 45 53 35 28  -  9  -  - 23  5 12 14  - 67 11 40  -  - 50 17 46 24 15 25 41 52 32  - 16 21  - 31 69  - 38 42  6  - 57 10  3 64 60 29 49 66 62 33 44 37
 65 56  - 17 62 20 43  7 30 38 57 67 25 18 63  8 15 22 19  - 16 26  - 42 23 53 40  2  - 33 31  3  -  - 34  - 54  - 45 52 41 21  1 46 70  - 10 60 29 68 11  - 39  - 48  - 44 27 37 14  9  - 64 47 28 50 32 59  -  -
  - 16 70 63 10 58 44 53  - 47 24 33 21 27 69 52 61 41 42  1 67  8 39 60 62 14  -  -  - 54  9  -  - 55 64  3 28 46 40 18 19  - 48 68  6 30  -  5 20 11 15  -  - 38 12  - 43  - 29  2 34 32 56 13 26  - 17 66 25 36
  - 57  7  - 48 53 25  - 45 65 47  - 37 21 14  5 44 34 20 31 49  - 19 67  6 39  - 61  -  9 52 18 36 29 62 66 55 33 63 59  - 30  -  - 26 64  8  - 10 40 24  -  -  3 68 70 13 42 15 23  - 56 54  - 69  -  - 32  - 58
  - 47 62 40  - 46 60 48 53 39 43 14  - 66 37 36 12  - 45 10 58  9  - 16 27 21  -  - 49 11 54  -  -  - 55  5 35  1  6  8 50  - 64 59 65 20 30 42  2 32 67 25  4 56 28  3  -  - 63 34 31 26  -  7 33 61 38 23 68 70
  - 60  - 34 20 56  -  9 36  5 51 24 55 68 10  - 22  - 12 53 31 45 61  7  -  -  - 67 42 15  - 66 13 38  - 32  1 18  - 25 39 40 59  3 14 23 17 33 37  -  - 35 54  6 62 28  - 70  8 47  - 63 11 21  4 26  - 64 29 41
 70  4 28 31  - 40 10 34 51 27  -  -  -  -  6 58 24 17 21 44 12  - 48 62  - 63 64  7 25 26 18 57 54 66 67 13 41 35 47  9 53 32  -  - 11  - 19 29  - 46 45 69  5 68 39 30 60 37 65 55 42 23 15 50 38 20  - 14  3 43
  3 42 36  7 18  9 22 55  - 67  -  6 58 32  8  -  4 21 52 56 35 62  - 43 63  -  -  - 46 10 39  1 41 28 20 27 12  -  -  -  2 51  - 15 47 45  -  - 23  - 29 26 48 19 11 24 50  -  - 66 60 25 37  - 65  - 57  5 49 16
 52 14 32  5  6 19 21 45 25  4  2 10  7 36 33 24 13  -  - 41  - 67 15  - 46  3 70 34 18  - 23 69  1  - 58  - 53 31 66 49 12  -  -  -  - 55  - 61 11 26 44 27  - 30 20 35  - 63 54  - 57 43 28  -  - 40 59 65 48 17
