3920
 19 37 25 42 53 35 10  - 34 36 66 62  - 56  -  -  - 28 61 31  -  3  6 54  4 67 43 58  - 60 12 47 57 45 50  5 18 33  - 69  1  - 49  - 14  - 44 13 68 27 40 20 38 63  7 17 15 70  2  - 51  8 64 46  - 59  -  9 26 39
 12 19 35 57  -  - 65 55 22 44 51  4 66 49 40  8  - 47 50  - 25  7 58 16 13 36 23 28 11  - 33 62 15  - 69 63  - 30 64  - 21  - 24 26 32 43  - 29  - 37 52 45 54 18 61  -  1 17 14  - 56 60  - 70 10  5  3  6 48  -
  1  2  - 69 32 50 53 67  - 14 44 58 48  9  5 62 29 19 17 12 36 61 37 45  - 57 34 70  -  -  - 40 21 35 33 66  -  8 11  -  -  - 47 55 25 54  -  -  - 64 59 56 16 31 28  - 52 30 18  6 26 68 23  -  7  - 63 15 10  4
  - 14  6 62 41 61 60 15 57 32 50 12 17 37 31 58 23 34 25 68  - 28  - 27 39  -  4 56 18 51 52  - 49 36 22 44 48 66 40 46 70  7  - 10 35 16 21 63 64  - 42  - 69 20  - 24  - 65  3 26  -  2 59 47 38  - 33  - 11  1
 69 46 44 13 65 36  6 29 37  5  -  - 49 68  3 53 54  4 39  - 38 42 66 55 67 41 15 30 60  - 43  - 12 47  -  -  1 10  - 63 19 48 17  -  - 20  -  -  2 28 24 33  - 64 59 57  - 14 26  7 18 16 62 56 40  - 27  - 50  8
 68 55 16 28 34 52 57  -  - 17  -  - 44  - 51 59 18 50 32  - 22  - 70 40  1 42 31 33  5 25 21 56 19  7  6 38 46 39 36 12 63  9 69 14  -  8  4 27  - 47 54  3  - 45 53  - 48 20 49 67 66 41 37 11 35 15 23  2  - 24
 42 59 30  7 27 65 29 50 31 21 58 20 35 25 53 28 48 15 37  4  -  5 61  3 18 43 62 52 51 17 23 69 41  -  - 39 14 68  - 67  -  -  - 19 63  -  - 16 46  2  - 13 33  8 12  - 34 47 36  - 44 24 55  1 60 66 57 40 32 10
 44 31  -  -  6 19 21 56  -  7 55 25 65  -  8 39 67 68  2 14 60  -  9 63 30 26 24  5 47 16 48 12 62  - 20 51  - 40  - 57 29 32  1 38  - 45  - 37 54 23 69  - 53 13 64  3  - 66 34 22 42 49 18  4 11 33 15 61 17 59
 18 58  7 19 33 10 68 12  2 23  -  - 32  5 61  - 31  - 45 37  -  -  -  - 47  - 66 35 59 15  8 67 13 57 64  - 62  - 43 20 48  3 60  - 17 27 29 50 53 39 51 24 34 30 16  -  -  1 54 52 25 70 38  - 46 63  4 65  -  -
 28 21 22 59 29 30 42 39 33 47 53 52  -  -  - 44 38 35 63 70  -  -  -  - 49 17  - 55 10  - 24 66  4 27 25 54 20  -  - 23 12 40 14 15  5  - 45 46 67 51 68 61  - 26 57 43 16 50 13 48 41 62 11 64 58 32 69 37  -  7
  2 35 63  9 38 22  -  - 47 48  - 11 33 13 29 21  6 59 66 55  - 58  - 14 17 40 67 37 49 43 69  - 25  -  - 41 50 18 34  - 42  - 54 20 56 57 10  4 44 12  - 36  7  - 46 60 23 53 32 31 45 15 65  - 27  - 52 62  1 30
 39  - 28 47 52 23 35 57 67 43 65 38 62  3 44 20  -  -  - 66 48 32 14 22 69  5 51 24  - 19 15 46  8 55  9 17 64  2 16 42 25  - 61 34 60 26 68 30  4 41 10 59  - 11 31 53  - 29 58 56 33 45 54 49 70  6  -  - 63  -
  6 36  8  - 31 14 63 53  -  9 60 37 26 65 10 22  -  - 52 44  4  -  -  - 50 48 58 15 16 33  -  -  - 61 19 32 68 55 70 39 20 59  3 25 45  2 40 51 24  - 35 62 12 17 47  -  5 43 42 23  7 54 46 18 64 29 38 49 28 66
 26 17  9 46  - 33  -  - 48 40 62 57  3 63 25 12 66 23 58 59 32 50 49 41 15 28 65 42 64 54 31 38  -  - 27  -  5 36 45  - 56  - 44 21 51 39 37 34 35  - 60  6 20 69 52 70 43 55 10  - 11 30 14  8  4  -  7 53 22  -
 38 69  - 45  - 59 12 48 40  -  -  -  - 55  - 70  9  - 34 18  7  - 25 30 63  - 60 26 66  4  1  2  - 68 57  - 32 35 46 65  - 50 15 27 11  - 31 44 43 29  -  - 21 10 67 49  - 41  -  -  5 14 28 17 20 16 22  - 52  -
 45 29 37  - 68  9 52 23 32 59  7 10  - 44 57 64 21 25  -  - 39  - 22 26 38 18 56 60 34 30  6  1 16 54 40 55 36 50 66 58 13 12 27  5 69  - 48 61 41 67  -  2  - 42  - 63  - 49 43  - 35 51 70 20 31 53 24  - 46  -
 56 64 34 61 26  2 44 25  - 16 10 60 59  -  7 19 28 31 13  - 24 20  8  - 51 55  - 53  1 14  -  -  - 62 29 57 39 69  3 66 11 45  5 32 67 40 30 38 33 49 58 42 47 23 68 48 21  -  4 54 46  -  -  - 17 50 37 41  6 22
 41  - 27 35 25 67  - 46  5 51 37 21  6  -  - 14  - 48 57 30 61  - 59 43 58 69 54 40 32  - 19 10 65 53 36  -  - 64 28  - 17 11 62 63 52 44 16  -  - 42  1 50 68 66 34  -  - 56  - 12 13 18  - 33 29 24  - 39  -  -
 33 49  -  -  4 26 30  -  - 13 29 34  -  - 24 17 19 44 14 23 56 12 31  - 40 15 27 50 35 64  -  - 42 20 43 37 52 11 69 28 18 16 53  - 21 25  6 67 65 22 32  5  - 59 63  8  7  - 51 46 55  - 10 68  2  - 41 70  - 58
  - 62 68 33 42  3  -  9 63 35 21 50  - 64 18 46 57 52 43 28 14  - 24 67  6 20 10 41 17 70 45  - 55 11  - 19  - 27  5 61 65 30 29  8 53 31 12  - 56 25 49  - 51 38 39 32  - 15  - 37 16 13 22 58  -  -  -  4 40 26
 10  3 14 41 37 42  5 16 65  8 12 15  9  - 43  7  - 39 67 53 47 57 18  -  -  - 55  2  - 36 56 22 69  - 63 25 59 38  1  -  6 62 66 17 31 19  - 26  - 30  - 70 52 49 51 64 44 35 68 60  4 20 33 45 28  - 13 54  -  -
 43  1  2 29 66 46 38 51 10 69 28 47 58 48  - 15 24  -  -  -  - 64 63  - 23  - 59  4 39 49 40 65 53  -  - 45  7 37  - 22  - 68 13 16  3 61 67  - 57  - 20 34 35 36  8 44  - 42  -  5 52  - 32 30 54  -  - 31 33  9
 36 44 23  - 60  - 20 21 26 68  -  6 34  -  - 35 69 10 46 39  - 14 52  - 33  7  3  - 53 61 54 29  9 42 59  - 65  -  - 13 40 67  8 50 12  1 28 58 45 17 18  - 19 15 62 38 70 25 22 55 27 32  -  - 49 30  -  - 41 43
  -  -  -  5  - 17  -  6 69  - 20 23  8  - 11  -  2  -  1 64  - 51 46 29 14 24 26 62 52  9 67 50 35  -  -  - 37 63 68 56 44  - 31  - 13 58 59 53 18  4  7 66  - 54  - 27 33  - 61 70  - 55 47 41 39  3 19 38 21 45
  - 54 61  -  - 64  1  - 51 46 15 16  -  - 28 55 56 27  - 33 19  4 43 42 48 63 69 20  - 21 10 70 59  2 41 24 47 12  8  -  - 38  -  -  - 49  3 40 66  - 57  -  - 60 65  7  -  5 35 14 37 29 36 31 53 58  - 34 25 67
 22 33 47  - 69 63 18 45  - 27 59 49 13  2 30 32 41 56 40  - 16 55 28  - 10  9 50 46 25  - 68 51  -  4 31  -  6  -  -  7 53  - 35  -  8 66 64 11  1 19 70 54  - 14  - 12  - 21  - 17  - 57 29 43 62 61 34 24 58  -
 64  - 67 11  - 24  9 31 39 45 18  8  - 36 70 63  - 26 49 35 68 52 40 66 37 27 42 25 43 20 32 13  - 60 62 50 56 57  7  - 69 33  - 54  -  - 61 59  -  -  -  1 23 53 14 21  -  - 15 30  6 34 48  2  - 44  - 16  3  -
 15  -  - 38 30 40  - 69  6 54  1  2 42  - 63 16 70 43  4 46  5 45 53  8 28 21 39  9 41  - 47 32 20  -  -  - 10 23 57 60 49 66 18  7 19 50 51  - 17 11 44 25  3 67 55 13  - 36 29 64 22 33  - 35 61 37 59 14 27 65
 21  - 54 58 28 13  8 36  - 31  6  -  - 61  - 67  - 70 19 50 49 27 29 44 59  -  -  1 63 11 25 17  -  - 65 10  -  - 33 48 22 23 42 41 20  7 26  - 34 45 43 38 55  2 15  9 62 39  5  4 69 35 40 14 30 68 12 51 57 56
 65 38 56  - 49  8  4 64 19 57 24  - 27 28  -  5 50  3 12 34  - 70 10  - 25 37  - 23 13 69 22 43  6 18 17  9 54  - 62  2  - 44 52 47 68  - 60 39  7 26  - 21 46  1 11 67  - 59 16 66 31 58 35 40 33 48 51  - 20 61
 40 39 36 31 70 43 41  - 55 12  4 61  7  -  - 68 30  - 16  - 11  9 54 13 19  -  - 32 21 63 34 49  2 15 38  3 25 28 56  -  - 24  - 48 50 46 33 47 14 57 53 64  - 62 29 23 51 52  -  1 65 42 17  - 67  -  - 10 35 44
  - 53 65  - 54 44 40 14 25 15 46 31 47 38 50 26 39  - 48  6 43 13 60  - 22 62  1 11 57 66  -  - 23 17 12  7  9 58 29 52 10 37 30 18 33 42 19 20 36 70 67 63 45  4  - 51 61 69 28 16 24 56  -  - 59  -  - 32 68 64
  7  4  - 17  3  - 64 52  -  6 57 27 50 46  -  - 35  - 22  - 34  - 45 60  - 66  - 10 14 12 16 11  - 28 61 40 26 70 18 55 24 29 37 56  1 33  2 41  9 54 38  - 43 58  -  - 59 32 19 21  - 23 42 44 13 25 53  - 39 68
 17  - 39  - 48 54 16 70 49 26 11 53 46  -  -  4 62 65  - 29 63 37  - 10 56 22 25 67 38  - 28 42 18 30  1 13 31  6 52 64 36 47 32  - 41 24 35  2 61 60  -  - 57 50 40 45 58 51  9 44  3 19  7 12 69 43 14 66 15  -
 61 42 11 68 51  - 43  - 20  -  - 40  4 52 49 45 46  - 15 32 70  - 36 35 53 54 63 19  - 48  - 26 64 37 66  1  - 47 14 16 59 69 23 31  -  3 56  - 22  7 27 60 28  -  - 55 50 44  8  - 58  - 67 25 21 41 39 12 18  -
  - 40 70  2  - 66 48 26 68 56  5 17  - 59 16 10 60 12 29  8  9  1  7 47 45  - 28 43 42 50 18  - 37 46 67 30 33 51  - 35 31 61  - 57 44 55 63  - 39 38  3 69 14  6 32  4 11 13  -  - 36  - 19 15 22 64 62 23 49 53
  5 22 40 36  - 55 49  - 45 34 16 64 60 62  -  - 10  2  -  - 20  - 44 50 66  3 29  7  -  6  -  8 11  - 53 31  - 32 42 21 43 65 33  - 18 28 52  9 48 13 30 41  4 25 27 61  - 37 56 15 14 38  - 59 26 51 54  -  - 23
 37  9 41 54 18  -  -  - 59  - 33  5  2 29  1 27 42 53 60 62 13 36 30 11 64 35 57 16  4 56 44 52 40  3  7 70 66  - 51  - 26 49 55 45 23  - 38 12 69 48 25 15 17 39  - 50 14 19 24 32  - 63 21 61 68 67  -  8 31 46
 58 20 17 53 21 38 27 10 42 19  -  1 12 18  9 33  7 11  -  2 66  -  - 52 57 59  - 64 61 28  -  6 26  - 56 22  8  - 23 37  - 35 16  - 15 69 70 14  - 55  4 47 29  -  3 68 31 24  - 50  -  5  - 13 65 45 49 60 43 51
  3  - 18 34  2  1 14 28 44 64 27  9 63  -  - 51 68 24  8  - 46  - 39  - 43 31 33 21 56 37 20  - 45 41  - 35 57  5  -  6 67  4  - 61  -  - 66 49 52 32 29 26 50 12 19  - 69 16 70 47 10  7 58 23 48 62 30 17 36 42
 34 26 21 50  - 57 45 35 36  -  - 44  - 54  - 52  8 14 28  -  -  6  - 12 65  - 70 68  9 53 49 25  -  - 13 33 67  - 20 11  7 19  -  3  - 51 43 69 23 62  -  - 24 22  2  -  - 63 17  - 48 27  1  - 56  4 66 59 38 37
  4 60 53 20 59  - 13  - 43  -  - 24  - 21  2 37 14 69 35 48  - 23 47 39  - 11 52  -  -  1 30 15  5 66  - 56 29 62 32  - 28 57 45 64 46 67 18 65 51 10  - 12 49  7 26 41 38  - 31 63  -  9 61 55  -  - 40 25 44 50
 20 63 13  8 64 48 32  -  9 50 54 70 15 34 12  - 51  6  - 21  3 46 67 33 16 56 14 27 44  -  7 19 28 43 37  - 38  4 47 59 62 26  - 40  - 53 65 55 25 31  - 17 11 57 58 35  - 23  - 10 49 61  5  -  - 22 18  -  2 69
 63  -  - 39 56 27  - 20  7 33  8 35  - 66 19 11 64 38 18  -  - 24 17  -  -  -  - 22  - 41 46  -  - 31  4  -  - 25 13  9 47 51 70 68 58 21 15  5 28 16  6  - 65 61 37 36 42 45 59 69  -  3 60 34 14 55  1 43 62 48
 35  6 64 27  8  - 51 66 11 24  9 13  -  1 47 23  - 29  - 63 59  - 20 18 31  4 44 17  - 67 58 28 33 48  -  2 61 34 25  - 50 46 40  -  -  - 62  7 32 68  - 14 30  - 56  - 54 22 57 38 21 69 26  - 37  -  - 55 60  -
  - 50 43 63 57 32 19 37 56 61 67 68 21 51 42 41 34  9 11 69  - 25  - 58 44 16 17  -  8  - 66 45 46 70 39 59  -  - 60 49 15 36 48 13 10  - 27  1 20 65 33 22  5  - 54 28 30  7  - 29 64 12 31  6 24 38 35 47 53  2
  - 15 62  - 43 21 28  5 66 39 69 48 51 57 22 61 17 13  - 54 18 49 68  - 26 53 47 38  6  7 63 58 31 12 30 60 44 59 50 32 34 10  -  9 37  4  -  3 16 33 36 29 40 56 45  1  2  8 27  - 20 64  - 65 42 46  - 35 55 41
 52 70 19 40  7  - 46 33 41  - 43 69 29 10 35  - 53 42 27  3  - 30  - 38 62 45 61  6 12  -  -  -  - 14 18  8 51  - 58 44  2 28 64  -  -  - 24 23 26 59  - 68 63  - 50 37 49 60  - 57 15 66 34 22  -  - 25  - 56 11
 24 27  3 12  - 68  - 38  - 18  - 26  - 19 33  - 59 45  - 51 54  - 11  -  - 32 35 48 62  - 60  7 50 10  8  - 21 67 31  5 52 58 20 23  2 22 55 42 15  - 47 40  - 28 70  - 41  9  - 43 39 65  6 29 66 13  - 63 37 14
  - 56  - 21 47 60 67 40 53  - 52  -  - 27 36 38 26 20 31 16 15 66  1 68  -  - 12  - 28 44 59 61 51  9  - 64 45 65 17 41  3 22  7 70  4 48  - 32 19 58  - 57 13 33  6 29 18 46 37 24  2 25 63 42  - 14  - 69 34 62
 70 25  - 26 24  7 11 54 46  1 47 29 53 20 14 40 55  - 21  - 44  - 65 49  8 61 38 51  3 42  2  4  - 23 58 48 13 60 63 33  -  -  6 30 66 12 34 15 62  5 39  - 22 68 17 10 35 31 50 41 59 67 27 69  9 57  - 19 16 52
 46 67  - 24 14 11  7  - 18 58  2 66 23  - 13  3 15 61 54  - 17  -  - 62 27 33 21 69 70  8 26 37 68 22 48 36 63  - 55 25 57 34  - 29 43  -  1 31  5 52 41 10 39 65  -  6 53 12  - 35 19 47  - 60  - 20 16 64 59 28
 62  -  4 15  - 49 23 42 35  - 22  - 40 53  -  - 45  - 36 52 27 67 64  7  3 12 20 18 54  -  - 31  -  8  2 61  -  1 10  -  5 13  9 59  - 14 32 70 29 66 26 43 25 41 69 33  6 38 11  - 34 44 51 19 55 39 58 48 30 63
  - 57  -  - 63 45 69  7 23 53 25 14 39 24 62 31 37  - 56 60 51 54 38  - 11 64  - 29 68 18 55  - 34 40  3 26 49 13 44 30  - 42 12  6 70 36 22 21 58  9  - 16 41  - 10  - 65 28 48 20 17  4 43 50 47  1  5 33  - 27
 51  7  - 25 13  4 61 41  3 66 32 59 45 70 20 29 52  - 53 15 30 44 50 64 12 65 48 34  - 55  - 16 36 33 35 14 23 21  - 10 38  6  -  2 39  - 54 62 11 63 22 46 58  - 60  - 56 18 69 42 67 17  -  - 43  - 68  1 19 40
 25  -  -  - 36 12  - 24  1 62  -  - 37 15  - 18 13 46 55 61 42 22  -  2  -  - 68  - 31 32 70 59  -  5 26  6 43  - 39 14  9  -  -  4 49 64  8 35 63  - 34 53  -  - 38 69 10  - 33  - 54  - 44  7 41  - 65 56 51  -
 47 41  - 60  - 62 56  3 28 25  - 65 55  - 59  - 58 54  - 17 57 33 19 48 61 49 45 12  - 34 13 18 32 38 15 46 70 42  -  - 16 31 51 53  - 10 50 64  - 14 63 67 36 21 22 20 24 26 66 27 68 11 30 39 52 40  6  -  4  -
  -  8 15 10 11 69 55 44 14 30 40  - 16 26 39  -  5 51 59 24 31  - 12 34  - 70 22 45  - 35 64 33  7 13 60 65 58  3 53 54 32 56 46 37  - 23 17 68 42  - 21 19  2 43 18  - 28  4 63 49 29  - 66 62 25 52  9  - 61 20
  - 18 20  6 12 16 22 49  - 28 38 45 61 14  4  - 11  7  - 40 53 17 33 56  5  1  - 44 26 10 62 27 30 39 24 21 69 29 15 31 68 70 67 58 55 35 47 48  - 36 19 23 64 37 41 42 25  2 52  3 60 43 13 63 34  9 50 57 66 32
 66 52 42 48  - 56 33 43 50 63 61 28  - 67 64  6 22  -  5  - 12 26 57 31  - 47  2  3 15 45 27 68  -  - 16 69 55 24 59 40 30 14  - 46 36  - 41 17 49  8 65 37  9 35 13 25 19 62 21 39 23  1 53 10 51  7 60 18  -  -
  - 23  5 44  1 58  - 18 64 67 42 32 41 39 55 30  -  - 33 38 26 35 27 69  7 13  -  8 19  2 14  -  - 51 49  -  - 43  - 29  4 17 56  - 59 68 20 45 12  - 62  - 61  9 48 22 60 34  - 53 28 40 50  -  3 10 46 52 70  -
  9  - 57 16 45 25  -  8 21  2 35  7 14  - 56 42  -  - 64 58 33 41 34 20 70 52 40  - 55  - 17  5 44 26 68 12 53 46 38  4 51 63 10 43 47 29 39 28 31  - 37 49 66 19 30 18 27 48 62 59 50 22 69 54 15 11 67  3  - 60
  - 11 69  4  - 20 37 63 62 22 70 54 56 50 48 34 33 17 10  7 35  - 42 23 52 68  5 39  - 38 29 44  -  1 46 43  2  - 61 45 66  -  - 65 27  - 53 19 59 18 64 32 15  -  9 58  3  - 67  - 47 28 41  - 57 31 36 26 12 13
 54 30 38 43 10 37  3 19  4 70 68 51 31 41 58 66 44 16 26 13 50  - 23 59  - 14 49 63 69 27  -  - 22 25  - 29 12 17 24 62 35  1  2 11 40  - 57  6 60  - 28  8 56 47 33 65  9  - 64 36 61 46 39  5 18 34 42  7 45  -
 31 16 12 65 39 28 15 27  -  - 30 33  -  7  - 36 61 21 24 26 37 18 35 17 34 38 32  -  - 47  5 55  1 69 10  - 22 48  - 43 23 52 41 62 57  - 25  -  -  -  - 11 42 70  - 54  4 68 44  2 40 53  3  - 63 56 45  - 14 19
 53  5 55 56 50 31 39  - 61  4 34  - 43 42  -  2 25 58 38 45 52 47 26 57  -  6 11 65  7 62  3 64 66 67 51 15 19 41 48 27 33 18 68 28 24 70 69 10 13  - 46  - 32 16 44 14  - 40 20  8  1 59  -  - 36  -  - 22  - 54
 50 68 32 49 62  - 70 59 24 41 56 30  1  6 37 60  -  - 42 22 69 29 48  4  9  2 13 31 58  -  -  - 10 52 45 27 15 19 12 38 54 43 63 35 26 17  - 57 40 61 11 55 67 51 25 66  - 64 46 34 53 21 16 28  5  8 44  -  - 47
 11 51 24 22 55  - 59  2  - 60 14 39 18  -  - 69 65 40 47 43 28 21 56  - 32 10 16 66 20 29  - 53 48  - 44 23  - 45 27  - 41 25 36  - 64 52  7 54  -  3 12 58 31 34 35  - 57 61 38 13 63 37  9 67 19  -  8 68  5  -
 14 66 26  - 15 39 25  - 52  -  3 41 20 33 17 48  - 67  - 57 65 68  -  -  2 29  7 61  - 13 35 24  -  6 32 18 28  9 19 36  -  - 21  -  -  - 46  - 47 43 23  - 59 27 49  5  -  - 30 62 12 50  - 37  - 42  - 11 64 70
 29 43 50 51 35 15 66 47 60 52 39  3 10 17 67 13 20 22 68 41  8 56  4  -  - 19  -  - 37  -  9  -  - 44 14 62 24  7  - 26 27  5 11 12 54 63  - 25  - 34 45 65  6 48  1 16 55 33 23 18 70 31 57 53 32  - 61 30 69 38
