3920
 11  3  -  - 47 35 25 62 57 12  - 28 40 20 16  4  - 66 59  - 15  - 17 41  -  - 56  -  -  - 70 36 44 51  -  - 48 32 23  - 24 58 33  1 50  -  - 67  - 45 26 29 21 55 52 69  -  - 49 68 64  6 61 22  9  - 30 37 63 46
  - 52  -  - 67 31 28 36 15 21 63  - 45  7  1 20 39  - 54 46 48 27  - 29 10  - 47 30  2 23  - 32  5  - 55 16 35 59 19 68  -  4 24 60 25 57 64 33  - 61 38  - 13 11 49 43 17 40  3 66 56 37 50  6  - 41 53  8  - 62
 34 26 65 39  - 69  - 68 61  1 62  - 56 49 40 29  9  -  -  7  - 12 59 66 44 53 14 67  - 30 10 27  - 23 33 55  - 63 38  - 48 18  - 28  - 17 58 13 64 70 32  6 50 42 16 37 41 19  -  2  -  - 52 47 22 15 60 36 20 35
 45 70 61 58 34 50 60  - 16 10 24  4 54 15 69  5 40 62 31 44 46  -  -  - 63  1 11 28 26 67 32 29  6 47 64 20 65 13  - 55 27 33 12 48 17 21 38 49  - 37 66 30 36  - 14  - 42  7  - 57 18  8 56  -  3  -  9  - 22  -
 61 37 43 52 27 41 29 13  - 34 55 57 33 39  -  7 15  8 21 38 56 19 47 23  1 48 59 49 31 54  - 46  - 14 66 53  -  9 42 10 25  - 22 51 40 30 63 24  - 11  -  3 20 62 50 35 32 17  6  - 67 12 45  4 16 36 69  5  2 26
 37 68  8 13  5 32 36 42 28 56  - 60  - 63  -  - 54 61 66  -  6 21 50 24 49 25 51  1 14 29  - 20  - 55 23 33  - 22 46 39  4 40 17 47 41 18 16 10 43  3  2 58 45 44  - 57  7 69 64  - 65 48  - 59  - 53 34 70 52 12
 33 22  - 28 30 18 50 11 37  6 38 12 49  - 47  2 46 29 26  - 53  9 64  7  - 16  - 57  - 31 48  3 23  -  -  - 62 44 41 40 59 25 39 66 45 55 10 17  - 15 69 20 42 43 60  8 36 27 32 34 51  5 19 70  - 68 63 24 54  -
 12 41 48  -  4  6 22 64 66 69 39  - 57 52 34 51 62 23 61  - 28  1 31 37 27 70 53 60  -  - 47  - 58 68  - 36 50 18 15 32 45  - 38 65  - 11 46 54 42  - 17 56  -  -  -  - 43  8  - 24 25  -  3 13 26  2 19  - 59 67
 27 19 29 49  9 53 35 52  3 30 37  8  5 62  - 60 32 46 40 13  - 33 68  1 70 17  -  4  - 39  -  2 20 64 12 15  - 48 34  -  - 65 56 55 26 54 41 43  -  -  - 14 59 57 42 22  -  -  - 10 38  - 31 51 23  - 25 61  7 47
 31 50 14 29 56 36 26 10 19 67  -  - 52  -  - 57 38 22 53  -  7 42  1  8 35 62 46 12 59 28 13  4 47 17  - 24  -  5 44 23  - 49 68 32 16 41  -  2 66 30 48 45 39 60  - 40  -  - 25  -  6 58 64  - 15 18 65  - 55  -
 47  -  -  4 48 37  2 20  - 18 59 45 68  -  - 39  1 52 22  9 32 50  - 11 38 60 23 54 41  -  - 67 55  5  -  7 43 49 40 16 26 36 27  - 33 12 44  - 21  - 53 24  - 65 25 34 13  -  - 15  - 30 51 62 19  -  3 17  -  8
  5 63 59 65 17 62 33  -  1 61 49 18 70 67 23 21 26 69 29  - 57 36 43 64 19  -  -  -  -  7 58 22 66 50  - 40 14 12  -  - 60 54  8 39  - 10 13  - 31 38  -  - 11 27 37  3  - 51  -  - 48 32  4 68 20  - 42 47 45 55
 60 21 34  8 18 57 32 25  - 36 64  - 41  -  - 38  3 68 23 65 26 43  - 44 37  2  - 24 16  -  - 14 54 56 27 48 69 66  -  - 53  6 67  5  1  - 70 40  - 63 22 10  7 58 62 52 15 20 17 45  - 29 11 50 12  9 31  -  - 28
 36  9 63 24 55  -  -  - 49 26 40 15 37  -  5 23 43 34 28  - 30 51 53 59 56  -  8 13 10 61 52  -  7 16  - 29 38 31 14 58 32 22 66 46  - 45  4  3 57 48 54 69 33 35 68 18 50 41 65 42  - 27 20 60 25  - 39 44 12 21
  - 25  -  - 43  - 70 34  6 41 58  -  - 56  - 54  5  1 47 15 63 24  -  9 21 22 45  - 28 42 20 57  - 62 53 59 12  3  7 60 55 50 51  -  - 65 19 18  - 66 39 33 17  - 46 11 30  - 10 27 16  - 32 48 40 38  - 13 36 68
  4  - 30 43 54  1 69  - 32 46 28 27 16 22 63  - 56 24  - 66  - 60 49  2 36 51  - 20 47  - 14 12 31  9 34  - 17  -  - 38  - 37 70 13 59 25  8 11 53  -  - 61  3 40  -  - 57  - 52  -  -  -  -  7 45 23 58 10 42 39
 16  - 52 37 61 60  - 14 30 23 46  - 69 66 51 48 21  - 63 70  3 22  -  - 29  8 17 42 13 64  - 28  4 45 40  - 47 33 31  5  -  -  6 35 18  - 32 57 12 49  - 38 65  - 27 24 11  9 44  -  2  - 36  -  - 20 62  - 68  7
  - 42  6 20 49  - 40  - 35 58  - 51 53  - 45 43  - 39  - 50 64  -  - 25  4 56 32 61 55  - 12 48 38 21 31 70 36 23 22  9 14  - 13 16  3  -  - 15  1  -  -  -  -  - 69  - 28 26 60  - 47 33  -  -  2  - 44 54 18 10
 29  6  4 12 24 47 30  - 53 22 33  9 63 32 27 50 44 51 36 56 49 62 48 21 61 67  5  7 68 25 38  -  - 46  - 18 26 64 52 14 35  2 41  -  - 59 20 31 39 55 37 23 43 10  - 16 70 66  1 60 34 45  - 17 28 19 54 69  3  -
  9  - 56  -  -  2 55 59 11 65 26  - 25  3 36 47 60  - 14 12  -  - 44 28  - 69 41  - 66  6  - 18 27 52  -  - 13  - 64 51 15 31 57 10  - 43  - 53 33 35 49  1  - 32  - 23 19 68 62 16  - 63  -  - 46 54  - 39 21 37
  - 14 12  7 63  5 38 41 20  - 54 62 51 17 24 58 64  - 25 19 59 13 40  - 46 57  2 31 36 44 61 66 22 27 67  - 30 50  6 69  3  - 53 18  8 32 48  9 60  - 16  - 55 68 26 49 23 29  - 39 15 65  - 11 10  - 70 56  - 45
 62 32 58 16 15 28  - 61 52 35  4  5  -  8 20  3  - 37 33  - 24 31  -  - 53 65 21 38 44 49 59  1 70 26  9 27  - 19 17 41 29 68 50 23 69  6 51 66 36 43 11 34 12 13 47  - 46 60 18 30 54 25  7  2 67 64  -  -  - 22
 57 33  - 40 52 42 56 18  8 63 44  2  -  5 64 27  - 14 50 36  - 16 54 47 43  - 48 25 53  -  - 39  - 34  - 60  - 62 67 20 28 51 65  7 21  -  - 12  - 24 35 41 31 15  3 46 29  - 58  4 66 10 22 23 13 17  - 11  6  9
 48 10 16 32  - 59 43 12 25  - 50 41 67 37 56  - 35 27 11  - 17 46 58  -  3  -  4 47 40  - 26 61  2 63  1  8 53 28  - 19  6 30 60  -  5  -  9 42 18  7 20  - 14 49 29 68  - 15  - 33 24 57  - 64 34 44 52 21 65 13
  - 49 40 63 45  -  9  5 51 57 32  - 66 58  2  -  - 41 67 34 29  - 27  - 30 31  -  8 64  - 25 26 52 39 56  3  - 42 70  - 61  -  - 11 46  -  - 65 59 13 36  - 69 38  -  -  6 44 28 54 12  -  - 37 53 55 14 62 33 16
 67 66 11  -  - 70 16 65 55 40  1 29  - 41 52 35 17  - 30  3  4  - 20 38 51 59 13  5  - 33 22 19 12  6 36 64 42 24  2  - 43  - 54 37 31  -  -  - 63 10 21  - 60  - 34 27 56  - 23 25 68  -  -  - 50 28 18  -  9 48
 15 13 47 14  2 68 53 51 45 43 42 10 18  9  3 64 41 12 27  - 54 32 38  - 55  7 65 16  -  -  - 23 62 44 17 50 49 34 48  - 37  - 52  - 61  - 39 26 11 58 29 40 25 33 22  -  1 24 30 21  - 69 67  -  8  5  -  - 28 63
 65 29  7 54 26 23  - 45 48 11  - 49 35 33 15 53  - 38  4 55 41 30  3 27 42 28 62 50 46  - 66 68 64  8  - 58 63 39 43 34 19 10 69 12 67  - 60 36 70 17 61  2 24 31 56 14  - 47  9 20 44 16 21 52 51  1 32 59 25  5
 40  5 27  - 25  - 68  1 38 39  - 36 42 48 18 59 28  - 46 47 16 70  9 22 26 66 61 17 21 60 11 52 34 10  - 49  7  - 32 53 13 29  -  -  4 50 54 56 15 12 65 19 57  6 64 62 35 45 20 43 41 44 37  8 24  3 33  - 23 14
 46  1 21 62 44 38 51  -  -  - 66  -  - 12 50 34 25 47 42 48 35 23 28 65 64  6 54 14 19 17  3 16 26 37 20  -  - 43  8 59 56  - 15  9  - 36 27 39 41 31  4 57  - 24 30  - 53  2 61  - 49 13  5 63 60 45  - 52 67 70
 56  - 36  - 59 55  - 44  7  8 13  - 34  4 21  6 37 26  1 23 25 41 10  - 33 42  -  - 50 47 54 65 32  -  3 14 39  - 20 35 31 53 61 45  2 27 11 51 17 67 43 15 46 18 66 60 49 52 70  5 29  -  9  - 63 12 64 28 30  -
  - 27 26 46 51 49 11 55 60 68 19 23 24  6 29 42 66  2  -  - 34  - 36  - 54 30 37 53 22 62 69 17 59 67  - 65 16 38  -  4 47 41  7 52 57 13 43  5 40 50 28 31  - 12 32 21 48 25 33 35  - 70  8 45 44 14  - 20  1  3
 19 57 46  - 39  -  - 50 70 66 41  3 65  - 25  9  - 45 49 28 69 37 21 62  6 55 12 58  4 18 31  5 33 53 52 47 29 60  1 13 16  -  - 27 23 56 15 32 10 44  -  -  - 30 17  7  - 36 63  8 20 42  - 14 35  - 61 67  - 34
  -  -  - 27  - 52  3 46 18 13 23 33 55 65 48  -  - 57 58 45 21  7 67  5  - 40 68  - 11 15 39 69  -  4  - 12  -  -  - 22 30 34 32 49 62  8 35 44 54  -  9 59  -  - 53  2 61 56 66  - 31 17 63 10  - 29  -  -  - 38
 55 17 25 50 66 51 20 21  - 28  5 19 60 43 57 31 27 10 41  6 14  - 39 36 68 34 26 56  9  1 42 30 35  - 15 13 59 16 69  -  - 63 48 54 12 49 52 38  2 53 46  - 29 70 33 47 62 58 11 65 22  3 18  -  - 40 37 23 61  -
 30  -  9 33 22 17 41 31 69  5 21 64 39 53 38  - 19 40  2 32 18 48 15 14 24 68  - 43  - 70 36  -  - 49 10 61  - 26 45 65  8  - 35 63 42 62  3 52 47  -  - 13 28  - 58  - 20  - 59 51 50 67 25 54 66  7 12  4  - 60
  - 54 33 66 20 43 23 22 46  4  - 42  9 11 62  - 16 63  -  5  -  - 29 68 58 36 39 52  - 24  - 15 53 28 38 57 64 30 51 18 10 19 14 21 34  3 59 37 13 56  7 47 44 41  6 31 69 49 40  -  8 35 60 65 17  -  1 26 48 50
 64 56 31 55 21  -  4 19 14 60  - 67 44  -  9  - 30 36 15 41  5 45  -  6 18 47 43 68 34 32 17  - 46  - 59  2 27  - 39 37 62  7 20 25 35 48  -  8 38 23 12 22  - 51 70  - 63 50 29 26  - 28 33 58 11 16 49 40 66 57
 26 38 42  6 13 48 47 57 34 33 15 32 62 23 37 28 50  -  5 31 39 69 60 55 40 14 24 59 58 68 30 25 63  2  - 52 66  - 35 54 46 61 18 70 27 22 56  1 67 16  8  - 41 20 45 44  9 12 51  -  - 19 65  3  7 21 11 53  - 17
 24  - 54 34  - 12  - 63 43  7 25 48 59 46 22 30 23 44 68 21 60 49 33  - 13 58 36  - 39 40 67  - 56  1 35 32  - 27 11  2 41 28 45 64 19 16 61  4  8  - 31 17 15 14 18 38  -  3 37 70 55 53 10 69  - 57 29 50  -  6
  - 67  - 26 65 30 49 66  - 25 27 52 64 14 32 69 20 60  - 68 31 28  - 10 23  - 57 45 62 19  - 54 42 58  -  6 34 11 56 21 70  - 36 44 51  1 22 48 16  8  3 12 61 37 15 53 47 43 39 40 63  - 59  -  -  4 55 35 24 29
 53 43 39  2 31  9 65  3 23  - 45 44 10 38 59 17 36 32 34 60 40 56 22 16  5 33 70 37  -  - 27  - 14 24  - 51 25 47 26 62  - 64 42  6  7 28  - 20 52  - 68 55 54  4 13  -  - 35  - 67 11  -  -  - 48 69 41  - 50  -
  8 64  - 60 33 21 15  9 17 54 51 61 12 45 14 36  - 42  -  - 19 68 35 46 16  4 66  3 48 11 28 44 41  7 47 25 70  -  -  - 22 55 30 59 29 20 65 50 34 69 23 67 58 56 43 10 26 18 13 52  1 40 57  - 38 49  5 27 62  -
 52 47  2  1  - 66  8 30  - 50  - 43  7  - 13  -  4 53  -  - 51 58 45 35 12 49  -  -  - 27 16 33 37 54 29 26  - 57 28  - 21 38  - 42 11 23 18 61 68  6 15 63 22 48 55 70 44 64 19 56  3 31  -  - 14 10  -  -  -  -
 69 34 10  3  -  4  - 47  5 49 68 20  -  -  - 70 61 50 17 16 45 18 62 53 22 41  - 27 63  -  - 58 39 30 25 38  - 35 57 44  -  - 28 15  6 42 33 19 46  -  -  - 52 59  9 12  -  1  7  - 37 26 54 36 43 24 13 64 31 56
 23 55 24  9 41  -  -  4 56  3  - 22 43 60  - 12 53 31  8  -  2  5 25 57 47 38 18 33 30 59 35 50 61 40  - 11 19 70 68 64  - 67 62  - 58 15 34 28 14  1 51  - 10 46  - 63 37 13 54 49  7  -  -  - 29 65 16  - 44 27
 68  - 64 56  - 33  -  - 65  - 16 53 50 26 61 13 51 43  - 22 52  - 34 18 15 63 44 70 24  3  8 49 60  -  -  - 58  6 62 36  2  - 10  - 38  9  -  7 23  -  1 37 27 39 59 17 25  4 46  - 40 20 41 12 55 32 48 31  5 66
 13 60 35 30 64 56 39  -  - 48 12 68  6 28  -  - 67  - 16  1 37  - 66 49 45 52 20 26 38 21  2 47  - 70 61 69 51 25 58 57  - 27  - 29 24  - 53  -  3 32 59 65  4  -  - 55 40  - 15 44 43  7 14 42 62  8 17 19 41 18
 21 30 28 59  8 65 12  - 10  2  - 26 38 64 53 37 48 13  7 52  -  3 42 54 62 50 16 46  5 41 63  - 69 18  - 31  4 58 55 61 67 44 11 43 49 66 47 45  -  - 25  - 34  1  - 51  - 23 35 14  9 68 40  -  -  -  - 29 19 15
 39  7 53 69 12 25 61  - 22 44 29 54  -  - 28 11  - 67 55  -  9 59  - 30  - 37 33  - 17 16  - 13  3 60 68  - 45 20 24 63 42 66  1  - 47 14 40 64 27 26 70  -  6  - 35 36 18  - 50 41 23 62  -  5 57 51 21 34 49  4
 25  -  3 47 19 44 48 58 36 51  - 63  - 18  7 33 42 35 56 67  - 14  5 13 17 45  6  -  -  - 50 21  - 61 28 30 46  - 27 24 68  -  - 69 10 60  1 16 32 64 52 66 49 54  2  9 38 37 57 55 62 59 23 41 70 43  - 15  - 65
  3 58  -  - 46 34  - 56  - 32 52  6  - 21 17  - 63 28  -  -  - 67 65  - 11 64  - 10 45 69 37 35 51 12  - 66 57 15 25 42  9 62 43 50  - 61  - 68 55  - 14 60 47 26 41 54 24 53  - 31 36 38  2 49  1 59  4 18 13 20
 63 24 68 48 37 11 27 40  -  - 36 66 58 69 54  8 49 64 32 17  - 47  - 60 28 35 15 29 70  - 34 51 50 41  -  9  -  2 16  1 33 43 19 56 39 52 23 46 65 22  - 42 38 53 67 25 59  - 31  3  4 21 44 20  6 62 45  7 26 61
 20 45 51  - 29 26  7 37  - 31 56 70  2  -  - 49 33  3 62 53  8 10  -  - 50 23 63 44 57  - 55 64 15 13 58 43  - 65  9 66 18 47  -  - 48 67 28  - 19 68 34 25  - 36  - 32 21 16 42 22 14 39  -  - 61  - 35  - 27 52
 43 12 18  - 60 29 46 54  - 53 17  - 23 25 58  - 34 20  6  -  - 64 24 52 67  3 38  - 49  -  -  7  9 59 70 45  1  - 10  - 44  -  4 31 36  2 14 47 51  - 50  - 62 22 11 30 55  -  - 63  - 61 69 40  - 35 26 66  8 33
  - 51  5 15 38 19  - 48  - 42 20  - 61 36 33 56 68 59 24 43 58 35  - 67 65 13  - 22 54 26 49 31  - 29  - 23 41 45 21 25  - 39 55  2 66 37  - 63 62 14  - 18 70  8 10 64  3 11 16  - 60 50 28 27 69 34  - 46 17 53
 14 44 57 68  - 20  - 38 26 24 69 56 29 30 41 19  -  - 13 61 36 53  - 32  9  - 52 63  6 65 18 40 17 22 62  - 60 10  5  -  - 12  -  - 28 58 45 35 50  - 64 54  - 25  8 42 33 48 43  7 70 47 49 16 39 46 66  -  - 59
  - 40 44 70  1 16 37  7 59 52 60 30 27 31 46 45 57 25 19 18 47 63  -  3  2 24 10 11 35 36  5  - 13 65 41  - 22 55 66 26 49  8 21 20 15 38 42  6 61 39  - 53  - 50  - 56  - 33 14  9 17  -  - 29 64 67 28 68 69  -
 38 59 66  - 57  -  -  -  -  - 70 58 28  -  - 65 47  5 64 35 43 40 13 15  -  - 25 69  7  8 23 60  1  -  - 63 52 37 49 50  -  3 26 33 56 53 55 21 24  -  - 46 51  2 48 67 31 61  4  -  - 11 62 39 30 22 20  9 32  -
 22  - 67 36 69 40 19 35 27 64 43 13 47  -  - 18  7 11 60 24 38 29 70  - 59  9  - 55 23 45 15 62 49 25 46 41 20 51  4  - 66 57 44 53 54 63 17 14 58 52  - 39  5 16 28 26 68 21 48  6 32  2  -  1 33 61 50 12 37 31
 51 48 62  - 10  3  1 43  - 59 57  - 32 44 30 24 14 70 20 27  -  6 12 61  7 54 50 19 69  2 53 38 18 15 13 28  - 52 47 17 11 45  -  8 60 35 26 55  -  9  5 49  - 66  - 29 58 67 36 46 33 34 16 56 21 63 23 42  - 41
  - 46  -  - 28 22 63 24 50 38  8 35  -  - 67 40 65  - 44 51  -  4 11 31 32 26 19  9  3 53 60 10 21 43  7  5  2  - 33  - 54 42 47 57 13 39 49 41 37 25 27 16 64  - 12 45 52 62 34 61 30  - 70  - 36 58  - 48 15 69
 70 35 49 61 53 64 62  8 67 17 18 50 14 19  4 25 12 16 10 54  1 55 32 45 48 15 42  2  - 63  - 56 24  - 22  - 33 36 29  3 39 52 34 40 20  7 57  -  - 47 44 21 26 69 51  5  - 30 38 58  - 41 46 28 37 31 27 65 60 23
 54 69  - 10 50 39 14 53 47 29  2  -  - 27 49 68 58 19 48 25 22  8 46 40 57 61  1 36  - 35 65 59 43 20  - 21  -  7 18  - 38 17 16 34 55  -  - 30  - 42 33 28 66  - 63  4  5 32 67 62 52  - 15 26 31 13  - 45 70 11
  1 62 38 21  7 58 13 33 40  - 14  - 11 50 26  - 18 17 51 49 12 61 57  - 60 29  - 66  - 52 41  - 48 31 65 42 28 46  3 67 36 24 63 22 53 44 25  - 45  - 47  9 56 64 19 15  4  5  -  - 35 54 27 55 68 70  6 43 16 32
 59 18 20 35  - 13 45  - 63  - 47 21 17 34 55 22  8  - 65 57  - 66  2 12 31  -  -  6  1 14  4 41 10  - 42  - 15 61  -  7 52 69  -  - 37 29 67 70 56 19  - 43  -  - 38  - 51 54  - 28 27 64 24 53 32 11 46 25 58 30
 42  2 55 31 32 46 10 26 24 19  7  -  - 70 12  - 29  4 39 63  - 54  - 50 25 44  9 21  - 43 40 37 68 57  8 56  6 17  - 33 64  -  - 38 14 51  5 34  - 60 45 62 53 47  1 28 67 22  - 23 69  - 35 15 18  - 36  3 11  -
  7 39 50 17 68  - 59 60 62 45 30 11 36 16 43 41  - 33  - 40 61 38  -  4  - 20 31 34  - 58 51 24  - 66  -  1 10  8 12 70 65 23  9 67 32 26  - 27 48 29 13 44  2 19  5  6 54  - 56 18 28 46 53 25 47 37 15  - 35 64
 66 11 15 18  6 27  -  -  - 62 35 47 46 55 31  -  - 65 43 26  -  2 19 33 20  - 34 40  -  9 57 45 29  -  - 37  3 69 59 12 17 48 64 24 22  4 36  -  5 41 63 50 16 21  7 13 39  - 53  1 61 23 68  -  - 25  8 58 56 51
 18 61  -  - 14  7 34 49  - 27  -  -  4 47 39 46 69  -  9 58 44 52 16 56 66  - 35 23  - 22 21 42 28 48  - 17 11 41  -  - 51 20  - 26 63 70  2 62 30 57 19  5  -  - 65  - 64 59  - 13 53 24  - 38  -  -  -  - 10 36
