3920
 62 11 52 61 59 31  7 10  - 70 44 25 33 20 41 26 66 43 68  -  - 56 42  2  - 28 47  - 65 35  - 55 60 34 18 27 38  9 17 13 14 30 53 23 32  -  6 39 49 51  - 69 64 57  -  -  5 54 16 29 58 37 67 15  8 36 45 40 63 48
 68  -  - 11 62 28 18 51  - 56 60 31  - 17  8 20 32 41 42 35  - 14 53 19 65 38 59 13 23 57 45  - 43 15 47 16 40 46 67 63  1  3 64 25  5  9 69 61  4 12 29 21  - 52 27 36 22 50 58  7  - 26  - 37 34 33 66 54 30 10
 49 45 56 21 48  5 37  - 67 17  - 61 19 23 10 18 42 26 52 39 66  - 34 44 32  1 65  7 14  -  -  6 33 59 40  -  - 28 69 50  - 27 15 41  - 63 46 58 43 24  8 20 16 35 11 13 47 53 57 30 70  - 51 25 68 22 29 36  - 60
  -  - 62 57 51 25 40  - 14  2 67 35  3 36  7  -  -  8 56 59 26 13 24  -  9  - 34  6 53 69  - 66 46 50 12 70 49 16 64 18 21  1  4 52  - 44 58 45 68 32  - 15 39 30 33 10 37  5 55  - 61 28  - 29 17 63  - 31 43  -
  -  2  5 59  7 46 42 44 64 55  - 65 52 48 69  - 34  - 66 29 54  - 58 24  -  4 53 17 13 38 23 20 21  - 49  1  3  -  - 45  - 18 68 51 11 60 16 10 67 40  9 31 30 28  - 19  - 35 41 25  - 22 12 14  - 47  - 43 26 32
 61 42 29 47  - 58 52 17 35  - 68 56 32  -  - 22  7 44 16 53 25 21 46 43 27 70 31 66 59 67 57  - 45 65 20  -  -  1  -  6  - 33  2  3 41 62 19 38 34 60 13 40 54 10 69  8 64 30  5 37 49 50  - 55  9 23 51 18 36 14
 46 69 50 58 36 19 30 31  - 67  8  1 18  -  - 70 62 33  - 34 16 40 12 27  - 52  - 28 66 25  -  7 44 53  -  - 24  5  - 54 10  9  - 20  - 32 39 29 57  - 68 56  - 63 23 64 43 55 61  -  6 11 14 45 21 41 35 47 65 17
 21 43 69 44  6 53  9 39  - 51 41 64 10 55 63 31 68 13 37  - 45 61  1 54  -  -  7 70 17  - 62 33 42 60  - 57 30 12 59 14  8 56 48 11  - 58 49 66 23  - 27 34  -  -  - 40 38 28 29 65 18  2 35 20 16 32 36 46 47 15
 43 63  3 50 21 47  - 37  - 15  2 12 14 70 28 24  9 56 45  - 51 35  4 49 22 48  - 38  - 23 40 42  - 20  - 61 62 30 41 57 33  -  1  - 16 59  5 27 32 67  -  7 55 53 10 17 52 31 66 58 26 64 44 39 11 13 46  - 25 69
  9  7 59 10 12 43  -  - 22 18 48 21 35 63 11  - 19  5 49 40 15 60 56  - 23 64 45 32 51  8 66  - 50 57 36 26 29 53 62  1 61  - 55 58  -  - 27 52  - 68 65  - 17 42 39  2 20 24  6 47 33  -  3 28 31 44  - 25  4 67
 63 29 44  - 53 66 64 40 32  - 52 47  8 15 55 19 57  - 28  - 31  - 20 33  -  5  - 14 70 68 22 45 56 58 11 23 18  -  -  2  - 12 49  - 61  -  - 59 41  6  - 30 34  1  -  -  3 46  - 36  9 35  - 65  4 24 48 17  -  -
  - 56 54  - 55  - 41  7 47 30 20 59 60 67  - 43 26 34 65 61 27 19 16  - 48  - 69 40  -  - 37 29  - 49  -  5 25  - 58 33  - 57 45 62  - 14 28  - 46 53 23 68  4 44  - 42  8 36 52 32 50  -  2 38 70 21 31 66  1 63
 23  5 10 55 38 32  8  -  -  -  - 57  - 16  - 29  -  -  - 63 30 24 43 20 12  - 51 54 37  - 26 52  3 14  6 66 35 33 18 64  - 47  - 49 62 39  - 22 61 15  -  - 46 60 45  9 25  -  - 56 21  1  7  -  - 40 70 58 19  -
 65  9 17 60 63 38 13  8  4 47 36 49 58 50 34 30 67 42 32 15  - 62 54 52  1  - 28 18 33  - 10 51 27 31 23 45  -  - 29 59  3 25 35 43  - 46  -  -  5 57 56 48 20 41 26 69  - 40 37 16 66  7 64  6 24  2 22 11 61 21
 41 40 68  1 30  - 59 21 62 12 15  -  - 60  9 39  - 48  - 22  - 25 23 65  - 26 18 35 63 50 16 57 66  - 28 10  - 69  -  - 24  - 52  -  -  8  - 34  7 11  -  3 37 36 32 29 31 64 38 45 67 49 54 47 56 70 43  - 51  -
  - 27  -  - 17 26 45 14  - 60  9  - 15 53 54 13  -  - 36 56 52 11 37  3 33 23  - 58 41  4 55 38 49 61 69  - 47 21  6 16 22 28 70  - 24 35 48 44  8  1 20 63 31 64  5 62  - 29  -  - 34 25 43 10  7 42 59 12  - 46
  - 39 25  -  - 52 12 18  7 48 35  3  - 10 44 36  - 69 54  - 21  8 55  6 68  - 29 15 27 61 51 37 59 22 56 64  -  -  9 17 53 24 38 66 65 16 41 57 11 30 70 13 47 31 63 49 45  - 42 40 28  -  - 19 32  - 14 62  5 20
 11 19 47 43  5 50  -  - 21  - 29 63 27 66 37 55  4 60  6 49  9 28 38 70  2 36 20 53 69  - 42 25  7  1 67  3 39  - 13 40 18  - 61 24 15 10 33  - 16  - 30 65 57  - 14 44 26 12 46  -  - 17 59 56 35 34  8 32  -  -
  -  - 20  - 28 49 48  - 69 43 30 55 63 14 32  -  -  2 35  - 67 41 66  - 42 13  - 24 54 40 56  3 36  - 44 60  - 52  - 11  -  - 10 38 33 47 70  - 15 59 61  9  - 23  4 22  - 34  -  5  - 29 39 50  1 51 25  6 46 18
  -  -  9 36  2 64 50  - 70 52  - 68 61 44 58 63 18 49 22  - 59 33 27 45  - 40 48 51 60 37 14 65  - 67  1 42 69 62 12  7 56  - 34 57 28 15  3 47 55 31 46 23  - 32 35 39 53  - 17 21  8 66 11  -  5 10 54  4 20  6
 64 50 38 52  1  - 39 70  - 23  - 29 37 42  - 57 43 31 33 28 49  4 18  -  8 30 16 36  9 15 27  - 14 17  - 20 19 55  -  - 47  - 46 44 59 34  - 41 48 66  -  6 40  2 62 32 11  7  - 54  5 69 26 13 53 67  - 24 68  -
 31 30 12 38 46  1 17  - 60 68 27 42 55  -  - 10  3 18  - 57 50 45 11 34 37 19 54  2  6 44  - 53 58  -  - 36 63 56  8  9  7  - 23  - 51 49 24 14 26 28 69  -  - 62 61  -  - 32 22 20  - 67  5 52 43 16 33 15 70 41
  - 47 14  4  -  - 46  -  9 45 49  - 57 30 22  - 54 70 21  -  5 53 26  - 66 15  - 61 24 58 33 60 39 43  - 68 10 64 56 55  2 67  6 13 25 19 51  -  - 35  3  -  - 40 31 16 48 44 23 11  - 32 62 34 41  - 17  -  -  8
  - 13 11 48 54 17 16 61 34  - 65 23  7  8 51 60 50  -  4  - 32  - 41 62  - 66 33 52 25 19 67 31  1 42 43  - 57 47 45  - 44 26 24  2 55 53 59  - 63  9  - 12 22 49 15 20 28 56  3  - 46 58 36  -  6 37 68  - 29 39
  6  - 19 66 32 12  - 49 59 22 24  8 26  5 16 15 44 25  - 46 20 29 10 64  - 21 62 55 50 65 39 48  -  -  2 53  - 70 61 31 63 51 43 36 47 23 17  -  -  - 67  1  -  -  9 56 41  - 30 52  - 57 40 27 54 58 13 35  - 38
  -  -  8 14 34  3 51 48 63  - 10 33 66  - 36  - 20 38  - 24 57  -  - 13 18 55 15  4 46 12 70  - 65  - 25 43 23  - 19 52 35  - 27 59 22 54 62  - 47 41  2 26 28 68 29 11  1 45  - 69  7 30 16  - 42 17 39 56 53 49
 54  - 60 29 22 39 19 11 18 50 17 15 70  - 65 34  -  - 26 37  - 44  - 69 41 27  - 42  - 13 63 47 38  -  - 33  9 35 10 53  - 43 21  5  -  1 40  -  2 16 62  4  -  - 20 59 61 57 64 46 55 23 49 36 58 66 32  7 48  -
 56 61  - 26 47 48 29  5  -  -  4  2  6 69 30 46 64 10 24 21  - 32  - 40 13 63  8 16 20 43 34 28  9 44 60 49 22 27 11 19 59  -  3  7 67 57 15 37 65 17 54  - 45 50 58  - 33 23 12  - 53 70 31 68 25 18 55  -  - 52
 18  - 51 56  3  - 24 68 41 33  -  -  9 43 66 16 11 59 70 65 55  - 63 14 17  7  - 19 47 49 35  - 25 37 38 67  - 15 26  - 20 53 58 34 36  -  -  5  - 45 28 32 10 27  -  6 44 52  - 64 23  - 61 60  - 46 30 22  - 42
 66  4 31  9 24  - 63  -  - 39 18 10 59 12  2  -  - 28  5 47 65 70  - 51  - 20 23 50 16 56 48 49 68 11 57 17 43  - 36 44 58  6 25  1  -  7 34 13  - 19 45  - 61  - 55 41  - 14 35 22 27 40 69  - 26 53 21 42 15 33
 57 44  - 12 66 27 28  - 11 62 70 52 16  - 33 47 22 37  2 25 69  - 36 50 54  - 10 49 32  3  - 19 13  - 45 35  - 29 24 61 26 42 17 14 56 68 60 51 20  - 15 67  8 59  6 43  9 18  7  1  4 63 55 64 39 48 34  - 58 65
 45 20 57 49 29 44  4  2  6 24  7 37 23 21 39 52 70 46 67  -  - 51 60 22 56  -  1 31 68  -  - 50 15  -  -  - 17 41  5 43 69 64 42 10  - 27 47 65 25 14 16  - 26  - 12 63 30  -  8 55 35 38 33 18 36 54 40 19  9 34
  5 25 34 68 44  - 62 63 23 10 21  - 13  4 57 11 36 30  8 52  - 64 15 61 38  -  9 29  1 31 60 41  6  - 17 46 66  - 49 56  - 70 28  -  7 45 12 54 27  - 55  - 48 22 67 14 18  2 20 50 69 59  - 35 33  3 65 16 32 19
 39  - 27 32  -  - 25 33 44 53 66  - 24  - 62  - 65  - 13 20 47 23  - 57 46 45 38  9 49  7 36  - 16 41 48 37 55  2 63  -  - 14  - 29  - 18  - 31 59  5  - 70 21 34 43 26 17  8  1 51 56  3 30  - 10 12 58 64 69 28
 67 23 64 53 40 15 57 26 28 34 16 43  2  - 25  - 46  6  -  - 18 20 19 37 29 69 55 68 39 22 32 21 17 30  5 38 11  4 47 70 65 50 54 12  8  -  - 49 24 61  1 45  - 13 66 35 58 10  -  -  - 52 48 44 51  - 62 60 31  -
 37 28 18 63 50 22  5 64  -  -  1 38 45 61 17 48 69  -  -  - 35  - 59 53 40  - 46 67 26 36  6  - 47  -  7 44 14 43 30 12 19 29 51  - 21 42 55  4 56 20 34 24  - 16 13 70 15 62 25 60 39 31 58 33 27  - 23 10 52  -
  - 33  6 31 58  4 22 62 40  9  - 48 68  - 19  8 51 23 60  -  3 59 39 41 43 14 57 20 64 52 69 67 55 36 42 18 70  -  1  -  - 11  - 30 26 65  - 25 54  - 63 35  - 15  -  5 12 61 44 17  - 45 56 21 47  - 28 50 24  7
 26 64  - 70  -  - 60  4  - 27  - 14  -  7 67 41 25 47 30 42 19 49  2 32 35  -  - 23 57 18 29 13 51 62 68 40 15 20 44  -  -  - 31 50 52 17 56 36  -  -  - 61  6  3 24 34 46  - 28 48 59 10  - 43 45 39 63  9 33 11
 52 60 33  -  9  8 54 22 12 58 34 45 11 46  -  7 38 61 17 32  6 27 67 55 10 39  -  5 43  - 59 70  2 21  -  - 50  - 35  - 42  - 14  -  1 30 29 68 13 49 47 51 18  -  - 23 62 25 31 26 16 36 41 69 28 15  - 20 44  -
 24 34 53 20 27 13  -  - 56  -  - 70 51 38 47 68 16 35 25 17  8 52 30  5 36 18 60  1 15 48  2 23 69  - 41 39 54  - 14  3 28  - 67 65  6 40  - 63 58 29  -  - 12 45 42 46  7  - 11  - 22  9 50  4 59 57 64  - 66 62
  - 52  -  - 37  -  2 56 31 46 28 18 22  9 14 64  5  - 47 68 44  - 21 66  7  -  - 10  3  - 65 54  - 35 59 24 61  - 55  8 40  -  - 70 29 36  1 30  - 42 17 58  -  -  -  -  4  -  - 13 38 53 27 12  - 20 67 49 11  -
 60 24 13 27  -  - 56  - 26  - 54  9  - 62 70 65  - 52 39 38  7 34 69 10  - 61 50 12  4  1 28  -  - 51 35 55  - 17  - 37  5 31 22  - 14 48 11 16 64 25 18 19 44 43 40  -  6  - 63  2  - 20  8 23 15 30  3  - 42 59
  7 41 32 13 25  9  - 43 17 65  - 24  5  3  - 66  1  -  - 33 37 68 51 39 26  - 64 27  -  - 58 36 61 63 70 14 42 45  2 67 48 60 56 35 54 52  - 28 53 38  -  -  - 46 18 21 55  6 49 44 11 15 23 40 29 69 20  - 16 47
  - 38  -  - 67 34 58 30 55 11  6 40 12 57  - 49  - 39  - 31 17 65 45 59  - 33 44 64 21 70 18 62 54  2  -  4 51  3 20 23  - 63  9 46 60  -  - 42 69  -  -  -  - 29 56 68  -  1 24 41  - 47 52 32 50 19 37  8  - 25
  -  -  7 62  -  - 49 36 19 54 22 51 21 26  - 14 47 17 18  9 56 42 35  8  -  6 30 65  5 63 44  - 52 45  - 11  - 31  - 34 41 66 57 40 39 55 25 50  - 33 64 27 38 58  - 48 69  - 53 23 10 13 15  1  - 68 61 29 60 43
 58 10  - 40 60 30 67  - 54 61 26 27 56 18 45 44 15  7 53 69 12  5 64  9 24 35 21 25  - 51 49 11 32 16 34 50 31  8 23  - 66  - 47 68 63  - 13 46 29  -  - 41  1  - 36 38 65 22  2 33  3  6  - 17 19  -  4  -  -  -
 33 26 46 18 13 10 43 60 53 21 69 16  1 29  5 25 14  3 61 23  -  - 22 68 30 49 41 56 42  -  4 15 48 32 54  - 34  -  -  -  9  - 40 67 57 24  7  8 36 70  -  - 35 39 47 58 50 66 45 62 52 51 37  2 63  -  6  - 28 12
 35 57 43 33 15 23 53 52  -  - 63 58 48 28 27  - 55 54 46  1 39  -  3 21 51  8 36  - 40  -  7 14 11 47 31 25 41 68 42  - 13 32  - 64 70 66 18  2 50 26 49  5  9 56 17 30 10 16  -  - 24 65 22 62 12 60 44  - 67 61
 10 15  - 41 49 62 44  - 16 28 11 36 30 54 20 59 53 55 29 13  -  3 70  4 63 25 58 48  - 26 52  - 22 24 51  - 64 18  - 60 67 61  8 27 66  5 42 33  1 23 40 47 32  7 34 12 56 21 69 39  - 68 45  9 46  6  2 57 38 35
  - 66 67 22 31 36  1 38 49  6 25 28 41 24 40 32 52 20 27  - 61  - 29 30 11 34  2  - 56 14  8 64  4  5 55  -  - 19 53 69 23 46 12 21 35  - 37 17 10 63 50 54 58  -  -  7  -  - 18 57  -  - 65 26 62 43 15  -  - 45
 16  1 42 54 14  -  - 34 50 41 53 20 29  -  - 45 31 11  - 67 58 46 33 12  -  2  5 43  8 27  9 59 35  -  - 62 32 44 25  - 60 15 69 61 23 64 65  - 66  4 26 39 36 19 52 55 49 17  - 70 37 18 13 30 40  7  - 28  - 57
  - 17 28  -  8  - 26  - 46 31 51 30 44 13  6 35  - 36  - 41 34 37  5  1  - 24 42 69  - 64 50  2 20 23 16  7  - 57 40 15 70 65 39 47 49 56 66 55 18 62  - 60 29 38 53 33 21 58  -  9 32 48 68 61  3 14 10 45 22 27
 36 51  -  7  - 56  -  - 15  - 32 60 54 58 23 37 28  - 48  - 29  6 65 25 20 46 61 34 22  5 17  - 67 52 66 47 59 63 27 41 39 62  - 53  2 31  - 26  3 64 10  - 68  8  - 24 42 38  9  - 43 55 19 11 14 35 18 13 40  1
 44 49  -  8 65 51 20 45  - 40  - 34 43 33  1  3 41 14 12 55  - 50 32 38 25  -  - 11  -  - 47  - 62  - 29  6  - 48 15  - 17  4 13 16 68  - 35 24 31 18 39 46  5 66 19  - 36 70 21 63 64 54  9  -  -  - 42 23  7  -
  - 36  - 15 68 41 14 58 25  1 55  - 47 51 53  9 35 62  -  - 23  - 48 28 57  - 43 60 34 16 64 69  8  - 21 52 46 66 65  - 50 54  5 19 12 26 44  - 17 39 42  2 67 70  7 45 27 59 32  6 40 61 18 31 20  4 56 33 13 24
  - 67 55  - 64  - 10 15 51  5  - 13 31  - 52 54 24 16  - 44  1  -  - 18 49  -  - 22 36 11 12 26 53 69 30 56  6 61  - 32 62 58  7  8 17 37 23  - 45  - 48 25  -  - 21  3  - 42 19 59 14 33 28 66 38 27 41  2 34  -
  3 53  - 39  - 68 11  - 36 57 19  6 69 34 18 28  - 15 50  8 38 63  7  - 58 32 49 41 67 10 24 27  - 26 62  -  - 51  - 47 25  - 37  - 44 20 31  9 21 55 33 66 23 65  2 54  -  4 14  - 30  - 46 16 64  1 60  - 17 70
  - 35  - 69 61 14 27 53 42  8  3 62 64  - 68 40  - 63 44 43 41 66 31  - 52 17 24  -  2 46 38  - 57  4  - 59 65 22 33 28 54  7 30  - 50 67 10 20 51 34  6  - 56  9 60 37 70 15 47 12  - 16 32 58  -  - 26 21  - 36
 13  - 16  - 18  7  6  - 65  4 14 26 53 27 21  2 29 45 57 58 33 43 44 36 15  - 66 63 55 34 61 30 40  8 10  9  5 54 51 38 46 20 41 22  - 50 52  - 60 47 24 49 59 25 28 31 32 67 56 42  - 39  -  3 48  -  - 37 35 64
  - 48 24 37 41 33 21 59 20 32 45 69 34  - 46 61  2 40  7  6  4 58 62 47 39 10 25  - 44 42  -  1  -  - 63 54  -  -  - 22  - 68  - 28 43 11 14 70  - 13  - 16 49 17  - 27 19  -  -  - 29 60 57  8 55 56 53 67  - 23
 38 62 39  - 23  -  - 27 66  - 42 19 50  - 31 51 21  -  1 36 60 67 57 26  - 56 17 33 28  6  - 58  5 46  - 12  -  7 54 65 11 69 18  9 34  2 53 35  -  8  4 43 24  - 64 25 13 41  - 15 20 14  - 48 37 61 16 70  - 30
  -  -  1 16  -  -  - 47 61 13 43  -  -  - 56 33  - 66 64 48  - 18  -  7  - 42 14 39 30 29 25  9 23  - 65 41 20 11 21 36  -  8 26 63  - 12  -  -  6  -  -  - 62  - 49 52 67 69 60 24 45 46 70 57  - 55 27 51  2  -
 55  - 40 30 56  - 33  - 58 26 50  - 20 65 38  1 45 19  9 70 63 36 61  -  6  - 11 46 62 39 13 35 34 25 27 21  - 10 16  - 57 52 32 15  - 41 67 64 37  - 59 18 60 12 54 28 68 49 43 53 31 44  -  - 22  5 69 14 23  2
 20 22 58 46 10 65 55 16 57  -  - 67 40 32 13  - 17  1  -  5 68 15 47 60 44  - 56 59 38 53 31 34 63 12 61 69  - 23 39 51  -  2 33  -  9 70 45 11 35 36 25  8  3  - 30 18 29 27  - 14 41 19  4  7 52 28 49 48  - 37
 27 59  2 51 11 16 36 55 52  - 40 39 65 45  - 17 37  9  -  4 43  - 25 56 67 57 35  -  7 32 20 18 30 70 46 28 60 38 34 62 29 49 63 31 13  3 64 23 12  - 58 44 15  - 48 47  - 68  - 61 19 41 53 24 66  -  - 69  6  5
 51 58  4 24 57 60  -  6 33  - 23 44 28  - 35 67 61 21 34 19 36 12 40 46 53 16 52 62  - 47  - 17  - 54  -  8  - 26 70 30 37 48 20 39 42 38  9  7 14 65 32  - 66 18 41 15  2 11 68 10 63 27 25 49  - 45  5  1  - 22
 42  -  - 45 39 18 68 67 13 35  5 41 25  - 60  - 27  - 69 62 46  2  - 11 16 29  - 47 58  - 54 12  - 56 33  -  7 14 66  - 32  -  - 48  - 43 57  1 38  - 52  - 50 21  - 61 34 20  -  - 51  8 10 63 30 64  - 65 55  -
  1 46 49  - 42  2 15 24 48 20 39 32 62 22  -  - 33 29  - 51 64  7 13 63 14  - 68  - 61 41 11 16 10 27 58  - 67 65 50 35  -  - 44  -  - 21 38 56 19 37 31 52 69 54  3 53 23  - 70 28 25 43 66 59 57  8 47  - 45  -
 19 54 45 25 52 70 35 28  3 36  - 17 39 41  - 12  - 53 23 18  - 16 49  - 69 62 63 57 31 21  1 44  - 64  9 58  -  6 68 66 55 10 11 32  -  - 22 60 33  2 51  - 43 14 38  -  -  - 27  8 15  - 34 46 65 29  7 30 37  -
 59 18 61 28 69 21 66 35 43 25 64 46 17 47 26  -  8 58 19 14 62  9 50 23 34  - 27  - 12  - 41 10 70 13  - 51 68 42  - 29 30 55 65  - 45  6 20 32  - 56  7  -  2 11  -  4 16 39  - 67 36  -  - 22 49 31 52 63 54  -
