3920
 55 39 37  - 43  - 35 66  -  -  -  7 47  -  - 17  -  - 12  5 29 33 30  - 13 56  2 49 11 31 64 46  -  3 28 22 59 63 24  - 65 44 69  1  4 15 38 67 62 48 54 25 52 27 41 19  9  8 26 18  6 60  - 23 34 53 20 58 16 10
 70 28  - 39 22  - 42 56 63  - 26 64  9 19 51 15 50 58 29  - 46 36 11 62 14 27 47 24  -  -  6 20  - 13 10  8 12 69 67 41 44 16 61 43 38 53  5  - 37 52  7 18 40 33  - 35  1  - 25 30 48 65 66  4 23 60  -  2  3  -
 54 49  - 37 66 31  4 36 50 20 48 59 40  - 33 30 53 47 62 17  - 21  2 52 18 28 60 64  - 58  3 13  1 34 42 16 67 29  -  5 51 14 32 22 12 70 27  7 65 11  8 38 43 45 68 56 61 46  -  - 57  - 39 19 15 26 10 23  6 44
 50 30  2 14 27 69  8  -  - 62 36  - 13 51 38 42 56 32 52 33 65  - 34 46 28 21  -  7 40 41 17  5 60 39 18  1 45 61  - 43 68  6 16  - 20 58  - 48 25 12 67  3  - 11 19 10 31 54 15 66 26  4 22  - 57 35 29 37 55 64
 25 64  - 60 63 27  -  - 52 22 41 69  8 56 32 28 19 65 53 44  - 29 18 14 37 46 67 13 17  4 24  - 51 31  - 26 30 20  -  6  1 61  - 21  3 39 48 54  - 62 66 23 47 10 42 49 57 68 50  - 11 33 36  -  - 55  2 45 12 70
 65 21 20  - 28  - 36 63  - 51 11 40 39 57 10  5 22  3  - 59 48 38 64 70 62  -  - 41  -  - 46 16 56 45  - 55 26 24 14 52  -  - 50 12 47 34 15 19 44 27 42 43  -  9 29 61  4  - 33 54 13 18  7 66  - 17 37 30  -  1
 41 17 44 47 23  - 60  4  - 55 58 14 32 11 48 51 27 13  -  3 21 28 16 38  - 45  -  - 19 52  5 50 69  8 49 35 53 66 61 34 70 62 56 33 68 18  9 65  1 64  - 10  - 30  -  -  - 37 57  7  - 25  - 22 63  6 67 42  2  -
  - 66 41 45 14  4 70 25 68 29 16 67 49 62  - 18 13 64  - 35 27 15 37 60 57 55 11 53 10  -  - 56  - 50 51 30 44 22 54  - 34  5 65 69 24 47  3 12 42 21 23 36 28  - 33 52  2  9  7 32 19  8 31 61 40 43 58  6 38  -
 56 69  - 18  - 65 68  5 25  - 12  - 19 20 60  - 57 43 66  2 44 49 41 48  -  - 32 35 58  - 52 63 54 10  8 37  -  6 17  - 50 39  4 42 31 45 46 70  - 53 11 34  -  - 51 40 67 26  - 55 21 24 28 29  - 59 64  9  -  7
 15  5 13 40 48  1 10  8 49 44 27 61  4  - 35  - 69 66 33  - 47 19  9  2 17 18  - 59 24 57 11 64 31 56 70 65 63 42 16 37 23 45 62 67  - 51 21 46 22  - 52 28  6 32 39 41  3 43 12 29 55 30 58 50  7  - 36 68 60 20
 43 27  - 42 65 60 17  -  - 64 38 56 29 18  -  - 59 67 35  - 58  - 25 55  - 66 16 68 23  - 15 19 34  - 33 31 70 39 44 36 32 46 54 13  9  - 22 49  - 20  - 26  - 53  8 45 41  - 21  5  - 28  -  1 12 63 61 50 47 30
 48  - 54 51 39 41 52 58 23 57 43 30 18  8 11  -  5  - 67 19 17  9  - 63  - 61  6 26 25 36 44 65 66  - 32 27 46  - 38 35 24 40 28 47 62 12  - 33  - 56 59 31 49 34  1  - 15 21  -  2  - 10  3 69  -  4 22 70 68 53
 63  - 68 65  -  - 34 46 37  - 35 44 70 21 49  1  -  -  - 56 38 51 13 40  3 50 30 12 16 61 22  -  - 69 19  9 36 47  -  - 55 17  - 62 39 10 26 41  5 25 60 66  2 48 27 58  - 33 28 14  - 64  - 53 59 18 24 43 52  6
 27 26 17 30 45 50  5 16 21  - 51 33 44 66  - 23  1  6 69 54  - 11 46 42 35 62 13 58 18  - 56 61  3 53  -  -  - 41  - 65 31  -  - 37 22  -  7  -  8  4 40 29 15 38  -  -  - 34 47 25  -  - 64  -  - 10 14 19 43 67
 24  4 47  - 13 18 40  -  - 49 31  2 57 64  - 45  - 38 22 10  6 65  7  - 27 23 12  - 14 26 69 48  - 36 29 56 25 11  - 59 62 32  - 46 43  - 52 28  - 39  5 63 37  8 30  3 34  - 44  - 42 16 35 21 17 66 19 41  9 51
 49 45  8 56 69  6 38 21 64  - 63  -  - 67 22 32 43 10 14 29 19 52 23 59 41 35 36 46  4  - 47 70  - 24 15 68  -  -  1 27  -  7 53 25 42 44 66  - 11 18  - 33  3 17 48 16  - 40 31 51 34 61 30 26  2 65 60 20 39 62
 32  - 27 55 41 43 19 51  8 46 65  - 17 22 53 48 63 23 68 36  9 30 58 35 25 15 10 21  - 60 37 49 12  - 52  -  - 45  3 28 13  -  2  7 57  - 70  -  - 24 64 39 69 42 38 50 40 66  -  -  - 59  6 56 31 62 11 47  - 14
 52  - 29  -  5 30 49  2  - 16  -  - 58 27  9  8 20  - 51  7  - 14 56  - 54  - 21  1  - 50 38 45  -  6 13  - 66 36 26 67 43 19 34 48 32 40 35 23 41 61  - 59 11 55 46 39  - 24 10 60 53 63 12 68 70 31 57 33 62 47
 10  - 31  - 55 44 61 28  - 38 50 58 23 54  - 63 32 56  - 27 30  7  - 36 46 12 35 39 62 34  - 41 14  - 65 53 43 40  - 66 57  3  1  8 33 19 51 16  -  6  - 20  -  - 60  - 49  - 67 68 52 70  -  -  - 22 26  - 42 25
 62 35 61 38 15  -  - 10 43 36  - 28 30  - 13  - 48 20 24 53 37  8 67 56  -  - 42 18 45  - 19 31 49  5  1 41 33 58 40 51 39 27  -  2 50  4 60 64  3 63 68  7  -  - 47 22 21 44 14  -  - 12  - 16 65 32 54  - 70 26
  -  6 65 62  - 61 29 49  - 68 14 53 10 31 25  - 47 50 43  - 60 34  - 33 15  - 39  5 69 17 12  3 27  2 45  - 57 67  - 26 28  - 58 54 55 35 16 22 70  8  9  -  - 52 20  - 37  - 63 41 40 66 46  - 44 51  - 18  7 56
 23 24 12 10 68 22 27 67 66 65  -  - 52 61 16 21  - 60  9 20 34 63 69  -  5  3  -  -  1 40 32 33 28 64 11  - 35  -  -  - 46  -  -  -  - 17 18 43 54 37  2 53  - 58 55 25 50 38 19  - 45 39 41  8 48 15  4 62 57 49
  2 47 38  - 58 36 69 50 20 48 17 70 43 10 55  - 23  - 15 31  - 26 19 22  -  7  - 28  3  - 16  - 42 60  - 54  -  - 33  -  5 63  - 30 46 59 53  -  -  9  4  1 65 37 34  -  -  - 68 40 35 13 56 51 14 11  8 49 25 12
 20 44 43 36 59 21 45 69 35 70 28 50  -  5 17  -  4 68 41 60 55 62 61 27  -  - 37 52 26 46  8  7 22 67  - 33 49 10 63  -  - 65  -  -  2 57  - 39  -  - 58 11 34 56  - 14  - 16 51 23  1  - 42  - 25 13  3 12  -  -
 36 48 30  -  - 19 54  -  1 58 61 31  7  - 21 56  2  - 13 55 52 42 49  -  -  - 68 45 35 32 53  - 33 25 17 62 64  4 50  - 10 60 41  - 66  - 34 37 51 46  -  8  5 63 26 12 38  - 18  6 65 11 23 43 29 69 39  -  -  -
  -  1 18  - 60 37  - 43  -  2 29 62 56  -  7 19  - 31  -  4 33 25 38 16 59 36 57 66 64  - 30  -  -  -  - 10 34  9 49 24 58 20 15 61  - 54  - 13  - 47 51 35 63 46  5 70  - 45 32 48  - 26 44 12 11 21 52  8 41 69
  - 13 42  - 46  - 44  -  9 18 15 10 64 14 52  6 40  -  1 70  - 50  - 43 65  5  - 55 33 56 26 12  - 57  2 67 31 19  -  - 21 69 48 58  8 27  4 60 53 51 36 54  -  -  - 62 16 39 66  - 30 32 11 17 61 37 49  - 34 38
 33 52 69 34 70  3  9 11  - 63  6  - 26 40  -  2 29  -  -  - 54 68 66 24 60 20 31 50 12 30 10  - 44 62  -  - 17 28 15  - 36 22 13 19 51 25  - 58 16 57 39 49 18 41 32 53  8  7 55  - 59 37  -  5 35 61 45  4 67 27
 18  8 35 53 67 47  - 33 60  - 45 24  -  7  - 13 42 57  - 23 70 48 50 65 58 38 15 32 34  - 28 62  - 63  - 11 55 30  - 68 61 49 40 44  - 22 19 56 26  1  -  2 25 14  6 27 43 20 69  - 66 51  - 36  5 41  9 46 64  -
 37 18 64 26 47 38 32 52 27 50  1 17 51  4 42 58 31 25 70 13  3 24 40  -  9 39 44 57 15  - 54 55 30 49  - 19  - 53  - 14 41  2 45 28  6 16 36  5 59 68 61 56 21 43 67 34 22 23  - 46 10 62  -  7 33 12 66  -  - 29
 14  - 25 43 56 51 62 20 67 45 47 46 22 23 34 41 28 19 36 58  - 59  3 31 61 33 69 44 53 35  1  4 32 26 21  2  - 27 18 50  6 48 37 11 65 42 17 29  - 13  - 16 66 40  - 60 30 63 52 57 24 55  - 49 39  9  7 64  -  8
 31 68  1  8 29 54 21  9  7 43 20 51  2  -  6  4 37 34 10  -  - 67 44 57 70 49  -  - 66 14 36 60  - 65  3 12 52 46 28 38 25 11 39 41 58 56 62  - 40 26 55  - 61 16 63 33 47 18 22 35  5 48 59 45 64 42 17 27 30  -
 64  9 46 29 36 62 22  - 33 17 18 60  1 26  - 55 34 49 58 37 40  - 27  -  - 68 56 47 28 59  -  8 45 21  6 57 16 31  -  2 53 24 66  - 10 48 54 30 35 15 65  - 13  - 14 63 69  5  - 11 32  -  - 67 19  - 51  - 61 23
  5 58 28 41  -  7  -  - 26 53 24 22 33 25  - 43  -  - 63 64 56 10 47 12 30  2  1 42 48 37 55  - 52 29  - 17 14 57  6 40 69  4 67  - 19 36 61 32 27 50  - 65 51 35 44 13 68 62  8 45 31  -  9 59 46 23 21 34 49 60
  6  - 62 54 52 55  7  - 58  - 69 25  -  - 47 33 61 46  5 26 42 17 15 66 53  - 63 60 56 38 51  1  - 22 41 40 23 16  -  9  -  - 11 49 48 14  2 59  - 32 21 27 19 64 35  4 70  - 39  - 12 67 24  - 68 30  - 44 50 28
  - 60 51 23  8 28 39 65  - 11 10  9 53  - 44 57 68 17 34 18 66 20 55 21 16 40 48 67 54  - 61 59 29  -  - 46 56 25  2  -  - 13  3 32  -  - 24 38 63  -  6 41 58 31 37  5 36 15  - 42  -  - 70 14 30 64 27 26  1 35
 39 41 19 69 12  - 20 23 57  4 52  5 24 33 59 66 35 27 30 21 36 47 65 67 51  1 70 31  6 63 62  - 18 61 26  - 60 49 48 25  - 43  7 64  - 46 28 40  -  - 34  - 55 13 17  -  - 32 53  9 50 56 38 54  -  - 16  - 44  -
  - 40 36 24 62  9  3 61  -  -  8 43 63 45  - 20 12 29  4  - 49  - 22  -  1  - 50 56 41 33 60 52  2  - 14 34 10 21 37  -  - 35 18  - 23  5 32 69 64 16 48 15 57 47 11 38 26 70 30  - 46 27 13 58 53 54 42 31  - 66
 28 22 40 15 16 46 48  - 45 66 13 23  - 65 26  7 21 39 61  - 41  6  8 51 32 63 38 17 44 25 20  - 47 18 36 59 58 70 56 11 35 53  9  - 69 37 10 55 30  5 33 62  - 19  4 67 52 49  -  - 43  1 14  2 27 50  -  - 24 34
 46 67 24 35 64 29 15  -  - 69 49 48  - 44 37 12 26 14 18  - 51 41  -  8 33 59  -  6 55  - 13 21 62  4 47  5  - 65 60 10  7 38 25 70 40  - 43 61  - 31 45  - 53 54 56  - 20 27 42 19 23  - 50 57  - 34 63 28  -  -
 26  2 50 58  6 12 23 30  -  - 55  8 31 28  - 37 60 24  3  - 43 54 62 49 52  - 40 48  - 64 57 35  - 14  4  -  9 13 21 61  - 47 51  - 18 66 20 68  -  - 38 70 27 65  -  - 29 69  - 53 33 44  1 39 42  7 56 15 10 41
  - 59  - 48  - 23 57  7 65 61 32 49 34 15  - 11 46 28 31 38  - 70 43  6 44 41 33 14 30 47 68 10  - 51 67 66 39  1  -  -  4 50 60 18 56  -  -  - 58  -  - 22 12  5 24 21 25 53 13 16 54 52 40  - 45  -  - 63 19 37
  - 32  5 66  - 24 55 15 30  1 53 29  -  - 41 47 16 22  - 62  2  - 54 37 26 19 51 43 39 44 49 58 65 68 31  6  -  8  -  3 12 57  - 52 60  7 64 18  - 14 50 40 56  -  - 17 35 61  - 67  - 46 34 63 38 20 23 13  - 36
 22 62 26  -  4 59 43 13 61 52 30 21  - 29 12  - 70 16  7  - 18 40 10  1 24  -  - 33 37 65  9 38 20 41 48 36 51 23 27 15 11 64 19  -  - 55  -  - 60 66 63 45 17  6  - 69 32  2  3 49  8  - 67 46 56 28  5 14 31  -
 58 61  -  - 24 32  - 54 44  9  5 27 41 46 68 26 33 59  - 22  8 45 51 15  -  - 64 23 38  6 67 39 53 66  - 18  2  - 12 60 40 31  - 50 13 21 57 25  - 10  - 48 62 20  7  - 28 35 29 37  - 42  - 55 52 70 65 36 63  3
  4 37 56  3  9 33  - 19  - 25 40  - 55 38 30  -  -  -  -  -  - 64  5 11 22 16 14  - 57  2 27 53 67 32 39 20 42 59  7 12  - 21 43 10 44 31  6  1  - 60 47 13 48 29 66  - 51  -  - 62 61  - 63 34  - 24 35 17 26 46
  - 38  - 64  7 10 46 47 17 32  9 20 36  1 65 67 11 53  2 49 25  3  4 61 45 24 18 62 51 13 66  -  5 40 34 23 19 60 43 48 52 30 26 16 59 50 31  8  - 54 29 12 33 69 28 57 56 42  -  - 39 35 27  -  - 68 15 22 21 63
 12 34  - 70 18 53 41 26 29 37 62 66 50  6 23 16 51 54 21  1 61 69 31 58 10  - 25  2  7 22 63 57  -  9 20 42 48 68 64  -  -  8 52  - 17 11  -  3 67 44 56  5 35 49 43 46 65  4  - 38 15  -  - 27 28  - 47  - 33 13
 38 63  7 28 26 70  - 55  - 15  - 18 16  2 39 22  -  5  - 50 67 12 59  - 19 51 49  9  - 43  4 40 46 30 66  - 24 52 41 33 20 25  - 60  -  - 68  6 56  - 35  - 14  - 23  1 10 11 17 61 47 57  8 65 54  3 34  - 53 31
  - 57 21 46  - 13 65  1 28 67 19 26 14 52 62 29 25  -  6 30 35  4  - 39 50 11  -  -  - 53 34 69 43  -  - 70 38 54 58 63 49 66 22 59  5 32 37 44 12  - 31 51 23  - 15  9 42  - 64  - 56 36 60 20 10 47 48  - 40 16
  - 54  -  -  - 66 64 42 15  - 60 16 28 50 19 27 49 62 38  9  - 31  6 20 67 10  - 63 46 24  - 30 13 70 53 51 41 26 35 55 17 37  8 57  7 61 14 52  4 43 18 47  -  - 25 36 44 48  - 65  2 21 45 32  3 29 12 40 11 33
 60 53  4 25 40 42 26 45 39  -  - 34 20  -  1 59  - 55 44 28 11 61 29  - 56 17  - 27 31  5  - 36 16 54 23 32  6 64 70 46 48  9 14 66  - 13  - 57 50 65 62 67 22 21 49 18  -  -  2 10 68  7 37  - 58 52 69 38  -  -
  9  -  - 61 21 48  - 53 56 42  - 19 54 32 29 40 30 36  -  - 13 39 12  -  8 58 52  - 63 67  -  - 10 59 27 15 62  3  - 22 38 41  5 26  1 33 47  -  - 34 46 37 60 68  -  - 24  - 23  4 64 49 18  - 16 14 70  7 28 45
 16  - 33  9  -  - 13  - 51 47  4  - 67 39 50 61  3 21 64  -  5 37 57 10 68 54 17  - 60 62 65 28  7  - 35  -  - 12 42 29 30  - 27 36 41 43 44  2  - 70 32 14  - 23 69 26 59 19 56 63 25 34 53 31 20  - 18 66 48 11
  7 12 53 20 34  - 33  - 18 13 66  - 46 58  8 70 64  - 17 67 10  - 26 19 40 29 41 30 59 21  - 42 57 48  9  - 65  -  - 47  -  1  -  - 52  - 56  4  - 28 27 24  - 51 31 23 11 14 37 43 63  3 15  6  - 39 25 16 36 61
 51 56 10 33  -  -  2  - 31 21 54 68 69 36 70 65 52 63 40  6 14 35 39 64 48  - 23 16 27 28 42 32 15 19 44  - 61 38 34  8  3 29  -  9 67 60  -  - 18 55  - 50 41 25 53  7 46  1  -  -  - 45 62 24 47  5  - 11 13  4
 57 23 34  - 11 39  - 14 32 28  -  - 27 41 45  9  6 30 19 12  - 46 20  7 63  -  - 25 65  - 29 17 35 16  5  - 40 62 53  -  - 51  -  3  -  -  -  - 55  -  - 21 67 50  - 64 33 56  -  8  - 43 52 15 26  1  - 48 37 18
 67  3 66 11  - 64  -  - 47 27 37 13 21  -  5 60 36  - 23  -  - 53 32 41 12 48 65 22 42 10 18  2 25  1 62 45  4 44 30 17 14  - 24 34 61 49  - 15 69 58 26 19 29 57 54 28  6 50 70 33  9 40 43 35 51 56  - 55 20 52
 47 50 70 67 37 14 11 18 34 31 46  - 60 30 24 52 10 12 48 57  7  - 45 44 21  8  -  4 20 29  2 66  6  - 58 38  - 56  - 69 16 26 68 17  - 64 55 63 33  -  1  9 36 59 62 43  5 51  - 39  - 19 49 25 41 40  - 61 23 54
  - 19 49  - 30 17 56  6  5 10  - 41  - 16 69 39 54 11 25 43  1 22 48  -  -  - 26 40 68 15  - 37  - 23 50 13 21  2  -  - 18  - 55  -  - 67 65 47  -  7 53 58 38 62  9  8  -  -  - 28 51 29 20 33 60 45 44  -  - 57
 45 46 59 32 10 58 63 39  6 14  - 37 11  - 40 25  9 33  - 41 16 56 53  - 42 64  - 34 61 48  - 51 55 28 60 29 13 43 62 19 66 70 35  - 36  3 67 26  -  - 69 57 20  1 22 44 54 30  5 17 18 15  -  -  -  8 50 21 27  -
  - 43 15 57 20 25 30 44 70  - 56  - 62 68  2  - 17 40  - 65  4  5 35 23 66 67 55 54  - 18  7 47 63 38 37 61  8 51 19 13 42 58 12 27  -  -  - 36 24 29  - 60 46 28 64 31 45  -  9 26 41  - 33  3 49 16 32  1 59 48
 35 20 52  - 54 34  - 48 13 26 39 11  6 60 27 68  -  -  8 45  -  1 14  5 31 65 59 37  2 19 25  - 38 47 22 43 15 50  9  4 33 12  - 56 16 23 40 51 28  - 41 32  - 61 57 24 58 64 46  -  3 69 17 30  - 49  -  - 29 55
  1 10 14  - 50  -  - 34 48 41 67 32  - 70  - 54  - 51 57 63 31 23 52  - 38  4 20 11 36  - 35  9 40 43  - 58 29 15 66 18 56 28 49 65  - 24 12 42 47 22 25 61 44  - 16 68 60  3  6 64 62  -  - 13 21 27 33 53 69 39
 42  -  9 22 51 45 50 24 10  -  2 15 68 35 58  -  - 70 26 48  - 16  - 28  4 43 27  8 52  - 40 44 61 12 69 47  - 14 57  - 59 33 21 55  - 63  - 34 19  - 37 46 39  3  - 20 66  - 62 13 60  6 29 64 18  -  -  - 56  5
 13  7  -  - 35  -  -  3 40 60 25 45 61 49  - 38 41  - 50 69 57 66 42 29 34  9 43 10  - 12 21 26 68 46  - 52 37 17 51 53  8 54 20 14 64  2 39 62 23 19 30 55  - 44 58 11 18  -  -  -  -  5  4 48 36  -  - 65 15  -
 66 65 67 52 57  -  -  - 42  6 33 12 38  -  4 35  - 26 27 68  - 18  -  9  - 53  -  -  -  - 41 25 37 44  7 39  - 32  8 30 47 15 36  5 29  1 63  - 31 49 16 17  - 60 13  2 23 22 59  3 58  - 48 28 50 19 40 69  - 43
 53 33 39  2  -  - 24  - 46 30  -  3 35 69 66 14  8 42  - 61 23 58 70 34  - 60  - 19 43  9 48  6  - 15 64 50 18  5 68 20 29  - 31 40  - 65 59 21 13  - 57 52 54  4 10  -  - 12 49  - 27 22  - 37 62 38 28 51 45 32
  - 14  -  5 32 52  6 12 55 59  - 38 15  9 54 64  7 37 45 47 20  -  - 25 49 44  - 65 50  - 33  -  - 35 46 63  3  - 13  - 26 34 17  - 53 41  - 10  - 42 24  4  - 67 70 51 62 28 11  - 69 31 61 40 66 57 43  - 18  2
 21 51 45 13  - 40 18 59 38 35  - 55  5 37 15 69 62  - 60 66 28  - 63  - 43 70  4 61 49 39 58 29 26 20 12  7 50 33 65 16  - 36 46  -  - 30 11  - 17 67 19  6  - 22  3 42 64 25  1 56  - 68 47 10  -  - 41 57  8  9
