3920
 61 20 10  5  1 11 23  -  - 45 27  - 63 37 43  -  - 49 69 14  - 57 56 25 55 41 64 70 62  6 47 32  8 68  - 34 67 17 15 16 28  - 36  - 50 66  4 26 39  - 22 48 52  7  - 59  -  -  - 54 53  -  - 29 33 13 46 19 24 21
 32 64 54 65 28 35 16  6 48  - 18 30 15 25 44 53 37 43 29  - 55 58 70 57  2  -  4  - 27 21 23 19 22 38  -  1 59 66 39 40 34 12 68 56  -  - 33 51  7  3  9 50 11 36  - 17 24 41 46  - 49  - 42  -  5 47 13 14 10 45
 26 36 57  7 54 65 39  3 62 40 31 29 53 17  -  1 41 45 24  - 30 21  9 10 27 20 48 33 52 63 61  4  - 19  5 46 13 18 59 60  - 70 38 58 23  - 15 42 12 43 55 14  8 47  2  - 35 64 66 44  6 16  - 67 50 49 68 28  - 69
  - 57  2 14  - 51 15 61 12 48 50 59  - 56 67 54 33 11 38  4 58  1 35 52 22 64 34 39  - 55 36 17 10 69 47 70  -  5 20  -  - 30 25  -  6 31 53  9 19  7 37  3 42 60 18 40  -  8 63 43 23 62 45 65 26  - 41  - 27  -
  -  - 31 23 45 70  1 54 10  - 41  - 14 39  - 27 35 64 40  - 26 62 67  - 18 68  - 30  - 48 69  - 19  3 17 11 46 61  - 50 36 58 59 13 55  9  - 16 29 63 38 53 21 28  -  - 25  5 22 15 33 47 12 49  6  8  4 43 57 44
  - 51  - 55 31 24 69 52  -  - 40  -  -  9 38 56 18  -  7  - 63 13 46 50 47  - 67  - 41 12  - 60  - 62 32  - 21 26 70  - 57 35  -  - 36 43 66 30 49 27 39  - 64 44  - 45 61 42  2 25  3  - 15  - 23  5 33 29  - 10
 10 24 34 49  -  -  -  - 50 68 35  4 51  - 32  - 16 69 61 38  6  - 13 39 14  - 42  -  1  2 29  8  - 18  3 37 30 67  - 52 19 44 22 41  - 20  - 59  - 12 53 28  - 64  7 70 65 40 43 46 27 45 56  - 48  - 17 11 55 54
 59 21 68 37 25 47 52 17 30 60 28 24 49 63 19 12 32  - 34 39 27  3  1 54 50 69 56 46  - 31  - 40  - 48 22 38  6  - 64  - 10  9 20 65  - 61  -  - 57 13 42  7  - 43 36 55 33 44 35  - 70  5 18 45  -  -  2 16 29  -
  - 66 49 46 21  - 24  - 14 26  - 52  -  -  6  - 62 35 44 47 39  - 32 45 67  - 69 19 34  -  -  - 33 37  -  - 56 70 17 57 25 38 51  7 12  - 59 28 54 48  -  - 50 29  1 11 55 15 36 30 43 27 23 68 64 61 31  3 41 60
 63 39  4 51  - 43  - 35 45 12  - 17 21  - 14  - 29 67 31 36 40  8 69 56 60 48 58 10 55 41 38  6  - 49 68  2 33 50  - 28 30  -  - 27  - 53 47  5  - 37  -  -  7 34 44 24  - 18 13  -  - 66 11 46  1 23  - 62 25  9
 42 49  6 26  -  - 48  - 15 47 64 51 56 41 17 52 21  8  4 59  -  - 54  -  - 36  -  - 65  -  5 61 28 50 25 55 66 37 44  1 69  - 13 24 70  -  3  7 18 35 11  - 34  -  -  - 58  - 12  9 10  - 27  - 63 43 60  - 62 20
 45 60 44  - 51 56  6  5  4 11  -  -  -  - 57 33 55  2 46  - 68 61 24  - 19  7  - 66 70 47 16 67  -  - 40 43  - 12 65  - 13 53 64 32  -  - 10 21 42  - 35 30 22  -  8 69 31 26 34 38  - 54 63 62 37  1 27  - 28  -
 23  7  -  - 17 41 43  -  2  - 52 31  - 44  8 49  1 19  - 50 70 37  5 35  - 63  - 26 46 68 42  - 11 58 18 48 25 53 36 59 29  -  3 64 66 40 57 15 13 20  4 61 16 67  9 60  - 12 39 62  -  6 65 34 32 14 22  - 69  -
 44 63 62 18 61 16  -  -  -  -  6 33  - 24 39 43  3 70 11 17 13  - 30  9 51 12 52 69  - 65 49  - 42 64  7 67  2 59  - 34 40 23 32 28 48 38 55  -  - 58  -  4 25  - 56 10 26 54  8 35 29 15  - 57 46 31 37  5 66 50
 22 40 20 12 43 27 44 36 64  - 33 61  - 55  - 24  -  -  - 66 60 47 58 53 11 28 57  - 25  - 21  1  - 16 49 50 19  - 38 15 62 42  5 26 13 10 35  - 70  - 69  8  - 18  -  - 45 56  -  2 65  7  3  6  - 39 29  -  - 46
  - 55 45 36 67 25  - 27 63 49  5 47  3  8 52  - 46 32 17  -  - 50 31 51 34 61 53 62 56  - 66 41  - 22 39 28  7 43 16  2 60 37 30 15 38  - 26  6  9  - 57 24 33 58 21 19 10 23 29 11 64 69 54 42 18 40 70 13 65  -
 62  - 53 70 40 46  5  -  - 37 11 21 26 30 49 10  8  - 36 57 52 32  7 41 16  3 50 64 54  -  - 48 39 31 63  6 12 24 60 44  - 29 65 47 33 56 68  - 58  - 18 15  1 61 51  2 42 20 55 14 34 35 19 17 28  9  - 22  4 43
  - 69 41 60  4 31 57  - 40 62 42 44 29 45 68 23 61  - 14  - 53 17 63 18  7  -  - 28  -  - 70 12 13 27 37 25 35 64 55  - 43  1 21  2 51 30  - 24 15  - 19  - 48  -  - 38  -  3 58  5 47 26 16 66 20 11 54 46 22 52
 58 28 32 45 24 14 37 66  -  5 63 11 68 13 31  6  4 40 30  - 23 69 36  -  - 57 17  - 10  -  -  7 67 41 61 33 65 54 34  - 18  - 26 46 19 21 62 60 64 47  - 16  2 42 29 12  -  9 27 39 48  3  - 51 56  - 35 20  - 22
 55  - 40  - 39 19  - 70 67  - 51 53 32  - 41  7 12 68 62  5 46  - 44  -  -  -  1 35  2 50 57 24 17 20 54  - 43 58 47  - 59  - 15  9 65  -  -  8  3 60 48  - 38  -  - 13 30 21  - 10 52 42 31 14 36  - 16 61  - 29
 57  8 36 10  -  - 35 62 68 22 54  5  - 26  9  - 23 63 47 31  7 34 42 17 64  - 32  2 11 43 48 59 66  - 58 49 50  - 56 30  - 51 45  - 27 55  -  -  - 29 33 21 61  4 65 28 52 67  -  - 12 44 41  - 39  3 25 38 53  -
  - 15  - 39  -  - 32 43  - 21 24  9 23 62 69  -  6 57 67  3 25 19 50  2  8 58  - 36  - 10 34 47 16  - 52 64 41 30  - 45 49 13  - 33 37  5  - 38  1  - 20 56 51 40  - 27 70 14 54 60 61  - 66 55 68 29  -  4 11 35
 29 48  -  - 14  5 47 63 31 32 59 20 18 54 15  -  -  -  2 49 57 64 39 68  -  -  7 61  9 33 46 30  - 11  -  - 26 55  6 25  8 69 27 12  4  1 16  - 24  - 41 13 28 38 17 21 67 53 56 23 58 37 10 36 34 70 50 45 19  3
  -  - 70  - 34 40  2  -  - 44 68 48 13  -  4  - 38 65  5 27  - 39 16 64  - 35 31 50 36 11  6 37 59 32 60 18 42  7 23 54 53  - 67 14 15 41  - 63 10  9 28 62 17 46 19 30 20 57 26  -  -  1 55  -  - 24 66 49 21 61
 28 46 11 41  - 45 33 32 65  -  9 37 59  -  -  - 17 56 26  -  5 70 10  - 48  -  - 38 18 67 50 21  - 34  - 69 54 51 14 22 31 63 57 23  - 15 64  - 44  - 25 60 24 13 58  - 12 39 68 47 42 43  4 20 29 52  -  -  7 62
 67  3 27 63 42 52 34 48  - 57 29 46  - 16 59 25 39 55 18 21 61 28 53  - 20 38 19 12 43 17  9 15 45 65 44 40 23 60 35  4 56  6 10 62 22 54  7 47 41 33 50 66  5 51 32 64  - 30 24 70  2  - 49 37 58 36 14 69 26 68
  - 22 23 11 52 32  4  - 53 10 48 40 69  - 27  3  -  - 58 16 65 45 51 61 66  - 46  -  - 18 35 25 12 57  - 30  - 56  -  -  -  7 37 17  -  - 44 19 59 50 54 38 14 41 39 26  - 63 70 33  9 31 24  - 60 68  - 42 13 28
 20 59 30  4  - 66  - 31 28  - 32  6 62 47 10 50 49 61 65 12 41 67 21 44  3 34 45 37 58 40 52 27 68  - 24 14 70  8 25 18  - 17  - 63 53  7 48 23  - 38  5 64 35  - 54 57  - 22  9  - 13 46 69 60 19  - 51 39 15  -
 16 41 26  - 12  -  - 44 46  1 20 49  - 28 40  4  - 60  -  -  - 23  2 31 29  6 51  7 53 24 33  - 58 56 65 52 62 32 69 38 27 55 34  -  - 13 17  -  -  -  - 10 59  - 15 50  8 47  5 67 37 19 25 18 21  -  9 48 35 57
  6 43 39 69  -  - 55 58 56 36 26 27  9  -  - 30  - 53 20 46 48 31  -  8 37 32 12 57 17  - 68 42 70  2 10 45 60  - 13 51 64 14  - 18 54 49 67  - 38 16  - 11  -  5 61 66  -  - 15 21  4  -  - 59  - 65  - 41 34 25
 19 53 35 34 29 37  -  - 61  6  - 65 11 40  - 41 14 18 66 13  3 10 28  - 32 51  - 27 23  - 55 63  - 26 15 16 57 21  9 20 48  -  1 70  - 44 36  -  2  4 31 25 67 33 64 42 68 58  7  - 39 30 47  8 45 17 12 52  - 24
  -  2 67 16 30 23 28  -  - 56  -  8 20 11  - 69 53 29 19  - 43 51 64 34 10  - 27 68 14  - 40  -  -  - 66  -  1 45 37 24  -  -  7  - 46 39 21 12 17 22  - 44 41  -  5  6 15 32 48 26 31  -  - 33 57 42 55 59  - 36
 65 68  - 43  8 21  - 69 35 13 23 70  5  3 20 39 60 42 51  - 38  -  4  6  - 44 63 24  - 29  -  9 61 52 28  7 15 41 54  - 11 40 31 22 34 64  - 37 67 32 49  1  - 55 53 47 66 50  -  - 25 59 48 16 62 18 36 10 58 27
 56 70  9  - 32 53  8  - 36 34 37 38 57 23 22 21 43  - 41 19 69  2 15  - 49 60  - 44 51  3  4 64 27  - 33  - 45  - 31 47 65 66 42  1 35 12 63 61 55 39 59  - 13 62  - 52  - 29  6 17  5 40 68  - 67 46 10  7 30 14
  - 13 25  3 64 61 18 46 49  8 70 15 27  - 47 37 54  - 16  -  -  -  - 14  - 30 36 48  5 57 11 69 41 51  6  -  -  - 29 55 68 26 39 67 21  - 58  - 52 56 66 33 19  - 59  7  -  4 28 40 24 50 34  -  - 20 53 17  - 65
  5 23 29  6 41  - 63 13 37  - 38 50  -  4 58  8 20 47 10  7 17 56 26 70 28 42 30 22  - 59  -  -  - 66  -  - 11  9  2 35 44 64 61 60 32  3 18 33 25  - 24 55 68 19 49 31  - 69  1 52 16 14 46 27 51 62 67 40 45 39
 68 42 60 50 27 63 31 55 59 30 34 10 48  6 53 36 25  - 13 26 37 49 41 40 38 17 20 11 12 46 32 33  - 28 70 23 47 65 51 64 35 57  8 43 29 18  2 66  5 67 61  -  - 39  3  - 69 19 16  4 45 52 22 24 14  -  -  1  9 56
  - 35 15 38 68 48 25 19 21 33  3 18 47  7 34  - 56 12 55 24 45 16  - 59 57  -  6 42  -  9  - 10 40 30 13  - 64 11 41 29  2 27 66  - 14  8  - 46 28  5 52 43 37 49 50  - 63  1 69  - 17  - 60 53 70  4 44  -  - 32
  -  4 22 15  -  - 58  - 44 46 14 32 25  1 18 35 65 27  - 55  - 30  - 48 63 40  2  -  - 49 13  - 36  7 21 53  5 29 28 61 42 67 50 34  -  - 11 17  6 45 70 31  - 24 16 62 39 59  3 19  - 68 51  - 66 69 52 60 64  -
 51 44  - 31 22 62  9  -  1 18 25 23 35 53  5 61 11 48 42 58 34  - 68  - 26 66 70 65 13 54 64 28  - 43  - 15 32  - 49 39 46  - 63 20  8 14 69  - 37 17 27  2 29 52 41  4 19  7 50  - 67 10 33 47 16  -  - 55 60  -
 41  - 37  2 56 64 66 21 26 28 67 19 12 38 35  - 30  -  - 44 33 60  - 15 13 53 43  - 16 58  - 29 52 55 31 57  - 42 22 65 14 45 40  -  1  - 20 68 32 23 10  - 46  - 70 36  -  - 62 24  7 18  5 48  - 27 49  9 63  4
 60  9 12 33 66 20 41  - 17 63 30 28 40 10 26  - 42  5 43  - 67  - 19 11 36 31 13 29 50 16 56 68  - 59 23  3  - 34  - 14 47 62 24 53 49  2  - 65  4 52  7 46  6 35 55 15 21  - 45 51 57 39 70  - 69 38  -  8 54  -
 24  -  - 13 23 29 10 42  7 69  4 66 39 18  3  - 50 46 60 64 62  - 11 63 68  - 38  -  8  - 20 22 25  - 67 21 58  2 40 19 51 36 49 16  5 28 32 55 65  - 12 37  -  - 35  9  6 34 57 31  - 61 26 56 47  -  - 33 43 17
 33 10  - 68  5  6 50  - 55 14  -  7 67 21  2 45 52 36 63 43  -  9 34  4  - 46 28 17  - 20 60 26 69  1 41 61 38 47 42  - 39 22 56 30 64 70 19 11  8 18 40 59 31 66  -  - 23  - 44 13 51 29 32 12 49 53  3  -  - 15
 13 29 16 28 11 49 38 41 27  -  7  -  - 15 42 70  - 58  - 69  2  5 57 60 33 65 61 51  - 45 30 23 55 12 50 17 18  - 62  -  - 31 35  - 40 26  - 64 34  1 47 20 10 63  -  - 59 24  - 68 66 25  8  -  3 56 43 53 52  6
 17 11 69  1 13  4  - 25  -  -  - 55 19 51 54 29 58  - 12  - 20 24 65 66 59  8 44 56 49 26 62 38 37  5 64 32 31 10 50  3  - 34  - 48 18 68 61 70 35 36 30 67 60 45 46 16  -  - 52  6  - 53 39 63  - 28 40 23  - 42
 53 45 66  9 69 60  3  2  - 35 36 41 43 57 61 17 13 14 23 48 15  7 22 55 40  - 25  6  - 62 12  -  - 33  -  4  8 39 10 32 24 21  - 52  - 42 51  -  - 28  - 65 26 16 63 18  - 70 64 50 44 11  1 30  - 34 58 68 38 47
 47 61 48 24  2 38 17 49 43 16 44 13  6  - 33 32  - 25  3 30 64 65 12 21 53 70 66 60  - 39  1 36  4  8 20 26 55 15 27 68  5 46  - 50 42 59  9 35 40  - 63 29 56 22 10 34 41 11 19  7  -  - 62 54 52 58 69  - 51  -
  4  1 58 17 47 55 61  7 42 29  -  - 52  - 60  - 66 62  9 51 50  -  - 22 44 11  -  - 59 69  - 70  2 54  -  - 39 46  5 56 41 10 43 40 67  - 24  - 23  8 14 12 30 32 33 63  3 65  - 48 38  -  6 13 15 64 28  - 36  -
  -  6  -  - 62 57 45  -  - 65 56 58 55  - 63  - 36 52 15 28 29 44 66 13 61  1 16 49  - 30 51 50  5  - 19  8  - 22 32 48 21 20 47 37  3 46 43  4 53  2 34 41  - 12 25 33 17 27 10  -  - 38 40 70  -  7 39  - 68  -
 70 54 63 53 36  7 30 23 47 38 46 67  -  2 25 65 44  - 35  -  - 14 40 26  9 10  - 59  3  - 28 39 15 13 45 19 61 31 57 58 66 49 48 55  - 52  - 27 56  -  6 51 62 69 68 43  - 60 37 32 18  -  -  4  8 16 24 12 33  -
  2  5 65 57 10 44 49 39 66 64  -  -  -  - 13 22  7  6 52  - 32 55  - 29  - 67 68  1  - 28  -  -  9 14  - 59 24 23 12 63 50  -  4 21 31 19  8 34 62 69 15 54  -  - 27 61 47 51 40 36 46 58 53 35 30  -  - 26 20  -
 27 47 61  8 50 18 56 53 38 59  2  - 22 69 64  5 28  4 68 20 36 46 48  - 31 24 35 13 44  - 54 49 30 45 43 29 10 40 52 33 17  -  6 11  - 67 37  3 63 26 60  - 66  9 57  1  7 55 32 65 41 21 14 15 12 19  - 58 16  -
  - 16 55 30  7 67 21 68 25 15 69 63 17 31  -  9 57 59 28 18 42 33 61 24 39  - 29  4 32 52 53  - 20 47 27 54 40  3 43 66 70 19 60 44  - 62 56 50 26 10 46 34 23  1  6 22 48 37  -  - 14  - 58  2 13 41 38 65 12 64
  - 14  -  -  3 28 64 15 41  -  1 22 46 70 55 38 69 30 57 60 51 52 27  7 24 56 33 16 61 23  8 66 34 42  9 44 29 49 18 37  6 43  2 59 11 17 40 25 45 62 26 32 53 68 48 67 36 10 20 12 63 13 35  5 65 54 19  -  - 58
 37 65 42 35 55 30  - 60  -  2 49 56 16 64 50 34 68 10 21 33  4 15 29  5 45 25 39 18 28 66  -  -  - 24 46 12 48  6 19 31 54  8  -  3  - 57  1 69 11 61 44 47 58 23 43 14 13 17 67  - 26 32 36 52 40  - 20 51  -  7
 50 26  5 47 48 39 14  - 16 66 61 42  - 20  - 67 34  1 27  - 24 11 60  3  4 19  - 45 33 15 44 43 35 10 36 51 28 13 21  9 52 32 41  8 58 23  - 29  -  - 17 63 70  - 12 68 57 31 38 22  - 55  2  7 25  6 30 64 59 37
  - 67  - 52  - 69 13  -  3 17 55 43  - 12 66 14 70  9  -  - 19 38  6  - 41  -  - 32 60 51 31  5 48  -  - 10 36 33  - 26  1 54  - 68 44 11 49 18 27 24 62 45 39 15 47  - 46  - 25 28  8  -  - 40 59  - 65 57 42 63
 21  - 43 25 20  - 19  -  8 54  - 39  - 36  - 57 67 26 59 53  - 48 38 62 52  2 24 63 69 64 18 46 44 17  1 31 27  - 68 13  - 56 55 42 47 35  5 22 50 15 51 70  - 30 66 32  - 33 23 37 11  - 29  9 61 10  6 34 14 40
 52 38  1  - 18 15 67  -  - 50  - 26  - 65  -  -  9 44  - 40 54 36 37 58 42 13 59  3 66 34 63  - 29  4 12 41 69 57 33 43 45 60  -  -  - 51 14  -  -  6  8 49 27  - 20 23 16 62 30 55 35  - 61 64 10 25 48 47  5 70
  3 50 17 32 26 42 51  8  - 39 53 60 44  - 16 46 10 37 45 25  9 29 62  - 30 14  5 58 63  1 24 55  6  -  -  - 34  4 67 49  -  2  - 31  7 27  - 43 48  - 21 23 54 70 52 56  - 28  - 18  - 20 13 22 41 15  -  - 40  -
 15 17 19 66 60  1 68 22  -  - 58 14 64 48 23 28 59 24 50 70 56 54 20 30 12 37  8  9 26 36  7 65  - 21  4 13 51 69 53  6  3  - 52 10  - 33 29 45 47 25 16 27 18  - 40 35  - 46 61 42 62  2 43 38 44  - 32  - 49 11
  - 56 13 67  - 34 65 51 24  7 43 12  8 33 29 68  2 15  - 61 21  -  - 16  1  - 10 53 30 35 22 11  - 39 62 63 52 38 45 41 23 18  9  4  - 48  - 36  - 54 64  - 40 17 60  3 37 66 49 57 20 70 44 69 31 59  5 27 32 55
 18  -  - 59 57  - 29  1 54 52 66  - 33 34  7 19 48 31 64 37  - 68  - 69  - 27  9 67 45 13  3 44 43  - 38 24 20 62 11  - 22 65 58  5  -  6 42 32  -  -  -  - 63 14 23 39 56 16 53 61 15  - 28 25  - 50 26 21 46 49
 64  - 50  -  9 10 53 45 32 70 12 68  - 46  - 55 27 38 49 22  1 66  - 65  -  - 54 25 29  - 26 18 21  - 11 58 17 52  - 67 37  4  - 35 16 24 31 39 36 40 56 57 20  8 69 51 14 13 42 34  - 63  -  -  2 48 23  6 44  -
 30 31  7 20  -  - 40 34  - 58  - 45 42 66  - 11 15 28  -  1 59  - 43 46  -  - 26 54  - 22 25 52  3 44 55 62  - 27  -  - 63 68 17 49  - 16 12 67  - 64 23  - 69  -  -  5  4 36 51 41 50 65 57  - 35 32 56 70 47  2
 34 18 14 44  6 50  7 64 33 41 22 54  2 19  - 31  - 13 70 11 10 43 52 27 65 23  - 20 42  -  -  3 24 63  8 60  - 25 46  5 61 59 16  - 17  - 38 48 51 68  - 35 45 21 30 58 62 49  - 53  - 67  - 28 55 12 15 56  1 66
  - 62  - 19 15 59 27  -  6 25 16 69 61  - 12 51  5 20 53 63 66 35 49 47 54 39 11 23 68 56 10 34  - 40 29 22 44 28 48  -  4 52 70 36 57 65 13  - 33  - 58 18 55 37 31  -  1 45 41 64 32  - 21  - 17 60  -  - 67  -
 38 19 21 42 70  8  - 29 52 31 15 64 10 22 48  - 51  3 37  - 18  - 17 32 35  - 47 41 40  - 58 62  7  - 69 27 16  - 30 23  - 28  -  - 24 25 39 14 61 11  -  - 65 50  - 46  - 68 60  1  - 56 59 43 54 33 57 66  6 53
 35 52  - 29 46 68 42 65 60  -  8 57 70 50 45  - 31  -  - 62  - 59  - 36  -  9 15 40 22 53 19 56 32  - 14  5  4 63 26  7 58 48  -  - 30 47 27 10 66 55 43 17 12  - 38 37  2 25 18 16 54 41 67 11 24 51 61 44  - 34
