3920
 66 29 51 63 59 13  -  - 44 64 12 26 22  1 67  4 48 19 41 45  7 10 42 23  -  -  - 54 56 15 49 11 36 60 31 28 43 50 69 57 35  - 65 37  8  -  3 25  - 58 32  2  5 24 62 52 33 16 38  -  - 40 27 30 46 17  6 14 70  -
 13 23  - 10  2 46 21  - 22 11 47  - 18 39 69 55  -  3 57 32 60 17 41 31 67 65 29 38 49 27 28 61  - 51 62 15 26  - 50 45 64 25 42  -  - 30  - 20  - 34 14 58 66  6  7 48 35 33 19 56 16 68 53 43 37 44 40  5 54  8
  - 33 15  - 69  - 50  4 45  3  2 52 46  -  - 32 22 35 17 49 58  1 57 13 34 27 65  - 64 10 24  6 21 40 53  7 56  9 30 20  8  - 12 42 14  - 36  - 23 19  - 44 51 28 37 55 59 63  -  5  - 25 60 68 48 67 61 16  - 43
 57  -  - 12 27 47 36 37  - 25  - 40  - 46 30 17  -  2 15 29 34 56 14 43 33 26 52 44 62  - 41  - 13 38  7 23  - 48 28 55  6 21 32  - 67 51 69 63 10 22  - 61  - 66 70  3  -  5 20  9 18 39  -  - 65 68 35 11 59 49
  8  - 19 42  - 62  2  -  - 66 37 30 41 20 27 24 49 61 64 23  - 31 25 33 17  - 13 26 69  - 63 51 12  - 55 39 50 15  -  4 56 67 58 32 59  7 21 47 29 38 43 22  6 53 18  9 28 46 10  - 60 34  1 70  - 14 65 45 35 68
 52  2 68 18  9  -  - 67 48 35 11 20 15 25 40 54  7  - 33  4  - 63 26  - 30 38 45  -  -  - 19 62 43 28 66 24 69 44 70 46 37 58 13 16 49 22 27 65  8 47  - 55 32  -  - 61  -  - 17  6  - 57  - 10  - 31 51  1 42 36
 26 50 56  5 38 40  4  - 32 34 29 61 16 36  1 25  6 28 27 11  -  - 18  - 69 35  - 33 14  - 45  9 19 13 58 54 53  3  -  - 44 70 68 41 57  8 48 43  - 55 47 46  -  -  - 23 10 65 22 66 64 59 12 49 52  -  7 42 63  -
  5 47 34 52  - 54 38 23 66 42 45 16  9 55 58 28  -  - 65 18 27  8 46 56 11  - 39  - 60 19 57 33 37  - 64 32 68 53 61 35 17  - 20 24  1  2 44  - 67 10 21  4 59 12  3 14  -  - 41 62 43  - 26 22 40  -  - 31 51 63
 41 60 20 49 18 34 10 21 63  9 54 14 70  - 17 33 11 62  8 55 57 32 69 58 46  1 31 15 26 39  6  7 29 48 24  -  5 12 16 64  -  3 36 68 65 40 43  - 59 42  4 56  - 47 67 35 30  - 25 13  2 61 28  - 45 52 50 22 23 44
 27 61  1 14 15 51 28  - 24 36 17 21  4 34  - 63 58  - 20 12 37 62 68 47 25 16  7  2 48 18 55 67  - 22 19  - 33 60 31 29 13  - 66  - 10  - 23 54 44 65  9  3 45  5 11  - 56  - 46 26 30 38  - 42 64  - 43 49  - 59
 49 36 33 59  - 11 63  -  1 23 66  -  - 61 35 14 57 12 56  - 69 40  -  9  - 46 60  - 15  -  -  - 28 65  - 51 39 41 52 30 18  5 27  6 58  3 68  8 26 16  -  - 43 17 29 20 19 67 45 53 10 70 64 31  - 54  - 62  -  4
 53 15 24 61 32 65  7 46 18 44  -  -  8 56  4  3 55 41 19 10  - 54  - 67  2 48  - 17 11 50 66 26 34 47  5 40  - 51 39  - 14 23 57 12 28 58 16  6  - 27 60 45 21  - 33 13 37 22  - 30 35 20  - 62  - 59 68 69 52 25
 17 22 30 70 39 16  5 45 68  - 23 46 54  - 37 69 27 14 53 15  - 64  - 38 31 44 11 57 52 26  7 65 67 20 40  - 19 59  - 63 25  -  4 62 47  -  - 51  6 35 33 24  - 29 21 49 36 12 43  - 58 55 32  - 50  - 41 34  9  1
 10 24 18  - 23 49 43  7 46  5 52 25  -  - 34 60 45 40 55 16  - 15 53 61  1 33 50 42 58 57 65 27 32  - 22  - 36  - 51 39 59 14 62  8 17 44 41  3 54 28  - 31  - 13 63  - 20 68 21  - 26 48 37  -  9 29  - 66 69 38
 46 30  -  - 65 57 48 59 67 19  - 56 47 13 55 64 16 18 42 24 33  4  5 15 58 43 25  -  -  -  3 63 17 68 45  -  - 27 21 49  2 44 54 20 40 14 52 69 50  1 22  - 35 60 36  6 34 61 37 41  - 32  - 38  - 51 70  8 66  -
 31 37 23  - 57 20 19 42 10 14 64 70  -  3 28 46 59  - 30  -  -  -  9 11 53  - 21 51 18 33 26 49 48 54 67  -  -  8 22 41  -  1  - 66  -  - 15 44  -  - 39  - 56 61  6  - 24 62 55 12 45 36 50  5 38 34 58 32 40  -
  -  - 62 33 51 44  - 10  - 70 49 48 57 21  - 52 39 23 26 41  - 30  7 40 13 60  - 66 43  9 27 68  5 53  - 29 17 67 36 38  1  4 56  - 11 42  - 16 35 15 50 32 46  - 61  - 22 31 59 20 25  - 65  -  -  -  -  3  6  -
 56 39  2  - 28  - 27 35  8 10 60 15 68 42  -  -  - 66  - 46 64 33 31 34 37 50 32 63 17  - 51  -  6  -  3  - 24 40 14 26 38 22 18 47 29 12  7 41 48 25 44 62 57  - 20 54 61  - 36 52 13 43  9 55 30  5  1 53 49 11
 67 48 53 39 43  7 18 20 14 12 55  8 33 15 70 13 47 68 36  6 35 66 52 30 61  - 34 32 54 60 50 29 63 69  4 58 16 11 26  1 45  - 59 22  2  5 65 27  - 23 56 17 38 21 64  - 44 10 42 49 51 46 62 25 41  9  - 57 19  3
  - 65 57  7 45 68 56 63  9 47 62 50 32 11 12 48 30 17  3 44 41 14 23 20 54 64 35  -  - 22 31 60 24 58 15 26 37  -  - 13 19  -  2 36 51 59 10 40 34 69 52 16 33 46  - 39  - 42 67 28 27 53  8  4 70 49  5 25 29 55
  9 59 46 29 30 53 68  - 51  - 65 37  - 60 41  - 14 33  -  - 48 16 39 55 43  3 24 34 57  -  - 28 27 23 10 20  4 19 49 70 47  - 61 25 38 63 45  5 21  6 69 52 62 54  -  - 15 35  -  - 36 44 40 56  7 66  - 18 12 22
 54 25 35  -  -  4 12 16 70  -  - 44 51 24  - 59  -  - 58  - 30 57 38  - 68 19 20 67 10 41 64 47 11  3 39 60  7 61  - 14  - 34  - 17 37 13 22 36  9  5  1 50 31 23 53 18 45  -  - 42 63 49 21  -  6 33 56 40  - 66
 35 21 45  - 20  8 59 58 36 17  1 49 62 37 10 51 28  -  - 48 52 23 47 25 50 68  -  5 61 44  - 66  4 32  - 12 29 57 53 69 55 40 30 19 15 24  -  -  -  - 54  6 67  7 13 46  - 14  3  - 11 65 42 64  - 43 38 41 18  -
 33 35 28 47 63  - 49 14 41  - 69 11  -  9  -  - 36 48 39 64  1 59 61 22 24 17  5 13 51  4 23  - 50  - 16 34  -  - 54 67 68 12  7 40 27 43 46 31 45 26 30 18  8 65 60 32  3 38 29 15  -  2 70 20 56 25 53 55 44 19
 28 49 21 68  - 15 42 60  6 40 46 32 69 31 36  7 70 38 12  - 14 50 48 35  - 41  1 23 63 29  - 17 30  -  -  - 57 54  4  - 61 27 11  9 66 64 26 22  5 24  -  - 18 62 16 37 58 19 65 39 52 45 43 53 67  8 34 59  2  -
 42  - 52 41 36 48 14 57 39 16 35 22  6 30 19 43 29  - 46  -  9 18 62 10 49 70 63 25 67 23 68 37 44 21 12 47 40  7  8 54 32 15  - 58  - 55 33  - 69  - 51 34 17  - 50  -  - 27 60  1 65  4 20 45 11 61  -  -  - 24
 55  - 43 25 50 42 66 26 20 59 48 62 38 67  - 36 15 64 34  - 24  - 12 39  9 10 69 27 29 45 40  -  1 18  - 44  - 35 23 68  -  8  -  -  6 17  -  -  - 33  - 28 65 51 19  -  - 57 16 54 32 60  - 61 22 30 21 52  4 58
 44 46  - 23  7 43 20  - 33  6 41 66  -  -  - 38 65  - 32 34 67  -  - 68 59  - 37  - 22  - 42 12 61 29 14 49 51  - 56 28 21 16 17 15 55 50 35  - 19  9  8 40  1 52 45 11 18  -  -  - 31 26 25  -  3 27 62  - 48  -
 21  - 41 24  - 45 57  6  7  1  3 28 49  - 38  - 32 69 66 47 23 13 50 70  5 30 43 12 34 46 62 40 16 19 17  -  - 64  - 37  -  2 14 31 22 39 42 10 65  - 48  9 58 20 54 59 60  4 52 63 68  8 56 15 25 11 18  -  - 27
 59 63  - 46 44  -  -  - 34 26  9 13  - 65 15 35  4 37 61  - 45 29  2 51  6  - 53  - 30 66 47 43  3 67 11 41 18 42  - 33 50 54 38  - 48 20 58 23  - 49 27  1 22 25  - 56 52 17  -  -  - 21 57 16 14 10 24 36 64 60
  7  - 61 35 24  9  6  1  4 53 19 69 44 26 25 41  - 63 47  - 10 60  -  - 14  - 46  - 13 52 43  - 70 45 18 22  - 66  2 40 28 39  - 11 21 57 31  - 62 68 20  - 64 49  8 33 65 56 30 51 48  - 59 32 17 15 29  -  -  -
 34 14  - 15 17  - 41  5 47 20  - 31 40 70 56  1  9  4 29 58 51 25 35 65  - 45 66  -  - 62  - 16 33 63 38  2 60 10  7 22  - 59 67  - 18  6 28 64 42  - 19 43 61  3 44 12 53 32 26 11  -  - 54 23 13 50  - 37 24 21
 30  -  7 40 11 17 32  - 62 22  -  -  - 66  - 61  - 16 31  1  - 69  -  2  - 21 42 50  -  -  -  - 14 15 20 65 55 25 19  -  - 41 53 59 12 27 64 18 63 45 38 67 36 58 34 26 49 70  - 23 44  - 10 39  8 24  -  - 46 56
 70 31  9 30  -  - 17  - 53  - 59 34 35 52 24 58  -  7  - 51  -  6  - 45  - 23  - 37 68 67  - 19  - 44 32 46  - 69 18  - 11 29 48 26 16 21  - 60  2 63 25 38 27 57 55 43  - 13 33 61 41 66  5 28  - 42 20  - 65 50
 36 53 26  - 66  - 23 47 31  - 57 19 12 27  -  - 54 59 70 38  - 58 32 44 15  - 56 20  7 35  -  3 42  -  -  - 25 46 24  6 52 62  9  - 30 67  - 17 22  2  - 65  - 69 39  - 68 37  5  4  - 33 51  - 61  - 55 21 60 41
 40  - 65  - 33 28 45 44 15 29 20 60 42  7  5 37  -  - 51 21 25 68  -  -  - 66  - 19 32 17  - 69 58 27  8 59 14 70 63 43  - 55 35 23 52 38  6 34 61 39  -  - 54 31 41 47  - 53  2 18 22 16 30  -  -  4  - 12  - 67
 20 62  3  8  - 55 37 38 58 28 39  - 30 35 16  2 60  - 45 56 11 48 70  4 41 18 10 53 59 14 17  1 40 46 44 68 47 52  6 51  - 61  - 69  - 32 57 26 66 54  5 12 50 42 22 36 43 25  - 67  - 27  -  -  - 64 19  7 15 31
 14 32 38 55  6 33 11 22 35 21 13  -  3 69 31 26 23 51  - 52  -  2  - 53 65 40 54 16  - 25 58  -  -  9 63 36 46  4 57  7 43  - 15  - 61  1 62  - 12  8 24  -  - 48 42  5 17 28 49 27 20 47 66  - 19 18 60 70  -  -
 45  - 32 22 34 29 26  -  - 38 40 17 56 12 20 27  - 46 25 50 62 55 10 60 42 57  -  - 23 69 21 53 47 49  9  1  8 37 13 59 30  6 43 63  -  -  2  4 58 41  - 35 48 39 52 51 16  - 61 44 19 11 68  - 66  3 67 15  7 14
 19  6 60 32  - 36 30  9  -  - 25 42 31  -  - 22 13  -  7 26  - 27 67 48 47 52 61  4 37 16  - 41 65 55  -  8 28 39 46  - 12 63  - 50  - 23 66 62 33  3 68 54  - 14 56 57 51 44 24 38  -  1  - 21 20 40 69 10 45 15
 68 41 70 67 54 24  -  - 40 13 44 59 61 53 45 21 46 10  - 30 42 20  8 57  -  7 55 62  -  -  1 15 22 11  - 50 58 47  - 48 36 31 52  - 56  9  5 32 38  -  - 39  -  2 43  - 27  -  - 60  - 12 19 37 51 23  - 28  - 35
 15  4 31 37 64 38 16  - 25 61  -  -  - 44 66 68 26  -  - 20 17 47 19 46 32 24 59  -  - 13  -  8 60  - 42 69  - 14 29 34  - 33 23 43 41 56  - 35 39 50 40  7 10 11 28 62  5 36  1 57  -  3 52  - 63 53 54  9 55 30
 22 67 59 20 52 50 13 64 60  8 18  - 37 57 21 19 68  - 16 28  -  - 66 27  - 31 38  6 39 65 61  - 54 41 36  9  - 49  - 32 63 11 33 44 42 48 17 70  - 43 29 15 12 40  5  -  1  - 69 14  3 56 34 46 62 35  -  - 30 51
 60 44 48  9 14 64 69 27  - 67 53  - 28 62 46 70 10 52 54 43  6  - 37 18 40 59 58 11  - 63 22 55  2  4 33 21  - 32  - 36 51 20 31 38 19 29 50 68 16 13 17  5 24  8 65 41 42  - 15 25 56  -  - 47 26 39 57  -  1 23
 43 57  5 69  8 59 51 19  3 24 42  6 21 49 60  - 18 56 67 40 22  -  - 14 23 13 33  - 46 70 34 36 66 12 65 17 30  - 62  - 54 10  - 29  7 26 61 58 52  4 53 68 16 32 31  1 47 50 35 55 28 41 48  2  -  -  9 44  - 39
 23 54 40 43  -  -  -  -  - 63  4 36  - 51 42  -  5 32 60  - 20 35 16  - 39 61  -  -  - 12 30 31  7 14 21  - 64  1  3 53 24 26  - 70 50 65 67 33 15 59 18 10  - 34 47 28  8 49  - 69  - 13 38 27 68 62  -  -  - 45
 47 45 25 13 49  -  3  - 50 68  - 33 34  - 44 56 20 22  5 57 32 67 11 12 60 42 26  - 53  -  - 64 39 52 43 10  9 36 38 66 58 37 40 51 24 15 30  -  4 31  - 41 14 18 48 29 62  - 54 46  8 19 16 63 23 69 28 17 27 65
 29 27 63 56 48 67 53 39  -  - 38  - 58  -  3 42 52 21 40 61 46  - 22  -  - 51 47 60  - 20 13 24 59 31  - 70  -  - 68 65 26 36 50  -  - 10 18 37 49  7 15 66  4  -  9 44 25 30  -  8 12 23 69 34  1 55 11 54 43  -
 48 26 58  -  - 27 35 68 13 56 34  4 24  -  9  - 51 60  2  -  - 39 59 62  7 32 17 14 42  1 16 54 18 33 69  6 52 28 64 19  -  - 44 61  - 66  -  - 37  - 31 63 25 36 15 21 12  8 53 50 38 30 22  -  - 57 23  -  - 46
 37 70 29  - 26 41 31 66 55  - 10  - 13 23 22 11 42 36 52  - 49 24 21 16 44 25  6 43  -  5 20  -  9  8 59 63 32  2 40  - 62 50 60  7 68 45  - 46 47 30 61 27  3  - 51  4  -  -  - 19 57 58 14 12 69 65 64 35 67 33
  -  3 36 26 19  - 62 53 23  - 24 55  1  -  - 34  - 47 44 69 61 42 27 49 29  -  - 22 38 31 60 35  8  - 46 66 63 65  9 21 15  - 39 30 54 33 20 57 41 12 59 70  - 16  4  - 50  6 11 43  - 14 13 52 32  - 25 64 10  -
  2  - 67 66 61 31  -  - 43 32  -  - 65 59 18 30 37 25 10 36 63 21  - 24  - 47  - 56 19 53 15  - 51  7 26 14 23  - 41  - 42 69 45 54  3 46 13  1 20 57 16 48  - 27 68  -  - 52  9 34 70 22 44  8  4  -  -  -  - 40
 32 56 47 48 60  - 40 55  - 50 21 67 36 22  8 16 43 11  - 31 18  -  3  1  4 14  -  9 20 34  - 30  - 35 57  -  6 68 10  -  - 28 70 46 62  - 39 13  - 53 66 26 29 38 17  2 64  -  - 24 54  - 61  7 44 45 63  -  - 42
 50 55  -  3 37 10 61 15 27 51  5 57 23 43  - 49  1 30  - 60 21 44 58  - 12 62 14  -  9  - 18  - 45 66 56 19  - 34 11 24 53 38  - 48 63  - 29 67  7 46  - 64 47 22 40 31 70 41  4 65 42  -  6 17 39 13  - 33 32 54
  -  7 55  - 22  -  - 17 30 37 28 23 26  - 68 65  - 57  -  - 54 43 13 41 70  - 12  - 33 56  5  - 20 16  - 52 48 18 25 50 40 53  1 39 31 35 38  - 46 61 58  -  -  - 49 10  4 47 27 32  - 29 15 69  - 60 42 19  3 34
 61  -  - 64  4 32  9  -  - 69 22  1 59 48 63 47 19  6 38 42 65  - 51 37  - 20 44  7 31 54  - 57  - 39 50 43  3  -  - 12  - 68  -  5 25 16  - 28  - 18 41 14  - 15 10  8 67 24 62  - 33 35 55 40 29 70 27  2 53 26
 12 34 17 60 68 23 15  -  2 45 30  - 29  5 61  6 63  - 11 35 44 65 28 69 36 58 41 49 27  8 32 59 62 26  - 48 54 31 37 52  -  - 22  - 13  -  -  9  3 21 64  - 40  - 66 38 55 20  - 16  4 51 67 14 24  - 39  - 57  7
  -  8 44 58 40  - 22 43 56 54 31 45 20 63 23  - 33 50 21 70 19 36  -  5 38 39 48  3 24 51 29 32 64 30 13 42 59 62 65  - 66 35 16  -  - 52 60  7  - 14 37 53 69  - 57 27  6 55 12  - 34  - 11 26  - 41 46 67 61 17
 39 43 37 11  3 21  1 41 64 46  - 18 53 17  - 10  - 26  - 27  -  5 65 19  -  - 30 52  -  - 44 50 55 62 54 35  -  6 42  - 57  7 25 56 69 60 49 45 40 36 34  8 13 63 12 66  - 48 51 22 29 24 47  9 58 32 33 61 20  -
 69 20  -  -  1  6 58  3 42  - 32 53 25 38 29  - 64 27 62 59 36 52 55 63 21  - 57 68 65 48  - 18  - 37 47  5  - 26 34  8  - 45 19 33 43 41  -  - 11 44 49 51 60  4  2 15 40  9 13 70  -  -  7 66 28  -  - 39 56 10
 58 40  - 57 25 26 46 51 38  - 56 54 17  8 50 12  -  -  -  -  5  -  6 32 64  - 19 31  - 21 36 22  - 24 61 27 34 20 60 47 70 65  -  - 39 11  4 59 18 29  2 69 15 45 35 30 14  1 44  7 49 62 33  - 42 16 48 43 68 37
 16 69 64  1 62 70  - 36  -  7 51 68  - 41  2  - 50 42 63 22 43 19 40 54 52 15  9 29  - 28 12 25 53 17 37 33 13 30  - 11  4 46 21 27 26  -  - 39 55 56 67  - 44 59  - 65  -  -  - 10 14 18 31 60 35 20 66  -  -  6
 24 42  - 17 29  - 60 28 49 15 33  2  - 32  7 62 41 44 18 39  - 61 63 50 16  4  -  8  - 43 69 46 56  -  - 30 65  - 67 10 48 52 51 55 36 53 34 14  1 37 57 21 26 35  - 22  9 11 31  -  - 64 45 19 54 12  3 13 38 20
 63 18 10 53 42  - 39  - 26  - 14 43 11 40  -  5 56 15 28 17 50 46  4  - 35  -  8 59 44 32  - 20 68 57 52 45  1 16  - 23 34 51  - 21  - 37 25 61 27 64 55  - 49 41 30 70 69 29  -  - 67 54  2 36  - 22 31 24 62 48
  3  - 42  - 10 69 67 30 52 41  -  5 14  - 48  -  -  - 50 25  2 38 17  7 66 22  4  -  - 49  9 21 23 61 60 31 45  - 59 56 20  - 24 65 46 47 53 12 57 62 70 13  - 68 26 58 54 51 40 33  1  6  - 11 15 37 44 27  - 32
  - 68  -  - 16  2 54 61 69  - 70 58  - 64 43 44  - 20 59 14  -  3 29 26 56 49 36 41  5  -  - 13 38  1 23 11 12 22 45 60 67  -  -  -  - 62 19  - 24 51 63 30  - 50 25 17 21 39 48 37 15  - 46 35 34  7 47  - 33 18
 38 10 11 62 31 61 65  2  - 33 50 27 63  6  -  -  - 54 35  - 70 22 15  3 26  - 51 39 36 47  -  - 69 43  1 55 41 45 20 18 49 60  5  4 44 28  - 42 13 40  - 37 52 30 46 16 57  -  - 29  -  9 24 58  -  - 14 68 21 64
  1 66 12  - 47  - 33 32 65  - 61  -  - 28  - 39  - 24  -  7 38  9 36  -  -  8 68 55 40 11  4 42 25 50 30 56 21 29 15 16 31  - 69  3 64  - 37 19 14 20 35 57  - 44 23 67 46 54 58 45 59 10 18  6  - 26 22 63 34  -
  4 19 14 44 41 56 55  - 29 39 67 63 10 50 57 20 61 45 24  2  - 49 43 28  8 53  - 65  3 42  - 48 26 34 51 25 70 17 35 58 16 30 46 64  5 54  9 21 32  - 23 33  -  1 27 69  7  -  6 47 40 37 36 59 31 38  - 60  -  -
 11 38 50  - 12  - 52  - 54 27 58  7 67 29 39  9 69 65 43 62 26 41 44 36  -  -  - 47 25  - 46 70 35 10 49  - 15  -  1 61  - 42  - 18 20  4  8 48 64 32 28  - 53 55 59  - 66  - 14  -  5  - 17 24  2 21  - 51 16 57
