3920
 19 31  2 34 48 40  - 20 62 58  -  - 59 24  1  5 16  - 11  - 61 35 63 32 69 38 36 18 10 13 68  - 42  8 41  - 51 52 43 45 29 67 28 25 39  -  - 44 47 21 30  9 14 55  - 50 12  4 22 57 64 23 56 46  7 26  6 49  -  3
 48 35 51 12  9 57 26 65 66 30 62 32 47  - 33 43 28 11  5 70 14 59 54 46 34 17  6 20 29 41 56 10 19 38  4 24  -  - 23 42  1 22 36  7 13 52 15 45 55  - 50  - 18 16 39 58  - 64 21 63 25 49 44 27 67  2 53  - 31  8
 23 12 39 24 46 45  - 31 54 18 11 56 22 37  9 17 51 63 16 30  -  -  8 44  4 25 57  7 41  - 59  -  - 34 49 14 27  - 68 58 21 20  2 38 29 32 52 36  - 15 53 65 40  3 28  -  1 60 50 26 61 55 66 13 35 64  5  6 42  -
  - 43  -  - 26 52  7 41 34  - 40 45  -  - 53 70  4  1 29 24  - 67  - 21 44 27  - 35 50  -  3  - 22 15 68 30 60 59 25 54 32  - 58 37  2 56  5 16  - 13  - 47 55 65 33 63 69 31 23 19 17  - 57 28  9 39 42 12  8 38
 30 56 18  - 53 64 37 26 44 70  - 28 42 60 12 69  9  - 21 20 22 43  - 36 35 68 59 23 38  2 62 63  -  - 45  1 46  - 47 49 14  - 39 50 15  - 17 33 32 51 58  - 24  7  - 67  5 66  -  - 55  4  6 25  - 41  - 54  - 19
 39  -  9  5  - 12 56  - 49  - 57 58 37 16  6  3  - 65 60  7 54 17 43 67 29 61 48  - 62 28  4 42 52 63 30  8  -  - 14 35 34 41  - 31  - 64 46 27 18  1  - 50  -  - 10  -  2 55 53  - 15 25 11 44 68 24 70 20 66 47
 32 28  - 18 52 25 46 23 36 48 70 22 15 27 13  - 56 16 57 59  -  2 61  5 47  - 20 63 58 65 69 38 10 60  1 68 17  6 26 64 24  7 44 21 11  9 12  -  8  3 29  - 41 66  -  - 40 51 31 54 45  - 49 53 50 35 67  4  -  -
  4 44 29 42 36 33  - 34 37  -  - 62 23 61  - 46 49  3  - 16  5 40 55 27 38 66 26 24  -  - 54 12 48 22  -  6 31 13 63 21 58  - 47  - 57 69 50  - 52 39  7  -  2  -  - 18  - 35 70 60  8 41 45 19 53  -  9 15 64 20
  -  9 48 56 39 58  -  - 31 13 47  - 68  - 23  -  - 20  - 50 17  -  -  - 28 32  - 26  -  - 46  1 67 18  7 65  8 53 27 11  -  - 14 36 16  - 63  -  6 22 35 21  -  2 59  3 45 57 37 33 51 42 54 60 49 38 64 41 69 43
 27 24 22 35  7 62  -  -  - 42 61 23 50  4 48 31  - 39 14 18 36  - 37 54 17 13 19 15  2  - 55 25  - 53 60 44 12 63 45 47  6 30 51 58  -  -  3 10 28  - 59 66 69 34  8 64  9  - 43 40  -  5 38 26 11 56 68 52  - 32
 16  4 60 68 12 30  -  - 11 50  9  -  -  - 27 67  - 56  8  - 37  - 13 33  1  3 25  - 45 53  - 52 26 69 19 31 61 62  -  - 47  - 32 40 10 35 38 57 24  - 41 64 66  6 23 46 42 28 17  - 63  - 65 18  - 20 55 70 49 29
  -  -  1  -  -  - 64  - 25  - 44 60 14  2 56 61 53 31 26 69 43 66 30 23 41 28 12  - 47 68 11  9 35 13  -  - 57 24  4 18 10  - 20 49 48 38 29  7 15 34 54 58 19 33 16 45 67  - 65  -  - 17  5  - 59 32 52 55  6 42
 52 19  -  6 58 38 45 22 42  - 49 20 33 25 63 35  8 15 66 43 40 34  - 29  7 39  -  - 18 69 70 50 47 16  - 56  - 44  1 65  -  - 53  - 14 62  - 13 36  4 21 11  -  -  5 48 64 17 67 55 37 30 41 23  -  3 46  -  - 27
 15  3 50 31 38  - 23 10 51 22 25 40 17  - 43 62 24  - 35 19 69  - 68  2 63 53 21 65 26 36 27 67 60  - 11 58  - 66 59 57  4 46  - 47 70 33 13 42 16  6  8 54  - 39 56  - 52 45 48 20 49  - 29 30 55  9 61 28 41 44
  - 69 12 32 62 46 20 64  - 34  - 38  2  -  -  -  - 23 63  - 39 55 21 70 16  - 52 28  3 17  8 59 18 14  - 43  -  5 13 60 19 37  - 51 68 58 54 61 29 45 15  - 27 47 41  6 22 44 49  -  4  1 42  9 31  -  7 56 25 50
 54 17  - 60 13  4 42 30 23  -  - 52 28  5 18 20 61 66  - 26 57 46  - 41  8 62 58 11 19 21 25 34 56 68 50 37 16 40 65  6  - 64 55 12 51 14  - 39 33 47  - 15 29  - 69  - 10 49  1  -  -  - 48 70  2 36 38  -  9  7
 31 41 67 28 32 16 34 52  - 27 39 18 29 65 24 54 66 49  -  -  - 70 50  - 59 56 45 19  -  8 53 36 37  9 46 21  - 61 62 43 20 60 30 68 22  -  - 69 44 48  2 42  4 51 14 12 26 58 25 38  7  -  -  1 15 63 33 23  3 35
  1  -  4 65 35 28 51 70 63 60 69 42  -  7  3 36 10  - 25 14 50  5 12 53  - 16  8 34  - 64  - 48 41 29  - 15 11 45  9  - 17 23  - 54 56  - 40 47 22 31 33  - 58 30 52 20 43  -  6 46 13 18 21 67 26 61  - 62 38 59
 26 66 63  - 10  - 47 58 33 38  1 21 69 52 20 45 62 43 64 25 35 56 23 42  5  - 15 41  -  3  9  4 36 57  2  - 30 54 18 24 53 39 19  -  - 44  - 51  - 29 12  - 28 37 31 65  -  - 34  6 70 16 13  - 60 68 17 22 50 48
 70 10 34 27 47  7  - 69  2  - 59 57 13  - 58  1  -  - 33 36  - 48  -  3 49  8 38 29  6  - 16 17 51 28 37  -  -  9 40 23 50 52 26  - 20 18 14 63 39 12 64 35 42 46 60  5 21 65  - 62 67 54 22 32  - 66 45  -  - 55
 43 47 32 37 11 53 57  7  -  3  2 36 18 42 62  - 26 21 51  - 60 27  -  - 30 67 39  -  4  - 48 40  9 59  -  - 20  - 35 19  -  - 45 14  -  - 69 23 17 64  6 34  - 70 54 44 13 10 28 56  - 46 68 12 63 15 66  5 61 24
 66 67  - 44 40 37 11  6  - 26 20 14  - 41 38 29 50  -  3  5 49 61 34 57  2 36 55 60  -  4 33 68 65 23 42  -  1 31 15 46  7 19 62  - 64 28  - 70 35  9 25  - 56 18 32 30 51 54 52 13  -  - 39 24  8 22 43 16 21  -
 33 57  - 63  -  6 55 49 20 24 67 31 30 22 16  -  - 17 54 32 27 58 48  4 39  -  - 12 66 15 40  5 46 25 62 13  7 51 37  -  - 45 10  - 69 53  - 34 14 38 23 41  1 21  -  - 28 11 26  - 56 65 61 50 52 42  8 36 44 64
 47 36  - 15 18 11  -  - 69 68 17 46  8  1 65 41 48  - 49 12 51  -  -  - 66 59  -  -  9 60 32 58 39 24  -  7  - 25 67  -  -  3 57 30 33 45  -  - 23 62 44 53 50  5 21 70  4  6 19 31 35 40 27 55 42  - 16 34 20  -
  7  - 40 22 16 10  - 13 38 54 65 66 60  8  5 49 67  9  - 23 52 33 31 17 27  - 11 50 15  6 19  - 53  - 35  - 37  - 30  - 68  - 24 48 43 63  1 20 41 59 39  -  - 25 46 29 32 70 62  - 14 44 55  3 18  4 28 45 57 56
 17 29  6 64  - 19  8 36 12  -  4  - 41 51 42 38  -  - 28 60  -  - 45 11 70 15  - 10 69 61  -  3  2  7 23  -  - 49 58 33  -  5 52  - 21 43 39 40 56 18 16 48 30 35  1  - 44 67  - 53 32 62  9 63  - 13 57 59 24 68
  3 16 42  - 59  - 17 63 14 32 45  - 58  -  8  2  - 19 13 52 56  - 49 61 21  - 65  4 24 25  - 33  5  - 38 26 28 39  7 27 31 10 70 15 41 50 67 43 57 30 66  - 37 68 18  - 54  -  - 44 40 47 53 34 46  6  -  9 22 36
 35  - 30 21 67  - 48 19  7 61 28 47 31 13 49 51  -  -  -  2 32 57 36 43 62 65 14  -  8 20 34 41 70  6 33  - 23 16  - 38 37 50 12  9  - 15 59  1 26 25 42  -  -  - 27 55 11  - 39  -  - 29 46 54  4 10 56 66  5 17
  -  8  - 59 37  - 40 46  5  - 60 30 16 33  2 18 43 47 38 54 63  - 19 45  6  - 62 32 34  - 14 21 55 42  - 36 41 17 28 29 56  - 61 70 26 68 51 49 66  -  4 23  - 69 44 39 15  7 24 67 22  3 52 57 13  -  -  - 11  1
 67 14  -  - 60  8 63  - 64 23 43  4 49 19 59 47  - 22  - 48  -  -  9 37 56 45  2 55  - 58 65 53 54  - 10 51 35 50 46 52  - 12 25 24  -  7 34 26 69  - 38 30 57 28  3 31  -  - 66 21  1 68 15 62 44 29  - 27 13  -
 42 15 49 23 29 68 12  - 10 11  - 67 52 28 45 64 35 50 36 46  -  -  6 19 61 34 56 62 63  -  - 27 40  2  - 25 48 18 32  4 41  -  - 17  - 54 43 65 59  5 14  - 16  -  - 21 70  3 44 30 39 66 20  -  - 60 22  7 26  -
  8 70 43  - 64 51  - 57 47 41  - 33  - 67 22 42 45 26 20  1 65 60  2 40 31 12 63  5 52 10  - 14  - 37 61  -  - 27 34 48 54 18 15 23 30 59 56 25  3  - 36  -  7 17  -  - 53 19  4 16 69 39 28 11  - 44 29 21 68 49
  5 55  - 16  - 44 68 25 28 12 66 63 43 39  4 56 34 33  2 13  8 50 42 22  - 14 29  3 51 24 18  6  -  -  9 48  - 26 38 36  -  - 31 10  - 40 37 30 67  - 57 20  - 49 19 60 62  -  - 41 52 32  - 64 17  - 54 69 35 15
  - 68 41 57  - 69  5  - 52  - 63 13  -  - 70 23 33 42 46 51 16  -  3 56  - 40 44 61 54 14 64 20  - 45  - 17  - 67  -  8 30  6 35  - 12  - 31 62  -  - 47 37  - 22  9  7 66 50  -  -  - 34 24 29 38 19 59  1  -  4
 34 22  - 67 54 60  6  3 59  -  - 29  - 15 31  9  1 48 39 49 66  -  - 25  - 69 64 42 11 16 36 57 63 21 51 10 50 38 55 17  -  4  7 61  8  2 53 35 65 20 24 70 46 44 37 28  - 47 12 23 62 43 18  5 33 30 14 26 58 45
 60 48  - 66 23 36 39 44 35  4 27 16  -  9  7  - 22  - 61  - 12  -  - 26 51 70 50 46  - 56 49 13 15 33 43 41 29  -  3 32 18  -  6 55 58 19  - 37 31 63 11 59 10 38 67 54 24  - 42  1 34  - 64 40  5 62  - 30 17  -
 46 63 58  4  - 39 41  -  9 59 35  5 24 31 47 13  - 14 18  -  1  8 17 48  -  - 68 25  -  - 52 30 69  - 40 70 34 21 11 56 15 32  3 42  7  6 55 50 45 37 60 38 61 67 36  2  -  - 57 49  -  - 26 65 20 23 44 19  - 51
 68  - 23 43  -  -  - 14  6 28 12 15  3  - 44 63  - 37 55 53 34 47  7 64 20 30 42  - 40  1 10 70 33 58 32 45 65  - 29  9 62 13 56  - 46  - 19 41 48 52 49 26 39 11  - 17 36  8 16  2 21  - 60 66 24  5 27 67  4 61
 11 60 65 33 20 31  4 61 55  5 10 19  -  -  - 24  -  - 32 22 68 28 51  6 26 50 18 21  - 43 37 46 45 62 25  9 38  8 44  - 39  1  - 56 59 27 42 12 54 49  -  - 70 64 57 13 47  -  3 66  -  2 35 16 30 17 63  - 23 14
 63 33 24 26 68  -  - 45 65 55 36 59 48 18  - 30  - 44  - 11 15 39 53 69 13  -  4 66  - 12  -  - 32 67  6  - 25  - 61  1 23  9  - 35  3 10 16 56 51 19 40  - 54  - 62 38 27  - 46 64  5 31  7 52 21 57 50 17 29  -
 24  7 10 70  - 29 30  -  -  - 53 26 25 50 14 66  - 58  4 31 46 69 44 52 23 11  -  2 65 49 38 56  - 32 17 22 40 28 64 12 36 16 63 59 19 67 27 60 62 42  - 68  - 13 43 51  6  -  9  5 33 20 34 15 48 55 39 18 47 54
  - 11 57 45 49 56 53  9  - 19 32 64 62  - 26 15 17 13 42 61 31 54 52 65 50 51  3 58 23  - 41 60  1 40  -  5 43 10  - 22  - 29  - 44 27 12 66 21  7 67 37 55  - 63 20  -  8 18 14  - 28 70 33  -  - 59 35 25 48 30
 13 20 17  3 34 15 33  - 70 31  7  - 40 55  - 44  -  - 19  6 28 41 69  - 57 10  9 49  5 52 42 66 14 11 54 50 26 47 16 68 60 56  4  - 65 51 24 46 21 53 67 39 48 43  -  -  - 37 38 25 27  8 58 45 23  1 18 64 36 62
 55  -  -  2 17 59 70 60 18 44 23  -  -  - 57 52 42 41 10 29  -  - 39 62 25 46 40 45 33 50  5  7  - 61 13 35 67  - 54  - 28 31 68  6 37  4 11  - 19 27 32 14  - 48 53 16 65 30 15 51 26 69 12 36 56 34 47  - 63 22
 37 59 13 69 24 61 32 62 45 39 33 55 38  6 52 57 12 54 48 35  - 68 18 66 42  - 17 40 64 31 44 19 20 41 70 29  3  2 51 30 46 43 67 16 47 36 22 11  -  -  1  5 49 15  -  8  - 34 60  4  9  -  - 10 27 50  - 65 14  -
 22  - 11 46  - 66 16 21 53 17 34  -  1 63 28 40 54 36 45  4 55  6  -  - 64 57 41 67 20  5  2  - 43  - 18  - 32 70 31  -  8 44 42 62 61 37  - 15 30 56 13 27  9  - 35 14 23 68  7 12  - 38  -  -  3  - 24 58  - 60
 21  - 19 62  - 48 50  -  -  1 38  - 45 29 25 65 47  2  9  -  - 44 59 13 55 43 53 14 12  7 17 49 34 54 31 42 24 32  -  - 11 61  8  4 60  - 68 64 46 10 69  - 33 57 66 26 16 63 36 52 20 58 37 41 22 28 51 35 18 23
 41 49  -  1  -  -  -  - 68  6 21 44 66 30 40 55 65 70  - 39 42 38 15  - 11 54 16 43 17 26  - 31  8 46  - 62  9  7 22 50 27 47 13  -  4 20 60 48 34 57 10 24 64 58 45 25 61 14 18  - 19 35 51 69 29 12  - 32 52 28
  -  - 68  9  - 32  3 40 61 35  -  - 34 57 50 25  -  - 27  -  - 62 56  7 15 22 10  - 21 59 24  - 12 30 26 54  -  -  - 39  -  -  - 67  5 42 65  8 38 14  - 18 20  - 55 47 41 13  2 45 58 36 17 48 69 16 31 44 43 52
  - 30 26  -  - 70  -  -  - 20  - 51 19  - 66 50  -  - 62 40  9 22 33 15  - 44 67  6 25 37 23 64 68  4 53 38  - 35 49  -  2 69 16 39 63  - 21 28 12 46  - 29 17 36  - 10 48  - 61 27 60 14 43  8  1 11 58 42 34  -
 44 27 45 47 14  3 21 59 29 52 41 37  6 20 19  8 11  4 17 58 70  - 10 38  9  7 34 69  - 18 12 55 25 26 48 63  - 46  - 15  - 35 65 57  -  - 23  2 60 16  - 51  5  - 64 66 56 62 32 43 50 13 30 68 54 49  - 24 33 31
 36 26 14 11  2  -  - 24 19 69 42  9 27 54 21 68  - 51  6 55 44 13 66 47  -  1 32 17 31 57  - 35 50 65 15 39 45 43 48  3 63  - 60 46 28 30  4 59  5 70 56 22  - 12 34  -  7 25 29 61 16  -  8 49 62 33 23 37 10  -
 62 65  - 58 57 26 54 39 22  - 18  7 70  - 41 59 37 29  - 68  - 16  1  - 52 35 47  - 42 51  - 43 27 10  - 61 49 36  8  -  - 63 50 33 55 46 48 67  9  2  - 19 45  - 12 56 14 32 13  - 23 21  3  - 66 69 34 53 60 11
 64 23  7  - 51  - 49  - 41  - 68  2  -  - 69 26 36 24 34  - 10 42 62 12 53 18  5 22 39 44  6 11 17  - 27 57  4 58 56  - 33 55  - 19 52 61  -  - 37 32  - 16 21  1 65 15 46 38  - 29  3  - 14 35 28 47 20 60  -  -
 51 54 44 20 21  1 15 35 46  - 48 70 10  - 68  -  - 67 22 45  -  3  4  9 12  6 49 16 53 40 61 39 13 66 28 19  - 56  - 37 42 38 23 11 25 34 36 18 58  7  - 63 59 41 50  - 17 69  -  8 30  -  - 14  - 43 26  - 65  2
 12  - 70  - 30  -  -  -  - 10 29  -  7 14  - 11 13  - 40  9 33 32  5 60  3 47 27 48  - 46 28 65 31  - 39 69  - 37 57 59 25 54 64 18 34 23 26 58 63  - 52  - 68  -  - 42  - 15  - 50  - 67  4 51 41 21  1 38 45 66
  - 53 59 30 19  9 52  8  1 29 46 39 67  -  -  6 55 38 15 47 25  4 20 31 33  - 28  - 43 66 63 22 44  - 24  - 56 48  5  2 35  - 21 60 42  3 62 17 11 23 61  7 34 54 13 49 18 16 41 14 10 26  -  - 12 40  - 50 51 57
 29  -  - 19  - 17 28  -  8 45  3 10 35 70 36 21 44 62 50  - 20  1  - 58 14  - 31 47 60  - 43 23 59 39 65 64 42 12  - 61 67 51 48 69 54  - 30 55  -  - 22 13 15 52  2 24 34 53  -  - 46 57 63  7 32 18 11  - 16  6
 38 42 54  - 69 43 19  -  -  7  -  3  - 35 51  - 39  - 41 34 59 30 27 18 36  - 13 33  1 23 50 24 64 55 12 67  -  - 20 31  - 26  9 52 62 70  6 53 40  - 46  4 25  - 48 57 60 22  - 37 66  -  - 17  - 14 49  -  2 16
  -  5  - 54 15  2 18 53 26  -  - 41 64 17 30  - 27  7 43  3 47 23 32  8 48 49 46 52 70  9 13 61 38 44 29 60 39 20 12  - 69 68 11 45 35 16  - 24  1 66 65  6 36 59 40 34 50 56 33 58  - 51 10  -  - 67 37 63  - 21
 56 62 36 50 44 27 31 47 48 64 51  8 57 49 39 16  5  6 65 10 21 63 67 35  - 52 30  1  - 38 22 69 58 20 59 34  - 41 19  -  - 28  - 66 17  -  9 29  - 33 43 45 26 23  -  -  - 24 68  7  2 15 25 42 70 53 32 14 46 13
 14 38 46 51 41  - 62 27 24 36 56 43  9 10 29 60  -  -  - 66 11 12 40  - 45  - 37 59 13 42 21  -  4 17 34 18 47  3 70 44 55 57  5 28  6 48 58 54  -  - 68 67 53  -  - 23 20 26  8 65  -  -  -  2 64 52 15 39  7 63
 18  6 33 25 42 20 60 16  - 65 55 61 11 44  - 34 40 32 23 28 62 31  - 68 54  5  - 56 35 63  - 37  7  -  - 52 59 30  - 41 57 58  -  1  -  - 49  - 13 24  9  2  - 19 29  4 38 39 47 15 12 48 69 21 45  8  - 46  -  -
 69 61  3 41  - 35  - 11 39 47 37 24 26 53 60  4 52 12  7 15 58 36 16  - 67 31 70 64 27 54 66 29 30  - 44  - 22 34 10 51 49 42 18 43  9  -  2 19  -  - 55 46  -  8  6  - 57  5 63 68 65 59  1  -  - 45 13 48  - 40
 50  1 47 10 33  5 13  - 30 16 14  -  - 40 46 32 68  - 12 21 23 18 64 63 19  9  7 57 37 62 26 15 11 31 55 53 52 65 17 67 44 24 59 20 66  8 41 22 49 69  3 60 35 27 42 36 58  - 45 28  - 61  - 38 43 70  4 51 56  -
 20  - 25  - 27 50  - 43 56  - 54  -  - 23  -  7  2 69 44 63 67  -  - 24 22  4  1 51 68  - 31  - 57 52 47  -  - 64 42 53 48 21 37  3 38 29 18  9 70 60  -  8 62  - 15 41 33  - 55  - 11  6  - 61 58 46 30 13 40  -
 59 46  8  -  - 63 65 50 15 57 52 35 36  - 32 28 38  5  - 27  2 51  -  -  - 48 23 30  7 11  1  -  - 19 64 40  -  4 33 66 70 17 41 13 45  - 20  - 42  -  -  - 60 62 26  - 31 12 69 10 29  9 67 56 34 25  - 61 37  -
  9 34  - 13  - 41 22  -  -  8 64 53  - 36 15 48  - 68 24 42 18 19 46 14  - 63 51 39 30 67 29 45 49  1  3 23  - 55 21 16 43  - 17 26 50 66 57  - 10 11 20 33  - 31 38  - 25  -  - 35  -  7  - 47 37 58 69  2 28  5
 28 32 16 55  6  - 29  2  -  - 22 17 46 66 54 37  -  8 56 38  - 65 11 34 58 60 69 27 59  -  7 51  - 35 20 12 10 14 41 62  -  -  - 64 24 57  - 52  - 68 70 25 67 26  4  9 30 23  - 47  - 19 36  -  - 31  - 40  1 18
 58  - 52  -  5  - 10 42 27 15  - 68 61  3 37 14 23 57 59 17 38 21 28  - 43 26 33 70 67  - 45 62  6 49  8 20 63 22 53  - 66  2 29  - 44 11 32  4 64 36 51 12  - 56  -  1 55  - 35 48 18 24 50 31  - 54  -  - 30 46
