3920
 70  -  - 13 29 23 62  - 50 65 31 66  - 33  - 45 16 22  2 63  -  - 39  9 42  - 48  8  - 19 69  5  - 64  -  - 54 47  7 10 44  - 56 52 21 20  - 26 11 41 36 28  -  6  4 58 30 25 68 24 55 17  - 57  -  -  -  -  - 40
  - 29 18 28  - 55  -  4 34 69 48 67  - 31 53 20 35 13  7 39 22 41  - 21 40 60  9  -  2 52 15 37  6 17 47  - 58 42 14 63 10 12  - 46  - 43 51 27 70 19  -  - 66 59 11 23 26  8 65 33  3  - 61  - 49 25 36  - 57 50
 23 15 19 33 43 53  - 58 44  2 12 38 21 61 52 40  -  8 47 32 28 63 60 26 55 56 20 10  -  - 39 25  - 50 24  - 69 22 62  -  - 64 45 59 57  5 29 35 48 16  - 54 51 34 27 67  9 41 14 13  1 37 36  7 46  -  -  6  4 65
 18 42 51 61  8 49 29 23 60  1  - 30 44  - 36 64 31  2 59 21  - 46 57 55 54 19 33  - 32 17 16 65  - 10  - 11  -  -  9  -  - 39 15  6  - 22 70 69 14 47  -  - 50  -  7  5  - 20 67 38 62 26  -  - 24  - 12 53 37  4
 19  2 26  - 69  - 55 28 48  -  - 10  - 58  -  5  - 16 61 57  6 12  -  - 38 67  - 54 29 42  -  1 25 53  9 70 14 17 11 32 31 62  - 40 41 63  8 24 44  - 37 15 20 49 52 13 50 27 39 35 22  -  7 30  -  - 34 33 45 68
 45 62  - 23 30 12 67 60 11 28 68 36  2  - 50 22  - 24 35 29 27 53 64 17 13 63 10 42 58 20  3  -  - 48  -  1 26 61 16 54 37  -  - 14 56 25 55 33  - 49  - 19 69  7 15 18  - 39  -  6 40  -  9  - 65  -  5 46 52  -
 32 22 30  4 21 39 12  - 26  - 46  - 56  - 41  7 28 35  - 64 68  8 20 50 63 52 55  - 11 18 40 51 61 27 19 13 42  3 59 70 47 65 10 15 16  6 58 34  - 69 54 67 49 45 25  - 57  5 33 37 24  2 66 60 17 36 62 23 43 14
 27 19 69 42  3 22 60  8 43  -  2 26  - 23 37 65  7 11 33 56 41  4  - 28 48  -  5 49 46 40  -  - 17 44 51 59 24 52  1 12 30 34 55 58 25  - 54 66 15 35  - 16  6  - 21  - 14 50 63 10 32  9 39  - 29 18 38  - 64  -
 11 24 25 10 35  8  - 40 66 39 69 32 30  -  5 61 47  -  - 31  -  -  -  - 45  - 60 43 70 62 41 67  - 13 16 12  6  - 37 42  - 22 28  4 18 23 33 14 57 56 68  - 38 51  - 21  1  7  9  2  - 46 59 58 36 55 26 27  -  -
 54  -  - 48  - 13 61 36 25 27 44  2 12  - 68 60  5  -  3 65 26  -  -  - 34  9 39 59 15 23 19 66 16  - 67 22 63 62 24 69  1 29 21 41 47 38 50 37  8 51  - 42 46 10 32 55  -  4 43 52 33 35 18  - 14 64 70 31 11 30
 37  1  -  -  - 68 35 48  -  - 53 16  -  3 64  - 65 31 51 20  - 60 28 41 12 44 63 62 24  - 21  -  - 49  - 27 66  - 13  2 67 10  - 43 39 52 32  - 54 42 58 18  4  - 17  -  5  6  8 69 34 55 45  - 30 47 40  9 38 23
 33 67  7  - 39 58 32 42 23 54 47  -  - 34 26 11  -  6 53 66  4 50 59 70 41 61  - 22 38 51 37  -  -  -  - 25 12 29  - 15  - 44  8  - 69  - 49  - 60 52  -  -  -  1 16 27 45 64  - 30  5  -  - 24 18  9  - 28 19 48
 59 23 32 44 45 54  - 27  -  - 34 52 64 37 28 17 24 58 12  2 48 15 66  - 46  7 70  6 41 65 20 40 42 60 49 62  1 38 43 61 51 55 26 35  - 53 19  -  4  -  -  - 33  - 39 10 67  -  - 29 57 21 56 47  5  - 69  3 22  -
 66 28 55  1  -  - 24 50 12 31 20 59  8 47 18 48 63  - 16 52  7  9  - 33 60  - 42  - 67 44 10 64 39  2 65 51 61 69 38 30 56 41 36 13 23  4 46  6 62 45 15 70 22  -  -  - 32 35 26 25 37 19 14 40 11  - 53 58 49  5
 38  - 42  - 12  - 15  9  5 70  - 13  - 69  -  4 40 57 20  3 55 28 14 36 68 62 47  - 65 37  - 34 10 31 25 45 11  6 49 67 21  1 27 44 64 66 22  2 63  7 51  8 39 32 46 17 43 24 35 60 48 53 23 56 33 50  - 16 29 19
  - 64 16  - 54  - 50 30 46  -  -  9 45 13 69 29  2 49 42  - 70 34  - 38 44  8 62  -  4 55 65 53 23  - 28  -  - 32 19  - 12 51  3 39  - 59  - 57 36 22  - 10  - 35 66 60 56  - 11  -  -  -  - 26 48 68 47 25  1  6
 30 44 50 38  5 24  - 52  4 56  - 64 34  2  - 23  8 51 58  - 17  3 19 63 39 26 12 18  -  1  - 13 28 25 10  -  9 21  - 43 53  7 48  -  - 42 11 61 29 68 32  - 36  - 62 33 22  - 31 47 16 41 60  6 40  -  -  - 54 57
 12 47 28 58 14 19 43 29  9 44 50 33 22 67 38 31 56 59 54  - 39 24  - 42 70  -  -  - 40  5 30 45 68 65 21  -  -  - 66 48  4 27 13 63  - 62  - 53 25 20  - 36 15 64 41  3 51 10 69 17 60 52 55 61 57  1  -  8 34 26
 43 16  - 66 59  - 25 65 18 52 67  - 69 51 22  - 12  4  - 13  -  -  - 27  8  - 53 64 50 41  - 33  -  1 35 20 62 34 45  -  - 17 37 47  - 26 68 30 46  5 14 44 70  - 10 40  - 58 42 49 63 57 21 36 54  -  -  7 48  -
  3 12 56 17  -  - 39 22 32  -  - 24  1 55  - 15 14 41  -  - 36 44  -  4  6 25 57  - 47 30 61 59 11 42 34 69  8 37 26 23  - 45  - 21 13 48 20 40 65 62 38 35 31 68  5 16 54  2 46  - 53 10  - 28  9 33 43 49 66  7
  - 34 54 40  2  -  - 32 52 46 21 14 49 44  9 47 48  - 11  - 10 65 51 37 67 68 50 30  8 70 60 38 33 69  - 63 41 56 23  -  - 61 43 66 55 28 36 39  5 26 57 12  -  3 53 42 62  -  -  7 25  -  1  4 45 35  - 59 17 13
  - 20 10 54  - 61 19 33 64 51  - 58 35  8 40 63 50 53 48 69 65  - 34 18  -  - 22  -  1  4  - 27 43 70 26  6 59 45  -  -  - 46 29  -  -  9  7 21 42 57 41 13 17 38 55 31 52 32 24  - 68 15 25 66  -  5 37 56 47 67
  -  - 63  -  - 11 23  - 57  3  -  6 55 38 46 27 44  1 34 58  - 69 24 13 15 64 51 40 54 36 22 30 19 26 52 65 21  -  - 35 50  4 62  2 45 68 67 47 53 29 10 25 56  5 59  - 17 28  - 61 42 33  8 20  7 70 14 12 32  -
 41 10  4 37 27  7 47  5 36 13 18 35 39 25 43  -  - 40 57 53 30 31 52 24 50 17  -  - 26 59 11 23 29 67 12 42 49 46  - 44 34  9  - 55 48 19 38 22  1  8 63  - 62  - 14  - 65  -  - 56  - 70 69 68 32  - 28 21  3  -
 60 46 66  - 20 70  -  7 40 43 11 37 51 54  - 13 36 26  - 47 57  - 23 45  3 35  2 63 42  8 38 69 41 62 59  5 39 31 15 28  -  - 32 22 14 44 27 18 16 25 29  4 19 67 56  1  6 55 34 58 50 61 48 17 12  - 21 10  9  -
 46 58  -  7  1  - 36  -  8 50 13 68  - 32 57 18 61  - 69  - 59  - 33 11 65 42  - 38 64  - 43  - 26 47  6  -  4 14 41 25 19  - 49 17 52  2 66 54 35 48 28 55  - 44 45 29 27 37 10 12 70  - 20 15  - 23 31  5 60 24
 22  - 31  - 65  4  - 12  - 37  - 18 13 41 63  - 45 38  - 43  - 48  -  2 20 23 58 46  9 15 42 11 51 59  - 40 35 53 30 16  - 49  1  7 66  - 57 62 26 55 27  6 10 24 29  - 36 33 47  5  - 50 68 32 19 34 52 17 44  3
 16 49 12 35  9  - 53 11 33 45  - 51 52  -  8  - 60 21 39  -  - 68  5  - 37 69 25 48 56 22  7 62 67 32 44 26 10 20 70 64  - 43 41  - 54 31 14 65 50  4 55 58 13 15 57 59  2 23 19 36 27 34  -  3 61 28 29 66 63 18
 40 11  - 25 67  1  - 15  - 59 57 17 27 53 47  - 42 20 45  -  - 23  - 60 61 10 13 24 52  - 56 18  2 12 69 46  -  7 36 62 64 21 30 26 19 32 65  3 43  -  -  9  - 63 37 35 49 31  -  -  8  6 51 54 50 66  - 48  - 58
 62 31 17 60 10 25 13 55  - 23  -  - 65 59 15 36  - 34 28  7 64 57 63  - 47  -  1 69  -  - 29 19 24  - 66  - 27 49 48  3 11  -  - 20 50  - 30 41 33  2  9 56  8 21 26  - 18 53  4 22 51 39 38 37 70 12 61 44  6 46
  -  8 57 47  - 63 69 46 49 10 60 48  -  - 45 70 51  5 43 42  -  - 44 56  - 11 66 34  - 33  9 52 64  4 37 50 17 65  - 58  2 20 31 36 24 55 18 68 27 54  3 14  7  -  -  6 13 29  - 19 61 32  -  - 26 38 41  -  - 39
 35 38 37  8 53  - 26 18  - 16 65 47 33 15 17 66 43 48 27  9 69 42  - 30 57 22  - 36 23  6  -  7 58 46  - 44 70 63 12  4 68 56 14 24 40 39  2 67 49 21 64 31  - 11 50 52  - 60 29  3 54 20 62 10 28 19  - 55 59 32
 61  - 64 55 23  -  - 31 63 21 59  - 32 19 34 37 53  - 10 11 29 70  - 22 58 57 15 13 60 56 50 28 36 33 38 17 25 40  - 66  5 69 47 65  -  - 26  - 51 67 48 39 35  4 68 44  7 16  1 18 14 30 46  - 41 62  2 54 24  -
 20  -  5  - 33 37 59 19  - 26 49  -  - 63  4 14 29  - 22 54 35  - 27 10 17 43 56  - 69 24 58  2 50  - 45  -  - 44 25  - 46 32 70  3 34  -  -  - 41  -  8  - 42 53 31  - 61 13 28 68  - 66 57  -  - 15 39 11 36 38
  7 50 34 56 13 35 65  - 20 36  -  -  - 27  -  2 23 14 41  - 40 33 22 52 43 18 26 15  5 57 44 24  4 68 39 10 45  - 32  -  9 66 53 69  6  - 59 48 28 30  - 64 11  - 54 49 31  - 38 62 21 42 58  1  8  - 67 60 61 16
 26 35 46  - 66  - 34  3 54 32 61 40 19 68 24  - 58 36  6 60 44 10 49 23 21 30  8 57 27 69 17 15  1  -  5 43  2 64 53 20 63 18 59 51  - 45 48 55 37  -  -  - 41 70  -  - 16 38 22  4 39  -  - 11  - 42  - 14  7 12
 69  6 60  -  - 59 57 21 38  5 26 50  - 42 30 16 17 61  9 10  - 55 13 39  - 33  - 51 62  - 25 36 44  -  7 34 43 54  4  -  8 14 40 67 53  3 45 11 56  1 35 23 32 58 28  - 15 48 27 20 19  - 24  2 66 65 64  - 46 63
 56 48 33 57 24 42  5 34 14 15  1 46 66 62  - 67 68 43 25 44 45 32  8 64 23 12  4 39 30 35 49 31 47 54 22 53  - 59 28  -  - 58 38 16 20 40 10 52 17  -  - 21 37 55  - 19  - 51  -  -  6  -  - 69 27 13  7 65 50  2
  -  3  2 36 58 60 41 49 19 42 63  -  4 52 51 12 67 15 37  - 62  -  1 57 28  5 35 68 59 46 24  6 70 45 43 47 64 39 20 17  - 54 25  9  - 50 61  8 10 40 44 30 29 23  - 65 69 26  -  - 56 22 27 38 16  - 32  - 14 31
 44 59 65  9 55 33 21  - 58  - 43 39 60 36  1 24 10  7  - 50 37 25  - 35 30 15 49 11 28 27  -  - 48  - 14  - 67  - 51 68 18  8  -  - 46 29 69 70 19 13 66  5  -  -  6 32 41 52  - 64 26 38  - 16 47  -  - 57 42 20
  -  - 11 16 64 48  - 39 27  -  7 69  - 30 23  3 34 63 44  4 46  5 61 31 35 59 36 66  6  - 47  8 53 51  - 29 13 15 68 57 45  - 18 50 22 10  - 56 52 32 65 41 40 14  - 24  - 12  - 42  9 62  - 19  - 26 33  1 55 54
 29 30  - 21  - 32  -  - 16 17 28 25 37  -  6  -  - 42  8 45  - 19  - 49 11 39 67  - 53 60 48 10 62 55 36  7 46 24  5  - 14 35 57 38 27 41 44  4 59 58  - 68  9 65 23 47 33 66 56 31  - 13 54 64  - 63  3 52  - 22
  9  - 38 11 48  -  1 17 45  7 54 60 61 20  - 53  - 67  - 14 51 27 46 15 16  - 30 32 43  - 31  - 13 35 56  - 29  -  - 47  -  - 66 19  -  - 37 44 18 12  6  - 68 28 69 62 70 40  5 39  - 24 63 59 58  - 42 34  -  -
 48 14 44 59  7 69 49 70 31 53 23 41  -  - 62 42 22 28  - 61 60 58 10 47 32 45 38 65 68  - 33  9 55 18 29 21 51 57 17 27 25 40  - 11 26 56 13  - 24 15 12 34 16  2 35 30 20 67 37  - 52  3  4 46  -  - 19 36  5  -
 65  -  - 12  - 38 51 35  - 64 36 34 29  - 19 44 57 46 24 49 18 30 37 43 52 14 59  - 13 48 53 26  9  - 31 32 16  8  - 21 55 23 58 25 70  -  1  7  3 50  5 69 45  - 61  2  - 42 66 40  - 67 41 63  -  - 54 22 62 10
  4  - 68 46 61 10 22  -  - 14  8 11 20 43 42 58  - 47 21 41 66 64  - 69 19 50 29 26 17 45 51  - 49  7 53  -  -  - 57 33 52 70  9 27  1 54 12 15 40 38 60 62 24  -  3 34 35 63  - 28  - 48 67 55 31 30 56 37 25 59
  - 51 45 26 50 47 33  - 35 34  - 12 57 39 61 56 25 32 40 70  - 11  9  1 22 65  - 52 44 13 67 21  5 14  - 55 31 68 58  6 38 28 42 60  2  8 24 59  - 17  -  - 27 16 20 66  4 62 30  - 18 36 10 43  - 54 63 19 23 29
 58  -  8  -  - 28 46 57 51  - 37 45 26 16 59 25 20 54  - 40 50 36 47  - 18 55 69 53 10 66 35 12  - 29  -  9  5  - 33 39  6  3 67 32  7 24  -  - 13 64 62  -  1 30 44 43 63 17 52 27  4 49 65 14 68 22 48 15  2  -
 67 13  6 29 25 56 54 10 37 41 24  7 14  9 66 26 11 64  5 62  -  -  4 32 27 36 43  3 61  - 52 16 69 39 23 28 48 18 44 22 57  - 34 45 60 35  -  - 47 46  - 33 53 20 65  -  8 30 17 59 49  1 15 42 38 21 58 51 12 55
 13  7  - 27  - 36  - 37 67 62 66 44  5  -  - 51 55 30 15 16 53 17 43 29  2  4 34  -  - 47  6 54  - 24 48  - 19  1  -  8 39 59 64 33  9  - 21 46  - 63 45  - 25 61 58  -  - 18  3  -  - 60 11 12  -  -  - 41 65  -
 10 36 49 51 18  - 52 66 65 47  - 27 43 26 55 28 46  - 68  -  -  - 62 19  9 37  - 25 35  - 54 56 40  5 20 38  - 12 34 59 22  2  6  8  4 70 41 17 21 31 61  -  -  -  1 15 53 69 44 50  7  -  3 13  - 11  - 45 58  -
 64 32  3 18 63 14  6 67 24 35 17 56  7 10  2 49  1 69 66 25 42  - 55  - 59  - 45  4 33 54 36 47 30 43 58 52 65 70 46  - 16 68 61 28 62 27  5 29 20 11 40 48 26  9 38  - 19  - 60 34 41  - 44  8 21 39 22 50 15 51
 52  -  - 70 68 41 48  2 28 49  5 29 42  - 67 50  -  3  - 18  - 22 12 14  -  - 23 27 25 16  - 32 35 56 33 30 53  - 54 46 17 47 65  - 37 58 15 43 61  - 39 24 64 13  8  - 34  -  - 51 11  - 19 21  6  4 10 63  - 44
  6 69 48 43 51 46 18  -  3  8 38  - 70 24 65 59  - 37 13 55  - 21 56  7 66 29 64  9 31 49 27  - 60 11 62 57 40 67 39  5 32 19 12 10  - 36 35 58 34 61  - 17 14 52 30  4 23  1 53 41 45 16 22 25  -  2 50 20 68 28
 57 17 29  5 15  - 64 24 41  -  - 49 31 11 13 21 59 19  -  - 20 54 26  - 51 38 28  - 66 10 18 68 65 58  -  2 32 30  8 60 27 25  - 53 33 61 56  - 12  3 52 43 55  -  -  - 44 70 36 23 46 45 42 48 34 14 16 67  -  -
  - 45 52  - 19 20 58  -  - 55 10  - 18 60 56  -  6 50 49 15 34 43 31  -  5 27  -  1 48  3  - 42  8 23  4 39 36  - 63  9 66 13 22  - 59 30 40  - 32 70  -  7  - 26 47 46 24 11  - 54 29 68 35 33 69  -  -  - 21 25
 28 40  - 69  4 16  7 25 29  - 30 57 17 35 39 19 18  - 46 36 31  6 15 51  - 58 44 23 21 14 34  - 45  - 41 37 47 26 64 53 62  - 63  5  -  - 42 38  - 27  1 32 65 12  -  -  3  - 59  8 13 54  -  - 60  -  - 68 10  -
 25 60 41 50 22  - 66 47 39 33 62 61 46 49 20  - 30 65 17  - 56 38 67 68  7 48 40 14 36  - 70  4  3  8 54 19 15  - 31  -  -  - 23 29  5  - 64 12  6  -  -  2  -  - 18 11 37 21 13 45 35 28 53 51 10 24  - 42 16 27
 47 43 24 53 40 64  4 14  7  -  - 23 63  5  - 55  - 62  1 19  8 61 68 58 56 13 27 41 39  2 46  - 12  - 32 31 50  - 21  - 59 15  - 30 44 18 34 10 45 33  -  3 54 22 51  9 38 49 25 57 67 11 16 52 35  - 66 26  - 70
 68 53  9 45 36 18 40 59  1 60 27 42  - 17  3  -  - 70 14  -  - 39 32 65 26 20 54  5  - 29  2 48 21 52 50  4 44 11  - 24  7 31 16 23 51  - 25 13 58 34 22 38 61  - 63 28 64  - 57 67 10 12  6 49 55 69  8 43 41 35
 24 63  -  6 49  - 10 61 42 40 32 20  -  1 16 34 19  - 70  - 13  - 58  8 25  -  - 55  3 43 12 46 22 38 17 33 30  2 60 50 54  5  - 62 35  - 52  -  -  -  - 27 21 41  9 14 29 56 18  - 64 44  -  - 37  -  - 47  - 66
 51 18 27  - 57 66 56 20 55  6 19  - 23 14 25  - 69 44 36  - 63 26  - 59 62  - 17  - 12  -  - 58 52  -  1 64 28 33  - 29 13 60  2 68  - 21  -  9 38  - 16 49 67 54  -  7  - 34 48  - 30  8 32 45 42 53 35 61 70 47
 55  - 62  2  -  - 38  -  - 25  - 63 11 65 54 35 27 33 26  8 24 20  7 48 10  -  - 44 34  - 64  - 32 21 13 14  - 28 52 56  - 37 19 18 43  1  3 49 30 36 23 61  -  - 42 39 58  - 40  - 12  4 47  5 51 16  - 29 67 69
  - 33 67 32 41  - 28 45 22  - 29  8  - 56  - 54 39 25 19 68 14 13 35 20 64 16 61 37  - 53  5 55 18 63 27  3  - 10 40 26  - 11 52  - 49 15  6 60  9 66 21 59 48 46 70 38 47 36 58  - 65 69 17 34  1 44  -  4 30 62
 39 65 53  - 46 29 17 64 56 24 41 28 38 70 32  8  - 52 60 59 58 35 69 66  1 54 21  -  - 61 13 57 37 16 68 18 20 27  - 14 26  - 11 48 10 12  4  5 23  9  2 45 47 31 33 63 42 44  6  - 36 43 40 67 15  - 25 62 51  -
 34 56 13 20  - 30  9  -  - 57 45 31  - 22 21 46 41 55 63  5  - 14  - 44 36 47 52 33  - 26 23 43  7 19 42 58 68 25  - 49 48 16 39 61 17 51 62 50 67 24  - 37 28  8 12 69 40  3 54  1 66 27 29 35 59 60  4 64 53 15
  8 25 35  - 42 21 11 56 10 29  4 54  - 18 44 30 62 66  -  6 61  7 38 67  -  - 32  - 55 28 68 70 14 15 57 60 52 41 69  -  - 48 24 64 36 34 47 20  - 65 46 53  - 50 43  - 12 19 51 16  - 58  5 27 63  - 17 39  - 49
 42 55 14 39 44 67 27  - 47 18 25 22 62 45  7  -  -  -  - 48 11  1  - 12  4  6 19 17 63 21  - 61 57 41 30  8  -  - 29 31 35 53  5 49 58 65 28 51 68 10 24 50  3 33 36 20  -  - 70 15 38 59 34 23 52 46 60  2 40 64
 63 21  - 24 37 65  3  -  - 66 33  4 67  - 35 38  9  - 18 26 25 47 48 54  - 49  7 70  - 64 57 17 31  6 55 56 22 50  - 36 28 52  - 34 12 13 53 32  2 44  - 20  - 42 19  8 10 68  - 46 58 51 43 39 23 41 15  - 69 11
 53  - 59 52  -  9 45  - 62 30  - 21  - 40 11  - 70  - 67 12  - 18 17 46 31 24  - 19 22 34  -  -  - 57  - 15  -  5 42  7 29  6 44 54 61 47 23  -  - 37 33 66 60 36 48 51 55 65 32 26 43 25 13  - 20 27  1 35  - 41
