3920
 31 15 37 64 52 65 29 19  - 53 51  - 50 60 20 61  - 22 43 14 24  - 66 30  - 27  - 17 68 62 56 55  4  -  7  8 18  -  1  -  - 32  2 36  -  - 70  -  -  - 39 12 44 58 26  6 69 41 67 10 21 46 23 16 13 48 25 47 54 40
 20 69 48 65 47 38  -  - 43 29 52  - 17  -  -  8 60  - 53  - 36 19 68 10 15 25 56  -  - 21 35 40 63 39  4 16 41  -  2  5 61 28  - 45 24 18 50 26 34  - 67  3 31 32 33  - 51  -  -  - 59 58 62 23 14 64 46  - 22  7
 58  - 53  1 61 11 32  - 70 48 26 10 18 35 43  9 33 19 12 50 41 14 37 20 55 57 27 44 28 49  - 66  - 22  - 34 69 15  -  3  -  -  4  -  - 39 59 42  - 54 46 64 56  - 40 31  - 13  5 67 68 24 63  - 29  6 16 65  - 36
  - 18  - 70  9 14 51  -  - 63 46  -  3 39 56 41  - 15  -  - 44 16  - 43 69 31 58  -  - 25  - 13 26 62 36 60 68  - 19  - 33 45 21 12 54  -  2  1 42 61 66 29 40  8 53 20 35 17 47 11  -  - 64 57  -  - 65 38 50  -
 14 48 70 32 45 62  -  - 50 60 49 23 41 69  2 68 36  - 51 25 46  - 58  - 17 35 20 40  - 38 21 43  6 56 33 31 34 39  3  - 44 15 61 37 22 63 67  8  - 53 52 10 24 65  - 55 42  - 19  9 66  5  - 29 47 54 30 26 27 11
 33  -  -  - 34 25 59 47 17  - 35  3 39  - 68 19  1 27  - 36  - 10  7  -  - 40 22 53  - 57 61 62 51 65 64 12 45  8  9 67 20 44 55 14 28 23 24 30 32 46  2 54 70 52 69  - 58  5 43 26  - 38 21  - 41 56 50 18 48 29
 35  - 20 52 37  - 43 51 30  - 56 15 49 34  -  -  4 36 44  -  - 23 26 42 25 11 14 59 58 10 47 18  - 28 66  -  -  9 24 39 63 69 67 32 41 12 17  - 33  - 55  8 60  - 31  - 65 40 68 62 16 50 22 48  1  -  6 54  7 13
 56  - 24 50 19  - 49 17 58 34 23 16 62  6 63  - 54  - 65 33  3 51 35 14 41 21  -  2 60  -  - 32 42  - 40 38 30  -  -  -  4 26  -  - 70 27  - 55 67 18 12  - 25 66  -  7 48  -  - 29 20 64  - 13 39 46  -  - 10 44
  6 52  - 46 31 16 54 50 29  - 25 40 28 68 24 42 44 10 26 63 53 47 38 18 23 61  5 49 30  1  - 12 37  - 19 41 20 13  - 22 27 35 64  - 51 66 58  - 17 69  7 33 59 36 43  2  8 14 34 65  - 32 11 45 70  - 67  3 39 62
 64 58  -  - 12 46 30  2  7 11 45  - 52 26  - 43 24 35 56 70  - 33 47  5  - 54 18 23 21  - 10 48  - 32 15  -  9 67  -  -  -  - 38 19 20 69 34  - 31 42 22 13 29 51  - 36 27 53  -  -  - 65 57 63 61  4 17 16  - 60
 54  6  8  - 68 59 47 10 11 44 13  - 29 45  -  1 39 17  - 12  - 37 31 49  - 69 19 27  - 28 38  4  - 26 30  - 24 40 18  - 46  - 62 60 66  - 51 67  -  - 34 22 32 15  -  5 52 50  - 33  -  -  9  7 64  3 58  - 36 42
  -  2 17 13 63 24 68 69  - 33 27 54  8 53 28 39  -  - 61 57 59 45 23 26 35  9 43 50  1 42 55  - 65 18 47 67 10 51 14  - 64  - 31 22  -  - 30 40 37 56 32 46  - 29 60 15  3  - 21 48  - 20  - 34  5 62 49 36 70 25
  -  - 56 61 43 41 26  5  3 47  - 51 12 28  6  - 45 55  2  8 60  - 64 32  -  - 16 37  -  - 63 38 40  1 20 18 42 36 13 53  - 50  - 25 46 52 15 21  4 23 14 11 34 24 48  -  -  9 10 22 19  - 30 59 67  -  7 29  - 66
 69 29 46 14 16 27  7 68 23  - 28 36  -  - 37 35  - 47 13  - 45  - 59  1  - 44  3 70 33 60 19 63  2  9 17 48 25  -  - 31 41 66 30 61  6 49 12 10 26 57 18  - 58 62 15 53  4 22  - 42 34  - 56 21 43 39 40  8 32 52
 34 30 26  4 25 22 52 62 46 58 63 49 67 61  - 56  - 11  9 16  5 60 45  - 32  6 24  - 50  -  - 27 18 15 31 70  8 33 54 64 55 47 20 65  1  - 19 39 23 68  -  - 14 13 38 42  7  -  3 21  - 66 40 10  - 35 69  -  2 48
  5  7  - 22 62 28 44 52 12  1 59 70 32 31  9 14  2 20  4 13 42 53  -  - 29  - 35 45  3 58 26  - 67  - 18 69 54 41 61  6 43 56 37 21  8 25  - 24 40 51 57  - 19 34 17 46  - 64 15  - 39 48 27 60  -  -  - 66  - 47
 59  3 39 33 38 58 31  7 69  5 21 60 57 56  - 49 46 65  - 24 26  1 13 27 34 45  - 61 32 70 29 67 64 19  - 44 15 62 20  8 10 25 18  -  - 17 66 28 14 50 36 48  - 35 63 47 68 37 40  -  9 43  4 55 51  - 12 42 52 30
 62  1  - 55  6 49 46 26  - 14 47 37 58 64  4 11 67 21 27 68 31  -  - 45 53 23 10 18  - 48 69  5 24 70 13 56 57 34 41  9 59 38 65  - 32 61 22 50 43 30  - 40  - 42 54 66 12  -  7  2  -  - 33  -  - 44  3 20 29 63
 16  -  -  -  - 61 62 36  9  - 57  - 45  -  5 40 23 70 59  - 22 34 11 47  4  - 55  1 56 64  - 50  - 13 37 43 31  - 60  - 12 54 26 42 49 67  - 63 10 41  -  -  - 38  -  -  - 25 52 35 48 53 66  6  - 24  2 69 20 32
 11  - 10 20 49 36 63 28 13 59  - 65 24 33 14 44 27  2  - 66 57 21  9  -  - 55 30 29 17 67  - 61 15  - 68  6 40 22 64 41 19  5 42 38 37 60  7  3  -  - 56 35 23  1 50  8 25 45 62  -  - 18 26 70 34  - 54 58 12 46
 43 45 41 68 48  3  -  -  - 61 30 21 25 49 32 65 12 62 23  5 51  -  2 70 20 37 50 47 55 34 33 17  9 36 46  1 66  -  - 63 15 57  - 16 27 59  4  7 28 38 10 26 67 54  - 14 39 31  - 24 13 42 53 19  - 60  - 52  8  -
  - 27 15  3 17 21 58  - 33 69  - 57 54  -  - 46  -  - 67  6 32 12 50  2 52  -  7 55 31 66 49  - 28 47  -  - 35 56  8  - 68 43 39  9  - 22 14  - 20 16  - 30  - 25  5 24 23  - 45 64  -  - 51 62  4 65  - 37 40 18
  - 60  1 31 56  - 67 66 28  - 37  - 47 30  -  3 16 64 34  - 33 70  -  - 45 68 61  -  -  -  -  - 17  7 57 54 44 24 43  - 18 53 51 10 14 13  -  - 39  8 20  -  - 40 29  -  - 58 27 32 50 22 38  2 59  - 48 62  9  -
 29 54  - 60 70 15 34 39 18  9 36 22  4  - 23 37 42 14 69  - 50 41 67 48 33 52  6 31 12  2  - 65 11  - 45  7 49 66 21 44  - 24 56  - 59 62  1 17  5  -  8 19 55  - 64 26 40 32 30 27 61  3 68  - 28 10 47 25 35 53
 12 17  -  - 22 64 24 63  8 19 65  -  7 10  - 38 18 23 45  -  - 67  4 39 11 51 70 32 57 31 66  -  - 58 55  2 47  1 49 42 62 36 60 43 40 41 48 20 15 33  3 34  - 59 52 29 30 44 56  5 46 14 16 35  - 68  9 50 28 54
 40 42 35 29 54  2 45  - 37  - 10 25 55  8 34 32 47 61 24  - 27 58  -  - 21  -  9  - 15  -  - 30 44 23  3 63 51 59 56 16 65 18 17  6 57 19 26  - 38 31  5 53 36  7 70 49 62  - 41 60 64 11 48 68 69  -  - 13 46 22
  4 31 40 59 69 30  - 21 54  - 14 35  - 13 22 16  - 52 64 53 48  8 27 66  -  - 38  -  - 24  9 19 29 12  2  -  5 45 23  - 39  6 58  7 60 50 57  - 18  - 41 25 65 33 47  - 17 63 61 49  1  -  -  - 56 15 20 32 44  3
 67 66 11  8 24 13  2 54 61  - 33 46 15 70 39  - 65 43 19  1 55 36 22  4  - 12 45 68 52 40 32 44 27  5 10  - 58 14 53  - 42  7 34 17 26 20 29  -  -  - 31 23 37  3 21 16 41 48  - 47 35  9  - 25  6 50  - 56 62 49
  - 25  -  -  - 52 42 58 56 35  - 55  - 27 33 63 51  - 40 39  - 46  - 67  2 65  -  - 41  6  4 64 36  8 50 47 19 69 31 18 23 62 68  - 12  -  - 32  - 21 48 61 10 30 45 11 43 20 13 59  -  - 54  3 16 22 14 70 17 26
  - 57 32  - 66 39 64 44  6 49  - 41 60 14 26 18 35  - 50 31 28  4 40 56 27  1  - 22 61  3 45 20 62 24 65 59  - 29 42 46 11 51 23 68 15  - 63 70 58 19 17 16 21  - 10 33  - 30 53 52  5  - 43 38  9 25 37 67  - 12
 61  - 42 43 33 47 56 31 66  3 53 52  1 21  - 13 10 41  - 27 15 32 63 54 68 22  - 67  2  - 23 36 60 44 34 19  - 50 40  - 70  - 59 29 16 48  8 14 55  7 64 51 69 20 35 37  - 18  -  6 65  -  -  4 12  - 57  -  - 38
 39  5 52 21  - 19  - 48 15  8 22  - 27  7 16  6 56 13  - 35 38 59 54  9  - 70 68 63 44  - 42 26  - 34 69 46 37  - 12 29 30  - 32 66 55 53  - 23  -  - 40  -  3 43  - 57  - 60 33  4 24  - 14 50 45 18 51 28 65  1
  7 68  9  - 55  8 27 65 63 39 64 66 61 52 62  2 14 67 57 21 23 69 28 37  - 32 44 10 40 43 46 53  - 50 54 36  1  6 47 20 35  3 29 26 34 45 38  4 56  - 25  -  - 19 30 41 11 42 70 58  - 51 13 12 60 59 31 24  - 33
 46  - 59  - 29  -  - 14 10  - 32 28 19  - 12  - 37 40  6 18  - 64 33  - 31 58 15 42 45 35 22 24 61 49  1  4 21  -  -  -  9 34 43 55  - 47 11 52 48 66  - 39 20  - 68  - 60 16  - 70 69 30 50  -  3 57 44  5 26 17
 52 12 45  9 10 56 38 15 24 13  -  1 46  -  - 36 63  3 21 22 18  - 48  6 64 16 32  8 25 65  2 11 39  - 44 29 26  -  7  - 66  4  5 28 47 54 53 57  -  - 35 70 62 69 49 40 61 67 37 55 30 31 42 27 50 17 41  -  - 14
  - 36 67 38  4  9 23 29 59 24 62 19  - 17 40  - 70 25 55 47  -  -  3 33  7 15  -  - 26  - 68 10 12 64 49 51 39 37 50 13  1 20 57  8  - 43 18  - 27 45 65 60  - 11 42 30  - 52 63 14 28 16 32  - 35 34  5  - 21 69
 30 67 43 44 36  7  1 55 47  2 20  - 42 63  8 17  6  -  - 23 58 25 57 69 46 41  4 34 14 16 64 33 54 27 53  - 22  - 62 11  - 19  - 40 61  - 10 18  9 13 50 38 28 26 66 59  - 51  -  3 32 56 24 37 15 12 21 68 31 70
 10  -  5 69 42 23  3 32  -  - 39 33  -  2  - 28 26  - 36  - 43  7 14  - 18  4  - 21 37 29  6 16 48 59 25 62 61 30 65  - 24 17 46  1 52 11 41 35 54 49 51 15 45 50 58  - 44 66  - 13  - 19 55 67 68 47  -  - 56 20
 41  - 21 19 57 53 12 27 35 15 38 18 70 65  - 54 52 58 11 26 17  -  - 29  8 13 64 20  9  5 50  -  1  3 48 39 56 43 67 14 69 60  - 24 45 30 25  - 59  - 37  -  - 10 16 23 31 33  - 46 49 68  -  -  - 66  4 61 47 34
  - 16  4 41 30 17 13 42 40  - 60 26  9  -  1 47 61 31 38 10 39 27 69 22  - 46 54  3 11 52 62 51 32 33 56 65 64  7 35 45 34 48 24 57 36 68 37 59  6  - 43 66  - 70  -  - 29  2 18 28 14 21 15 20  8 58  - 19  5 23
 19 22  - 58 27 20 25 35 34 41  -  -  -  5 70 50  7 44 63 67 40 55 43 38 66  8 51 15 53 46  - 57  - 17 52 49  - 60  6 32 14 39  3  - 18 56 31 29 47  2 21 37 61 16  4 28  1  - 42 12 33 36 10 24 48  - 62 23 64  9
 66 46 64 34  2 10 33 60 52 57 70 59 56 36  -  -  8 29 22  - 65  - 12  - 47 18 21  - 67 11 14 37 41  - 39 17  - 38 45 24  5  - 69 15 63 55  - 44  3 25  1 20 50 23 61  9 32 35  4  -  -  6  7 49 19 26 28 53  - 68
 27  -  - 30 60  -  -  3  1 36 43 56  2 48  - 15 59 32 62 44 11 24 19 31 38 47  - 35 69  -  - 49 58 53  - 13 14 17  - 10  6  8 12 63  9  - 40 41 68  - 33  -  -  4  - 65 66 55  - 57 42 61 39  -  - 70 18 45 25 50
  9  - 58 56 35 34 60 53 64  - 41 69 30 66  -  - 57 26  1  - 67  - 52 51 40 59 31  6 29 36 24 28  3 25 62 68 55 44 10 38 16 14 48 33  4  5 39 13 70 43 42 45  - 47 20  - 15 65  -  8 17  -  2 32 46 19 63 27 18 37
 22 56 66 35 21 69 50 49 20 65 67 17 13  9  - 52 34 28  -  -  - 29 62  - 37 30 40 57 38 14 18 46  - 60 24 23 43  4 15 25  3 70 36 31 42  1 32  -  8 12 26 47 53 41 51 61 10 27 58 45 44 55 59 11 54  5 39 63 33  6
 68 14 30  2 50 43 11 34 38 27 44 31  -  - 65  -  -  1  7 29 52 63 70 55  3 60 67 36 24  - 48 56 20 54 41 61 16 47  - 57 53 49  - 64 23  8 42  9 12 17  - 32  5  -  - 35 13 21 22 69 58  4 19 39 33 37 26 40  6 51
 47 10 22  5 28 26 41 43  - 16 24 61  - 67 15 34  -  -  3 48  - 57 25 44  -  - 63 62 36  9  - 68  - 35  -  - 60  - 38  - 37 11  - 59 53  2 49  6 30 52  - 21 66  - 19 39 70  - 32 31  4 29  - 42 27 20 23 51  1 58
 45 47 50 24 58 57  - 23 36 38  3  7 53 40 69  4 19 51  - 20 30 13  1 62 49 66  - 16 42 61  -  2 10 63 11  - 52 32 70  - 25 12 33 48 17 64 44 56 21  - 54  -  - 39 67 68  9  -  - 18 41 27  - 15 22 14 34  6  -  -
  - 50 25 15  - 54 21  - 39 62  6 13 51 19 35  -  3 53 31 60 20  - 42 41 44 64 48  - 59 22 17 29 16  - 70 58 12 63 27  4 26 40 28 18  5 65  - 43 66  -  9 56  - 37 36 32 14 10  -  -  -  -  - 47  - 52 68 30 38 57
 26 37  6 27 39  -  4  - 16 55 58 47 48 12 42 20 69 34 28 43 49  9 36 46 13 56 23 24 35  - 65 22  5 52 14  - 32  - 30 19  - 29 25 50 31  - 21 54  7 10 61  1 68 64 62 70  - 38 66 17  - 44 45  - 57 63  - 11  -  2
 15  4 31 67 23  5 14 40 68 37 11  9  6 42 54 26  - 66 47 17  - 38 56  - 24 43  -  - 34  -  3  8  - 57 61 45  -  - 46 48 22  - 16 41 58 51 28  - 65 20 69 63  - 49 32 10 53 62  2 25 29 12  -  1  7 36 35 64 59 39
 18 33 55  6 65 48 40  1  -  -  4 32 23  - 61 58 20  5 54 11 37 49 10 21 19 24 47 41 13  -  -  - 45  - 29 50  3 16 17  - 36  9 52 27  2 31  - 62 35 44  - 69  7 53 12 60 64 28 26 51 67 15 34 56 66 38 42 39  -  8
  - 63  2 54 41 67  9 12  -  6 68 38 40  - 60  - 29 69  - 15  4 50 44  - 51 26 34  - 20  - 53 39 22  - 42 27 23 28 48 37 32 64 10 70 43 57 33 19 11  3  - 59 30  -  7 21 24 56 35 36 62 52 65 61 58 16 45  1 49  5
  3 49 19 39  -  - 55 57  - 22 61 34 14 24 67 12  - 56 33  - 35 66 20 17  - 29 28 65 47 13  5 41 31 46 26 32 53 42  -  2 58  -  7 11 48  -  -  - 25  -  6 18 54 27  1 64 16 23  8 38 63 69  - 40 30 43  - 44 60  -
 38  - 54  - 67 42  - 46  - 40  7  -  - 43 10 66 32 57  - 56 62 35 15 24 65  2 49  -  5 30 41 34 53 48  - 11  - 31 26 12  - 37 63  -  3 21 20 33 50 27 70 68 39  - 14 18  -  8  -  1 25 23 69 17 52 51 55  -  4 45
 57 40 34  7  -  - 22 20 19  - 48 53 31 62  - 24 66  -  - 32 29  5  -  3 28  - 42 51  -  8 67  - 38 41 23 37 70 52 69 35  2 65 47  4 25  - 64 60 46  - 58  -  -  - 27 56 59 54  - 43  6 63 36  -  -  1 61 10 14  -
  - 21 16 25  1  - 17 67 55 26  - 68 35  3 19 27 31 42  5 38 70 56 34  - 43 50  8 64 10 69  - 59  7  -  9  - 63 20  -  - 52 46 13 53  - 24 62 36 29 37  -  - 47  6 22 48  - 15  - 66 40 49 58 54 18  - 32  - 61  -
 60  - 28 40 18 50 15 37 53 52  - 11 69 16 29 70 30  8 66 61  - 48 49 59  -  5 46 58 39 27  1  - 56 55 32 10 17  - 22 65  -  - 19 23 62  9  - 68 63 36  4 42 64 12  2 25  6 43 20  - 38 57 67 14 44  - 13 21 45  -
  - 55  - 12  - 44 10 11 57 66 18  -  -  4  -  - 48 46 17 62  -  - 51 15 70 14 26  9  - 56 58 35 52 37 43 22 67 23 32 27 38 63  8  5  - 16  3 25  -  6  - 36  - 28 59  - 34  - 39  - 45 33 29 69 40  - 60 41 13 61
  - 28 18  - 26 33 48 13 51 56 15 12 11 32  - 64 43 60  8 58 10  - 55 23  5 39 25  4  -  7 52  1 21 66 16  -  2  - 29 47 54 42  -  - 50 38  - 22 19 62 30 65  9 63  6  - 20 34 17 61 57 35  - 36 49 40 27  - 67 59
 70 61 12 17  5 40 53  - 32 43 55 67 20 11  - 48 15  4 18  9 68 39 29 34 57  - 33 69 65  - 16 58 23 45 51 21 59  - 63 62 50 10 66  2 30  7 35  - 22  - 28  6  8 56  -  3 54 49  1 37 36 47 60 41  - 13  - 14 42 27
 36  - 38 48 64  6  5 24 26  7 54  4 34 59 66 29 21  - 58 69 16  - 65 68 39  - 62  -  8 23 40 70  -  -  - 35  - 25 33 60 31 13 22 49 56  - 52 47 44 11 19 27 17 18 57 45 46 12 51 53 37 67  -  - 32 55  1  2 41 15
 51  9 62  -  - 55 35 38  - 68 66  6 44 47 45 60 40  - 10 42 25 65  5 58  1 67 13 56 63 18  - 15  8 20 28 57 46 21 39 34  - 22 54  3 69 37  - 12 61 26  - 41 16  - 24 17 36  4 29 50 70 59 31  - 53 23 64  - 19 43
 28 32 69 49  - 18 19  -  -  -  -  2 16 54 27 57 25 30 15 64  - 62 46 13  - 53 65 52  4  - 37 47 34 40  - 24 48  - 44 17 29 41  6 51 21 42 23 31 45 39 60 50  - 22 11 58 56  7 38 63  -  1  3  8 20 61 66 55 68  -
  - 35  - 28 40 31  6 56 49 45 17  - 59  - 48 25 58  - 41 55 34 52  8 64 12 63 53 33  - 44  7 54 13  2 27 66  - 10 11  - 21  - 70 39 29 32 47 65 51 14 38  5  1 68 46 19 37 61  -  -  - 60 20 18 24  - 43 15 69  4
  - 65 33 51 59 70  - 18 62 32  1 20  - 50 46  7  - 49 14  - 64 26 30 61  - 48  -  - 54 12 27  9  - 10 21 42  - 57 34  -  -  - 53  - 68  6  - 45 13 60  -  - 35 67  - 38 28 29 44 15  3  -  -  - 63 69 36 17 11 55
  8 41 51 57 44 32 66 61 21 10 50 30 37 58  -  - 11 16 68 49  - 17  - 25 14 28  1 39 22 55 13 31 33  6  - 20 36 48 59 69  - 27  9 67 65 70  - 53 24 35 63 62 15  5 34 52  2  3 23  -  - 26  - 46 42 29 19  - 43 64
 50 39 14 42 53 29 28 64  - 51  9  - 21 23 18 22 55  -  - 41  -  6 61  - 30 34 11  - 49 54 36  - 43  4 67  3 65 27 68 58 47  -  1  - 10 46 13 16 62 40 44  2 57 45 25  - 63 26 48 20 15 17 70  5  - 33 59 35 37 56
 17  - 13  -  3 35 39 16 48 54  -  -  - 29  - 21  9 45 70  - 69 18 53 63  6  - 66  7 27 20  - 52  - 67 22 15  - 46 28 50 40 61 49 44  -  4 60 58  1  - 23 43 51 31 37 62  -  - 24 41  2 25 47  - 36  8 56 12 30 19
 13  - 27 26 46 66 65  -  - 20 40  - 63 55 59 10  - 38 35 45  - 54 18 36 42  3 37  -  - 32 34 69  -  - 60  9  - 19  4  1 49 68 50 58  - 15 16 11  - 22 47  - 41  - 39  - 21  6 14 56 12  2  -  - 23 31  - 48 53 24
