3920
  - 24  8 53 12 45  - 68 44  - 29 20  - 52  - 67 49 31  - 64 60 34  3 63  - 58 14 41 19 23 35 33  - 59  1 55  - 70 16 57 51  - 15 27  7 39 54 10 46  -  6 38 42 18 21 26 32 43 40  9 62 28 22  - 66 37 47 48  -  4
 12 49 59 17 18 25 50 64 33 20 57 41 43 66  -  3 11 48  -  -  -  - 44 47 60 54  4 46  - 45  - 53  - 65 32 10  - 51 69  -  - 61  7 56 58  -  8  - 40 70 21 24 67 36 52 37 34  1 28  6 19 63 39  - 55 30 15 23  - 62
 68  -  9 49 29  -  - 38 48 32 19  - 14 16 10 41  - 61 43 34  2 65 47  - 50 17 60 28 44 57 42 23 63 70 11 21 12  6 46  8 18 40 66 24  - 35 51  - 37 30  - 62 22 45 53 33 54 56 27  7 58 25 52 67 39 59 20  1 69 55
  - 34 65 16  -  3  - 52 21  -  9 12 68  - 67 13  - 43 23 45 37 53 59 70 19  -  - 14 66 56 17  - 42 39 44 11 35  - 61  2 69 48 64  6 26 50 41 18  -  1 32 33  - 51 25 55 60 36 30 27  -  - 28 47 29  - 40 57 15  8
  - 51  - 29 30 70 34  -  2 49 69  7  - 12 36 14  - 40  -  - 20 13 45 44 55 57 47 19  -  5 50 15  - 37 31 42 66 54 58 25  4 11  -  - 67  - 60 33 38 46 28 27  - 61 56  - 18 24 53  -  1  9 10  3 43  - 22 16 48 52
 17  - 48 12 34  1 56  8 13  - 52  4 18  -  - 42 57 15  -  2  - 16 60 66 49 32 43 55 36 26 59 68 10 64  - 62 19 21 70 20  7 38  - 50 25 61 47 63 35  6 37 23 33  5 22  - 40 41 14 46 29 31 11 39 44  - 53 58 51  -
 26  -  -  - 37 23  3 69 43 48 16 49 19 45 47 40 39 70  - 58  9 18 28  - 44 27  7 50 11  - 66 51  6 29 62  2  - 42 59  - 36 13 14  5 34  8 21 61 25  - 55 17 38 12 15  - 20  - 24 52 32 41  -  - 64 67  - 53  4 63
  - 58  - 55 49 19 57 42 59 70 22 25  - 24  -  2 37  - 53 51 67 64 34 46  -  - 32 30 39 35 11  6 52 68 38 44 61 15  3 50 62  5  9 10 66 21 18 16 17  -  7 69 54 43 14  8 12 40 26  1  - 60  4 48  - 23 31 33 56  -
  - 56 22  - 57 31 33 54 10 64 61  - 53 44 38 62 60 25 36 40  6 14 63 23  - 52  - 58 29  -  - 27 18 32 20 47 42 67 15 48  2  - 13  -  3 30  7 21 66 37  5 12 46 34 16 28 24  -  - 45 39  - 59 55 51 26 17  - 19 69
 15 28 49 67  -  -  -  2  - 12 21  - 24 22 11 19 53 37 18  -  - 36  - 25  - 35 17 56  - 48 68  - 69 66 26 16 64  -  - 55 60 45 65 38  - 31 61 39 58  4 43 59 62 14 13  3 23 10  -  -  - 27 46  6 42  -  -  8 40  -
  - 37 39 52 43  - 54  - 23 53 10  - 25  2 50  6  - 24 47 13 12 29  1 42 31 67 63  - 61  9 60  - 14 20 56 59  - 32 68 65 22 46 45  8 19 28 66 70  - 34 49 57 18  - 17  4 62 44 35 64 41 33 58 30 40 69  7 27  - 15
 43 55 56  -  6 47 37  - 65 35 36 30  - 51  3 50 21  7 67 33 40 62 61 20 46 44 53 27  4  1  - 16  -  -  -  9 17 49 14 64 54 70  2 63 38  - 25 29 34 31  - 45 60 66  -  - 69 52  - 28 12 58  - 18 10 11  - 42 22 19
 14  2  - 58 15 38 70  - 42 45 25  - 67  -  - 11 28 35 39 47 52 48 55 16 57  7 62  1 10 50 20 31 41 24 12 22  9 59 26 34  8 60 40  -  - 46 37 44 65 17 51 30  - 13  -  - 27 61 64  - 21  3 69  5  - 18 43  -  - 49
 21 65 47 39 20  - 12 36  - 63 70 60  6 35 37 55 29 16 19 57 10 15  - 22  -  - 58 24 27 46 69 59  - 18 17 28 50 38 40  - 64 41 42  - 49 13  1  9  - 48 61 34 52  -  - 67 66  3 45 14 31  -  2 26 32  7 33  5 53 44
 35 68  - 64 32 24  - 57 56  - 34 13 45 10  - 28 18 20  -  - 29 60  - 26 54 61 40  3 48 33 38 42  - 31 37  - 16 25 63  4  1  6 23 30 12 17 69 55 51 36 66  7 59 19 47 65 58 21  - 15 27 14 67 11  9  5  -  2 39  -
  -  -  -  - 25 66 16 61 27  2 37 36 22  7  - 21  -  4 33 42 28 55  - 24 38 30 68  - 18  - 48 13  -  9  - 39 69 53 43  - 10  8 59 17  - 62 11  -  6 57  - 20  - 32 44 54 70 14  5  - 50  - 35 40  3 12 46 51 65 60
 64  - 43 51 66 42 49 16  - 26 59  - 17 40 53 68 46 19 69 18  - 41 67  6  2 62 38  4 50 60 57 34  -  -  - 12 14  3  - 21 29  -  8 61 35 37 13 52  - 58 47 11  -  - 63  9 56 70 31 24 10 20 23 54 33 39  -  7 30  5
  5 26 44 10  2  - 11 41 55 40 50 65 52 54  - 70  9 49  6 69  - 28 58  -  4 33 42 53 23 30  - 18 35 60 48 13  -  -  -  - 47 63 38 15 57  - 22 66  1 56 36 31  7 46 62 27  - 39 21 17 51 43  8 59 14 61 16 34 12 64
 24  - 57 32  -  -  9 45 37 60 31 16  - 50 25 46  - 12  - 19 22 40 43  1 27 14  -  - 58  6 51 65 66 55 52 15 39 13 38  5  - 53 63 11  8 70 17 62 21 64 44 67 29 59  3  - 42  - 61  4  - 49  7 23  2 28 54 36  - 34
  - 14  - 21 44 37 67  - 52  - 47 15 23  - 17 63 33 65 60 53  5  -  - 30 62 50  1 16  2 61  4 32  - 41 18  - 25  - 51  - 68  - 39 26 59 24 57  -  -  9 48 42 56  7 64 22 46  - 66 35 55  - 38 49 70  -  - 28  - 10
  7 63 38 47 68 50 60 44 40  - 55  - 30 18 46 17 54 59 64 11 62  - 16 35 58 25 56 21 15 32 52 66 26 23 53 24  6 14  - 70  - 39  5 33 51 57 20 49  -  3  1  9 45 31 29  2 13 69 67 10 36 22 27 37 12 65 48 41  8  -
 40 70 23 15  -  - 58 46 62  - 66  3 59 61 48  -  -  8 45  - 47  -  2  - 16 29  - 31 28 12  -  - 53  - 39  - 27  5 49 63  - 17  -  4  1  - 26 41 10  7  -  -  - 69 33 38 51  6  - 55  -  - 19 24 67 64 11 60 37 57
 13 46 64  - 40 30 35 15 57 10 32  -  - 68 56  - 43  - 52 49 53 17 33  3 34 12 61 66  -  - 18 24  - 63  -  -  - 22 21 39 23 19  - 60  -  1  6  - 41 20 14 29 44 38  - 47  - 58 69 54  4 70 25  7  - 55 67 45 42 26
 27 57 54 26 51  - 66 56 17  5 42  -  - 46 18  - 38 52 13  -  - 69 41  9  -  8 19 45 14 10 67 39 24 62  7  - 15  4 29 59 31 49 25  1  -  3 43 64 16 40 53  2 20 33  - 58 22 35  -  -  - 23  - 44  - 68 36  6 50 32
 48 12  - 14 17  -  - 33 50 27  1  - 15 39 28 57  - 42 40  -  - 51 20 65 13  9  -  2 45 36 26 47 29 25 35 60  - 56 53 31  - 21  - 16 61 49 24 43  4 41 62 32  3 54  7 10  5 67  -  8 63 46 55 22 30 58  - 69 38 59
  2  9  - 35  - 64 63 49 31 33 56 43  5  -  -  7 59 47  - 36 48 39 29 45 67 55 23 17 51 69  6 12 27 15 61 50 18 26 32 24  3 37 41 28 21  -  -  -  8 19 16  4 66 11 20  - 30 46 62 53 54 44 40 42  1 38 14 70 25  -
 45 48 15 23  - 27 30 34 70 67  - 14  -  1 54 31 16  - 11  8  - 68 57 38  - 66 29 26 37  3 47  - 58 69 42 64  - 61  - 44 24  7  - 36 63  - 35  - 12 53 60 49 21 52  6  5  9 25 65 51 18  - 20 19 50 41 28 59  2 39
 32  3 20 36  -  2 52 60 69 58 63 39 38  8 51  1 19 56 68 46 34 44  5  -  6 21 16  - 64 62 29 40  - 61  -  - 54  - 10  - 12  -  - 45  4 67  - 53 50  -  -  - 65 28 24 15 37 66 22 70 49 57 48  -  - 13  - 31 23 17
  4 13 28 33  - 44 41 39 51 19 18  9  7 15 66 12 47 58  - 32 45 22 23 31  3  -  - 57  - 27 54 62 70 30 43  - 52  1 25  - 65 34 53 21 11  -  - 46 49  5 56 64 48 35  -  - 14 37 59 68 17  - 60  8  -  - 24 29  - 61
 44 47 58 69 22  -  8 65 39 59 48 32  - 17  -  -  - 33 54  9  -  2 30 64 10  - 15  6 70 14 56  - 37 43 13 36 45 50 27  -  - 35 16 67 41  - 23 51 55 24  - 25  - 42 68  -  4 28 34  - 60  1 62 53  - 40 19 12  -  -
 11 19  -  - 36 34 14 17  - 15 68 47 49 43  - 51  6  9 28  3 38 33 42  - 56  1  - 12 21  7  - 20 30  - 54 58 70 46  - 53 37 59 35 41 64  5  - 57 69 13  - 66 55  - 50 29 48  - 32 25  2  - 45 62 26 31 23 44 67 24
 31  1 61  -  - 53  - 20 29 14  6  2 57 47  - 64 58 69 37 39 56 26 11  - 66  -  - 70 33 51 28 43  8 52 63  5  - 17 62 41 16 68 34 22 24 10  - 35 45 55 46 18 25 44  - 59 50  7  4 32 38 42 54 15 19  - 30 67  - 12
 10 38 18 31 58 67  -  1 28 56  2 62 37 36 59  9  -  - 41 27 11 52 26  -  5  - 50 68 16 24  8 45  7 14 60 32 23 63 33 54 21 20 12 44 46 53 19 48 30 39 35 65 15 25 34 64 43 55 13 22 61 66 17 29 47  3 57  4 70  6
  3  - 40 34 67 35 42 12 61 21  -  8 28  - 31 45 41 50  - 14  - 43 70 68  -  - 24 20 52 19 13 30  2  -  5  - 44 48  9 26 11 15 22 49 47 33 29 17 18 66  - 55  -  - 36  - 10 27 38 23 59 39  - 58 60 57 69 54 62  -
 34  4 13  - 48  - 18 40 54  - 65 21 42 30 33 27  -  - 32  - 69  - 56  - 15  5  8  - 57 25 36 58 67 45 66 49  -  - 50  -  -  -  - 46  - 43  9 22  - 35 63 53 24 62  1 12 26 64 23  -  -  - 16 17 28 19 52 37  6  -
 22 50 70  - 65  - 20 28 35 34 40 38 21 11 52 69 61  - 62  4  - 23  -  -  - 36 27  -  3 37 10 67 31 16 19 45 32 66  5 42  9 57 43  - 17 18 48 12 56 63  -  -  8  1  - 49 47 13 68 58 33  -  - 25  7  - 26 55 24 54
 42  - 41 65 59  -  - 18 16 62  - 27  3 32 43  5 34 57 29 17 25  - 21  - 35 22 54 37 40  -  - 60 28  7  -  1  - 31  6 56 52 24 68 19 15 63 53 36 14 44 70  -  9  4 58 61 67 50 47 26 48  - 51 33 23 45  - 20 64 38
 29  -  3 45 41 62 19  - 20  6 64 24 58 69 55 18 52 68 15  5 17 25 22 12  1 23 51 59 65 39  -  -  - 54  - 63 56 33  7 14 42 43 27 47 60 16  2  - 57  8 26 10 34 37  - 53 36 30  9 38 40 21  -  -  4 44 61 32 28 67
  1 41  -  - 14 54 28 67 46 51 38 63  - 60  - 59  - 53  - 24  7 30 36  4 33 16  3  -  8 11 70 25 44 27 68 57 37 34  - 29 39  9 52 66  - 42 15 23 26 32 10 19 13 65 55 21 61  - 58 31 43  5 64 69 49 47 18 56 20 40
 52 16 55 18 21  -  2 31 24 11  7 19 61 41 45 60 27 62 63  -  -  1 49 67 47 51  -  8 69  4 53 26 22 38 70  6  - 39 66 33  - 23 20 35  5 40 59 50  - 12  - 43 14 68 37 17 64 48 25 42  - 15 57 34 46  9  - 13 44 65
  - 67 25 24 19 29 55 14 68 36  4 50  1 28  5 15 22 46 27 12  - 20  - 17  7 49 30 54  - 38 61 63  -  - 58 69  8 43 64 37  - 42 10 48 44 26 62 59  9 52 45 51 11 56 18 41  -  2 39 60 13  - 70 21 31  6  -  - 47 35
 19 40  -  4  - 17 26 30  1 66  3 61  -  - 14 22  7  -  - 59  - 12  - 10  - 38  - 33 13 18 64 37 65 42  - 29 28 58 47 11  - 52 54 43  -  -  5 56 32 69 20  -  -  - 51 48  8 23  - 67 15  - 41 46 25 24 27 21 34  -
 60 20 66 22 63  - 47 55 67  -  -  5 54 29 23 44  - 10  1 70 61 31 68 18  -  - 37 32  -  - 25  - 64 34 16 30  7 19 56  - 13 65 11  - 27 45 14  4  - 49 40 21 51  - 26  6 39 42 50 57 46  - 43 38 69 48 62  3 33  -
  9 45  2 60 46 57  - 50  8 44 12  - 47 63  - 29  - 41  - 43  - 54 17  - 24  -  - 39  7 22 65 55 21 40 28 25 67  - 30 35 66 16  - 52 53  -  -  - 13 51 27 15  -  3 38 42  -  - 33 62 20 36 18 70 34  1 37 14 49 56
 38  - 52 28 26  8 65 24 30 42 39  -  - 70 62 10 44  1 66 16 21 58 37 43  -  - 45 61 41 59 32  - 50 49 67 54  4 47 55 46  -  3 17 31 69 23 34  7 33 25 19  - 36  9  - 56 29 18  - 13  -  - 53 27 20  - 64 68 11 48
 61 39 24  6 56 33  - 59 49 52 14 42 46 27 44 32  -  - 50 60 66 67 62  - 68 31 18 22  -  - 63  4 38  1 51  8 43 64 65 69  - 26  -  - 10 55  - 30  5 11 17 37 12 23 28  - 35 20  - 19 57 47 36  - 41  2  - 40  9 53
 50 54  5 27 45 55 40 47 58 23 67  - 64 21 42 35 13 30 59 61  - 37 38 19 18 48 26 62 49 65  -  3 43  8 10 33  - 44 57  - 15 66 60 20  - 11 46  1  7  2 29 68  6 22  - 69 52 17 16 12 25 51  -  9  -  4 70 24 41  -
 53 18 42 48  1 63  -  -  - 50 43 55 16  -  7 38 68 26 14  - 59  9  - 33 52 13  2 65  - 47  -  - 11 19 36 31 51 62 67  -  - 69  6 23 70 58 30 60 22  -  3 39  5  8  - 25 44 49 37  - 34 61 66 56 35 17  - 64 46 20
 30 33 29 44  -  - 59 35 25  - 49 10  4 37 15 58 62 66  9 65 50 70 52  - 61 56 41 23 63  -  -  - 20  -  - 18 48  - 36 45 17 67 57 13  - 27  - 54 68  - 34  3 53 39 42 31 38 32 12 11 16  6 21 64 24 60 51 19 26  2
 20  7 26 54  -  - 68  6 66 55 58 37 27 64 24 47  - 18  - 15  -  - 50 69 23 59 33 52  - 17  5  9  4 28 57 67  - 36 19  1 53 12  - 39 43 14 45 32  -  -  2  -  - 49  8 60 25 51 44  3 22 29 31  - 16  - 21  - 10 13
 33 17 50 62 64 69 43  7 34 46 20 35 10 14 63 49 15 29 61 54 24  6 66  8 59 47 55  9  - 52 31 44 60 58 41  - 30 45  -  -  5 51 36  - 16  - 27 19  2 68 67  -  - 26 65  - 11  -  -  -  - 40 56 28 22 42  1 25 21  -
 25 42 34  - 27 48 36  - 14 16 23  6 51 31 12  -  8  -  - 56  -  5 46 57 39  - 35 15 60 68 33 64 47  4 21 37 41  - 22 30 44  -  - 40  9  - 67 28 59 45 13 61 10 29 43 19  - 38  - 69 11  - 50  - 65 70  2 26  7  -
 62  - 33  - 52 20 27 21 64  - 26 54 60  - 40 66 23  6 24 48 14 38  -  - 70 63 59  5 47  -  2 10 51  -  -  7 55 65  - 17  - 56 29 34 32 19 44 37 15 16 39  1 69 41 31 46 45 57  - 30  8 50  - 61 68 49 12  9 58  -
 55 27 67  -  - 68 45  9 18  - 28  - 44 59 57 65  1  5  - 26 49  - 32 52 37  - 25 34  - 63  7 11  -  - 22  - 21 16 23 51 56 47 31  - 13 60 33 14 64 62 58 40 41 20 70 50 15  8  -  -  -  - 30 43  - 36  4 61 17  -
 18 59  -  - 33  - 53 58  4  9 45 28 70 55  - 20  - 34 17 30 35 19 10 32  -  - 44 67 25  - 62 56 54  - 64 43 26  - 48 47 46 31  - 51 36 41  - 38 60 27 52 63  -  -  - 14  2 22  3 61 68  - 15 50  5  -  -  -  -  1
 65 43 31 66 70  4  1 48 63 37 46 17 62 49  2  -  - 38 56  - 44  -  9 51 12 39  5 29  - 64 19 52 15  6 30 41 22  - 60 40 59 25 32 55 23 68  - 24  - 21 69 58 50 47 61  - 53 26 11 33 67  7 14 10  8 27 34 18 13 28
  - 61  -  - 53 39  - 37  -  -  5 67 36 33 64 56 69  - 31 66  - 11 24 34 26  -  - 49 68  - 16  8 57  - 29 20 63 12  - 18 48  -  -  - 65 47 58  -  -  - 50 22  - 40  - 51  7 60 55 21  3 52  9  - 59 43  - 15 27 30
  -  -  7 57 28 22 31  4 12  - 51 59 39 19  6  8 55 36  3 52  - 66 48 50 11  - 13 40 67 41 44 14 17 56  - 34  - 60  2 62 26 10  - 25 20 54  - 45 24 42 33 70 61  -  - 30 21  -  1 43  - 38 49 63 15 53 35  - 16  -
 67 22 10 25  - 21 38 51  3  7 33  - 50  5 61  -  - 63 34 28  - 59  - 39 32  2 64 42  -  - 55 17  9 47 40 46 62  - 54 13 19 14  -  - 52 36 49  - 31  - 12  - 30  - 66  1  -  - 41  -  -  -  - 65 58 56  6 43 35 16
 37  8 51 70 24 15  7 22 38 39 35  - 66 65  4 53  - 45 48 62  - 47 69  - 30 64 52 18 46 40 21 41 19 26  3 23 58 28 44  -  - 27 55 14  2 12 16 11 61 67 42  5  - 50 57 63  - 31 10  -  - 56 34 32 13 33 60 49  1 25
 51 25  - 61  - 43 62 19  5  - 13 40 56 34  - 26 14 21 22 23 65 50 18  2 48  - 66 63  6 58 30 29  3 11 15 68 33 55 31 27 67 28 47 37 39  9 64 20 53 60  - 35 17 70 69 44  - 54  -  - 42 24 12 36 57  - 10 52  - 46
  - 44 69 56 16 46 32  - 19 43 60 70  - 26 65 24  - 11 12 25 36  -  6 21 17 68 31 38  5 42 15 61 59  - 33 66 40  9  - 10 27 58 18  - 55  4  - 13 47 23  - 52  -  - 67  7 49 53 48 29 28 45 37 51  - 34  8 22  3 14
  - 60  - 59  - 16 51  5  9  1  - 58  - 20 70 43 56  - 49  7  8  - 27 62 41  - 12 11 31 67  3 19 13 50 55 40 53 37 39 52 35 32 26 18 48 34  -  - 29 33 68 46  2 21 30 23  6 63 36 65 64 17 24 45 54 25  - 38 61 47
 70 31 21  -  4 40 61 66  6 38 27 52  - 13 60 48 30 64 26  -  - 56 25 14 29 42 36 43  - 54  -  7 46  -  - 53  5  -  8 58 49  - 33  -  - 51  - 67 44 65 22 28 47 15 11 16 63 12 19 34  - 10  - 57 37 62 39  -  - 18
  - 53 35 38 61 36 22 10  7  - 15 69  - 48 13  -  - 67 25 63  - 46  - 27 14 60 21 44 17 20 43  - 49  5  6  3 47 29 24 23 50  1 51 32 54  - 68  2 11 26 59 41  - 58 45 62  - 34 56 37  - 19  -  - 18 52  - 30 55 33
  - 23 37 68  -  -  - 62 60  -  -  - 12  -  - 34  4 27 38 41 46  7 19 40 28  - 69  - 42  -  - 49 55 57 25 51 11 18 35 66 30 44  1  - 22 20 56  8 67 61 24 16  -  -  - 43 65  -  6 50 14 48  -  - 36 63 13 10 32  -
 59 21 32 37  9 49 46  - 36 47 24 18 48 56 16 23  - 17  8 31 64 63 65 53 40  3 22  - 43 34 12 69 33 44 14  4 60 35 11 38 28  - 58 42  -  - 10  6 39 15 41 50 19 67 54 45  1  5 70 66 26 13 61 20 52 29 68 62 57 51
 36 62 68  7 60 59  - 43 53  -  - 31  9 58 34 25  5  2  -  - 32 42 14 41 22 26 67 13  1 15 39 48 40 51 49  - 24 69 20 61 55  -  3 54 18 44 38 65 63 28 57 56  - 10 27 11 33 19 46 47 70  -  6 12 45 16 50 66 52  -
 63 29 45 42  8 28 48  -  - 25 30  - 31 23 35  4  - 14  7  - 43 49 13 37 36  - 39 69 22 66  - 50  1  - 24 61 57  2 12  3  - 64 19  - 62  6  - 68  - 59 38 54 27 16 10 70 55  - 17 41 44 65 26 60  - 51  5 47 18 21
  - 32  -  5 39 61 24 25 26 30 62 45  2  6 69 33 31  - 55  - 13 21  7 60 63  4 57  - 56  - 37  1 36 12 27 38 59 52 28 22 20 18 67 65 42 15  - 34 48 10  8  - 70 53  9 40 41 29  - 49 23 64  -  - 17 66  - 11 43 58
