3430
 41 17 31  -  - 52 55 51 24  - 37 53 66 11 29  - 62 68  - 26  4  - 64 16 61 35  3 14  - 48 47 42 44  -  - 25  - 12  -  - 58  -  -  - 57 50  -  2 21  8 67  5  -  - 15 36 32  - 28  -  - 38  - 10  - 23  -  - 59 39
  - 59  - 65 41 27  -  8 17  5  7  - 34 44 31  - 28 24 26 46  6 33 57  -  - 69 25  - 21 49 39 66  - 29 12 60 64  2 32 63 40  - 35 38  - 37 10 67 16  4  - 23  1 61 20  - 18  - 36 50  - 54 55  -  - 58 68 22 70  -
  7  - 63 53  5 68 50  -  4  - 58 21 13 30  - 18  - 27  - 70 35  -  -  9 12  -  -  -  -  - 42 33  - 20 57 17 24  - 51  - 37  3  -  2 47 31  1 61 54 39  - 25  - 32  - 14 56  6 67 36 49 29 10 38  - 41 44 62  - 19
 57 43  2  - 45  - 48  - 64 41  - 18  - 70 12  -  - 29  - 34 68 39 50  5  - 65  -  3 51 11 26 69 37  - 66  -  4  8 20  -  -  6 60 16  -  - 31 17 42  - 30  - 46 53  - 47 62 27  -  9 32  - 15 52 54 67 10  1  - 25
 11 13  - 28 51 64 44 42 67  - 53 46  - 12  9 34  - 54 20 35 48 69 40 30 26  -  1 58  - 41  -  - 49 47  - 23  - 24  - 66  - 60  - 52 39 55 61  - 10 56  - 14 70  -  - 65  - 63  -  7 17 59 21  - 32  -  3 27  - 62
  - 69 33 25 31  1  - 44 41  - 45 13  8 49  - 50  - 37 48 20  -  - 58 47 30  - 56  -  -  2  -  - 64  6 26 29  9  - 40 19 27 53 24 23 59  3  - 46 65  -  - 60  -  4 51  - 34 36  - 15 63  -  -  - 28 42  - 68 17  -
  -  - 54 51 22 40  - 62 50 46  - 20 70 60 36  - 30  3 58 11 34  -  - 29 19  7  6 67 14 15 48 17 69  1 61 47 12 65 68 27 24  -  2 43 32  - 23 53 28 18 10 21 38  -  5 25  - 16 64 31 52 66  4  - 35 37  9 39 45  -
 66 16 60  -  -  -  - 15  - 21 56 10  1  7 51 29 54  -  9  - 64 30 39  -  - 22 67 52  - 69 53 23 62 63 17  -  -  - 26  - 46  -  3  5 65 12 48 14 41 19 20 27  - 44  - 11 49  - 18 35 38  -  -  - 61 70  -  4 13 28
  - 40 65 66  1 32  - 64 25 17  -  -  9 69 48 46  -  -  - 27 23 28  - 59  -  - 38 15 35  4 70 50  - 19 63  -  - 41  - 56  - 42  -  - 11 43 52  5 44 60 12  -  - 13 24  - 33  - 53 58 14 20  -  -  - 57 54  - 37  -
  1  - 49  9 61 69  -  - 63  - 23  - 47 36 39 14 50 12 31 65 22  - 59 18 68 60 32  5  - 56 33 70  7 48  - 11 54 21 52 53 15 26 55 34 30 17  -  -  - 64  - 62 58 66 43  -  - 67 41 57  -  2 25 27  -  4 42  - 51 13
 28  -  - 58  9 19  3 37 21 51 42  -  -  -  - 10  -  6 53 13  8  -  7 61 32 57  - 35  - 39 38 55 54  -  - 31 18 23  -  1 50 68 65 26  -  - 30 52  - 12  -  - 36 33  - 59  - 60 63  - 15 49  -  -  - 40  - 69 34 48
 17 27  - 11 58 21 24  2  - 52 64  - 68 23 34 38  - 60 50 56  -  - 53  - 65 55  5  9 62 59 31 61 25 26  - 13 15 44 57 14  4 28 36 46 45 35 51  - 40 42 41  8 30 54 39 18  -  3 32 12  - 48 19 37  -  - 67 20 16  -
 69 50 51  - 32 38 16  -  -  - 63 62 22  - 19  4  -  - 11 44 65  -  - 68  3  -  -  - 52 10 46 56 45 61 58 66  -  -  - 24  - 21 30 14  -  -  -  - 20 37  -  -  7 36  2  6  9 40 60 25 53 42 26  -  -  -  1 33 57 59
 21  1  - 24  - 43 37  -  - 30 19  5 14 59 41  - 36 20  - 33  3 55  - 46  - 29 49 64 53 12 13  9  -  8  - 15  -  -  -  2 60  - 38  - 31 48 67  -  - 32 63  - 50 25 58 26  -  - 57  4  - 22  - 54 51  - 17 66  - 52
  -  8  -  - 29  9 64 54  -  -  -  - 37 56 24 59 41 34 25 50  2  -  - 69 27 33 18 22  - 13 40  - 17 52 60 19 57  - 49 20  -  - 21  -  - 53 44  - 68  - 28 39  5 31 63  - 48  - 23  - 58 67 32  - 65 46 26 12  -  -
 13 38 14 35 57  - 68 41 22  - 24  - 32  -  - 12 45  4  - 47 33 37  -  - 28 70  - 55  - 50 67  7  5  - 34 69 29 46 39  - 63  2 27 66 53 23 25 60 58  -  3  9 62 16  - 15 64  - 21  - 40 30  - 18  - 11 61  - 10 44
 68 64 69 67 54  -  - 16 58 29  - 34 44  8 14  - 26  - 55  - 11 43 18 60  - 42 57 41 28  -  -  1 47  -  -  - 40  - 33  - 70 32  - 56 48  - 53  -  - 66 23 52 27  - 61  -  7  - 49  - 13  - 37 24  - 17 63  9 36 30
 23  -  8 16 19 55 53 29  - 67  -  - 63 64 50 20 43  - 36  2  - 60 49 58 52 21  - 25 45 35  -  5 27 69  - 12 59 34  - 57  - 37  9  6 68 56 26 33  3  7  - 70  -  - 11 39 13 42 51 22  4 61  - 30  - 62 32 28  -  -
 19 46  5 21  - 49 15 52 20  - 17 25 35  - 55 67 24 56  -  - 26 54  -  6 11 16 13  -  - 23  - 59 65  9  4 48 47 29 31 51 61  - 22  - 63  - 42  3 50 14 18 36 37  - 32 10 38 66  - 34 70 40 28  - 53 39 57 58  - 45
 10  - 23 59 70 67 45 20  -  7 61 65 38 50 25 42  - 36 19  4  - 31 62 13  - 24 53 48 40 66 29 16 14 56 33  -  5 63  -  -  -  - 57 30  -  - 49 26  2  - 22  - 54  8  - 28  - 64 27 37  - 41 35  3  6  1  -  - 68 60
 15 14 64  - 55 54 67  - 68  - 62 57 48  -  1 45 42 47  6 12  - 25  -  - 58 52 36 33 16 46  - 20 23 39 56  -  7 10  -  4 17  -  -  - 51 28 11 13  9 27 43 32 61 35 40 30 24  - 44 69 41  8 70  -  2 34 66  5 31 49
  - 15  -  -  -  8 69  1 33  - 57  - 24  4  -  - 63 19  -  5 21  7  -  -  -  - 42 31 58  - 25  - 36  - 13  3 39 61  6  -  9 50  -  - 35 20 14 55  -  - 64 67  - 70  -  - 66 54 38 68 16 23 11 65 17 32  -  - 40  -
 70  - 40 10 39  2  - 46 18 65 68  - 43  3 33  -  - 64  - 57 17 62 66  -  -  - 14 28 27 63 12 29  - 42  8  1 49 69  -  5 56 52 20 48 13 22 24  - 47 34 35 26  -  -  - 32  -  4  -  -  -  - 60  - 16 44  -  6 55  -
  - 29 50 46 33  - 17 40  - 31 30 27  -  - 49 26  - 13  1 41 61 53  - 12 48 56  - 42  4 62 57 24  - 59 69 43 35  - 23 21  2 10 14 45 34  - 64  8 39  -  5  -  -  -  6 55 54 70  -  3 66  - 51 20 22  -  -  7  - 58
 58  - 24 43 13 62  9 34 35 20 31  7  - 22 68 37 52  -  -  8  - 63  -  - 55 25 23 44 59  - 64 48 61 11  5 28 16  - 47  - 18 15 40 67  - 29 19 32  - 51  - 38 65 69  - 12 45  -  - 39 42 70 30  -  - 56 36  2  3 46
 56 57 44 23 10 28  - 11  9 59 34 24  - 43  - 32 58  -  4  - 41 13  - 35 70 53 37  -  - 38 36 12 60 51  -  -  - 47 19 30 69  - 33 25  - 14 20 54  - 40 68  - 49  3 64 27 17 50 66 63 29 15  - 42  -  8 52 67 65 22
  -  2  - 61  - 39  - 25 12 69 15 59 64 28 43  - 56 41 45 30 20  6  - 48 17  - 11  -  - 60  3  - 42 68 23 65 32  - 66 58  - 13  - 27 40  7 38 37 19 49  - 24 57 67 33  4  - 26 34  - 22 21 53 31  - 16  -  8 50 18
  - 18 38 30  - 56  2 47 48 23  - 69 61 53 64  -  - 14  - 36 25 12 27 52 33 66  -  -  -  - 55 34  - 32 35  - 28 17 11 54 49 44 43 13  - 65 70  -  7  - 59  -  - 19 62  -  3  - 31  - 60 16  9 67 58 68  8  -  4  -
 25  - 59 39 28 26  - 56 15 50  - 19  6 47 11 40  1  - 10 21 52  -  5 20  -  - 61  - 65 33 58  -  - 45  -  4 30  -  2 48 43  - 66  - 17 13 46 44 24 29 31  7  8  -  - 51 60 23 70 42  -  - 57 69 12 38 62  -  - 37
  -  -  -  - 23  - 30 14  - 40 27 58 49  - 59 11  6  -  - 43 19 50  - 66  -  2 62  1  - 32 17  -  - 28  3 33 70  9  -  - 65 69 54 57  4 67  5 18 31  - 34 15  -  -  - 29  - 56 45  - 55  - 12 16 68  -  - 25 26  8
  -  - 26 41 48  -  7 18 45 62  -  - 67 65  - 53 57 50 40 51  -  - 12  4 49  - 69 13 61 34 20 15  - 55 36 46  -  -  1 37  8 25 39  3  - 19 21 64 22 28 24  - 60 43 35 23 70 52  -  -  - 10  -  -  - 59 56 16  - 68
 46 49  7 29 20  - 28 19 39  -  -  - 56  -  -  - 23 42 41  -  - 59  - 70 51  -  9  - 17 61 10 57  2 15  - 53  - 43  8  - 21 62  -  - 37  -  -  - 36 31  - 18 34  - 30  - 40 48  - 32  -  - 33 45  - 54 11 65 38 26
 22 53  - 33  - 59 27  - 29  - 16 11  - 45 47  2  -  - 24  - 10  5  -  - 54 44 39 23 67 31 56 35  -  -  - 55 51 66 50  - 28 57  1 69  -  4  - 21 61 36 26 43 19 14  - 63  8 30 37 13 12 32  - 25  - 60 34 41  -  -
 12  -  -  - 59  - 66 28  3  -  -  - 30 15  -  -  - 31 69  9 39 26 22  -  - 64  7  - 20 51 61 19 24  -  - 18 68 67 56  - 41 23 49 29 44 46 35 45 63 48 58  - 55  -  - 52 50 13  1 65  8 62  -  - 36 33  - 34 54 14
 24 55 27 36 14  - 26  5 46  - 39  - 12  -  - 54 31  -  2  6 32  4 21  -  -  - 16  - 38 70 69 45  - 57 59  -  -  7 65  - 66  - 23  - 60  -  8 22 43 35  - 48 20 58 25 68 67  -  - 10 34  - 56  1 11 15 28 49 64  -
 33 51  -  -  - 50 11  4 40  -  - 28  - 29  - 57  3 58  - 59 53 45 44 38 56 17 70  - 30  -  - 13 52 24 19  -  - 18  9  6 36  -  - 61 22 16 37 48  - 23 65  - 63  - 46 41 27  - 26 64 21 43  - 12 31 66 35 42  - 34
  - 61  - 22  6  - 34 53 66 28 11 31 36 55 56 64 33  - 39 67 45 17 43  -  -  - 35 29 15 24  - 46 19 23 21 32 63 38  4 70 10  9 58 59  -  1 12 42 52 50 62 40 51  - 47  - 37  -  8 49  -  5  - 68 48  - 13  -  -  -
 50  - 68  - 47  - 31 48 61 49 28  -  -  - 16  - 17 40 59 69 30 64  - 33  5  9 55 63 37 18  -  - 67  - 25  - 22 57 46 62 13 66  - 70 56  -  -  1 32 38  - 45 39 24 29 58 23 19 43 60 35  -  3  4  -  - 12 36  6  -
 62  -  - 69 35  - 51  7 27  - 65 67 21 26  6 44 19 39 64  - 13 32 34  -  -  - 54 12 47  -  8 22  -  -  - 24  -  - 28 43  - 70  -  -  -  5  - 38  -  3 49 31  -  1 55 50 36  - 33 18  - 57 52 63  - 25 40 45 53 42
  9 33 62 27 66  - 42  - 19 24  - 70  - 41  -  - 59  -  - 14 31  -  - 63  - 68 21 43  -  - 51  -  - 35  -  - 53  -  -  - 29 30 17 50 67 15 69 25  - 16  1 58 45 23 56  5  - 44  -  - 39 37 34  - 18  -  -  3 46  2
  - 25  -  -  -  -  -  - 31  2 12 56 18 42 46 65 13  -  -  - 15 22 14 40 69  -  -  - 11 47 52 53  1  - 48 70  8  - 44 33  7 39 37  9  - 59 54  - 34 61 51 68  4  -  - 21 57 32 58  - 62 17 45 23 63 19 50 38  - 20
 31 63 29 17  2  - 35 66  - 38  4 44  - 61 70 62  9 18 46 32 37 20 52 28  - 23  - 49  3 14 11  -  - 54  - 39  - 58 30 15 25 67  -  - 12  - 16  - 27 43  -  6 53 47 59 57  - 22 19 56 10 45  -  -  -  -  -  -  - 40
  3 41 61 13 64  -  - 55 65  -  - 30 20  - 57 47  - 66  - 49 43  -  -  8 23 59  - 36  9  -  7  -  - 70 31 67  -  -  -  -  -  - 11  - 19 21 56 62 38  6 16 10 28 52 37 46 29 35 42 14  5  - 39 26 34 48  -  - 15 17
 40 60  3 47  -  - 63 17 16 54 32  - 10 58  - 36 27 21  - 66  - 35  -  - 22 51  8  - 13  -  9  4 29 34 68  -  1 70  - 39 14 41 26 62  - 25  - 31  - 11 57 50  - 46 38  -  6  - 12 53 23  -  -  - 69  2 48 55 56  7
  - 35  -  - 53  3 65  -  - 14 48 29 62 24  - 22 38  -  - 28  1 23 55 39 67 63  - 47 32  -  5 18  -  - 37 40 46 64 10 34 57 49 52  -  8  - 33  -  6 45 66 19 59  9  -  2 69 25  7 41 26  - 44 70 50 27 60  - 58  -
 30  -  - 12 16  -  4 23 34 53  - 22 15 32 21 66 49 52 54  - 62 44 67  -  - 43 58 68  - 25 65 27 59 14 70  - 38  6 69 40 64  - 28 37  1 18 29 56 60  -  9 51 31  - 26  - 19 24  -  - 45  - 50  2  3 20 55  - 41 35
  -  5  -  7 15  4  - 12 59 58  -  - 45 57 28  - 11 10 63  - 40 66 30  -  - 67 17  6  - 29 14  - 21 62 20 68 23 39  -  - 26 19 61  -  - 69 18 24 64  - 36  - 33  -  -  - 52  9  - 55 51  -  - 46  - 35 27  - 43 53
  - 31  - 45 18 41 29 22 60 57  -  - 54 16  4  5 65  - 32  -  7  9 20  2 38  - 66 40 34 42 35  6  - 37  - 26 56 48 55  -  - 12 51  -  3 61 47 50  - 67 25  -  - 17 70  -  - 15 13 30 44 46 43 33 14 69 19  -  - 24
  - 26 12  8  - 70 38 39  2 36  5  - 23 62 27 31  -  -  - 17 55  - 25 43  -  1 30  -  - 57  - 14 63 40  7 51 52 54  -  -  - 34 64  - 33  - 15 20 53  - 47  - 13  - 45 19 59 58  - 28 48  4  - 56 44  - 49  -  -  -
 54 52 47  -  - 12 33 35 13 56 22 14  - 17 40 48 60  2 44 25 49 21  - 23  4 32  - 37 68 19 18 28  -  5  - 36  - 26 61 64  - 27  - 41  -  - 50  -  8 59  -  -  - 39 53 16  - 38 55  - 20 69 66 51  1 45 43 46 24 70
  -  - 19 32 65 42 12 33  -  6  - 38 50 67 45 23  - 48 56  7 16 11 36 24  - 49 43  8  5  1 68  3 35 31 22  -  -  - 15 26  -  - 63  - 28  - 66  - 55 25 70 17  -  2 10 37 14 41 61 40 27 47  - 58  4  - 21 57 39 54
 55 30 32 31  - 29 20  - 69 10 46 37 42 63  - 61 15  1 47 52 54  2  4 56 13  - 19 51  - 27  - 11 43  - 39 16 26 25  -  8 12 45 18 49  - 57  6  - 66  9  - 64 44 59 68 35 53 21 62 24 50 34 41  - 40  - 38 48 22  5
  -  -  - 57  - 65 60 63 37 45 13 68 59 39 69 17  - 26 67  3  9  1 15 42 50  4 47 62 25 58 23  8 40 41 18  - 34  - 53  - 48 36  6  - 38 49  - 28 56  2 32 66  -  7  - 33 61 46 14  -  - 55  - 21  - 31 51  -  -  -
 63  -  - 62 34 31  -  -  - 27  - 12 51 20 44 60  -  7  -  -  -  -  - 41  - 50 45 24  -  - 32  - 30  -  -  9 36 37 22 67  -  -  -  4 49 68 57 47 26 54 21  -  - 64  -  - 11  - 56  2  1 35 58  - 19  3  5 23 14 33
 61  - 39  2 11 20 25  3 57 33 43  - 52  6 18 69  - 53  - 42 36 68 37  -  - 30 26 66 54 67  -  - 38 46 45  -  -  - 14 59  -  8  - 31 23  -  4 27  - 17  - 12 32  - 13 34  -  - 16  - 28 60 40  -  9 24 58 10  -  -
  - 54 45  - 50 17  - 70 28  -  9 51  3 14 32 49  -  - 22 58 60 29 33 26 15 34  - 56 57 36 27  - 55  - 53 61  -  4 38 13  1  - 48 10 62  2 39 59 37 69 46 44 64  - 52 42 21  -  - 19 24  6  - 40 47  - 16  -  - 41
 34  7 55  - 21  -  - 38 26 11 66  - 41  -  2  -  -  - 65 62 24 48 16 67  - 58  -  - 39  -  -  -  -  4 28 50 19  5 35 47 53 56  - 36 20 70  - 30 13 10 69 63  3  6 42 40 25 59  -  -  - 68  8 49  -  -  -  - 33 64
  - 34  - 60 43 45  - 49  8  - 52 32  - 40 38  -  - 61 17 19 57 24 23 62  - 36 44 26 33 64 50 39 13 66 10 54  3  - 48 42 30 59  - 28  -  - 27 29 46 68  4  - 15 63 69 70  -  7  5 21  -  - 14 35 20 51 22 53  - 67
  4  - 52  - 46  -  5  -  7 55  - 40 19  - 30 25 12 35 23 29 27  -  -  - 16 26 31  -  - 37  6 68 32  -  -  -  -  -  - 50 67 38 42  - 64  - 41 65 14 58  - 56 48 21  - 13  - 47  9 44 59  - 62 53 60 49  -  -  8 66
 32 67 28  -  - 66 70  -  -  -  8 39  -  1  -  - 25 51  - 31 42 14  - 21 47 11 24 60  - 68 59 10  -  -  6 27  - 13  -  3 45 54 50 33  -  - 63  4 35 26 38 41 40 55 22 43  - 29 46 23  -  - 48  -  -  -  - 30  7 65
 64 12  6  5  - 58 18 31 32  -  - 33 40  -  8 43 34 38 27  -  - 65 47  -  -  - 52 70 26 16 60 21 28 50  - 56 44 30 62  - 22  - 15  7  - 66 17  9  4 41  -  -  2 49  1  -  - 37 20  -  - 25 46 48 45 10 53 35  -  -
  - 23 35 19  -  -  - 67  - 13  - 26  2 31 58 16 37 32 57 64 29  - 60 50  - 39 51 27  -  8 34  - 15  - 44  - 65  - 42 12  -  -  -  - 10 45 36 43 33  - 48  -  - 28  7 54 55 17 24  1 25 53  - 66  -  - 41  -  - 56
 29  - 46  - 63 15 43 59  1 34  -  - 28 18  3 55 44 67 21  -  - 42 56  - 60 19 41  -  6  -  -  -  -  - 49 58 27 32  7 35 20  - 62 39 52 10 45 36 12  -  -  4 23  -  9 64  5  -  -  8  - 13 47  - 25  - 14 70 61  -
  - 19 53 40 25  6 62 32 43 70  -  4 29  9 35 51 46 59  8  -  - 36 31 34 66 48 10  7 24  -  - 52 20  -  - 14  -  - 27 44 11  - 68 47 26 33 13 57  - 63 60  - 12  - 23 56  1  - 39  5 67  3 64 17 15 21  - 54 69  -
 67 21  - 14 40 63  - 27  - 35  - 36  - 10 54  -  - 25 33  - 70  - 32  1 24 62 34  - 41  5 66 37 39 12  - 20 45 15 13 61  - 47 69 44  7 60 28 58 57 22 53  - 16 56 19 31 46 43  3  -  -  - 59 64  -  9  4  -  - 23
 53 66 41 34 24  -  6 30  -  9  -  2  - 25 26  3  4  8  -  - 56 40  - 19 42  -  - 57  - 52 15 58 68 60 54  7 37 14 64 10 16 51  5  - 43  - 32 70  - 13  -  -  - 50  -  -  - 28 69 48 11 65  - 59 39 55  - 21 62  -
 48  - 17 38 26 53 14 13  - 16  -  9  - 52 60  7 10 46 29 40 47 41  3 31  -  -  - 11 69 21  -  -  8 64 24  -  - 35 58  -  -  -  - 18 54  - 68 23 15  -  2  - 66 12 36 45  4 34  6 61 19 51 67  - 70 43 25 50  1 57
 52  -  -  3  -  5  -  - 56 32  - 61  4 48 13 70  - 23 34 54 44 67 41 57  -  8  - 19 50 40 37  -  -  7 42 45 43  - 24  - 51  - 12  -  -  -  9  6  - 53 55 46 68 11 49  - 16  - 22  - 18 33 63 14 29 47  - 59 27  -
  - 68 16  4  -  -  - 57  - 12  -  3 53  - 23  8 66 69 14 18 46  - 54 55 45  -  - 61  1 30 43 40 70 67 64  5  -  - 63 38  - 48 25 20 50 27  - 41 62 24  7 49 42 65 21 60  -  - 17 51 47 36 13 15  - 28 59 32 44  9
 65  -  - 68 27 51 46  -  - 60 59 47  7 38 10  -  5 28  - 37  - 19 35  - 44 20 40  - 56  3 54 36 31 33 16  -  - 53 67  - 32  - 70  8 66 58 62 39  - 55 61  - 41 45 50  9  - 18 48  -  - 14 17 13  - 64  2  - 63  4
