3430
 47  1 66 24  8  -  -  - 28  - 55 26  - 22 69  - 30  - 21 54 64 27  - 49 62 14 68 19 51  - 45 17 32  -  - 44 11  -  -  - 50  - 57 20  9 18 67 46 53 37 10  3 41 42 13  -  -  - 16 70  - 60  4 15  - 25  7  -  - 63
 42 59  1  - 66 36 32  - 48 19  3 49  - 24  8  - 14  -  -  - 11 12 58  5 64 53  -  - 29  9  - 44  - 69 10 52 57 26  -  -  - 17  - 67 60 34 13 18  -  7 46  6  - 63 35 23  - 70 38  - 40 25 37 21 33  4 50 62  2 22
 69 23  - 33 52 70  6  3 21  - 57  -  -  -  - 55 63 24  - 36 25  -  -  - 50 56 47  -  - 46  -  -  -  - 34 38  - 45 18  2 20 16  - 28  -  - 53 44 61 43 37 58  - 10  - 13 12 68  - 40 42 35 51 32 19 49 22 14 29 67
  -  -  - 65  -  - 63  7  -  6  1  9  - 26  2 47 70  - 34 41 55 16 23 64 22 18 33 11  8 30  - 45  - 56  -  - 59 32  - 40 37 38 48 15 39  5 69  -  - 66 57 19  - 50 31  -  4  -  - 54 13  -  - 27 10  - 52 68  -  -
 37  - 10 40  - 39 50  - 49 32 53 16 24 51 44  -  -  -  6  7 42 35  -  -  - 62 18 56 41  - 60 11 13  - 64  -  -  - 68 46  - 59  5 45  - 33 43 54 20  - 58 31 69 26 38  - 48 17 19  - 29  9 14  - 65  -  -  - 57  1
  - 45 11 13 44 21 48 46  8 55  5 54  -  - 33 50 43 17 29 70 12 28 37  -  - 41 16 26  - 49 32 66  -  -  - 53  -  - 52 57 67  2 62  -  - 47  7  9 35 20 65  - 10 58 14  - 64  - 27  - 59  3 42 24  -  -  -  - 18  -
 48 53 39  6 15 38 36 57 20 64 23 42  5 37 65  - 28 50 66 67 17 52 45  -  - 34  - 12 30 69  9  - 55 58  - 56 26  - 33 60 14 47 63  - 35  - 24 11 18 44 16  - 22  - 21  - 32 27  7 62  - 54  3 29 46  - 68  - 19 13
 68 26  - 10  - 29 37 25  - 28 67 61 47 36 57 42  - 16  5 34 49  4 66 11  8 46  - 44 17 33  - 43 18  - 65  -  9 31 55 38 32  - 13  - 56  -  -  - 64 23  -  - 50 14  - 45 63  3  6 35  7 24 69 48  - 54 40  2  - 70
 61 13 28  - 55 56 51 64  4 26 40 63 33 70  -  - 23  -  - 43 46  5  - 52  -  - 44  -  1  - 58  - 17 16  -  9 10 25  - 59  6 14 45 62 15 67 19 27  - 38 22 69  -  - 24 49  -  -  2  - 34 32  - 68 30 36 42  -  8  -
  - 35  4 15 54 55  - 45 58 65 46 52 53 28 34 56  -  - 22  - 10  -  5 31 17  - 57  - 64  - 70 36  - 67  - 33 21  2  - 16 59 61 29  - 42 25 62 19 13 32 40  - 49 20  - 38 24  -  - 48 68  -  6 47  - 37  -  -  - 30
 25  - 36  -  - 10 29 43  - 46 56 11  2 63 30 51 31 57 38 32 22  -  3 35 44 12 55  - 34 20  -  -  6  -  - 24  - 19 17 41 64 37 69  - 13 61 23 45  7 28  -  - 40  - 16 48  - 54 42  - 27  - 15  - 18 62  5  8  -  4
 53  - 65  - 12 41 23 28 40 66 48  - 46  - 17  -  - 37 36  - 39 19  1 18 27 33 25 70  3  -  - 35 26 31 54 58  - 20  4  - 49  9 50 47  2 16 30 63 15 67  - 29 45  -  - 44 14 64 69 21 22  - 13  -  -  6 57  - 38 55
  2 67 20 61  -  6 56  1  - 11  - 19  - 50  5 14  - 60 53  - 35 68 41 25 48 66 63  - 57 55  - 64  - 28  - 18 40  - 58 27 29 15 39 51 47  4  - 70  - 69 52 44 38  -  - 31 65 37 12 23 54  - 62  8 49  -  - 33 46  7
 46 34 42  - 67  4 38 29 15 37 61  5 12 41 60 66  9  - 57  -  8 40 64 39  - 43 14 17 10 56 13 19 54  -  -  -  -  - 24  -  -  -  -  -  7  -  -  -  - 49 18 21  - 28  1 30 68  - 48 51 45  - 55 59 25  - 69 32  - 52
  - 50 53  - 56  -  - 21  - 40 65 18  3 12 13 28 47 41 58 61  4 55  -  - 59 44  9  7 49  - 66  - 62  5  -  8  - 23 35 29 19 63 30 22 54  - 70 51 38  -  - 16 26 15 25 20 43 34 33  - 24  1 31 17 68  2 36 48  6 42
  -  2  -  -  -  - 15 39 30  - 13  -  - 11 62 54 18 36 49 68  -  - 59 42  9  6 46  - 44  5 24 37 63 51 32 64  -  - 22  - 21 25 19  -  - 20 65 34  -  - 17 60  - 69 47  -  7  - 26 50  -  - 66  - 16  - 48  - 12 10
  - 54 29  - 32  -  - 14  - 25  - 48 42 66 27 39 44 35 62  -  - 63  - 58  - 59 23 37  -  - 41  3 10 36  7 49 16  -  - 69 55 33  -  9 17 45  2  -  - 31 15 68 28 13  - 19  - 52 22  - 51 56 67 30 53 43  8  -  - 50
  - 63 64 48  - 11 42 19 26 70  - 14 49 21 41 16 68 56 54 65 20  - 51 34  - 15  - 28  - 52 33 32 50 55 17  -  - 62  - 24 45 58  7  5  4  -  -  - 66 47 38  8  1  3 44 22 69 18 43 59  9 39 25  -  2 46  - 35  -  -
 15 10  - 35  -  -  5 18  - 31  - 23 32  - 52  -  - 47 61  - 45  9  4 28  -  - 69  6 55  7 64 57 30  -  - 68 65 53  - 37 24  -  1 19 21 43 40  8  - 56 51 33  -  - 67 66 22 13 36  -  - 44 20  2 41 12  -  - 54  -
 21  8  - 19 20 15 30 16 34 63 58  4  -  -  3  9  6 39 14 42 33  - 26  - 43 67  - 18 32 17 69  7 68  2 44 65 29 57  - 64 56 50 53 12 23 11 52 13  5  - 59  -  -  1 40 46 28 31  - 66 55  - 54  -  - 61 38 49 22  -
 26  -  -  - 59 64 58  5  2  - 14 57 54 29 10 60 16 11 68 66 56  -  - 30  -  -  -  - 40 62  -  - 69 65  - 70  8  - 27 45 38 28 34  7 46  9 63  - 39 53  - 13 31 47  - 18 41 21  - 43  3  -  -  - 61 50  - 19 33 51
  - 43  6 44 48  2 33 30 54 67  8 51 65  -  - 21 29 40  -  - 68  - 53 50  7  4 20 23  - 42  - 39 56  -  - 16 61 63  - 19  -  - 25 37 11  - 22 58 46  - 32 64  5 18  -  - 26  - 45  - 60 52  - 66 24  - 15 12 69 59
  - 18 49  9 34  -  - 60  -  2 10  - 48  - 21 30 37  3  -  - 65 53  -  - 16 42 45 67 66 51  - 63  -  - 15 43 58  -  - 31 61  - 47 57 22  -  - 40 28  - 36 41 44  7 29 32 50  -  1 38  - 27 56 62  8 64 54  - 55  6
  -  - 25 66  - 30 12 50 32 41 44 17 56  3 42 69 13  6 15  -  7 29 67  2 31  5 37 36  - 18  -  - 20 26 58  1 60 40 28 63  - 65 27 70 45 38 11  - 21 54 55 48 34  4  - 64 49  8 52 14 61 68 39 19 59 16 10  9 24  -
 56  -  -  -  6  -  - 37 16  - 45 60  -  5  - 20 35  - 30 46 53 66 15 13  - 27 19 41  -  - 28 34 33  1 24  - 43 52  - 39 10 31  - 11  - 63 18 68 65 62  -  - 48 51  -  3 21 23 29  - 36  - 47 12 14  9  -  - 70  -
 49 46  -  -  - 42 53  -  - 21  -  - 55  - 63  - 57 19  -  -  - 20 17  8 69 70 24  -  6  -  - 61 37 29 66  -  -  - 13  -  - 44 22  - 43  -  - 41  -  - 60 23  - 32 33  - 31 48 58  5  - 15  - 64  1 11 51  7  - 39
 17 52  2  - 25 50  - 31  -  - 38 32  -  -  -  -  - 26  -  -  - 45  - 21  -  - 40 33  - 27 65 58 47 24  8  -  - 55 64 34  1 62  6 39  - 14 66  -  -  -  - 43 61  5  9 51 36 59  - 42 35  -  7 70 69  - 46  - 10 44
 30  3 40 58 21 23 49 66 31 61  -  1  - 46 37 32  -  - 26 56 41  - 68  7 24 47  - 22  - 13 29 20  -  8  - 45 51 59 14 15 35 69 60 53 19 65  9 64 11  -  2 25 54 67  - 43 42  - 10 36  5 28 33 39  - 27 18 34 16 57
 54 31 62  - 33 16  - 47  -  5  - 40 41 59 51 70 25 29  9 18 21 30 48 55 13  - 67 39 56 14 26  8 66  4  -  3 38 15 53 58 63 42 52 10  - 12 49  7 43 24  - 57  -  - 34  -  2  - 17  1 37  - 28 69 35 19  -  - 32 68
 34 36  - 16  - 32  8 12 25  -  - 45 59 42  -  -  - 44 39  -  - 64 43 46 63  -  5 20 11  - 30  6  - 15  -  -  - 58 37 23  -  - 56 31  -  1  3  - 69  9  - 50  2 22  -  7 66 51 61 57 10  - 52 38  - 47 17 13 14  -
 16  - 52  - 45 35 39 53 56 51 32  - 66 49 55 43 40 48 64 23 44 21 47 20 28 19  6 27  -  -  - 54 31 17 59  - 46  - 62  -  2 18 12  - 29 69 25 50  8 11 30  -  7 34  4 10 61  9  5 68 33 14 36  - 57  - 24  - 60  3
 31  - 34  2 35 58 45 11 47 52 51  -  7  - 61 57  -  5 19 63 43 49 44 38 23 29  -  -  - 22  4 48  - 32 16  - 28 60  1 30  - 54 41  - 37 36  6 14 10 18  -  -  -  9  3 39  -  -  -  8 21 70 65 67  - 17 27 59 15  -
 66  6 18 28 65 69  9  - 62  -  -  - 36 27  -  1 22 55 46 44 57 58  - 51  3 32  - 14 42 64  - 67 16  - 38  - 49 24 29 48 39 52  - 50  5  8 37 43 70  - 47 53 25 54 17  - 19 10  - 26 30 21 12 40  - 13 45 15 41  -
 65  - 55  4 17 66 70  -  -  - 60 24 67 39  1 46 45 33 10  - 40  -  -  -  - 31 13 34 68  - 14  -  - 21 43 28 23  5 51  -  9 29 42 35 59 54 57 32 58  - 11 63  -  -  - 62  -  7 18 22 48 47  8  - 37 41 20 52 64 53
  - 64 67  8 37 19 28 17 43 59 29  - 11  -  - 12 60  -  - 58  -  - 57  - 10 35  -  - 61 31 51 27 41 14  - 46 69 39 54 53  5  3 20  - 44  - 36 16  - 34  9 38 42 55 70  6 45  1 21 52  -  - 18 26  - 15 47  - 40 62
  - 69  -  -  - 12  -  - 66 50  - 31 10 61 14 41 49 51  -  -  -  - 32 65 30 17 29  -  - 24 48 56 38 33 35 36  - 70  -  -  -  -  - 63 58  - 20 28 47 27 64  -  - 11 52 57 16  - 55  9 67  - 22 42 23  -  4 39  1  -
  - 55  - 59  2  -  - 20 65  -  - 43 69 18 16 34 41 61 23  - 52 17  - 37  5 30 35 51  -  8 31 24 25 22 39  4  1  9 56  3 58  -  -  - 66 15  -  - 14 26 67 49 63  - 50 21  - 53  -  - 32 13  -  - 70 38  6  -  -  -
 27 51 57 11  -  1 67 38 23 16 15 46 28 47  -  -  -  - 13  - 59  6 60  - 42 37 26  8 18 58 35 14 45  - 12 69  - 17  -  5 31  - 21  -  - 70  - 56  2  3 39 24 29 52  -  9 25  - 53 55  -  -  -  -  - 34 61  - 36 65
  5 11 56 39 50  - 59  -  - 13  - 47  -  7 22  -  2 38 67  - 58  3 36 23 70 21 42  -  -  - 57 29  - 43  - 60 24  - 63 49 41  -  9 25  - 10  1 52 37  - 34  - 12  - 68  - 30  -  - 69  -  6 48 65  -  - 16  - 27 33
 58  4  -  -  5  3 68 52 53 10 11  - 34 65  9  - 64  7 31 25 32 62 38  - 21 26  - 55 39 41 50  1  - 42 56  2 54  - 47 20  -  - 28 29 67 48 35 69 19  - 12 15 57  -  - 16 46 49 66 45 44 43 24 18  - 33 14 60 61  -
  - 56  - 70 69 40 54 33 36 22 16  - 57 14 45  -  - 49  7  - 29 60 61 19 15  -  - 46  4 48 34  -  8  6 55 39 42 21  9  - 30 24  -  - 52 66  -  - 25  - 62 27 68 37 53  - 23 32 13  - 43 41 59 63  - 65 44 47 11 17
 40 38 30 62  - 54 19 68 33 53  - 21  4 25  -  - 67  - 50 26  - 39 18 56 11 51 58 69  2 57 12  9  - 20  - 15 27  3  -  -  -  6  - 64 70 59 45 31 44  - 13  - 43 41 23 24 17 65 46 37 28 49  -  -  - 66  1 16  - 29
 51 33 68 31  1  - 41 44 69  - 62  - 60  - 40  - 26 54 42 53  -  8 49 45  - 39 34 24 50  4  -  -  -  - 20 61 30  -  2  - 27 10 65 32 18 22 14  -  - 36 63  7  -  - 28 25  6 58 15 17 11  5 29 35  - 52  - 56  - 21
 24 61 26 20 57 68 25  - 22 56 47  7  -  - 38 62 32 31  -  -  6  - 29 41  1 58 59 21 15 36  2 23  - 54 19 42  - 50 66  -  3 27 37  8 40 30  - 49 33 14 28  - 46 12 39 34 52  -  -  4 53 16  5 43 17 60  -  -  9  -
  - 37 32  - 26 59  3 65 61  -  -  8 27 69  - 44 33  - 40 12 66  1 20 47  -  -  - 49 25 16  5  -  9 57 70 34  6  -  - 36  - 53 38 43 14  - 68  - 54  - 29 17 67 23 48  - 15  2 50 63 31 30 64 13  -  7 55 46 58 35
 43  - 17 32  9  -  4  8 67 18  - 30  -  - 20  - 55 46  3 52 37  - 28  -  - 45 31 38 65 29 49  -  - 63 69  - 12  - 11  7 57  -  - 16 24  - 44 36  -  - 41  - 35 48  -  5 47  - 39  - 23  -  1  - 15 70 56 50  - 61
 35 66 61 29  -  - 69  6 37 27 68  - 22  - 46 45 12  -  -  -  2 50  8 67 40 13 38 42 16 54 56 21  4 18  - 10  -  -  -  - 23  1 49 17  - 32 34 55 36 48  7 20  - 44 11 47 59  5  - 28  - 33  - 25 26  - 60 51 31  -
 28  - 70 42 13  -  -  -  -  - 41 55  8 68 53  - 50  -  - 33 48 14 56 36  - 10 64  2  - 35 27  - 58  -  5  - 63  6 57  - 17  -  -  4  - 40 51 67 59 15  - 66 52 61 45 69  1 46  3  - 19  - 32 37 20 18  - 11  - 43
 22  - 27 14  - 43  -  -  -  -  - 62  -  - 18 40 42  -  - 15 67 44 25  -  -  - 54 53 24  -  8  - 65 10 31  -  3 48 19  1 11  7  2 34  - 58 60 26 12  5 20 52  - 35 57 29 38  -  -  - 16  4 41 46 36 39 30 55 66  9
  - 32 51 53 36 13 61 34  7 62 31 28 23  1 12 27 58  - 47 64  - 69  - 57 65  - 56 54  -  - 21  4 29 70  -  - 20  - 46 18 44  -  8 14  -  2  - 25 49 63 48 42  6  -  - 15  3 40  9 16 41  - 68 22 43 55  -  5 17 45
 60  -  - 45  - 52  - 69 50  - 26 34  -  -  6  - 36  9 56  - 15 57 13 62 66 63 11  3 67  - 44  5  - 41 27 20  -  -  - 22 43  - 18 58 68  -  - 39  - 29 42  - 64 46  2  8 35  4  -  -  - 12 21 31  - 32 53  - 47 16
  4  - 48 46 31  - 34 13 17 12  -  - 30 40 24 58  -  - 28 27  - 65 70 43  -  8 52  -  - 11 16  - 36  - 50  - 15  -  - 67  7 35  3 33 49  -  - 60 32  - 66 61  - 59  -  1 10 25  - 18  -  -  -  - 21  -  -  -  -  -
  -  - 41  - 42 33 64  - 35 34 66  - 62 16 59 48 39  8  -  -  - 18 54 29 26 49 43 60 58  - 67 46 28  -  9 55  5 56  - 11  4  -  - 44 69  - 61 37  - 17  - 40 15 27 22 65 51 20 24 13 14 19  - 53 12 21  - 31 45 47
 70 28  -  - 16 48 43  - 14  4 33  3 52 44 64  -  - 59 17 45  -  - 63  - 20 60  - 58  7  - 11  -  -  - 68 51  - 37 12 61 34 57 15  - 55 46 50 47  -  -  8  9  - 62  - 27 40  - 30  - 49  2  -  6  - 22 32  -  -  5
 45  5 13 55  -  - 27 61  -  8 35 20 21 62  -  - 59  -  -  -  - 47 11 66 68  -  - 48 43 65  - 22 49  7  - 25  - 34 36  -  - 12  - 69  - 19 41 10 29  1 26 39 23  - 15  - 53 30 28 67  - 17 16 52 58  - 70  - 42  -
 39  - 60  - 38 22 18 62  1  3  - 64 20  - 15  - 56 25  - 14 51 67  -  - 34 68 12  -  5  - 55 65 53 19 45 47 50  - 21 17  -  - 46  - 16 23  - 42 63 35 24  -  - 29  - 37 57 33 54  - 66 36  -  9 40 69 11  - 30 28
 59 62 16 12  -  9  -  - 10 58  7 38 40 19  -  - 54  -  - 17  1 22 24 44 36 28 65  - 53 21 61 50 35 11 57  -  -  -  3 26 48 30  4  - 25 27  -  2 41 46 14 34 18 33 66 67 37  - 32  - 63  - 43 45  - 56 31 42 39 49
 63  - 19  -  7 62 22 26 52 45  - 27 17  -  - 65  - 20 24 50  -  - 69  - 58  - 49 16 28 40 47 55  2 48 13  -  - 46 15 35 18 32  -  3 30  -  5 59 23  - 54 14 53  - 51  4  - 11 34 12  6  - 70 56 42  - 29 38 43 66
 64 12  -  - 53 28 31 58 38 47  - 13 26 35  - 15  8 68 45  -  -  - 22 63  - 65 10  - 59 34  -  2 60 40  - 14 32 33 23 52  - 67  - 24  - 37  - 30 42  -  4 36 51 19 49 11 39 55  -  6 50 61 46  -  - 48  - 21  5 25
  - 17 22 60 29 53 16  - 55 57 37 10  -  4 25  -  -  - 44  -  -  - 35 54 12 52  2  -  -  - 38  -  - 46  1 27  7  -  -  - 15  - 70  -  - 51  - 23  6 41 49 67 11 24 64  -  5  - 40  - 69 65 61  -  3 59  - 45 68 58
  9  - 14 36 49 60 20  -  - 54 12  - 64 55  -  - 52 53  - 59 16 51 46 15 67  - 17 50  -  -  - 68  -  - 21 40  - 28 61  - 65  -  - 56 32 62 47 29 22 30 43 35  - 38  5  - 13 42 25 58 18 57 63 44 11  - 26  - 23  -
 67  -  -  - 70  5 66 41 57 44 24  - 35 56  - 52  3  -  - 37 23  - 27 33  - 55  - 63 19  - 18 40 11 50 36  -  - 61  - 32  -  - 14 42 51 17  - 22 45  -  - 47  -  - 59 60  8  - 49 15  1  -  - 34  -  -  2  -  - 48
 55  - 46  -  - 26  - 56 59 68 18  -  -  - 23  - 62  - 33 49 14  -  - 61  - 57  4  5 36 25 15  - 34  -  - 21 35  - 42 10 53  -  - 54  -  - 32 20 60 52  - 45  - 43  7 63  - 67 31  -  - 48  -  1  -  -  - 30 50  8
 57 20  - 51 68 17 10  - 44 43 22  - 58 31  -  -  7 67 18 16  5  - 42  1 37  -  8 45 35  3  - 52 70 64 46 48  - 14  - 21  - 41 66 30  - 24 38  - 34 39 61 11 36 25 69 53 27 47  -  -  -  - 49  -  - 26  -  -  - 54
  -  - 31  - 11  -  2 55  6 29  - 56 44  8  - 17  - 30 35 48 38 33 14 27 51 61  - 43 46 60 19 70  - 53 23 59 13 36 45 42 68 66 32 52  3 28 21  - 40 57 25 54  4 64 26 41  - 12  - 49 47 69  9  5  -  1  -  -  - 20
 14 21 35 41  - 25  7 63 13 49  -  - 61 52  - 67  5  -  - 62 31 15  -  -  4  -  -  - 45 47 22  - 23 37 42 29  -  - 34  9  - 56 64  - 26  - 46 66  -  - 44  - 32 17  -  - 11 24 57 27  - 58  -  - 60 51  -  3 53 38
 18  9  7  -  - 45  -  - 39 36 59  - 14 13 35  - 46 66 16 40  -  -  - 24 32  1  - 29 62 53 43  -  3 30 49  - 47  - 50  - 12  - 54 61 65 44 15  - 67  6  - 28  - 31 37 42 60 41  - 56  - 38  2  - 27 63 58  -  -  -
  6  -  5 34  -  7 13 24  -  9 39  -  - 17  - 37 11  4  1 51  3 36 31  - 45  - 48 62 69 12  -  - 19  - 30 63  - 65 20 66  -  - 44  -  -  - 29 15 57 33 23 18  - 21 27 14 67 35  - 64 58 59 60  - 52 68  - 53  -  2
  - 14  - 43 41  -  - 22 51 17  - 58  - 45 31 36 27 13 20  - 50 42  -  -  6 25  -  4 26 63 46 60 67  - 28 32 53  - 69  - 40  - 55  - 48  - 54 38  9  - 56  - 33 65  -  - 70  -  8  -  - 29 23 57  - 10 62  -  - 18
  7 58 12  3 39 37 24 42 27 60  -  -  - 38 43 23 20 34 59  -  - 31  9 16 29  -  - 68 63 67  1 18 57 66 33  5 17  - 41  - 47  - 51 21  6  - 28 65  -  - 35  - 30  - 46 54 55  - 14 19 52 26  -  - 50  - 49  - 48  -
