3430
 43 47 46 18 55  - 53 14 36 17 65 24 23 15  - 38 13 11 27 50  5 49 70  -  -  - 58 63  - 64  8  7 42  - 19 44 33 16 61  -  - 40 67 32 25 34 59 26  - 22  -  - 69 35 68  - 62 31  3  -  - 20 66  - 60 28  - 48 10 45
 48  - 41  - 56 58 38  9  - 45  8 12  -  - 36 15 26  3 31  - 46 14  2  -  - 18 66  - 43 35 13  - 52 64 29 11 44  - 17 54 49  - 57 39  -  1  -  5 50 62 34 20  -  - 32 42  4  -  -  -  - 65  6 55  -  - 40  -  -  -
 54  -  -  -  - 16  - 56  - 10 55 49 62 63 43 35  - 64 32  -  - 23 42 26  -  - 59  6 28  - 67 12  1  -  - 38 27 48  - 60 58  -  9  4 17 11 20 70  -  - 14 44  8 61 41 37  -  -  5  - 68  7 46  -  - 47  - 18 45  2
  5  -  - 55  -  - 65  -  - 66  - 37  - 53  4 70 36  - 46  1  - 63 50  - 27 28 31 42  7 24 48  -  -  -  - 45  -  - 56 62 40  - 30 18 12 44 47 58 29  - 59  -  - 43  - 54  -  - 13  - 38 15  - 67 68 69 57 52 49  -
 18 10 48 60 68  - 45  -  - 40  - 25  - 67  - 43 47 23 16  - 50 20 12  -  3 56 41  9 30  - 59  -  8 31  -  - 63 61  - 55 64  - 15 17 14  - 29 51  -  - 44 11  -  -  -  5 28 37 69 46  - 66 53  7 58 21  - 32  6 49
 37 12 64  - 22 34 50  - 38  - 44  -  - 56 46 40 57  - 59 49 23 11  9  - 16 35 53  - 17  - 18 67  - 60 39 24  - 30  -  1 26  4 52  -  -  - 31 19  -  -  -  - 32 55  - 48 54  7 33 36  3  - 69 13  -  - 43  2 62 42
  -  - 52  -  - 20  -  -  - 41  - 64 10  -  -  -  - 44  -  - 34 39 38  4 54 26 49 65 56  - 63  -  -  8 25  6 68 22  - 30 36 55  1 35 46 32 12 27 51 19  - 15 11  2  - 47 42  5 43  - 29  -  - 66 45 50 70  - 31 61
 11 50 15  - 27  - 64 65 62  -  - 58  2  - 51 57  -  -  -  -  - 30  -  - 39 55  - 20  -  3 61  -  - 22 45  -  -  5 43 21  - 67  -  6 56  - 24 60  -  - 12 29  -  - 36  -  - 28  - 25 69 42 14  8  1  7 52  -  9 59
  - 11 18  - 46 60 29 58 40 65 24  - 16 45 53  -  - 39 44 68  -  - 63 56 34 47 51  - 52  -  - 38 54 66 10  - 48  3  - 41  - 30 37 49  -  8  6 13 35  - 33 36  1  -  -  - 25  -  -  - 59 69 17 42 20 31  -  7 70  -
  - 20 47 50  - 51  1 15 26 35 49  - 60  - 65 52  8  -  -  - 24  -  -  9 46 53  - 29 68 38  -  - 62 16  - 42 10 32 12 33  3 31  - 28  - 64  - 55 57 39  -  2 19 37  -  -  7 34 56  - 36  - 25  - 14 43 18  - 59  -
  - 46 16 15 61  - 59  8  - 67  7  -  - 12 35 17 11 62 60 22  - 27 40  -  5 44  -  - 42 50 68 51 13 55 64 41 52 45 58 47  -  - 26 24  1  - 10  4  - 43 21 53 63  3 65 34  - 14 25  - 57  - 23  -  -  2 66 30 18  -
 35 61 38  3 64  4 56  - 48 32  - 18 57 47 17 60  - 40  6  2 44  - 41  - 42  - 70 33  -  -  - 21 29 62 36  -  -  - 51  - 34 53  - 27 63 49 39 14 25 54  - 45  - 11 66 23  -  -  8  - 43 22 30 59  9  - 68 58 26 55
 52  - 70  9  8  6 47 34 25 62 61 65  1 28 11  - 68 30 54 51 20 50 55  - 69  - 23 24 35  - 58 26  -  3 15  - 66 19 10 43  -  - 42 60  4 57  5 59 32 31 29 37 22  - 17  - 64  -  - 49 21 27 67  - 40  -  - 14 38  -
 10  - 22 45 18 67 34 37 42 25  6 62 58 38 15 49 51 20  2  -  - 19 32 36  9  1 68 52  -  - 46 13  7  -  -  -  - 29 64 11 24 63 27  8  - 33 23 16 66  -  -  -  - 44  - 31 43  - 59 57 30  - 65  3  - 40 60 61 35 50
  -  - 49  - 16  -  3  -  - 23 63 28 47 31 56 10 42 34 14  - 27 17 68  - 30  - 55  -  2 33 20 65  - 38 50 61 53 12 22 45 29  - 69 70  -  - 57  1  4  -  - 24 37 18 51 59  -  -  - 11 40 60  - 36  6  - 58  -  - 26
  -  - 33 58 13 28 43 35 61 14 12 68  - 10 44  - 40 29 34 24  - 55 25 18 49 70 32  7  5  - 23 52  9  - 26 36  - 11 63 19  - 15 65 64  - 46  3 56 22  -  - 47  - 16  1  -  2 57 21 59 20 30 54 62 66 67 39  -  -  -
  4 60 27  - 19  -  - 29 12 22  1  8 45 35 57  - 46  - 69 67  7  - 48 16  - 38 42  - 58 30 51 59 15  2 63 55 39 14 21 66  - 11 53 25 18 50 43 40  - 24 62 23  - 65  5 68 10 52  - 20  9 49  - 17  -  - 41  3  -  -
 45 29 54  - 63  -  -  1  -  -  - 17  - 48  - 66  2 61  - 23 38  - 47  -  - 31 22 26  - 55 41 30 56 59 14 69 24  -  -  8 35 36 68 16 34  -  - 37  -  9 70  5 43 67  - 60 57  -  - 50  - 33 10 49 11  - 32 19  -  -
 58  7 67  - 14 22 68 43 55 56  - 27 70 50  -  - 15  -  1 59  8  - 35 34 63 48  - 23 19  -  -  -  - 51 62 16  2  - 41 40 66  -  - 69  - 31  9  3  - 49 26 64 60 54 52  - 37  - 18 32 47 53 45  - 44 17  5 36 39 57
 46 68 30  - 36 56  8 49  6  4 14 35 61 23 63  5 39 67  9 41 28 53 10 64 12 11 52 57 47 26 54  3  - 18 59  - 13  7 16  - 31 38 17 65 37 51 22  - 45 33 60 21 34  - 40  - 69 66 70  - 48  - 58  - 19  -  -  -  -  -
  7  - 42 43  - 66 27 25 59 51 22  1  9 14 39  - 33 58 12 20 65  -  - 31  8 60 21 28 64  -  - 55 48  - 18  3 40  -  4  - 47  - 11 36 52 23  - 29 69  - 67  -  - 45 62 24  -  - 32  - 19 37  2 41 13 70  - 68 56 35
 33  -  7 48 50 24 49  3  - 43 66  -  - 59 69  - 21 14 57  - 62  4 51 28 70  - 18 22  -  -  -  1  - 10  - 32 12 58 31  -  -  - 60  9 16 17 63 25 67 55  -  - 38 29 39 53  - 23 64 68 27  - 15 56 35 36 30 44 34 20
 16 63  6  - 17 69 25  4 21 27 30 34 32 44 22  1 61 49 55 37 64 68 45 19 40  2 65 56 39 36  -  - 10 33  - 57  -  -  -  9  - 70 24 42 38 60  - 12  - 53 35 58 48  7 59 41  - 51 28 54 15  - 50  5  -  -  - 23 46 31
  8 66 51 56 26 55  -  -  2  7 70 52 13  -  - 12 29 17  - 57  1 69  - 20 32 63  - 10  -  -  6 49 30  -  - 40 21 41 67 25  -  - 22 33  5  - 19 39  - 61 42 62  - 15  - 44  - 54 23  - 14  - 38 50 47 18 31  4 58 68
 39 23 40  -  -  - 41 62 20  - 32 16 29 58 68 61 53 24 70 55 69  -  -  - 67 25 15 66  -  -  - 11 37 44  - 63  -  6 38  3 42  7 13 57  - 36  - 18  - 21  9  - 10  5  -  - 49 60  - 26 45 12 64  - 50 14  - 17 47 33
 34 55  -  8  1 53 63  -  -  -  - 54 65  5  2 68 69 59 19 43 25 41  - 57  -  - 13 27 36 10 16 47 22  - 49 28 67 42 18  - 44  - 23 40 21 12 50 20 26  - 39  - 64  -  - 66 70  - 51 56 61 45 62  9  3 58 15  6 37 48
 62 42  - 29 47 33  - 67 17  -  -  3  7 46  - 65  - 70  4 26 30  - 24  - 52 21 69 48  -  -  - 39 28 36 57  -  -  2  - 20 45 27  - 53  -  - 56 61  -  5 23 43 41 68  9 64 50 18 49 19 37 31  -  - 12 51  8 11 16 66
  - 13  -  - 38 47 20  -  4  9 54  -  - 64 37 28  - 57 40 44 21 33  -  -  6 65  - 60  -  -  -  - 16  -  2 17 46 70 11 18  -  3  -  - 62 58 53 32 41 42 55 12 26  - 31 14  -  1  - 48  -  - 22  -  -  8 61  - 23  -
 27  -  - 26  - 42 22 18 32 31  - 67 64 20 40 14 49 36  - 58 52 34 23 55 35  -  4 19 33  9 24  8  - 69 38 60  - 17  - 39 61 12 29  -  - 25 48  -  -  2 30  - 46 62 63  - 21 50  -  3  6 43 16 11 57  -  - 28  5  -
 57  1 36 13 54  -  -  -  7 64 58 70 18 33  - 29 65 41 22  4 26 52 28 37 62  - 63 67 46 25 11 43 23 15 40 21  5 38 59 48 27 44 14 66  -  3  - 50 47  -  -  -  6  - 30 35  -  8 20 10 31  - 60  2 32 49  9 39  - 56
 25 64 44  -  - 10 48  - 70  5 40 66 42  -  - 46  -  - 41 56 39 60 16 24 21  -  - 50 15 43  - 19 61 17 33 67 57  8 47 26  - 52  - 23 35 14  - 34 12 18 63  - 20 59 29 69  - 58  -  1  - 51  - 53 30 68 36  - 55  -
  - 54 65  -  -  -  4 40 35 42 41 13 24 49  - 25 12  -  5  -  3 10  -  8 19  9 56  - 32  - 34 31 45 61  - 70 47 28 27 15 16  6 58  -  - 21  - 62 53 14 22  7 52 38 67 43 63  - 60 64  -  - 39 48 17 57  - 55 36  -
  - 39 11 67 10  2 60  - 47 28 18 57 63 40 33 55  - 42  7 15  - 51 17 29 41  -  3 70 61  - 27  - 35 14  -  -  -  - 30 32 46 21  - 34  6  - 62 44 52 68 64 19 25 36 69  - 26 13 12  - 66 56 37 22  8  -  4  1  - 23
 50 45  - 31 21  - 40 41 46 36 28 10 12 30  -  9 58  6 65 53  - 43 54 23  4 27  - 59 67  - 37 29 68  -  -  -  1  - 48  -  -  - 16 14 26 15  - 24  - 66 11  - 56 22  -  -  - 19  7 51 35  - 70 61 63 13 20  - 25  -
  2  -  - 44  - 13 39 53 51  -  - 21  -  - 28 16  -  - 58  -  - 67 19 52  -  - 48 38  - 41 70  -  -  -  8 20 31 63  - 12 22 61  -  - 64  7 26  -  6  - 54 66 50 17 46  -  -  - 45 18  - 11 49  - 62 60  1  -  -  -
 15  4 25  - 20  -  - 26 57  - 62 43 38  1 66 58 41 46 56 11 33  - 39 35  - 50 27 55 34 51 60 63 70  - 52  - 30 64 69 37  6 49  5  -  2  - 16 45  9 12  -  8 42  -  -  -  - 29 40  - 53 18  - 14  - 59 22 65 17 24
 38 35  -  - 44 64 58 30  -  - 67  - 46 18 34  - 27 52  - 69  - 65  - 41  - 61  -  - 49 57  4  -  -  -  -  -  -  -  -  -  - 33  - 62 47 63 51  - 14  - 10 31  -  -  - 25 48  -  - 70  -  - 26 19 23  - 37  - 12 16
 40  - 59 25 69 44 13  - 52  - 26 11 19 27 14 50  - 33 38 31 49 42  - 70 51 43 67 12  - 16 56 57 20 63 41 48  -  4  7 65  2  9 34 55  - 28  -  -  8 32 66 17 35 30 47 10 68  - 62 37  -  1 24  - 36  - 23 29 54 58
  -  -  9  - 33 45  -  - 65 63  - 31  5  6 70  -  -  - 15 60 10  -  - 17 22 62  7  3 66 32 43  - 34 24 67 49  -  - 20 58 38 47  - 21 57 53  -  -  -  1 37  - 23 40  - 29  8 16  - 41 55  -  - 27 39 19 59 12  -  -
  - 15 62 37 29 57  - 50 11  -  - 41  -  - 61  - 14 21 17  - 22  9  - 40 33 34 64 25  1  7 31 23  -  - 66  5  -  - 45 38  - 69  - 63 19  -  -  - 59 10  -  - 16  -  -  - 67 20  - 39 58 36 55 54 24 26 51  -  - 32
 60 32 23  -  -  -  - 66 19  - 47 45 20 41 59 37 43 15  - 63 54  - 18 69 10 64 36 61  -  -  -  -  2  - 22 39 42 34 13 68 65  -  -  7  - 67 55  9 16 38 56  - 30 21 25  4 51  - 31  - 70  -  -  -  - 11 17 27 33 29
 36 31  -  -  - 46  -  - 18  -  -  -  - 43 60 48  -  - 20 17  -  - 44  5  - 16  -  - 57 61 65  -  - 68 55 15 22 66 26  - 69 37 21  -  - 45 58 42 39 47  8 54  - 64 33 49 24 59 19  - 34  9  - 29  - 52 13 53  - 25
  - 21  -  - 48 29  -  2  - 20 13  - 22 60 47  -  - 16 28 12 68 45  3 33 17 24  - 35 26  -  1 41  - 37 51 31  9 18  -  7  - 54  -  - 39 30 38 57  - 65  - 32 66 46 27  - 59 70 50  -  - 10 40  6 42  - 14 62  4 53
 47  -  - 68 59  5 61 54 10 34  - 19 67 42 38 36 25  - 21  6 14  - 22 66 58 39  1  -  - 27  - 62  - 49  - 53 17 55  - 44  -  -  - 50  8 29  7 31 64 30  -  - 70 60 15  - 41 32 63 16 11 23 33  - 48  4 46 56 20 28
 17  - 29 27  -  -  2 47  - 12 37 59  -  7 25 32 24 51 67  - 56 21  - 22 68 42  - 46  4 58 53 50 63  - 30 10 54  - 40  5 48 13 18 31 60 61  - 15  - 16  -  1 44 28  -  8  -  -  - 33  -  - 43 64 38  -  - 70 65 41
  - 41 68 70  2  -  -  6 16  - 10  - 26 25 64  -  4 32 63 38  9  - 11  -  1 45 61 49 44  8 47  -  - 67  3 23  - 21 66 13 56 51 46 22 42 39 27 17  - 52  - 30 12  -  7 55  - 40 35 29  5 54 34 33 28 37  - 24  - 19
  1  -  -  - 52 41 46 20  -  - 11  -  - 55  5 19 56 31 39  -  - 66 33 68 60  4 26 51 16 40 62 22 27 54 58  -  - 36 70  -  -  - 61 37 43  - 45 53  7 48 49 10  - 24 44 50  -  2  9  8 67 25 35 28  - 30 63  - 29  -
 24 57  - 66 58  - 70  - 67 26 23 22 37 17 20 18 32  2 11 33 43 46 30 15 44 14 34  8 50 19 28 36 64  1 60  - 49 40  - 31 52  -  - 54 61  9  -  6 68  - 65  4 13 63  -  - 29  -  - 45 41  -  - 47 27  - 42  - 51  3
  3  - 63  - 32 59 54  -  - 39  -  -  6 65  -  - 38 28  - 34 40 24 37 51 47  5  8 53  -  - 21  - 44 46 23 43  -  1 25 61 50 66  4 11 13  2 41 64  - 56  -  - 45 27 60  - 20  9  -  -  7  - 12 52 16  - 49 22 57 10
 29  - 31 65 24  -  7  - 28 11  -  - 48  - 49 63 52 55 47  -  -  -  8  1  -  -  - 36  -  -  - 10 32  9 53 18 59 37  - 17  -  - 39 15  - 42  -  - 33 13 20  - 51  -  - 62 58  -  -  -  -  - 56 12 61  - 44 60 67  4
 21 59 66  - 34 40  5 12  1  - 16  2 51  4  8 26  - 56  -  - 58 28 20  - 55 46 47  -  - 23 14 15 67 35  - 62 38 27 54  -  7 29  - 10  - 37 60 36  - 41 32  - 68 53 50 17  9 43 24 65  - 19 52 69  - 22  - 33 61 13
 42 26  5 16 66 52 10 39  - 29 20  -  - 19  1 64  3 48 35  7  -  -  - 12  - 23 45 31 60 54 17  - 33  -  - 37 62  -  6 46  -  - 38 30 70  - 11 21 28  - 25 69  - 47  -  -  - 56 55  2 44 40 36  - 59 32 27 57 13  9
 26 67 13  - 70  -  - 46 31  - 68 33  - 11  -  - 48 25  - 30 15 18  7  - 59 58  -  - 10 60  -  -  - 23  - 54  6 35  - 29 51  - 55 38 32 40 61 41 21  - 43 16 39 50 42  9 65 22  1 47 62  8 57 44  4  - 28 69  - 12
 68 16  8 64 37  -  - 45 27 19 48  - 41 36  -  - 70 38 29 28 47 35 69  - 50 57 60 11 20 21 66 44  - 52  - 12 23 56 39 24 55  1 32 43  -  5  - 10 49  - 61  -  9  - 34 30 22 17  2 62 42 46 31 58 18  -  6  -  - 63
 12  -  - 53 23  - 21  - 68  -  - 60 44 57  -  - 19 22  - 14  -  -  - 11 66  6 37  -  - 17 29 58 36  - 32 56  8 25  1 59  - 26 48 13 49 65  -  - 42  - 28 67  - 41  -  - 33 30 52 35 18  -  - 10  -  -  - 46 63 51
  -  -  4 38 40  - 67 70  - 13 31 61  8 34 41  - 10 27  - 47 37  - 57 43 45 69 12 64 23  -  - 42 59 58 46  7  - 39  - 53  5 22  - 48  - 18 68 28 30 26 24 60  -  6  -  - 16 33 17  - 50 29  1  - 65 54  2 35  -  -
 67 58 10 47  -  - 14 63 23 15  - 39  - 26 52 59 28 43 48 36 18  7 62  6 64 40 17  2 24 12  - 70 66 19 54 46 60  -  - 16  4 45 50 20 22  - 34 11 56 27  - 68  -  - 35  -  - 44  - 30 13 32  3 65  -  - 38 37 69  8
 66 18 53 63  -  - 57  7 54 69  - 26 43  -  - 39  9 47 45  -  - 37  - 13  -  - 20  4  6 29 22 64 38 11 28 58 65  - 35 51 25 68 40  - 36  -  1 30 62  - 46 52 27 14 70  - 56  - 48 60 12  -  8  -  -  - 33 31  -  -
  9 38  - 49  - 68 30 55 43 37  -  7  - 24  - 41 17  - 52 45 61  -  -  - 48 54 44  - 29  - 25  2  -  - 11 33  4 60 46 70 14 34 62 26 28 16 32 23 31 58 50 27  -  8  - 65 36 35 42 66  - 64  -  - 67 20  - 51 22 39
 22 19 50  -  - 39 12  - 63 24  -  - 55  3  - 42 20 45  - 16 60  -  - 46 38 52  - 30  - 66 36 17 69 47 48 26 61 57 33  -  - 14  8  - 67 62 44 49 43 70 18 41  - 10  -  7 23 68 65 40 25  5  - 51  - 29  -  - 21  -
 59  -  2  -  9 61 32 13 64 16 46 51 53  -  -  - 67 19 33 10  6  - 34 45 37 17 11  - 38  -  -  - 18 48 56  - 50 24 55 35  -  - 47  -  - 68 40 63 54  -  7  3 28  - 57  - 30 42 58 43 52 41  - 60 70 66 25  -  - 14
  -  6 43  2  - 21  - 28 22 50 45 36 27 13  -  - 30  - 51 25  - 70  1 44  - 66  5  -  3  - 49  - 41 39 68  8  - 31  -  - 54 10 33 12  -  - 18 47 19  - 57  -  - 69 58 61 60  - 67 24 16  - 42  - 52  - 48 20  - 46
 32  -  -  -  - 70  -  -  -  -  - 47  4 52 67  - 54  9 49 18 51 64  5 60 26 37 29 68 12 34 33  - 39 30 65  - 55  -  - 69  -  -  - 58  - 35 46  - 17  - 40  - 31 57 10 22 45 15 16  -  1 13 19 63  - 27  3 50 28 62
 49 43 20  - 41  - 17  -  -  - 21 55 66  - 19  - 63 12 30  - 67 58 31 42  7 36 40 39  - 70 57  - 46 65 37 51 29  9  - 22 10 16 28 45  3  -  - 69 24  6 13  - 62 56 23  -  - 11 38  - 64  -  - 35 15 48 47  - 44 54
  -  8 32  4  -  - 51 31  - 49 34 63  - 70 16  -  1 60 42 46  -  - 13  - 57  3 54 17 22  2 39 33 40  -  7 64 26  -  -  -  -  - 45 47 68  - 36 35  - 50 38 25 65  - 20 52  5 41 44 55 10 48 11  -  -  9 29 66 15 67
 44  - 61 23 12  1  6  -  3  - 42 56  - 29  - 54 18 65 62  5  - 48  - 47  - 10 57 16  - 11  7 32 60 26 43 19 15  -  -  - 33 41 64 46  -  - 66 67  2  -  - 35  -  9  -  -  -  - 68  4 51  - 20 31 37  -  - 38 27  -
 63 51 56  -  - 54  -  - 45 33 57 44 17 22 12 23  6 37 24  - 11  - 60  -  -  7 62  - 25  -  5 28 50 13 31  - 32  -  - 10 68 18  - 41  9 38  - 52 27 15  1 39 29  - 64 67 40 48 36  -  -  4 59 34  -  - 69 16 66 70
 20 37 19  - 60 63 31  -  -  -  -  - 35  - 55 22  - 53  3 70 57  2 58 54 65  - 16 45 11  5 44  - 14  -  - 30 28  -  - 36 32 56 59 61  - 43  - 68 18 29  6 34 47 23  - 46  - 27  - 12 33 26  7  - 51 10 50 67 48 64
 53  -  - 24  -  -  - 57  - 55  - 32  - 66 50  - 60  - 64  9 63 22 67 59 11 68  -  - 54 48 10 61 26  -  - 35 16  -  -  4  -  - 44  3 41 56 52  8 15 20 51 70  7  -  6 19 38  - 14  -  - 39 29 37  - 12  -  - 40  1
 70 28 60 17 57  -  - 10  - 54  - 46 69 51 31  - 35 63 61 62 45  - 56  7 18  - 38  -  - 52  -  6  4 29 16 27 43  - 53 42  1 59  2  5 20 66  8  -  -  -  - 40 58 13 24 36  - 65 34 22 49 14 68 23 25 41 67  -  - 21
