3430
 37 22  -  2 27 39 51  - 16 43  - 23  - 65  7 57 62  -  - 44 11 47 59 28  - 42 32  - 66  -  - 35  - 17 40  - 56 33  - 15 24  -  9 10 12 41  - 36  - 38 45 30 34  - 63 64 50 31  -  8 13  - 29 58  - 54 70 69 49  6
 21  -  -  - 12  - 17 39 25  - 20 62 44 11 42  - 30 24 22 48  -  - 14 59  - 16  - 38 65 26 67  -  -  - 34  - 18  -  - 43  -  - 41  6 57 66  -  - 45 60 54 70  - 23  2 27  9  - 13 69 35  -  -  - 40 32  - 58  - 29
 19 34 12 43 51  6  -  -  - 58  1 38 24  - 57  - 66  - 41 68 60  - 15  - 37 63  5 54 46  -  -  - 62  -  - 11 49 16 25  9 28 23 47 42  2  - 64  -  - 18 14 53 48 45 56 59 52 32  3 35  - 22  4 27 33  -  -  -  - 10
 31  -  - 62  - 26 49 28 35  -  - 10 45 40 30 69 14 65 43 18 70  -  - 68  3  -  -  - 15  - 20  - 46 38  -  9 33  - 32 22 55  2  -  7 60  -  - 61 59 21 34 64 54 44 50 23  - 41  6  4 36  - 63 51 25 58 17  1 13  -
 55 11 35 40 24 43  9 64  -  5 22  - 23 54 66 59  - 48 42 70  - 44 67 14 41  -  8 60 39  - 61 47 58 62 65 28 38 25  -  - 32  -  1 17 21  -  -  7 33 16 13 15 10 57  6 45 18  - 69 26 46  -  - 68 36 31 34 63 56  -
 51 67 63 34 48  - 22  - 37 23 19 20  - 32 54  - 15  4 35 29 61  6 56 11 57 28  -  -  9 55  -  - 16 59  - 49  3  - 42  7 12  8  - 26 31 43 33 44  -  5 27  -  - 50 36 69  - 60 21 65 25  -  - 66  1  - 41 10 18  -
  3 40 29 44  6 48 52 34 36 30  - 47  4 43  9 60 10 46  - 56  - 24  -  7 67 45  - 33 42  2 69  - 23 13  - 27 41 39  -  - 14 17  - 61 20 26  -  - 21 57 15 19 22 37 16  - 32 65 55 18  - 70 25 54  - 62  1  -  -  -
  - 57 41  -  - 46 30 22 48  - 31  2 11  - 21 36  - 56  1 64  5 25 19 35 33  - 63 40 26  - 70 38 39  - 20 14  -  -  - 16 23  -  8  - 29 50 59 45 10 42 58  -  4 69  - 34 61  - 66 24 12  3  - 60 37 52 43 13 15 51
 46 26 64 41 45  - 56  -  - 22  - 48 16 39 70 55  2  -  -  - 10  -  7  - 31  9  -  - 53  -  - 63 20 66 44 65 25  -  - 32 49 33  -  -  6 42 15 24 36  4 11 18  - 13 30 57  -  - 54  -  - 34 21  -  - 67  - 12 58 14
  - 56 70 57  -  -  - 50 30 13 69  -  -  - 44 29 63 22 32 21  - 27 16  - 53 38  -  7 12 58  8  -  4 42 68  -  1 17 28 47 15 24 67  2 41 59 46 51  -  - 20 23 61 39  3  -  -  - 35  -  -  5 64  9 10  -  - 25 31  -
 23 48  -  - 46 38  6 12 53  - 26  4  - 58  - 21 34  - 19 49 52 62  3 17 60 24 11  -  - 64 13 66  - 56 31 70  9 28 65  1 51 35  - 50 59  -  - 54  - 22 29  - 32 43  -  - 68 39 67 44  - 30  - 47 57 42 40  - 36  -
  1 45 14 11 21 34 10 70 22 32 41  7 65 18 68 47 24 60  -  6 67 40 61  5 55 15 50 31  - 33 35 20  9 58 36  4 48 63 64  -  - 44  - 51  - 28 42  - 39 13 52  -  3 25 17  -  -  8 37 57  - 53 69  - 27 30 56  - 12 19
 54 38  - 16 52 25 69 29 46  1 58 43  6  -  -  - 70 15 12 14  -  - 26  - 39 11  - 42  -  - 63 22  - 24 18 59 64 20  3  2 57  - 32 36 13 47  - 19 68 62  -  7 50 51 40  - 65  - 41  - 23  - 28 10  -  4 27 21  5  8
  - 27  - 67 41 29 64 57 42 36  - 45  9 53  - 63  7 49  -  -  - 59 23 47 66  3  -  - 13  - 10 50 48  -  - 12 24  2 62 11  - 32  - 69 52  -  -  - 34 25  1 60 38 17  - 68  -  -  8 22 14  - 40 15 46 44 30 37 21  5
 70  5  - 49 25 17  - 16  - 64 27  - 35  - 61  8 57 14  -  - 33  - 44 40  - 43 20  3 30 42  - 21 50  4 22  1 45 46 13 38 59  -  - 67 18  -  6 52  9 63  - 28 56  - 39 48 12 24 53 32  -  -  - 37 69 66 54  - 60 31
 57 65 36 25 69  -  - 32  -  3 44  - 22 46 19 53 48  -  - 37  -  - 45 50 42 33  2  1  -  4 28 15  -  -  - 51 67  - 17  - 13  -  - 20  -  9 60 14 35 34  -  -  -  - 21 63 56  - 59 30 49 27  5 61 39 24  - 52  - 40
 43 69 46 47 67 58  - 63 23 41 25 52 54 38 59  3 35  - 50 17 30  -  - 44 65 56 22  -  -  6 34 51 32 39 48 24 61 10 11  - 31 29  2  - 19 37 68 42 40  - 18  - 21 33 14  - 15 20  9 16 66  -  -  - 62  -  5 70  - 64
 44  - 59 20  -  -  3 10 55  -  9  - 25  - 62 11 42 43 63  - 18 51  4  -  -  -  -  - 21  - 39 60 66 32 33 29 58 53  - 37  - 28 15 52 30 68  - 67  -  6  - 17 12  8 69 46 16 35  1  5 64  -  -  7  -  - 26 49 47 34
  -  9 24 53 43 23 63 51  -  6 70  -  7 69  -  - 38 34 57  3  -  4 27  -  5  - 16 26  -  -  2 25  -  1 55 52  - 50  - 67 33 58 59  -  - 60 19 41  8 31 42  - 15 64 13 61 40 37 47 14  - 10  - 11 56 12 29 65  - 44
 26 10  2  - 55  5 50  - 20  - 21 60 36 67 58 62 68 29 56  -  - 52 17  1 49 47  6 28 14 46  - 64 57 45 24  - 23 18 34 27  7 13 33 25 61 30 53 37  - 54  - 35 51 41 31  8 11 63 12  - 16  -  - 19 70 43 69  -  -  9
 50 60 44 23 33 36  - 55 69 35 30  - 41 61 20 54 19  7  3  -  -  - 32  -  -  -  - 17  -  - 15 68 70 11  2  -  5 38 10 42 16 66 21 29 49 63 39  9 27  -  -  1 14  -  - 47  4 59  - 25  -  -  -  - 45 65  - 40  - 56
  7 21  -  1 58 67 29  - 61 51 10  - 28  3 47 16 12 41  - 54 44 64  - 22  - 65 36 19 24 66 33  - 63 23  8 26 40  4 50 35 25  - 62 57 69 27 31  -  - 39 56 43 17  9 49  - 42  -  -  6  -  - 48 52 34  -  - 15 53  -
 59  - 13 14 60  -  5 30 54  -  6 68 27  - 25 24  3  -  - 69 21  -  - 64  -  -  -  -  - 65  9  - 44  -  - 50 19 22 26  -  - 34 37 38  - 11  - 46 58  8 23 10 35  4 66 67 55 16  -  -  - 43 41 42 15 36 52  7 33  1
 36 58  8  - 64 51  - 19 31 24 35 15  - 62 27 40  9  - 44  5  -  -  -  - 25  -  -  6  -  -  - 49  - 22 14 69 65 57  -  - 47 54 38  -  -  - 43  2 63 46  -  - 20 68 70 60  1 11 61  - 32  -  - 28  -  -  -  -  - 45
 67 51 27  - 17 22 15 42 56  7 32  - 37  - 38 70 40  - 11  - 26 20  - 45  - 18  - 24 57  - 44 55 36 65  -  - 50 59  - 64  8 12 46  - 28 62  - 25  -  -  -  4 69 29  -  -  5 47  - 39 53  -  - 21  -  3 68 61  - 48
 13  - 51  -  - 28 57 40  -  8 11 35 49  -  -  - 64 38  7 20 16 56 34  - 10  2 29  - 63 60 36 24 19 15 27 53 68 37  1 46  5 70 45 18 26  4  9 32 12 41  6 58 23  - 43 44 25  - 65 31 69 14 50 17  -  - 61 47 22  -
 10  - 26  -  3  - 20 21 49  - 59  -  - 34 12 37 44 36 24  -  - 65 63 57  - 41  -  - 32  - 45  9  5 47 52  8 14 30 16  -  -  - 31  -  -  - 28 48  - 51 60  6 66 18  7 15 23 64 40 68 27 61 58  -  - 22 25 43 38 17
  -  - 69 30 63 11 34  - 10 25 68 16 15  - 29  - 47 66 61 31 28 48  - 60 40 55  - 45  -  1 23  -  - 70 32  -  - 12 39 36 19 20 27 46  - 17  -  - 44  - 33  8 57 56 62  - 41  -  - 49  - 59  -  - 67 37  9 54  -  4
  -  -  -  - 14 31 37  -  -  9 40 42  -  -  - 46 52  - 45  - 54 39 62 43 22 19 48 53  7  - 32 57 28  - 70 15  -  -  - 25 56 41  -  -  3  8 47 64 29 11 49  -  -  -  - 24  -  - 60 55 30  1 35  - 44  -  - 34 61 27
  -  7 37 33 19 61 43  - 39 60  - 40 17 42  - 31 13 52  -  - 25  - 69 20  -  - 58  - 64  - 12 14  -  9 21 55  - 11  - 18 53  - 48  -  4 44 29  3  - 45 59  -  - 27 23 16  2 49 10 56  -  8  1  - 51  - 62  - 34  -
 11 68 19 35 61 12  1  9 29  - 47 70  - 31 46 32  -  3 13  -  -  2 24 25 28 60 10 41  - 23  - 48  - 44  - 20 63 49  -  8 42  -  5 21  -  - 27 56 55 66 62 38  -  - 64 33 14 45 39 54 15 50 65  -  - 18 59 16  - 52
 58  4 18  - 68 60  -  -  -  -  - 36  -  - 23  -  - 33 28 16  6 11 10  -  -  -  - 46  3 45  - 42 22  8 59  -  -  - 15 53 21  5  - 12 70 54 48 38 25 32  7 39 31 30 37 35  -  -  -  9  - 66 67  - 64 26  -  - 63 41
 41 53  -  -  - 66 27 13  -  -  -  -  - 70  2  -  -  - 37 32 40 10  - 33  4  - 18  - 23 47  -  -  -  - 38 48 12  - 20 63 60 52 49 15  - 57  -  -  - 29 19 69 58  3 51  1 30  - 11 50  6 68 24  - 16  - 31  -  7 59
  -  - 25 70  -  - 32  - 28 57  7  - 67 14  -  - 16  6 55  - 12 35 31  - 56  - 30  -  - 48 52  -  - 33 60  - 26 54 69 13  9  - 50 44 64 65 37  -  1 59 53 66  - 19 34 62 24  - 23 51 68 42 47 41 38  - 10  -  4  -
 29 50 65 27  -  - 13  -  - 11 45  - 68 64 40 30 69  -  -  9 22  - 12  - 35  8 33  - 34 15 47 18 52  -  - 23  -  - 46 28  1 67  6  - 66 58 10 17  -  7 48 59  - 63 41  2 49  -  - 37  -  -  - 39 24  -  3 51 14  -
  -  -  4 63  5 65  -  - 14 44  8  - 38 41 52  1  -  - 49 42  - 16 58  - 51 26 46  -  -  -  - 61 13 34  9 57 20 43 29 45 35  - 60 59  - 18  - 40  - 28 50 37  - 62  -  - 67 48 64  - 17 21  -  6  - 39 24  3 10  -
 20  -  -  -  1 27  - 18 63  -  5 28 48 60  -  9 46  - 26  - 39 58  -  -  - 40 66 35 38  7  - 10  -  - 54 16  -  -  - 29 17  -  - 62 51 23  3  - 42  - 24 45  2  -  -  - 31  - 32 12  - 33  - 64 14 59 15 57 67 13
 15 46  5  - 18  - 66  6  - 10  - 65  -  -  - 34  -  - 62 38 57 68  -  -  -  -  - 37 16  - 48  1  2 54 53 21  - 69 41 14  - 43  3 11 56  - 36 12 20 30  - 50 67 47 44  -  - 26 49  - 29 40 22 24  -  9  - 59 55  -
 47  - 60  6 57  -  - 49 12 61 17  1 40 68 45 42  - 44 21 66 15 43  2  - 63 37 62 14 51 53 41 58 27 55  3  - 69 52 18  - 34 38 20 64  5  -  -  - 24  - 32 29 28 16 59  - 10  - 36 46 19 11 56 33  7 13 22  8  - 35
 52  - 53  - 11  7  -  5  3 33 38 56 50  - 49 64 37 67 69  - 51  -  - 10 48 34 59 47 19 27  6 54  -  -  - 43  - 68 21 61 22 16  -  8 39  1 23 35  4  -  - 32 45  - 55  - 44  -  -  -  2  - 18  -  - 40 14  - 46  -
  - 24 40  - 29  - 60  -  - 39 23  6  1  -  - 35 33  9  - 10 56 13 55 67 15  -  7 43 36 63 65  - 34 49 45  3 31 70  - 12  - 69 25  - 22 21 57 28  -  - 16  -  -  - 11 58 66 46 68  -  5 32  -  -  -  2  -  -  - 47
  5 32  - 51 62  -  7 46 67 45 24 19  8 13  3 12 17 20  -  - 66  -  9  - 30 25 47 44 27 52 55 29 33 35  1  - 43  - 59 65 50 36 56 28 34 48 11 16  -  - 38 41 18  - 54  - 21  4  - 15 10  6  -  2 53 60 37 64 57 49
 61  3 31 17 50 45 62  2 47 16 65  5 56 27 43 26 49 63 15 11 23  - 64  -  -  -  1  - 68 30 24 32  - 48 25 38 28  - 37 10 70 55 18  -  - 12  8 59  - 40 46  -  - 42 57  - 60 52 34 21  -  7 39 53 13 29  - 22 19 67
 64 31 30 29  - 59  2  - 34  -  - 33 66 23 35  - 22 17 67 12 49  3 42 15 19  - 70 58 25  5  -  -  -  -  - 68 21 36  4 26 11 56 14 16  -  - 32 69 51 48 44  - 13 65 47  -  -  1 38  - 57 28 55  -  - 46  8  - 43 37
 48  - 23  5 22 24 41 17  - 67 49  -  - 30 53 45 55 28  9 47 58 15 70 65 69 68  - 56 59  -  - 40  -  -  -  - 32 13 35 50 66 51 36 43  1 25 20 27 62 37  2 33 64 12  -  7  -  - 29 63  - 54  - 38  4 57  -  6 16 21
  -  - 15 21  - 44  - 11 19 46 16 34  2 59 51 67 61  - 40 58  9 28 48 36 45 20 54 63 69 25 68 23  - 50 10 66 39  -  6 49 26 18 35  - 14 31  7  - 57 70  3 65  8  1 42 22 17 13 33 62 37  -  - 43 52  - 12  - 64 55
 60 12  - 36 42 10 46  -  -  - 34  -  -  - 32  - 45 53 48 35 69  - 33 29  - 59  - 20  -  9  -  3 25  - 57 17 30  - 19  - 65 68 43  - 37  - 52  -  -  - 40 14 47  5 26  - 38 44 24  - 63  4 16 13  - 70 11  - 27  7
  9  - 34  - 54  -  - 60 58 14 13 61 32  - 22 49 51  - 33  2 63 41  -  - 44  - 25 15  -  -  - 37  1  - 64  -  -  - 68  - 69  - 29 65  -  3 21 47 52 17 55 42  - 40  -  -  -  - 70  - 28  - 20  - 35 38  - 31 48 36
 40  1  - 48 66 69  - 15  - 68 50  - 57 21 26  5 32 35  6 61  - 23 53 54 29 36 14  - 62 16 17 31  - 52  - 45 51  -  8  -  - 39 13 70 24  - 56 30  -  -  - 22  - 55  9  - 47 19 25 10 67 64 43 46 63  -  -  - 20 58
 63  - 61  -  - 57 59 53 62 28  - 11 14 10  -  - 43 23  - 50  - 32 38 16 34 27  -  - 37 51 60  - 45 41 26  -  - 42  -  - 30  - 24  -  8  5 12 49  -  - 31  9  -  - 35 65 39 21 17 20 44 52  - 48 54  - 47 29 68  -
 34 52 55 10 47  - 38  - 44 56 63 69 26  - 67 22  -  - 18 28  - 54 21 24 59  - 15  9 11 36  -  - 37  - 39  - 57  6 31 17  - 45  -  4  -  -  -  - 19 50 43  - 68 70 60  -  - 23 51 33 48 20 27 29  -  7  -  - 30 25
  - 14  - 56  4  -  -  1 38 26 37  - 10 20  -  -  5 59  - 36 27  - 52 51 61 12 21  - 67 32 11 19 68 25 28  7 55 29  - 39 58 49 30 23 44  -  - 53  -  - 63  3 16 48 24  - 62  - 22  - 34 69 15 31 43  8  - 66  2 18
 12  -  - 50 30  - 39 35  - 31 18  8 62  9 11 48  - 45 65 40 32 69  6 70  -  - 17 64  5  - 58  - 60 57  - 42 16 24 51 34  4  - 23  - 68 14 41 21  - 56 28 25 63 59  -  -  - 43  7 52 33 67  - 44 29  - 19 36 37 38
  6 39  1 32  - 21  - 33  - 40 12  -  - 57  - 58 41 50 27  -  2 53 46  - 64  -  - 11 18 29 22 34 42  - 51 37 15  3 67  - 54  -  -  - 65  - 38 63  - 47  5 56  9 24 19 66 26 68  4  7 55  -  - 62 20 25  -  - 59 70
 45  - 47 64 28 56 16 43  - 53  2 25  -  7 17  - 21 19  -  - 46  -  -  6  - 31 24  -  8  - 30  4  -  - 12  - 59  9  - 23 62 22 39 41 11 36  -  - 26  -  -  - 49 54  - 52 63 34  -  -  -  - 13 32  - 51 42  -  - 50
  - 62 52 12 40 13 55  - 41  - 51 49  -  1 63 19 29  -  - 53  - 46  -  8 43  - 31 34  4 22 14 65 64 30 23  - 37  7  -  3 10  - 57  -  9  - 26  -  -  - 66 68  5  - 20  - 28  - 48 47 56 35  -  -  -  - 58 45 17 16
  - 13  - 26  - 50  - 54 17 37 55  -  - 15 10  4  - 42 53  8 65  9 20 38 16  - 49 52  - 14  - 33 56 64 63 25 46 48 30 69  3 60 34 40 45  6 62 58 18 24 61  - 43  -  1 41 70 57  2 19  - 29 51 22 66 28 67  5 32 23
 24 25 54  - 10  - 47 45 33 27 42 37 43  - 14  -  8  1 64 51 29  - 49 46  - 66 38  - 50  - 56 59 40 26  4 67 60 62  -  - 68 21 69  -  -  - 30 31  - 12  - 16 39  2  5  - 48  -  - 70 61  -  -  3 28 53 20  -  -  -
  - 59 58 24  - 64 67  - 65 20 52 21 33 37  -  2 23  - 25 60 41 30 50 18 62 51  9 29  -  3 42 45  - 69  -  - 47 44  -  -  6  7 12 39 10 38  -  - 16 49  - 57 27 36  - 31  - 15  - 43 22  -  - 63 48  - 32  -  - 28
 14  - 38  7  2 16 18 69 11  - 56 59 46 63 34  - 39 21  -  - 24 36 51  - 52 53  -  8  - 35 66  6 29  - 62 32  -  - 57 58 43  1 10 37 27  -  - 13 30  - 68 20  - 28 45  - 22  - 44 64  - 12  -  - 47 41 48 33 26 61
  -  6  -  -  - 18  -  4 57 12 62  -  -  - 15  - 20 58 59  1  - 29 13  - 70 17 39 49  2 37  - 30 51 28 46 44  -  - 45 52 40 31  - 55 42 22 67 50  - 53  - 63  -  -  - 43 33  -  -  -  - 16 60 14  -  -  - 48  3 65
 33  -  -  9 49 35 36 58  - 38 15 53 64  - 16 68 18  - 51 41 37 17 54 30 24 14 12  - 47 43  7  - 59  6  - 34 22  8 61 57  - 42  - 31 48 20 69  -  -  - 39 40  -  - 67 10  -  - 28  -  4 62 32  - 21 50  - 56 45  3
  - 28  - 39  -  -  -  - 59  -  3 32 12 50 33 56 60 30 36 34  -  - 43  - 21 49 64 18 44  -  -  -  7  -  -  - 11 15 66 48 37  -  4  - 40  - 63 57 41 69 70  - 26 35 58  6 27  - 46 38 62  -  -  1  9  - 51 14 24  2
  2  - 16  - 37  -  - 25  - 66 64 31  -  8  1 65 50 39  - 43 17 26 35 63 54  -  -  - 58 11 46 69 24  -  - 30 53 60 55 56 48 47 44 34 15  - 22 10 49 14 41 36  - 32 12 51  - 33 27  -  -  - 19 23  -  -  6 38 62 57
  - 64 17 15  8 68 21 41  7  2 46 58 53  5 24 28 59 61  -  - 47 18  - 32  - 50 69  - 52  -  4 39  - 51  -  -  -  1 14  6 67 37 40 63 43 13  - 60 48 65  - 11  -  - 33 42  -  - 62 34 31 45 44 70 26 19 36 35 54  -
 32  -  9 22  - 49 54  7  6 70 48  3  - 56 31 14 11 37 60 25 36  - 40  -  - 29 45  - 17 62 57 41  -  - 35 63 52 58 27  - 18 65 28  - 16 33 24 34 15 68 21 47 59 46  -  - 43 55 30 42  - 13  2  -  8  -  -  - 66 39
 62 16 33 38 15  4 19 48 40 42 60 27 21 26 56 17  6 54 23  -  -  - 30  3 36  - 57 22 29  8  - 28 65 37  - 41  - 66 43 70 52  -  7  -  - 55 61 18 32 10 64  2  - 34  - 12 59  - 20 58 51 44 11  -  - 47 45  9 69  -
  - 44  6  -  -  3  - 65  - 50 61 55 20 33 48 52 67 47 66 13  - 49 25  -  2 54  - 12  - 40  - 27 38 31 37 60 70 56  9 24  -  - 22 19  -  -  -  8 64  -  4  - 29  7  - 30  - 14 16 59  - 18 17 35  5 34 23  - 41  -
  - 61  7  -  - 32 24 27 70 63 53  - 60  -  - 38 25 64  -  4 14 45  8  - 50  - 56  - 54  -  5  - 43 21 49 47 44 34  2  -  - 30 65 48  -  -  - 55  3  9 12 51 52 15 46 17  -  - 18 40 59  -  - 16  -  - 33 23 29 42
 35 63 43 45 34  - 33 24  1 59 29 67  -  6  - 44 54  - 10 46 55 21 36  - 38  - 68  - 60 49 37 70  - 53  7  2  -  - 48  5 64 40  -  - 25  -  - 66 47  -  9 31 30 14  -  - 20  - 15 27 58 56  - 65 23 16 39  4  - 69
