3430
 50 67  8 44  - 11  -  - 56  1  6 62 49 19 37 51  2 43 48 20 28 66 70 69 30 39  - 60 12 42 61 17 29 47  - 45 26 35 13 57  -  - 41 25 58 31  - 68  - 14  -  7 36  - 33 64 10 52 15 59  - 55 65  9 18 16 53  - 34  -
  - 33 54 18 23  - 11 43 38 12  - 52  -  - 15 17 70  - 57 46  - 44 31 50 56 69 42 59 21  1 68  5  -  - 48 13 24 36  7  -  9 41 14 63 66 19  -  6  - 25 65  4 51  8 55  - 35  - 47 32 67 45 29  -  -  2  - 53 30 22
 64 24  6 51  -  - 20  2 47 42 32 44 15 50 58 52 26 10  5 40  8  - 45 19 55 22  -  -  -  3  - 48  1  - 66 59 31 25 14  - 17 37  4 43  - 53 62  9 35 41  - 69 29 46  - 16  - 49 67 70 56  7 21  - 33  -  - 23 38 60
 29 60 11 46 26  - 62 40 49  -  - 38  1 32  7  - 53  - 68 37 12  - 67 41 10  - 20  - 44  - 65 35  6 66 58 70 54 61  -  -  5  - 47 22 19  -  9  - 21 17  - 15 69 18 45 51 23  - 64 63  -  - 25  -  - 28 30  - 31  3
  - 44 67  - 55 18 69  - 57 25  - 51 53 13 21 66 35 47 26  8 16 29  - 23 50 40 15  9 56 27 49  7 63 52 42 61  - 34  -  - 65 64  3  5  6 22  - 41 28 68  1  -  - 38  - 31  - 62  4 45 59 70  - 14  -  -  -  - 58 48
  4  -  9 65 50 46 12 47  - 59  - 67  -  - 31 56  -  - 64  -  - 24  3  - 57 11 30  -  -  - 38 42 37 14 35 60 70  -  8 17 48  -  - 29 23  - 54 16 34  - 36  - 18  - 69 33  - 68 27  -  -  -  -  6 51 61  -  - 15 55
  - 34 59 68  3  - 25 42  - 26 55  -  - 22 63  7  - 67 54 12 31  - 49 10  -  - 29  - 45 32  - 23  -  4 16  - 53 62  9  1 66 17  - 50 38  -  - 51 19 58  2  5 64 30 41 56  -  8 14  - 20 18 44  - 13 40  - 33  - 11
  - 17 27  - 14 20 66 61 62 60 31  2 29 11 33 34  -  -  9 41 37  - 15 52  - 65  - 13 54 53  7 10 45  - 43 42 64 22  -  - 12 67  1 56  - 63 16 57  - 38 26  -  - 36  -  - 47  - 51  4 46  - 23  - 35 50 68 69  -  -
 19 21 38 53 15 30 44 10  5 31  - 39 70  6  -  - 49  -  - 34 35 56  - 58 68  - 64 52  - 50 18 28  -  - 61 43  -  - 42 26  - 40 51 33 14 69 20  1 47 55 63  - 24 59 62  -  7 48 36 57  - 65  9 27 11 13 16 45 41 37
 47 55  -  1 35  - 63  -  4  - 59 46 26 36  -  - 68 18 17 52  -  5 61 30 15  9  -  - 28 70 56 27  - 37  6  -  - 42 62 13  2 50 53 49 20  - 12 10 57  -  - 66 45 29 31  - 48 23  -  -  -  -  -  -  -  -  - 43 51 14
 40 61 65 48 66 70  - 14  8 28  4 16 10  -  9 19  -  3  - 49  - 45  - 42 41  2  -  5 13  -  - 22 32 59 26 31  - 56 47 53  - 34 18  - 33  -  1 63  - 51  - 54  - 64  - 30  -  6 62  - 60 44 67  - 17  - 69 68 50 21
 37 25  - 47  - 36 61  - 44 46 35  -  3  -  - 24 18  2  - 68 29 38 57  -  - 63 59 30  - 17 32 50 13  -  -  - 48 60 12  4  - 28 19  -  - 58 23 20  - 34  5  9 21  7 14 42 11 55 65 52  -  8 39 45 26 33  - 40 66 64
 25 36 40  -  - 49 17 32  -  -  - 19 14  - 47 38  -  - 23  7 55  - 42 20  -  - 16 70  -  -  9  - 48 29 41  - 34 31 24 43  -  - 54 67 13 35 64 69 63 18 60 61 44 56 26  4 22  -  - 30 57  - 10  2 65 46 12 59  -  -
 31  - 57  -  5  7  - 56  - 43  - 26 18  9 30 54  - 40 61  - 69 53 46 25  -  - 50  - 10  -  - 60  - 64  -  2  - 66 39 32  3 16  - 70 62 27  - 37 14 33  - 22 67 20  -  - 19 41  - 29 36 38  -  -  -  4 49  -  6 23
  -  -  - 63  -  -  2 50 59 49  -  - 33  -  1 36 10  - 65  -  7  -  6  - 43 38 51 47 16  -  3  8  - 30  -  -  - 48  - 24 39 70 58  - 26  - 46 54 41  - 34  -  -  4  -  5 55 67 25  - 27  -  -  - 69  - 45 28  9 62
  - 46 15  -  -  - 54 17  -  -  7  - 16 23 70  3 67  - 49 19 57 68 28  -  - 14 32 62  2 43 11 21 61 35  -  -  -  - 38  -  - 55  -  - 27 20 59 40  - 53 69  8 66  -  - 45  - 64 48 42 37  5 13  - 47  9 44 12  - 52
 24 35 61  -  - 23  - 27  - 45 18 25 46 37  -  - 38 53  - 32 67 57 14  1 65 30 55 15 69  - 41 20  - 39  -  - 68  -  - 63 47  -  - 28  - 66 21  -  7  5 29 43 56  - 34 22 42 19 40 33 10  - 48 50  9 17  3  - 26 13
  -  - 64 30 45 10  3 48 32 22  - 40  6 69 46  -  9  - 70 62 42  - 63 31  - 19 58 29  - 44 26 52  - 20 47 18 39  - 23  7 54 65 34  -  - 41  - 11 50 13  -  - 17 28 38 53 16  -  - 36 35  2  - 59  - 27  8 55  - 68
 26  4 62 11  6  - 22  - 19 55 27  - 43 63 10  -  -  - 52 58  - 41  - 44 12 56  -  - 33 64 35  -  7  1 13 49  8 51 46  - 29  9 24  2 61 48 34 17  -  - 42  - 59  -  - 68  - 54 50 31  - 28  - 37 23 70 60  5 53  -
  1  - 36  - 54 31 53 19  -  -  -  -  - 56 45  - 11 66  - 43  -  - 25 34 33  - 63 16 18 69 20 13  -  - 70  -  -  - 61  2 41 29  - 52  - 42  8 30  - 64 23  - 49  -  - 37 67 22 17 26 51  -  3  -  4 39 47  - 14  -
 66 11  - 17 30 14 58  -  -  -  3  -  4 57 38  - 29 62 63 22 15  2  7  -  - 52 12  - 37 54 24  - 19 10  -  - 41 59 43 50 67  6 23 61  9 18  - 28  - 40 56 53 68 13 44  -  -  5 69 25 33 35 34 21  - 36 70 64  -  -
 53 22 47 40  - 21 24 35  - 14 63 41 11 25 66 31 58  7 15 59  - 67 33 28 46 48 36 34  - 57 60  - 30 42 27 23 45  - 18 39 68  5 69 19 44  -  - 26  - 52  9 50  - 70 37 20  2 17  - 13  - 16 43  - 62  3 38 54 12  -
  -  -  -  5 12  1 42  -  6 36 44  - 47  - 26  -  -  -  - 30 25  -  - 67  - 17 60 20  -  7 15 38  -  - 11 53 10 16  -  9 57 69 22 24 34  - 32 33  - 59 48 64 70 35 28  -  - 51 56 66 68  -  - 18  -  - 43 29  - 31
 15  - 69 45 46 27 55 30  -  - 67  -  -  - 54 23 20 50 31 57  -  - 11 14 42 58 66  4  -  - 22  6 35 13 52 36 51  - 21  - 60  -  -  - 39 16  -  -  5  - 43 19 47  - 12 17  -  - 61  1 64 25 68 10 53 32  - 18  - 34
 33 49  - 35  -  - 41  - 31 63  2 50  - 18 65  - 40  -  - 66 70  - 19  - 22  - 23 39 46 11 13  - 59 68  - 64  -  - 52  - 58  - 60 34 37 10 51 67  - 43 55  - 32 27 21  8  5 69 53  -  -  - 24  -  -  - 25  6 16  -
  - 20  - 70 24 54 15 57 46 61 68 11  - 48 19 42  7 12 56  - 36  9 59  - 45  - 65  -  - 38  -  - 34 33  -  -  2 64  - 23 32  3  - 31 10  1 26  - 66 29 28 55 22 25  - 35 50 18  - 67  -  - 47 69  8 60 63 37  - 30
  -  - 14 24 42 34  8  -  9 44  -  -  -  - 29  - 66 11 20 51 30  - 13 22  6  -  - 21 49 60 69 16 18 31  -  - 58 26 54 56  - 59 35 68 63 64  7 27  - 12 70 57  5 61  - 65  3  - 19  - 17 33 55 28  1  - 46 15  - 25
 34 27 26 59 32 43 49 44 50 35 22  - 48 14  - 53 17 15 25 28 45 52 62 46  -  -  - 54  - 21  2 47 64 41 56 33 38 19  5 67  - 68 13  -  -  - 37 65 31 11  - 39  6  - 60 12 61  1 10 69  - 63 70 16 29 66  -  4  8  -
 16 56 29 54 40 48  5 25 18 19 60 43 57  -  - 28 21 33 42  - 53  - 20 64  - 62 38  - 31 23 44  2 14  - 59 34 52  -  4 47  - 11 27  - 35  9 22  - 12 26 17 30  - 55  8 15  -  7 24 10  6  -  -  - 68 63  -  - 45  -
 36  - 24 60  -  - 23 63  2 21 64  -  7  - 51  -  - 45 50 55  - 69  -  - 35 61  9  1 53  5  - 29 66 48  8 67 19 43 20  - 10  - 12 27  - 17 56  -  -  - 15 41  -  - 30 54 28 25 49  - 26 11  - 44 38  -  - 58 65  -
 20 45 60 34 28 65  1 24 53  4  -  8 37  - 12 18 39 54 33  - 40  -  -  - 31 64 44  -  - 36  -  - 16  3 14  - 13  2 10 62  7  - 66  - 51 70 47 56 67 35  -  -  - 23  - 50 29 59  - 38  - 49 32 30  - 48 61 52  -  -
 62 31  -  - 67  - 70 12 40  -  -  - 39 20 28 64 51  - 53 38 17  1 58  -  - 50 21 66 68  - 30 14 26  6 60  -  - 52 65  - 34 45  - 18  - 57  - 55 13 42 33  -  8 48 19 23  - 46 32  - 47 15 56 35 22 59  -  - 69  5
  -  - 33  - 57  - 45 51 68 17  - 55  -  -  - 62 43  - 46 61  -  -  - 16  4 13 53 10  -  - 50 11  -  - 30 65  5 27  - 70  - 66 20  8 31  -  -  - 22  - 64 29  1 12 58  -  6 24  -  7  - 40 15 25  2 52  - 21  - 19
 48  2 45  - 17  -  - 62  -  -  - 31  - 59 49 40 14  - 69 25  - 23 55 51 54  - 18 64  -  - 28 39 44  -  -  - 15  1  3 38 46 10  5 35 43 29 58 34 53  -  - 21 16 26 50  6 12 70 42 47  -  4 41  - 37  - 56 20 52  8
  -  -  - 39 41 35 50 34 58  3 47 23 56 67  -  - 64 28 14 65 33 22 12 21 36 66  -  -  - 24 59  - 15 54 55  - 29 63 25 30 38  1 48 17  2 68  4 53  -  -  6  - 27 62 57  -  -  -  -  - 42 51 31 19  - 43  9  - 44  -
 55  - 70 10 18 25  - 33 11 16 26 60 66  4 32 37  6  - 36  -  9  - 43  - 69  7 45 61 52 39  - 59  - 50 29 48 23 13 31 49 28  -  - 20 64  - 27 47 68  3 62  - 40  -  1 63 53 12 46 44 65  -  2  8 57  -  - 35  - 17
 42 63 25 20  - 45 13 66 15 37  - 33 41  - 44  -  - 46 12 56  - 49  -  - 32 21 17 40 59 30 39 18  -  -  4  -  - 11  - 69 52 47 16 64 53  -  -  -  - 23  - 27 62  - 24  -  - 29  -  5 54  6 50  - 28 10  - 60  - 51
  - 12  - 69  2 55 47  - 65 52  9 70 22  -  - 10  - 26 32 48 46 54  -  -  - 16  4 17 38 31  -  - 40  - 50  - 18 33  -  - 43  -  - 14 21  -  - 19 42 36 49 51  -  -  - 66  - 28 34 61 11 41 27 20 45 53  - 13  - 57
 17 28  - 16  - 51 36 68  -  - 56  3 52  -  -  -  5 58  6 33  1 13  8 47  - 10 31 14  7  - 54  -  9 63 67 21 20 70  - 11 42 60 30 12  - 32 61  - 25 24  -  - 48 65 15 27 18  - 45 64 23 66  - 55  - 29 62  2  - 43
 39 64 42  - 49 26 34 58 21 10 37 28 63 65  6 13 47 20 66 17 24 62  -  - 11 51 69  -  -  -  - 53 27 12 36 56  - 45  -  - 55 48 57  -  -  5 60  2 38  -  - 35 52  -  - 59 14  3 43 18  - 29  - 67 44 41  7 61  -  1
 41 16  -  - 51 22  - 13  - 38  -  -  -  1 39 57  - 32 55  4 64  - 37 70 40 35 19 33 15 66 52 63 68  -  5  -  -  - 11 29 30 18  - 46  - 34 53 42 43  6 10 62 54 67 56 21 45 58  2  - 24 26  -  3 27 12 17  - 60  -
  9 14 49 33 63 61 59  -  - 24  - 34  - 15 42  - 36  - 18  -  3  - 29 53  -  6 47 38 48 46 21 55 20  - 37 26 43  7 51 68  - 12  -  - 17  - 31 58  2  - 35  - 57 10  - 40  8 45  5  - 70 60  -  - 52 69  1 30 64 50
 46  - 17 22 62 67  7  6  - 64 28  - 61  - 69 27 54  -  - 13 59  - 32 11  - 43  - 58 24  -  -  -  2  -  - 63  - 15 41 51  1 20 21 26  -  - 70  5 29  - 50 23 55 16  4  9  - 35  - 49  -  -  -  -  - 56 37  - 40 10
 63 37  - 67  - 50  - 70 30 13 14 27 51 34 36 48  -  -  2  -  6 17 16 59 47  4 57 53  - 12 29 64 55  -  7 44  -  - 26  -  - 38 40 45  - 28 24 62 46  1 18  3 60 33  - 49 43  - 31 65  - 54  - 22 58  - 11 41 39 61
  3 42  - 29  - 47 31  9 25 51 38  - 36  5  - 30 22  - 24 60 58  7 53 32 13  - 70 63  -  -  4 12 65 62 69 10  -  -  -  8 16  2  - 44  - 39 45 46  - 19 14  - 28 11 67 57 21 20 66 34  1  -  - 64 56 23 33 49  -  -
 44 53 39 19 60  6  - 54 17  - 13 32  - 26  -  - 31  5 37 29 18 27 68 55 25 23  -  -  - 45 10 24  4  -  - 69 12  - 58 33 21 35 67  9  - 49 57 52 36  -  -  - 50  - 46  - 64  -  7  2  -  - 63 40  - 34 48 66  -  -
 27 15 63 41 20 33 60  - 67 29  1  - 12 21 43 58 32 51  - 64 66  - 38  - 34 59  - 68 50  - 70  - 53 23 46  - 62 55 22 52 37 19  -  7 48  -  - 45 16 31  4  - 61 69  -  - 17 56  -  -  - 39 54 24 42 18  5 47  -  -
 38  3  -  -  - 19  -  - 28  2 57  -  - 10  -  - 60 35 45 63 21  -  - 40 67 37  -  7 17 65  - 56  -  - 32  6 16  - 48  - 20 53  - 47 69 61  - 15 24 44 59  -  -  - 51 70 52  - 30 55  -  - 58 26 25 68 22  - 23 29
  7 29 12 50  - 63  9 59  -  -  -  - 21 24 23 25 56 70 11 36  -  -  - 18  - 42  - 41  -  - 14  1 57 38 65 30 28  - 34  6 44  8 17 55 16  4 66 64 61  - 45 68 46 52  - 67 15 26  -  3  -  -  -  - 54 49 35 19  -  -
 22  6 21 15 37 69 29 20  - 56 70 53 40  - 27 44 61 55 58 42 65 14  - 62  - 25 48  - 51  4 17 46  - 34  - 47  - 30 57 45  -  7 43 39  - 11 68 49 59  - 52  -  - 63 36 41 33 13 16 50  -  9  - 23 10 67 54  -  - 66
 23 39  - 64 25 68 46  5 29  8 15 14 20 51 61 67 19 65  - 18  2 55  4  - 48 45 56 28 22  -  -  - 33  -  - 27  - 17 69  -  - 21 36 30 11 54 35 44  6 70 47  - 12 41 49  -  1  -  - 60 16  -  -  - 50 62 40 57 24  7
 43 51  - 42 44  - 14 36 27 30 33 21  -  -  -  1  4  6 10  -  -  - 41 65 63  3  2  -  - 18 55 69 22 16 24  - 35 53 64 28  - 25  -  - 47  7 29  -  - 37 40  - 13 57 59 19  -  -  9 54 52 23  -  - 20 26 31 56 17 12
 21  1 37  4 34 40  -  -  - 67 54 57  - 45  - 29  -  - 41  - 39 51  5  6 58 60 24  -  - 13 64  -  8 26 33  3 65 23 70  -  - 14  - 42 50 46 30  - 20  9 32 52  - 19 53  - 69 47  - 48  - 36 49 12 43 55 66 17  2 15
  6  - 50 66 69 28 37 18 34 23 45  - 31 30 57 33 55  -  - 26  - 16 52 49 29  1 61 67  5  -  8  -  - 15  2 12  -  9 53 35  - 43  -  -  - 14 39  7 64  - 38 60  -  -  - 25  -  -  - 56  - 58 17  - 48 20  - 51  -  -
  5  - 35 38  -  - 27 45  - 70 34 59  -  - 52  - 28 61 60 69 22  -  - 56  9 46 67 19 64  - 48  - 17 43  -  - 25  - 29  - 53 62  -  - 12  - 36 18 26 15 68 49  -  -  - 11 54 31 63  -  4  -  - 41 30  -  - 39  3 33
 69  - 48 26 11 32 19 31 64 57  8  5 17  7 55 21 12  -  - 27 10  - 35  - 24 70 33 23 47 67  - 15 62  -  - 51 42  - 68 34  - 30 29 40  - 43 18 13  - 54  -  -  -  -  -  1  - 66 52 16 38 59  4  - 41  - 28  9 25  -
  -  -  -  - 43 53  - 15  - 33 23 68 44  -  -  - 46 69 30 50  - 47 60 13 38  -  5 25  - 51 62 58  - 28  1 40 57 49  - 10  - 26 42  4 18 52  6 24 27 63 21 67  - 17 66 29 37  - 54 41  7 34 14 70 36  -  -  - 22 56
  - 70  - 21 39  -  -  -  -  - 49 24 62 17 68  6 42 29 13  - 19 40  - 48  - 53 27 50  - 22 66 67  - 45 54  - 46 58 30  -  - 32  -  -  - 33 28 61  - 57 12  -  - 44 64  3 63  2 26 43 34  - 36  -  - 35  4  - 20  -
 58  -  7 14 13  - 52  -  3  6 30  9  5 46 56 11 25 41 47  2 68  - 21  8 17 36 34 27  1 15 31 66 10 40 62  - 33  - 32  - 35  -  - 48 42 12 67  -  - 45  -  - 43 53 20 55  - 50 44 23 63 24 38  4 60 19 59 65  - 49
  -  -  5  2  - 59 16 53 35 66 25 17 64  8 41 14 44 31 62  6 47 37  -  -  - 33  - 36  9 26  - 34 43 65  - 24  - 38 67  -  -  -  - 23 45 40 11 22  - 60  -  - 63 39 10 28  - 32  - 46 50 48 61 57 19  1 29  -  -  -
 68 32 10  3  - 56 48  - 42  5 12  - 27 31 17 43 30  8 34  1 61  - 54 35 18 49  - 37 65 29 23  - 38 46 51 20 14  - 50 59 19 15  2  - 55  - 52 60 69  - 11  6  - 58  - 26  - 33 41 28  - 62 40 53 24 45  -  -  7 36
 51 68 52 57 65 16 39 26  -  -  -  - 28 47  - 35 34 49  - 31  4 48  2  - 60  -  1 32  - 62 53 54 25 21 15  9 59  -  - 37 22 63  8  -  - 24 13 12  - 10 46  - 14  - 23 44 56 40 11 19 45 17  - 43  -  -  -  -  -  -
  - 58  - 28  -  -  - 46 20  - 42 69  - 39 18 26 62 68  - 45 54  - 44  4 21 24  8 35 67 16  -  9  -  - 49  - 30 12 56 60 59 61 25 53 57 23 33 70 11 48 19  - 34 47  3 14 41 65 37  - 43  -  1  - 66 64 51 31 36  -
 18  -  - 25 38 66  -  -  - 65 17 63  2 58  - 60  - 48 16  - 50 59 36  - 20 41 11  - 35  -  1  -  - 24 19  - 22 28 45  5 27 31  -  6 52 51 44  -  - 61 67  - 37  3 42 43  -  9  - 12 13  - 62 68 49  - 14 26 10 69
 70 66 51  6  4 29 26 67 12  - 21 35 69  - 40 63 33 16 39 24  - 64 10  -  - 18 37  -  - 47 19 57 31  5 28  8 11 44 15  -  - 13  - 32 41 65  2  -  - 46 22  1  7  -  9 48 59 30 38 17 58 56 60 49 14  - 50  -  - 20
 14  7  -  - 52  -  - 60 70 15 11 20  8 49  5 12  -  - 67 54 41 26 40  2 61 31 35 69 19  - 34  3  - 53 64 17  - 29 28 66 62 36 45 37  4 50 43 21 33 16 24 46  -  6 48  - 68 39  - 51 25 22 30  1  - 47 57 44 27 65
 54 13 30  7 19  - 33 22 36  9 46 58 68  -  -  8  - 52 29 11 23  -  -  -  - 26 62 12 66 14 43 41 50 69 39  -  -  5 16 61  - 56 59 38 70  6  -  4 10  - 37 25  3 60 47  - 32 15 20 53 49 27 45 63  -  - 18 34  1 35
 65 23 68  - 47  -  - 49 43  - 53  - 60  - 13  - 37  - 19  - 62  -  1  - 16 29 22  - 41  - 67 33  - 11  9  -  7  6 66 15 36 54 64  - 46 45  -  -  - 50 20 63 26 34  2 38 31  4  - 39  - 57  5  -  -  -  - 32 61 59
 61  - 58  - 59  -  - 55  - 53 16  -  - 27  - 32  - 34 40  - 26 30 66 39  - 68 54 49 20  8 47  - 52 17  - 62 63  3 60 46 24  - 33 10  - 44 25 48  - 56 31 12 35 14  - 69  9  -  - 21  - 43 51  - 70  7  6 22 11 67
 57  -  2  -  1  -  -  -  - 62 50  -  -  - 34 69  -  -  - 23  5 63  -  -  - 47  6 42 25 20  - 19 56 44  - 11 40 46  - 16  -  - 26  - 24 38  - 32  4  - 53  - 41 43  7 18 66 21 70  - 61  - 64  -  -  - 36 14  -  -
