3430
  - 40  - 41  8  -  3  - 20  1 50 43  -  - 26  - 47  - 51  -  - 25 67 68 52 38 29 59  -  - 70 37  - 45 14  -  - 11 42 23  - 44 31 33  -  -  - 24  - 28  5 36  - 19 34 27  -  - 18  -  6 22 30 62 49  7  4 61 21 57
  - 55  -  - 15  - 33 40 48 63 19  - 68 49  7  - 17 57 42 30  1  -  2  -  - 58 54 41 47 61 51  - 67  - 34 26  - 13 50  - 21 23 69  - 35  - 66 18  - 31 20 37 28 44  - 16  -  - 36 39  8  - 53 60 45  4  - 62  9 24
 67 60 30 47  - 22 46 11 56  - 28  7 61  - 43 54 27 38 68  -  - 51 59  - 31 15  -  8  -  - 19 58 34  4 45  - 52 57  - 13 48 55  - 40  -  - 44 35 69 10 29 53 66  -  -  - 49 26 63  -  -  3  6 50 18 17 20 12  5 65
  7 34  3 25  - 32  - 52 68  -  -  -  - 59 13 23  -  -  - 38  - 67  - 54 66  - 63 24  - 37 22  2 43 50 29  - 14 17 48 53 39  -  9  - 42 28  5  - 56 33  -  - 69  - 12  -  - 40 47  8 20 27 15  - 35  1 65  - 64  -
 28 16  -  -  - 56  -  9 12  -  -  -  -  - 24  3 60  - 15  - 19 32 29 47 40 46 70 34 13  1 35  - 42 20  - 14 41 45  - 31  - 38 48 21 25  - 17  - 57 22 44 26  2 62  8 36  - 67  -  -  4 33  - 64 43 23  - 52 63 53
 46 68 59 15  - 27 28 42 51  -  - 34  -  - 65  6 45 31 66 41 20  - 43 60 54 62 18  -  -  - 13 50  3  5 64 61 40 21 10 14 38 24 26 49 58 47  7  - 44 48 63 67 11  -  - 55 52 35  8 29 23 32 16  9  -  -  - 53 37  2
 42 25  7 19  -  3  -  - 67 10  6 59 24 20  -  - 51 54  - 22 34  -  - 17  -  -  - 14 49  - 47 23 26 39 56  8 29  -  -  -  - 43 61  - 48 38  -  - 31 41 36  - 53  1 35 63 62  - 58 55  -  -  -  - 32 12  5 46 13 69
  - 51  - 69 41 33 64 63 42  6  1 53 23  - 10 55  -  - 31 20  -  4 45 66 57  3  - 61  -  -  8 32 13 54 59 47 68  2  -  -  5  - 21 62  - 40 16 48 70 39  - 50 58 67 14 35  7 12  - 22 18  9 17 44 28 29 56  - 34 46
  - 53 56 27  -  - 22 47 18 30 37 51 65  -  -  - 12  1 55 10 25 43 26 59 11  7  - 70 35  -  - 62 49  - 41 54 46  - 34 38 58  - 44  -  - 33 20 67 16 69  -  8 24 66 64 15 21 42 19  - 14 17  - 63  3 13  -  5 57 68
  -  4 57 11  - 63 67  - 32 40 64 60 34 31  - 56 10  -  - 46  8 27  - 15 42 45 62 35  -  - 28 33 53  2 66  -  - 25 54  1  6  3  - 17 18 43 37 13 68  - 30 47 19 58  -  - 24 48 23 52 49  - 14 70  -  - 26 38 29 61
 61 26 10  7  2 37  - 68 66 58 21  - 63 62  8 70  - 22 54  - 57  6  - 35  - 14  -  -  - 43  - 13 40 15 47  - 51 29  - 44  - 65 23  - 12 49  - 64 41 53  - 42  4  3 17 52  5  - 67 38 16  -  - 36  - 46 27 32 45  -
 18 62 58  3 12  - 20 16 63 14 34  - 43 26 42 59 57  - 46  - 13 68  -  9  7  -  - 11  -  - 40  1 69  - 23 19 31 67  -  6  - 41 52  - 47  - 51  5 65 56  -  - 54 17  - 24  - 55 32 53 39 48  8 30 38 22 61 50 36  4
  - 43 24 44 36  -  7 22 34 35 40 13 12 63  - 52 67  - 28  -  -  1  -  - 59  -  -  -  - 48 65 10  - 49 58  -  - 20  6  - 32 27 42 55  -  8 56 66  -  - 51 39  -  4 41 33  - 30 60 45  -  - 31 46  - 18  -  - 14  -
 68  - 46 10  - 62  6 17 29 26  7  - 49 69  -  -  - 25 41  4  - 23  -  8 22 18 50 47 30 40  - 55 59 43  - 56  - 36 66 27 51 48 45 20  -  - 34  - 63 38  -  1 67 65  -  -  - 19  - 42 58 64  -  5  - 60  - 13  -  -
 51  - 43  - 53 40 62  -  -  - 58 42 16 65 15  -  -  6 34  -  -  - 37  1 50 36  -  5 41 22 21 35 54 23 26  4 33 24 64 39  - 29 20 27 32  - 45  - 38  - 55  -  7 12 63  - 25  - 11  9 70  -  2  - 69  8 60 10 49 66
 49 20 26 39  -  7 42  - 46 65  - 41 31  -  -  - 40 47  - 53  9  3 23  -  - 28 22 13 56 25 44  - 29  - 21  - 34  -  -  2 14 66 51  - 61 64 70  -  - 62  - 45 30 60  - 50 36  8  - 32 55  - 69 68 37 63 48 15 67  -
 34 12 22  - 38 61  -  -  - 28  3 24 14 29  -  - 33  - 21  1 10  - 47 58 26 16 49 44 31 20  -  8 51  - 53  - 11 60 69 54 27 56  - 42 70  2 43 40  - 15 35  9 17  - 68  - 48  -  -  - 41  - 37  - 36 19  -  6 55  -
 55  3  -  - 42  - 38  -  8  7 44 17 40 54 69 36  -  9  - 45 31 10 19 67 60 47 30 66  - 14  - 52 63 16 39  - 28 49 20  - 33 22  -  -  - 59  - 37  -  2  -  -  - 15 18  -  -  - 12  6 62  -  - 56 29 27 11  - 61 58
 48 57 37 55  -  - 30  -  - 42 45  -  6  - 14 12  1 60 26  -  - 59  -  - 23  - 52 63 44 66 43 22  - 47 11 25 18  -  4 32  8 62  7 56 51  -  -  - 19 58  - 33  9 40 28 38  -  -  -  - 34 41 36  - 61 16  -  - 65 54
 44  - 33 43 23 14  4 64 16 17 62  -  - 25 36 24  2 66 13  -  - 15 41 26 49 61 68 21 54  9 52 63 65 55 28 38 53 32 35 29  3  - 27 22 11 19 12  8  - 51  -  7  - 37 40  -  - 10 69 60 59 30 45 42 20  - 70  -  - 56
 47 63  - 24 17 19 52 60 45 61 51 22 57 50 54 43 36 32  2 49 66 53  - 40 41  - 35 39 25 44 48  7 23 27  - 59 20 46  - 15 12  1 34 14  3 13  - 26  -  -  -  - 10 31 69 64  -  6 37  - 29 67  - 33 68  - 38 58  4  5
  3 44 13  4  5 11  2  8 40 67 26 64 27 24 62  - 55  - 70 36 51 49  -  - 37 65  - 42 58 68 18 15  - 12  9  - 10  - 17 19  -  7 33  - 29  - 22 54 48 21 53 60 61 41 43  - 23  1 39  - 32 25  - 34 59 35 14 47 31 45
 53 52 19 46  - 57  -  -  - 33  - 39 42  - 47 69 18 29  - 27 50 13 17 49 67 59 20  -  -  -  9 45  8  - 10 11  - 15 62  -  4  5 56  -  1 63 26  - 23 65 61 12 16 35 55  2 68  - 38 64 36 54  - 40 21 34  - 66  7 22
 17 50 38 36 62  - 55 56 53  -  - 16  - 34 39  9 15 59  5  -  - 52 24 46  -  - 61  - 64  - 66 31  -  -  -  - 13  -  - 37 41  - 28 35 44 32 14 65 49  3  8  - 43  -  - 21  - 23  6 11 48  -  -  -  - 69  -  1 10  -
 36  -  - 20 60  - 21 65  - 39  2 52  -  7 58  - 68 48 43  - 26  -  6 27 44 30 23 22  - 46 29 17 57 31 19 35 16 50  3 64 40 61 12 38 49  1  -  - 51 67 56  -  -  - 32  - 63 11  - 41  -  - 33 66  5 53 28 24 70  -
 70  8  -  6 59 24 44 31 60  -  -  -  - 28  - 15  -  - 25 14 55  -  - 48 58 33 67  - 11 34 45 42 38  - 43 57  - 22 65 46 50 16  -  2 20  -  - 29  - 49  9 61  - 10 66 40 18  4 27  - 19  - 54  7  -  5 69  - 32  -
 41  1  9  8 29 36  -  - 58 21 24  - 35  - 57 10 44 55 62  2 30  - 12 25  3 48 59  - 20 38 42 19  7  - 54 40 69 64  - 68  - 32 60 37 52 31 11 61 67 27  4 70 49 53  - 18 39  - 15 16 51  - 63 28 34  - 22 23 50 14
 22 28 55 49 20  - 50 67  -  - 56  - 53  - 52 42  - 45 19 66  - 38 44 30  4 69 31  -  - 57 36  5 68  - 48  -  6 51  - 63 61 60 70  -  -  - 65  - 46 64 15 29 35 54 37  9 47  3 16 12  1 59 58 26  7  -  -  -  8 40
  -  -  4  - 43 65 63 12  - 15  -  - 39 57  -  - 69 19 30 28  - 44 68 41  -  - 14 10 32 47 59 16 58  1  - 50 17 55 24  -  - 37  - 67  9 21 62 25 36  -  - 49  - 22  - 23  -  5 61  - 11 31 51  - 53  - 54 56 60  6
 14  -  - 51 34 54 35 21 25 66 70  2  - 42  - 68 52 20  9 58  -  - 57 45 55 12  - 18 26 27  - 48  - 22 15  -  -  -  5  - 16 28  - 39  -  - 38  6  - 46  -  3 29 13  -  -  - 24  - 23 67 65 44 19 11 36 41  - 59  8
  8 36 39 28 44 41 27  3  -  4  - 10  -  9 70 48 22  - 64 62 38  7  - 32 12 67  - 26 45 17  - 24  - 40  - 69  - 63 13  - 66 25 35 52  - 60 61 23  6  5 16 65 14 20  - 37 51  - 55 34 53  -  - 29  -  - 19 54  1  -
 64 56 28  -  6 59 69 41 31  8  -  - 51 44  - 63 23  - 17 43  5 70  - 39 38 40 15 45 61 65  - 26 20 53 13 52  9  - 29  - 47 18  2  1 67 54 58 36 10 24 21 35 55 57 50 12  3 14 46  7 30  - 22 11 27 32 66 16 68 25
 11 45 40 16 58 47 41 66  - 44  - 54 13 35 34 20  - 30  -  - 22 37 15  3  -  -  5  4 24 18 53  - 32 28  -  - 56 38 36 70 17  -  -  -  8 23  - 10 52 50 26  - 51 29  1 67 14  - 21  - 46  - 27 55  -  -  6  -  2 59
  -  - 51 40 28 17  -  1 50  - 43 31 30 14 56 33  5 23 65 34  - 66  -  -  - 44  -  7 12  2 15 18 25  - 24  -  -  - 67  -  - 46 54 68 36 45 29 70  -  - 57 20 59 61 38 69  - 49 52 10 13  -  -  -  - 41 35 42 48  3
 24 66 63  - 67  - 39 35 28 41  5  - 11 48  - 16 13 14  8 47  3 64 30 23 21 20 58 38 46  - 68 49 52  -  - 37 65  -  - 50 18 31  - 36 59  - 69 42 29  - 19 57 26  - 61 60  - 62  4 33  7 51 56  -  - 40 15  - 54  -
 20  -  - 50 18  - 47 37 52  - 13 26  -  -  3 61 66 53  - 54  - 58 60 28  - 31 69 68  2 56  1 29 70 17  8  -  - 12 19 16 24  -  -  -  -  -  -  - 55 43 59 10 65  7  - 30 41 45 35  -  - 21 64  -  - 44  9  -  - 63
 57  -  -  - 66 67  -  -  -  - 38 15 10  2 37  -  8  3  - 60  - 19  - 21  - 49  - 64 52 29 33 43 28 42 68  - 35  -  -  -  7 69 50  -  5  - 63 32 25 45 14 48  1  - 36 65 31  - 22 13 47  -  - 16  6 39 44  9  -  -
 50  2 17 13 45  -  -  5 21 18 65  - 46  1 27  - 54 51  - 67 64 28 53 33 10  - 19  -  - 69  - 14  -  9  - 29 66 70  - 62 60  -  -  -  - 20  -  - 42 61 11  - 48  - 15 41  - 47 49  - 52  -  -  -  -  - 68 39  3 43
 10  -  -  - 54  6 68 29 37  5 16 38  - 11  - 53 50  -  -  - 33  2 62  4 35  -  -  - 48  - 67 47 66 69 46  - 36  -  - 49  - 30 57  - 63 52 27 31 64 44  3 22 25 28 51  - 58 34  - 14 65 24 13  - 42  -  1 45 41 18
 19  - 67  2  - 23 58 38  - 62  - 14  -  8  - 13  -  7  1 18  - 36 22  -  5  - 56  - 51 35 31  6 44 46  -  - 45 30 60 34 49 64 59  - 53 68  -  - 50 25 24 69  - 21 33 29  - 17 41 66  - 40 61 39 16 70  - 27 20 26
 69  - 36 61 10  -  5  - 33 31 63  - 37 12  4 19  - 43 60  - 21 18 34 24 64 52  2 16  7  - 26 40 56 62 35 45 25  8 49 41 67 51 55 23  - 22  -  3  - 66  1  - 39 38 13 48  - 32 53  - 42  - 46 17 50 58 29  - 47  -
 13 59  - 17  -  - 57 20  3 54 68 50 32 38 63  - 34  -  - 64 48 11 61 16 28  - 47 37  -  - 55 51  -  -  - 21 12  5 27 42 70  8 29  - 39  -  - 56 43  4 18 66 60 26 23  1 19  - 44 67  -  7  9 15  - 14 45 30  6  -
 32  - 35 31 48 64 16 27  -  - 54 55  -  4 19 40  7  - 10 52 59  -  -  -  -  - 39 28  - 62  - 67 15 25 36 68 42 14 43 60 69 47  1 26  -  -  6 49  - 37  - 41  -  - 46 11 45 38 33  - 66 57  3  - 13 30 18  8  - 23
  - 67 31 45 64 18 26 69 65  -  -  - 44  -  -  - 58  -  7 11 35  - 52  - 47 50 21  -  - 16  -  - 61 34 38 39 70 27 46 40 55  9  - 54  - 36 19 41 15 60 10 24  - 48 59  5 32  -  -  - 33 63  4  -  8 51 23 28 56 42
 54  -  - 64  4 58  -  -  - 22 61 65  -  - 40  - 41 33  -  - 36 16  - 18 29 35  -  1 21 50 69 20 47 14  -  - 26 44 37 10 23 45 68  8  - 27 39  7 24  -  -  - 15  -  - 13 28 25  - 48 57 70 62 59 30 38  -  -  - 51
  6 47 62 34  -  - 18  - 19 46  -  - 60 64 33 35 43 17 32  - 53  - 49  - 48 21 13  - 59 55 38  -  - 37  1  - 50 68 44  - 30  - 41 15 27 16 67 51  8 52 22 23 40  5 57 28 10 63 65  3 26  2 20 61 56 31 58 29 42  -
  9 65  -  - 27 53  - 62 61 70 33  - 36  - 51  1 63  - 37  - 40 21  - 64 45 13  - 48  -  - 39 68  -  -  - 49 67 47 11 52 35  - 46 34  - 10  - 16 58 18  - 43 41  -  -  7 59 66 14  -  - 19 24 20 44 28 30  4 23 55
  - 17 18 14 47  - 29 25 41  2 53 57  9 60  - 21 24 69  -  - 15  - 54 62 36 68  - 12 65 11  - 28 19 61 32 66  -  -  7 35 42 20  -  6 40 67 13 30 22  1  -  4  -  -  -  3  -  - 70 37  -  - 23 48 39  -  - 59  -  -
  - 61  8  -  7 70  -  - 36  - 30  - 54  - 60  - 20  -  3 33 28 47 10 34  - 51  -  - 19 13  -  9 18 59 31  - 24 35 38  - 37 39 49 46 69  -  2  -  - 68 23  5 56 16  6 62 22  -  -  4  - 26  -  - 17  -  - 44 25 29
  - 35 11 48 52 13 19 53 64 29  - 28 69 66 31  - 16  -  - 24  -  8 18 50  -  4  - 57  -  - 61  -  5  -  -  - 21  -  - 17 36 34 58 44 10  - 32 45  - 47  - 56  -  6  - 14 65 33 40 43  - 49  1  -  -  2 42  - 46  -
 45 64  -  9 13  - 60 43  -  - 31 20 58 68  - 28 37 36 61 35  6 26  7 70 32 11 53 19 23 42  - 34  - 38  - 51 48 40 18 67  - 17 63 29 41  -  - 52  - 14 54 27  - 69  - 66  - 15 56  -  - 55 21 65 25 24  3  2  - 10
  - 13 52 63  - 28 48 55  7  -  - 23 18  - 59 29  - 56  -  3 14 24 35 19  -  1  8 62 27  - 20  - 60 67 70 53 39 41 15 26 10  - 38 47  -  5  - 33  -  - 65 58 12 11  4 22  - 68 51  -  - 46 66  -  -  - 31 25 43  -
 30  -  - 21 11 16  - 59  -  - 15 47 45 61  -  7  -  2  -  -  - 60 14  - 68 29 33 49  6 28 46  -  - 10 18  5  -  1  8 12 22 50 24  - 31  -  9  - 37 26 64 13 32 55 65 43 35 36 54 58 17 34 40  - 66 62 52 70 69 67
 37 22  -  - 51 48 15  -  - 64 60 66  2  - 68  - 49 40 29 32 69 41 46  7  - 55  3  - 34 67 17  -  1 70 65 30  -  - 59 11  - 53 18 50  4  - 57  9  -  8  -  -  - 23 26  - 13  - 10 63 21  - 43  - 52  - 12  - 38 27
 52 42  1 23 40 35 12  -  9  - 11 63  -  -  - 30 31 70 18  7  - 45  - 69 53 57 10 46  8 58 25 39  -  - 67  6 49  - 28  - 68 15  4  5 65 62 64  -  -  - 43  -  - 33  - 56 66 41  -  - 38 14 34 47  - 37 17 48 16 13
 23 31  -  -  - 15 45 10 13 24  -  - 29 43  - 25 30 61 47 17  7 14  3 42 18 63 36  -  9 12  -  - 11 56  -  -  8 66 51  5  - 19 67 41  -  -  - 38 27  6 69 59 57 32  - 26  - 60  - 54  - 53 52  -  - 21 16 49 35 20
 31  -  - 58 61  -  1 26 70  - 41  - 25 10  -  5 35  -  -  - 23 40  -  2 56  - 51  - 43 60 63  - 64  -  -  7  -  -  -  - 34  - 14 32 46 48  -  -  - 11 66  6  - 50 45  4  -  9 24 30  - 29 49 22  - 65 62  - 28 19
  - 29 50 66 16 49 34  -  - 25 14  - 59 23 28 17 11 44 57 26 12 42  8 20 61 39 38  -  5  -  -  - 24 30  - 27  - 18 47  9 64 13  -  - 68 55 41 60  3 70  2  -  -  - 58 54  -  7 48 65  -  - 10  - 46 43 37 40  -  -
  - 41 66  - 31 34 10 45 35  - 69  -  -  -  1 18  - 21  - 40 46 63 16  -  -  - 17 32 28  6 64  - 33  8  - 55 23 58 53  - 19  4  -  - 62 70 49 27  - 57 25  - 42  - 48 44 11 29  - 56  -  - 67 14 54 61  2  - 39  7
 62 38 64 42  -  - 61 13 27 43 67  -  -  -  - 11 70 63  -  - 45 12  - 31 17  -  - 52 39  4  7 46 55  - 37 10  2  -  -  - 29 40 47 18  - 66  - 34 20 23  - 54 22 59 19  -  - 56 57  - 25 35 32 21 60  3 49 14 30  -
  2 49 41  -  - 10 70  -  -  - 17  -  5  - 30  -  - 62 16  - 43 50  - 61 14 37 64  -  3 51 54  4 39 48  6  -  - 23 31 21 25  - 19  - 13  -  8 63 60  -  - 38 46 56 29 34  - 52  -  - 44 68  - 45 65 11  - 33 22 32
 56 23  - 30 65 38  - 14 69 36 57 68 22 27  - 37  -  - 11  -  - 62 31  - 39 64 48  6 67 10 50  -  -  7  - 34  3 61  - 51 59 12 16  4  - 15  -  -  - 20 13 63 18 24 70  -  -  -  1 49  - 44  5  - 19 66  -  - 40  -
 43  6 32 22 57 44 36  -  - 56  - 62 38  - 18  -  - 16  -  8 47 31  - 37  -  -  4 27  - 26 11  - 10 66 61  - 64  - 55  -  - 35 40  - 60  - 23 39 12  -  - 34  5 68  3 46 29 65 28 20 50 13  - 67  9  - 24 69 51 21
  - 10  -  - 46 31 59 23 14 32 12 21  3 56 17 34 38 37 22 50 42 61 58  - 63  2 11  -  -  - 16 36 48 57 30 28  - 39 25 65 53  - 64 43  -  - 52  1  - 13  - 19  6 70 60  - 54 69 26 62 45 66 47  -  -  -  - 35  - 41
 58 46 44  -  -  -  -  - 38  3 22 56 64 30 35 47 65 15 23 69 67 20 48 13 70 27 32  - 68 21  4 66  - 19  - 31  7  - 61  -  - 49  - 63 16 25 54 57  - 29 62  - 34 45  9 10  -  - 50 36 24  8  -  6  -  - 59 11  -  -
  - 15  6 56 35  - 32 19  - 38 66  1  7 36 23  - 29  5  - 42 60  -  -  - 13 22  -  9 70 30 24 69 14 11 17 58 62  3 41 20 63  -  - 48 50 65 46  - 28 40  - 21  - 34 49  - 55 57  - 27 61 52 68 51 31 47  -  - 53 16
 40 37 49 33  3 29 14 30 23  - 35  4  8  -  -  -  - 41  - 51 56  5 28 55  -  -  6  - 18 53 57  -  -  - 60 65 63  -  -  -  -  - 22 24  -  - 47 46 21  - 31 17  - 25  7 42 38 27  -  -  -  -  - 69  2 15 32 20 62  -
 59 19  -  - 56  - 17 34  - 20  - 61  -  -  -  -  4 28  - 39  - 48  - 10  8 53  - 25 40 52  2 60  - 64 51 18 32 65 23  -  - 11  -  -  -  - 24 22  -  -  - 62  - 27 21  -  - 13  9 15  - 45  - 57 26 55 47 67 58  -
 33  -  - 54 63 21  9  4 11  - 36 44  1  - 64 62 14 12 45 70  - 46 40  - 20 34  - 23 10  - 27 56 37  3  - 41  - 31 57 47  -  - 13 66 22  7  -  - 39  - 32  - 38 42  -  8 15 58  - 26 69 50  - 49 67 48 53  - 24 17
 66 69  -  -  1 51 13 15  2  -  8  - 62  5 67 38 56 64 40  - 65 34 25  -  - 54  7 60  - 36 41 11  - 24 42 12 43 28 68 58 52  - 30 61  - 18 31  -  -  - 27  -  - 39 53  - 20 22 45 50 35  4 55  3 23 33 63 21 26  -
