3430
 13 60 15  1 66 57 20 11 29 18  - 38 27  6 26 50 14  7 64 19 69 46  - 49  - 28  - 43 34  - 47 39 41 45 12  5 40  -  4 35 44 37  -  -  -  -  -  - 58 25  - 56  - 65 10  -  - 32 48 70 68  8 17 30 22 62  - 54  - 52
  - 45 14 36  - 43  4 33 32  -  - 23 12 44 41  - 34 13 59  - 39  -  5 17 30  - 22  -  - 27 48  - 42 60 25  -  9  6 38 10 16  -  -  - 56  - 57  - 69 51 58 29  -  -  - 35  -  1 62  - 53  - 37  8 49 67  - 15 20 46
 52 41 58 50  - 21 67 12 28 10  7  5  - 29  -  - 57 44 16  - 42 63 15 45  -  2  -  9 51 66  - 61  -  - 36  1 43  - 27  -  -  - 35  4  - 38  - 26  - 68 25 48 11 60  -  - 19 64 32 31  - 13  -  -  - 59  6  - 53 33
  - 70  - 68 44  -  - 66 20 40  - 22 15 49  - 30 53 61  3  8  -  - 25 32 31 51 57 16 18 47 26 37  -  - 48 13 52 33  1  - 65 35 27  6  4 36  -  - 11 28  - 19 50 55  - 39 42 59 54 12 58  5  - 45  -  9 43 34 60  -
 27 28 11 20 53 46 33  -  - 17  -  - 34 19 52  -  - 66  2 18 35 61 56  - 68 21 49  -  -  8 67 50 54  - 51 39  - 59 29  7  - 38 25  - 31 12 37 44  - 16 26 36 57 22  - 60 30 13 55 41 40 15  1  - 42  - 47  4 45  -
 54  -  - 27 47 55 34 46 56 57  2  8 67 59  -  -  - 29  - 12  - 23  1 58  -  - 38 51  -  -  6  - 62 17 64 35  - 49  - 28  9  - 65 66  - 18 13 69 61  5 32  - 22 37 45  - 15  - 14 43 41  - 11 24  -  -  7  -  - 20
 25 26  - 53 70  8  -  -  6  - 63 59 36 31  -  - 64  -  - 49 23 43  - 55  5 66  2  - 37 35 41 62 15  -  - 14  -  -  - 44 57  -  - 48 13 65 33 27  -  - 19  -  1  - 50 46  4  -  - 45  - 68 61  - 11 30  -  - 21 34
  -  6  -  -  - 56 19  -  2 59 22 32 63 57 17  - 36 67 44 15  - 42  -  9 28 60 18  8 10 14 70 31  - 12 61 54  - 20 65 41  -  - 16 69 37 23 26  1  - 30 47 24 33  5  7  -  - 55  - 58 43  - 62 66  - 13 11 27 38 51
 21 22 41 15 37 29 14 36  4 52 50  -  -  - 33  - 46 19  1  - 55  -  8 24  -  3  9 23 60 40  -  5 69 31 26 67 42 58  - 12 28  -  -  - 70 56 38  - 64  - 62 43 30 45 48 34 18  - 68 51 17 65 10  -  - 27 16  2 39 11
 56 49  3  -  -  4  -  2 13  9 46  - 25 36  -  -  - 17 51 53  1 22 32  - 16  -  - 68 26  -  -  - 63 54 20  8  - 31 60 61 18 67 43 27 23  - 21  - 40  - 57 70  5  6 55 48 50 37 44 69 64 14  -  - 59  - 12  -  - 19
  - 30  - 22  3  -  - 59 10  8 38 19  7 13 23 11  - 69 34 44  - 32  - 51  - 12 66 36 17 55  - 25 46  - 65  - 56 14 41 33 40 64 31  5 15 45  -  - 28 35 63 26 18  -  -  1 58  -  -  6  - 50 27 62  - 49  - 20 52 54
  - 54 65  - 11 33 36 67  9 37 60  7  -  - 56  - 45 35 53  -  5 51  - 13 27  - 40 34  - 41  3 43 22 15  2 57 49 39 26 62 69 28 47 50 10 17 23  -  1  - 29 63 58 48 68  6 44  - 64 20 59 21 12  4 18 52  - 38 70  -
 47 23 24 26 58  -  - 68 16 19 56 53 29  2  - 54 63  - 15 50 22 14  -  -  - 39 60 18  1 69 37 41 48  -  - 44  8  - 45  3 51  - 42 55 35  -  - 46 43 21 30 38 61 57  -  -  5 49  - 67 33  -  - 11 40 65  - 70  -  -
  4 31 13 64 25 69  - 15  3 32  -  - 52 68 24 41 48 54 36 59 43  - 70  - 23  - 20 65  - 19 17 40 35 51  6 55  - 26  - 16 27  -  5 30  -  - 50 38 10  -  9 22  -  -  - 63  - 44 37  - 56 28 47  -  -  -  - 49 62 12
 60 36  - 16  - 22 28  7  -  3  -  -  8 63 69  - 52 40 56 46  - 10 65 57 49 44 15 58 27 32 12 19 26  -  4  - 70 18  - 48  - 41  - 62 39  2 45 23  6 24  5  - 37 54 61  -  1  9  -  - 55  - 35 53 51  -  - 50 29 31
 59 35  - 51 49  - 43 38 63  - 53 60 57 54 46 10  -  -  8  - 31  -  - 37 12 19  -  - 41 11 36  - 39 48 14 29  - 45 20 22  1  -  3  2 68  -  -  - 70  4 23 34  - 18 32 17 33 15 21 28  -  6  - 40  - 44 66 55 47 24
 34 29 39  - 60  -  - 53  - 14 40 21  - 42  -  -  4  -  -  - 64 45 48 68 32 16 37  - 36  -  - 69  5  -  - 62 10  - 63 17 58 33 54 49 41 13 35 43  -  - 61 65 24 66 47  3  -  - 12 23 26  7 38 46 15 11 50 44 56  -
  -  - 66  - 21 51 42 40 67 36 16  3 14  - 50 22 39 11 33 28  - 56 26 47  4  - 48 70 19 63  -  - 24 23 29 38  1 46  - 15 34 61 32 41 59  -  - 25  -  - 35 69 17 30 52  - 60 57 10  -  7 31  -  - 20  6 65 37  - 68
 20 14 55 47  - 18 61  9  -  - 54 12 10  - 19  - 44 36 42  -  - 48  - 67  3  - 32  - 66 70  - 26  -  - 59  - 15 16  - 27  -  2  - 29  - 58 43 28  -  1 41 35  -  - 31 40 63 39  6  5 65 45 33 49  - 68  8 30  -  -
 39 17 10  - 34 32  -  8 49  - 35 68 40 18 44 55  - 43 57 26 33  3  2 52 13 46  - 21  -  - 50  - 23 47 24  - 31 27 14 11 56 70  4  - 28 59 65 16 66  -  - 25 62 64 53  - 69 20 42 63 67  -  - 36 30  1  - 61  -  -
 53  -  -  7  6  - 59  - 58 63 52  -  -  9 13 12 49 32  - 34 17 44 46 25 65 35 50 20  - 62  -  1 36 18  -  - 41  - 64  8 70  -  - 22  - 31  -  -  - 40 48  -  - 56  -  - 51  -  5 14 11 26 45  - 10  2 29 66  - 67
 61 59 28 30  -  -  2  4  - 29 58 50 24  - 55 65 54  -  -  - 52  5  - 60  -  - 26 10 63  7  - 20 66 34  -  - 69  - 62  - 15  -  -  - 46 25  - 33  -  -  -  9  - 53 22  8 70  -  - 16  - 51 18  - 17 47 35 32  - 41
 14 25  - 37  -  -  - 31 52 15 44 13  - 47  9  2 28  - 32  - 65 20 21  -  7 26  3 46 33  -  8 11 64 57 45 10 35  - 18  4 62 42  -  - 66 51 56 41  - 19 53 50 27 58  - 12 55 61 39 38  -  - 43 17 23 36  - 69 16 60
 68 19  6 33 30 12  -  -  -  - 14 29 51  - 66 35 16 46 23  - 54 64 63 28 38  - 45  -  - 17  - 27 61 56 69 53 21 44 47 31  2  -  7 11 24 67 52  - 50  -  4  -  - 41 42 43 36  - 57 13 37 49 32 59  - 58 70 39  1  -
  - 61  - 43  -  - 66  - 54 64  -  - 65  -  8 36 10  4 12 27 16  -  6 62  - 40 70  - 46 29 31 14 21 13 63 41 19 28 69  - 42  1 37  3 30 44  7  - 17  - 20 15  -  2 39 53  - 45 59 57  - 52  -  -  -  5 51  - 22 56
 33 58 50 35 45 38  - 64  -  - 11 44 23  - 49 56 21  -  - 13 20  - 34 42 57 68  -  -  -  -  - 47 32  - 67 69 61  -  3  - 30 22  -  9 40 10 70  -  -  - 59 52 41 14  - 54  2 28 63 17  - 46 29 16  - 48 18  - 26 25
 22  7 31 63  9  - 32  - 45 65  5 41  - 11 58 14  2 26 35  - 61  -  -  -  1 27 39  4 30 68  - 46  - 52  - 18 64 34 70  - 49 20 12 23 55  - 69  -  8 59  - 57 10  - 21  - 16 66 36 53  - 33  -  - 50 29 17 48  -  3
  - 66  - 46 17 50  -  -  -  1 20 57 33 39  - 70  - 28 26 54 37 41  -  -  - 56 68  7 65 10  2 53  - 11 55 16 59 43 36 24  -  -  -  -  -  -  8  5 38 67 49 27 34  - 40 30 12  3 52 61 31  4 15  - 29  - 14 22 64 32
 50 69 40 23 22  -  7 30 47 66  -  -  -  - 31 17  - 41  6 52 62 18 27 48  -  - 33 54  -  -  - 42 68  1  - 60 38 56 35 29 45 49 63 15  -  4 36  9 34 14 37 11  - 59 12 13 53  -  - 10 46 19  -  5  - 57  - 64  - 58
 24  1  -  - 13 47  -  - 50 27 21 31 59 15 68  - 37  2  -  - 49 38 53  - 11  8  - 40  - 22 52 67 12  - 32 46 54 42 34 36  - 69 44 35  - 41 30 63 18  -  -  - 60 28 51 10 64 56 70 66  - 39  - 57 62 43  - 58 61  -
 26  - 16  - 18  - 41 54 65 56 57 17 70 62  - 68  -  8 10 45  -  - 40  2 51 34 24  - 35 46 63 52 30  - 53 20 25 32 48 42  7 59 60 36 67  -  -  - 47  - 33 49 69 29  - 11  3  - 22 64 38 12  - 37 28 61 23  - 15  -
 36 65 18  - 32 37 31 24 40 67  1 63  - 26 21  - 23 33  9  - 34 30 29  - 42 59 13 53  -  6  -  -  3  -  5  -  - 15  - 46 50 39  -  - 69 70 16 57 41  -  -  - 38  - 19 14 17  -  -  8 27 60  2 55 12 64 44  -  - 48
  - 52 63 31 35 20  - 44  -  -  - 42  -  - 54 29 30  9 43  6 70 37 49 40 10  - 16 24 61 36 56  -  - 53  - 58 50 17  - 32  5  - 55  - 33  - 18  8 51 69 27 12 65  -  -  - 28 62  2 19  1  - 34 14  -  -  - 13 66  7
 41  - 51 18  - 53 17 62 42  - 23 39  -  4 48  -  - 68 13 16 36 67 66 64  - 33 43  - 11 26 44  -  - 50 19 37 55 63  5  - 38  -  - 25 49  8 10 56 57 12  -  1  -  3  - 22 65 24  - 47  - 27  - 32 35  - 69 21  2 45
  -  - 22  4  - 45 40 69 35 16  -  9 56 58  - 46 29 15 63  -  - 57 68 23 41 24  - 52 28  - 13  - 37 70 38 21  - 10 51 60 36  6 26  7  -  3  - 42  - 61 11 44 49 33  - 55 39 65 27 62 18 30 66 47  -  -  - 59 50 53
  5 12 20 52 48  - 70  - 53 28  9  - 62  - 30  -  - 60 69 32 66 29 57  4 67 50 19 11  -  -  -  3  1 44 47  - 63 65 21 55  - 51 49 37  -  -  - 58 26  -  - 46  - 40  - 18 56  -  - 15 14  -  - 13 36 34  -  -  - 61
 49 32 59  -  - 34 29 70  7 21  - 67 44  -  6 40 20  - 19 42 13  2 31 56 24  -  - 33  9 18 22 66 10 30 58  -  4  - 53 14 47 63 62 39 57 28 68 51 37 27 65 17 64 16 15 23 35  8  - 55  - 43 60 54  - 69  - 45  3 50
  8 16  -  3 41 44  6  1 30 22  -  - 46 25  - 32  - 65  - 66 18  -  - 43 45  9 21  - 20  - 42 59 14 28 62 52 51 48  - 56 64  5 38 40  -  - 61 70 27 55  - 67  2 15 11  -  - 33  4 50 12 57 49 29  - 31 37  -  - 35
  3 18 43  2 50 10 46 57 14 49  -  - 21 38 53 27  1 39 28 64 25 62 30 65  -  4 61  -  -  - 60  -  -  - 13 40  7 11 12 34 33 52 51 70 42  - 19 29 68  -  6 45 20  - 24  - 23 26  - 22  -  -  - 63  - 41  - 56  -  8
 58 57 37 17 61 14 51 43 24  - 10  - 41 70  -  9 60  3 48  - 45 19 12  1 56 53  - 69  - 50 15 49 31 39  - 34 20  2 54 13 55 40 59 26 32  5  -  -  4 42  7  -  - 67 38 36  - 52 33 35  -  - 25  -  - 28  - 29 27  -
  - 13 44 34  - 59 69 41 26 42 43  -  -  -  -  -  - 48  -  3 51 66 35 21  - 70  -  -  - 61 68 22 17 58 18 49  - 29  -  - 54  -  -  -  - 62 47 12  - 65 39  4 16  -  5 38  9  -  - 52 50 56 28  -  - 25  -  -  - 64
 69  - 46 12 27  - 64  -  1 35 70 48 45  -  -  - 43 22  -  - 14  -  -  - 26 25  -  - 24  -  - 17  -  5 56 51 53  7 30 37  - 29  - 10 18 47  3  - 20  - 50  - 15  -  - 66 59  2 40 60  - 32 16 44  - 55 33  8 23 62
 12  5 27 48 51  -  - 23  8 45 59 16  9 33  -  -  - 62  - 38 68  - 19 36 47  -  -  - 13 15  1  - 53 41  -  - 60  - 56 67  - 57 34 42 20 50  4 21 65  - 66  - 63  7 69  - 40  - 43 46 24  - 26  - 31 10 49 52 28 55
 70 39 29 14  -  -  -  - 33  4  3 62 16 66 37 20 17 56 60 69  8 65 58 53 50 31  - 59  - 43 54 44  - 38 27 22 48 36 55  1  - 47 23 19  6 26 49  -  - 11 34  - 51 21 28  - 57 12  -  - 10 40 30  - 68 15 52  - 42  -
  - 47 36  -  -  9  - 60 51  2  - 35  -  1 62 45 50 70 61  4  -  7  -  -  - 38  - 63 49  - 23  - 52  -  - 64  - 19 17 66 59 14 53  -  8 32  - 20 56 44  -  -  - 25 58 24 43  -  -  - 13  - 40  - 48 21 34 18 46  -
  - 62  - 56 57 24 11 10 39 26 67 36 66  - 25  -  - 58  -  - 12 40  -  - 64  - 35 15 53 42  - 51 60 46  7  -  5 21 68  - 43  - 70 20 34 19 29  - 45 41  -  - 47 32 49 50 37 48 23  - 44 69 14 18  1  4  -  -  - 28
 43 37  -  - 59  - 35 26  - 30 18 69 32 41 15  - 68 50 46 17  - 31  - 70 34 67 36 12  - 21  - 10  -  -  9 24 27 54 39  5  - 11  8 14  - 53 63  -  7 23  -  - 45 38  -  -  - 22 49 65  4 29 13 42  -  - 57 16 25  -
  9 43 53 67  1 62 10 27  - 46 51  -  - 69  7 26  - 37 49  - 41  -  - 38  - 42  - 31 47 45 66  - 25 36 17  -  -  4 33 19 21 54  - 24 64  -  - 11  - 39 12 23  6 61 30 70  - 34  -  - 29 20 59  - 44 40  2  -  - 57
  -  -  9  - 19  -  -  - 37  6  -  -  - 24 65  -  -  - 40 51  - 13 33 30 25 29 41  - 64  - 38  - 70 63 39  - 14  -  -  - 46 45  -  -  - 34  2 68 55 20 42 32  4 35 67 47 62 58 28  - 69 48  5 26 56  - 54 12 43 49
 28 20 70 25  4 15 50  - 64  - 49 30 11  - 59  -  -  - 24 68  -  - 37  - 29  - 51  -  -  - 33  -  2 67  3  -  - 12 61  - 13  - 17 34  7 16 53 35 63  - 22 42 54  1 44 32  -  6 66 26  8  - 48  -  - 46 36  5  -  -
 65  3  -  - 69 23 55 50 70  -  -  - 28 64 27 67 40 21 22 14 19 47  -  7  -  - 46 17 45 34  - 56 49 43 41  -  6  - 25 59 39 36  -  -  - 42 51 13 16 58 15 10  - 24 37 26 32 35  - 30  - 53  8  -  -  -  -  -  5  4
  -  2 52 69 62  -  1 58  - 33  - 11  -  8 16  - 24 47 55  9 32  - 23 31  - 13 27 66 56  -  -  - 45  4 28 30  -  -  - 25 10  3 46  - 60 49 20 22 35 54 70 59 53 68 17 57 48 18 34 42 21  - 36 50  - 14  - 67  6 26
 45 24 19 32 65 63 62  - 41 58 12  -  - 56 70  5 67 51  - 31  - 27 52  - 36 18  - 26 38  -  7 55 20  - 35 23 44  9  - 21  8 17 64  -  - 39 28 59  - 43 60 54 14 46  - 29 61 53 50  -  -  -  -  6  - 37 15 10 49  -
 15 40 17  - 63 42 49  3 62 70 36 46 20 50  2 64  - 10 27 55  -  - 61  - 54  -  - 28  - 56  5 12 33 35  -  4 30 57 24  - 48  -  - 18 21 29 32  -  -  8 16 37  -  - 66 67  - 14  7  1 23 47 53  9 38 60 26 41 31 39
 18  -  - 49  8 48 45 52  - 50 31 70  - 60 42 37 56  -  - 41  3  4 64 15 43 69 44 47 59  1  - 58 28 40 16  - 62 67  - 57 53  -  9  - 19  - 14 30 22 66 46  - 23 36 29  7  - 68  - 27 54 55 39 33 65 24 13 51 12  -
  -  - 60 28 46  - 39  - 66 24 55  - 53 34  4 51 33  - 70  - 59 15 38  5 40  -  -  -  - 37 49  -  -  -  -  - 12 64 50 26  -  - 36 58 11 61 31  6  - 13  8  -  - 47  -  - 21 69 25 54 35 18 23  -  7  3  -  - 32 44
 48 42  - 70 10 58  -  - 59 55  - 65 38 40 63  - 11 12  - 39 44 35  -  - 37 22 47 60 23  -  -  -  - 26  1  - 33  -  - 45 20 43 57 54 36  - 24 17  5 32 28  -  7  4 27 16 29 31  - 21 25  2  - 19  3 56  -  6 34 69
 32  8  -  9 28 49 23 18 68 48 33 52  -  -  1 61  -  -  - 10 58 59  - 35 14 36  - 57 29 30 21 45 56  -  -  7 46  - 16 43  - 31  2 38  3 37  - 24 13 53  - 47 70 20  -  - 27 54  - 25  -  - 51 15  4  - 40 63  -  -
 38 55  8 29 43  - 21 14 19 39  -  - 31 53  -  4  -  -  5  -  - 17 24  3 18  -  1 30  -  - 11 63 27  6  -  - 37 13 49 51 12  - 22 47 16 52 25 45 32 70 44 64 28 50  - 58 41  - 61  -  -  -  7 48  2 42 56  -  - 59
 62  -  - 21 31 41 44  - 18  -  -  - 17  - 45 49  -  -  -  5  9  - 59 63 46 55  -  - 68 54 30  4  - 22  8 33  - 35  -  -  - 23  - 60  - 43  1 67 29 64 36 16 25 13  6 19 10 51 47  - 39 61  - 70 58  -  - 11 57 15
  1 33 38  - 42 66  - 35  -  - 47 24  2  - 67  - 26 14  4  - 63 11 13 27  - 41  - 37  - 20 55 70 57 29 49  - 28 69 10  - 19  8  - 59 25  - 48 54  - 17 52 53  - 62  -  - 45 50  3 40 61 16  -  -  5 39 46 65  - 36
 51  4  -  - 16  3 68 39 60 41 28  - 42 23  -  1 35 31 29 43 50  - 62  - 20  - 34  - 40 44  -  - 58  -  -  - 18  - 13  -  -  - 33  8 65  -  - 52 59 47  2  - 55 19 63  -  6  -  -  7  5  - 56 21 69 17 24 46 48 70
 57 38  -  -  5 28 16 13 23 68  - 27 50 12 11 43 51  1 66  -  7 33 10  -  -  -  - 44  - 25  -  -  - 61 30  - 24 70 42 58  - 46  - 64 52  - 54  -  - 45 40  2  3  8  -  -  -  - 65 56  - 37 31 41 53  - 22  - 18  -
  -  - 69 61 38 16 63 32  - 25  -  - 35  7 34 44 15  -  -  - 26 49  - 20 17  - 42  - 70 57  - 24 47  - 22 28  - 41 37 39  - 56 68 46 53 14  - 55 33 29  -  8 21  - 64  -  -  5  - 59 45  -  6  - 27 23 48  1 30  -
 30 46 57 40 68  - 48 25 11 53 27  -  -  -  - 19  -  - 50  -  2  8  - 33  - 61 67 56  -  - 64 38  - 14  - 59 36  -  - 70 60 12 10  - 45  - 22  - 21  - 51  7  -  -  -  5  - 43 17  -  -  -  -  -  -  -  -  - 13 37
  7 64 25  - 29  - 27 48 17 23 65 26 22 21 20 47 38  - 67 24  - 55 39  - 61  5  - 35  -  3 46 13  - 37 31 68 34 51  - 50  -  -  - 44 63 40  6  -  - 33 69 18  -  -  8  - 54 41 56  9  - 36 57  - 70  - 60 43 58  1
 46  - 23 66  2 17  - 47  - 61  6 25  - 55  - 33  8 16  7  - 30  1 11 41 53 64 31 45  - 60 34  - 18  3 40 36 32 68 15  -  - 21 50  -  - 48  - 49 19  - 43 58 26 27  9 65 20 67 13 24 70  - 63  - 54  - 28 62 14 42
 17  - 49  5 15  -  8 22  - 44 42 56 18 30 61  3 69 25  - 36  -  -  - 16 59 57 64 48  - 51 35 60 43  -  - 26  2 24 58  6 41  - 29 45 14 46  -  -  - 52 13  - 32 23 65 33 34 47 38 37 28  1 54 27 66 20 68 53 10  -
 40 10 56 42 39  - 18 29 46 13 45 34  - 37 47  -  - 49 14 33 15 12  -  -  - 58 28 64  8 59  4 32  6 55 57 48 11 23  9  - 26 27 61 63 62 68 60 65  - 36 24  5  - 70  - 51 66  7 16  - 30 17 21  1 43 53  -  - 54  -
 23 53  - 62 54  -  - 28  - 11 32  6  -  - 36  - 27 18  -  -  - 26 14  8 58 43  -  3 50 13 24  -  - 69 34 70 47  5 59 68 29  4 15 12 17 57 55 39 48  2  1 20  -  -  - 56 46  - 41 49  - 44  -  - 45 35 31  7 37 30
