3430
 14 60  - 55  8 37  9  - 19 22  -  - 67  - 57  - 17 61  2 16  -  - 45  -  - 38  - 40 54 47 33 58  -  -  -  - 15 41 18 42 51 50 68  3 39  - 52  -  - 69  -  - 13 63  - 66 48  4 44 43 46 25 20 12  7 59 24  6 65 64
  1 18 55  3 45  -  2  7 13  - 57 25  - 46  - 26  - 19 12 44  - 21  -  5 65 66 29 42  6 27 30  8  - 70  -  - 64 33 43 20 61 48 52 58  - 56  - 11 59 39 32  -  - 47  - 34  - 35  -  - 50  -  - 28  9  - 38  - 51 53
  -  6 32  -  - 13 12  - 27 17  -  - 42 39 53 60 69  - 35 43  - 28 10  - 57 55 40 30  - 56  - 18  - 21  7  - 44 25  3  - 65 62  2 23 34 14 58 68  5 63  -  - 37 46 52  -  1 20  - 50 15 45 49  -  - 67 11 59 24 70
 11 23 34  1  - 40 58 49  -  -  - 22  - 63 70 37 24  9 36 27 42 61 19 18 59 33 55  -  - 41 17 54 60 68 31 56  -  5  -  2 25  - 26  -  - 44 45 39  - 67  - 29  - 14  -  - 35  3  4  - 53 65 15 43 10 48 51 57 16 30
  - 28  2  -  -  - 43  - 54  - 16  -  -  -  -  - 27  -  -  -  - 29 38  - 26 64 48 50 40 66  - 14 21 22 17  -  5 36 51 49 52 30 18 12 35 34  - 62  -  - 61  - 70  3 15 19  - 65 47 25 20  - 23  - 59 53  4 44  -  7
 19  5 35  7 64 68  -  8 45 15 60 41 53  - 59  -  2 52 69  - 30  - 22  - 16  -  - 18 26 20  - 28 38 31 34  -  4  -  - 29 39 63 61 13  - 43  - 10 70  -  -  -  - 67  - 12 66 36  - 33 27 46 58 56 11 37  - 54 17  -
 22  9  - 49  -  - 54  - 51  - 53 12 31 45  - 58 34 25  3 21 24  - 59 14  - 15 69  -  - 64 48 61  - 13 35  5 41  1  -  6 55 46  7 67 36  - 65  -  - 50  - 60 30  -  8 29 38  -  - 57 63  - 10  - 44 11 39 42 68  -
 68  -  - 53 18 70 63 46  - 26 20  2 25 30 24  8 15 21  -  5 49 43 41 67  - 22  4 48  - 55  6  - 16  - 69  - 39 62  7  - 31  - 54 34  9 59 17 36 65 10 66  -  - 27 51  - 52  -  -  -  - 35  -  3 32  - 58 12 38 28
 31 10  -  -  - 69 15 13  7  -  5  -  8 49 52 56 42  - 48  -  9  -  - 11  -  3  - 36 45 57 20 59 58 37 32  -  - 65 61 47 43 64 39  - 26 38  -  -  -  -  6 14 18 62 41 25 44 54 51 34 30 21 46  - 53 68 12 55 29 35
  - 35 19 43  - 20 40  - 36 47 45  -  -  -  -  9 64 11 67  - 61  4  2 33 28 50 65 44 24 68 29 16 66  -  8  -  - 57  -  3 42 41  - 27 38 17 31 53 56  -  - 25 10 49  - 22 62 13 14 58  - 69  - 21  -  7  - 46  - 32
 37 16 43 62 61 59 64  -  -  - 24 67 45 47 27  1 44 18  - 42 39 56 35  -  -  - 53 68 38  - 60  -  8 34  -  6 63 49  - 32  - 66 70  -  -  3  - 15  -  - 52 51 17  - 22 69  2 11 13  -  -  - 26 20 25  -  - 14 54 21
 46  -  - 32 23 42 55 68 69  5 31  4  -  - 20  2  - 62 43 38  -  7  - 30 14 12 52  - 53  - 67 64  3  -  -  -  - 39  -  - 10 70  -  - 11 57  -  6 33 36 65  - 66 61  - 37 60  - 21 35 17  - 59 15 28 18 56  9 13  -
  - 56 30 15 70 53  - 43 46 48 39  - 52 69 17 47 51  - 44  - 37 36 21 41 31  4 57 58 64  3 16 42  - 19 66 29  -  -  - 45 34 22 62  - 65  6  -  -  2 61  -  - 67 40  - 14 33  -  5  - 23 68 54 63 24  -  -  -  - 10
 39 66 64 50 17 12  - 25 11  4 54 14 15 29 60 34  - 10  - 22 28  - 33 42 46  -  2  -  -  - 37  7 36 26 56 21 43 38 62 55 68  - 57  - 44  - 19 70  - 48 53  5 31 65 69  - 27  - 32 49 35  3 41 51 47 13  9 18  8  -
 44 20 66 47 31 33 35  - 34 49  -  7 56  -  -  - 19  -  -  - 32 57 55  -  - 53  -  -  -  2 43 21  - 23 52  -  -  3  -  5 60 69 14 54 28 67 42  -  1  - 10 50 29 17 45 59  - 68 70 61 26  4 12  - 46 22 41  -  -  -
  2  -  3 35 28 15 69 24  -  - 33  - 58 55 43 38  - 47 51 41 62  - 57  - 34  - 39  - 25  - 64 32  1  -  - 50 45 63 16 65  - 61 17 29  7 40 22 14 60  -  4 26  - 70 30  6 19 21  - 18 56 31 13 37 48 54  - 49 59  -
  - 33 48 36  - 11 37 53 22  9 21 64  - 13 29  - 59  -  -  2 23 10 67 50  4  -  -  8  - 18  - 43  - 40  - 63  -  - 28 51 15  - 32 55 24 68 44 61  -  - 57 66 45 16  6 31 49  - 25  -  1  - 47 27 20 52  -  - 34 41
 65 41  - 17  - 50 56 67  - 18  - 32 19  7  - 16  - 39  -  -  - 48 61 63  5 30 59 31 68  -  8 20 57 33  - 62 53 47  -  -  1  3  -  -  - 29 36 43 22 21 58  - 27 69  - 28 10  - 64  -  -  6 35 45  -  - 25  - 26  -
 57 59 29 31 16  - 39  - 10 37 28  - 18 67  - 49 23  3 15 20 27 45 24 55 51  - 56 60 21  1 65  - 17  -  -  -  - 44 26  - 62  4  - 41  -  - 63  - 53 58 22  - 14 68 43 36 13  - 54  9 38  - 34 69  6  - 42  2  5  -
  5 48 23  - 37 47  -  -  2  - 51  - 14 56  -  - 26 58 22 46  - 64 28 60 49 45 61  - 57  - 13 65 35  - 11  8  1 30 20  - 17  -  6 68  -  4 18 41  -  -  3 54 24 10 25  - 16 63  -  - 32 44 67  9  - 36 50 53 39  -
 38  - 70 24 14  6 32 20  - 45 46 53 37 40 54 10  -  - 25  - 29  -  - 59 30 43  - 16 11  8 42  -  - 56 18 67 51  - 65 52  3 13 21  -  - 39 55 35 23 27  7  4 58 50 28 33 15  - 57 48  -  - 68  1 19 66  -  5 64  -
 24 64 12  - 60  - 17  -  -  -  7 23 59  - 65 67 39 42  9 56 68  8  -  - 61  1 46  - 28 29  -  - 37 66  - 26 38 27 63 40  5 54 48  - 49  -  - 31 35 62 34 21  - 41 16 20 36 22 11  4 51 14 25 55 43 50 19 33 69  2
  -  -  -  -  - 66 30 48  - 11  2 16 55 59  5 63 32 17 38 34  1 69 46  - 58  - 35  6  - 49 52  -  7 24 26 22 31 15 25 62  - 68 36 10 20 50 54 60 57  8 45  - 53 12  - 21 23 18 56  -  4  -  9  - 64  -  -  - 70 33
 47 70  - 59  9 10 52 22  - 61 44 36 57  6  3 39 20 60 32 62  8 51 15 40  -  -  -  - 14 33  -  - 18  4  2  7  -  - 45  - 58 16 50  -  5 48 26  -  - 31 23 37  - 42 35  -  - 27 41 56 29 38 21  -  -  - 46 13  - 12
  - 29 13 22 55 57 28  -  - 52  - 19 49 50 46  -  3  - 17 33 51 27  - 48  - 59  6 38 10 44 47 62  -  5  - 37  - 16  -  - 53 21 25 66  -  9  8 56 61 23  - 58 11 32  -  -  -  -  -  - 14 40 42 30  4 65 60 15 45 36
  - 65  1 57 35  - 46  - 25 54  -  -  - 53 63 43  - 41 28  - 44 20 68  -  - 16 15 59 47 11 40  - 55 36  -  - 61 17  9  - 38  - 30  7 12 22 37 24 49  - 18 52  -  6 48  - 14  - 10  - 66  -  - 33 21 19 70 62 42 39
 53 25 18 41 46  - 16 37 38 57 40 31 61  -  - 66  - 24  - 26  -  5 49  -  -  -  - 10 39 50  - 11 63  8 21  - 35  - 54  9  - 28 69 59 14 15  -  -  - 34 12  3 20 58  - 62 17  -  - 55  2  -  -  -  1 45  - 36  4 52
 56  -  -  8 63  - 13  -  6 39  - 18 35 22  - 50 29  - 68  -  7 54 11 49  - 34 70  -  - 17 36 69 20 12  - 15 16 60  - 67 57 43  - 33  - 30 62  - 26  2 31 53  4 21 46  3  5  - 28  - 19  - 24  - 42  - 23 25 44 47
 59  -  - 45  1 60 44 12  4 55  - 61 26 58 25  - 68 16  - 49 15 33  8  -  -  -  - 46  - 54  -  - 51 41  - 20 50 24  - 36 35 34 13 38  -  - 14 48  -  5  - 39 23 43 64 30  6 56 52 62 40 37  -  -  -  9 21  - 19 66
  -  2 40 61  -  - 70 62 52 41  -  -  - 57 42 29  - 50  - 55  - 68 31  -  8 26 32 53  -  4 69 67 48  -  - 18  - 54 15 23 49  - 33 20 37 25 27  - 16 28 51 59 36 11 60 45  3 39 35 17 44 34 66  - 12 24 22 30  -  9
  -  - 24 12 41  -  - 55 33  - 27 68 43  -  -  -  -  -  7 15  - 70 66  -  - 14 20  4 51  -  - 30  - 44  -  - 56 59 39 17 11  -  - 16  - 19 13  - 34  - 69 18 21 54 29 52 26 40 48 42  - 23 37 53  2 58 49  - 57  6
  -  - 49 64 30  - 61 26  8 51  -  - 39 17 38 13 70 69  - 28 20  - 43 37  - 29  7  2  -  5  1  - 47 25 42  - 19 23 35 34  - 31 16 11  - 53  4 12 58 40  -  -  - 55  - 15 22 52 45 59  - 24 18  6 60 10 67 32  - 62
 10  -  -  4 19  -  6 58 17 64 15 11 28 34  -  -  9 35 31  -  -  - 52  - 12 27  -  7 44 37 66 55 70  -  - 24 21  - 56 22 67 14 41  1 33  8 25 69 54  - 38 23 39 29  - 13  - 43  -  - 68 20  - 49 50 16  - 61 46 57
  - 32  - 23 59 17 66 61 47 56 10 51  - 60 45 28  -  -  - 31 33 38  - 43  - 48  -  -  - 14  -  2 54  1 67  -  - 58  -  -  -  -  -  - 42  - 46 52 44  -  -  -  -  9  - 64  8  - 27 68 25 15 55 65 37 34  - 26  - 16
 25 58  - 60  -  -  - 56 43 40 59 21  9 64 55 46 41 70 19 57 53 67 47 44  - 69 50 39  - 22  -  4 68 49 20  -  -  - 48  - 24  2  1 51 54 16 30 17 42 45 29 61  7 34  - 18 12 33  -  6 65 11 36  - 66  5 32 31 23  -
 20 43  - 52  7 65 38  2 59 30  4  - 46 21 51 17 56 26  -  6 63 24 25  1 68 58  9 34  -  -  - 45  - 27 57 48 22 64 69 11  -  - 23 35 13 10 70 28  - 54  -  8 19  -  - 55 47 16 39 53 49  - 14 40  - 15 62  - 33  -
  -  - 46  - 54 22 67  -  -  - 62  -  - 12 50 55  -  - 49  - 21 30 17 70  - 32 63 33 58 31 45  -  6 29  -  2  -  8  1  -  - 57 60 43  - 41 38  - 15  - 39  - 52  4  - 47 53 25 68 51  - 28 16  - 61 26  - 56  -  -
  -  - 53 70  - 16  - 52 66 28 22  - 36  -  4 65 57  5 29  -  - 37 54  -  - 24  -  - 18 61 58 35 27  2 55  -  9  -  - 56 13  - 34 63 30 64  - 46  -  - 44 41 50  - 26 67 68 31 69 40 62 59 11 10 51 21  -  3 32  1
 48  -  - 63  - 34 41  -  - 25  - 52 22 24 10 54  - 12 33  - 59 50  1 32 44 56  - 67 19 15  - 70 28 65 43 14 26  -  -  -  -  -  9 61  - 36  2 55  8  3 47  -  -  - 17 42 45 53 16 23 64  - 39  7 38 40 69 58 18 31
 18 22 59 42 32 14 19  - 16 65 58  3 38 62  -  -  -  - 56  -  -  - 27  - 23 25  - 35 33  -  - 63 46 48 41 31  -  4 53  -  2  5 66 60  -  1 68  - 30 24  8 36  - 44  -  - 50 34  6 12 55  - 61 57  - 43 17  -  - 29
  6 30  - 51 36  2 26 21 15  - 61 33 13 10 32 41 50  1 42 59 22 40  5  - 24 11  - 12 35 52  3 39 56  - 48 27  - 70  - 28 64  - 44 46  8 55 69  -  4 65 60  -  -  - 47 49 31  - 58 20 37 57 63 66 16 29 45 23  9 43
  -  - 22 68  -  - 57  -  - 44 32 63  1  - 69  -  - 27  8 47 52 49 18  -  -  - 31  3 34  6  7  - 42 50 30  -  -  -  - 70 12 25 67 45 23 51 56 20 48 46  -  -  - 59 53 35 64 19 66  2 60  5  -  -  -  - 16 65 36 26
 62 51 15  - 10  -  - 70 60 33 17  - 11  - 26  -  4  - 64 32  -  - 42  - 29  - 22 54 56 45 28 53 43  - 12  - 14 67 34  -  -  - 24  - 25 63 21 40  9  - 50  1 69 37 19  -  -  -  -  5 41 61  - 46  -  6 20 16 48  -
  - 11  - 20  - 25  7 63 14 32  - 56  - 36 68  - 46 44 16 70  - 34  - 53 42 37 43 29 62 13  - 22 49 15 19 39 33 61 47  -  9 58  4 40  6 27 23  - 50 41  1 31 12 30  -  -  - 38  3 67 52  - 28  -  -  2  - 60 10 45
 60  -  7 21  -  -  - 34 68 62 41 48 23 27 22  - 40 15 14 54 31 46  - 52  -  - 18  5 16 58  2 47  - 67  - 49 55 66 19 44 37 17 38  -  - 69 11 29 13  1 26 63 42  - 33  -  -  - 20 70  -  -  -  - 57 12 36 50 28 56
 43  7 27 13 44  - 50 10 35 60  1  -  - 31 37  - 47 65  - 24 25 63  - 45 17  - 41 66  9 23  - 48 52 42 51 32 57  - 12  8  - 15 19 22  -  - 59 58  6  -  - 38  -  -  - 54  -  -  -  - 36 18 69 61 26 70  2  -  3  5
  - 54 20  6 57  - 48  - 50  -  9 55 24 38  - 52 36 37  - 18 13 39 69 27 35  -  8  1 12 65 44  -  -  - 14 58 67  - 66  -  - 59 22 25 53  2 15 19 63 68  - 43  - 26  - 40 70  - 60 29 34 62  4 16  - 33  - 10  - 17
 41  8 39 26  - 35 65 64  -  -  - 59  -  - 61  -  7  -  -  4  -  - 34  2 25 42  - 69  1 60 27  -  -  - 22  -  3 55  - 15 28 36  - 24 46 70 50 49 62 19 20  - 51 31 44 16  - 67  9  - 18 29 57  - 58 63  -  - 43 54
 45 19  6  - 39 43 36 38 48 27 64 29 65 66 15 70 25 32 34 35 11 23  - 56 47  7 13 49 69 62  -  -  -  -  -  - 68 18 17 46  4 26  - 21 40 52  - 16 37 20  -  -  - 22  -  - 42 28  - 54 24 58  8 67  3  -  5  1  - 50
 32  - 41 25  -  5  1 42 37  -  -  -  6  -  7  4 12 63 50 29 40 11  -  -  - 57 17 13  2 34 23 49  - 53 62 47  -  9 30 60  8 51 10  - 61 18  - 44  -  -  - 22  - 48 56  - 59 46 26  - 69  - 43 35 54 31  -  - 66  -
  - 17 16  5 13  8 45  - 21 29  3  -  - 48  2 61  1 57 46  -  - 14 40  - 22  - 30  - 36 67  - 41 33  7 59  4  - 69 27  -  - 23 55  - 50 66  - 47 25 35 56  -  - 52 42  - 34  - 31  -  9 26  6  - 68 20  -  -  - 38
 66  - 51  -  - 62 68 57  - 16 42  5  7 52 35  - 14 45  - 50 41  - 39 21 67  - 58  -  - 25  - 31 10  - 64 53 30 37 59  1  -  9  -  - 19  - 32 38 11  -  -  -  3 23 40 48 20 15  -  8  - 70  - 44 33  - 43  - 63 34
 42  - 52 66 11 58  - 36  - 50  - 57  - 68  - 25 43  - 24  1 46  -  7 39 69 10 34 28 17 21 22  -  -  -  6 65  -  -  5 16 14 38 35  -  2 32 61  - 64  - 59  - 47 33 70 63  -  - 53 19 45 27  -  - 29  3  - 67 20 55
  3 52 10 11 25  - 23 17  -  -  - 54 66  - 58 35 53  -  4 67 56 55 37 16  9  8 45 26  -  - 39  6 30 64 44  - 24 34 42 43  - 27  5 14 59 65  - 32 20 38 36 40 62 28  2  -  7 48 33 60 47  -  - 31 15 46  -  -  1 61
 12 36 45  -  5 39 29  - 67 21 68 44 20  - 41 19 30  - 55  -  -  - 13  8  -  - 49 24 23 38 62 46 34 57 16 17  - 28  6 31 27 52  -  - 22  -  - 51  3 64 37 56 26 66 11 53 63 50 18  -  - 47 65  - 40 69  -  7 60  4
 58 21 25 44 15  -  - 29  - 69 63 42 16 54 66 18 33  - 61  9 57 41 53  - 60 62 23 56 52  -  -  - 50  3 37  - 70 32  - 38  -  - 59  -  4 20 48  - 68 22  5 34 65  -  -  1  -  - 46 47  8 55  7 19  -  - 13 27  6 51
 50 14 31 38 67  - 22  6  - 13 52 62 33 44  - 21  -  - 57 17 65  - 48 15 64 23 47 61  4  - 34 25 69 10 45  - 29 19  - 68 56  -  -  -  - 12  - 18  - 11 16 32 35  8  7 39 58  - 63  3  - 53  -  2 55  1 59  - 40 20
 33 63  9 16 29 46 47  - 64  - 23 15 44  - 39  -  - 34  - 66  4  -  - 51  6 54  -  - 37 30 11  - 22  -  5 52  -  7 21 59 26  8  -  - 56  - 53  -  - 14 19 67 32  -  3 57 41 69 38 28 42  1  - 13  - 62  - 48  -  -
 28  -  - 37  -  - 25  - 18  1  - 49 62  3 12 27  -  - 66  - 17 32  - 34 50 61 19 15  - 26  9 23 59 69 46 57 52 35 13 41 16 40  - 70 64  7 20  4 51 33 68 48  - 36  -  5 21  -  2 31  -  -  - 14 65 44 55  - 30  -
  -  - 68 10 42 29  - 59  5 67 36 47 17  - 31  - 13  -  - 52 38 26  -  6 19  -  -  - 48 40  - 33 15 35 25  1 11  - 70 50 18 37 58  - 32 46 66  -  - 12 41 64  2  7 23 61 43 60 55  - 39  -  3 34 62  - 65  -  - 49
  -  4 50 48  -  -  3  - 63 53 34 17 54 61  - 51  -  6  1 68  2 35 56 66  - 20 60  - 70  - 21 38 40 58 23 46 36  - 49 18  -  - 45  8 16 37  5 26 43 15 28 42  - 19  -  - 24 59  - 39  - 10 62 11 41 30 64 47 25 13
 63 68 38 69  -  - 60  4 29 43 35 13 27  - 64 42  - 36 41  8 70 17 32 54 62  - 16  9  -  -  5  - 61 20  -  -  - 14 57  -  -  -  - 52 18 21  -  2 40  -  -  - 59  - 10 44 67  - 23 22  -  - 33 39 30 47 53 45 31 37
 17 26 37 39 49 54 42  -  - 20  - 65 64  - 11 44  - 29 58 40  - 31 14 12  -  2 21 43 66 63  4  1 45 59  9 55 23  - 24 10 48 35 53 56  - 60  - 67  - 57  - 15 46  - 34  8 69  5 30 27 16 36 52 32  - 28 61  -  -  -
 30 62 33  - 68 19  - 65 70  3 50 34 48  -  1  - 38  - 18 69 12 60 16 13 54 49 42 21 29 53 25 26 23 51  -  - 66  6  -  - 36 67 20  9  - 28  7  5 52 47 24  2  -  -  - 11  - 14 61  - 10 43 31 59  - 55 44 17 22  8
  - 37  8  -  - 49  -  - 23 59 47 10  - 32 14  7 18 66  - 45 69  -  - 28  -  6 33  - 41  - 26 40  - 46  4 16 17 48 68  - 50 20 31 62  - 54  -  3 36  -  -  -  - 13  - 56 55 30 65 11 58 64  - 38  - 39  - 24 35 42
  -  - 57 56 34 51  - 44  -  - 67 46  -  2  - 20  -  - 13 64  3 19 70 68  -  -  - 45 30  - 14 36 39  - 60  - 18  -  -  - 66 11  - 49 15  -  -  - 17 37 43 28  - 24 50  4 61 23  - 69 59 33  -  - 52 32  -  -  - 27
  - 61  - 19 66 26  8 23  - 38  6 20  - 43  - 53 10 55  - 12 36 13  - 65  - 63 44 17 22 70 31 60 29  - 47 54 40 51 58  -  -  -  - 28  -  -  - 21  -  - 49 69 64 18  5 50 46  - 34 37  7  -  - 24 14 57 27 35  2 68
 13  -  5  -  2 36 53  -  -  - 43 69 32 16  - 12 49  - 70 65  -  3 50  -  -  -  1 25 59  - 10 52  - 61 63 51 62 11 31  4  -  - 28 39  - 24 41 45 46  -  -  -  8 38 54  - 29  -  - 26  -  - 40 60  -  - 37 66 27 14
  -  - 56  - 65 18 31  -  - 14  8  -  - 51 33 36 63 68  -  - 60  1  4  - 32 13  5 64 20  - 12 34  2  6 49  - 47 26  -  -  7  - 27 42  - 11 29  - 39 16  - 44  -  - 61 24 54  9 37  - 67  -  - 50 23 38 30  - 52  -
 15 13  - 28 69 55  -  -  9  - 25 45 41 23  8 33 52  - 53 51 26 58  6 35  - 18  3 32 67 42  - 68  4 11 24  -  - 29 22 39  -  - 47 31  - 61  1  7 27  -  - 62  -  5  - 43 56 37 50 16 70 48 44 36 17 64 14 20 12 46
