3430
 49  - 47  - 23 54 53  - 36  -  - 18  7 22 50 25 67  - 48  - 11  -  - 13  - 28  -  - 55  - 66 57  4 39 20  - 30 68  3 38  - 10 70  -  - 16 33 61 44 65 52 12  -  9 37 19 31  5 43 14 24 40 46 60 29 34 27  - 64 35
 41 50 57 31 67 59  1  - 45  -  5 14 33 44  - 20  -  3 69 36  - 19 47 63  - 22 55 12 70 17  -  - 66  - 24 11 68 43 56 30 49 60  -  - 23  8 48 39  - 40 51  6 35 37 54 65  2 38 52 13 42 27  - 46 25 15  4 53  -  -
 25 30  8 41 24 36 67 69 43  - 19 46  - 59 12 29  -  5  - 65 38 21 68  9 55  - 13 17 33 23 63  -  3  2 26 50  -  - 42  - 66  4 37 16  - 28 58  1  - 32 35  -  - 70 60 39  6 64 11 40 54 15  - 51 61 47  -  -  - 10
 21 10 26 15  - 40 14  - 22 53 43 45 67  -  -  - 49 37  -  -  3  - 52  6 44 16 34 47  -  - 18  - 29 55 62 20  - 54 32  2  -  1  - 38 60  5  9  - 61  - 41 28 59 31 63  - 36 68  - 57  - 30 56 70 46  - 51  7 27 58
  8  -  -  -  1  - 64 52  -  9 34 10  -  - 35  - 54  -  - 67 33 14 44 25 38 41 60  -  7  - 58 21 65 19  -  -  - 42  -  - 15 43  - 24 37 27 39  4 29 23 61 68 55 28  - 49 26 46  -  2  3  - 20  -  - 48 59 63 53 45
 30 31 12 17  7 10  - 13 23  - 47 65 40 28 54 59  - 32 43  - 64 68 24 55  - 35  - 63  -  3  9 27  8  5 38 18  - 20  - 34 52  - 58 50 36  4 67  2 19 49  - 66 22 69  - 46 61  - 53 37  -  - 41 29  -  6 11  - 25 48
 42  -  - 25  - 24  - 46 10  -  - 57  - 69  5 56 45  1  - 59 48 44 43 21  - 36  - 33  - 37 19  2 30 63  4 54 20 11 66 41 53 15  - 47 16 55 29  8 40  9 13  - 64  - 34  3  -  7 67  6 35 23 39 12  - 32  - 61 22  -
 38 44  - 61 64 22 36 15 25  - 50  - 42  7  -  -  -  -  9  -  1  - 55 27 49 60 11  -  -  -  -  - 34 68  -  -  -  6 30 35  - 24  -  -  - 37 26 53 21 45 23 56 13 16 66 17 62 43 10 59  - 69 40  8 54 70 32 29  - 67
 13 24  -  - 59 37 32 39 11 20 14  1 38 54  - 44  -  9 15  4 43  - 25 35 23 33 67 56  -  - 65  - 50 34 36 26  -  7 68 46 63  5 48  - 47 61 42  - 69  -  8  -  - 60  -  - 51 58  -  -  - 19 22 16 64  - 55 45 49  -
 70 49 30 64 20 58 46 55  -  - 31 27  - 23  - 41  -  -  - 39  - 25  - 62  2 15 45 60 34 54 26 33  7 51 48  -  -  - 53 16 44  -  - 43 63  - 50 12  -  - 47 36 69 66 65  - 14  3  - 22  -  1  -  6  5 24 13 52  - 61
  1  -  9  -  5 30  -  -  - 54  - 47 12  -  - 70  -  - 28 50 18 67  3  - 39 49  - 69  2  -  -  4  - 64  -  - 56  8  - 29  -  -  - 61 59  - 51 40 22 63 37 44  - 20  -  - 45  -  - 60  - 31 52 14 55 62  - 27  - 19
 35  1  - 54 65 45 17  -  -  -  -  -  -  - 49  -  -  - 66  - 15 36 26 19 33 55 69  9 67 18 38  6  - 60  -  - 23  - 47  -  - 34 53 70 10  - 22 37  - 59 50 30 46 52  -  -  - 24  5  8 40 16 68 11 42  - 61 58 32 64
 43 59 23  1  -  - 69 70 28  -  -  - 25 52 16 68  - 15 14 41  -  - 35 40 58  - 65  - 32 46 61 62  - 36  9 37 13 27 38 11  -  - 45  2 53  - 66  - 67 29  - 39 47 42 64 21 57 49  4  -  5 63 54 18 50  - 60 48  - 56
  - 22  - 32 21 26  -  - 37 40 57 58 70 33  - 23 59  - 12  - 56  - 19 69 34 27 52  -  -  -  2 24 51  -  1  6 65 39 50  -  - 36 47  -  - 10  -  - 60 48 18  - 15 30 14  -  5 53 55 16 68  - 64 43 17  - 44  -  8  -
  2 41 31  - 70  9 55  5  - 51  - 43  -  -  - 40  - 23  - 16  - 54  -  -  - 61  - 57 45 29 15 67  -  -  - 47 17 24 14 37 11  -  - 65 50 48  - 66  - 28  - 59  - 34  -  - 21 27 42 64  - 56 25  - 49 36  - 44 69  -
 57  - 25 22 48  2  - 50  -  5 18 13  -  6 23  9  - 29  - 53 66 65 46 67 54  - 40  - 11 10  - 14 62 27  -  -  - 51 20  - 69  7 36 15 34  - 55 21 47  -  - 70  4 44  - 30 52  -  - 45 32 60 24 17 41 61 68 39 63  1
  -  3 13  -  9 46 37  1 24 57 67 20 39 60  - 27  - 41 17 19 68 10 23 14 65 58  5  -  6  -  - 49 36 69 40 43 26 32  2 12 45  - 33  - 21 66 28  -  - 34 44 55  -  -  -  - 63 59  - 52  -  8 61  - 47 35 48  -  - 54
 36  -  - 46 57 41 39 61 54  - 17  4 10 49  -  2  -  -  - 48 53 42  -  - 47 26  - 31  - 11  1 44 14 12  - 66  -  3  -  - 34 35 43  -  5 50  -  9 64 15  7  -  -  - 62 13  - 18  - 69 60 22 58 21 40 19 65  - 55 63
  - 57  -  - 25  1 47 62 21 31  -  7 18 30 64  - 14 34 22  - 26  -  5 53  -  -  - 55 59 65 10 68 42 33  -  2 51 70  - 52  6 69  4 13 24 49 61 15 50 43 27 54 28 58  -  - 12 36  -  9 39 20 66 48 32  - 17  -  - 44
 15  6 35 29 32 17  - 53 58  -  - 55 45 11 33 22 42 38  7  9 62 16  - 60 68 10  -  - 46  - 41  - 70 21 61  -  2  - 57  - 36 27  5 39  -  - 12  3 48 69  - 49 19 26  4  -  - 52 18 30 64 50 67  - 23 20  8  -  - 24
  6 11 69  - 45  - 30  -  - 16  - 38  4 53  -  -  -  -  - 24 23  2  - 57 60  -  - 65 35  - 33  3 58 50  5 52  -  - 22 28  -  - 26 67  - 31  - 49 46 13 32  9  -  1  -  - 41 20  7  -  -  -  - 63  - 43 14 10 29 15
 56 69 58  -  -  -  - 54 39  - 15 64 62  2 59  3 66 24 18  -  5 51 60  - 57 37 23  -  -  -  - 40 12  -  - 38 46  - 70  -  - 28 67 11  - 63  - 44 33 68 14 45 42  - 20 36 34  - 21 50 31 17  - 32  9 30 22 43  7  -
 45 29 37  -  3 69  - 25  - 55  2 48 54  - 47  5  -  4 52 64 12 13 27 10 56  -  -  -  -  6 14  - 39  - 65  -  9 31  - 62 22 30  7  - 57 40 70 50 23 61 60  - 58 33  - 59 35 66 16 32  - 42 49 41 67 63 26  -  - 20
  - 40 19  - 27  -  - 18 60 38  -  - 59  -  -  -  -  -  5 57 35  - 66 39 12  6  - 20 21 68 37 30  - 11 54  - 55 44 46  - 13 56 10 52 28 51 47  - 58 67  4 41  8  - 26 69  -  2 64 34 62  -  - 53  - 49 50 16 43  -
 11  5 53  - 66 61 44  - 56 24 40 68 69  - 22  - 23  -  1  -  8  - 20 18 70  - 19 41 16  - 34 55 54 52  - 60  -  - 29 14 58  - 49 57  - 39 10 13 26  -  -  7 27 62 33 50  4 63 59 47  - 38 12 45 28  - 25 36 30 21
  9  -  -  - 46 19 15 65 26  - 70 52  -  -  - 47 13  -  - 20  4  -  -  -  - 64 58  - 60 33  - 54  -  - 67 69 14 22  - 68  - 61 34 32 27 38 44 56  2  6 31 43 29 59 48  8 42 45 36 41 12  -  7 10 18 16 40  3 39  -
  3 46 66 36 54 65  - 57 49 26 16  - 37 14  - 33  2 11 58  - 60  8 70 42  -  - 10 18 47  - 48  1 41 40 69 21  -  4 23  7 17 25 29 59  - 64 20 62  - 22 12 35  - 45  5 63 32 28  - 39 27  9  -  - 38 68  6 67 24 55
  -  - 64 65 29 35 41 24  - 67 66  - 13 57  9  - 10  6 31  -  - 15 49 20 27 39  8 48 50  - 21  - 43  - 37  - 52  2 44  - 16 33 62 46  -  - 14  - 54 53 38 23 45  3  1 12 55 47  -  -  4  7 42 58 59  - 56 68 70 36
 60  8 54  - 56  - 21  -  - 65  -  - 23  -  - 52 37 61 46  - 27  -  -  -  7 47 33  5  - 64  -  - 57  -  -  - 36 34 26  - 12  - 28 31 35  - 13 48 16 11 30  -  - 40  - 43 19 69 14  - 70  - 59  4 44  2 10 18  6 62
  - 60  - 34 11 42  9 48 18  - 52 30  -  - 57  6 40  - 41 66 28 55 61  -  -  - 38 19 56  4 47 16  - 29 51 64 35 50 24  - 20 68 23  -  -  -  5 31  - 70 62 37 54  -  2 67  -  -  - 25  1  - 53  -  -  -  - 13 10  -
  - 26  1  - 40 38  -  - 66  4  - 34  - 29  - 17 18  -  - 55  6 47 50 22 64 43 16 59 53 41  -  5  2 70 35 56  - 61  -  - 39 20 42 10 30  - 68  -  7 21  9  3  -  - 27 45 48 44 46  - 57  -  - 37 58  - 63 15  -  -
 55  - 41  - 37 14  - 63 29  -  -  9 28 10 69 36 51 56 60 70  - 45 67  -  8  - 12 52 31 39 68 43  5 66 15 46 18 33  - 17 27  6 19  1 58 57 64 26 53 16  -  4  - 50  -  -  - 11 34 44 65 54  - 20 62 38 30 22 35 59
 31 45 51 28  - 23  5 19  - 64 62  - 57  -  - 69  - 65 30  - 61  -  - 56  - 53  7  - 39  2 55 12 49 15 27 44  -  - 17 47 24 32  -  -  -  -  - 35 59 50 36 40 63 13  -  -  8  - 20 54  - 43 33 26 70 60 37  -  4  -
  -  4 52 33 19 67 61  - 13 25 58  - 41 42 28  -  -  - 38 68 10  - 11 36 48 50  -  8 63  - 70 15 37 54 47 34  1 29 16 18  3 45  - 53 14 65  - 30 20 46  6 64 17 23 40 27  - 32 60  5 44  -  - 35 24 39  2  - 31 57
 51 38 48  4 43 34  3 66 20  - 12  -  -  - 36  - 30 19 47 40 45 64  - 44  - 62  - 61  - 58  -  - 55  - 68 23 63 16  -  5  7 37 35 14  - 41 32 54 56  1 46  8 70 11 69  - 39 17  - 33 25 29 15  2 27 26  - 50 21 42
 32 36 17 59  -  -  -  -  -  8 41 63  - 55 15 53 56 50 23 26 51 62  - 24  5 30 46  -  -  - 52  7 10 16 45 13 58  -  - 40 28  9  - 42  - 12 11 25 66 39 48 60 49  -  - 54 27 19 65 67  6  -  -  1 34  -  -  - 68 70
  - 62  -  9  -  7  - 23  3 58  - 12 36  - 51 37 61 10 63  8 34 59 48  - 46 57 39 54 66  1  4 70 31  -  - 35 19 55 27 65 60 40  - 20 33  -  6 52 42 30  -  - 24 32 17 28 49 41  - 18 29  - 45  -  - 67 16 64 11  -
 46  - 62  -  -  - 12 58 40  - 33 49 60 27  -  - 43 70  - 52 63  - 69  - 45 25  -  - 23  8  -  - 47 17 14 51  - 26 10  4 65  - 15 55 66  - 31  -  - 42 19 67 39  2  7 61 38  -  6 56 41 53  5  - 13 29  -  1 44 32
 59  - 14  - 58 57 45  - 63 68 48 32  -  - 60 39 33 20 19 28  - 37 31 12 40  -  - 15  - 53 43 69  -  - 29 22  8  -  -  -  -  - 16 27 49 24  1  -  - 55  3 25 66  6 50 56 65 62  - 38 67  - 30  -  7 21  - 47  5  9
  -  - 21 50 51 12 66 16  -  - 61 23  -  - 56 58  -  - 34  - 19 38 14  -  - 65 22  -  - 36  - 11 15  -  - 27  -  -  -  - 46 39 64  4  8  3 24 42 35 26 63 53  5 49 31  - 20 29  -  -  9  -  - 67 45 13  -  - 60  -
 19 18 43 51 22  -  - 17  -  -  -  - 21 40 34 49 70 13 65 32 16  - 15  - 11  - 50  - 36 56  - 42  - 10 57  8  7  - 31 61  - 66 27 48  - 45  - 20  -  -  - 69 60 39 23  - 44  - 33 12 63  6 37  9 30 25 35  -  -  -
  - 63 10 11  - 60 50  -  - 43  - 40  - 46  1  4 48 62 51 38 30 32 29 15 42  - 27  - 20 70 24  -  6  8 64  9 28 53 21 67 18 19  - 36 17 44 34 14  5 12  - 58 33  - 59 52 69  - 25 55 45 41 26 57 35 37  3 56  2 13
  4  -  3 58 60  - 19  -  - 35  -  -  2 37 30 38 27 39 61 25 59 26 42  -  -  -  1 67 12 14 54 32 40  6 22  - 16 62  7  -  - 70 69 18 52 34 45  5 63 36  - 13  - 15  8 24 43 23 47 68  - 46  - 64 10 31 66  -  9 65
 27  - 61  7  - 18  - 35  - 62 69  3 55 56 63 12  - 67  8 51  - 46  4  2 24  - 64  6  1 52 23 26 48 58  - 39  -  -  -  - 37 54 17 33 20 14 30 10  9  - 59 22  - 57  - 11 13 40 66  -  - 44 36  -  - 45  5  -  - 31
 69 53  -  -  - 33 42 45 59 11  9 51 64  5 58 16 39  - 29 21 41 34  - 54  -  - 62  - 68 44 56 38 20 46  -  3 37  - 55  -  -  2 22 17  -  -  - 23  -  -  - 61 67  -  -  4  -  -  8  - 49 47 35 31  -  -  -  6 12 40
  - 56  6 37 36 32 11 12 55  -  - 61  - 18  - 10  -  -  - 44 31 39 53 45  4  5 43  -  -  9 64 35  -  - 50  -  -  -  - 20 33  - 68 63  - 22 62  - 30 47  2 16 23  - 51 29 66 13 26 49 21  3 34  - 48  1 28  -  -  8
 10 58  - 47 34 63 48 22 17 46 44 53 35  3  8 13 32  - 20  2  - 18  - 28 41 66 15 30  -  - 50 29 52  4  6  5 45 25 43 54  -  -  - 49 19  9  - 55 24  - 21 26  - 67 56 68  -  - 40  - 36 12  -  - 33 51  1 38 57 69
 24 19 50 60  6 15  4  3 52 33 10  - 29  - 13 62 12 69 42  -  -  - 30  8 66 18 37  -  - 43 57  - 27 48 16  - 31 56  - 49 54  - 65 26  - 47 38  - 32 51  -  - 44 55 22 64 46 25 35  1  - 59 28 40  -  7 36 23  - 53
  -  -  -  - 49  -  - 28 50 42 27 17 20 38  - 32  - 14 11  -  -  6 51 31  - 48 59 37 69 26  - 36 60 47  - 53 10 40 58 39 67 57  - 34  - 13 65 18 15  - 55 21  1 19  -  -  -  - 41  - 43 35 44 22  -  4 45 24  -  2
 33  2 16 39  - 11  - 41  - 50 56  - 61 26  -  -  - 57  - 63 67  -  -  - 13 32  - 29  -  -  - 66 28  9 70  - 25 45  -  1 47  -  3 37 64  - 23 60 34  - 69 14  - 46 15 31  - 65  - 43  - 21 48  - 53 22  - 17 58  5
 26 37 65  - 42 29  6  - 67  - 46  8 63  1 55 61 36 51  - 18 40 17  - 43 14  -  -  7 52 15  - 47  -  - 56 28 57 59  - 58 62 41 32  -  -  -  - 34 27 60  -  - 20  5 21 48  - 22  - 35  - 10 38 23  4  - 39 19 50  -
 48  - 18  - 28  - 59 40  5 61 20 37 51  -  -  1 69  - 16 49  - 22  8  - 52 70  - 44  3  - 32 46 17 26 66 67  - 64 36  - 29 53  6 45 62  -  - 19  -  - 56  -  -  4  9 14 15 42  2 27 38 58  -  - 39 65 54 12 34 23
 54  -  - 10  8  -  -  -  - 19 63 44  -  9 31  - 57 26  - 37 14 60  2 65 59  3 61  - 48 62 29  - 38  - 43  -  - 30 49 25  1  - 46  -  -  -  - 16 12  -  - 15 53 68 35 20  -  6 23  4 17 18 32 55 69  -  - 33 67 50
 62 17 38  - 53 64 27 37  -  -  - 21  - 34  6 67  - 16 35 14  - 56 41 58 25  - 42  - 43 48  - 28  -  - 18 33 59 15 52  - 23 29 60  5  - 46  7 63  -  -  - 19  - 12 24  9  -  1 39  - 13 70 50  - 20 57 47 69 66 49
  - 64 67 66 35 47  - 21  - 59 38 31  - 43 18 15  - 40  - 30  -  7  - 61  - 14 41 24 17 49 39  9  -  -  - 42  -  -  5 69  4  - 56  - 51 54  -  - 25  -  -  -  -  - 45 62 29  -  3 48 34 26  1  -  -  8  -  -  - 16
  - 20 39 52 41 50 63 67  -  7  -  - 32 31  - 30  9 12 26  1 25 69 18 64  6  - 56 13 57  - 36 65 59  - 49 29  5  - 51  -  -  -  2 62 48 35  4 33  -  - 70 46 11 47 38 58 17  -  - 61  - 24  - 68  - 27 42  - 40 60
 64 51  - 67 52 70 34  -  9 60 30 25  - 58 39 24  -  2 49 43 69  -  -  4 31  - 14 50  -  - 42 10 23 41 17 63  - 35 37 44  - 18 54  - 12 21 36 27  - 20 26 29 40 53 16  - 47  -  - 15  - 28 65  -  - 55 38  - 13  -
 66 65  -  -  - 43 13  8 68  - 11  5 22 70 27 46  - 25  4 17  9  - 54 48 30 20 53 32 61 57 67 50  1 14  7 10 24  - 64  6  2 58  - 41  3  -  - 28 45  - 15  - 16  -  -  -  -  - 44 29  - 33 51 56  - 59 12 42 18  -
  - 21 33  - 15  -  - 43  -  6  - 69  -  - 24 11  -  -  - 13 42 66 38 46 36 67 70 39 37 19 60 61  -  - 63 25 27  - 54  8  - 12 30 29  7 32  - 45 14 18 17  -  - 41 10 26 40  -  -  - 58  - 55  -  -  -  -  2 62 68
 29  - 32 30 17 27  2  - 33 15  -  - 66  - 14 21 50 55 36 34 44 52  - 70  9 68  - 53 58  -  -  8  - 20 11  - 40 67  1  - 19 49 41 54 65  - 60  6 43  - 64  - 48 56 13  -  -  4 12  - 16  - 63  -  -  - 69  5  - 18
  - 23  -  - 33  4 24 26  - 48  - 15  - 39  -  - 58 36  2  5 13 61 59 38  - 63  -  -  - 67 46  -  -  -  - 16  -  - 11 43  9  - 44 19 56  7 35 69  3 14  -  - 34 10  6 66 70 57  -  -  - 32 27 65 12 54 41 31 17  -
 50 67 59  - 39 16 54  - 14  - 22 62  -  -  2 48 11  - 25 47 65 33  6 29 28 40 44 46  - 24 13 23 18 45 34 55 41 21  - 10  - 38 20  8 43  - 17  - 31  - 57  - 68 61  - 42  1  - 56 36 52  4  3  7 26  -  9  - 37  -
  - 39 49  - 44 55 65  - 53 23  - 26  - 20 29 28 63 52 50 10 70 27 21 68  - 46 30 14  -  -  - 56  - 22  2  4 66 41 13  -  - 67 51 35  -  - 57 59 36 54 16  - 61 64 19  6 18 34 58 11 47 62  8  3 43  -  -  9  - 33
 47 33  - 14  -  3 20  -  - 27  -  -  -  -  - 45 22 58  - 69 52 11 16 37  - 59  2 68 54 63 35 13  -  7 28 32  - 65  4  9 38 46 40  -  -  6 43 57 17 66 49  - 36 51  -  - 23 12  1 31 50 67 70  -  8 56  - 41 42 39
  -  -  2 38  -  - 31 51 61 36 64 66 34 35 62 26 17 53  - 12 24  - 39  5 22  - 63 58 19 16  8 48 33 65  - 68 29 47 28 55  -  - 18 23  - 15  -  - 70  - 42 27 21 43 52 41  9 54 13 20 30 57 14 25  3 69 67  -  1  7
 18 66 42 70 31  - 57 14 62 41  -  6  -  - 46 64 44 48  - 54 55 20  - 16 53 13 51 36  - 35  3 58  - 67  - 30 69 63 12 45  - 50 59 68  1 56  - 47  4  -  -  - 38 27 39 33 37 15 22  - 26 25  - 34  - 17  - 60  -  -
  -  7 34  6 62 13 16 44  - 10  - 36  -  - 25 60 65  - 24 42 20  - 28 49 61  - 21  4 30  - 69 59 45 32  - 15  -  - 48 23 26 63  8 40 67 70 41 58  -  - 22 18 57 38 46 51  - 33 29 17 14 66 43  5 37 52  - 35  -  3
 22 52  -  - 13  5 49 36 46  - 59 56 17  -  7 51 38  - 67  -  - 23 63  -  - 69 66  - 25 40 44 18 35  -  - 12  - 57 15  - 50 65 24 64 45 68 53 43  6 27  -  -  - 54  -  -  - 55  9 42 19 48  4 39 16 10 58  - 14 41
  -  -  - 57 55 48 18 29  - 21 54  - 65  4  - 43  5 63 37  3  7  - 33  - 69 31 28 35 24 27 20 22 44 13  - 59 62 36 39  - 30  -  -  -  -  2  - 41 49 64  - 10 14  8  - 40  - 61  -  - 23  -  - 52  - 11 53 32 19 38
  - 47 36 18 50  8  -  4 70  2 35 60  5 41 37  -  - 59 68 27  -  -  -  7 43  - 32 34  -  - 12 19 67 31 39  - 38 69 33 22 14  - 52  9 54 17 16 65 13  - 53 63  - 29 44 15  -  -  -  -  - 11  6 42  - 40  - 25 48 28
