3430
 46 67  -  - 26 18 16 17  - 60  1 64 20 62 69  -  - 29 25 57 52  - 59 55  3 23 61 41 68 43  - 22 19 70 24  - 49  2 31  - 35 37  -  - 53 66  - 40 39  - 45 58 56 10 21 28 54 47  -  - 11  - 30  - 34  -  - 51 27  -
  -  - 22 60 27 57 51  -  - 59 14 29 25 32  -  3  -  6  7 21  9  - 64 53 34 43  -  - 23 35 67 45 42 63  8 18  - 61 47 13 48 15 16  - 69  - 50 68 36 24  - 19 54 33 49 40 20  -  1  - 44 38 17  - 46 62  - 26  - 11
  - 19 15 50 47 43 14 66 24 17 41 26 59  - 68  -  - 48 60 49  - 35 16  - 67  - 25  -  -  -  -  -  - 37  -  - 44 30  8  7 22  1 64 65  - 57  - 12  6 10 54 52 27 69  - 33  -  - 23 39 29 36 55  - 31  2 51  9 46  -
 69 68 49 34  - 30 41 61  -  -  - 14  - 43  2 45 62 31 51 53  3  -  - 29  -  - 35  - 18 48 27  - 54  5 38  -  7 55  -  - 24  -  - 46 19  -  8  -  -  -  -  - 60  - 47  - 36 17 63 22 10 42 33 58 37 12 40 11 66 70
 49  - 58  - 63 53 37  - 32 13 65  - 67  - 70 12  - 47 40 31 23  - 30 10 36  8 38 15 60  -  - 61 64 55  - 39  -  - 43  3  - 25 54 35  9  - 21 20 68 17  2 14  - 22  -  7 51 29 28 50  5 33 59  -  - 42  - 52  - 46
  - 10 48  - 61 68 52  - 26 39 21  -  - 59 28  - 30  3  -  -  - 36 69 70 65 54 50 60 25  - 57  - 66 47  -  - 24  -  5 15  - 11 29 31 22 20 18 55 42  -  7 46 58  2 35  -  -  - 53  8  - 32 64 62  - 16 17  1 33  -
 50 33 69  -  - 56 64  - 44  -  8 47  - 55 41 14  - 59 24  -  - 25  4 32 27 70  7 66 54 30 16 39 58  -  -  -  - 68 28  - 31  -  -  - 61 29  -  5 18  - 21 36 23 13 34  -  3  9 60 38 67  - 51  - 52  1 46  -  - 43
 38 12  - 31 13 32 47 54 62 55 57  3 22  - 48 46 53 68 37 16 14  - 49  1 51 24 21 25 69 40 41  7  6 60 59  - 67 20  - 17 10 26 28 42 65  9  -  - 11  - 27  8 44 15 33 66  4 39 19 64 43 29  - 70 63 34 18  5 50  2
 33 61 24 48 67 63 17 39  - 66 70  8  - 35 34  2 22 64  9 36 49 55 51 45 56  - 40 62  - 29 38 15  -  -  -  -  - 37 23  1 13 54 31  -  3  5  -  7 44 69  - 32 46 50 19 57  - 65 18  6  - 27 25 42  -  4 60  -  - 68
  - 31 36 28  -  4  - 63 20 34 39 66 61 48 22 59 47 17 27 29 37  3  - 19 45 52  -  - 11  - 68  - 55  7  - 12  5 57 60  -  - 65 56 10 42 44 62  -  -  -  - 49  9 18 13  -  - 26  -  - 15 25  8 69  -  - 21 46  - 24
 59 25  8 53 34  - 29 24 51 49  5  -  -  9 63 44 19  - 64 66  - 70 36  -  -  - 12  - 33 13 35  - 23 11 58 42 22 32  - 37  7  -  - 57 47 41  4 30 62 39 20  -  - 27 38  1 61 67  - 15 50 28  -  -  - 46 14  6 55  -
 54  - 50 69 46 36  6  - 35 37 53 41 49 42  -  - 11  - 29 38  -  - 65 21  5 33 13 34 40  1  - 14  - 27  -  - 63  9  - 62  8 16  - 68  - 64 15  4 23 52  - 20  2 55 48 10 24 28  - 26  -  -  3 39 22  - 44 43 60  -
 45  -  - 55  -  9 61  -  - 24  - 40 38 54 65  -  3 35 49 59 51 53 10  4 43 12  - 42 20 58  - 60  - 28  -  - 19 67 29  2 52  -  - 13  - 63  - 57 33 37 48  -  -  - 50  -  - 68 22  - 70 64 47 15 14 39  7 44 31 41
 11 53  - 58 16  - 12  -  7  -  2 20  5 52 17 32  - 54 48 45 68 67 19 50 24 28  6  -  3 23 55 38 49  - 44  9 13 47  -  - 51  - 65  8 57 31  - 36 10 66 33 63 21  - 37 70  -  - 61  - 25  - 69  -  -  -  - 40 42 35
  -  - 55  - 52  - 67 37 48  - 27 53 50 17 32 28 20  -  -  - 40  -  -  5 46 25 64 49  4  2 26 10 60  - 14  3  -  -  - 42 29 70 44 66 58  - 36 41 13 68  8 61  -  - 12 38 57 30 39  -  -  - 24  - 11 23 34 22  - 33
 19 23  - 44  -  - 33  - 60 30  -  - 34 61 45 50  - 11  1  - 17  - 35  - 32 38 54  - 10 31 52  5 39  - 41 24 66  6  3  8 68  - 48  - 14  - 64  - 12 49 28  -  - 36 15 51 37  -  - 57  - 58 67  9  - 13 26  - 25 42
 17 65 34  -  - 51  - 70  - 44 64 59 40 23  - 27  - 55  8 39  - 33 57 49 38  -  -  7 12 50 19 46 35 52 30 41 61 36 11  -  -  - 69 29 15  -  - 45  - 20  4 62 26 14  3  -  1 22 21  -  - 53  -  -  5 32 10 28  - 37
 43  3  - 17 64 37  - 57 59  - 32 10 63 31  7  - 58 62  - 52 28  -  - 60 35 56 46  8  - 47  - 49 44  - 61 19 53  - 48  - 69  5 67 55 45 15 65 38  2 40  -  9  -  - 26 12 42  -  - 11  - 18 68 21 39 30  - 29  4  -
 28 36  - 33  6  -  8  -  3  -  - 70 12  5 49 66 57  1  - 23 22 18  -  7 47 26  4 46 32 16  -  - 40  -  - 64 25 65 41 21 62  -  9 30 54 68 51 52  -  - 39 31 37 45 69 56  - 63 38 44 17  - 14  -  -  - 43  - 29 20
  - 21 26 36 56 24 57 18  - 22  -  -  - 63  -  -  - 37 47  7 16  -  - 23 66  - 60 61 53  -  - 30 69 19  - 27  3  - 52  - 34 43 40 58 39 38  -  -  - 25  6 55 41  - 17  - 44 59  2 20 62 49  - 14  8 15 48 70  -  1
 41 54  7 68  1 22  -  8  -  4  -  - 36 12  -  -  - 34 26 46  - 14 47  - 18 29 49 59  - 37 25  - 70  - 32  2  - 63 17 55 40 53 66 38  - 48  -  - 57 50 61 60 13 20 23 65 30 27  -  3  -  6  -  - 69 19 31 56 24 52
 23  - 17 42 62  -  - 59 69  1  7 56 46  -  -  -  - 24 18 28  8 45 22  - 41 11 48 68 34 66 39  - 32  - 33 49 29 70  -  -  6 50  - 16 44  -  -  9  - 12  - 38 10 54 61  - 26  2 64 53 21 60  - 20  -  -  -  - 57  -
 25 16 63  5 30 42  - 33 61 56 46  -  - 60  -  - 36 10 14 40  2 62 13 11  1 22 57  -  - 70 15 31 29  - 65 26 20  -  -  - 21  -  - 51  - 27 35  8  -  6 38 54  - 53 24 48 50  4 34 28 32 43 52 19 41 58 47  3  - 69
  - 15 51 39 49  - 26  - 10 28 22 54 29  4 36 70  - 60 58 37 12  1  - 63 42 48 32 16 31  - 44 40 59 20 53 43 55  -  - 52  - 45 38 33  - 47  - 69  5 23 50  6  - 66 67  - 65 35 56  - 64 19 57  -  - 17  8 21 61  9
 63  6 57  3  - 44  -  - 23  -  -  -  - 18 50 16 67  - 55  -  -  -  - 66 20  4 37  - 26 22  - 52 15 46  - 56 12  - 25 14 58 68  1  - 59  - 45  -  - 28 43  2  - 60 65 47 41 32 62 31  8 70  - 40  -  - 53 19 17 10
 30 63 12  -  -  - 53 44 66  -  - 57 18 47  -  - 40 13 28  1  - 27  2  - 16 19 24  - 65 64  - 37  9 21 54 68 45 43 22  -  -  8 35 67 48  - 60  - 58  7 23 69 39  -  6 36 70 11  4 59 51 52 49 17 38  - 41  - 34  -
 39 46 59  - 40 25  - 13 45  - 10 32  4 38 35  - 26 65  -  - 41 12  - 31  - 50  - 43  2 67  -  - 47  - 22 34  -  - 16  -  - 36 33 28 63 21  -  -  - 55 56  - 42 19 11 20  8 15  5  9 30 51 18 24 23 52 62 37  1  7
 57 50  3 64  - 41 34 16 38 36  -  6 60  - 14  - 55  -  -  - 33 28 23 65 13 51  - 70  - 61  - 54  -  -  -  5 18 17 32  - 45 19  - 27 26  -  - 15 21 42 47 40 49  9 31 44  7  - 46  -  - 35 48  - 53  - 24  8 37  4
 27 57 68 49  -  8 70  5  - 19 50 18 28 67  -  - 48 69 43  -  - 10 53 59  -  7 14 37 42 12  4  -  -  -  - 33  -  - 44 56 46  - 58 15 52 32  -  -  - 13 41 34 29 23 64 62 17  -  -  -  - 55 63 65  3 61  -  - 26 31
 62 11 67 70 57  - 18 52 54  - 48  - 47 58 61 69 24 45  5  -  7 37 29 22 21 10  - 53 44 42 13 55 43  -  3  - 36 16  1  - 41 38  6 23 60  2  - 17 30 63 65 68  -  - 14  4 46  - 32 33 19  -  -  - 59  - 50  - 20 25
 51 70 44 10  2 69  - 56  - 52  - 16  - 37  -  9 17 14 33  -  - 42  -  - 64 65 31  - 24  - 36 34  8 41  - 21 62  4 66 54 30 23  3  -  - 13  - 18 20  - 53 27 57 68  - 60 38 49 40 29 55  - 61  - 32 22 15 35 63  -
 66 42  - 59  7 61 21 67 43 50  - 31  - 36 24 29 69  - 45 34 65  -  6 51 68 15  -  -  8 20  3  -  4 12 27  - 52  - 56  - 32  - 46 19 64 62  - 16 25 22 40 47 38 70 28  -  -  1 33 49 54 39 35 30  9 14  -  -  5  -
  -  - 41 62  - 21  4 19  - 63 54 55  -  -  -  - 64 23 17  6 45 16  8 39 22  1  -  - 38  - 48  -  - 29 47  -  -  - 50 30  - 57  -  -  - 58 52 49 28  -  - 66 43  -  -  -  -  - 36 61 26 46 20  - 70 56 59  - 11  -
 36  -  - 67 68  - 30 48 53  5  -  7 35 41  - 23  - 26  - 60  -  - 42  3  8 18  -  - 61 65 14 69 27 39  - 44  2  -  - 16 15 24 32  1  - 12 57 59 52 46 70 50 31  - 55  - 47  -  - 19 38 11 62 37  - 54 56 58 43 51
 15 58 40  - 18 35 49 45  9  - 11  -  - 22  - 26 61  - 68 10 69  -  -  8  - 39 23 65 66 36 70 20  -  -  - 29 16 28  -  - 64  - 14 60  4  7 17  -  - 38  - 24 48 37 43  - 52  - 47 32 34 50  -  3  - 67 42  - 59 55
 53 55  2 56  -  1 65  - 37  8  9 44  - 39  - 21 32 41 15  5 24 30 50 57 70 35  -  - 14 49 10  - 45 18 67  - 46 40  7 69 11 59 27 43 23  - 38 31 34 62 52 26 64 42 25 61 12 60  3 17 66 48  - 68 54  - 58  4 47  -
 65 26 35  - 14 11  -  7  -  -  -  9  -  -  5  - 46 27 38  - 18 66  - 28 57  2  - 52  - 24 58 53 12 22 34 10  4  -  - 60  - 33 49  -  -  - 42 29 67 41 68  - 40  - 54 25  -  - 30  -  -  - 50  8 61 44 19 55  -  6
 52 14  -  -  -  -  2 41  - 67 43 65 26  6 56  - 18  -  -  8  -  - 39 27 17 62 47  -  -  9 51  -  -  1 10 15 28  - 13  - 57  -  - 53 55 33  - 61 64  4 22 11  7  -  - 37 29 36 59 69  - 24  5 54 20  -  -  - 19 34
  - 30  9  6 70  - 15 29 12 69 42 58 23  -  -  5 41 22 34 14  - 51 27 26 48  -  - 40 43  - 60  -  1 25 35 17  -  -  - 31 50 61 37 47 38 46 32  -  4 36  -  3 62  -  8 13 16  - 11 45  - 68 53  -  -  -  2  - 21 64
 10 38 60  - 23  6 24  -  2 61 45 27  9 19 46 36 49 39 21 64 70 63  - 44  - 40 59 51  5  - 65 56 48  - 29  - 50 14  - 20 55  4  -  - 28 69  7 47  - 30  -  - 15 34 52  8 31 25 17  - 35 54 13 57  - 43  -  -  - 18
 31 43  - 29 24 62  -  3 46  - 47 67  8  - 30 38 63 56 39  -  - 50  - 15 60 37  - 20 35 68  - 25 36  -  - 23  -  - 42  -  1  7 70 64 17  4  -  2  - 65  -  -  - 58  - 53 13 44  -  - 41  - 32 51 18 11 52  - 16  -
 61 48  -  7 54 58  - 10 30 68 23 35 70  - 16  - 37  5  - 62 50 60  3  - 25 27  2  -  - 59  -  -  - 67 39 31  -  8 15 28  - 51 55 36 56 19 14 34  - 43  -  - 32 29 20 63  -  6  -  -  -  - 38 52  -  - 12 64 69  -
 22  5 53 25 58 50 62  - 13 45 16 21 17 68  - 41  1 40  - 33  -  - 37 42 23 66  - 67  -  - 56 24 65  -  - 35 38 59  - 36 61 52  - 44 34  - 54  - 69  - 60 28 55  3 18 19  -  -  -  4 49  - 43  - 48  7 70  -  9 29
  -  -  - 20  - 60 40 53  - 43 55  - 56 65 18  -  - 52 31  3 36  -  - 47 10 34 51  9 58 33 54  - 14  - 11 67 30  - 37 59  - 42 12 25 49  -  -  -  -  - 66  - 45  - 29  -  -  - 50  -  2  4  -  - 44 38  - 69  6  -
 24  - 10 35 39 59 27  -  - 46 19  -  6 66 13 48 38 50 56 65 20 17 18 52  - 55 68 44 28  7  1 57  - 69 21 60  - 29 14 51  - 41 47  4 30 26 31 37  8 33 25 45 16  -  - 23  5  - 54  -  - 22  -  -  -  - 64 61  - 32
 42 20  - 40  3  - 50 11  - 27  - 28 58  - 59 37 39 16 22 61  -  - 63  -  2 17 30 12  - 46 18 66 68  -  5 55 21  -  - 53 26  - 19 14 36 23 24 10 29 60 69 25 70  -  7 43  - 45 52 62  4  - 44 38 33  9  1 54  - 67
 18 27  -  -  -  - 22 26 39  7 69 62 52 16  - 19  9 67 36 41 46  -  -  - 14 59 17 58 15  - 66 33  - 57  -  -  8  - 12  - 38 32 42 37 10 40  2 13  - 34 49 65 30  -  - 21 28  -  - 63 48  3  -  4 60  - 35 20 44  -
 48 29 47 22 59  2  -  - 57  - 30 49 66 11 52 13 10  8  -  - 19 39  - 18  4 64 69 63 55 45  -  - 33 61  -  - 14 24 21  -  - 20  -  7 37 65 44  - 32 54  3 41  - 16  - 67 60  - 58 34  -  - 40 27 12 68  - 38 23  -
 20 44 16 37 36  -  - 50 27  2 15  -  - 24 58 57  - 32  - 63 53  - 52 35  - 31 67 30 62 69  8  - 22 54 19 65 17 18  -  -  4 60 45  3  -  - 59  -  1 11 46 12 14 47 40 39 64 33 48 25  - 56  7  - 68 66  - 23 49  -
  -  - 70 57  -  -  -  - 50 54 58 46 10 33  - 60 52 43  6 68 30 34 20 40 12  9 11 36 48  - 64 59  -  - 31 28 47 41 27 38  - 29 51 49  - 42 25 63  7 14 32 17 67 61 16  5  2  -  8 35 53 37  -  -  4  - 65 15  -  -
  9 22 54 65 51 33  - 12 41  - 68 11 24 50 23 18 35  - 66  4 58 38 15  -  - 60 10 39 52 32 21  - 16 48  -  -  - 45 40 70 36 49  -  -  - 34 55  3  -  - 29 43 53  7  1  - 14  - 31  5  -  - 37 46  - 26  - 62  -  -
  - 56 31  8 43 46  -  -  6  -  - 52 68 69 39 42 16 36  3  - 44 23 58 25 29  - 55 32 59  -  - 11 21 38 28 47 34  - 33  5  - 66 62 40 27 60  -  -  - 26 19 13  - 35  9 17 45  - 15  -  -  1  4 41 24 37 67  - 54 57
  - 51  - 41  - 40  -  - 55  - 33 30 43 27  - 47 23 15 20  -  - 49 38  -  -  -  8 21 17 54  - 62 26  2  9  - 56 66 65 64  -  - 52  -  -  - 67 50 63  -  - 37  - 57 53 29 48 46  - 60  - 44 12 61 19  - 68  - 58 14
 67 60  -  - 20  -  -  -  4 33 44 51 13 15  3 62  - 57 11 24 35 64 56  2 63 46  5 14  -  - 43  6  -  -  - 53 32 52  - 19 65 27 41 26 12 39 34 54  -  -  -  1  8 40 36  - 22  -  -  -  - 66 70  - 45 29 69 17 30 58
 56 49  - 63  - 54 42  - 47 57 18 45 11  7  -  6  - 33  - 50 26 31 60 48 55 58  1 13 29  -  -  -  5  - 52  -  - 46 59 27 28 12  - 17 24 61 20 62 43 70 10  -  -  - 66 68 19  3  - 40 16  -  - 23  - 51  - 65 36 44
  -  4 64 11  - 12  -  9  - 40  - 23 48  - 60 53  -  7 69 17 62  5 66  -  - 32 16 54  - 28 22  -  -  -  -  - 59  - 63  -  -  3 24  - 41 18  - 67  -  - 57 29  - 46  - 49  - 14 55 52 58 26 15 13  - 25 30  - 56 19
 60  8 38  1 32 26  7 28 40  -  6 25 41  - 42  -  2 30 13 19  - 21  - 14 44 61  -  -  - 39  - 23 46 66 18 50 35 58 69 57 16 62  4 22  - 67 43 11 54 47  -  5 20  - 27 52 53 37 49 55 12  - 31 33  -  3 29 45 64  -
 37 24 27  - 41  - 23 38  5  - 28 50 16 30 15 65  -  - 52 54 60 32  - 13 58 69 44  4  - 19 53  - 11  6  - 22  -  - 61  - 59 63 20 21 68 43 40 46 56  - 42 39 36 48  2 55 67  - 51 14 57  -  - 66 64 10 49 34 35  -
 14  -  5 43  - 28 60  -  - 16 37  - 39  2  9 55  - 70 42 26 67  - 21 68  - 41  - 27  -  -  -  - 38 24  4 40  -  - 62 66 19 10 25 52 50  - 58 44  - 64  - 15  - 11  - 35  - 57 69 36 46  - 34 47 29 65  - 12  - 23
  - 32 14 38  - 27 36 65 11  - 67  - 62 21 26 49  -  -  2 58 13  4 43 33 53 68  - 57  9 10 29 19  - 44 45 46 23 48  -  - 54 40  8 56 31 50 61 35 59  5  - 51  -  - 70  - 55 12 41  -  6 69 28 64 30 24 16 66  -  -
  -  - 18  - 25 45 31 64 33  - 36 19 32  - 57  -  - 38 35  -  1 24  -  9  - 63  - 69 56  8 23  -  3 13  - 62 27  - 68  - 43  -  -  -  - 54 49  - 66 58 44 42 47  5 51  6  - 53 26 65  -  - 16 48  - 21 20  - 52 50
  8  -  - 15 38 17  - 20  1  - 66  4 42  - 53  - 43 49 32 27 34 47  -  - 52  -  -  2 51  5  - 68  - 26  - 61 41 12 18  - 25  6 60  - 16 59  9  -  -  - 55  -  -  - 44  - 63  - 37 23 39 21 11 56 36 40  - 57  - 62
  - 35  -  -  - 19 11  -  - 38 63 15 45 44  - 25 60  - 67  -  - 54 46  - 49  6 26 47 16 17 37 41 61 36  - 69 68  1 57  -  5 64 21  - 40 52 27 22 50 53 62 10  - 51 58 31 39 42  - 18  -  9  -  7  -  8 32 14  3 59
 47 18  6 19  - 38 69 42  - 32  - 63  - 20 44 10  - 66 23 35 31  - 17 67 33  - 70  -  7 34 28 51 41 53  -  - 40 39 54  - 56  - 22 24 46 36  -  -  - 61 64  -  3  - 57 16  - 13  - 37  - 62 60 50 58 48  -  -  - 45
  -  - 23 13 22 39  - 49  -  9 59 36 53 10 21 43 28 19 50  -  - 20  -  - 69 45 42 17 70  6  - 18 56 35  -  -  -  - 58 61 67  - 30  -  8  3  - 25  -  - 11 44 34  4  -  - 33 24 68  - 52 57 41  1  7  - 66 16 38  -
 58  -  - 23 44 29  -  -  -  - 31  -  7  8  -  1 54  - 65  -  5 52 26 17  - 14 27  -  -  -  - 12  - 68 57 59 10 60 34  - 63 67 43 48 11 51  - 21  - 18  - 16  - 56 62  3 35 69 66 24 47  - 42 22 55 49  -  -  2 39
 44  - 13 54  - 67  -  -  - 23  - 24  -  - 55  8 56 12 16 25  6  - 28  - 50 36  9 48 39  - 69 58 20  - 15  -  - 27 26 68  - 34 61  - 18 17 22 19  3 21 59  -  5 43 41  2 62 51 10 42 60 45 29  - 35  - 11  - 40 47
 29 64  - 14 45 47 19 60 16 58  - 38  3 40  - 31 33 46 61 44 43 26  -  - 30  - 36  -  -  - 63  4  -  - 13 48 51 42 70  - 39  -  2  9 20 11  - 24 17 15  - 22  - 21 59  -  - 18  -  1 37 65 23 49 50  - 27  7 62  -
 21 41  -  2 66  3  - 46 70 25  -  - 15 64 38 68  -  - 53  -  - 69 31 37 40 30 34 56 19 55  -  -  - 51 60  6 43 49 24 45 42  - 11 61 32 14  -  -  - 57  - 18  -  - 39 50 58 48 29 13 33  - 65  -  - 59  - 67  7 26
  - 34  -  -  - 66 43 62 14  - 24 42 55 26  4  - 50  -  - 69  -  - 25 16  7 47 20  - 22 60  -  -  - 59 40 38 39  -  -  - 33 30 63 41  1  -  5  -  - 48 37 35 68 28 10 27 49 56  - 46 36 23 21  - 15 64  -  2  8 61
