3430
  8  -  9  - 23 36  - 10  - 14  2 11 68 26  - 64 34  4 33 56  -  5 65 66  -  -  -  -  - 70 50  - 57 35 53 62  - 67 21 47  -  -  - 18  - 20 43  - 63 46  - 39  7 60 48 17 41  3 28 44  - 12  -  - 24 58 40 69 42 52
 70 43 35  1  -  - 33 42  -  - 31 38 59 49 25  - 29 11  6  - 54 66  3 50 47 12 19 16 27  - 52 30 53 63  -  - 68  - 64 55 28 65  - 44  -  - 17 61 69 18 15 23 62 32 58  5  7 57  - 37 67  2  - 40 60 51 39  -  -  4
 22 24  -  6 31 69 34 26  -  5 13 30 42  - 67  -  4  - 47 40 60 50  -  - 58  -  3 32 21 10  7 53  -  -  - 12 46 19  - 45 23 20  - 51 70  -  - 56 18 17 44 35 68 48 14 66 29  - 55  - 11 54 52  1 28  - 27 33  9  8
 13  - 23 16  - 18 27 36  - 31 63 47 54  - 44 17  - 37  - 48  6 19  4 14 26 24  - 41 42 39  -  -  - 58 22  -  - 69  2  8 68 62 10 60 20 30  - 25 70  - 51 15 45 66 65 52 46 32 40  - 53  5 59 28  -  - 49  - 21 38
 21 45 27  - 39 57  -  9  2 10  - 63 37  - 24 58  - 26 32  5 70 22 56 12 19 30 11  3 51 49 53 50  - 13  - 23 14 31  1 28  -  - 48 65 60 36  - 47 29  - 16 18 52 67 64 33 34  4 61 40 43  8 25 35  -  -  - 59  7 42
 55 36 42  -  -  - 32  - 16 11  3 27  - 15 37 23  -  7 67  - 30 43 44  - 39 56  8 62  -  -  -  - 17 20 66 68 52  - 19 10  -  9 58  - 34 45 59  -  -  5  - 41 25  1  -  - 35  6  -  - 47  - 26 21 65  - 69 14 29 53
  -  - 49 65  - 47 21 39 52 26 56 34  - 30 55  9  - 51  -  - 32  -  - 42 10  5 69 22 48  -  -  -  -  -  - 19  1 16 63 23  - 25  -  - 15  - 64 53 13  2 66 37  - 40  -  4 14 17  -  -  6 20  - 24 36  - 33 67 50  -
 28  - 68 47 18 12 63 50 49 58 38 44 65 20 34 16  - 56 57  2  8 59  -  1 52 39 42 53  -  -  - 32 21 29 19  - 17  -  - 14  -  - 27 70 40 24  -  -  -  - 25  -  -  9 67 45 13  - 46  - 23 11  6  5 33 15 30 61 43 26
 50  - 46 17  - 59 10  6  - 18  - 53 39  -  9 26 69  -  3 51  1  7 70 41 32  - 56 54 12  -  - 40  -  -  - 43 34 33  - 68 62  -  2  - 67 44 48  - 45  - 42 38 20 19 57 29 49 23 24 14 63 37  4 52 30 35 58  -  -  -
 44  - 65 23  - 55  - 58 60  - 33  -  -  - 26 19  -  - 69  - 50 67 32 40 62 63 66  5 45  - 36  - 54 48  -  6  - 24 17  3 56 53  - 29  - 10  -  7 28  1 47 22 42 51 30 18  - 52 43 57  -  - 15 14  8  - 46 37 16 41
  - 46  - 29  -  - 24  8 56  3  7 32 43  - 15 38 55  - 22 64 19 23 35  -  - 14 21  -  6 17 63  - 49 57  - 47 18 51 48  -  2 12  - 66  - 52 13  -  -  -  - 10  - 53 62 37  - 67  -  - 70 39 34  9  - 33 11  5 58 45
  - 26 28 49 70  - 20  4  -  2 29 42  -  - 10  - 58 63 60 24  - 14 59 23  -  9  - 39  - 19 18  -  -  - 34 64 13 12 31 62  - 50 47 35  5 17 51 54 33 21 56 53 67 61 40 32 22  -  - 16 68  1  - 44  6  - 36  7 48 66
 20  - 56 26  8 67 69  - 17 55  - 23 60 59 31  - 12  -  -  - 34 70  -  -  -  - 38 51  -  -  -  - 63  -  - 15 42 11 39 29 22  5  -  -  2  - 14 50 24  - 19  - 18 57 43 16 36 46 66  9 37 28 49 10 40 68 53 65  -  7
 67  - 38 15 58  - 56  - 24 50  -  - 13  -  -  - 59  -  - 66 65  - 25 22 48 42 44 26 39 27 20 51 69  - 29 28 10  -  5 40  -  - 46  -  8  - 33  -  - 30  -  - 63 62 41  - 54 55 57  3  - 34 31 17  -  -  4  6 52  -
  - 68 18 59 45  2 13  - 31 15 11 67  6  - 53 12 47 30  -  -  - 57  5 49  4  - 50 33 63 20 46 64  - 62 37  -  -  - 61  -  - 58 39  -  -  -  1 36 32 42  - 29 54 24 23 19  8 66 38 51 10 69  - 56 27 41 16  -  - 40
 31 70 53  3  - 43 42 11 61  -  - 19  7 45  -  - 15 40 64 29  - 51 10 44 24  - 39  -  4 30  - 12  - 33  -  -  -  - 46 57 48 47  -  - 18  6  2  1 34 66 65  - 23  - 16  -  5  - 67  -  - 36  - 68 56 52  - 27 13 69
 61 56  -  - 47 13 35 34 41  -  -  - 20 31 45  5 37 33 16 42 11 39  - 46 51  - 28 59 26  -  - 58  4 19  - 25  - 15  -  -  -  - 44  - 21 69 32  2 36 27  -  -  - 49 18 30 70 63 10  - 50 52 54 55  -  3 29 64 66  -
 15 31 30 13 63 64  -  5 25 54 60 52 49 27  7  - 70  -  - 59 37 36  2 26 17  4 16  - 24 33  6 20 23  - 11 10  - 42 55  -  -  - 67  -  3 39  9 43 50 29 18 58 53 14  1  - 61 62 12 65 40 38 35 57 41  - 47 68 22 21
  -  - 50 31 28 56  - 45  7 22  -  -  - 19  - 47 60 12  8 44 15  -  - 68  - 29 37 49  5  4 59  2  -  - 13  - 25 36 52  - 63 32 35 16 27 58  6 55 64 34 38 40 51 54  - 14 67 48  1 30 46 42 61 23 21 66  9  -  -  -
  -  - 59 32 11 61 15 13  -  - 34 45 17  - 42  - 16 50 58 67  3  - 63  - 56 53  -  - 60 23 31 10  - 28 49  - 70  -  -  - 43 30  - 41  -  -  - 44  - 57  -  4 69 55 54  - 65  -  - 33 66  - 27  7 52  5 64 25 26 39
 64  - 13 44 16 17  - 38 10 20  - 61  4 32 27  3 51 55  - 12  - 33  - 65 36 15  7  1 25 68 42  - 50  - 59 41 63  - 70 48  5 67 53 23  - 43 60  -  9 31 52  - 57  - 22 34 45 37  - 47 35  -  8 66 26 24 54 46 56 14
  -  - 47 64 43 42  - 62 20 69 25 12 50 24 14 60 26  - 65  - 22 61 66  -  - 41  -  - 16  - 39  8 37  9 70  -  -  - 29  -  - 40 11 27 38 35 56  - 31  - 49  3 59 68 45  -  - 34  6 46 33 19 55  -  - 17  - 54 23 51
  -  -  - 45  4  - 11 69 65 23  -  7 32  -  - 70 56 36  - 13 66  -  8 25 55 52  - 42  -  -  -  - 48  - 33  - 39  - 12 41  1 10 15 21 30 50 68  -  - 20  5  -  -  - 31 40 51 27 14 58 61 49  -  -  3  - 57 17 54  -
  - 35  - 54  -  - 25 17 34 47  5 13 33  - 50 57 40  9  - 60  - 29 23 70 67  -  4 52  8  - 61 43 66 27 20 44 51 38 45  - 19 64 26  3 63 46 58 49  -  - 69 30 32 15 42  - 48 41 22 28  -  - 18 65  -  7 14 53  2 16
  -  - 62  -  - 58  -  - 11 60 70  -  -  -  - 35  7 45 53  6 12  - 17  8  -  - 65 67  - 38 13  4  3 69 47 55  - 43  - 20 40 22 49 64 26  - 36 34 44 56 30 24 29  - 25 63  -  -  - 27 18 50 48 15  5 61 37 21 68 54
 39 32 66 38 19  6 68 24  -  1  -  -  -  - 52 42 67 25  - 57  -  -  - 51  - 47  - 21  - 16  8 11  2  -  -  4 61 62 54  9  -  -  5 30 13 27 22 35 65 44 41  - 14  - 46  7  - 50 64  -  3 33  -  - 18 34 45 23 60 49
 68 34  - 10 20  - 50  - 33  - 54 15 62 21  - 56 53 49  2 43  -  3 67  -  -  - 29  - 38 65  -  -  8 32 39 17 36 37 18  -  - 45  -  - 14 59  - 26 40 64  - 48  - 22 69 31  -  - 30 13  -  - 12 42 70 60 66  - 27  -
  7 10  -  -  -  -  1 64 32  -  - 62 44 13  - 22 27 67  - 58 28 16 69 54 60 23  5 18  -  -  3 57 15 50 56 40 12 55 24  -  -  8  - 33 61  - 19  -  4  -  9  - 36 52  -  - 11 65 45 35 14 51 42 70  -  - 68 30 38 31
 59 58 22 27  -  -  - 70 42 40 28 33 61 14  -  -  -  - 21 62  -  - 51 57  -  - 52 56  1 44 11  - 65 47 31 13  - 64 15  2  -  -  -  - 55 41  - 37 35  - 20  - 17 29 60  - 66 54  8 36  - 68  -  4  - 30  3 12  - 32
 18  -  - 36 13 66  7 49  1 24  -  9 29 69 32 30  -  - 25 17 56 54 38  - 35  -  6  - 67 43  -  - 34  -  - 26  - 47 50 58  -  -  - 52  - 19  -  -  - 16  - 64  - 42 27 57 23  2  3  - 12  - 14 51  -  4 60 31  - 20
 33 38 67 48 40 37 66  - 15 17 41 46 57  5 61  1  - 16  - 26 10  -  - 11  - 31  - 19  2 55 47 14  - 70 28  9 44  -  - 30 20  4 64  8  -  3 12 45  -  - 62 27  -  6  -  -  - 43 42 23 65 53 13 63 29 18  -  - 32 50
 37  8  -  - 67  - 57  -  -  7  -  -  9 48 36 53 18 54  5 39  - 28  - 32 12  2 22 46 65 60  - 68 31 30 27 42  - 14  - 19  -  -  - 10 50 55 40 52  -  -  -  - 41 64 66  - 38 21  - 17 29  - 62 26  1  -  - 34 63 58
 29  - 10 51 27 39 48 16 64  -  8  -  2  - 65 59  - 61 44 20  - 40 26 35  -  - 17 55 57 22  - 56 18 49 23  - 37 45  - 52  4  -  -  -  -  - 63 58  -  -  - 13 60  -  - 24  - 47  - 25 69 43 33 30 34 36  - 38  6 19
 60  7 24  4  - 32  - 41 53 62 47 43 23 65 51 14  -  -  -  3  9 63 33  - 34 46  - 44 31  - 67  - 39  5 55 52 50 40 25 11  - 48  - 69 37 61  - 64 27  6 21 28  -  -  -  -  - 70 54 42 38 35 45  8  2 56  - 29  - 22
  - 27 63 34  - 10 36 54 19 66 43  6  - 39 70 11  2 44  - 49 41  -  - 28  - 48 25 15 50 47 21 24 40 22  -  - 32  -  - 60 35 57  -  -  - 33  - 20  -  4 68  7  -  -  - 53 37  1 51 67  - 59  -  -  -  8 56  - 64  -
 47  6  - 42  - 44  - 57 40 13  -  4 38 51 17  - 61 41  7 30  -  - 48  -  - 27 32  - 11 12  - 65  - 39  2 35  - 66 68  5 53  - 69 45 19 67 23  - 56 14 29  - 46 70  -  - 59 20  -  1 15 31 64 50 25  -  - 22 18 24
  5  - 21 14 66 62  - 55 39 61  -  - 47  - 20  - 42  -  - 11 59 46 54 43  -  8  9 34  - 36  - 33 13 18  3 57 49 52 27 35 67 17  7  - 24 40 15  - 60  -  6 19  -  - 63 12 10 69 65 38  1 26 51 53 16 25 31 48  - 56
  - 60 34 12  2 28 54 14 21  - 17 26  -  - 30 51 23 13  - 27 48 64 16  -  - 69 46 31 62 53  - 29 35 40 68 38 20 61  - 32 11  - 19 36 22 56 44 66 37  - 39 55  8 33  6  9 15  -  7  - 42 41  - 25 47 65  - 52  1  3
  -  - 20  2  5 54  - 46  9  6 42 69 25  -  4 49 50 22 48 19 14 31 68  -  - 16  - 65 17 13 26 39 29 44  - 66 21 70 57  -  -  - 45  - 11 51  - 38  -  8  - 67 47  7 53  3  1 36 63 55 62  - 10 34 32 40 15 28 35  -
 16  -  8 61 50  -  -  - 63 52 68 60  - 54  -  -  - 14 66  -  - 65 62  5 57  - 45  -  - 51 43 26 32  - 67  - 69 35 34 27 49  3  - 24 58  4 42  6 39 19 33 11  -  - 12  - 56 10 70 20 25  - 17 36  -  - 44 40 53  -
  -  4 33 22 68  1 65  -  - 53  -  5 64 41 59  -  8  - 42  - 45 32 52 29  - 10 70  6 19 25 56 46 38 34 43  -  -  2 28 31 13  - 21 48  - 37  - 63 55 26  - 14  9  - 35 67 58  7 60 24  - 30 20  - 50 44 62 18  - 12
 57  - 60  8 17  -  - 29 13 16 66 56 26  -  - 65 52  - 24 25  - 49  -  - 54 62 23 40 14  -  2 19  - 43  7  -  9 27  -  1 32 41  -  - 10  - 38 12 51 69  -  - 30 45 28 44  - 61 50 15 64 58  -  - 68 42  -  - 67 48
 30 55  - 20  - 63  8 61 70  -  - 57 56  - 13 28 10 27  -  9 16  - 47 69 66 45 54  7 23  5 62 36 42 67  -  -  - 44  -  4  -  -  - 14 43  1  - 31 15 51 60  -  - 34  - 65 19  -  - 48 58 64  - 33 46 50  2 26 39 25
 41 69  - 24 54 38 58 32  - 48 18  - 34 47 43 67  - 17 26  - 29  -  -  3 22 65 60  - 37  -  - 59 55 61 10  - 45  - 51  - 15 23  - 12 42  7 70  -  - 40 35 66  - 36  4  -  - 44  2 11 31 16 21  - 13  - 25  -  -  -
  - 42  - 43 22  -  - 20 35  - 16 55 46 58  - 21  - 65  - 69 26  - 41 59  -  -  - 70 40 56 48 52  6 66 14  - 29 13 49 51 38 54  -  -  7 64 30 60 23 10 63 12 11  - 47 61 24 25  - 18 32 17 44  - 53 62  - 36  8  -
 36 33  -  - 24 15  - 60  -  -  - 59 48  -  - 40 63  - 55 70  - 21 11 30 41 51 31  -  -  -  -  -  - 54 42  - 35 10  -  - 39 26  -  -  -  9 37  - 47 12  - 44  6  - 29  2 18 58 56 19  - 46  - 38 14 45 17 13 20 64
 40 66  - 37  7  -  2  -  4  -  -  - 31  - 60  -  - 64  - 50 43 38 42 39  - 25  - 14 70  - 12 21 27 26 61 32  - 54  8 15 33 49  -  -  6 47 53 19  -  - 11  -  -  -  - 59  9 16  - 68 20 18 65  3 58  -  5 51 69 55
  -  - 69 25 52 51  - 53  - 64  9 16  - 11 49  -  -  -  -  -  - 34 22 45 38  -  - 29 47 57  -  - 46  -  1 58  4 50 43  - 61 59  - 32 65 66 54  - 21 70 36  -  3 23 33 13  - 26 31  - 24 56  - 19 15 28  -  -  - 67
 45  -  7 69 25 40 38 12 44 57 67 28  - 64 22  - 30 70  - 61 49  - 58  - 23  1  - 35 66 21 24 27 62  3  4  -  6 60 20  - 10 33 51  - 59 63  -  - 14 15 50 43 19 16 26 47  -  -  9  5 52 32 39 48 17 29 18  -  - 34
 25  - 17  - 44  - 52 30 67  9  -  8  -  6  - 54 39 29 38 65  - 45 50  - 43 34 48 11  -  2 40  - 61 23  5 24 27 59  - 13  - 63  - 49  - 57 66 70  - 68  1 32 26 56 19 55 21 35 20  -  - 47 37 60 31  -  - 15  3 28
 51  -  2  7 38 14 64 67 62 68 30 36 70  - 48  - 54 47 29  -  -  -  9 52 15  - 43  - 22 40 41  - 44  4  - 16  -  -  - 59  -  - 66 20 45 42 35  8  1  3 23 57 37  -  5 25 12 11  - 34 56 27 28 46 10  -  - 32 24 61
 34  -  - 19  - 41  - 18  3 63 57 40 52  4 11 36 24  6 15  7 64 58 49 13 65  - 35 47  9 32  -  -  - 31 51 33  - 39 37 12  - 46  - 25 23 29  - 27 22 45 70  1  2 26  -  - 30 60  -  - 17 14 53  -  - 55  - 16 61 10
 19 40  -  - 21  - 67 33  - 49 45  - 66 12  - 68  -  - 63 16 18 11 60 38 14  - 30 48 20  -  -  1 58 24 54  - 65 57 62  - 29  - 70 56  - 34 25  9  6  - 26 31  - 27  2  -  - 42  -  - 39 15  - 32 59  - 22 55  -  -
  - 11 39  -  3 60 12 35 50  -  - 68  -  - 28  7  -  -  - 38 40 18 37  -  - 36 14  - 34 26 16  - 47  - 21 59  - 63 30 22  -  2  6 54 17 49 61 32 10 65 58 56 44 46  - 20  -  - 33  - 55  - 70 41  -  1  -  4  - 15
  - 20 25 62  -  - 26  - 46  - 55  - 27 38 56 43  - 21 41  - 23  -  7 17 53 64 18  2  - 50 19 22  - 12 52 63 40  1 11  - 36  - 60  - 33 15 16 67  - 24 28 70  - 59  - 42  3 68 47  - 51 48 32 39 57  - 61 58  5  -
  - 53  - 28 62  - 40 51 54 33  4  - 36 67 38  6 41  - 43 32  - 25 21  -  2  - 24  -  -  8  - 31 14  -  - 27 47  - 44 56  7 37  9 11 69 12  -  - 30 55 45 17 13 63 20 39 52 59 15  - 60 22 50 64 42  -  1 70 34  5
  - 39 51 21 42 68 49  - 66 44 36  - 28 22  - 50 64 20  -  -  5 13 27  6  8 58 40 57  3 52 14  - 30  - 32 60 43 18  - 25 24  - 23  - 16  - 41  - 67 61 55  -  - 47  -  - 31  - 59 56 48 29 11 45  7  2 38  -  - 62
 35 50 70 67 53 27 46 37 38 42 64  - 45 40  -  -  -  8  -  - 44 62  -  -  - 17 20  - 36  - 23 28 25 55 60 49  2 41 66 24 16 52  1 26  -  - 10 33  3 43 54  5 22 65 51  - 57 18 34 59 30  - 68 61 69  9  7 47  - 11
 69  - 15  9 51  4 16  - 57 46  -  -  -  8 29 31 33 43 20 35 47  -  - 10  - 22 27 17  -  -  -  -  - 21 50  - 67  -  - 34 66  -  -  - 48 38  - 42  -  - 32  6 24 58 36 56 62 30 18 54  - 45 40 59 39  -  - 44 12 63
 23 52  - 33 15  -  - 22 37 28 19 65 35  7 18  - 20 10 36 21  2  - 29 64 46  - 49  - 41 42 69  - 68  - 12  - 56 53 40  - 51  - 62  - 57 16  5 24 43 54  4  - 70  - 34 60 44  9  - 31 13 25  1 27 11 14  6 66 55  -
 27 51 32  - 14 30  4  - 22 65  - 54 40  - 23  - 68 31 59 34 53 48 43  - 63 70 12 60  -  - 57 16  - 38  -  -  - 29  7  6 42  -  - 55 28  - 67  3 52  -  -  9  5 17 39  - 26  -  - 61  - 62 46 18 35  - 19 56  -  -
  - 18 55 52 12 70  -  7 14  -  -  - 15  2  - 33  5  -  -  8 17  - 39 67 20 40 68  -  -  6 44 34 10  -  -  -  -  3 35  - 64 51 56 50  9 31 69  - 58  - 57 47 49  -  - 48 53 19 32 41 59  - 66 43 61 23 26 42  -  -
 54  5  3 53  - 52 62  -  - 36 14 70 55  - 40 48 49  -  -  -  -  - 31 47 50 35  -  8  -  - 27 41  -  -  -  - 16  6 59 38  - 42 32 61  -  - 21  -  - 11  -  - 66 25 56 69 33 39 29  2  -  - 63 12 19 22 43  9  - 13
 66 15  -  - 64  7 30  3 58 21 59  -  - 16  - 55  - 34 40  4 24 37  - 61  - 43 47 23 56 69 45  - 70 68  9 14 41  5 10  -  - 60 29 67 31  8 52  - 19 48  2  - 27 44  - 11 42 13 53 62  - 57 36 22 63 38 12 20 25  1
 32 49 44  - 59  - 17 25 26 19 65  - 53 70 57  4 13 15 31 47  -  - 45  - 61 18  - 43 30 67 10 63  - 41  -  -  - 68 56  -  -  7 16  - 54 11  - 22 20  -  - 33  - 38 55  1  - 14 69 21 27  -  3  -  - 12  - 62 28 23
  -  - 14 11 26 21 22  - 55 25 51 35 16  - 69 44 65 32 56  - 33  8 64  - 40  - 61  -  - 54  1  - 59 15 45 34  -  - 67  -  3  -  - 63  - 48  - 17  5 13 31 52  -  -  9 28 47  -  -  6  -  7 23 29 20 70  - 43 62  2
 14 16 64  - 48 20 70 63 27 56  - 25 11  -  3  8  - 42 12 31 46  -  1 18  - 50 67 45 13  - 15  7  5 51 57 30 60  -  4  - 37  - 38 59  - 32 34 69  -  -  - 62  -  - 17 41  6 40 35 66 54 23  - 58  -  - 65 39 47  -
  - 54 12 35 33  - 55  -  - 70 50 29  - 62  -  -  1 46  9 41  -  - 36  - 30 28 13  -  - 15  - 66 16 42 64 53  7 23  6 37 57  -  -  - 47  - 31  4 38 49 10  - 40 69  - 26 60 56  -  -  -  3  5  - 43 21 63  2  -  -
  -  9 11  - 35 24 43 47 30 39  - 41 63 28 66  - 38 68 62 52  4  - 13 60 18 61 53 64  -  - 37 42  -  6 16  3 58 48 23  -  - 55 40  - 12  -  - 15 59 67 27 25  -  8 21 70 69 31 36 45 44 10 29 49 22 57  -  1  - 33
  -  - 19  5 30 53  3 68 36 45 37 20 58  - 47  -  - 23  1  -  - 44  6 63  - 33 26 10 43 18  - 60 56 46 35 67 64  -  - 70  - 27  -  - 49 54 57 40 25 52  -  -  -  - 13  - 32 22  -  4  7 55  9 62 12 48 59 24 11 29
