3430
 20 36 63 41 25 32  1 42 46 68  -  -  - 50 24  2 44 58 53  - 67  -  -  -  - 56  5 57  6  - 10 55 49 39 27  9 19 17 12 43 66  - 37 13  7 31 47 65 35  -  -  - 30 61  -  -  -  -  3 15 52 16 28  8 60 45 11  - 22 18
  -  - 23 20 39 42  -  2 61 32 25  - 15 51 54 46 62 36  - 57  5 60  -  -  3 68  -  -  -  - 66 48  - 47 26 65  - 67 13 21  -  - 38 58 11  8 24  - 56  9 43 33  - 70  -  -  - 69 44  -  -  4 45 18 37 64 31 50  - 40
  -  -  - 53 49  7  - 52 11 47 64 21 41 25 57 12  6 38 22 39 61  - 28  - 27 19 29 14 56 32  4 68 67 31 17 48 55 24 46 65 50 13 20  2 45  - 62 43 69  -  -  -  -  - 37 66  9  -  5 26 63  -  1  -  - 59  - 51 42 54
 27 30 16 60 68 43 67 28  -  -  - 69  -  - 52 48 13 19 49 37  -  6 61  4  2  - 20  5 62  - 26 59  - 18 66 41  - 31  - 55 57  -  7 54  -  - 33  -  -  -  - 50  - 12  -  8 45 23 21  - 38  - 46  -  - 17 53  - 29 58
  -  8  - 67  9 45 69 57 47 53  2 56 29 46 51  4  -  - 28 30 14 22  1 12 38 27  - 41 63  - 68  - 54  - 32 19 17 26 62 16 36 34 70 33  - 18 11 31 15 52  - 13 35  5 20 49 25  -  -  - 60  -  - 48 42 10 59 37  -  -
 42 55 28 66 65 29  2 67  -  5  -  4 52  - 11  -  - 26 18  - 34  3 36  -  9 15 68 47  -  7 53 70 24  -  6 31 60  -  - 20  - 45 62 64 43  -  - 21 44 16  - 32 46  - 13 22 58  - 10  8 27  - 38 51  -  - 61 57 12 50
 41 37 32 18 27 11  - 36 22  -  -  - 50  - 40 24  - 21 61 23 58 66 65  - 60 38 13 53 57  - 47 14 30  - 55 25 44 59 15  -  7 52  4 17 33  -  5 29 12 20 16 63  - 51 42 46  - 54 67 69  8 64 35  3  - 28 39  2  - 45
 58 62 50 25 33 67  -  9 27 35 24 51 65 37  -  -  - 49 70  -  - 18  -  - 28  - 42 46 45 38 16 41 11 44 15  - 57 21 60  - 43  8 54  4 61  - 22 52 66 59  - 68 12 40 48  - 55 47 39 19  -  5  3  - 36 26  -  - 13  1
 54 57 44 64  - 10 20 45 34  - 47 28  9 22  2  5  - 14 48 49  -  - 19  -  -  - 35 60  4  - 39 11  -  - 70 61  - 43  - 36  3  - 59  8  - 21 26  - 42  7 33 15 51 46  -  - 31 17  6 27 12 63 30 50 53 68 56 29 58 52
 22  - 62  -  -  5 40 17  -  - 65 64 25  - 20 42 14  4  -  - 51 50 31  - 26 61 38 18 33 37 58 23 43  -  1  - 47 15 30  - 63 19 53 55  -  9  - 60 39 44 28 36  6 67 34 68  - 35  - 45 10  - 56 12  - 66 70 24 11  7
  - 68 51 19 61 57  -  3  - 10 40  - 28 33 56 18  -  -  -  - 50 27 15 11  -  -  4  9 39 36 32 42  2 22  -  -  -  - 26 48 65 37  -  -  - 69 13  - 43 53 45 64 47  8  5 23  6  - 12  -  1 14 58 62 21 16 55 54 60 25
  -  - 57 46  -  - 58 56  1  - 30 62  5 60 65 36  - 67 11  -  - 48 27 21 68 47 69 63 51 52 64 22  -  -  - 33  - 19  6  -  - 49 55 23  - 29  7  - 14 24 50  - 15  - 17 39  - 31 66 61 37 12  -  -  -  4 45 18  -  -
 40 49  - 47  -  -  -  - 54  - 36 52 30 70 13  - 15 34 50 48  - 21 67 23  -  9 32 19  - 58  - 57 53 25  3  1  -  -  -  - 59  -  - 66  - 51  - 17 63 39 41 18 44  - 60  - 61 10  -  4  7  - 20 14  5 11 62 64  - 29
  - 17  3 27 63 59 60 38 40  - 29 54 32  5 46  - 52  - 31  -  - 36  -  -  -  - 11 30 61 18 37 43  -  -  9  2  - 65 24  6  - 22 44 51  - 33  4  -  -  -  -  - 64 34 58  -  8 21  - 67 70 13  -  1 45  - 14  - 16  -
  - 22 56 33 45 23 28 53 49 44 66  -  - 63  - 20  - 32 14  2  -  -  -  - 36 31 16  -  - 11  3 60  6 54 59 40 35 50  -  - 17 12 51 30 70 43  9 41 38  - 62 19 37 18  - 65 57  - 29 55  -  - 67 13 10 46  7  -  8  -
 45 16  -  8  - 30  - 66  3 28 50  -  6 19  -  -  - 10 55  - 69  - 60  - 49  -  - 51  -  - 56 31  4 64 42 63 62 54 21 32  - 29 61 34  - 48 53 15 52  - 47 46  - 58 43  -  -  - 27  - 36 17 57 37  - 18  -  -  - 33
 35 65 34 17 41 69  -  - 21 39 10  - 23  2  5  3  - 63 12 47 26 56 20 13 50  -  -  -  - 30 49  - 70  -  - 57 53 11 68 42 67  9  - 43 55  -  - 16 31  - 61  8 40  -  -  -  - 24  - 54 62 66 32  - 27 25 64 14 52 59
 28 13 48 34 43 66 49  - 68 60  - 17  - 52 19  -  - 53  -  -  -  - 18 59  6 63  -  - 54  - 55  2  8 42 67 46 64  3 50 14 26  -  - 44  - 39 58  - 57 37  4 16 38 25 12 56 51 62  -  - 23  - 31  -  - 65 40  -  1  5
 31  7  -  5 17 13 14  - 69 24  3 12  2 38 15 70 30 64 60 40  4 57  -  - 34 48 36  -  - 59 42  - 37  - 43 18 26  - 39 25 20  - 11 22  - 28  - 66  -  - 35 45 23 27 44 51 62 32 52 16 65 49 41 55  - 53 33 67 50 46
  - 27 21  -  -  - 53 43 24  - 68 14 49 66 55  8 16 61  -  -  2  - 46  - 31  -  -  -  - 63 54 65  - 41 18 45  - 10 34  - 48  -  -  5 60 59  1  - 62 25 40  -  3  - 64 17  - 33 70 13  9 26 50 23 56 51 30 32 57 67
  4 42 36  -  - 53 46 26  -  - 28 41 31 55  -  -  -  -  6 65 62  - 38 69 67  - 58 54  -  -  - 45 34 29  - 64  - 70 19  -  - 32  - 61  - 22 68  8 60 27  7 12 52 37 56  3 20  5  - 47  -  -  -  2 48  -  1  -  - 24
 49  -  - 15  8  - 63 40  -  7 56  5  - 21 37 51 12 68 47  - 18  -  -  - 61 64 44  - 28 29 24 26 25 70 52 20  -  9  -  -  -  -  -  1  - 57 16 62 30 69  - 31  -  - 59 34  3  - 54 17 50 60 10 39  2  - 22  4  -  -
  -  - 43 35 18 64 65  - 70  - 15 11 37 45 42 32  9 59 13 58 60 29  - 66  -  3 63 38 10 44 21 69  -  - 48 27 54  -  8 57  - 40  6 36 31 67 55 20 51 26 34 23 50  4  - 33  - 28  -  -  - 25  -  - 30 62 46  -  - 47
  3 38  - 63 31 12 55  -  - 27 42 61  - 36  - 13 25  - 19 10 53 24 41 44  5 35 59  1  - 64  - 17 56  - 39  8 67  4  -  - 22  7 52  - 32 40 70  - 11  -  2 21  - 69 62 28 47 20 45 65 46 30  6 49  - 23 43  -  - 48
 56 61 60  - 16 21 24 29 51 66  - 67 20  3 50 53  - 69  -  - 64 47  - 70 59 36 28 11  7 65  -  - 22 58  - 10  - 13 14  - 30  -  -  - 41 38 19 18  2  -  8  - 45 42  1 37  - 49 31 57 39  -  -  6  4 15 25 55 26 27
 52  - 59 42  - 37 23 31  -  - 14 46 35 56 53 15  -  -  -  8 44 41 55  6 47  - 22  2 38  - 34  -  - 24 50  7 25 32 70  4  -  -  -  - 67 16  -  - 27  5 58  - 39 33 65 21  -  - 63 28 69 18 36  9 11  - 49  - 61 51
 46 14 39 10  -  1 52 59 58 45  4 35  - 48  -  - 27 44 26 56 17 49  - 50 29 60 54  -  - 33  2 40 16 20 37  - 21 38  - 64 53  - 67 24  - 19 69  -  -  - 65  6  - 23 15  -  7  8 62 70 51  -  -  5  - 32 12  - 47 68
 11  3 33 59 36 62  - 60 53  - 45  - 70 10  7 27 61  - 16  - 66  -  - 52 46  -  -  -  - 31  - 30 51 50  - 17 24  - 63 69  -  - 15  -  4  2 21 44 49 40 57 34  8 68  -  - 23 55 42 43 32 38 39 47 58  5 41 25  6 26
 62 39 41 24  - 35 43 27 52 40  -  -  - 67 16 68 60  5 32  - 63 61 45  -  -  6 50  8 14  -  - 36 64  -  -  -  4 69 38  3  2 55 49 31 20 12 17 42  9 18 37 59 56 21 54 70  - 58 22  - 48  - 25 57 13  1  -  - 44 19
 24 20 10 28 70 54  - 50  -  - 61 42 39  4 43 59  2 40  9  -  - 44  - 49 11 62 31 67  - 48  - 64  - 14  - 38 33  1 18 22  -  -  -  -  - 68 23  6 19  -  -  - 63  -  -  - 60 37 65  - 57 27 51  -  7  -  - 58 21  -
 39 15  5 22  7 47  - 10 60 70  -  3 46  -  -  1 41 55 33 68  -  -  8  - 44 50 43  -  -  2  6  -  - 36 23 24  - 62 61 18  - 27  -  9 37 66 35 25 29  - 31 52  - 26 45 12  - 67 14 49 42 58 13  -  - 30  - 59  - 17
  8  - 29  - 40 18 66  -  - 67 53  - 38  7  -  - 51 43 23 45  9  -  - 26  -  - 25 12 48 69 13  - 17  6  5  - 20  -  - 47  -  -  3 10 57 14 52 63 28 46  -  -  - 49 55 42 32  2 30 62  -  - 65 22  - 60  -  1 19 34
 37  -  - 39  - 38 15  - 12 31  -  -  -  -  3  - 23  2  - 18 30  8 53 36 22 16 21 10 59  9 52 66  -  - 62  - 27 48  - 17 58 64 63  - 19 54 46  - 70 33  5  7 69  6  4 50  -  1 41 56  - 40 11 65  - 57  -  -  -  -
  -  - 26 30  -  - 17  - 35 49 44 55  -  - 59 23 42 46  - 70  -  -  2 61 63  1 40  - 32  - 38 62 21 13  -  - 31 45  -  -  - 24 19 50 51 36  - 68  -  - 12 22 41 28  - 16  -  9  -  -  3 53 60 10  - 58 52 34  - 11
  -  -  - 31 34  - 48 15 45  - 70  -  7  9  -  -  - 62 43 22 19 52  -  1  -  8 66  - 21  -  - 25  - 59  - 47 18 35  4  - 68  -  - 12 28 49 67 57 40  -  -  - 55  - 16  -  -  - 26 30 61 46  5  - 20  - 27 33 39  -
 57 11  -  - 67 55 27 23  - 52 16 37  - 49  - 28  - 33 44 36  - 13 21 51 42 54  8 65 20  - 41 47 26  4 19 12 48 64  -  - 25  3 30  7 14 10  -  1  -  - 63 17 61 43  - 62  -  -  9 29  -  6 15  -  - 39  5 68 70 60
  - 31  - 29  -  - 59  4  -  -  - 53  - 43 64 25 24  - 10  - 56 51 47  - 16 57  1  -  2  6 19 49 18  - 20 32  - 63  - 35 39 11  - 40 68  -  - 36 26 66 15 38 54 41 21 60  5  - 50 23 55  - 12  - 34 22  3 61  - 37
 53  9  - 54  -  - 61  -  -  1  6 10  -  - 67 66 34 15 58 16  -  5 49  -  - 45 51 35  - 26 70 21 20  8 40  - 29  - 23 30  4 68 64 11  -  - 38  - 55 13  - 57  - 52  -  -  - 14  2 46  - 65 37 27 39 24 47  -  7 69
  - 51 30  1 14  - 36  -  2  - 31 50 63  - 17 62 37 20  -  -  - 69 22 43 58 28 48 55 19 39 61  - 42  -  - 66 70 23  5 53 16 59 60 32 38 56  -  - 47  - 68  - 25  -  -  6 12 57  - 21 44  -  8 46  - 52 18 65  3  4
 34  -  -  - 50 70 22 19  - 29  - 25  8 65 10 54  4 51 63  - 49 67 43 57 37 11 18  -  - 68  -  - 13  - 35 23  1 42  - 41  - 53  - 69  - 45 20 28 61 15 38 48  -  -  - 40 56 16 36  - 21 31  2 26 12  -  - 44 30 64
 69  -  - 62  - 17 39 55 33 63 27 13 12 26 14 50  8 66  - 59 45  - 70  -  - 43 37 21  -  -  - 34 46 16  - 44 49 22 41 28 54  5 25 15 48  3 65  - 18  -  -  - 20  -  - 57 19  7  - 52 11 10  - 42  - 56 29 31  - 30
  1 23 38  6 37 39 32 34 64 36 57  - 21 58  4  - 56 60  3 63 25  -  - 10 12 17 41 50 53 27  - 52  7 26 22 42  - 40  - 31 70 54  -  - 18 20 44 55 68 14  - 61  2 24 67  - 65  - 33 66 45  -  9 43 16 69 15  - 46  -
 47 67  1 21  - 60 25 22 43  - 35  -  - 14  - 39 64  -  4 53 12 31 13  - 54 69  -  - 41  - 17 46  - 55  7 36  - 37 32 66 49  - 57 48 16  5  -  - 20 65 44 42 19 29  -  -  2 40 59 50 58  - 34 68 51  -  9  - 33  3
 66  - 11 14  - 40 47  6 31 54 58 30 18  -  - 41  -  -  7  - 21  4  - 68  - 46  - 44 65 42 35 20  -  5 57 43  - 16 10  8 19  2  -  - 29  -  - 50 67  - 56 27 60 45 70 15 49 64  - 59 26  - 62 25 22 48 37 38  -  9
 15 19 40 58  -  9  - 33 59 51  - 36  - 23 38 65  - 25  - 17 13 28 48 54  4 70 57  -  3 43 12 39 44 61 41 30  7 68 67 27 45  1  -  -  - 24  - 22  6  - 46 56 29 14  2 18 64 60 16  - 53  - 21  -  8  - 63 66  - 10
  9 35 47  - 60 52 37 41 67 30 13 32 19 44  6 63 28  - 51 20 68  - 58 53 15 29  -  -  -  -  -  - 50 49 33 70 69  - 65  5 31  -  -  - 42 25  3  -  - 62  -  -  - 48 40  - 36 39  1 10 64 59 27 54  - 12 21 46  -  -
  - 18 12  2  - 27 35 46 30  - 48 47  4 61 49  -  - 41  -  -  - 26 40 45  - 65 33  - 55  - 15 13 31 68 36 62  -  - 53 19 69 63 24 57 22 50 10  -  3  1 70  -  - 60  -  - 29 11 64  6  - 67 59 28 17  - 34 16 56  -
  - 45 37  - 23 16  4  -  5  - 52 27 53 30 31 26 18  -  - 25 46 17 29 60  -  - 14 39 50  - 63  7 10 11 28 69  -  8  9 12  -  -  - 21  3  -  - 51 54 56  - 67 65 59 32  1 43 61 38  - 41 22 33 40 15  -  -  -  - 36
  - 50 53  - 10 33 38  -  8  -  - 57 40  - 26 60 17  9  -  -  - 42 66  - 23  7  2  - 25 14  5 32  - 46 69 55 43 51  -  -  - 20 36  - 63 37 64  - 58 11 18 30 70  3 19 27 21 44 35  -  -  -  - 24 62 34 54  - 67  6
 38 54 49 13 12  - 70  5  - 61  - 18 69 39 35 40 50  7 64 41  8 20 23 25  - 14  - 56 42 60 67 58  9  - 45 16  - 47  - 37 29 48  - 65  - 27  -  2  -  -  - 66  - 19 11 31  - 22 68 53  - 32 55 36 33  3 24 52 63 28
  -  -  - 32 51 25  5  - 23 48 21 16 14  1  -  -  -  - 37 12 10 38 64 17 30  - 19 29 69  -  8 54  3  - 56 50 46 36 44 61 60  - 27 20 34 55  - 40 59 42  - 39  - 13 24 45  - 53 28 41 22  - 68 52  - 43  -  -  2  -
  - 48  -  4 69 24 29 16 37  - 19 34  1  - 22 30  -  -  - 62 59 58 57 65 39 33 46  -  -  -  -  - 35 63 47 28 51  -  -  - 23 60 56 67 50 53 36  -  -  6 25 44 21  - 41  -  - 27  - 40 49  - 42  -  -  -  - 43 55 31
  - 69 54 50 35 51  - 13  6  - 41  - 67 34  1 58 57  - 42  - 37  -  -  - 45  - 47  - 26 55 28 18  - 65  4 15 40 46 59  2  -  -  - 19 23  - 27 38 24 22  - 49 66 32 30 53 63  - 11 39 25  -  - 61  - 14 60  -  -  8
  - 46 42 38 15  - 51 30 66 19 55 44 48 12 27  -  -  1  -  3 16  9  - 28 53  -  -  - 35  -  - 37 63 62 31 22  -  - 33 10  - 47  - 45 69  4 56 70 41 32 54 58  - 57 52 36 34  - 49  -  -  -  -  7 65 61  -  - 59 21
 26 12 27 55 30  8  - 32  4 58 51 22 54 16 41  - 43 31 40  -  - 25 56  -  -  -  - 33  - 10 45 38 23  - 49  5 61 39  2 68 64 15  - 37 59  - 50 19 46  -  9  -  - 20 57  -  - 42  7 18 34 62 48 66 63  6 36 70 65 35
  - 52 31 12 38  -  8  -  -  -  7  2 17 57  -  -  - 54  - 61 48  - 37 41 66 40  - 16  - 28  -  - 69 19 11 59 65 29 22  - 24 10  -  -  -  -  -  - 53  - 60 20 34 39  - 13  -  - 58  - 43 70 44 56  -  - 51 21  5 23
  5 28 15 57  2 68  - 63 20 38  - 60 61  - 47  -  - 12 39  - 35  - 42  - 65 53 56 31  - 49  - 29  1  -  -  - 32 55 16  7  -  -  - 70 46  - 37 59 22  - 69 51 43 64 23 41 27 50 25  3 40 52 19 33 24 44 48  8  - 14
  -  5  -  - 48 46  -  - 18  8  - 59 64  -  - 45  -  - 24 50 11 63  - 22 55 41 49 40 15 16 33 28 58 57 44  - 12 53  3 39 42 25  2 68  9  - 30  - 37 70  - 60 27 31 35  4 10 56  - 38 66 19  7  - 52  - 32  -  -  -
 23 25  - 36  - 49  9 11  -  - 39 33  - 54  - 31  -  - 59 35 28 15 32  2 57  - 60 68 40 50 48 16 66 51 24  6  - 30 20  - 14 44  - 62  - 41  -  5  1  8 19 70 26 22 61  7  4 18 46  - 56 34 43 29  -  - 38 53 10  -
 10 34  - 26 64  - 44 62 38 42 20  - 16  -  8 37 22 13 45  - 40  - 50  -  - 32 30 25 58  -  -  6 59  - 46 51 36  - 27 24 11 56  - 39  -  -  - 49  - 61  -  -  -  7  -  2 66 41  4 14 29 33  - 21  - 67  - 23 31 57
  -  -  9  7 19  2 57 21 25  -  - 31  - 35 66  -  - 37  - 11  - 39 69 33  -  - 64  -  - 62 46 53  - 10 60 54  -  - 45 70  - 18 43 56  8 58 61 30 36  4  -  - 13 63 51  - 50 12 20  - 68  1 29 59 28 27 23  - 40 41
 30 24 19  - 56 61 42 69 13  -  -  6 10 29  - 57  -  - 67 15 32 37  -  - 17 25  3 64 70 46  -  - 60 21 58 68 52 49  - 62 28 43 66 27 39  - 18 35  8 31  1  9  5  - 50  - 40  -  -  2 33 36 22  - 44 55 26  -  - 12
 63 58 70 68  - 20 30 12 55  -  - 24 56 47 62 14 67  - 15 34  3 65 39  7 25 51 23 66 16 54 50  4 33  - 21 29  6 57 64  - 44  -  8 41  2 26 40 46  - 49  -  - 22 17 69 10 11 36  -  9 13 37 61 19  1 42  - 35 48 38
  - 70 61 23 22 15 18 54  - 65  - 66  3 17  -  - 36  - 52 42  -  - 26 37 41  -  - 59  -  - 44 33 57  -  - 34 28  - 31 11  -  - 29  -  -  - 51  4  - 68 27 53  -  1  - 25 39 30  - 32 19 20 40 60  9 50 16  -  - 63
 67 21 24  -  - 56  - 35 44 11  - 49 60 64 68 61 39  - 46  - 41  -  - 63  8 34 53 26 12 45 69  - 27  - 14  4  2  - 47 51 38 16 22 42  6  - 48  - 65  - 32 62  7 55 28  - 37 59  - 31  5 57  -  - 50 33 17 10  - 70
 29 64  2 70  -  3 31 37 39 43 59 65 68 11  -  - 48 35 57 27  -  - 51  8 13 52 62 49  - 40  - 67 14  - 25  - 50 44 69 45 18 23  -  - 26 34 12  -  - 55 10  - 24  -  9 30 41  -  - 63  - 47  -  - 46 38  4  -  -  -
 12 40  7 65 54 58 64 51 32 17 46  - 36 18 39 52 47 22 66 28  - 55  5  - 33  2 70 34  1  -  -  - 19 35 13  - 68 60  -  9  -  6  - 53 30 61 41  3 48 50 49 37 14 62 27  - 24 29 23 25  - 21 69 63  - 20  - 15 45 16
 25 59 66  -  - 34  6  8  - 15 67 19 22 42 18 38 49  - 20 14  - 53 44 46  -  4  - 43  -  -  7 35 61  -  - 52 39 12  - 33 37 28  - 63 27 62 60 10 23 45 26  -  -  -  -  9  -  -  - 48 54 41 16 30 64 21 69  - 36 55
  - 60 13  - 62 28 54  - 57  - 22  8 43 32  - 19  -  -  - 69 27  - 59  3  - 30  - 42  -  -  - 50 41 12 61 49 63  6 17 58  -  -  - 14 44 35  - 45 64  - 55 26  - 16 33  5  - 48  - 24 47  -  4 31  -  2 10 56  -  -
 17  1 52 61 53 63  - 44  - 57 12 20  - 28 60  -  -  8 41  7 24 70 10 35  -  -  -  -  - 22 11  - 48  2  - 37  - 27 55 34  - 14 40 26 54 42  - 58 32 21  -  4 16  - 25  -  - 46  -  - 18 50 47 67 68  -  -  - 23  -
