3430
  -  - 47 26 12 46 17 43 54  2  -  - 29 52  - 11  -  - 38 27  -  - 18 63 41  8 21  - 50  4 42 20 22  -  9  -  -  -  7  -  - 70  3 33 36 23 59 60 32 55  - 56  - 35 51 57 61 53 44  - 10 19  6 49  1  - 48 65 14  -
  - 19 59 40  - 11 47 50 66  1  - 23 14  - 16  - 48 25 45 30 56 62 64 53 31 60 24  8  - 27 15 17  4 41  -  5 10  -  - 52 67  -  - 61  -  3 29  -  - 46 21 20  -  -  7  2  -  - 33  - 32 39 35 38  - 69 26  - 55 49
 44 17 63 66 58 34 33 67 38  4 57 26  8  - 14 18  - 19  3  6 52 68  5  7 23 55 16 49 42  - 27  - 31 59 65  -  - 28 39  - 62 11  -  -  -  - 22 29 35 25  - 64  -  - 30 70  - 15 43 21  2  - 37 61  - 36  1 47 53 10
  -  -  - 46 44 43 14 57  -  5 41  - 18  -  3 37  - 21 47 63  - 20 55 13 67  - 60 42  - 10 68  1  - 27 16  -  7 31 53  - 64  - 29 38 19 24 34 45  - 32 28  - 39  - 12 23  -  - 35 48 22 17  - 59 51  - 56 58 26  6
  - 69 61  -  -  -  - 52 16 11  -  1 39 37 58 23 29 59  - 46  - 48  6  -  -  2  4 21 67 34 38 53  9 10  -  - 17 57  -  3 43 35 32  -  - 27 26  -  - 64 25  - 66 20 65 47 45 54  - 15 13 51  -  - 60 42  - 62  - 70
  5 66  -  - 11 57 45  -  - 41 70  - 22 34  1  - 25  - 12  8 54  - 13  -  - 36 31  3 20  -  - 16  - 30 46  -  - 69 43  - 29  - 44 55 61 26 19 62 51 40  -  -  - 23 64 59 27 47  6 56 68 49 58 52 10  -  - 67 48 65
 57  - 16 30 41  6 20  1  9 51 54 63 53  -  7 31 32 60 42  -  -  -  - 34 56 22 38 66  -  - 24  -  3 39 14  -  8 36 58 70  - 43  - 37  -  -  - 25 12 15 65 69  -  - 59 46  5  -  2 68 44 26 62 19 47  - 55 13 17 29
 45 21 20  -  -  2  -  - 50 58 59 32 26 22  - 42  -  -  -  - 27 46 49 29  -  4  - 35 43  -  - 44  8  3 37 34  -  -  -  - 36  - 17 13 41 12 67  - 63 18 61  -  -  - 28 14  - 57 65  -  -  - 53 11  - 31  9  7 69  -
  - 68 21  - 55  -  - 46 32  3 38 30  -  - 15 34 27 13 20 14  -  - 28  - 17 43 29 59  - 36  -  - 54 44 18  - 60  -  - 33  - 53 52 25 16  2  -  6  - 22  -  - 69 66  -  5  -  8  9 70  - 41  - 42 45 47  - 26  4 51
 13 56  -  2  -  - 11 54  1 32 63 18 60  -  - 15 53  - 30  -  - 35 21 68 44  - 17 67  -  5 12  7 57  - 43  4 22 50  -  - 20  -  -  - 37 47  - 51 40 38 31 55 65 69 23  - 34 28 46 25 64  -  - 66 33  8 52 14 42  -
 17 37  3 28 70  - 18  - 24 13  1 45  - 49 34  9 46 23 35  2 58  8 31 60  - 48 47 61 64  -  - 67 38 66  7 43 59 26  5 54  -  - 50  6  - 19 32  - 55 62  - 30 41  -  -  4  -  - 40 52 65  - 10 21 56 25 42 53 36 12
 42 25  - 47 10 16 28 20 55  8  -  3 61 70 63  - 58 26  -  - 14  -  2  -  - 18 36 48 12 30 32 54  - 51 33 68 34 44 69  - 56 60 31 50  -  - 53  1 39  - 38 43 15 24 17 45 37  - 13  - 66 40  - 27 52  -  - 35 29  -
 60  -  5 25 35 26  -  - 28 21  -  4 15 12 11 29  -  9  - 58 66 34 19 55 53 33 63  -  - 56  8 45 47  - 44  - 24  - 37  -  - 59  - 27 69 31  7 61  -  - 57 32  -  -  - 10  - 17 70  - 51  -  - 23 50  - 14 30 41 13
 65  -  -  - 16 17 13 26 47 34 42 11 25  - 21 50 69 24 14  5 60 15  -  - 18 66 56  - 46 54 28  - 52  8 63 39 43  - 59  - 32 41 40 57  6  9 44  - 10 29  -  -  - 70  - 27 33  2 48 45  - 22 51 53 61 58 20 36  - 37
  -  1  -  6  5 66 12  -  -  - 33  -  - 57  - 16 35 31 56 32  -  -  - 69 39 49  3 55  - 20 45 25  - 15  -  -  - 63  - 68  - 64 18 36 47 41  8  -  - 34 42  7 30 22  - 24 48 46  -  4 53 11  -  - 54 59  -  9  2  -
  - 30 44 42  - 13  -  - 45 39  9 64 31 38  - 55 41 58 26  -  - 19  -  1 21 46 62 65  - 17  7 48 34 28 67 35  - 29  3  -  - 51 24  8 43  -  - 22 20 60 53 59 14  5  - 18  - 49  -  - 37 10 36 57 40 16 32 23 11 69
  - 15 34 18  -  8 40 53  - 42 61 67 51 17 55 27 47  -  - 29 37  - 11 64 52 50  - 20 65  - 23 56  - 13 48  6 35  -  -  -  - 19 30  - 33 28 68 24 16  -  1 60 38  7  - 36  2 70  4  - 26 45 41  - 46 57 69 59  - 44
 34 33 25  - 56  4  - 36 35 53 11 10 47  6  - 19 23  - 17 37  -  -  - 66 61 12  1 68  -  - 20 70  - 42  2 29  5 16  -  - 30 49  8  9  - 55 51 21 24 41  - 65 28 46  - 38 43 14  - 26  -  - 54  - 59 27 60 52 18  -
  - 44 28  -  8  -  7  2  - 43 14 37  -  5 35  -  - 56 11 19 36 49  4 48  - 63 10  - 38  9  3  -  6 52 34 20 42 68  - 25  - 66 16  - 13  - 21  -  - 59  - 70  - 55  -  - 64  -  - 47 62 53  - 31 17 22  - 51  -  -
 16 29 68  - 17  7  2  - 14 63  - 62  - 31  4 32 59 36 40 50 49 61 33 35 11 13  -  - 10  8 54 15  - 70 58 12 55 48 44 66  -  3 47  -  -  - 23 53  5 43 46 24 56  -  - 20 25 27  - 69 60  6 26 18 19 45 57 37  -  -
 20 43 49 68  7  5  - 47 62 50  4  - 17  -  -  6 28  -  - 64 33 38  -  -  - 45  9 53 66 13  - 55 63 23  -  -  - 46 15 11 21 61  - 54 25 32  - 12  -  1 16 14  3 18  - 44  -  - 60  - 40  8  2 24  -  -  - 42 34 56
 23 53 22  - 52  -  -  7  - 38 56 20 13  4 36 21  3 30 64 43 29  -  8 40  - 37 34 28 51  -  5 32 19 65 42 69 15  -  - 18  - 31 60  - 59 10  - 70 44  - 41 58  -  -  - 12  - 11  -  - 63 46 48  -  - 55  -  - 39 45
 53 23  - 55 64 58  -  - 39 19 52 14 16  2 65 47  - 51  -  - 63  - 37 46  9  - 26  - 69  -  - 36 29 21  - 17 41 59 45  -  -  - 62 18 24 57 43 11 56 35 49  -  - 44 34  - 12 68 22 66  -  3 70 33 32  1  - 54 31 30
  - 46 53  - 34 25  - 14 23  - 24  -  9  8 30 41 50 27  - 22 39  - 58 38  - 26  - 60 37 42  -  - 68  1  - 15 36  - 57  -  - 18  2 31  -  -  - 49 70 52 63 45 10  -  -  - 62  5  - 55  - 61  4 54 43 44  -  6 35 32
 10 11 18 37  4  -  -  3 48  9 66 47 43 16  -  - 12 35  - 68 32  - 69  5 50  - 53 62 15  - 67  6 17 60 39 61 63  -  - 59 34  -  - 23 52 44  - 58 49  7 24 21  - 36 40  - 13 31  -  8 46  - 65  -  - 14 41  - 64 19
  -  -  2 12  - 64 49  - 27 60 15  - 55  - 59 30 68 57  -  - 45 23 38 28 40  - 58 43  - 53 46  - 70  5 52  - 50 61 42  1  - 10  - 51 67 56 16  - 41 13 17 26 33 63  -  -  9 36  -  -  - 37 47 34 21  - 24  8  -  4
 70 67  -  - 25  - 58 10 64  -  6 27 48  - 49  4 30 20 13 15  9  - 36  -  -  - 18 19 16  1 22 68 14 12  -  - 28  - 56  8  -  - 11  - 40 69  - 26 61 65  - 44 42 17 57  -  -  - 37 51 52 55 50 63 41  - 23 29 38  5
 61 51  9  - 65  -  -  - 70  - 10 52  6 35 53  - 36  -  - 67  1 22  7 54  2  -  -  - 19 59 44 38 39 57 25  - 12 20  -  - 13 17 58 40 14 64  -  5 26  -  - 63  - 30 66 28 55 43 62 34 29 33 68  4 11 41  3  - 32 18
 35  - 14 11 21  - 54 18 59  -  8 19 45 66  9 49 34 10 32 55 41 60 52 56 47 68  - 33 23 64  2 39 61 46 15 27 57 12 67 37  5 48  -  3 17  1 69  - 65  -  - 16  - 42  - 22 44  - 63  -  -  - 38 29 20 53  - 43 13  7
 62 14 37  - 32  - 44 35 58  - 48 34 20 18 38 59 13 53 24  - 50 28  - 17  -  -  - 25  8 68 31  -  -  -  - 54  9 21 12 55  -  - 19  7 49  -  4 67 57 47 22  - 40  -  3 33 39 66 29 42 43 15 23  2  - 51 10 56  -  -
  6  - 36 13 63  - 29 41  -  - 64  -  - 15  -  -  4 62 46  - 70 66 47 58  - 25 14 54 39 22  - 26  - 48 21 67  -  -  -  -  9  - 43  - 56  5  - 31 17 50  8  -  - 10 42 52  - 60 55 18 35 44 69 30 68  -  - 19 59  1
 36 52 66  -  -  - 41 68 63  -  - 58 37 33  - 40  -  2  -  -  6 32 15 61 70 39 13 30 21 62  -  - 12  -  - 42 54  7  - 50  - 56 55  - 38 59  1 10  - 28  5 57 45  - 25  - 49  - 11 29  - 64 17 22  - 43 46  -  9  -
 58 38 26 61  -  - 50 55 44 45 27  - 40 47 60  - 49  -  - 36  -  - 65 23  - 52  2  7 57  - 10  9  - 68 66  - 14 39 30 64  - 20  -  -  8 29 63 18 21 31 70 62 53  - 16 35 46  - 15  - 34  - 43 41  5  4  6 69 54 33
 12  - 30 43 68  -  -  8  - 57 49 59  -  -  - 58  - 63  -  -  3 36  - 62  - 16  -  - 60 29  -  -  -  6 64 70 33 45 27 53  -  - 61 34 21  7 52  - 46 19 10 54 17  -  -  - 47 39 18 20  9 13 67  - 37 24 35  -  - 28
 47  6  -  - 45 60 38 15 69 40 50  - 24  - 46  - 67  -  - 21  2 16 22 18 27 54 65  -  - 39  - 49  - 37 29 57  -  -  -  -  3 25  1  -  - 51 42 59 64 56 62 41  - 33 61  -  7 58 20 35 14 30  - 10  - 13 19 31  -  8
 33 20  - 16  - 56 57 34 25  - 35  8  5 36 23 28 21  3  -  - 51 39  9  - 38  - 70 45 18 24 26 63  -  - 13 44  - 40 29  6 61  - 14  -  - 37 55  - 43  - 19  2 12 31 68 17 53  1 54 30 27 59 46  -  - 48 50 11 58 41
 40 12 56  -  - 70 34 16 26 29 65 50  3 21 57  -  - 48 28 24 17  2  - 25  - 44  -  4  5 43 14 10 23  7 53  - 62 22 38 47 45 58  - 63 60  8 37 13 30 11 52 46  - 39 41 61 67 55 31 36 42  - 33 20 49  -  - 27 68 59
 67  2  - 53 46 28 30  - 42  -  - 44  -  - 32 64 24 65  - 26  - 21 41 19 60 38 20 10  - 58  -  - 15 36 57 37 51  - 35 45 49 12  4 39 62 18 11 52  - 27 34  -  -  3 13 66 22 40  - 43  - 50 16 17 55  -  -  - 47 25
 21 57  - 45  6 10  - 51 34 15  3  5 30  -  - 52 55  -  -  -  -  - 59  8 37 40  - 17 68 28  - 18 66  -  - 47 38 19 54  7  2 23  -  4 53  - 13 32 14 33 50 29  -  9 44 42 41 12 24 46 11 63  -  -  - 26 25 64 67 31
 46 22 24 36  - 32 37 33 19 49  -  2 44  - 41 54  - 42 67 51  -  -  - 10 55  -  6 58 61 65  - 35 16  - 56 31  - 15 63 23  - 21  - 62  - 25  -  -  -  4 26  3 48 27 14 13  - 50 68  9  1  - 59  - 18 20  5  -  8 52
  -  - 57 69 14 12  5 58 11 68 62 53 66  - 13 33 63  7 55 23 43  - 30 16 20 41 32 29 27 19 34  - 35 26  6 51 65 52 46 61 24 39  9 15  - 42 54  -  -  - 60  - 25 45  2 40  - 10  - 38  -  - 44  - 28  -  8 50 49 64
 59  - 38 33 36 68  - 11 31 64 45 65  1  - 10  -  -  -  -  - 57 24  -  - 66 51  - 39  -  6 43  -  - 34  -  - 70 14 17 26 58 29 63 46  - 40 15  -  -  8 67  - 49 25 53 48 42 21  - 32 12 56  9  - 44 54  -  3  - 20
  7  - 12  -  2 38 15 27 18  -  -  - 63 69  8 39 62 33  -  - 55 10 68 37  -  -  -  - 24 60 52  -  - 56 47 36  - 35 70 51 40 54 59 49  5  - 41 14 50 61  -  -  -  - 20  -  3 23 66 11  - 48  - 64  9  - 45 16  1 22
 49 31 46  - 67  -  - 61  - 16  -  - 34  - 39 51 66 69  2 40 21 59 25  -  - 47 42 37 45  - 13 14 55  - 19 10 56  3 33 29 38  1 27  - 54 35  9 20 52 70 23  -  8 62  4 63  -  - 30 24  - 28 57 26  -  - 58 12  - 53
  8 63 50  - 61 35  - 30 20 67 39  - 19 44 17 10 31  - 58  -  7 54 57  -  - 53 52  -  3 16  -  - 48 49  5 26 27  9  - 41 68 37 33  - 55  - 70 46 23 14  2 66 34  4 47 11 24  6  - 59  -  - 32  - 38  - 13  - 25  -
  -  -  -  - 13  -  4 62 51 35  -  - 42 20 25  - 52  8  1  - 65 67 34  -  -  - 48  - 11  -  - 47 26 24 59  9 32 37 55 10 15  7  -  - 45  - 18  -  -  5 64 39 57  -  - 53  - 22 27  - 50  2 19  - 14 49  - 40 60 38
  - 42 43  -  3 63  8 65 57 62 32  -  2  - 69  1  -  - 19  -  - 12 26 20 51  -  - 50  - 35 36  - 10 67  - 24  -  - 25 14  -  - 49  - 70 16  - 55 29  - 45 34  4 38 39 37 23  - 59 61  -  7 52  - 64  5 47 18  - 66
 41 16  6 54 47  - 62 60 15 44  -  7 58 26 12 20 64 28 10 35  -  3 14  9 69 67  - 36  1 49  - 23  - 32 38 48  - 11  -  - 52  8 70 24  - 63  5 50 22 17  - 33  - 57 43 34 56  - 25 31  -  - 42 68  -  - 66 61 45  -
 37 64  4  - 24 21 63 39  - 59 23 13 69 55  -  -  -  - 31 66  -  1 43  - 58 32 50  - 26  -  - 60  -  -  - 25 46 38 48 22  -  - 34 14  7 54 40  - 47 20  - 53  -  - 29 68 10  - 42  -  - 16 12  6  -  -  -  2  - 35
 43 27 64 50 15 59  - 42  - 23 55  9  -  -  -  -  2 52  - 33 61 57  - 32 26 20 12  - 41 47  -  - 45 19  - 21  - 58  - 17  -  - 54 28 31 49 66  - 13 30 11 36 67 56 22 65  4 29  -  1 16 38 24 60  - 35 40 25 37  -
  -  - 41  - 39 20 26 69 22 48  - 15 68  - 31  - 14  -  8 57 25  9 23  - 46 65 61 13  - 44  - 21 36 35 62  1  2  -  6 34  - 45  - 47 64  -  - 16  3 66 18 52 50  -  - 49 19  4  5  - 56  - 28 67  7 30 17  -  - 63
 30  4  7 39 48 24 16 64 37 55 58  -  -  - 70 25 20 34  -  9 13 69 32 15 19  - 40 23 33 41 35  -  -  - 36 59  3 27 11 43  - 14  - 29 28 52  2  - 42 53  - 17 31 50  -  1 63 45 10 57  - 18 66 51  - 56 22  - 44 21
  - 48 29  9 18 54  - 66 67 20 16 24  4 23  -  - 57 50 59  - 53 26  -  -  - 35  - 56  7 46 17 28  - 63  - 55 19  -  1  - 60 69 37 41  3 65 30 36  -  2 14 51 47  -  - 39  8 13 52 49  6 21 31  -  - 10 15 34 43 11
  1  - 51 15 23 22  -  -  - 46 28 25  - 64 47  - 43 66  4 10  -  - 20  - 14  - 33 11  - 50  - 59 65  2  3 53 31  5 68  -  - 52 36 48 44 58 56 69  - 37 40 35 26  8 19  - 18 32 41 27 45 57 55 12 63 21 61  -  - 67
 52  - 60 27 50  - 65 38 49 70 69 61  - 68 54  2 42 32  -  - 23 58 48  4  -  -  - 57 59 31 11  5 51  - 10  - 20 18  - 30 37 40  - 26 66  - 64  - 67 12  - 22  - 47  - 56  - 63 21 33  -  -  - 44  6 39 53 28  - 43
 14  -  -  - 42 33 24 19  - 61 60 35 41 28 52  -  -  -  - 45 67  -  1 26  - 15  -  -  -  - 66 37 13  9 12  -  -  - 31 38  4  -  - 59 29  - 58  - 11  3  - 47 43 64 27 30 68  -  - 39 54 20 25 48 34  2  - 21 40 55
  - 45 55  - 20 42 19 40 53 25 17 69 54 41 28 56  9  - 27 49 16  -  - 21 29  -  5  -  - 67  - 58  - 31  -  - 66  -  - 63 57 32  -  - 39 43  6 47  - 24  -  -  2 34  8 60 26 35  -  7  -  4 14  -  -  -  - 48  - 50
  -  -  - 10 26  - 48 37  - 14  - 51  - 59 20  - 11  4 53  -  -  7 62 45  -  - 67 34  2  - 60 66 56 50 28  8  - 23 64  - 19 57 38  - 42  - 31 41 27 63 35 25 44 58 49 69 16 24 61  -  - 12 30 43 22 40 65  -  -  -
  -  - 39 52 51 62  -  -  2 22 47 43  7  - 61 14  -  -  - 20 64 41  - 65 54  - 35  5  -  - 49  -  - 69  1 66 13 60  - 19 63 33  - 42  -  - 24  8  -  -  3 18  - 37 58  - 70 38 26  - 21 27 40  - 29  9  - 68  - 23
 56  - 62  - 57 37 25  - 68 66 13 46 32 29  - 22 26 47 21 12  - 55 61  2 36  - 30  -  - 11 69  - 33 53 70  - 64  - 52 35  -  - 28  - 50 38 60  -  9  - 39 42  - 19 48 54 59  -  - 23  -  -  1  5 27  - 18 41 51 17
  -  -  -  3 62  - 31  -  - 30 18 68 65 10 64  - 70 38 54  -  8 29  - 50 28 19 43 51 55 37 58  - 42 33 40 56 47  4 26  -  - 46 23 21  1  - 12  -  2  - 36 49 27 41  -  - 32 44 45  -  -  - 22 14 16  6 59 57 66  9
 19  5 15 44 40 52  - 29 43 31  2 12 27 53 26  - 45 46 23 42 47 18  -  3 13  -  -  - 56 70  1  8 41  - 50 60  - 30 32 24 39 22 48 65 11 33 25  - 59 51 55  6 68  -  9 64 58 69  - 67  4 54  - 37 66 63  7 10 21  -
 66  -  - 41 43  - 21  - 36 27 25  - 35  - 18 68  - 12 16 56 40 13 17 14  8 64  - 26 31  7  - 52  - 29 49 45 30  2  4  -  - 63  - 58  - 34  - 44  -  9  6 11 70  - 46 32  - 19  -  - 47 65  5 39 42 38 62  -  - 48
 50 35  - 38 29  - 10 21  6 17  -  - 67 32 66 24 18 16 43  -  - 27  -  -  7  9  - 64 34 40 25  - 44 54 22 19  - 47 41  -  -  4 42  5  - 68  -  -  - 57 59 23  1 49 55 15  - 26 39 60 20 31 13  8  - 65 12 63 46  2
 11  - 40  -  - 14 46 32  -  - 19 36  - 42 48  - 10 43 51  - 26  -  -  -  -  - 44 69  - 23 18  - 59  - 41  7 45 56 24  - 33  - 12 16  -  6 39  2 34 54  -  - 22  - 70 62 65  - 67  5 49 66  - 55 53 64 68 38 27  3
 38  -  - 65 60  - 67 56  3 36  - 57  - 40  -  -  -  -  -  -  - 64 63  -  -  - 15  2  - 26  - 12 30  - 27  -  4  - 66  - 14  - 46  - 68 22 20  - 62 23  - 37 35 59  1  - 11 42 58  -  8  5  7 45 31  - 43 44  6 24
  -  - 17 48  - 69 23 70 56 37  7 60  -  9 33 57 54 29 50 39 18 52  - 49 35 27 55  6  - 45  - 51  - 20 32  -  1 41 28  - 31 68 66  - 26  4 62  -  -  -  - 12  - 13 15  3 40 34 36 65 25 14  -  - 67 46 38 24 22  -
 26  - 31 29  - 41 66  4 60 28 34 42 59 13 62  -  -  5  9  - 46 11 70  - 45 30 22 27 49 55 33  2 21 40  8  - 16  -  -  - 18  -  7 68 12 14 36 63 15 69  - 10 24 53 37  -  - 52  - 19 23 25 56  - 35  - 64 20 61 57
 27  -  -  5  9 65  - 24 21  6  - 40 28  - 44 61  1 68 18  - 38  4 60 59 43 69  8  - 25  -  -  3 20 22 55  -  -  - 16  - 41 42 56 70 46  -  - 19 45 39 37 67  -  -  -  - 30  -  - 53 57 23 15  - 58 66  -  -  - 54
  2 70 33 32 31  - 35  -  - 54  -  - 56 19  -  5 17 41  - 25 59 30 50 51 49 24  - 52 62 48 53 43 37 18  4 40 44  - 65 42  -  - 21 20 10  -  -  -  -  - 12  - 63  6 26 58 38  - 64 14 55 34 11  7 69 61 16 39 57  -
