3430
 63  - 44  - 26 48  1 49 40  - 41  -  8 69  -  -  - 10 21 27  - 39 37 23 25 16  5 68  4 46  2 28 12  - 18 11 43 13 52 64 20 55  - 33 24 67 32  -  - 14  -  -  - 45 59  -  6 54 31  -  - 29 42  -  -  - 15  9  7 47
  9 26 60 37  8 59 70 48 66 56  - 23 61 15  - 42  -  -  3 29 64  - 47 46 18  - 54 50  6 68 17 14 11  - 52 19 34 49 35  -  - 65 31 16 36  -  - 57 25  -  -  -  - 24 67 13  5  - 20 55 69 43  -  - 51 44 27  - 41  7
 52  - 66  - 43 22  -  - 12  - 10 15 26 48 35 63  - 38 27 67 59 33  -  7 39  5 41 58  -  - 37  -  - 56 40  - 69  - 18  - 42  - 61  -  -  -  -  - 70 20 68 19  - 17  - 45  - 49 24 28 30 32 21  -  - 50  - 23  9 60
 36  - 54  - 37  - 18 66 41 67  -  -  -  -  - 29 52 22 28 31 65 42 55  - 13 27 43  1  -  3 21  - 63  5 44 58 30 70  - 48 53  - 32  9 46 11  - 62 40 12 61  -  7 39 15  -  - 14  -  -  8 57 16  6  - 25 33 38 51  -
  - 54 15 13 36 46 53  - 21  4 20 22 43 60 59  -  - 19  - 39 24 25  - 16  - 70 26  - 57 33 51 48  -  - 30  -  - 18 64  - 35  - 17  - 58 34 62 66 45 68 44  -  - 11  - 67 12 37 41  7 63 55 52 23  1  - 10  6 40 31
 28 50  -  - 62 30 52 34 10  5 37 48 18  - 12 24 40 21 65 53  - 22 39 33  -  -  - 66  -  - 69  -  - 49 31 29 61 45 41 44 59 56  7  -  - 70 20  - 23  -  8  9 11  -  -  -  -  6  -  - 38  4  -  - 35 16 60 19 55  -
  - 11 29 57  - 63  -  - 35  -  - 66 22 32 52  - 15 65  6 14 25 21 58  8  -  - 30 31  3 37 34 17  7 26 47  - 62  - 70 23 54 59  -  - 28 61 43  -  2  - 33 56 51  - 69 16 50  -  - 27 12 68  1  - 24 42 67  - 49 45
 23 34 52 54  -  - 20  - 32 49  -  - 28 27 26 12 42 60  - 40 33 58  - 62  3 63 68  - 35 59  - 41 46 44  6 55 14  8 25  -  - 66 22  - 57 51  - 69 67 29 53 61 16  9  - 36  7  5  - 43 19 38 17  - 48 37 70 11 10 64
 25 23 45  9  -  - 57  5 31 62 65  - 52  4  - 61  - 70 49  -  1  - 22 29 36 15 42  -  -  -  -  -  -  - 13 26 67 51  - 19 27 58  - 55 60 28 33 30 12  - 47 20  - 37 38  -  -  2  - 56  - 14  - 69 34 48 41  - 39  8
 53 16  -  - 42 56 26 51 61 48 33 27  - 46 69  - 18  - 45  - 66 55 11 43 21 17  3 34  -  8 36 57 52 65  - 15  - 41  -  9 62 28 13  - 14  6 12 68 37  -  -  4  - 58  - 24  -  - 25 19  - 59 30  5 10 31  2 35  - 49
  -  - 65  7 66 18 42 70 53 47  - 67 62  - 37 60 26  -  - 43  2 14  - 24 69  8 33 41  -  6  - 63  - 34 25 59 50 28 20  -  -  - 15 10 23 44  - 55 54  - 56  3 39  -  - 31 11  - 61 57 58  - 68 16 64  -  - 21 36  5
  - 25  8  -  -  3 28 44  - 45  -  - 70 11 58  -  - 55 40 49 62  6 41  - 56 37  - 14  - 31 50  - 69 29  -  9 38  - 23 32  - 21  4 26 39 27  -  - 18 42 46 43 63 51  5 61 30 47  -  -  -  -  -  - 12 60 52  -  -  -
 27  - 23  5  1 21 17 68 24  6  - 60 46 62  - 69 37 45 35  2 61 20 67 48  - 49 44 56 63  - 30 25  - 31 29 38  -  -  3  -  - 36 66 43  7  - 59  - 26 55  - 39 22  - 14 18 70  - 12 13  -  -  -  - 65 47 28 32 11  -
 30 44  - 70 35  -  -  8  - 28 18  - 69  - 61 36 33  - 66 48  -  -  3 19 11  -  - 64  -  -  - 50  -  6 65  -  -  -  -  - 12  5 23 53 51  - 10  - 34  -  -  - 26 62 40 37  - 17 16  - 43 67 55 46  4 32 56  - 68 14
  - 21  -  - 32 49 40 57 69 53  - 54 35 23 31  - 16 46  - 68  7 12 14 10  8  - 70 55 26 65 25 33 58 38  -  - 52  -  4 67  - 19  -  6 62  - 37 61 50 22 15 29  - 13  -  -  - 60 44  - 34  9 51  1  -  -  - 18 17 36
 10 68  9 12 24 58  - 19  -  - 34  5 42 20  -  -  8  -  -  - 16 57 54 53  7  - 50 33  - 27 60  - 67 13 32 70 35 15 28  3  - 18  -  4 31 26 22  6 55 63 66 40 25 30  -  - 21  1  - 69 51 39 56 59 37 23  - 62 38  2
 12 60 28  2 65  -  - 64  5 32 61 17 21  - 67  6 27 50 69 16  -  -  - 68  -  - 66 39 40 43 54 18  9 57  -  - 33  -  - 58 25 20 11 38  - 47  4  - 15  -  7 45  -  - 35 59 49  3 36 24  - 52  - 30 23 55 44 63 26 10
 50 42 56 18 45  2 15 33 17 59 32 28 48  5  9 27  - 62  -  -  4 66 31 12  -  -  - 30 69  - 29 47 39  - 67  - 41 44  6 49 36 13  1  3 40 22  - 37 63 11 55 68  8 20 19 25 51 61 65  - 57  - 24  -  - 26 16 53 52 43
 34  9  - 69 70 62 22 45 67 64 57 42 30  - 32  3 38  -  - 28  -  - 19  - 65 36  -  - 66 14  - 49 27 25 55 52 37 50  -  -  7 31 43 56 48  - 39  -  -  - 18  - 58  - 41  - 16  -  - 21  -  - 44  - 15 33 11 54  - 29
 37 39  - 42  - 34  -  - 68 23  -  - 64  -  - 43  - 48  5  - 40 32  4 56  - 24 62  -  -  -  6 36 15 52  -  2  7 16 58  - 45 14 53  -  - 57  8  - 44 67 49 65 27 29 28  - 18 59 26 31  - 69  - 20 11  1  - 51 33 19
  8 67 25 26 68 39 45 21 58 40  - 37  4  - 66 57 61 51  - 42 70 49 63 54 59 18 16  - 47  - 10 65 17  -  1 69 28  -  9  - 24 64 52 15 19  5  -  - 30 33 14  -  - 43 62 41 31 55  - 11  - 23  - 44  - 20 13 34  - 56
 14 40 20 28  - 10 67 26  8 12 16  - 49  -  -  -  4 11 25 56 63  -  -  - 31 19 64 37 22  -  -  - 34 33 54 30 39  - 57  5 13  -  9 61  - 66 23 43  -  1 29 69  -  - 45  3 52 36 62  - 70 18  2 68 42 38  -  -  - 21
 38 43  5  - 21 27 39 62 70  -  9 41  - 17 42  - 54  3  - 35  - 50  8  - 24  -  - 46  -  2 56 55 22 67 14 48  - 25  -  -  4 33 49 45 32  - 11  - 52 18 51  - 40 61 37 63 57  - 53  - 59 26 13  - 69 68 64 30 19 44
 68 32  -  -  6  -  - 39 63  -  -  - 29 28 70  - 25 57 51 37 43 65  1  - 12 23  - 16 45 48 13  5 36 66  - 49 18  9 31  - 69  -  2  - 22 53 40 60  -  8 19 46 17 21 33 14  - 67 38  - 44 41 58  - 52 30  - 10 34 50
 47  8  - 53 57 15 68  2 44 18 24 61 14  -  - 51 70 40 12 60  - 59 28  -  1 67 20  - 49 21 63 37 42 58 23 46  - 62 69  - 43  - 26 66  - 16 36 35  5  - 11  -  -  7 10 32  - 48  - 52 29  - 33  4  - 13 22 41  - 39
  - 51 53 55 19  4 36 17  - 24 44 34  -  - 39 25  - 37 42 57  - 13 46  -  -  -  - 59 31 11 35  -  - 12  3 62 45 65 54 28 56 26 68  -  - 63 21 47 14  5  - 15 10  - 43 58  -  - 27 60  -  - 40 64 33  -  - 52 16  -
  3  -  - 23 47 12 64 67 18 42 46 63  - 34 41 58 48 14 36  7  - 11 61 49  5 39 51  -  - 19 68 21 37  4  2 50  - 10 13 25 44 40 33  - 29  -  - 54  1 16  - 55 38 26 30  -  9  -  -  - 28 31 53 43 56 65  8  -  - 62
 49 53  - 29  - 37  - 41 57  - 14 40  2 66  -  -  - 35 13  - 56  9 62 32 34  - 48 28  - 15 42  -  - 60  5  6  -  - 16 46 17 47 50 22  8  - 69 67 61 52 25 31 23  - 39 27 65 19 70 10 55  -  4 58 18 45  -  1 59 24
  - 63  -  3 60  -  6  -  4 15 21 62  -  -  - 28 31 67  -  - 55 38  -  - 64  - 57  -  - 58  - 20 53 41  - 25  -  -  -  - 29 30 59  - 52 35  2  5 10 56  -  -  - 70  8  7 48 34  -  9 50 51 22 37  - 24 68 49 42  -
 67  3  - 35  -  - 27 42 38 17 56  -  9 26  - 52  - 34 70 64 36 29 50 11  - 25 39 13 19 47  -  4 14 53 37  8 31 66 55 18 40 44 20 68  2  1 61 21  -  -  -  -  -  - 24 23 28 22 30  - 16  6 63  - 59 58  -  5 32  -
  - 17  - 49  - 19 66 23  - 44 51 65  - 61  - 41 13 18  - 58 37  - 25 31  - 14 45 43 21  1  - 56 68  -  - 67 12  - 36 52  - 24  - 46 33  - 28 39 53  -  - 50  - 59  - 48  -  9 63  -  -  -  -  8 57 35  - 60 69 26
  2  -  -  6 12 50  - 60 15 39 59 31 44  - 30 19 51  5 10 36  9  - 29 37  - 41 18 27 13  -  - 26  4  - 61 21 40  -  - 22 14 54  -  - 38 23 47 16 49 46 64 24 62 68 34 28  8  -  -  - 52 66 70 67 55 43 20  - 56 57
 61 62 12  - 54 52 34 43  - 16 31 49 58  -  - 48  1  - 56 10 69 15  6  -  - 45  - 19 60  - 27 24 40 64 59 18  - 35  - 47 46 22 25  - 21  - 65  - 33  - 17  - 67  3  -  - 20 13 42  -  5 63 36  - 70  8  - 55 30 11
 26 49  - 19  - 47 62 30 13 60 23  -  -  2  5 68 44 43  -  1  -  7 16  9 28  6 17 67 33  - 32 40 65  -  -  - 27  - 51  - 63  -  -  - 70  - 52  -  - 61 37 54  - 69 53 34 24 10 15 45 41 64  - 42 22 66 25 50  8 48
 69 12 37  -  - 64 32  - 19 26  -  - 56 30  -  9  - 66  - 34 20  - 44  - 17  -  -  - 48 36 65  -  -  - 49 33 58 68  -  4 39  -  - 31 63 43 55 23  -  6 21 51  -  -  2 40  - 28 18  -  -  -  - 54 13 57 50  8 45 41
  5  -  3 21  -  - 33  -  7 70  1 45  - 49 55 20 68  - 54 69 22 46 23 47  - 48 27 29 10 13  - 39 66  -  8  -  - 30  - 42 60 11  - 24 26 41  9 38 59 62  -  -  - 52 12  - 37 44 67  - 53 40  6 51 19 15 32 56 58  -
  - 58 32  - 39 42 59 52 48  7  - 69  -  8 21 46  5 68 43  - 31  1  2 70 15  - 25  - 53  -  - 67  - 37  - 12 51  - 11 63  3 38 47 54 55 17 30 18  - 57 22 36 35  - 29 44 23  -  - 34 13  -  - 45 20 56  - 14  - 27
 29 65  4 58 59 38 56 63  - 51 30  - 41 33  - 49 39  - 68 21 34 45  - 40  - 69  6 20  5  -  -  -  - 24  - 35 16  - 60 10 19  - 46 12 11  - 67  - 57 64  -  8  - 14 26 55 53  - 37  -  -  -  9  7 25  2  3 44 18 54
  - 48 64  - 38  - 43  - 14  1 54 35 57 42 10  - 11  -  -  -  -  - 20 13 29  - 22  -  9  - 62 46 24 21 12 23  6  5 37  - 47 45  -  - 15 36  - 32  8  - 59 28  -  2 31 50  -  -  -  - 66 44 60 26 27 39 58 25 70  4
  - 19  -  -  3  -  -  9  -  -  - 55 38 63 16 22 24  - 57 18 15 23  - 65 27  - 56  - 41  - 14 35 48 11 64 42 10  -  - 53  1  - 60 50 49 69 17 59 39 58  -  -  - 25  7 12 47 20  4  6 32  -  5 28 29  - 34  2 13 70
  - 41 42  -  - 43  - 55 34  3 27 24  1 47 63 39  -  - 22  6  -  - 68  2  - 44 49  - 56 25  9 45 31 48  -  - 21 23 12 35 26 70  - 19  - 60  - 46  - 50  5 18 13  -  -  - 62  4  8  - 36  - 54 38 40 67  -  - 28  -
  - 29 70 59 33  -  7  -  -  9 62 58 51 37  - 55 67 24 44  -  8 43  -  - 60 35 69 12 28  - 20  - 18 47 15 34 42  - 30 26  -  - 27 14  -  -  - 40  3 19  -  - 66 64 16 46  1 21 56  -  - 45 61 53  2  -  - 48 54  -
  -  2 61 25 49 44 11  -  - 46 12  - 19  -  -  - 60 52 41  5 28 36 64  - 62 51 38  7  - 69 47 31 26 32 53 40  - 55 27 50 70 57 67 34 45 15 63  1 68 23  - 13 42  -  -  -  4  -  3 66 14 33 18 48  -  - 17 58 21  -
 39  7 35 15 46  6  - 54 11 29  - 53 55 51  - 65 19 44  - 45 49 68  - 63 26 10 21 40 25  - 67 38  - 70  - 24 23 22  - 36  - 32 14 13 30 20 27  2  - 43  - 47 52 41  -  - 60 66  5 59  1 58  8  - 61 28  - 57  -  -
 20  1  -  - 14 28 44 40  9 22 63 12  -  -  2  - 34 49 47 59 41 17  - 69 50 54 46 57 18  -  5 19 10 61 58 45  4 60  7 51  - 39 21 37 35  - 15  3 64 24  - 30 55 31 13  6 36 68 32 48  - 16 65 33 66 29 38 42 27  -
 44 24 26 31  - 32 50 58  2 19  -  -  -  -  -  -  3 42 30  - 27  - 57 18 53 55 14  - 11 20 40 43  - 36  -  - 48  - 29 37  - 12 28 59 66  - 16  -  - 41 54 52  - 33 61  - 38  8 21 23  - 56 69  -  5 34 46 47 15  6
 32 38 47  - 56 60  -  - 39 41 40  - 24  -  -  - 28 26  2 13 68  4  - 14 30 58 10  6  8  -  -  - 35  -  - 27 25 43  - 33 55 42 44  - 54 18 57 70 48  -  - 34 45 67 46  - 19 31  - 16  -  - 62  - 36  9 61  - 66  -
 60 14 50 56 28  -  8  6 23 63 35 18 33 36 62  5  - 16  - 11  - 67 24  - 22 20 13 48 61 10  - 32 30  9 68  4  - 34 42 66  - 43  - 58  - 37 45  - 51 17  - 26  - 40 52 38  -  - 69 70 47  3 59 49  -  - 53  - 57  1
  - 37 18 41  - 24 30 29  -  - 58 57 68 67 48 70  - 17  -  -  5  - 27 44  -  -  - 15 59  - 12 52 19  8  -  -  -  - 38 62  2 34  -  -  -  4  -  -  - 28  3 16  -  - 21  - 13  - 33 25  - 47 14 11  6 64 49 40 53 46
 43 20  -  - 15 69  - 28  - 38 50  1  5 58 47  -  2  9  8 55 42  3 60 17 52  - 12  - 64 63 18 27  - 30 46 56  -  - 19 21 37 53 48 70  - 39 13 24  - 66 26  - 57 65  - 54  - 23  - 49 45  - 11 34 44 22 31  - 29 51
 58  4 49  - 41  -  -  - 56  - 47  9 63 40  6 44 53 61 37  -  - 35  -  - 68  3  7  - 30 23  1 42 62 69 16 10 15 19  - 57 33  2 29 60  - 48 46  - 31  - 27  - 20 55 22  - 45 38 64  5 39 28 25 32  -  -  -  -  - 13
 31 33  - 16  4  - 49  3 62 57 64  -  -  - 40 47 10 56 17 52  - 54 32  - 38  -  -  2 65  - 58  1 60  -  9 51  - 24 53 41 50  - 12  - 69 30 48 28 20 27 42 22 14 23  -  - 61 15  -  8  - 46 37  - 43  -  5 13 44 34
  -  5  7  - 55  -  - 14  - 69 67  -  - 53  -  -  - 12 60  - 13 31  - 57 40  1  - 65 54 30  -  - 16 43  - 68 11 37  -  -  - 49  -  2  -  9  - 51 38  4 62 66 24 18 25  - 34 52 58  - 35  - 23 41 28 61 36  3 63 33
 64 13 38 60 27 61 48  - 54  - 29  2  3 70 28 17 36  - 67 15 11  5 59 26 19  - 40 51 39 56  - 69  - 16 66 53 57 21 34  7 30 68  -  1 43 45 50  - 24 31 58  6  - 63  -  - 41 65 14 62 25 20 47 10  - 18  -  4 37  -
 46 61  - 48  -  -  -  - 51 25 43 26 12 29 68 14  -  - 62  3 23 64 53 67 49 65  -  - 37 55 16  - 21 39 11 44  5 40 17  2  -  9 30 52  - 54  7  - 35 34  -  - 41 56 57 19  -  -  -  - 33  1 31 13 63  6 24 22  - 28
 13 47 67  1 40  - 29 59 64 68  6 46  - 35 14  - 45  - 19 62  - 28  9 42 63  2  4  8 15 24 38  - 49  -  - 32 26  - 61 16  - 37 18 39 34 10 54 31  - 36 52  -  -  -  3 51 58 70 55 30 11  5 66 21  7 17 43  - 12  -
 42 45 13  4 22 55  -  7  6  -  -  - 67 16 54 62 49  - 31 47 53 60 10  3 20 33  -  - 58 40  - 61  - 68  - 43 46 39  - 59 57 51 69 28  - 19  5 25 29  - 48 35 50 34 27  - 32  - 66 15 64 70 12  -  9 21 63  -  -  -
 15 52 41  -  2 16  4 25 45 10  - 36 17 31 65  - 20 28  - 32 26 24 56 34 46 60  - 53 27 57 11 51 29 40 70 22  3  7  - 55  -  -  8  - 64 21 49 19  - 44  6 48  - 66  - 35 68  - 54  1 67 13  - 14  - 69 12  -  5 30
  - 59  - 38 44  5 46 35 27 33 48 39 13  - 34 56 58 63  4 61 51  2  - 30  - 31 29  3 70 60 41  - 25 23  - 37  - 26 22 14 28  -  -  8 20 52 19 65 43  - 32  - 15  - 17 64 54 53 10  - 62  -  -  -  - 12  - 66  1  -
  -  -  - 33  - 65  - 32  3 13 39 51  -  7 57  - 69 58  - 30 46 48 70 21  -  4  - 22  1 67 23 12 54 15 34  - 44  6 43 17  - 27 62 42 68 49  - 26  9 37 38 41 61 47  -  - 64  - 28 36 60  - 45 25  -  -  - 16 35 59
 18  -  -  8  - 31 23 69 55 27  3 21  -  -  - 15  -  -  - 19  - 34  -  -  4 29 67 25  - 12 22  - 28  - 38  - 65  2  - 11 58  - 40  - 56  - 68 53 60  - 57  5 59  -  -  - 33  - 48  -  7 50 26 17 54 52 35 43 46 20
  7 46  -  - 48  -  - 10 59 58  - 44 39 22 38 35  - 54 33  - 30  - 40  - 51 26  - 23  -  -  - 15 43 17 45 36  -  -  8  - 21 16 24 27  4  -  - 50  - 47  1  -  5 12 68  -  - 62  - 18  3 49 67 57 60 53 19 61 65 55
 33 57 14 50 23 40 54 46  -  -  8 56  - 64 53 10 65  7  - 12  - 44  -  -  9 52  - 60 32  -  - 29  - 55 43  - 17 58  -  - 38  - 19  -  -  - 41 15  -  - 30  - 31  4 49  - 66 42 22 37 20  -  - 61 68  -  - 24 48  3
 17  - 55 32  -  -  - 56 28  -  - 30  -  -  4 54  7  -  - 46  - 10 26  - 16  - 37 62  - 22  8 58  5 63 57 41 53  -  -  1  - 52 35  - 50 33  -  - 19  -  - 59 44  - 47  - 43 27 68 65  9  - 39  - 67  - 51  -  6  -
  - 30 34 14  -  8 19 22  1 37  2  6  -  -  - 67 21  - 52 38 47 27 17 60  - 12 63 69  - 64 31 66 23  - 24 54 13  - 32 61  -  7 70  -  5 40  -  -  4 59 28 42 65  - 18 10 25 33  - 44 26 11 20  3 46 41  - 29  - 68
 62 18 51 36  -  - 13 16 26  - 52  - 32 10 29  -  9  - 59  - 38 69 66 45  - 47  -  - 43 70 64  8  -  -  - 39  -  -  - 56  -  -  -  -  -  - 58 34  - 60 65 57  - 28 20  - 63 35 23  - 15  -  -  -  - 46  4  -  - 40
  -  -  - 39  7 11 51 37 33 52  -  - 40 19 20 66  - 27 18 44 60  8  -  5 57 32  - 21 68  - 15 62 45 59 41  -  -  -  - 30  6 63 38  -  3 65 24 22  - 53 16 14  - 54 70 69  - 50 17  -  -  - 29 31 26  - 42 64 67 23
  1 10 27 44 34 68  9 13  - 11 66 16 25 57 22 40  6  - 53 33 54 41 45 58 55 59 65  - 51 18 19 60  -  3 21  - 24  -  5 43 32  8 37  - 17  - 26  - 36  2 63  -  -  - 48  - 42  - 35  -  - 61  -  - 38 62  -  - 14  -
  -  - 31  - 25 20 37 47 30  -  -  - 54  1 27 18  -  6  - 26 39 52  - 22 41 64  9  - 12  - 55 53 59 28 33 13  2 14  - 40 67  3 65 62 44 38  -  - 16  -  - 32  -  - 63  - 56 57 43  - 48  -  7 19 21 51  - 70  4 58
  -  6  - 30 58 70 60  - 52  - 11 43 16 39 23 45 56  -  -  -  - 18 12  4 48 38 35 63 20  - 57 59  -  -  -  3  9 67  2  - 66 10 64 49  - 42 25 33  - 65  -  -  -  5  1  - 40  - 19 51 24  - 34 55 41 36 37  - 47 17
