3430
  - 48 34  - 14 11 47  6  7 63 69 29  - 19 20  - 33 52  8  3  -  4  - 21 59  - 54  - 50 13 51  -  - 23 36  1 49 56 24 17  - 64 61 25 60 40 39 27  2 62 31 38  - 42 16 67  - 30  - 65  - 35 46  5  9 15 70  -  - 32
 40 25  -  - 41 14  - 31 19 28 43 13 36  -  6  -  -  - 30  - 21  -  - 63 64 12 26 58  - 20 10  - 69 52  - 18  - 46 54  - 24 45 17  3 37 65 51  - 60 61  2 44 70 33 68 50 67 27 35  -  7 23 59  9 62 32 56 47  - 22
  - 51 26 21  - 48 18 59 11 44 24 55 40 47 36  -  - 62 23  -  - 57  - 43 41  -  -  - 61 67 63 32 38 37 70 66 30  6 49 35 12  -  4  - 17  -  -  -  -  -  5 52  - 69 39 42 33 15 56  - 65  9 34 27 64 46 31 53 58 19
  - 45 22  - 36  -  7 55 35  -  - 47 65  9 63 67 53 57 64 56 49 13 39 27  -  - 70  - 14  - 66  8  -  -  5 17  -  -  - 43 40  -  - 28  -  - 62 12 15 31  -  - 59 51  -  - 29 48 42  - 32 24 26  -  - 34  2 69 61  -
  2 18  6 20  -  - 57 67 58  - 11  -  -  -  - 12 43 61  - 32 10  -  - 17 31  - 34 38 39  - 21 66 51 55 60 40  -  - 36 52 28 49  -  - 54 27 64 63  8  -  -  4  5  - 26 23  -  - 53 69  - 30  -  - 22 33  -  3 24  9
  - 65 61  8 27 60 30 51  6 66 52 17 54  -  -  -  -  - 49 24  4 69 19 36  -  -  9 25 70 50 56  2 47 16 12 26  - 64 46  - 15  - 55  - 53  - 28  - 13 20  7  - 11 45  - 40 57  - 34 41  - 38  - 39 35 63 22 62 67  -
  9 59  -  - 37 12 21  7  -  -  - 38  -  -  -  3  - 17  -  - 60 31 47 65  -  - 10 14  - 48  -  5 67 64 51  -  - 42  -  8 30 23 43 24  - 22 20 46  - 44  - 45  -  -  - 70 36  - 69  6 39 40 13 49 15 56 11  - 25 18
  -  - 43 23  - 15 51 18  - 20 31  - 14  -  -  - 45  -  - 44 64  3 60  -  2 28 11 17 22 68 32  -  1 39 13 35 53 69 70 33 25 59 54  - 16 66 29  4 30 55 50 41 36  - 37 62 26 12 40  - 58 10 67 48 24  8 49  - 47 34
 23 53 19  - 13 44  - 54 70  -  4  - 64  -  - 11 60  - 43 28  5  - 31 10 25 55 17  -  - 63 50 37  6  - 40  - 67 58  -  -  -  -  -  - 34  - 61  9 46  -  -  - 32 62  -  -  1 18  -  -  3 47 12 15 20  - 66 59 29 26
 28 68 25 38 39  1 62 48 44 30  - 66  6 67 60 18 24  - 35 37  - 22 49 45  -  -  - 53 15  4  5 33 16 13  -  - 70  2 41 23  - 61 64  - 19 10 32  7  - 12 63  8 57 14 69  - 31 40 51 21 55 65 58  - 54 20  -  - 36  -
 58 37  - 15 32  -  5 16  - 21  - 42  - 54 61  - 29  9 51  6 59 40  -  -  - 14  -  - 43 28 36 63 55  -  4 68 27 11 66  - 34  7 31  - 18 64  - 41  - 67 69 62  - 26 19 20  -  -  - 10  8  - 49  2  - 60 53  - 35  -
  -  - 29 69  1  - 52  -  - 38 56  3 47  4  2 21  7  - 20 61 42  -  - 19  - 40  -  - 33 16 49 70  -  - 46 44  -  - 23  9  -  - 67 18  -  5  -  -  - 32 59 55 24 68  8  - 11 26 63 39 62 51 45  - 27  -  -  -  - 66
 33 46 17 30 55 39 42  - 48 19 67 40 70  -  - 38 21  - 62  9 11 24  -  -  - 49  8 20 12  - 68  -  - 35 34  - 31 25 64  3 41  2  6 63  5 58  - 65 27 69 26 13  -  -  - 32 60 51  -  - 56 59 54 23  - 22 10  4 57  -
  -  - 27 68  -  - 69 32  - 50 29 53 51  -  -  - 15 41 67  -  -  -  5 54 56  - 55  4 35 47  -  - 37 12 43  - 13 39 18 14  - 28 45 33  -  - 70 36  - 66 17 11 49  -  2 22 42 63 65 58 64 61 16  - 23 31 20 46 26 44
 17 43  - 48 67 28  -  -  - 31 40  - 16 49 34 13  6 18 10  7 30  1 20  - 12 23 45 62  - 44 54 41 21 60  - 14  -  - 26 58  - 51 70 22 63 39  4 50  - 36 66 69  -  - 59 68 25 11  2 42 19 15 57 47 52  -  5 29 55 46
 49 16  -  - 48  -  1 53  - 36  - 11  5 25  4  - 39 45 44 42 47  -  -  - 32  - 19 18  -  2  - 35 57  -  3 64 22 43 21  7 56 62 52 15  -  - 60 37  - 23 70 28  9 46 14 24 38 29 33  - 67 27  - 66 12 40 50 51  -  -
 19  - 33 45 42 20  3 15 10 62 23 54 39  -  - 60 25 58  9 34 17  -  2  - 38  -  - 59 26 37  - 47  - 69  -  - 16 70 53 66  4 56 50 32  -  - 13  8 40  -  -  - 28 43 35 12  - 44  7 24  -  -  -  -  -  6 27 52 21  -
 26  - 41 43 40  -  4  - 29 47  - 16 10  - 27 31  -  1  - 65 62 70  - 39  5  8  - 11 25 51 22  -  - 34  -  7 60 12  - 49  - 46  -  - 28 19  - 61 59 18 21 32 17 67 54 13  - 37 50  -  9 58  - 63 68  - 48 55  - 69
  - 54 40 27 18 10 34 33 42  - 20  - 59 69 39 41 57  3 12  - 36 28 15  - 44 60 16  - 56 38 13 21 62  5  -  -  -  - 35 46  -  -  - 43 32 26  7 51  6 25 48 17  - 29 67 66 49 45 31 22  1 70  - 11 30 64 63  - 68  2
 51 57  - 29 53 42  -  - 62 49  7 27  -  -  - 58 44 56  -  - 55  - 61 69 15 43 31  5  2  - 67 26 54  4  -  -  -  - 32 24 39 60  - 64 38 59 50 10  -  3 46 20  -  8  - 16 70  6 68 40 36  - 33 35 34  - 18  -  1 11
 44 21 55  - 66 24 28 29  - 53  1  7 11  -  -  6 14  - 17  - 65  - 52 56 26 31  - 22 46 42  -  - 23  8 39  - 37 45  - 50  -  - 34 49 43  - 12 40 32 41 36 70  -  - 51 57 68 19 59 30 18  - 10 38 16  5 33 13 15 35
 47 63 16 18 62  - 36 69 12 32 65 58 45 29 28 20 51 59 38  - 19  7 50 49 37 70 21 33  - 43  - 40  - 53 24 23 44  - 68  5 35 22 60 31  - 14 46  -  4 42 56  -  -  - 55 27  -  - 13 67 10  - 30 57  - 26 52  - 11  -
 54 23 28  6  - 56 46  - 69 35  9 39  7 62  - 70  - 33 13 58  - 42 67 40  3 30  -  - 53 17  - 31 64 50 63  - 51 22 45  - 29  - 36 61 10  - 11 57 55 38  - 14  - 19  - 65 59 41 60  1 44 68 21 20  -  - 16 48 18 24
  - 50 39 24 30  - 59 40 18  - 34 51 23  - 52  5  1 68 45  -  - 10 21 11  - 20  - 67 65 46  3  - 42 43  2  -  - 57 55  -  - 16 35 47 13 31 37  6 53  4  9 61  - 15 60 63 28 33 12 48 17  - 38  - 70  - 44 36  - 14
 67  4 60 36  8 50 61 68 22 42 37  9  - 53  -  - 12 38 58  1 40  - 29  -  -  -  -  -  -  - 23 20 25  - 35 55 69 24 63  - 57  - 14 46 30 49  -  - 26 59 52  - 16 54  - 19 27  - 17 62  -  -  - 33  -  - 47 31  2 65
 61 11  9 13 38 23  -  - 43 48  - 64 50 27 15  - 40 51  - 14 20  - 63  - 19 25  -  -  5 24  -  - 29  -  - 30 46 52 47 21 69 57 28  -  -  - 31  1  -  -  - 67 62  - 12  - 58 10 18 70 26 32 22 65 59  -  -  - 45 36
 48 32  7  - 23 38 24  - 56  -  8 61 49  - 29  - 30 15 41 63 25 18 12 67  1 52 62  -  - 70 44 28  - 22  - 60  2 10 40 45 19  - 68 59  -  -  - 33  - 35  - 34  -  -  5  4 46 14 37  9  - 55 69  - 42 66 64 16 43  -
  -  -  - 44 24  3 12 11 54 43  2  - 26 57 21 59 13 37  - 53  - 47 22  -  -  1 15 23  -  8  - 45 46  -  - 34 63 17 29 48 67  - 39 38 14  - 68 16  - 56  -  - 55 58 70 41  7 36  - 52  -  5 64 32  - 28 51 50  - 42
 21 58 51 32  - 29 66 36 52 45 50 10  -  -  - 61 48  -  2 23 12 26 42  1 63 64 60 13 57  -  - 17  5 47  - 53  9 33  - 28  3  - 56 62 39 41  -  - 43 16 24 27  - 18 44  -  - 49  4 38 20 46 35 14 65 70  7 40 59 25
 34  8 20 51 16 32  - 24  - 52 36  5  - 17 66  - 49  - 65 11 61 14  - 55 28 50 33  -  7  -  - 29  -  1 59 41  - 47 56 30 13  -  2 69 27 38  - 18 54 57 35  3 39  -  - 44 48  9 58  - 63 53 60 26 10  4  - 15  - 21
  - 17 54  4 60 51 15  1 36 25  -  2 68 55 18  -  5  7 24 19 16  -  -  8  -  - 38 27 37 34 48  - 50 31 28 20  3  - 65  -  -  - 23  - 46  - 63 26 57 10  - 59 58 56  9 33 21  -  - 13 47  - 32 45 66  - 29  - 44 67
 13 30  2 64  - 31 40 63 57  - 47  - 20 16 33  - 68  5 18 22 50 43 66  - 46  - 52 19 17  1 69 27 59  -  - 38 54 48 12  - 58 37 42  -  - 60  9  - 67 65  -  -  - 39 32 36  - 25  -  - 23 44  4  - 45 49 15  - 70  -
  - 69 32  -  - 64  - 56  -  6 42 23 44 28 50 24  -  -  - 70  -  9  - 53 51 46  - 63 55 45 15  - 30 54 67  -  - 68 62 57 14 21 18  - 11 29  - 25 48  -  -  - 41  -  -  - 12 35 61  7  -  -  - 43 17 19  - 20  5  -
 46 60 70  - 26 67 45 12  5  3 17  - 27 15  -  -  - 47 16  - 44 35  - 33 24  4 61 41  -  -  - 69 56 32 14  -  - 62 43  -  - 19 51 57 49 63  -  - 21  - 42  - 68 66 13 34 23 20  -  - 31  - 37 64 55 39  -  -  - 29
  - 13 23  -  - 45 16 46 59 10 58 41 19  8 67 36  - 49 33 69  - 34 51  -  -  - 63 30 48  - 35  -  - 28 32 21  6  -  -  2 55  - 40  - 50  - 47 53 11 22 64 39 27 44  7 56 24  -  3 12 14  4 17 68 38  - 60 43 37 31
  -  - 52 53  - 59 20 42  4 33 28  - 30 23  - 51 36 11 39 21  - 19  3 48 50  - 57 37 29 69 65  -  - 68 31 49  1  9 58 12 16 35  - 13 55  8 56  -  -  - 25 26 15  5 43  -  -  - 41 63 34  - 70  -  -  2  - 24  - 60
  8  -  - 60 25  -  - 20 41 18 21 15  - 56 35  - 67 48 70 46 33 58 32 13 39 45 37 61  -  3  - 51  -  - 16 59  - 31 28 64 52  5  -  - 65  - 42 47 22 30 34 10  6  - 66  9 44  4 62  -  - 63 24  - 40 54 23 27 17  -
 45  - 38 39 34 68 64 43 16 55 14  4  2 60 46 22 65  - 52 54 48 50  - 51 57  -  -  - 10 32  -  - 28 11  -  - 21 66  -  - 17 33 59 36 58  -  -  - 37 49 67 15 40  6 62  3 13  - 70 20 25 12  -  -  5  - 19 63 27 53
 35  - 57 37 28 25 39 41 23 29 22  -  -  -  -  1 64 27  - 68 46 67 26  - 55  9  -  - 30 62 53 34 14 20 15 65 47 59  6  - 10  8 69 19  - 33 18 60  -  - 16  - 45 11 21  -  - 32 54  - 52  - 42  4 44 58 38  -  3 61
  - 20 67 66 15 62 33  - 63  8 10  - 28  5 47  -  - 31  -  2 13  - 64 60  - 18 35 12 49 39 57 19 41 21 17  - 42 54 38 34 44 55  - 51  - 45 48 52 70 46  3 30  7 22 61 29  -  - 24 26  -  - 50 53  1 43 37 25 40  4
  4 35 21  -  9  2 63 10 37  5 62 18 33 43  -  - 61 32 29 66 31  -  - 68 53 57 59 45  -  - 40 58 15 19 41  6  -  -  - 67 27  3 48  - 36 46  - 20 39  -  - 23 54 64  -  -  - 34 55 17  - 56  - 25 13 24 69 11 38  -
 55 29 56 46 43  - 31 61  2 60  - 45 66 51  - 42  - 26 32 33 67 54 65 22 16 41  -  8  9 30 37 11  - 27  - 69 10 38  - 39 62 44  - 40  -  -  - 24 28  -  - 12  3  - 25  -  4 21 14 57  -  7  - 50  - 18  -  -  - 52
 56 14  - 65 33  -  6 28 25  - 39 68 69 24  -  - 46  2  - 62 32 29  - 20 43 58  - 40 41 18 16  1  - 48  - 70  -  -  9  - 60 13  7  -  - 36 66 31  -  - 38 57  - 35  3 37 51  - 22 34 54 19 15 61 11  - 55  8 49  5
 10 44 63  - 58 21 48  -  1 68 61 59 43 31 53  -  3 36 50  -  -  6  - 12  - 27  -  - 47  -  - 30 40 41 38 45 65 16 22 56  - 39 49  -  - 11 14 54 52 15 23 42  - 20 29 17  - 55  - 19 70  -  - 37  -  - 34 60  4 64
 60 12  5  - 52 26  -  - 51 64  - 22  - 70 49 50  -  - 25 35 63 39 36 14  - 19  - 32 13 55  7 24 17  -  1  - 43  -  4  -  8  - 10 58 56  - 69 11 62  -  -  -  - 38 46 15 54 28 30  - 48  -  - 59  -  - 40 34  9  -
 20  - 58  1 49 19 54  -  8 34 16 62 32  - 70  - 59 10 56  - 27 46 24  -  6 37 43 51 66 35 11 22 13  -  - 57 61  -  - 18  - 42 44  4 69  - 25 39  - 60  - 63 53 48 50  -  9  -  -  - 12  - 28 40 14  7  - 17  -  -
 24  - 31 52  5 57  - 49 40  7 44 19  - 32  -  -  -  - 11 15  -  -  -  9 33  -  2  -  - 53 38  -  4 14  - 13 26 60 67 55  6 30 46 29 21 17 41 42 51 50 65 48  -  - 10 28  - 22 45 35 61 34  - 16 37 59  3  - 69 70
  - 27  -  5  3 49 38 47  - 37 25 32 24 33 40  - 35 12  - 20 70  - 56 29  -  - 30 43 31  9 52 36 34 59 18  - 66  4  -  - 51  -  - 67  - 42  -  - 19 63  - 60 69  -  - 26 55  2 39  -  - 57  - 28 48 23 14  -  - 45
 15 19 35 47 44 17 60 14  3 70 63  -  4  - 55  - 52  - 66  - 45  2 28 25 61 67  - 24  - 26 39 18  - 29 48 42  - 51 10 27  - 32  - 12  - 56 23 22  - 54 13  -  - 30 64  - 41  -  1 16 69 50 20 34  8  -  -  - 33  -
 63  1 15 70 21 69  - 23 55 26 19  -  -  - 56  - 16 39 14 49  - 32  -  -  - 22  - 50 18  6 46  - 10  2 37  -  - 13 59 11 36 54 29 52  - 34 33  - 64  - 53  -  4 28 20 31  -  - 44  - 66  - 27 12  - 47  - 61 65  -
 59  6 12 14  -  4 25  -  -  9  -  - 46 35 24 66 70  - 55  -  -  -  - 61 34 53  5 49  - 19 42  -  -  - 69 11  -  -  3 26  - 65 13 60 45  2  - 48  - 43 44 37 31 10 23 58  - 50  - 56 21 54 68  -  7  -  -  - 51 40
  - 36 13  - 50 63  - 62 30  -  - 12  - 34  -  -  - 24  5 25 23  - 38  4 10 29 66 48 16  7  - 42 27 65 45  9  - 40 51  -  2 20 22 39 67 57 58  - 69  -  - 47 35 21 28  -  - 61 49 15  -  1 44  -  -  3 41 26 46 55
  - 33  8 61 12 18 11 17 32  - 64 50  3 39 43  4 26 66  -  - 35  - 68 58  -  - 69 10  - 27  9  - 22 49  - 36 29 34 19 65 42 31  -  - 62  -  2  5  -  - 40  -  -  7 63 25 45 53  6 51  - 20  -  -  - 13 46 30 14  -
 70  -  - 16 46 34  - 66 27 40  - 65  -  6 51  -  -  -  - 59 53  -  -  3  - 32 29 55  -  -  - 23  -  -  -  -  -  - 57  -  - 52 62  7 22  9 43  -  -  5 47 19 30  2 38  - 35 24 48 37 68  -  1 10  - 14 26 56 12  -
 16 26 50 62  -  9 44 70 64 24  - 31  -  - 57 40  - 43  - 36 15 12  7 59  4  - 14 42 28 54 58  -  -  - 47  - 56  - 39  - 46  - 21 35 66 52 65  -  -  - 29 18  2 32  1 45  - 68 25  - 37  - 63  6 49 67  -  -  -  -
 43 67  - 63  - 16  - 35  -  -  -  6 31 20 65  - 19 28 61 10 18 64  -  2 14  5 42  - 58 12  -  4 32 66  - 22 11 21 25 62 49 29  3 34  -  7 17  -  - 53 57  - 50 59  - 48  - 38 23  - 27 13  9  - 56  - 68 54  - 33
  -  5 64  -  - 47 26  8 20  - 33 69 17 11  -  2 63  4  3 39 34  -  - 38 67  - 23  -  -  - 45 65 52 25 27 58  -  -  - 36 53 18 15 44 51 70  - 29  - 68 54 46 14 13 24 35  - 57  9 32 42 28 43  -  - 62 59 19 50  -
 30  - 46  - 57 13 29  2 38 15  -  -  9  - 26 69  -  -  1  - 51  - 17 62 23  -  - 64  - 49  - 44 39 70 61 12  - 14  - 60 66  - 32  - 68 67  3  - 25  - 18 40 65  4 34 47 19  - 28  - 59 16  - 54 41 42 58  -  -  6
 27 24  -  - 68  - 32  - 65 16 41  - 52 14 13 35 23 55 31  -  - 36 11 42 62 17 39  -  3 22  8 53  - 26  - 47 59 61  - 40  -  9 58  - 29 44  - 21  7  6 37 25 33  -  - 60 34 54 15 28 30  - 51  - 69 48 12 45  -  1
 52 64 11  3  6 55 14 60 15 13 35  - 34 45 32 29 66  - 36 12  7 61 23 41 21  - 67 16 40  - 70 50  -  -  - 63  - 65  - 59  5 47  9  - 26  - 27  - 33  2  -  - 10  - 48 49 43 31 19 44  -  - 39 42 28  -  - 38 30  -
  - 49 45  -  2 36 68  -  - 17  - 48 56  - 25 33  - 42 46 50 39 60  - 23  8 10  1 54 67 41  -  3  - 58  9  - 24 27 11  - 31  6 38 14  - 32  - 64 20  -  - 35 34 12 18 55 62 52 21  5  -  - 19  - 53  -  - 28 22  -
  5 31 49 22 69 66  - 37 60 65 57 63 53 59  -  -  - 30 34 17  - 33 48  -  7 39 12  - 68 21  2 15 11 67 44  - 41 20 27  6  1 10  - 16  - 13  - 19  - 14 32 64  -  - 56 18  -  - 36  3 40  - 61 55 26 25  4 70 23  -
 39 28  - 11 51 40 50 64  - 23 38 26  - 10  -  - 20  -  7  - 56  8 14 46  - 68 27 65 52 36 17 59 63 62  - 33  - 44  -  - 45 70  5  2  4  - 15  -  -  - 43 49 19 37 41 54 53  3 16 66 35  - 25  -  - 55  9  - 34 48
 29 42 47 12 20  8  -  5 34 54  - 33 58 26  -  - 38 69  -  -  2  -  -  -  -  -  - 57  - 40  -  - 18 10 49 15  -  - 14 68  -  1 66 30 48  6 36  - 50  - 39  7 51 27  - 59 63 65 67 46  - 25  - 24  4 53 61 44 31 56
 66 39 36 56 54 61 67  -  - 22 51 30  8 12  - 34  4 40 37 52 69  - 13 57  - 65  7 21  - 10  6 46  -  9 33 27 19  -  - 20  - 17 41 42  -  -  5 43  - 28 45 68  - 60 49  - 18 16 11 59 24 29 53 44  2 35 32  1 63  -
 62  3  -  -  -  -  -  - 39  2  -  -  - 22 12 44 28 70 47 48 43 25 57 37 65  -  -  -  - 58 64 10 35 46 19 24 55 63 42 38 23  - 33  5  - 69 52  - 49 45  6  1  - 40  -  -  - 59 32  4 13  -  7  8 29  - 54 68 60 50
  -  -  - 25 70  - 13 38 45 12  -  - 67  -  - 56 37 14 26 29 22  - 59  - 47 44 32  -  -  - 27 54  9  3  -  -  - 35  8  - 33  -  - 68 24  4  - 30  5 51 49  - 66 31 17 61 65  - 64 18 46  -  2  - 50  -  - 39  -  -
  - 22 42 10 65 52  8  4 31  -  - 49 61  - 17  - 62 54 59 51  - 44 37 15  -  3  - 29  - 14  - 43  - 24 53 25  - 18 13 70  9 68 63  - 47 23 19  - 58  - 55  5 56  - 11  - 32  - 20 50 28 33  -  7  -  - 35  - 16  -
  - 70 14 42 17 37 53  - 67 46  - 28  -  1 59 43  - 60  4 40  3 15  -  - 48 63 44 39 19 52  - 61  -  6 68 51 32 23  - 29 21  -  - 54 12 24 22 55 18  - 10  - 38 16 27  8 66  5  - 47 33 45 56 41 31  - 13 64 62 20
 11  - 68  - 45  - 43 27 66  1 30 24 57  - 44  -  - 23  - 26 14 21 54 18 42 47  -  -  - 33 59 67 19 61  -  - 28  - 48  - 32  - 20 37  - 51  - 70  -  - 12 16 22  - 58 38  5 60  -  -  -  8  6  - 39 50 62  - 56 13
