3430
  7 30 10  -  - 43  1 49  - 17 20 11 45  - 27 34 13  - 41 31 55 26 52 69 36  - 53  8 48 68  -  6 38 23  - 39 18 22 32  - 66  -  - 46 50  2  -  4 16 21 47 64  5  - 14 28  - 24  - 35 59 40 60 29 65  - 58 44 42 12
  9 31 54 27  - 50 11  - 28 21 47  - 30 60  5 26 44 32  -  - 20 37 66 36  - 52 46 63 55 53 35  2 43 17 34  - 61 42  7  -  -  - 13  -  4  -  8  3 68 51 38  -  1 57 19  - 59 14  - 24  - 56  -  - 23  -  - 39 58 67
  -  1 63 64 32 48 62  - 43 31  -  -  6 20 28  - 14  - 45 52  -  -  8  -  - 69 41 68  5 50 55 34 59  - 47 17  - 16  -  - 56 24 60 27  -  - 18 29 66  -  -  -  -  - 21  - 61 15 36 13 49 12  -  9  - 65 35 11 57 22
 68 22 48  -  -  -  -  - 39  - 30  2 23 16  - 57  - 38 21  9 52 40  -  -  -  -  - 60 24  5 54 53  -  -  7 46  - 18 62 27 35 49  - 37  -  - 26 19  4 31  -  - 56  -  - 45 36 61 29 69 28  - 51 17 66 43 55 70  - 32
 56 19 31 24 51 52 65  9 22 36  1 66  - 12 58  - 64 60 13 61  - 34  2 44 49 11  - 23 35  -  6 57 33 68 54  - 25 41 21  - 27 15  -  -  7  - 29 70 63 28 53  - 20 45  -  3 46 26 48 30  - 10 55  8  - 67 69  - 50  -
  - 46  -  - 17 16 39 40 30 55  9 57 63 34  - 19  2  - 66 50 21  8  - 65 14 61  3 37  1 25  - 64 47  - 68  - 32  -  - 24 36 33 48  - 70  -  - 12 27  - 29 69 62 43  - 49  4 11  -  - 18 67  - 53  7 41  6 54  -  -
  -  -  3 42 45 34  8  -  -  - 40 61 55 69  -  4 70  -  - 60 31 29  5 15 51 57  - 35  6 21 19 49  9  2  1 44  -  - 11  - 33 17 26  -  - 53 13  - 39  -  -  - 41  - 27 48  7  - 32 46 25 36 30 18  - 50 64  - 54  -
 33 68  -  5 44  - 45 35 15 25 46  8 14 55 64 47  -  - 17 40  -  - 24 52  - 67  - 57  -  6 56 37 70 16  -  - 50 29 51 10  -  - 42  - 53 69  - 36  -  - 65  -  - 54  - 21 20 23 61  1 62 58  -  - 59  - 60  -  - 19
 47  9  8 44 65 12 43 32 55 54 23 27 21 49  - 64  - 17  -  - 58 31  -  3 46  -  -  - 29 19  -  - 68 41 67 33 60 15  -  7 24 14 10 28 36 48  -  -  -  - 39 59 25 56 38 50 16 18 30  6  -  - 45  1  -  -  - 34 53  -
  2 21 50 26 68 10  3  - 35  -  - 37 61 31  - 24  -  9 30 23 62  7 54 48 18  6 66 40 52 38 36 69 67  - 51  - 14 28  -  - 17 25 46 47 45  - 58 63  - 59  - 42  - 27  -  1 44 22 12  - 20  5 53 41  4  -  - 16  - 13
  - 39  -  - 28  -  -  - 34 65 67  - 19  - 23 10 62 54  9  - 70 59 64  - 69 51 61  -  7 45  - 52  - 18  - 68  6 21  -  - 22  - 58  - 56  -  3  - 55 41  - 11 31 33 50  2 17 42 60 15  4 38 29 13  8 57  - 63 25  5
 25  - 19 66 59 17 37  - 26 38 24 67  1  8 30  - 33 69  -  - 35 53  - 40 68  - 39 45  - 31  4  3  - 11  -  2 43  -  - 28  - 20  7 22 15 62  6 57 50  - 52 18  -  - 42 46  - 36  - 14  -  - 65 23 32 58 27 29  -  -
 22 34  -  1 55  -  - 47  - 57  - 44  - 59  - 46 63  - 52 24 25  3  -  - 39 26 17 29  - 62  -  5 31 37  - 11  - 70 56  6  - 16  - 18  -  -  - 35 32  -  -  - 42 13  - 51 15  - 41  -  -  - 54  - 50 23 66 69  - 14
 50 62  -  - 61  - 16  - 36  -  - 15  - 66  3 56 54 70 69 47 10 24 21 58 44  2 38  - 33 59  -  - 37 52  -  -  - 12 68 40 14 53  - 48 35  -  -  5 49  -  - 43 11 65  - 22 51  - 13 23 19  - 42 57 55 31 67 46  7 39
  - 41  -  7 26 62 13 57  -  - 56  - 66 28  - 39  6 10 67  5 12  4  -  - 42 65 22 43 19 36  - 63 17 46 55 58  - 11  -  - 48 60 51 52 14 44  -  8 61  - 68  3 30  - 18 38 23 50 25 32 34  9  - 37  - 33 15 40 45  -
 18 16 43  - 56 38  9  8  5 47  - 45 35  2  -  -  - 68  - 69 51  -  4 41 23  -  - 36  -  - 13 46  7  - 52 28 37 31 57 48  - 27  - 15 39  -  - 30  - 29  - 21 17 24 55  -  - 40  - 54  - 25 22  -  - 32  1 62 26 60
  - 53 36  - 38  - 55  - 37 29  - 17 58 52 45 18  4 57 10 70  - 21 49 50  -  - 16 22 60 61  -  - 51  - 24 69 40 62  8 39 26  7  5 20  - 30  - 25  - 56  - 14 15  - 33 67  -  2  - 43 11 31 13 47  6 28  -  -  - 27
  - 20  -  -  - 23 17  4  8 35 59 26  - 58  9 13  - 46 16 11 22 25 50 32  -  - 57 15 42  -  - 21  - 28  -  -  - 55 12  - 70 63  -  - 65 10 67 51 40 64  -  7  - 41 62 56 27  - 47 37 45  -  6  -  3  - 36 53  -  -
 58 54 64 12 13  -  -  - 42 26 16 52 69 22  - 41 18 11  - 35 49 48  -  - 33 59 19  7 61 47  8 28 44 67 46 10  -  4  -  - 30 36  -  6  - 51 34  -  - 37 57  - 70 29 32 25 55  - 23 20  3 15  5 65 27 14 68 21 66 56
 40 28 37 38 54 64 48  -  - 24 52  5 29 57 61 66 25  2  - 39 18  -  - 34 41 56 32 47 58 43 53 33 65  - 35  1 36 68  3 45 21 12  - 31  - 15 42 16 14  -  -  - 10  9 17  -  8  -  7 49  - 50  - 69  - 22 46  - 51 20
 59  - 55 58  -  - 15  - 31  7 33  - 39 24  - 25 26 20  - 34 17  - 42 19 67 46 29  -  - 41 16 50 35 14 11  - 47 13 36  - 54 51 40 69 18 23  -  - 44  8 43  - 38 63  -  - 28  -  2  -  5 60 10 61 64  - 45  - 21 62
 45 50 15 49 30  - 61 52 44  - 63 19  4  -  - 28 41 55 35  - 16  -  - 17 29 24  - 59 26  - 25 67  3  8 57  -  - 39  - 51 18 22  9  -  -  - 62 47 34  5 48  - 43 46 12 53 32 37 69 36  - 68  -  - 60 66 65 58  2  1
 70  3  - 20  - 57 27 60  - 34 61 35  -  - 37 21 36 26  - 14 46 12 58 56 66  8 49  -  -  - 18  1 28 44 64 31  - 19 59  - 63 13 11 38  - 39 43 48  - 50 30 23 54  - 25 29  5  -  - 51 33 42 47  -  - 55  7 65 41  -
  -  - 60 55 70  5 35 16  3 10 45  - 11 33  - 29  - 56 46  7  - 17 63 42  - 62 40 13 28  - 52 36 53 64  -  6  -  - 19 66 68 30 14 67 59  - 12 24 43  -  - 22 57 37 39 18 49 65  -  - 50 44 21  -  -  -  9 27  -  -
  -  -  -  9  - 44 24 41 64 50 66  3  - 19 52  - 51  6  -  - 53 23 68 49 10 20  7 46 30 58  -  - 39 25 28 48  - 35 61 59 34  - 47 32  - 40  - 26 15 17 22  -  4 18 69 11  -  -  1 57 55  - 67 12 43  - 16  - 14 36
  - 26  - 50 67 30  7  2 56 33 39 69 24  - 42 54 15 23  -  -  - 47 34  - 20 28 60  5  - 12 65  - 58 63 32 29 57 14  6  - 49 62 21 41 31 27  -  -  - 66 55 48  - 11  - 43 53  1 17  8 38  - 44 46 35 10 25 13 37 70
  - 67  7  -  - 61 10 15 29 12  -  - 48 70 31 22 19  - 57 54 13 14 16 68  - 42 45 65 50  -  -  - 27 35 18  -  -  9 17 43 37 64  - 60  - 46 28 34 26 53 56 52 36 25 41 44  - 58 55 11 47 39 69 33  -  -  2  -  4  -
  -  -  - 16 39  - 29 64 25 45 42 50  - 14  - 15  -  - 63  -  - 43 32  - 28 22 23 55 12  - 17  -  - 20  - 62  1 49 47  9  5 70 52 53 30 19 41 18 31  3  - 65  - 67 58  -  - 35  4 68  - 33  2  - 13 40  8  -  -  7
 15  5 58  - 46  -  6  - 51  -  -  -  - 18  7 23  -  3 31 19  1  - 17 27  -  -  - 25 49  -  - 14 30 53 21 67  -  2  - 44 60 54 41 62 57 12 47 42 29 20  -  - 26 34 63  - 22 32  -  - 69  -  -  -  -  - 33  - 40 66
 10 14 18  -  1 55 38 24  -  - 11  - 43  - 33 48 42 47 36 25 66 20 45  8 16 68  2 50 32  -  - 40  - 62 19 60 56 52 67  - 29  - 69 34  - 26  - 64 22 30 63 46 27 28  -  5 41 51  - 61  -  -  - 35  - 54 17 12  3  -
 53 69  -  -  - 45  -  - 57 11 38  7 47 65 48 42  - 12 33 59 67 35  -  -  8  - 31 19 21  -  - 39 32 60  -  -  - 17 44 52 20 56 66 49 41 43 27  - 18 54 62 10 23  - 30 64 29  6  -  - 15  - 46  - 16  - 26  9 36  -
 51  - 38  3 57 25 41  - 32 42 12 53 17 26 18 14 56  -  - 43 34  - 31 30 70  - 65 61 46 49 10 47  - 39  - 55 35  - 27 13  4 68 16  2 69 36 66 21 52 45  7 58 28 22  8 24 48 54  - 33 67  1 23 15 37 20 63 59 64 11
 24 44 40  - 10  -  -  -  7 60 50  -  - 21  2 20 30 33 14  - 32  -  - 51 48 55 70  - 18 13 29 54 36  -  - 35 65 67 37  - 45  -  8 16  9 57  - 39  - 26  - 34 53 17 64 23 52  -  3 27  - 43 59 31 15  -  - 25  6  -
 21 49 28  -  -  -  -  - 66 69 18 39 44  - 29  9  -  7 25  3 24  -  - 54  - 48 50  6 45 27  2 26 15  - 10  - 34 43 65  4  - 42 20 17 22  - 68 13  - 11  - 19 51  -  - 55 35 67  - 64 60 63 33 62 53  -  -  -  -  -
 12  - 67 36  - 70 42  -  - 52 29  - 26  -  -  - 11 58 28 49 56 45 51  - 62 14 15 41 57 46  -  - 60 47  - 53  -  -  - 30  2  5  4 35  -  - 69  -  6 34  -  - 55 44  - 27 21  - 22 40 31 54 19 16 10 59  - 24  -  -
 30  - 17 57 23 60 22  -  -  2  - 12  7  - 40 31 43 18 64 44 15 32 33 47 59 63 52  -  -  -  -  - 45 65  4 27 49  - 42 58 46 10  1 39 67  8 14 54 56 16  3  - 34 20 48 13  - 62  - 55 53  - 26 66 28 37 19  6  -  -
 62 55  - 18  - 13 57 68  1  -  - 32  - 11 47 30 34 25 48  -  -  - 37 29  - 21  5  4  8  -  - 43 64 61 65 15 26 66 38  - 52 58 63 36 46  -  - 10 59  - 17  -  - 53 51 69  - 49  - 39  7 14 50  -  -  2  - 35 19  6
 60 15 27 65  -  - 32  - 61 62  - 56 51 39 22 11 29  - 12 48  - 38 69  - 26 16  - 14 70 37  -  - 23  -  - 66 44  -  1  -  -  8  6 21 34 35 64 49  -  - 25  -  3  -  - 47 40 30 54 18 13  - 17  -  - 68 57  - 59 24
 37  -  - 22  - 49 53 10 19 20 14 43 59  -  - 69 23 16  -  -  - 27  -  -  - 45 12 44 63 56 64  - 66  7 42 57 48 47 34 60  - 28  -  -  - 52  - 46  5 24 36 62 32 58  1  9 39  -  - 31 54 35 70 50 29  -  3 18 30 68
  - 45 61  -  -  - 26  - 23  - 27 34  -  - 36 67  - 52  2  1 38 15  -  4 55 64 63  - 44 24 40 31 25 30  - 18 16 69 46 29  8  - 22  9  - 13  5  - 70  - 32  - 14 39 66 58 62 43 53  - 10 37 48 59 56 35 51 50 28 65
  -  6  -  -  - 53 58 17 14  3 13  -  - 62 57 43 40  - 32 15 60  2 65  -  -  -  - 42 47 67 41 24  -  4  8  9 29  - 10 64  -  - 34  1 25 49 33 45 54 44  - 35  7 69 28  - 66  -  - 63 52 61 56  -  5 51  -  - 16  -
 29 25  -  -  - 51 46  - 53 61 26  - 49 56  -  - 17 28 58  - 68 11 14  5 21  -  1  2 20  - 27 15  - 42 40 24 41 34  - 67 65 39 44 57  - 31 38 59  - 43  4 66  - 30 70  -  - 69 16 52  -  6  8 60  - 19 22 55 62 47
  4  - 26 23  - 20 40 30 12 56 21  1 32 38 51  5 61 35 53  -  - 44 18 14 37 31 25 49  - 63 11  9  8 13  - 41 42  - 58  - 50  - 17 29 16 54  - 65  - 39  - 28  -  2 45 36  - 19 34 47 66  -  -  -  - 48 10 22 67  -
 39  -  -  - 64  -  - 14 62  6 57  - 28 40  - 59  - 24 44 63 11 68  - 37  9 19 43 17 13 10 31 58 34 51  - 47 22 36 30 53  - 29  - 26  - 25 70 66 69  - 45  8 49 21  -  - 42 12 65  4  - 23 61 48 20  3 50 52 33  -
 55 64 23  -  - 67 21 39  -  - 44 51  - 61 68  -  - 45  - 53 50 62  - 13  -  -  - 11 59  - 46  -  -  -  -  - 63 33 31  - 16 34  2  - 52 41 36  - 47  - 24  - 58  7  3  4  -  -  -  9 57 66  -  - 42 60 28 10 12  -
 44  - 41  - 69 39 64  7  -  4  8 40  3 63 60  -  9 49 26 10  -  -  -  - 57  -  -  - 14  - 32 61 16 15 22 12 20 38  - 25 43  2 56 65  - 47 11  6 37 23  - 13 67 35  - 42 70  - 31 21  - 24 28 34  -  - 54 45  - 58
 32  8 44 37 43 26  - 34 47  - 55 30  -  - 17  - 35 59 49 67 64  -  -  - 58 38 36 53 31  - 24 62 20 21  -  -  4  - 14 41  - 19 12 54  -  -  2 28 46 25  6 61  - 10 56 60  9  7  - 29  1  3 66  - 69  -  - 51  - 15
 34 52 65  -  -  6 33 51 45 43 41 29  -  -  4 17  - 50 18 26  7 16 30 25  -  - 58 24  - 70 21 11  - 49 66 59  - 60  - 22 32 48 31  5 37 55 46 38  -  -  -  - 69 15 20  -  3 56  - 44 39 53 64  - 61  - 42  - 10  -
 35  - 46 43 29 27 18 11 21  -  - 36 33  6  -  - 37  - 23 62  - 55 22  -  - 58 20  -  9 65 26 32 63 12 41 52  -  -  5  - 67 44  -  - 68  - 40  - 45  4 16 30 60 66 34 17 69 10 57  3  2 49  7 39 48 61 13  1 47 31
 54  - 52 15 19  2 12  - 11  5 37 63  - 48 46 68  - 53 42 21 61  - 44  -  6 41 13 31 10  3 51 23 29 45 25 26 67 20 49  - 59  - 24 33  -  - 22 43 36 55  - 39  -  -  4  -  - 47  -  - 27 17  - 32 34 70  - 57 35 16
 28 59 12 29  - 31 52  -  4 58  -  - 64  - 20 53 68 61 47 13  - 57  - 67  -  -  9 33 25  - 30  -  1 50  -  - 19  - 18 54  -  - 39  - 24 17 51  -  - 35  8  2 37  -  -  - 43  - 27 45 44  - 36  - 26  7 38  - 32 41
 57  - 14  - 58 19  -  - 63 44 62 70 46 36  -  7 69 30 11 68  -  - 39  -  -  9 56 10 16  - 34  -  -  6  3 38 64  -  -  8  -  - 55  -  5 22 50 17  - 32 15 27  - 59  - 26 47 20 42 67 61 29 12 45 41  - 23 66 52  -
 11  - 42 39  -  4  - 46 18 66  5 65 25 54 35  -  - 67 15  - 28 51 27 53 43  - 59 38 23 60 22  - 40  9  -  -  -  - 50 63  - 41 57 13 19 20  7  1 30 68  - 36 47  - 61  6 26  -  -  - 16  - 52 58 49 45 14  -  -  -
 41 63  - 67 12 59 19 21  2 30 31  4 50 13 24  -  -  -  8 27 26 18  - 39  - 23  - 52  -  7  - 16  - 57  -  -  - 25 69 46  -  - 53 42 29 34 48 58 20 40  - 45  -  - 54  - 65 28  -  - 35 55 32  5 70  - 44  - 17 51
 69 29 33 52  - 35  -  - 41 51  - 48  -  9 59 50 66  - 24 38  - 64  - 10 63  1  - 28 27  -  - 55 49 19 20  8  5 57  - 56  - 21  3 61  - 45  - 11  2 14 67 25 13 12  - 34 54 16 26 58 23  7  - 68 22 30 43  -  -  -
  - 66  -  2  - 40 30 55 46 15 54 60 65  - 16  6 21  - 62 33 43 50 29 26  -  -  - 27  -  - 12  - 24 70 13  -  3  - 41  - 57 45 35  - 48 18 53 69 25 58  9 68 19 51 31  -  -  8 10  - 17 28  -  -  1  - 61  - 63  -
  -  -  -  6  -  - 20 36  - 39 22 33 70 37 50  - 48 62 27  -  -  9 35 21 54  - 26  - 11 15 63  - 52 38  -  4  - 44  -  - 51  1 65  8 28  - 45  - 12 61 64  -  -  3 23 32  - 57  - 10 40 19 31  7  - 46 49 41 13 69
 17 11 68 53 42  - 25  1  -  - 10 24 54 41 67 52  - 36  - 56  - 13 12 31  -  -  8  -  4 64 14 65 55 66 63  - 15 48  - 20 44  -  - 45  -  5 23 22  - 47 27 29 40 50  -  - 57  9 58  -  - 70 35 26 51  - 30  - 61  -
 23  2 53  - 24 22  -  - 58 37  - 54  - 25  - 27  - 40  -  - 65  -  - 35  -  5  -  -  - 16 49  7 57 29 50  - 52  -  - 19 64 59 33 51  - 63  - 60  -  - 21 15 12  - 68 39  1  - 18 41 48 32  3 28 46  -  - 26 43 45
 14 57  - 68 33  -  2 65 10  -  - 47 67 44 53  -  - 15 51  4  - 22 43 20  - 12 11 18 41  - 62 13 42 24  -  - 30  - 70 34  -  - 23 19 55 28  -  - 64 46 31 60 61  1  - 63  - 21  - 59  - 16 58 38 36  -  5  - 29 17
  -  - 59 32  9 11 69 22 68  - 15 23 41  - 13 51 16 43 54 66  8  - 10 45  - 39 18 58 17 57  - 12  - 31  - 70 55  - 35  -  6 46  -  3 60 24  - 14  -  -  - 47 21 49 40 52  2 38  -  - 56  - 20  4 30  - 29 42 44  -
  -  7 51 31  -  - 54  - 69 14 17 21 20  1 62  - 57  - 50  2 36 60 13  -  -  -  -  -  -  -  -  - 48  - 59 16  - 30 25 12 19 61  - 23 42  4  -  -  8 65 40 44 29  -  -  -  -  - 35 70 41  - 49 56  -  - 24  5  9 55
  - 65 34  - 47 68  4 59 70  8 19  -  2  5 55  - 20 41 22 45  -  - 23  -  - 17  -  - 40  - 15 42 62 54 14 61 46  -  - 16  -  9 36 66  - 32 21  -  - 33 28 57 35 52  - 37  6 63 51 26  - 18 27 43  - 29 56 30 39  3
  - 12 66 56 60 29 14 70 49 16 65 22 53  4 34 40 46  1  - 57 37 61 28  2  - 54 62 39  - 26 48 10 13 43 23 25  -  -  - 42 55 50 59  - 51 21 44 32 41 52  - 17 64  6  - 35 33  3 45 38 36  -  - 67  - 69 18 15  8  -
  -  - 16 45 18 37 68  -  -  - 35  - 34  - 56  -  - 29  - 17  -  - 25 59  1  - 21  - 62 28  7 44 22  5 48 43 10 27 64  2 53  - 50  -  - 60  - 15  -  9 49  - 24  8  6 40 19  - 46 66 30  - 14 11 12  - 31 20  - 54
 46 27 30  -  - 63 59 26 65 67 28 38 15 64 49  - 10 48  -  6  9  1  -  - 13 40  -  - 66  - 50 17 14 69  2 36  - 23 60 35 25  - 29  - 54 68 61  -  - 19  5 16  - 32 52 31 45 70 33 12 43  - 37 51 21 44 11  3  -  -
  -  -  - 46 22  -  -  - 27 40  6  - 10 53  - 45 58  8 61 37  -  -  -  - 32  - 54 12 65 23 60 18  - 33 15 20 70 59 26 36  - 67  -  - 21 16  - 44 35  7 11 49  - 42  - 66  - 13  - 56 51  4 57 19 38 17  - 47 31 64
 63 61 29 11 31  - 28 25 52 49  - 13 56 35 41 65 45 34  1 58 23 42  - 12 64 60 14 51 54 22 39 27 18 32 17 40  7 26  2 62 47  - 30 68  -  -  - 20 24  - 44  - 50  -  - 57 67 48 43  - 46  -  4 21  -  -  - 38  -  -
 43 51  5  -  2 24  -  -  - 59  3 14  - 46  1 63 28 22  - 16  -  -  -  7 52 27 55 69 39  8  - 48  - 26 36 65  -  - 29 57 62 32 37 10  - 61 25  - 38 18 23  - 44 40 35 41 31  - 15  - 58 64  9 30 68 21 70 60 49 50
 13  - 57 41 35 15  -  - 17 23 64  - 42  - 19 12 24  - 40 18 54 56 26 46 60  3  - 30 69  9 43 22  - 48 33 51  - 61 45  -  -  -  -  - 20  7 16 31 21 36 58 37 59 55  - 65 14 25  - 28 29  8 62 63 67  -  -  2 27 44
