3430
 65 55 52  4 64 69  - 38 35  -  -  9  - 53  1 28  - 49  - 40  - 20 57  -  8 14  - 24 37 10 27 54 19  - 61 39 32 45  -  - 22  6  - 17 43 12 62 46 33 56 59 48 47 16 21 31  - 18 30 15 23 44  7 63  - 42 50  - 13 36
 12 36  -  - 44  7  -  -  - 20 45 19 63  - 55 34 65 17 13  -  9  -  1  - 54 24  - 22 69 23  - 56  - 40  - 64 67  -  - 21  2  - 47 39 10 27 50  -  - 49 61 28 70 37 15 33 68 48 42  - 18 30 51  3 35  - 29  -  4  -
 44 41 15 46  - 63 18  -  - 69 33 50 17  -  2  4 53 48  - 13  -  8 51  -  -  -  -  6 47 27 36 31  -  -  - 11  - 42 45  - 29 21  7  - 55  9 61 23  3 59 54 66 49  -  -  5  -  - 60 12 32 26  -  -  - 39 52 70 58 25
 34 62 31 55  - 37 43  - 41 26 36  - 15 13 16 49  - 60 51 65  8 58  -  -  1 40 24 12 68  -  -  - 11 61 59 48 53 39 23  - 17  -  -  6  -  - 66  - 52 45 70 67 22 28 30  - 63 32 35  3 29 57  - 69  -  -  2 50  7 38
 64 65  - 20 27 50  - 45 38 55 66 13 69  - 26  -  -  - 61 28 56 30  -  9  4 62 44  - 29 36 23 18  2 24 19  5 57 11  -  -  3 49 51 53 25 32  - 68 48  - 21 52  - 12  -  - 47 42 70 17 37 22 46  - 33 16 60 54 63  -
 58 13 38 61  - 70 53 59 14  -  1  - 45  - 15  2 30  5  -  6 51 56  -  - 18  - 23 31 44  -  - 57 42  - 10  7  -  -  - 50  - 29 22 46  - 40  -  9 11  -  - 65 12 64 69 48  - 25 32  -  - 54  4 16 28 34  -  - 37 17
 22 39  - 14 49  - 29 30 66 60 46 43  9 11 37 32  - 15  8  1  3  6  - 23  - 31 69 33 63 50  -  - 26 68  - 35  2 53 56  - 51 61 38 41  -  - 55 48  5 13 34 27 67 24 62  7  4 40  -  -  - 19 18 70 54 44 64  -  - 10
 69  - 64 28  2 60 35 56 55 11  -  -  -  - 41 47 32  - 46 38 49 16  -  -  - 39  - 18 33  -  1 51  7 20 13  - 62 50 36  - 45  5 66  4 59 61  - 40  - 65 26  - 19 63 12 43  -  8  - 25 22  - 23 24 53 58 44 27  -  -
 13 66 40  -  -  - 31 15 50 48  -  - 25 21 12 63 23  8  1  -  5  - 56 10 69  - 68  - 26 42 43 16 30  - 47 41  - 49 14  - 19 11  - 52 57 38 51  - 55  6  2  9 59 58  3  - 36  -  - 53 46  - 67  - 32 20 22  - 33 27
 57  3  - 25 61  -  7 17 30 54 38  -  - 69  -  -  - 40 70 45 29 41 53 44 23  2  1 64  - 31  5 28 15 66 32 59  - 62 19  -  - 16  - 55 27  - 26 21 35  8 20  - 13 65 48 37 33  - 67 52 60  - 34 56  - 63  -  - 36 11
 61 20 35 67  - 24 42 25 34 23 16  5  1  - 64 13  -  -  -  - 65 60  9 69 26 17  - 11 15 19  3  2 37  7 68  - 44  6 29  -  -  -  - 28 47  - 53 70  - 63 66 33 48 22  -  - 12  - 56 21  - 40 55  - 38  - 54  - 45 41
  7 40  9 31 24 55 23  1 46  - 59 20 44 27  - 22 19  4  -  - 69 54 68 65 56 67 17 15  - 64 45  6  - 37 25 53 60 36 32 48 10  - 13 58 70 26 33 63 14  -  - 41  - 62 43 47  3 16 11 39 52 28 66  - 21  - 12  - 49 34
  -  - 44 24 55  4 56 12 10  -  -  - 58  - 39 70 40 64 21 54  - 53 48 27 31  -  - 17 28 22 63  1 52 33 20 45 15 34 13 35 68 42  8 43 26 29 46 18  -  - 16 49 60  6 47 66 65  -  - 14  5 37  -  - 67 38 51 11 59 19
 19  8 17  -  - 58  -  - 28 12 42 34 33 31 50 16 67 18  -  2  -  - 21 43 24  -  - 70 32 53 11  -  - 55  -  -  - 48  - 44 49 66 64  7  - 13 25  - 41  4  9 46 14 68 57 51 29  - 20 59 38  - 65 39 10 45 61  - 40  -
  8  5 55 32 16 27 41 57  -  - 69  6 35  -  - 21 25  - 38 51  7 28 34 49  3  -  - 23  2  - 60 66 59 19  - 67 12 56 70 58  9 37 42  - 68 50 47  - 29 54 33 61  1 26 40 64 46 22 43  - 15 14 30 62 18 24 53 52  - 63
 47 63 26 35  - 10 52  - 43  6  - 27 36  - 59 38  8  -  - 44  - 42 65 33  - 54 22 21 51  - 15 40 23 13 64  -  1 18 67 17  -  - 48 70  - 46  -  -  -  - 19 30  -  -  - 11 50 55  9 57 69  3 29 66 14 56 31 28  -  5
 16 60 59  - 46 26 40 51 52  -  5 45  -  4 34 56 43 68  7 70  -  - 20 22  - 35 14 69 41 12 38 50  -  - 44 33 24 65  - 37 32 47 17 62 53  -  8 58 18  -  3  2  9 39  1  - 27  -  - 42 25 48  -  - 57 67 15 63 61 66
 39 49  - 12  9  -  1  - 37 51 70 44  8 54  -  3  -  -  -  - 48 32 19 17  - 63 50 43 27  - 68 58 24  - 29  - 65 33  -  7 52 23  -  - 41 28 34 61 59 64 38  - 35 42  -  - 20 21 57 47  6 56 36 46 26 40  -  - 18 55
 28 29 45  -  3  - 67 69  -  - 10 52  -  - 60 64  6  - 57  - 31  -  - 15  -  -  5 51 36 47 66  - 40 23  -  -  -  9 59  - 26 30 27 24 39 35  - 55 65  -  - 18 17  - 44  -  -  - 38 19  -  2 20  -  -  4  - 34 41  -
  -  - 32  -  -  - 33  -  - 13  - 41  - 25  7 69 11 63 49  - 12  4  - 52 38 64 18 19 45  9 51 44 35  5 16  - 70 46 57  -  - 10  - 34  -  -  -  6  -  -  -  -  -  - 56 14 54  - 68  -  -  -  3 48 39 15  -  - 65 43
  - 15 24 38 36  6  - 49  1 64 68 30 51 43 20 46 28  -  - 31 25 11 59 67  -  - 66  - 16 17 21 34  -  -  -  -  -  2 12  - 70  9 54 63 33 10  -  - 56  - 48 39  - 61  - 69 13 19 26 40  8  - 42  5 60  - 55  - 50 14
  - 69 42 50 32 28 10  -  8  - 29 22  -  - 38  -  - 45 33  4 54  - 44 24 12  - 41 65 70  -  - 30  -  - 34 47 66  1  -  9  - 17  -  - 58 60 63 53  2 46  - 68 43  -  - 19 59  - 15 18 48 16 62 67 56  - 57 23  5  -
 18 54  -  - 10 15  -  5 63 29  - 25 42 17 13 52 70 34  - 49  - 26 12  - 16 46 64  -  - 39 53  -  -  2  -  - 55 43  -  -  -  - 11  9  - 67  -  -  -  -  -  - 38 56 23 35  1  - 51  - 45 68  - 32  -  - 59 40  - 69
 21 14 48  8 53  5 22  - 20 30 44 15  - 60  - 42 45 32 47  -  - 36  -  - 39  1  6 40 18 25 28 29 51 46 11 34  - 54 35 24  4  - 62  -  - 59 10 26 23  -  -  -  - 43 19 12 57 49  - 66 56 50  -  -  7 64 37  -  9  -
  -  4  1  9 68  8  - 52  - 40 11 66 67  - 43  - 13 36 27 37  -  -  - 51 59  5  - 46 30 63 16  3  - 21  - 18 25 29 33 31 57 56 12 47  7 54 32 19 64 41  -  - 10 20 70 17 14  -  -  - 53 61 28 26  -  -  - 42 35 45
 38 35 18 48 50 11  -  -  - 44 41 62 12  7 42  - 20  -  9 23  - 49 16  5  - 55  -  -  -  6  8  - 47 69  - 40 45 19 24  -  1 43 59 27 60 37  -  - 36 70 51 54  -  - 61  - 25 53 22 30 28  -  -  -  3 32  - 39  -  -
  1 59 36 69 37 32  -  -  -  - 24 21 23  6 28 40 16 33  5  7 46 67 18  -  9 66  -  -  - 62  -  -  -  -  - 42  - 22 61 51  - 12  - 50 56 49  -  - 43  - 27  - 34 57  - 26 35  2 64 38 68  -  - 17  - 53 11 41 10 30
 30  - 67 53  -  -  8  - 21 34 43 12  - 65 49  - 10 13 45 66  -  3  -  -  7  - 32 38 64 60  -  -  - 70  4 16 14 58 25 46 28 26 15 56 51 48  - 69 44 62 40 57 41 19  2  9  - 31  - 11  1 59 61  - 17 29  -  - 55 50
  - 28 34  - 39 21 19  -  -  -  - 53 27 47 58  - 24 65 66 36 64 63  -  - 40 45 51 62 11 38 50 43 67 54  - 61 31 32 10  4 55 22  - 29  5  6 17 42 16  -  1  -  3 15  -  - 56  -  -  - 30  -  - 37 41  2 49 46 23 60
 52  - 53 63  - 17  -  - 19  - 12 65 40 28 14 18 69 26 23 56 22 33 35 54 34 70  -  1 67  - 41 37 64 16 57  - 68  8  - 61  -  - 10 66 42 62 43 30 20  -  -  -  - 29  9  -  - 11  3  -  - 32 15 59 46  5 24  6 25  4
 20  9 43  - 38 45 47  6 26 46  - 64 53 18  - 62  1 67 14 68  - 55 69 19  -  - 37  - 42  - 31  -  - 44 30 70 49 12  - 32 54  - 56 40 48 11 16  -  -  - 65 22  7 25 41  - 28 51  - 13 63 15  - 23 61 59 66  8  - 57
 51 16  5 45 29  1 50 68  - 25  - 33  2 10 48 67 18  - 43 20 44 66  - 70 52  -  - 61 54 30 19 14  - 17 49 15 47 35  - 56  -  - 32  3  - 22  - 37  - 42 55  - 40  - 65  -  -  - 31 69 26  - 41 64  4  9 38 36 62 39
  - 24 25  - 52 34 63 19 54  -  2  -  -  8 68  - 12  - 22 29  - 62 23 11 53  - 48 14 40 45 42 21  9  4 43  -  -  -  - 13 18  -  - 49  - 33  6 38  - 58 56  7 28  3 36 65 61  -  - 32 44  - 39 20  - 46 27 69 51  -
 67  -  - 52  - 54 36 35  - 59  - 38 57  -  9 53  - 51 16 41  - 14 49  - 19  - 45 47 31  - 37  4 34  - 62 43  -  - 68 11 63  - 50 23 17 15  - 66 24 32 18 70  - 10 28 56  7 64  -  -  -  - 22 44  2 55 46 48  - 65
  9  1 62  - 63 53  - 65 64  7  - 60 14 24  4  -  - 23 32  -  -  -  - 36 37 30 42 35 59 46 44 17 20  - 39 55  6 47 16 41 21  - 70 31 54 19 28  - 34 25 57  - 69  -  -  - 18 38 48  - 27  - 26  -  -  3 40 66 43 33
  - 42  - 37  - 12  6  - 59 57 22 67 26 33 46 31 58  - 17 14 34 24 11  - 43 16  8 10  - 41 65 39  - 15  9  4 13  3 21 45  - 48 52  2 30 70 40 29 63 18 69  - 32 54 55 27 19  - 36  5  - 25 49  - 23 28  7 64 44 62
  - 44 19 17  4  - 49 43 39 58 35 55  6 34  8 27 14 42  -  9  -  -  7  -  - 48 65 66 24 57  - 60 16 59 15 32  - 68  5  - 37 51 63  1  -  - 69 41 12 40 11 29 36 50 10 20 70 33 28 46 61 21  -  -  - 18  - 45 52  -
 10  - 56 30  -  9 55  - 65 62  3  -  - 52 33 43 36 44 50  -  4 15 61  6 68  - 29 42 19 40 49 32  1  -  -  - 41 60 18 63 38 31  -  -  - 57 67 59 39 20 23 16  - 66 17 13 53  - 47  -  -  - 21 28  -  -  8  - 24 26
  - 10 11 13  - 43 45 31 51 68 18  -  - 67 19  - 21  7  - 58 59  - 32  - 50  - 35 25  - 28  -  - 38  3  -  - 34  -  - 65 61  -  - 54  - 66  -  -  9  2  -  1  - 55 42 70 39  - 44  -  4 36 69  - 37  8  - 26 30 12
  2 38 33 21  - 68  - 37 53 36  - 61 18  - 32  -  -  -  - 39  - 50  - 60  6  - 59 55 57 29 12  -  4 51 67  - 27  - 28  - 40 69 43 16  1 17  -  - 13 35  -  -  - 34 46 23  - 54 14 41  -  8 70 58 24 65  -  5 47 48
  -  - 16 56  1 64 69 34  -  8 32 11 19 23 47 51  4 25 48 43 61  - 39 55 58  6  - 50 10  7 22 45  - 27 70 26  - 52  - 42 35  - 44 60 66  5  -  - 57 30 49 36 20 38  -  3 40 37 41 28  - 65 59  -  - 17 14 62 15 24
  - 26 41 57 18 47  9  2 29 21 54 40 56 61  - 58 38 10 20 30 43  - 60 25 48 22 16  -  -  - 64  - 68 28 63  - 42 70 34  - 36 50 31 67  - 24  5 14 15  -  -  - 39 33 32  8 52 45 37 51 17 23 13 49 55  -  -  7  -  -
 42 17 50  3 21  - 37 16  -  - 15 28 62  - 63 45 52  - 69  -  -  -  - 46 36 68 49 56  7  - 70  - 44  - 58 23  - 40  1 60  - 13 35  -  - 14 64 12  - 66  5 32 26  4 59 39 38 29 10 54 19  6  -  - 51 57 67 43 27 18
 35 67  3  - 33  - 60 23 48 56  - 59  -  - 66  -  - 12  - 64 45 43 31 16  - 29  4  - 21 52 40  - 65  8 41  - 37  -  2 22  - 55 24  -  6 47  - 32 38 26 46 25 63 70  - 15 10  7  - 50  -  5  1 36  - 27 20  9  - 49
 50  -  - 34  5 56 24 60 15 42  - 69 32  - 52 36  7 21  6 10 18 29 41 61  - 20 30 13 58  -  - 68  8 57  -  3 26 23  -  - 48 54 46 22 45  -  - 28 19 51 25  -  -  -  -  -  - 27  -  -  -  -  -  -  -  - 62  -  1 67
 56 50 63 19 35 29  - 46 24 27  6  - 37  - 61 23  - 20  -  3 11  1  4  -  -  8 43  -  -  - 34 41 55  - 48 38 59  - 52 68  - 70 40 21 49 30 18 10 28 16 67 47  - 13 54  - 58 39  - 36  - 42  - 53  5 69  9  - 26  -
 33 43  4 39  - 23  - 26  -  - 40  - 41  - 35 15 51  2  - 63  - 48 14 32 47 27 36  - 60  - 10 22 46 65  1 57  - 30 44 64 34  8  5  - 20 16 13 54 66  9 31 12 62 52  7 28  -  -  - 56  - 49  -  -  6  - 18 25  - 21
 15 52 61  7  -  -  - 11  - 32  -  -  4  -  - 60 66 69 36 46 38  - 37 56 57 10 53 27 25 35  2 33 70 22  - 28  9  - 49 59 44 64 41 45  - 42  - 50  6 14 63  - 54 18 16 68  - 65 13 43 62  - 17  -  - 47 34 21  -  -
  - 48 22  5 23  -  -  9  -  -  -  - 66  1  -  -  -  - 63 69 41 40 29 57 70 21 34 20 56 49  4 25 58 10 31  - 43  -  - 52 11  7  6 12 64 18 45  8  - 53 28  - 50 51 14  -  - 60 59 33  - 47 38 13 62 68  -  - 39  -
  - 45 30 51  - 19 28 21 11 31  -  4  -  - 57  - 56  -  -  - 17 68  2  - 66 60 70  8 65 48 13  - 25 53 33 49  -  - 58  -  - 44  - 69 12 41  - 15 54 36  - 20 24  -  -  -  6  -  -  - 50  - 32  - 43  - 16  - 42  3
 37  - 21 15  7 40  -  - 13 43 25 29 31  - 10 41  2 59  - 61  6 35 62  1  - 33 63 16  3  - 18  - 32 50 28  -  4  -  -  - 12 46 60 19  8  - 70 52 69  -  - 55  -  -  -  - 48 58 45 24  -  -  -  - 34  -  - 65 57 22
  - 32  6  - 15 33  - 62 61 10 49  - 59  - 51 12  9  - 31 18 14  -  -  - 65  -  - 41  4 66 48 20 45  - 52  -  - 17  - 40 67 34 23  -  -  2  - 44  - 39 24 35  - 47 26  - 42  5 19  -  - 53  - 68 69 22 28 55  - 56
 17  - 10  - 57 16 27 55  -  -  - 39 13  - 23  - 15 70  - 59 19  -  -  8 29 34 62  -  -  - 30 42 66  9 46 69 20  - 48 49  - 24  2  - 18 21 36 22 31  1 32 58 52  - 37 50 44  - 53  - 11  - 43 41 65 60 33 61 67 35
 11 12  -  2 70 31  - 18  9  -  - 54  3 20 25  -  -  - 19  -  -  - 36 28  - 44  -  4 43  - 46  - 49  -  6 17 35 10 50  - 64 63 55  - 15  7  - 34 26 22 53 23  - 69  - 45  - 59  - 48 41  - 24  -  -  - 21 51 32 37
 43 27  -  - 34 67  - 42 31 61  -  - 24 19  -  7 63  9 40 32 28 70 45 30 49  - 54 44  - 58  - 10 48  - 51  - 52 16 38 69  - 18  3  - 62  1 12  5  - 55 68 59 21 11 29  - 17 23  - 64  - 60 47 65 50 35  6  -  - 15
 60  - 51  -  - 38  -  -  -  -  -  -  - 37 27 65 41 28 39 42 35 61 17  -  - 50 12 26  - 55  - 36  - 45  3  - 33  - 43  - 58  2 68  - 23 52  4 49 22 48 15 69 66 44 24 16 32  -  6 29 40 62 31  1 30  -  - 18 46 13
 70 68 37  -  - 48 32  7  - 18 28  - 20 22  - 59 62 29 65 26  - 23  - 35 27 51  -  3 17 69 54 11 33  - 66 36 21 55  -  -  -  1 19  8  -  - 39  -  - 57  -  -  -  - 38 34  - 50  - 10  - 41 60 14 52 61 58 15  - 53
 48  - 29  - 43 20 58 28  -  5 14 10 34  - 56 55 26  - 60  - 24 18 54  4 46 32 52 36  9  - 61 49  - 12 40  - 50 21 42  -  - 53 69 65  - 51 22 13  - 11 41  3 15 45 39  - 67 63 33 37 35  - 19  -  - 30 68 44 66 31
 25 22 65 58  6 46  - 61 36 49 30 32 11  2 40 19  -  - 18  -  - 12 28 41 13 15 26  - 55 33 17 24 31 52  -  1  3 20 51 53 59 14  -  -  -  -  7 35  -  - 45  - 16 48  -  -  5  -  -  9  - 43 10 47  - 62 69  -  -  8
 55  - 66  - 13 51 25 67 18  -  -  - 22  - 65 48  -  - 44 53 32  - 24 64  2 56 39  -  - 37  - 70 17  -  - 68 19 69 54  - 33 57  -  -  - 58 52  1 46  - 14  -  -  - 11  -  -  -  8 27  - 45 35  - 20 12  - 31  -  9
 36 21 12 29 25 66  3  - 62 24  7 68 48 58 44  -  - 52 55 19 16  - 50  - 60 11 38 49  1  5 47  9  - 64  -  - 28 59  -  - 31  4 57 26 40  - 41  -  - 17  6  - 30  -  - 61  -  -  - 67 51  -  - 27 15 10 43  - 69 54
 45  - 57  - 11 61 70 66  - 39 21 18  - 35 31  -  - 62 37  -  - 19 38 29 17 23 58  - 48 34 69 59 54 42  - 13 10 63  -  - 41  -  - 51  -  8 56 43  1  - 36  -  - 32  - 53 64 24  -  - 20  - 16  - 49  6 47 67 22 40
 66 19 27 22 40 52 59 58 47  2 63 16 49  - 70 39 37 41 53 34  - 69  - 45  - 43  7 54 14  3 56 46  - 38 18  - 51 44 55 15  - 25 65 57  -  -  9 60 50 28  4 10  5  -  6  - 30  -  1 62 67 31  - 29  - 48  - 17 12 20
  -  -  -  - 17 39  - 22  - 52  - 70 68  -  - 30  -  - 64 11  - 65 47  7  - 26 61  9 66  - 29  - 28 67 27 31 48  -  -  3 13  -  1 18 50  - 42  - 32  - 10 62  - 41 45 25 55 69 21 34 33 24  5  4  - 14 19 49  - 16
  -  - 23 41  - 25  - 63 60 33  - 42 30  -  -  - 29  - 15  - 62  2 66  - 22 52  -  -  -  - 58  -  - 32  - 19 40  - 53 26 50  3 45  -  4 34  - 67 51  -  - 44 37  - 35  -  9 46  - 16 57 39 48 18 31  1 17 10  - 28
 54 47 39 18 65  3 14 44  4  1  9  -  - 30 62  -  - 53 25 35 10 57 52 34  -  -  -  5 20 21 59 55  - 56  2  8 69 51 15 28 27  - 61 32  - 36  - 17 40 50  - 19  - 31 60 67  - 66 49 23 16 11  6  7  - 41  - 24  - 68
  - 53 46 26 22 13  - 33  6 67 34 48 38 45  -  - 68 66 59 16 37  - 64 12 15 57  -  2 52 70 32 63 69  -  - 10  -  4 47  -  7  - 18  5 31  -  -  -  -  - 30 43  -  9 50 36  -  - 62 49  - 58 14 54  - 25  - 60  - 51
  -  - 69 23 58 65  2 53 67 66 19 14 70 42 24  8  -  - 52 21 26 10  - 40 32 47  3 57  - 18  - 35 41 43 38  -  7 61  - 39  5 45 28 13  9 63 15 51 17 37 44 64  4 36 25 55 11 68 16  - 31 34 12 22  -  - 30  -  - 29
  4 37  - 27 56  -  5  - 32 15 17 57  - 39  -  - 60 30  - 48  1  - 43  - 41 58  - 28 61 26 20  - 50  -  -  - 46  7  - 67  - 65 33 44 29 45 59  - 49 52  - 38  - 14  8 63  - 36  - 70  9 69 53 12  - 23 25  -  - 42
  -  - 54  - 41 59 46 29 70  - 58  7  - 57 21  - 33 61 34 50  -  -  -  - 10 28 25 30 53  -  9  8  -  -  - 14 17  - 62  6 16  - 36 42  -  -  -  -  - 12 35 26 51 60 68 22 23  - 39  4 43 67  - 55  1 11  -  3  - 32
