3430
  -  7 56 38  6 60  - 45 69  - 47 17  - 34 42 12 13 29  - 52 11  -  -  - 53  1  -  -  -  -  - 24  - 16  3 46  9 35  -  - 23 62 48 41 49 68  - 28 44 36 31 20 26  - 10 64 51  8 22  - 14 67 25 40 27  4 43 33  - 18
 52  -  -  1 54  -  2  -  - 68  - 26  6  5  8 59 12 47 29 33 20 61  -  4 40 63  -  -  7  -  -  9 58  - 25 69 43  - 34  - 41 17 57 28 36 42 15 53  - 31  -  -  - 13 14 27 46 45 24 35 38 23 32  - 67  - 51 49 11 21
 18 21 40 42  2 12  -  - 58 20 63 13  -  -  -  8 45 52  -  1 29 39 27  -  -  9 16  - 54 30  -  -  - 36 35  - 57 33 37  -  -  - 44  - 43 32 26 55 68 23  5 53 34  - 49  -  - 51 41 70 25 31 65  -  -  - 69 24 17 15
 25 19 24  2 35  - 64  -  - 42  - 58 56  - 41 13  4 45  - 47 15 49  -  - 57 36  -  1 55 32  - 21  - 43 53 28 48  -  -  - 33 20 62 16 30 31  -  6  - 40  -  8  - 10 67  - 70 59 69  -  - 14  3  5 66  -  - 37 46 61
 26  - 54 24 13 57  - 49  - 21 43  2 27 55 67 58 14 64  -  - 40 50 33 35 44  - 47  - 60 29  -  - 10  -  - 70 46 12 52  -  - 61 66 38  8 18 25 62  9 59 41  - 53 65  6  - 37  -  7 42 39  1  -  - 30 15 68 22 23 51
  - 45 23 36  - 67  -  - 54 53  - 47  - 31 10 34  - 18  3  -  - 51 28  - 68 57  -  -  2  -  5 33 14 32 38 16 64 21  - 56 11 15 50  - 40 13  - 42 22 55 49  - 27  - 41 30 35  6  - 60 19 43  - 70  - 61  -  7 44 24
  -  4  9  -  - 18  - 21  - 47 70  -  - 45 61  - 58  8 19 57 12 63 30  3 55  - 23  - 48 39  -  - 46 27  1 25 50  5 10 37 40  6  -  - 56 64  - 52 11 49  - 14  - 43 42 67 28 65 36 32 29 22 17 68 16 51  7 69  -  2
 32 26 15 33 11 66 13  7  - 12  - 63 18  8  -  - 28  - 67  - 65  - 46 38 47 24 48  - 16 36 21  4  - 39  - 43 10 25 57 53 34 27 40 62 29  -  3  - 50 54 45 49 68  - 69 61  6 37 59 20  - 58 30 22 41 42  1 52  - 56
  3 13 55 35 70 56 58  - 12 65 62 31 46  - 19 53 39  -  8 11  - 59 34 33  5  - 51 47 27 23  - 45  -  1  9  - 69 43 41 22  - 10  -  - 25 26  - 50 32 61 60  6 40 38  4 57 21  - 64  - 18 48 16  2 17 37 63 28 68 54
 39 23  - 50  - 36  - 14 66 45 32 11  - 29 21 19 49  - 18 41 62 60 61  7 51  - 40  -  -  3 20  5 31 10 52  -  -  - 35  - 63 55 70 64 48 12  - 68 54 17 13  - 28  1  -  - 43  -  - 46 67  -  2 44  8  - 37 57 38 30
  -  - 68 64 38 37 47 33 17 35  - 14 28  - 63 52 10 49 21  6 30  7 22  2  -  -  - 23 66 61  -  -  - 57 20  -  -  - 16 42  3 13 11 43  - 50  -  - 26  4 25  - 51  - 58 60 45 69  -  5  - 32  9 41 24  - 48 18 65  -
 43 50 57  - 12  -  3 60  -  - 10  -  - 26 32  5 44  - 68  4 55 22 54 45  - 47  - 66 49  6 36 39  7 19 56  - 28 64 38  -  -  - 30  -  - 65  - 58  - 62  -  - 33 42  -  -  1  - 15 37 27  -  - 23 48  - 18 31  - 25
 66 16  - 55 65  8  - 24  2  5 58 52 10 67  - 41  7 15 26 35 61  4  -  -  - 23  -  - 46 53 70  1  - 68  - 62 17  - 13 69  -  - 56  6  -  - 47  -  - 33 29 21 42  - 45 50 20 64  -  - 51 25  -  -  -  -  - 44 37 43
 41  - 65  -  -  -  -  -  - 43 40 21 29 27 60 37  1 14 49 17 23  - 35 59 36  -  - 53  -  - 67  - 45 13 18 64 63 24 61  6 47 34 20  -  -  2 54 33 31 68  - 10 70  - 12  8 15 28  - 50 48  7  -  - 25  5  9  - 66 44
 16 69  - 62 46 59 67  6  5  8 14  - 33 19 50 66 24 32  - 70  4  - 42  - 34 21 55  - 47 48 30 23 57 12 43  - 54 52 17 25  1  - 65 40 35 49 61 22 64  -  3  - 38 63 20 53  -  -  9 44 26  - 28  - 31 10 58 68  -  -
  - 63 42  8 10 27 37  -  1  -  -  - 64 11  -  - 31 41 46 23 24 29  -  - 30  -  - 25  -  -  -  - 38 60  -  - 19 28 21 51  -  2  -  - 62 33  - 20  - 70  - 48  - 34  - 65  3  - 39 47 50  9 18  - 57 13  - 66  -  -
  - 15  -  -  5 48 69  4 11 64  - 27 52 33  -  7  -  -  -  - 60 53 32 55  9  - 38  - 65 25 28  - 67 29  -  -  -  -  - 43 66  - 22 26 14  -  8 63 61  - 23 44 54 51 17 42 19 70  2 58 56 37 47 57  - 50 21 10 13 68
 36 40  -  - 33  - 46 59 64 27 61  5  - 39 53 30  9  -  -  -  -  1 66 70  7 34 42  - 41  -  -  - 28 56 49 21 29 63 69 57 15  - 12  2 20 35 18 60 51  - 48  -  - 54 44 47  8 26 32 10  6  4  - 25 55  - 23 19 14  -
  - 56  7  5 32 13 23 47 20 10  - 30 68 25 66  - 57  6 16  - 48  3  2  - 58 31  -  4  - 70  -  8 53 54 40  - 39  - 64  - 43 37  - 44 67 55  - 69 41 11 26 28 65  -  - 21 52 60 18  - 45 27 46  - 12 62  -  1 42 59
 47  - 36  -  - 53 63 13  -  - 12 46 50 40  -  - 33 55 25 30  - 18  - 69 62  6  -  - 67  - 61  - 44  5  -  3  7 22  2 48  - 19 21  - 26 51 49 27  -  - 38 65  - 56  - 43 60 54 17 28  -  -  - 14 68  - 34 59 52 29
 11 52 39 59 43 35 41 34  - 61 64  7  - 36  - 44  - 10 24 27  -  - 55 28 15  - 49 22 31 46  - 29 19 47  6 48 56 67 45  -  2 33  - 51  5 70  - 37 66 63  - 60 23 58  8 32 18 13 68  1  - 38  4 16 65  - 12 20 69  -
 20  -  -  -  -  4 51 27 31 28  -  - 61  -  - 56  - 23 33 45 14 68  - 49 16 10  9  -  - 13 41 17 32  8 44 29 53  - 36 55 19 35 47 46 59 63  - 48  - 25 57  -  -  -  -  6 58 50  - 52 54 60 34  - 42  - 24  - 30 26
  - 64 32  -  -  -  -  - 40 23 56  - 39 37  - 33 55 11  1 20 51 25  6 54 22 42  -  - 28  5 69 13  - 65 26 12 16 45 68 46 62 63  8 66 31  - 38 15 27 47 17  - 41 35 24 18 30  4  3 48  - 44  -  - 61 14  - 36 21  -
 42 32 61  6 50 40  - 54  -  - 23  - 14 65 57 29 68 19 35  -  -  5  -  -  -  - 34 46  -  - 17  - 64 30  - 22  - 44 70 16 58 38 43  - 47  - 48 56 24 12  - 27  2 59 13 62  - 25 28 45  - 49 63 67 26 52 39 15 51 55
 27 47 62  -  1 10  -  8  -  3 51  -  -  - 26  -  2 60 53 28  -  - 44  -  - 32  - 20  -  - 39 70  - 64 63  7 67  -  - 14  -  - 68 19  - 16  -  - 45  -  - 69  - 66  - 29 31 12 48 24  4  5 57  -  - 49  -  - 59  -
  -  - 69  - 66  - 20 35  - 60 30 49  -  - 18 27 40 58 31 44  - 70  4  - 56 54 13 42  6  - 15 22  -  -  8 59  -  2 29 24  - 50 28 65 33  - 43  -  - 51  9  - 48 55 38  - 16 57 47  3 12 68  -  - 19  - 41 14  5 39
  - 61 21 16  - 58 42 40 13 55 19  9 35 66  - 65  - 20  4  - 69 41 52  - 27 64 60 26 30 34 43  - 48  - 62  6 32  -  - 50  - 51 23  - 17 67  - 36  2  7 39  -  1 28 46 33  - 63  8 12  -  -  - 29 56 38 14  - 45 10
  2 65 66  - 28 51  6 58 22  7 42 32 20 10 33  - 46 50 54 34  - 14 37 44  - 41  - 45  -  - 40 30  - 17  - 38 60  - 25  -  - 31 64 12 27 29  1  -  4 19  -  -  -  9 62  -  -  5 70  - 59 11  -  -  - 69  - 39 55  -
 34  - 17  - 48 43  - 15  - 22 26 44 16  -  - 54 60 56 64  - 36 47  -  - 11  - 69 30 53 49 52  -  1  2 28 68  -  -  - 66 57 29  4  -  - 61  - 67 62  -  -  -  - 27 70 58 59 46 10 51 21 45  -  - 50  - 65 12  - 42
 69 34 70  - 47 15  8 22 68  - 18 23  -  - 12  - 59  5 10 60 19 38 50 51 49 37 43 44  -  - 54 46 55 11  -  - 26  -  -  2 25  - 52  - 58  -  -  -  -  - 24  4 31 20 29 63 32 62  - 21 17  -  - 45  -  - 13  -  1 41
 31 60 46 41  4 52 34 26 48 11  8 37 19 50 47 16 53 62 12  -  - 56 17 18  -  - 24  - 64  1 32 68  -  -  - 55 70 15 27 33  - 42 45 23 44 54  9 13 40  -  - 39  - 57 51 66  -  - 35  - 30  - 22 49 21 29 67  - 63 36
  9 55 34 10 42  -  - 41 16 17 54  - 63  -  6 15  -  2  -  - 25  - 70  - 65  - 21 18  - 27 38  7 11 40 39  - 31 57 48 67 35  - 69 14 22 47 56  8 37 53 64 58 49  - 61  3 13 29 44 33 62 36  - 32  -  1 66 50  4  5
 63 27  1 66  - 68 14 25  - 18 16  - 48 47 45  -  5 36  -  - 33 24 21 62  -  -  -  - 35 67  - 38 39 51  2 61 34 59  6 15 31 32 26 29 52 10 30 44 46 41  4  - 20  -  7 70 65  - 13  9 37 42 40 64  - 28  - 53 56 58
 22 38 60 12  - 69 43  - 50  - 57  - 51 58 64 25 63 59 17 16 31 48 41 56  -  - 10 27 13 19  3  - 68 21  - 18  2  -  -  - 26 40 37 53  -  4 29  -  - 20 42 67 32 23 11 44  - 52 66 62  -  -  - 33  - 65 30 35 36  1
  -  - 31  - 52 63 28  1 53 19 65  - 34 32  - 46  -  -  - 69 56  -  - 13 10  - 64 70  4 18  - 12 61  - 17  2 37  - 51  -  -  -  -  8 54  - 42 24 25  -  7 15  - 16 50  - 26 30  - 22 57 21 20 55  9 23 11  - 60 47
 61  - 12  -  - 24  - 37  -  6  - 41  4  - 16 69 27 42 15 14  1  -  - 11 66 29 44 31  - 60 58 49  - 67 33  -  -  -  -  - 28  - 55 45  -  -  5  -  7  - 21  3 50  2 32 23  -  - 38 54 68 30 53  - 70 59  - 48 62 46
  5  - 64 31 51  - 12  -  - 13 53  3 22 69  - 45 56 46 34 61 47 44  -  -  - 48  - 63  -  -  - 10 23 35  - 49 68 66 19  -  - 65  9 57  - 15  4 16 30 50  -  - 52  - 54 36  2 33 25  8  - 28 62  - 14  - 27  -  -  -
  1 41 48 44 15 29  - 50  - 34 33 19  -  4 55 28  - 25 56 22 32  6  - 12  - 18  - 11 21  - 37  2  -  - 66  - 14 38  3  -  8  - 27 59 13 69 70  -  - 35  - 43  - 26 57 49  -  9 40 68 63 54 51 24 47 39 31  - 58 16
  -  - 53 37  - 11 16 31 29 25  - 65 57 15 49  - 20  -  - 21  - 40 38  - 24 56  -  3  - 59  - 32  - 58 34  - 13  -  5 17  - 23  1 48  9  -  - 26 67 18 69  - 43  7  - 28 54 68 14  2 35 41 44 66  - 36 55 61  6 27
 37 12  - 39  9 23  - 68  - 36 13  4 47  6  - 24  -  - 57 40  - 34 11 42 63 45 32  -  - 14  7 66 27 25  - 17 22  - 43 38  - 59 49  - 46 19 44 64  -  - 52 62 58 67  1  - 69  - 54 55  - 15  8 35 10 70  -  - 26  3
 60 58  8 61 39 32 19  -  - 41 11 36 55 21  - 67  - 17 20 29  - 33 23  6 64 62 27 54 51 63  - 65 43 46 69 26 40  - 42  - 14  - 10 15 38  - 50 49 47 22  -  -  - 68 28 52 12  - 37 31  -  3 45 59  4 57 25  5  -  -
 56 67 14  -  7 64 22 23 49  - 21 35 65 18 40  -  - 33  - 37 46  8  -  -  - 51 58 41  - 52 31  - 62  -  -  - 44  - 26 60  - 12 42  9 63  -  -  -  6  - 68  -  -  5 47  - 55 53 50 39 13 24 48 11  - 34 17 27  - 66
  - 66 47 53 29  - 36 12 37 49 20 34  - 62  - 39 54  7 44 56  3 57 13 26 41  - 30 68 52  -  -  -  - 38 60  -  - 58 50  - 18 67 31 33 16 43 14 11  - 69 27 32 63  - 15  -  5 21 61  - 70  -  -  -  2  - 64  -  - 48
  6  - 43 29 61  7  - 62  - 32  -  - 12 60  - 57  - 54 70  -  - 66 10 48  8 44 39 59  5  - 46 55  -  - 23 45  4  9 14  - 51 16  -  - 19  - 20 31  - 38  -  -  - 53  3 41  -  2 63  - 34 50 49  - 37 35 47 40  - 22
  -  - 10 49 62 55 59 67 18 31  -  -  7 53 69 42  -  -  -  - 16 64  -  8 50 28 15  - 61 33  2  - 65 70  - 47 66 60  -  9 36 44 14 22 32 57  -  5 17  -  -  -  -  4 37  -  - 43  - 41 23  - 21 39 35 30  3 51 34  6
 21  -  - 47 40 44 66 39  -  -  2 24  -  - 68  - 22 61 69 25  - 11 65  - 13  -  - 56  - 16  6  -  4 23 59 54 49 10 55  - 27  9  - 50  7 28 60 41  - 67  - 26  8 45 31  -  -  - 34 18  - 57  -  -  -  - 53 62 64  -
 40  5 33  - 16 41 56 17  4 66  - 22  - 61  -  - 38  -  - 32 10 19 51 30  - 25 50  -  -  2  - 42  -  6  -  - 58  - 46 21 65 54 15  - 28 20 23  1 57 13 36 63 60  -  -  7  -  - 27 34 44  -  - 12 43  8  - 47 49 11
  - 37  -  -  3  - 26 16 27  -  6 33 53 12 43  - 62 39  5 66 67 23  - 32  - 52  - 15  - 42  -  -  - 31 54 34  - 14  1 20 50 25  2 36  -  - 51 35  - 57 30  9  - 24 60 19 40 10  4 64  7 46 55 21  - 63  - 70 48  -
 49 53 30 25  - 33  - 28 46 14 50 67  -  - 11  - 43 35  - 65  - 36 19 24 42 26 31  - 69  - 66 56 63  - 51 27  - 29 44  -  -  8 58 61  -  1  - 17 16 15 55  -  9 40  -  -  -  3 57  -  5  -  -  - 34  - 38 23 41 52
 68  -  - 58  - 21 18  -  - 54 46  -  - 30 17  -  - 44  - 15 45 55 16 63 31  7 20 14  9  - 60  - 69  -  - 51 25  - 53 64  - 66 39 52  1 27 59 38  -  -  -  - 57 47 19  -  4  - 11 56 28 35  -  -  - 22 62 29  2 12
  -  2 27  - 44 20 21  9 42 30 22 18  -  - 48 10  8  -  - 36  - 17 62 39 70 58  - 51 34  -  - 63 50 33 45 40 65 47 60  -  - 28 38  - 15 59 68 29 49  - 35  -  - 64 66 25 67  - 23 19 46  - 52 56 32 54  -  4 43 31
 24 14 28 54  - 70  - 29 23  - 31 25  5 41 30  2 66 65  - 48  - 35 47 61 32 39  4 57 68 17 53 43  -  7 15  1  - 56  -  - 38 69 33 13  - 45 58  - 34 46  6 11 10 18 63  - 50  - 26 16 36 62 64 37 22  - 40  - 12  -
  - 42  - 63 68 22  7 18 14 70 37  6 44 59  2 20 17 40 65  - 27  - 25 66  1 61 67  -  8 11 23  -  - 55 30 52  -  - 32 26  - 21 46  - 64 56 10 12 19 48  - 51  -  3  - 45 57 34 29 15 43 33 36  9  5 60 49 13 24 50
 30  - 63 19 31  - 40  - 65 29  - 39 38 57  - 36 35 27  - 46 21  -  1 23  - 60 68 49 10 66 48  -  2 18 13  - 59 20 15  - 24 26  -  - 69  -  -  - 28 44  - 34 64  8  -  - 53 47 45  -  -  -  - 50 62  -  -  -  - 37
 46 18 22  - 23  3  5 11 15  - 49 60 67  -  -  - 21  -  - 12  -  -  8 64 37 40  - 32 62 57 33 61 24 41 70  -  - 69 31 10 56 52 17 55 50 30 45  - 35 42  -  -  - 36 68  -  - 44 51 25 65 29 54  -  7  -  6 43  - 20
  -  -  - 20 53 62 15 48 43 44 52 57 49  - 70 23  - 16  -  - 22  - 40 65  -  -  1 61 58  - 19  - 42  - 21  - 11 39  - 12 64  -  -  -  - 46 34  - 38 60  - 68 24 32  - 10 47  -  - 26  -  - 50  8  - 25  - 17 29  -
  4  - 16 70  - 26  -  -  - 39 48 28  - 51 36  - 41 22 55  - 44 21  7 34 20  -  -  5 19  - 12 60 37 14 57 63  -  - 11 45 59  - 18  -  - 24 64 23 56 52 40 42 47 30 25 31 66 38 46 65  3 61  - 27 29 43 50  6 54 35
 10 25 59  9 60 47 44 46  -  2  -  1 70 28 13 63  - 26 36 64 39 20  - 21 23 30 33 38 50  - 27 58 29  -  - 42  -  8  4 19  7 56 35 17 68  3 53 51 43 24 67 16 22 61  - 12 11 31  -  - 41 66 69 62 18 32 52 54 57 14
 28 44 19 57 26  2 49  - 35 67  - 15  1 22 27  -  -  -  7  -  - 69 14 43 39 68 45 37 32 51 18 36 25 24  - 11  -  3 65 70 60  -  -  - 41 52  - 46 58 56 16 33 29 50 30 54  - 40 12 17 42  6  - 31 59  - 20  -  -  -
  - 22 25 51 14 17 68  -  - 24  9  -  -  - 46 62  -  - 32 58 54  - 69 16 19 50  -  -  -  - 45 64  - 53  7 65 18  -  8 29  -  - 61  - 60  - 40  3 23 66 70 30 67  - 52 48 27 20  1 63 49 56  5 28  -  -  - 34 39 57
 65 36 13 21 41  6 39  - 33  -  - 45 24  -  - 68  - 53  - 42  - 16 57 50 67 20  - 60  - 44  - 25  - 62  -  - 23 61 12  - 46 18  -  - 10  -  -  7  - 34 59 37 30  -  - 69  - 66 43 14 47 64 11 51  - 55 32  2  9  8
 44  9 41 43 36  -  - 19  - 15 38 56  -  - 54  - 61 31 50  5  - 13  -  - 14  8  - 52 26 28 62 53 35 66 64 57 51 68 40 59 29 48 63  -  -  7 12 65  3 30 22 55  - 21 16  - 42 23  6  -  - 47  -  - 11  - 70  -  - 49
 51 54  - 13  -  - 61 44 28 48 27  - 15 24  9 60 16 70  6 62  - 30  - 58  -  - 17 36 23 43 22 50 59 26 68  8 33 19  - 41  - 57  5 67  - 39  -  - 12  - 10 25  - 69  -  -  -  1 65  4 32 40  -  - 20 31 35  - 53  7
 70 29 35 60 22 28  -  - 61 40  5 55 31 38  -  -  - 34 43  2 63 45 48 10  - 67  -  - 25  - 65  - 16 59 36 37 24  - 62 58 30 49  6 68  - 66  -  - 13  - 50 46 12 14 27 11  - 17  - 53 20 18  -  - 15 21 44 56 47 64
 62 24 26 56  - 30 35  3 63  - 44  - 23 13  -  - 34 21  - 67  - 42 18 40 38 46  2  -  - 47 51 59 66 48  - 19 12  -  7  5  - 36 32 58 65  - 33  - 53 29 43 54 69 11  - 14 17  -  - 57 16 20 31 61 60 68 15  8  - 70
 64  - 49 65 57 46  - 51  - 63 25 61 41  -  -  9 70 68 42 50 28  - 15  - 33 22  5  2  -  -  - 20  - 69 47 66  3 30 18 27 21  -  - 39 24 23  -  - 10 26 14 19  - 29 48  - 44 32 62  -  - 12 43  - 13  -  - 16 31  -
 53  - 51 68 37 61 60 70 44  -  -  - 66  - 34 43 64  3  -  7 35 32  - 57 46  - 12 28 15 62 25  -  -  - 19 14  -  - 23  4  -  1  -  - 42 21  -  -  - 58 33  - 18 17 56 16  - 11 67 29 52 69  -  - 63  - 36 45  -  -
  - 28 58 18  -  5 48 66 24  -  - 70 17 68  3 26  - 38 27 51 57 43 49 46 60  - 62  7 45  -  - 11 54  9 22  -  - 55 20  - 12 30 34  -  4 40 32 14 59 65 56 47 16  -  - 13  -  - 53  -  2  -  1 36  6 67 42 64 50 69
 48 62  4  -  -  - 53 69 67 56  - 50  -  - 25  - 51  -  - 38 66 10 12  1 35 70 18 40 57  -  -  6  - 42 41 24 30 54 49 52 68  5  7 60  - 37 16  - 21  2 63 29 36 39  9 26  - 27 55 11  - 17 13 65 44  -  - 32 20  -
 29 43 50 23 21  -  - 30 47 62 69  - 25 48  4  6 11 12 45  - 70  - 67 15  2  -  - 35 37  7  1 40 34 44  - 60 20 32 54 68  9  - 51 24 61  - 13  -  -  -  8 52  3 22 36  - 41  - 56 59 66 63  -  - 64  - 19 58  - 33
