3430
 33 32  -  - 14 58 25  2 21 52  9 63 13  - 26  - 22  1  -  5 59 61  - 15 43 56  -  -  6  - 48 11  - 39  -  - 24  -  - 12 51 54 30  - 60  - 66 65  - 31 45 44 47 41  - 40 55  -  -  -  - 28  - 62  3 42 64 18 19  8
 24 35  - 44  -  -  - 21  - 17 51 68  -  -  - 48 26 70  - 23 28 37  2 65 33  -  - 32 59 39 34 63  - 16  6 29 10  4 31 52  3  - 11 43 19  - 36 45 55  -  -  - 57  - 14  - 12 61 30  - 41 42  - 60 27  5 53 38 15 62
 59 24 56 30  6 23 11 25  -  9 70 34 64 50 48  - 54 14 51  - 17  - 60  - 62  - 40  4  - 35  - 39 36 55 69 68 33 58 12 42 53 26 57  2  -  -  - 28 21 20 22 61  1 47  7 10 15 27 19 49  - 65 29 37  - 52  -  5 45 67
 38 53  - 57 32 68 62 58 15 29 59  - 70 35 44  - 56 61 19 48 63 39 16  -  - 69  -  7  -  - 10 18 64 26  8  - 47 40 20 14 55 49  -  -  - 54 52 41 60 34 42 27 65 28 12  - 36  -  - 43 30 50  9  - 37  - 21 45 22 17
  -  4 34  9 12  7 54 53 29 22 13  - 35 49 68 40  - 28 55  1 61 33  3 43 56  2 44 25 52  - 18  - 27  - 11 14 16 32  -  - 70  - 58  - 63 62  - 50 69 51 23  -  - 36  - 17 47  -  8 67 39  5 65 48 10  - 59  - 57 46
 25  - 12 55 27  -  -  -  - 66 20 17 60  -  - 57 16  - 15  - 52 68 33  - 22  - 32  - 10 42 45  - 61 31 64  - 70 37 48 69  - 50 51 13  9  -  7  - 39 67  5  1 63 40 49 44  8  - 47 29  - 11 18 30 43  - 26  -  - 28
 10  5 39 68  -  - 42  -  -  -  - 21 31 67 16 33 12 19 69  -  - 36 13 50 52  - 38 65 23 24  - 40  - 11 27  -  -  - 51 53 47  8 54  7 41 20 28  - 17 18 43  -  -  - 32 34  6 14 45 60  -  - 58 61 57 26 66  - 49 48
  - 21  -  - 17  -  - 23 13  8  3  -  - 19 64 70 25  - 36  9 37  - 57 11  - 65  7  - 27 60 61  4  -  - 62  - 54 52 43 56 32  2  6  - 28 22 48  - 44 24 33 51 30 12 34  - 39 49 46  -  - 14 47  -  - 50 10  -  - 29
  - 26 44 39  - 20  7 42 51  - 18 47 61 40 30 67 49 53 13 17 62  - 45 58 21  3  -  8  -  - 16 12  - 70 22 32 35 38 66  -  - 69 52 14 31 60  1  9 23 46 34  - 64 48 43  - 37 55 68  - 33  -  5  2 41 63  - 10  - 24
  - 48 22  -  - 70 26 27  -  - 56  - 33 42 54  3  8 63 38 10 43 69  4  - 53  5  - 41 49 19 55 50 29  - 39 24  - 68 34 28 17 30 21 37 18 61  -  1 52  - 59 35 60  -  - 11 46 36 66 44 25  - 57  -  -  7 32 40  -  2
  5 50 37  7  - 25 13  - 26  - 54 22  6 14  -  - 24  4 33 64 41  - 44 51 40  8  - 45 38  - 70 29  -  - 35 57  -  -  - 30 63 42 39 65 11  - 56 32 31 47 52 23  -  -  - 18  - 60 20  2 46  - 55 49 66 34  - 58 28  -
  - 11 52 65 59 66 61 40  - 23 32 30 44  5 18 58  1 69  - 22 51 67  9  - 36 31 47 27  - 34 29  - 38 46 41 10 12  - 54 21  6 20  -  -  2 39  -  4  - 49 19  - 17  - 60 70  3 15 28  - 57 25  - 24 53 48  - 26  - 42
  - 68 17 52 37 30  - 60 32 62 66 40  -  - 24  7 47 57 22  -  4  -  -  - 29 46 34  -  - 48 35 41 63 27 42 64 49 55 10 45 58  - 28  - 23 38 12  8  2 56 51 43  -  5 54  -  -  -  - 59 50  -  - 18  - 20  - 39 13  -
 29 14 70  - 50 19 23 28  - 10 52 38 37  - 51 34 39 11  - 20 64 25 54 48  -  - 45  - 30 43 40 27 15  -  -  -  4 49 59  -  -  7  - 18  - 32 65  - 61 41  -  -  3 42 16  -  - 62  -  -  1 31 67 57 55  -  -  -  5 26
  -  -  - 58 13  - 10 50 23 51 46 59  -  - 31 61  9 34  - 70  -  - 40 67  -  - 54 26 65  - 60 69 30  - 36 28 64 56 11 55 43 37 49 47 14 29  - 22 53  - 27 41 12 16  -  -  4  -  - 45 15 68 17  -  - 39 20  3  - 18
 49 29  9 22 47 28 24  - 52 59 64 50  -  - 65 53 35 51 25  -  -  2 62 13 38 34 61  -  -  8 63 31 40  -  1 67 56 48 17 57  - 12  -  -  -  -  - 19 15  - 18 37 69 32 11 68 42  7  -  -  - 30 70 20 54 16 45  -  - 43
 55 51 59  - 25 38  -  8 70 54 63  - 66 16  - 65 64 48 42  -  -  1 36 41  3  - 26 37 14 52  9 61 17 68 46 20 22  -  - 67 33  - 60 28  - 12  - 40  6  - 29 53  4  7 62  - 31 13 58 18 24 49 10  -  - 57 34  - 27 44
 41 43 20  8  - 27 65 10  2  - 47 58 18  4  - 36  -  5  -  -  - 59 15 57  - 53  - 38  - 49 51  3 35 44 12 60 31 16 70 34  - 28 32 64 40 66 17  - 56  1 62 21  - 69  - 39 24  - 42 54  -  7 61  - 52 25 11  - 29  6
 13 36 11 32 69 59 17  - 50 57 42 65  -  - 37 15  - 45 16 12  - 46 28 55  - 27  - 51  -  -  6 66  3 64 52 61 58  -  - 31  - 47  - 53 26  5  - 14  -  - 49 63  -  8 33 38  - 44 62  - 21  - 35  -  - 43 18 56 24  -
  - 55 28 11  4  - 31  -  -  - 17 19  - 10 57  - 52  - 68 36 38 63  - 60  6  -  -  -  5  -  - 16  - 25 47  - 43  -  - 26 65 32  - 50  - 67  9  -  - 21  - 69  -  - 20  2 40  - 34 56  - 59  - 53 46  - 22 12  - 15
 51  6 50  -  -  2 45 33  - 26 29  1  7 27 63 64 66 60 52  - 47 15 10 31 34  - 37 59  - 55 56  - 12 20 44 21 28 65  3 17  -  - 19  - 25 16 24 30 68 23 69 11 62 57  9  5  - 39  - 70  - 48 49 35 36 32 67  - 18 13
 32  - 48 28  -  9 64  - 43 27 10 37 50 22  - 25  - 59 23 39 46 51 14 49  - 60  - 24 29  - 17  - 34 58 67 15 69  - 57  - 16  - 62  - 30  -  -  - 11 52 20 42 61 45  -  -  7 18 36  5 26 56  6  - 21 35 68  8 40 38
  2 64 57 26 36 11 34 30 60 65  - 28  -  - 22 23 50  - 45  - 31  - 20  8  -  9  - 40  - 70 38  - 44 29 24  5 48  -  -  - 62 18 35 59 16 37  - 55  -  - 25 15 52 43 46  7 19 66  3 33  6 21 54  -  4 67  -  - 63  -
 67 65  -  - 60  - 43 57  - 44  - 15 40  7  - 29  - 21  -  - 35  -  -  - 17 52  - 55  - 69  - 62 42 41  -  - 13 51  -  6 39 46 20  - 10 30 31  -  - 66 47 49 22 68 18  - 16  -  - 63 32  3 64  - 23  - 48  9 56  -
 12 44 35 21  9  - 60 32 41  1 37 45 26 63  - 39 31  -  - 18 20 53 42  - 50 54  5  6 28  -  - 59  -  2 10  3 57  - 69 36 25  -  - 23 61  -  -  -  7  - 68  -  - 62 40  - 30 19 15 47 49 66  8 29 33  - 14 55  -  -
  - 61 26  - 51  3  -  - 27 64 16 56 30 47  -  -  -  - 28  - 15 24 34  1 44 39  - 68 17 41 19 46 54 32 13 31 63  - 58 66  -  9  -  - 33  -  -  - 40 48  8 52 55 10  - 65 14 12 38  4 22  - 59  -  -  - 70  -  -  -
 16 23 32 41 26 48 27 68 35  - 49 66  - 17  7  - 11 39 18 19 57 52 53 30 28 61 62 67  - 58 24  - 55 65 50  - 38 29 60 64  1 33 31  - 56 40 47  6 37  -  - 10  9 46 22 45  -  8  -  -  - 20 34 42  5  - 44 51  4  -
 37 18  -  - 39  -  - 54 28  4  -  - 29 44  - 52 60  -  3  - 13 66 38  - 16  - 41 43 31  - 26  1 45 12 17  - 42 47 27  - 30  5  -  - 58 63  - 57 35  -  - 34  -  - 64 51  - 11 55  -  -  -  - 50 25 10  - 19  - 65
 11 19  -  -  - 57 22  5 62 40  7 31 52 53 35  - 17 18  - 45  - 55  - 29  9  - 39  -  - 10  2 38 37 54  - 27 60 46 42  -  - 34 47  - 48  4 23 33 64 13  -  -  -  - 61 14 43 50 51  - 65 67 25 58  1  -  - 41 26 69
  8 47  3  -  - 49  1 11 63 14 21 27 43 41 50  4 58 29 12 44 67 16  6  -  -  - 48 42  - 32 22  5 33 18 26  9  - 61  - 51 23 59 69 68 70  - 19 46 34 36 53 20 56  - 37 30  - 54 35 17 40 52 24 66  2 31 57 28  - 60
  -  -  - 61  5  -  8  - 31 43 45  -  -  - 19 42 27 50  - 49 22 62 56  - 23  - 70  -  - 25 53 26 41 48  - 46 65  - 13  4 37 68 40  - 21 33 39  -  9 16 28  - 18  -  - 59 66 32  -  -  - 69 15  - 24  -  3  -  7 57
  - 25 66  - 58 40 63 51 34  3 28  - 57 43  9 32 69 15  - 65  5 26 68 23 27  - 19  -  - 46 11  - 39 14 55 49 21  - 24 22 64 35 38 30  1  - 18  - 67 29 37 48  -  4  -  - 59 53 41  -  - 45 52 33  - 56 54 70 16  -
  - 20 62  -  7  -  - 45  - 50 26 54  - 21 52  6 44  - 39 58  1  - 41 69 57  -  - 60 12 27  - 43  2 23 61  -  9 28 18  - 38 48 29  -  - 17 40 15  - 11  - 14  -  -  -  -  - 30 53 42  - 16 68 10 56 47  - 31 51 25
  -  -  -  - 45  -  - 15  - 32  4  - 56  -  - 12 61 27  - 30 21 20 43  9  7 70 60 19  -  - 54  - 25  - 49  - 34  - 68  - 28 11 66  -  -  2 62 64 36 58 35 50  5  -  -  - 53 31 16  - 10  6  1 14 65 18 40  -  - 22
 23  -  - 24 10 46  2 18  9 13 22  -  -  -  -  - 38  -  5  - 16  -  1 42 39  -  -  3 58 63 14 35 62  -  - 53  - 15  -  - 20 65  - 55 64 70  - 21 50 27  -  - 37 33 56 69  -  - 57 25  - 12  - 19  - 40 30 67  - 66
 63  2 38  1 35 12 20 46  -  - 62 43 41 45  - 44  -  -  - 13  -  - 51  3 59  -  - 58 16 21 31  - 52  -  - 47 19 14  -  - 42  - 25 70  8  6  -  - 48 64  -  - 28 65  - 60 26 10 61  - 11 27 33  7 22  - 39 29 17 37
  4  3  - 33  - 24 14 19  - 46 68  - 67 26 21  - 57 55 35  - 34 40  - 22 37  - 27 62 51  - 36 28 66  6 25  7  -  - 16 10  - 63 53 32 45 15  5 11  -  2  1 39  - 61 50 64  - 70 54  - 17 60 43  - 20 30 38 44 47  -
 40 30  - 34 22  6  -  - 49 21 44  7 69  - 20 63 68 10 14 28  - 23 11 19 42 47 18 61  8 57 15  -  5 56 70  - 37 54  - 25  - 67  - 52  3  -  -  -  1 17  2  - 53 51 55 31 32 33  -  - 12 24  - 45  - 27 58 46  - 59
 17 33  2 35  3  - 66 41  - 19  -  9 54  - 12 14 15 36  1 59 49 34 32 21  - 24  -  - 62 64 28  -  - 50  -  - 67 13  - 46 40  - 44 57 42 45 70 27  -  - 56 60  - 18 65 23 20 29 48 38  - 53  - 52 47  -  -  - 30  4
  3  - 55 16 15 17  - 35  - 68 50  -  - 32  5  - 70 20  -  - 10  - 39  - 47  -  - 18 37 44  -  - 60 69 43 65 40  1  -  - 56 61 12 36  - 21  - 34 46  - 58  -  - 53  8  -  - 67  -  - 54  2  - 13 62  - 51 52 42 30
 54  -  -  - 33 43 44 13  - 49 60 61 65 38  - 50  -  -  9 31  -  - 25  - 69 48 11 28 26 66  -  - 10  -  2 19 17  -  5  - 45  - 46  - 68  - 59  - 42 53  -  7 21  3 58  -  - 47 63 51 56 34 23 32 67  - 24 20 36  -
 53 46  - 36 64 29  - 67 37 41 58  -  -  - 39  -  - 43  - 62 70  9 59 45 66 15 17  -  - 18 69 14  - 24  -  8  - 26  2  -  - 16  - 49  - 10 54  - 65 38  - 30 23  - 48  -  -  5  - 21  -  -  -  - 68  -  - 11 52 33
 58 54  - 15  -  -  - 37  5 20 53  -  -  - 11 69  - 67  - 29 39 10  - 33  - 38  - 12 40  -  1 55 13 51  - 42 52 41  -  -  -  - 45 63 27  9  - 24  8 35  - 46  7  - 47 36 44  -  - 26 68 70  -  - 28 60 17  -  - 34
 65 66 25 38 70 64  -  - 61 39  - 33 21 29 27 47  - 42 24  -  -  - 55  - 49  -  -  - 19 22 30 36 43  - 57 56 50  -  -  - 52  -  - 16 67 28 53 59  -  -  - 18 34  - 31  -  - 51  2  1  8 10 11 12 17  - 23  -  -  -
  9  -  4  - 65  - 39  -  - 16  -  - 17  3 42  - 41 25 10  2 12  5 69  - 35 30  - 63 48  - 50  - 46 61  - 33  -  -  - 47  -  - 36 15 53 31 49  - 19 28  - 22  -  - 51 29 56  - 37  -  - 38 62  - 14  8 55 60  -  1
 66 40 64 10 20 15 32 56 36 42 55 16  5  - 59 26  2 17  7  - 50 22  8 70  1  6 25 49  4  9 23 21 53  3 38 63 18 39 14  -  -  - 61 12 46 11  - 52 62 43 41  - 33  - 44 48 65 28 27 30  - 35  -  -  - 19 29 68 67 45
 28 49  - 31  -  - 51 22  8 11 48  -  - 33  -  - 13  3  4 46 42  - 52  7 68 25 64 57 50  - 59  - 20  - 66 44 30 34  - 60 61 27 70 24 69 41 35 43  5 54 15 38  -  - 23 67 58  - 18  -  - 62 37 36 29  2  6  -  9 40
 22  - 54 23  - 61  - 59 57 47 41  - 46  8  - 24  - 56 60  4 29 17 30  - 58  - 42  2  -  - 20 51 67  - 48 55 36  7 65 39 50 40  -  3  - 34  - 66 43 33 63 25  -  - 38  9 13 45  5 31 27  -  - 69 15 49 37 21 12 70
 34 16  - 19 24 18  - 49 69  -  -  5  9  - 25 55  4 65 11  6 68  -  - 36 10 41 58 48 46 17 42 44 51  - 20  2 39 57 67  -  7 13 50  - 54 64 22 23  -  -  3 59  8 26 28  - 70  - 43 15  - 47  - 21 30  -  - 35  1  -
 30  - 61 29  2 55  -  - 58 31 67  - 11 69  - 16 62 37  - 47  - 35 17 63 24 66  -  - 57  - 12 60  -  4 19 52 59  8  -  7 13 21  -  9  - 42 27 38 41 40  - 65 49 54 15 56  -  -  - 64  - 36 46 43  -  - 50 34 10 23
 15  -  - 12 29 51  - 38  - 35  - 69 55 46 34 37 20 16 58 61 66  3 22  6 31 62 49  - 60 68 43 23 14  -  9  - 11 27  8  2 26 25 56 45  -  -  - 10  -  -  -  - 50 63  -  - 57 41  -  - 70 40 32  -  7 33 42 47  - 36
  -  - 43 53 21 41 46  - 30  - 31 35 25 18  -  - 63 26 50 60 40  -  -  -  2 57 68 64  1  - 65  8 70 22  - 13 23  6  - 29 67 62 37 20 52 47 10  7 58  3 38  9  -  -  - 54 28  - 14  -  -  -  - 59 44  - 19 49  - 51
 50  -  - 17  1 22 49 14 47 18 38  - 24 25  -  -  -  - 67 32 19 21 48 35 60 55 43  - 20 51 27  - 68 40 56  - 26  - 23 37  - 57 59 31  -  -  8 29 10  -  - 45 36 58 63  - 33 64 65 13 44 41 42 34  - 62 28  7 61  -
 20 13  - 54 42 39  - 64 65 12 30  -  - 51  - 10 45  - 31 57 11 32  7 56 55 63  1  - 61 28 52 48 16 37  - 23  8 44 50 41  - 70  - 17  5  -  4 62  -  - 26 68 40 38  -  - 35  3 22 36  2  -  - 25 58 69 49 27 34  9
 39 10  -  - 57  -  -  - 19  -  8 36 22 28 43 41  3 54 53  7  2  - 31 61 67  - 33 70 18 40  - 15  -  -  - 35  - 11 52 38 44  -  -  4 62 48  - 68 12 25 14 66  -  - 30 55 17  9 56  -  - 58  - 16 59 46 13 69 37 63
 36  - 10 18  - 33  - 55 17 34  - 41 16 24  -  -  -  -  - 66 25  - 49 26 63  -  6 29 42  -  - 67 19  -  - 48  - 53 64 44  2  -  4 46 65  1 68  - 47  9  7  -  -  - 39 62 60 22 13 61  5  8 20 28  -  - 69  - 50 35
 70  - 36 59 67 44  - 63  7 48  6 51 53 61  - 54 28 62  2 56  8 57 47  -  -  - 29 46 66 12  -  - 26 52 32 40 55  9 38 35 34  -  -  1 49 50 43 16  -  - 10  3  - 39 41 37 68  -  - 27 20 13 45  - 60 23  4 30 25  -
 52 37 42 51  - 16 41  - 40  - 35  8 36  -  -  - 33 23 62 25  7  - 50 46  -  - 24 17 70  -  - 45  - 10  -  -  6  -  - 11  - 39 68 29  -  - 64  - 27 26 60 13  -  -  1 49  - 56 59 53 48 44 19  -  9 22  2  -  - 14
  - 42 30  -  - 69  -  - 45 37 23  - 28  - 36 35  5  7 54 40 44 64 12  - 61 32  3 20 13  -  4 52 48 66 33 11  - 70 21 59 41 58 67  - 55  - 60  -  - 63 16  8 38 22 10 26 34  -  9 50 43  - 39 46 19 65 56  - 53 68
  - 60 16 40  8 50 29 69  - 33  5  -  - 52 61  - 23  -  - 43 18 44 58 17 26 45 28 47 63 13 37 34 65 67 68 12 46 24 22  1  -  -  3 48 57 19  -  -  - 59 36  -  -  - 42  - 49 21 11 39 51 55 66 15 70  4  9  - 31  7
 69 56  7 63  -  8 37 26 24 38 14  - 58 15 23 68  6 12 34 54 65 47 46 18 30 21 66 16  -  2  - 53 11  5 31 45 27 20  -  9  -  - 55 39 43 25  - 51 49 42 70 40 29 17 57 28  1 35  - 62 60 19 41 67  - 13  - 50 33  -
 47 63 68  5 40 60  3  -  - 69 57  -  - 11 33  - 67  2  - 52 32  - 21 10 41 59 15 35  - 53 13 64  - 36 23 34 25 50 61 49 46 43 65  - 66 56 30 26 28 55 31  -  - 20  - 42  - 37  -  - 38 22  - 39 45  9 12  - 14  -
  7 45 60 48 62 36  - 29 25 56 11  2 15 30 14  - 65 38 21 68  -  -  - 34  - 17  - 10  - 54  8 49  - 42 16  4  - 23  - 43 31  - 64  - 50 59  -  -  - 12 44 26 67  6  - 47 52 58  - 40  -  1 63  - 39 37 33 57 46  -
 35 12 18 25 44 54  9 52  -  2 65 49  4 48  8  - 34  - 30 33  6 13 61  - 51 68 55  -  -  - 21  - 47  - 59 41 15  5  - 62  - 22  - 67 20  -  - 58 70 50 46 28 42  - 27 16 38 63 23 57 37 39 69  - 40  1 60 64  - 19
 46 59 41 67 18 13  - 65 48 70 36 42  - 39  -  -  - 47 40  - 45  8 27 28  4 14 53  -  -  7  5 37 57  1  3  - 68  - 25  -  - 55  - 10 44 24 61  - 20 32  -  - 16  - 69  - 64 38  - 66  -  - 56  - 49 54  -  - 11 50
  1  -  -  - 28  -  - 70  -  6  -  - 62 56 67 20  - 24 49  - 55 38 29 40  8 12  -  -  -  - 25 10 23  - 14 54 66 31  - 63  5 36  - 22  -  - 37  - 57 19 65  - 58 27 53  - 69  -  -  9 45  -  - 68 48  -  - 15  3 47
  -  7 29  - 43  1  4  3 38 61 40 20 27  -  -  -  -  6 47 14 36  - 35  - 64 51 16 66  -  -  -  - 32  - 53 22 44 62  -  -  9  - 13  - 34  -  -  - 30 57 50  -  - 37  2  - 45 48  -  - 67 33 12 26 69 41  5 42 65 52
 64 28 40 13 52  -  -  - 22  -  1  - 38 60 58  -  7  9  - 67 33 30 26 20 15  - 23 21  -  - 32  - 31  -  4 66  -  -  -  5 36  - 27 42 37 51  - 18 45 39 61 12  - 29  - 57  - 17 50  - 16 63  - 65  - 55  8 53  - 41
 21  -  - 69 63 53 33  - 59 36  2 60  - 57 15  - 18 41 32 24  - 42 66  -  -  - 52  -  - 65 47  6  7  -  -  -  5 22 46  8 10  -  - 56 38  - 51 12  -  - 67 16 25 44  - 20 50 43 31 23  - 54  -  4  - 58 62 13  - 55
 68 27 24  4 34  - 21 39 12 53 33 44  - 54 38 60  -  - 26  - 23 65 64 59  - 28  -  9 55 62  7 13 22  - 45 18  - 19  1 70 15 10 41 11 17  -  -  - 51 69 57 56 66 49  5 25  2 40 67  - 61 32 30  3 63  - 43 16  -  -
