3430
 46 17 69 44  1 33  -  -  - 56  -  - 10 52  -  - 61 54 62 39 30  4 49 70 63 18 48 65 34 28 24  - 58  - 50 60 15  -  2  -  - 32 12  -  -  - 40 14 11 43  -  3 22 26  8  -  -  -  - 55 67 64 51  7 37  - 66 36  -  5
 31 21  - 33  7  - 32 49 39 19 67 57  8 22  - 16 64 68 46  -  -  - 25  - 14 24 34 20  - 58  -  - 60 61 48  - 28  - 59 62  -  - 30 55 50 13 70  -  -  - 37 29 17  - 69  5  -  1 36  9 26 10 38 40  3  - 53  - 44 65
 19 47 22 28 48 49 65  - 16  - 26 44 38 53 64  - 60 66 56 45 68 20  - 34  -  - 30  6 29  - 27 55 32 67 36  - 51 52  -  - 21  -  - 14  - 57  -  - 13  2  - 63 15 39  - 37 46  -  - 43 25  - 59 50 17  -  5  -  - 58
 52  -  8 39  - 68 53  -  -  - 24 60 44 19  5  - 18  7 25  - 55 35 27 62  -  - 47 57  -  - 70  3  - 10 13 22 23  -  -  2 20 12  - 11 37 64  -  - 69  - 40 26 65  -  - 50 54  6 17 58  - 30 48 36  -  - 61 51  - 56
  -  - 38 11 32 46 40  3 45  - 44 65  -  5 17  - 30 23  - 31  6 49 52 56 35  - 10 43 55 70 34  - 42  -  - 48  7  -  -  -  - 68  -  - 60 66 19  - 53  -  8 21  -  - 16  - 62 37  - 12  -  4 50 51  - 64 47 27  - 13
 67  - 24  - 17 35  6  - 51  - 50 54 62  - 38 44 34  - 59 25 42 32 56  3  -  1 53  4  - 57 64  -  - 11  9 68 19  - 22 65 55 20 43 18  - 46 12  -  - 40 47  -  -  -  - 26 66 33  2 52  - 48 21 31  - 60  - 28 30 10
  - 56 33 23 66 57 68  -  -  -  - 59  - 12  - 70 22 69 10 20 60 54 45 31  - 17  -  -  - 40 49 52  -  -  - 37 64  -  - 26 15 34  - 44 32 41  -  6  1 63  -  -  -  -  -  - 18 16 28  -  2  - 62  -  9  - 42  - 46  3
  - 55  -  - 65 67  5  - 28 53  - 16  - 11 59 48 35 57  - 61 43  9 34  -  4  -  - 10 17  7 20  -  - 30 44 33  3 18 51  -  - 24 29 56  1 40 54  - 14  - 68 66  - 50  - 70 38 60 32 27 31 15  - 13  -  - 62  -  -  -
 66  5  7 47 51  - 54  -  - 48  - 35 55  - 21  1 56 27 29 68  - 25  - 58 40 28 26  - 22 31 16  - 39 41 23  - 59 32 34 37 67  -  -  - 70 42 18 65 46  - 43  - 69 52 53  - 49 30 57 17 20  - 24  6 50  - 33 60 38 44
 59 48 26  -  - 11  8 44 23  -  - 42 35 30 39 34 51  - 14  -  - 68 37 38  9 64 29  - 33 47 57  - 15  -  2 31  - 19 61 32  - 55  - 63 24  - 60 21 66 25  - 43 46 62  - 40  - 53 16 70  - 13  -  - 49  -  -  3  - 22
 65 22 68 63  - 19 12  2 13 44 55  9 39 28 51 67  - 64 38 41 29 53 47  -  - 48 15 31  - 33  6  1 18 62 21  -  - 14 35 42 24  - 11  - 52 26  - 30  - 23 69  7  -  - 25  3 50 27 54 37 57  -  -  - 56 66 32  -  5 16
 54  -  3  2  -  - 23 66 61  - 18  - 52  - 42 68 19 44  - 62 25  -  8 11 29 14 22 33 39 55  4 59 67 38 15 43  -  - 17 50 57  -  6 45 28  -  - 31  7 48 60  - 32 41  -  - 69  - 46 34 70  - 47 35  5  -  - 10 40 24
  2  - 31  -  - 56  -  -  6  - 28  - 25 40  -  - 33  - 67 18 51  7 24  - 44  -  - 46 35  -  - 63 48  1  - 70 68  8 47 59  -  3  -  -  - 27  - 37 10 50  - 15  -  - 32  - 21 42 30  -  -  - 14 61  -  - 29  -  9 17
  -  -  4 59 34 63 51  - 60 28 25  - 46 14 37 19 65  -  -  - 17 29 57  1  -  -  -  - 64  -  -  - 53  -  - 30 36 16 56 39 38 31 44 12 54  9  3 26 40 68  -  6  5 11 27 69 24  - 62  -  8 66  -  2 13 43 41  - 48  -
 18 37 55  -  - 29 28  - 52  -  -  - 21  - 26  - 48 25 58  7  - 66 39  5 56 46 38 14  8 17 51 31 54 16  -  - 43 61 10 30 63 64  2  - 62 23 65  3 33  -  -  - 57 70 40  - 20 24 44 13 47 35 67  9  - 68  -  -  -  -
  - 69  -  - 64 39  - 50 57  -  -  -  -  3 10 65 28 42  - 48 33  -  - 14  1 40 41  - 18 22 25 24  - 27  - 23 53  - 11 55  -  7  - 47 13  -  - 58  5 21  9 54  - 37  - 67  -  - 45 51 35 63 19 15 43  -  -  - 34  8
  - 61 45 37  6  - 33 30 46 68  -  4 70  - 49  8  -  2 53 47 41  - 19 52  - 16  - 67 24 43 60  -  - 66 14 56 48  - 63 28 65 15 39 58 40 11 36 50  -  -  -  -  1 31  -  -  -  - 18  -  3  - 29 25  - 57 44  -  - 34
  - 67  -  - 59  - 43 18 35  -  2 52  - 15  8 46 70  - 36  1 37 39 16 30 17 51 66  5 49 61  -  -  -  -  - 27 42 50  7 53 44 63 56 40 31 55 69  9 32 54 11 19 28 24 13 33 68 47 25 38 60  - 58  -  6 23 45  -  - 12
 56 50 51 41  -  9  -  - 29 24 68 37  1 33 16  - 55  -  -  -  - 18 66 32 69 60 40  - 63 42 35 13  - 70 25 10 11  5 38 67  -  -  -  - 58  6  8 44 21 39 26 65  -  - 45  - 12  - 22 61 52 49 20 34 23  - 36 31 62 27
 24 14  - 42  - 15  -  -  5 17 27  -  7  1  - 29 16 56 49  - 54 58 48 39 37 22  - 52  - 62  -  6 38 31 34  - 61 60  - 13  -  - 26  - 20 43 23 57  -  - 70 33 67  3 64 44  9 21 19  - 59 47 30 10  - 65 40 63  2  -
  - 51  - 31 43 32  3  5  - 40  - 69  - 35  6 33 20 70  -  -  7 28 17 64 18  - 46  -  - 37 30  2 61 29  - 59 27 38  9 25 58 21 14  - 55 10 56 62 23 57  - 12 36  1 34 68  - 48  -  -  4 24 53 26 63 49 16 41 52 50
 15 11  - 35  - 41 56 16  8 12 17 21 14 64  - 52  6 20 54  - 34 36 18  -  7  - 42  -  - 46  - 49 59 23 19  1  - 43  - 48 32 62  - 27 68  - 13  - 28  4 63 53 25 30 50 61 58 51 70 57  -  - 33 65  - 40 55 66  3 38
 33  - 50  - 10 13 36 61 59  -  - 51  3 67 29 18 39 24  - 57 66  2  - 63  - 42  -  1  -  - 43 65  4  9 68 44 35 48 26 19 22  - 53 23 64 17  6 20 37 11  7 69 30  - 70 49 60 54  - 62  - 25 31 47 38 41  - 34 27 40
 23 20  -  7 24 22  1 55 15  5 39 30 41  9 56 66 49  - 19  -  - 67  - 29 12  -  - 70 45 69  -  - 40 51 31 18 17  -  6 63  -  - 28 13  -  2 44 33  -  3 59  - 34  - 65  - 26 36 14  4 54 27 68 38 46 42 10 21 32  -
 55 54 40  - 19  8 61  -  -  -  7 14 23 21 50  - 31 59  - 60 52  - 44  2 49 30  - 53  - 13 56 16 43 34 32 67 12 39 42 36  -  6 35 28 46 33 25 45 68  - 57  - 10  -  - 17  - 20  9  - 29  - 22 24 48  5  -  - 70 18
 35 46 57 69  -  - 21  - 55  2 61 29 24 48 30 25  - 53  - 19 62 40  - 23 32  -  4  -  9  3 15 70 28 60  -  6 52 67  - 34  5  - 41 16 65 36  - 47 58  - 14  - 31 18 63 66 64  - 38 22 68  8  - 17 54 12 37  1  - 51
 51 59 32  - 26 14 41 34  2  - 63 19 48 18  3 47 12 31 20  -  - 22 11  7 53 57 16  -  - 21 68 40  -  -  1 13 44  6 43 66 52  5  8 60  - 45 55  -  - 61  - 50 64 35  - 56 39  - 29  - 10 42  - 33 70  - 49 24 28 46
  - 62 27 58 22  5  - 59 44 10 29 17 33  - 46  -  9 51 24  - 57 64  - 54 25 26  2  -  -  - 48 28  - 49  - 11  - 65 52 43  3 56 21 41  7 60 38 18 70 66 19 67  -  6  - 55 32 68 35 15 13  - 63  - 47 50  -  -  4  -
 22 53 60 48  - 61 58  - 66 29 23 70 43  -  -  -  - 14  7  -  -  - 51  -  -  - 20 49 46  5  -  - 35 17 56 16  - 63 32 27 62 26  - 65  - 47 11  -  - 28  1  9 13 69  -  2 36  -  -  - 21 68 15 64 39  -  6 18  - 67
 42  2  -  - 11  -  -  1 27  - 22  8 18  -  4 24 46 48 21  5  3  -  - 68  -  - 60  - 16 50  - 14 19  - 43  -  -  - 23 51 59 37  - 29 10  - 66  - 26 53  - 30 40 34 12 47  6 52 41 35  -  - 55 67 64 56  9 69 63 28
  9 40 63 18  - 70 38  - 33 45 48 34 50  7 36 11 26 61  - 21 28 10  - 19  -  -  5  - 25  - 59 54  - 44 51 65 37 31 15 12  -  - 58  - 17 39  -  4  -  - 22  8  - 27 55 29 52 46  - 23  -  - 43 49 20 69  2  - 24  -
  - 31 48  - 30 28 39 33  - 32  - 50  - 60  -  -  -  6 37 46 11 14  3 59 34 23 52  -  -  -  - 44 26 12 41 69 21  - 45  - 40 58 51  7 53  5 42 29 38 17 13 10  - 49 15 63 47  - 55 66  -  1  9 68 35 61  -  - 65  -
 38  -  - 40  5 62 17  - 49  1 41 58  4  -  - 15  - 22 68 16 21  - 69  - 28 20 59  3 14 67  - 48 23 55  7  - 60 12 53 70 27  - 19  -  - 50 24 35  8 18 39 51  -  9  - 34  - 25 42 29 44 31 26 32 66  - 30 47  - 54
  7 30 44  - 25  - 29  - 36 34 33 38 11 37  - 39  - 43 61 27  - 47 55 24 57 15 31 60 41  - 46 10  -  -  4  5  - 59 68  - 48 54  1 20  - 53  -  -  - 69 66 52 42 19 56 62  -  - 64 28 63 23 65 21 51  -  - 67 14  -
  1 24 14 38 46  - 26  -  - 63 45  - 47  -  -  6 43  -  2 51 69 60 58 42 52  9  - 17 59 48 37  - 31 22 35 55  8  - 41  -  - 50 25 36 12 20  5 40 67 33 61 64 29  - 66 10 70  -  - 21 53 28 18 56 57 27  7 54  - 49
 14 68  - 26  8 50 63  - 40 16  - 62  - 58 61 56  - 21 12 23 46  - 59  - 22  -  - 47 30  -  3  -  - 36 70 35  - 34 19 20 39 43 67  - 38 28 32  -  -  -  4  2  -  - 51  9  - 64 13  5 65  - 52 11 24 18  - 37 60 42
 29 65 54  - 21 64 57  9  - 26  - 23 36 16 69 61 66 58  -  6  -  - 70 46  3 68  - 12 20  2  5  -  -  -  - 15 41 42 60 47 30  8  - 43  - 63  - 24 17 67 28 62 56 38  7 19 53 31  - 59 34 37  - 18 22 39  -  - 35 55
  - 60 42  - 69 43  - 26 22  - 54  -  - 68  -  4  - 37 34 33 65  -  2 20  5 13  -  - 47 39  - 12 16 28  -  8 66  9 18 40  - 51  - 35 23  - 21 56  - 19 36  - 48 64 10 32 55  -  - 44 30 41  3 62 29  -  -  -  -  7
  -  - 28 51 38  - 11  7 14 67 30 22  - 55  -  -  - 19  1  9 12  8  6  - 42  -  - 40  -  - 39 66 10  5 58  - 46 21 20 45  - 47 59 57  - 34 29  - 15 65  2 23  4 68 60  - 31 50  - 25  -  - 49 27 41 44  - 48 61 37
 20  1  -  6  - 25 47  - 53  -  -  -  - 13  - 22 37  - 48 32 10 69 63  - 67  4 14 59 51 11  - 39 24 43 45 26  - 30 65 33  - 57 66  -  - 56 41  - 29  -  - 60 35 46 28  -  3  9 27  - 17 50  - 70 55 38 54 62 58 52
 25  8  -  4 61  - 70 22 42 62 60 63  6 56 27 54  5  1  - 28 35 41  - 48 13  -  - 37 38  -  - 68 55 21  - 52 50 24  - 14 19  - 32  - 44  - 58 12  -  - 20  - 45  -  -  -  -  2 49 10 11 18  - 23 40 26 39  9 33 30
  4 41  6 70 28 53 45  -  - 13  -  - 20  - 23 31 50  9 43 12 16 33 21  - 47 56 58 32  -  - 14 38  - 26  - 25  1  - 55  -  -  - 40  - 35  -  - 19 61 49 65  -  -  - 36  - 51 29  -  - 24 60 57  - 68 46  - 30  - 62
 68 26  - 43 44 60 50 38  - 52 59 49 57  - 14 35 32 13  9 64  - 42  - 65  - 36 17 23 27 53  1  - 51  - 66 54 30  - 29 10 18 11 22 62  - 12  -  - 39  7 48  - 63 40  - 58  - 34  - 33  -  - 41  - 31  -  - 20 55 19
  - 10  - 57 33 20 22 46  -  - 62  6 66 54 48  7 40 41  - 58  -  - 53 49 16  2 36 35 44 52 17 51  - 68  -  - 32 45  5  9 13 18 24 34  -  - 26 39 31 14 64 59  - 25 29  -  - 19 65 60 12 55 28 37 67  1 63 70 43 11
  6 66 30 60 16  -  - 32 67 54  -  - 37 26 53 43  - 34  -  -  -  -  - 55  2 49 19 50  - 35 12 58 11  - 39  -  - 56 24  - 51 69 45 48 42 18 14 36 63  - 29 38 27  - 46  -  -  5  - 31  - 21  - 41  - 33 57 68  8  -
 45 28 58 34 40  -  -  8 63  - 31  - 12 70 67 60 13  - 57  - 26  -  5 41  -  -  -  -  3  -  -  - 69  - 33 21  - 22 48 56  9 53 42  - 39 15  - 46  -  - 10 17 47 65 44  - 30  4  - 49 43 14  6  1 25 20 23 19 51  -
 40  6 18 46 68  -  - 41 58 55  - 24 63  -  -  - 62 50  - 53 45  5  9 60 54  8  -  -  1  - 69 17 52  -  - 19  -  - 37 35 12 44 23 39 43 61 28  - 20  - 16 70  -  - 57  -  -  -  3 67 49 56  - 30 32  -  4 14  -  -
 70  - 20  8 13 52 19 45 56 27 14 26 65 32 43 51 47  - 55 22  - 12  -  4  -  6  - 41 58 44  - 11  - 25 46  - 39  - 28  -  - 35  -  - 49 62 57  - 48  9  - 31 37  5 17  - 10  -  - 42 69 59 23  3 34 24 68  -  -  -
 47 44  -  9  - 51 66  - 68  - 42 31 15  - 12 17 45  - 27  -  - 46 13 50 65  -  1  -  4 30 33 23 49 18 57 38  - 25 64 69  - 39 20  - 56 48  -  - 60 16 52 40 26  - 59  - 41  -  6  -  7 19 70 55 62 11 21  -  - 14
 13  -  9  5  - 58 10 68  - 64 65  - 31  -  -  -  - 55  - 37 32  - 67  6 19  - 24  -  -  -  2 18 29  - 22 53  4 51 49  8 54  1 50 30 45 59  - 52 62 36 23  - 60 28 35 39 44 57 21 26 15  - 11 43 69  -  - 42 16  -
 41 58 36  -  - 21  - 57 64  - 43  2  - 66  1 37 54  -  - 17 50 26  - 61 48 19 51 63  -  -  - 30  8  - 60  - 47 62 16 22 28  - 69 24  - 32  9 59 27  -  - 25  - 13 20  - 67 44 56 53  -  -  4 52 18  - 12  6 49 45
 64  -  - 68 63  - 30  - 54 70  -  -  -  - 40 41  - 38 17  - 22  - 23 35 58 59  - 16  7  9 47 26 33 50 28 61 29 27  3 46  - 45 62 21 34  - 31 48 52  - 51 39  - 12 11 20 13  -  8 14  -  - 56 42 15  - 19  -  -  -
  -  -  - 67 47  - 34 21  -  -  3 15 60  - 55  - 36  -  - 43 53 62 65 57  - 58  8 27  - 18 29 69  -  - 12  -  -  -  -  5  - 49 68 31  - 38 17 54 19 59 24  -  - 32 52 11 48 39 50  1  -  7 46 66 26 25  -  2 64 35
  - 39 41 53 36 65 69  - 17 51  - 43  9 45 32 10  3  - 70  -  -  - 33 26  - 66 68 24  -  6  - 46 12 52  - 58 22 40  -  -  -  - 47 67 15 21 49 13 25  - 34  - 14 60  -  7  2  -  5  - 18 20  - 48 30  - 31 55  1 61
  - 12 61 56  -  -  - 39 69 46  - 41 27 42 54  - 24 49  6 15  -  - 10 67  -  - 57 38 13 45 36 60 20  - 40 62 25  2  -  -  1 14  - 19 51 30 37  -  3 26 35 34  - 23  - 65  - 66 52  -  - 16  - 22 33 17 59 44  -  9
  8  -  - 64 55  2  - 67 21 47 36  3 53  - 20 27  -  -  - 49  -  - 43 45 70  - 56 44  5  - 61 57  - 39 10 41 62 66  -  -  - 30 65  -  6 19 59 11 34  1  - 28 51 42 54 60 25 15  - 18 22  - 32  -  -  - 26 40 68 33
  - 64 59  - 60  4  - 28  - 50 10 18 13 49 34 23 41  8 26 36 61 65 38 12  - 33 43 51 57 24 21 25 63 37  -  9 56 58  -  - 35 40 31  - 14 52  -  5  - 46 17  - 44  2 22  - 27 69 67  - 48  -  -  -  1 47 20  - 19  -
 12 49  - 10 35 40 67 23  3 25 16  - 51  - 33 28  - 32  - 56 70 63  4 36 38  -  - 18 66 54 26 43  -  - 65  2  - 13  - 68  8 59 34 15 41  7 64 55  - 47 30 57  - 14  - 22 61 17 53 46 42 44 60  - 45  -  - 52 39  -
 58 70 10 36 45  - 27 60 38  3 40  -  2 51  - 50  - 63 22 65  -  -  -  - 39 29 62  - 26 59  9 35 47 13 52 32 18 33 14  - 31  - 46 42 66  - 20  - 44 24  - 41  6  4 49  -  1 67 43  - 19  5 34 54 11 30 48  - 69 53
  - 19 39  -  -  -  -  -  -  - 37 48 54  - 25  - 52 10 41 34  - 70 35 66 43  -  6  - 40 29  -  - 50  8 64 14 20 69  - 15 42  - 49  -  -  -  - 27  - 58 46  -  - 17  3 28 65 45 68 36  - 51 12  - 59  7 18 26 21 63
 17 34  - 20 23  7  9 54  -  - 52 13  -  - 65 26  - 11 44  4 40  6  -  -  8  5 27 22 31  - 42 61 70 47 38 46 57 35 12 29  - 19  -  2  - 58  1 53  - 56  3  - 33 21  - 16  -  - 39 50 14 43 64 59  -  - 25 49 45 60
 30  - 37 27  -  - 52 48 41  - 38 28 58  -  - 12 57 18 63 13  1  - 68 10 21 47 32 54 70  -  -  9 56  - 53 20 16  - 36  6 61  -  5 26 11 22 15 66 45 62 49  - 50  - 67  -  -  - 51 40  -  3  2 19 44 59 69  8 29  4
  -  9 67  3  - 31 62  -  - 57  -  1 68  - 28  - 23 26 50 40  8 61 14 16  -  -  - 56  - 27 63 33  - 53 17  - 45 70  -  - 49 41 18 51 29 65 22 15  -  5  - 32 55 44 43  6 19  - 10 48 46 54 35 12 42  2 11 39 66 21
 32 33 52  1  -  - 37 65 26 49  -  - 56 46 18 63 42 36 15 30  - 43  -  9 31 34  - 29 68 51 62 45  -  -  6  3  -  - 21 61  - 70 17  5 19 25  2  8 24  - 53 11 66  - 48 41  7 22 20 39 16 58  - 28 60  4 64 59 67  -
  - 45  - 55 52 30 14 62 37 42 49 40 17 47  - 69 68  - 18 24 39 56  -  -  - 11 23  - 36 66  -  -  -  -  3 64  - 28 67 54  -  -  - 50  2 29 33  1  - 60 41 16  -  - 19 15  -  - 61 20  - 65  5 44 27 21  - 13  7 25
  - 27 70  - 20  -  - 56 48 43 46 33  - 23  -  2  - 39 13 66 24 30 29 44 26 12  -  -  -  4 28  -  -  -  -  7  -  - 40  - 50  - 64 54  - 14 51 17 59 22  6 47 41 55  9 18  - 49 15  - 38 52 69 53  8  -  - 65 25 31
 34  - 53 21 50 38  4 58 47  -  5  - 40 36 13  3  - 35 65  - 31 23 26  - 66 39  -  -  - 14 45  8  - 63 54  - 69 55 62 64 33 46  9 49 16  - 27  -  - 42 67  - 61 10  -  1 22 11 12  -  - 70 17 20 52 29 51 56  6 15
 37  - 25 50  2 26 18 17  -  4  1  - 34  - 52 20 29  -  -  -  - 19 54 21 36  - 28 58  - 38 11 41  -  - 16  -  9  -  -  -  7 61  - 10 59  - 48 68  - 51 62  5 12  - 42 14 57  - 40 63  - 69 13  8  - 55 43 15 47 32
  -  4 47 14  -  -  - 40  - 66  -  - 19  -  9 58 25  - 30  3 48 11  - 69  - 35 45  - 62 56 13 15  -  -  - 49  -  7  -  - 68  - 57 53 21 67  - 34 55 52 38 42 70 20  - 64 43 23 63 65 28  2 10 16  - 32  -  - 22 26
 53  3 17  - 27  6 49  - 12 61 57 20 64  -  - 62  - 28 31 26 47  1 32 22  - 50 39  -  -  -  - 56  - 59  - 42 55 54  8  -  2 65 15 52 67 24 68  - 18  -  - 13 43 29 14  - 34 63  - 19  -  9  -  -  - 16 58 33 11 70
