3430
 66  - 51 63 59  -  -  - 44 64 12 26 22  1 67  4 48 19 41 45  7 10 42 23  -  -  - 54 56 15 49 11 36 60 31 28 43 50 69 57 35  - 65 37  8  -  3 25  - 58 32  2  5 24 62 52 33 16 38  -  - 40  -  - 46 17  6 14  -  -
 13 23  - 10  2 46  -  - 22 11 47  - 18  - 69 55  -  3 57 32 60 17  - 31 67 65 29 38 49 27 28 61  - 51 62 15 26  - 50 45 64 25 42  -  - 30  - 20  -  - 14 58 66  6  7  - 35 33 19 56 16 68 53 43 37 44 40  -  -  -
  - 33 15  - 69  - 50  4 45  3  2 52 46  -  -  - 22 35 17 49 58  - 57 13  - 27 65  - 64 10  -  6 21 40  -  7 56  9 30 20  8  - 12 42 14  - 36  - 23 19  - 44 51 28 37 55 59 63  -  -  - 25  - 68 48 67 61 16  - 43
 57  -  - 12 27  - 36  -  - 25  - 40  - 46 30 17  -  2 15 29 34 56 14 43 33 26 52 44  -  - 41  - 13 38  7 23  - 48 28  -  6 21 32  -  - 51 69 63 10 22  - 61  - 66 70  3  -  5 20  9 18 39  -  - 65 68  - 11 59 49
  8  - 19 42  - 62  -  -  - 66 37 30 41 20  - 24 49 61  - 23  - 31 25 33 17  - 13 26 69  - 63 51 12  -  - 39 50  -  -  4 56 67 58  -  -  7 21 47 29 38 43 22  6 53  -  9 28 46 10  -  - 34  1  -  - 14 65 45 35 68
 52  - 68 18  9  -  - 67 48 35 11 20 15 25 40 54  7  -  -  4  - 63 26  - 30 38 45  -  -  -  - 62 43  - 66 24 69 44 70 46 37 58 13 16 49  - 27 65  8 47  - 55 32  -  - 61  -  - 17  6  - 57  - 10  - 31 51  1 42 36
  -  - 56  5 38 40  4  - 32 34  - 61 16 36  1 25  6 28  - 11  -  - 18  -  - 35  -  - 14  - 45  9 19 13 58 54 53  3  -  - 44 70 68 41 57  8 48 43  -  - 47 46  -  -  -  -  - 65 22 66 64 59 12 49 52  -  7 42 63  -
  5 47 34 52  - 54  - 23 66 42 45 16  9  - 58 28  -  - 65 18 27  8 46 56 11  - 39  - 60  -  - 33 37  - 64 32 68 53 61 35 17  -  - 24  1  2 44  - 67  - 21  4 59 12  3 14  -  - 41 62 43  - 26 22  -  -  - 31 51  -
  - 60 20 49 18 34 10 21 63  9 54 14 70  - 17  - 11  -  8 55  - 32 69 58 46  - 31 15 26 39  6  7 29 48 24  -  - 12 16 64  -  3 36 68 65  - 43  -  - 42  4 56  - 47 67 35 30  - 25 13  2 61 28  - 45 52 50 22  - 44
 27 61  1 14  - 51 28  - 24 36 17 21  4 34  -  - 58  - 20 12 37 62 68  - 25  -  7  2 48 18 55  -  - 22 19  - 33 60 31 29 13  - 66  - 10  - 23  -  - 65  9  3 45  5 11  - 56  - 46  - 30 38  - 42 64  - 43 49  - 59
 49 36 33 59  - 11 63  -  1 23 66  -  - 61 35 14 57 12 56  -  - 40  -  9  -  - 60  - 15  -  -  - 28  -  -  -  - 41 52 30 18  5 27  6 58  3 68  8 26  -  -  - 43 17 29 20 19  - 45 53 10 70  - 31  - 54  -  -  -  4
  - 15 24  - 32 65  7 46 18 44  -  -  8  -  4  3 55 41 19 10  - 54  -  -  2 48  -  - 11 50 66 26 34 47  5  -  - 51  -  - 14  - 57 12 28 58 16  6  - 27 60 45 21  - 33 13  - 22  - 30 35 20  - 62  - 59 68 69 52  -
 17 22 30 70  - 16  -  -  -  - 23 46  -  - 37 69  - 14 53 15  - 64  - 38 31 44 11 57 52 26  7 65 67 20 40  - 19 59  - 63 25  -  4 62 47  -  -  -  6 35  - 24  - 29 21 49  - 12 43  - 58 55 32  - 50  - 41 34  9  -
 10 24 18  - 23 49  -  7 46  5 52 25  -  - 34 60 45 40 55 16  - 15 53  -  1 33 50 42 58  -  - 27 32  - 22  - 36  - 51 39 59 14 62  8 17 44 41  3 54  -  - 31  - 13 63  -  - 68 21  - 26 48  -  -  9  -  - 66  - 38
 46 30  -  -  - 57 48 59 67 19  - 56 47 13 55 64 16 18 42 24 33  4  5 15 58 43 25  -  -  -  3 63 17 68  -  -  -  - 21 49  2 44 54 20 40 14 52 69 50  1 22  - 35 60  -  6 34 61 37 41  - 32  - 38  - 51 70  8 66  -
  - 37 23  -  -  - 19 42 10 14 64 70  -  3 28 46 59  - 30  -  -  -  9  - 53  - 21 51 18 33 26 49 48 54  -  -  -  - 22 41  -  1  - 66  -  - 15 44  -  -  -  - 56 61  6  - 24 62  -  -  - 36 50  5 38 34 58  -  -  -
  -  - 62 33 51 44  - 10  - 70  - 48 57 21  - 52 39 23 26 41  - 30  7 40 13  -  - 66 43  9  -  -  5 53  - 29 17 67  - 38  1  - 56  - 11  -  - 16 35 15 50 32  -  - 61  - 22 31 59 20 25  - 65  -  -  -  -  3  6  -
 56  -  2  - 28  - 27 35  8 10 60 15 68 42  -  -  - 66  - 46 64 33 31 34  - 50 32 63 17  - 51  -  6  -  3  - 24 40 14 26 38 22  - 47 29 12  7 41 48  - 44 62 57  - 20 54  -  - 36 52 13 43  9 55 30  5  1 53 49 11
 67 48 53 39 43  7 18 20 14 12 55  8 33 15 70 13 47 68 36  - 35 66 52 30 61  - 34 32 54 60 50 29 63 69  4 58 16  -  -  1 45  - 59 22  2  - 65 27  - 23 56 17 38 21 64  - 44 10  - 49  - 46 62 25 41  9  - 57 19  -
  - 65 57  - 45 68 56 63  9  - 62 50 32 11 12  - 30 17  3 44 41 14 23 20 54 64  -  -  - 22 31 60 24 58 15 26 37  -  - 13 19  -  2 36  - 59 10 40  - 69 52 16  - 46  - 39  - 42  -  -  - 53  8  4 70 49  5 25  -  -
  9 59 46 29 30  - 68  - 51  - 65 37  - 60 41  - 14 33  -  - 48 16 39 55 43  3 24  - 57  -  -  - 27 23 10 20  4 19 49 70 47  - 61 25 38 63 45  5 21  6 69 52 62 54  -  - 15 35  -  - 36  - 40 56  7 66  - 18 12 22
  - 25 35  -  -  4 12 16 70  -  - 44 51 24  - 59  -  -  -  - 30 57 38  - 68 19 20 67 10 41 64 47 11  3 39 60  7 61  - 14  - 34  - 17 37 13 22 36  -  5  1 50 31 23 53 18 45  -  - 42 63 49 21  -  6 33 56 40  - 66
 35 21 45  - 20  - 59 58 36 17  1 49 62 37 10 51  -  -  - 48  - 23  - 25 50 68  -  5 61 44  - 66  4 32  - 12 29 57 53 69 55 40 30 19 15 24  -  -  -  - 54  6 67  7 13 46  - 14  3  - 11 65 42 64  - 43 38  - 18  -
 33 35 28  - 63  -  - 14  -  - 69 11  -  9  -  -  - 48 39  -  1  - 61 22 24 17  5 13 51  4 23  - 50  - 16 34  -  - 54 67 68 12  7 40  - 43 46 31 45 26 30 18  8 65 60 32  3 38 29 15  -  2 70 20 56 25 53 55 44 19
 28 49 21 68  - 15 42 60  6 40 46 32 69 31 36  7 70 38 12  - 14 50 48 35  - 41  1 23  - 29  -  - 30  -  -  - 57 54  4  - 61  - 11  - 66 64 26  -  5  -  -  - 18 62 16 37 58 19  - 39 52 45 43  - 67  8 34 59  2  -
 42  - 52 41 36 48 14 57 39 16  - 22  6 30 19  - 29  - 46  -  9 18 62 10 49  - 63  - 67 23 68 37 44 21 12 47 40  -  8 54 32 15  - 58  - 55 33  - 69  - 51 34 17  - 50  -  - 27 60  - 65  - 20 45  - 61  -  -  - 24
 55  - 43 25 50 42 66 26 20 59 48 62 38 67  - 36 15 64 34  - 24  -  -  -  9 10 69  - 29 45 40  -  1 18  - 44  - 35  - 68  -  8  -  -  6 17  -  -  - 33  - 28 65 51 19  -  - 57 16 54 32  -  - 61  - 30 21 52  4 58
 44 46  - 23  7 43  -  - 33  -  - 66  -  -  - 38  -  - 32 34 67  -  - 68 59  - 37  - 22  - 42 12 61 29 14  - 51  - 56 28 21 16 17 15 55 50 35  - 19  -  8 40  1 52 45 11 18  -  -  -  - 26 25  -  - 27 62  -  -  -
 21  - 41 24  - 45  -  6  -  1  3 28 49  - 38  - 32 69 66  - 23 13 50 70  - 30 43  - 34 46  - 40 16 19 17  -  - 64  - 37  -  2 14 31 22 39 42 10 65  - 48  9 58 20 54 59 60  -  - 63 68  8 56 15 25  - 18  -  - 27
 59  -  - 46 44  -  -  - 34 26  - 13  - 65 15 35  4 37 61  - 45 29  2 51  6  - 53  - 30 66  - 43  3  - 11 41 18  -  - 33 50 54  -  - 48 20 58  -  - 49 27  1 22 25  - 56 52  -  -  -  - 21 57 16 14 10  - 36 64 60
  7  - 61 35 24  -  6  1  4 53 19 69 44 26  - 41  - 63 47  -  - 60  -  - 14  - 46  - 13 52 43  - 70 45 18 22  -  -  - 40  - 39  - 11 21 57 31  -  - 68 20  -  - 49  8 33 65  - 30 51 48  - 59 32  - 15  -  -  -  -
 34 14  -  - 17  - 41  5 47 20  - 31 40 70 56  1  9  4 29 58 51 25 35 65  - 45 66  -  - 62  - 16 33 63 38  - 60 10  7 22  - 59 67  - 18  6 28 64 42  - 19 43 61  3  - 12 53 32 26 11  -  - 54  - 13  -  - 37 24 21
 30  -  7 40 11 17 32  - 62 22  -  -  -  -  -  -  - 16 31  1  - 69  -  2  -  - 42 50  -  -  -  - 14  - 20 65 55 25 19  -  - 41 53 59 12 27 64 18 63 45 38  - 36 58 34 26  - 70  - 23 44  - 10 39  8 24  -  - 46 56
  - 31  9 30  -  - 17  - 53  - 59 34 35 52 24 58  -  -  - 51  -  6  - 45  - 23  - 37 68 67  - 19  -  - 32 46  - 69 18  - 11 29  - 26 16  -  - 60  2  - 25 38 27 57  -  -  - 13 33  - 41  -  5 28  - 42 20  -  - 50
 36 53 26  - 66  - 23 47 31  - 57 19 12  -  -  - 54 59  - 38  -  - 32 44 15  - 56 20  7 35  -  3 42  -  -  - 25 46 24  6  - 62  9  - 30  -  - 17 22  2  - 65  - 69 39  - 68 37  5  4  - 33 51  - 61  -  - 21 60 41
 40  - 65  - 33 28 45  - 15 29 20 60 42  7  5 37  -  -  - 21 25 68  -  -  - 66  - 19 32 17  - 69 58 27  8 59 14  - 63 43  - 55 35 23 52 38  6 34 61 39  -  - 54 31 41 47  - 53  2  - 22 16 30  -  -  4  - 12  - 67
 20 62  3  8  - 55 37 38 58 28 39  - 30 35 16  2 60  - 45 56 11 48  -  4 41  - 10 53 59 14 17  1 40 46  - 68 47 52  6 51  - 61  - 69  - 32  - 26 66 54  5  - 50 42 22 36  - 25  - 67  - 27  -  -  - 64 19  7 15 31
 14 32 38 55  6 33 11 22 35 21 13  -  3 69 31 26 23 51  - 52  -  2  - 53 65 40 54 16  - 25 58  -  -  9  - 36 46  4  -  7 43  - 15  - 61  1 62  - 12  8 24  -  - 48 42  5 17 28 49 27 20 47 66  -  - 18 60 70  -  -
 45  - 32 22 34 29  -  -  - 38 40 17 56 12 20 27  - 46  - 50 62  - 10 60 42 57  -  - 23 69 21  - 47 49  -  1  8 37 13 59 30  6 43  -  -  -  2  4 58 41  - 35 48 39  - 51 16  - 61 44 19 11 68  - 66  3 67 15  7 14
 19  6  - 32  - 36 30  9  -  - 25 42 31  -  - 22 13  -  7 26  - 27 67 48 47 52 61  4 37 16  - 41 65 55  -  8 28 39 46  - 12 63  - 50  - 23 66  - 33  3 68 54  - 14 56 57 51 44 24 38  -  1  - 21 20 40 69 10 45 15
 68 41 70 67 54 24  -  - 40 13 44 59 61 53 45  -  - 10  - 30 42 20  - 57  -  7 55  -  -  -  1  - 22 11  - 50  - 47  - 48 36 31 52  - 56  9  - 32 38  -  - 39  -  2 43  - 27  -  - 60  - 12 19 37 51 23  - 28  - 35
 15  4 31 37 64 38 16  -  - 61  -  -  - 44  - 68  -  -  - 20 17 47 19 46 32 24 59  -  - 13  -  8 60  -  - 69  -  - 29 34  - 33 23 43 41 56  -  - 39 50 40  - 10 11 28 62  5 36  1 57  -  3  -  - 63 53 54  9  - 30
 22 67 59 20 52 50 13 64  -  8 18  - 37  - 21 19 68  - 16 28  -  - 66 27  - 31  -  6 39 65 61  - 54 41 36  9  - 49  - 32 63 11 33 44 42 48 17 70  -  - 29  - 12 40  5  -  1  - 69 14  3 56 34 46 62 35  -  - 30 51
 60 44 48  9 14 64 69 27  - 67 53  - 28 62 46 70 10 52  - 43  6  - 37 18 40 59 58 11  - 63 22 55  2  4 33 21  - 32  - 36 51 20 31 38 19 29 50 68 16 13 17  - 24  8 65 41 42  -  - 25 56  -  - 47 26 39 57  -  1 23
 43  -  5 69  8 59 51  -  3 24 42  6 21 49 60  - 18 56 67 40 22  -  - 14 23 13 33  - 46  - 34 36 66 12 65 17 30  - 62  - 54 10  - 29  7 26 61  - 52  4 53 68 16 32 31  1  - 50 35 55 28 41 48  2  -  -  9 44  - 39
 23 54 40 43  -  -  -  -  -  -  4 36  - 51 42  -  5 32 60  - 20 35 16  - 39 61  -  -  - 12 30  -  7 14 21  - 64  1  3 53  - 26  - 70  - 65 67 33  - 59 18 10  - 34 47 28  8  -  - 69  - 13 38 27 68 62  -  -  - 45
 47 45 25 13  -  -  3  - 50  -  - 33 34  - 44 56 20 22  5 57 32 67 11 12 60 42 26  -  -  -  - 64 39 52  - 10  - 36 38 66 58 37 40 51 24  - 30  -  4 31  - 41 14 18 48 29 62  - 54 46  8 19 16 63 23 69 28 17 27  -
 29 27 63 56 48  - 53 39  -  - 38  - 58  -  3 42 52 21 40 61 46  -  -  -  - 51 47 60  - 20 13 24 59 31  - 70  -  - 68 65 26 36 50  -  - 10  - 37 49  7 15  -  4  -  9 44 25 30  -  8 12 23 69 34  1 55 11 54 43  -
 48 26 58  -  -  - 35  - 13 56 34  4 24  -  -  - 51 60  2  -  - 39 59 62  7  - 17 14 42  1 16 54 18 33 69  6 52 28 64  -  -  - 44 61  - 66  -  - 37  - 31 63 25 36  - 21 12  8 53 50 38 30 22  -  - 57 23  -  - 46
 37 70 29  - 26 41 31  - 55  - 10  - 13 23 22 11 42 36 52  - 49 24 21 16 44 25  6 43  -  5 20  -  -  8 59  - 32  2 40  -  - 50 60  7  -  -  -  - 47 30 61 27  3  - 51  4  -  -  - 19 57 58 14 12 69 65 64 35 67 33
  -  3 36 26 19  - 62 53 23  - 24 55  1  -  - 34  - 47 44 69 61 42 27 49 29  -  - 22 38 31 60 35  8  - 46 66 63 65  - 21  -  - 39  - 54 33 20 57 41 12 59 70  - 16  -  - 50  6 11 43  - 14 13 52 32  - 25 64 10  -
  2  - 67 66 61 31  -  - 43  -  -  - 65  - 18 30 37 25 10 36 63  -  - 24  - 47  - 56 19 53 15  - 51  7 26 14 23  - 41  - 42  -  - 54  3 46 13  1  - 57 16 48  - 27 68  -  -  -  9 34 70 22 44  8  4  -  -  -  - 40
  - 56 47 48 60  - 40 55  - 50  - 67 36 22  8 16 43  -  - 31  -  -  3  1  4 14  -  9 20 34  - 30  - 35 57  -  6 68 10  -  - 28 70 46  -  - 39 13  - 53 66 26 29  - 17  - 64  -  - 24  -  - 61  7 44 45 63  -  -  -
 50 55  -  3 37 10 61 15 27 51  5 57  - 43  - 49  1 30  - 60 21 44 58  - 12 62  -  -  -  - 18  - 45 66 56 19  - 34 11 24  - 38  - 48 63  - 29 67  7 46  - 64 47 22 40 31 70 41  4 65 42  -  6 17 39 13  - 33 32 54
  -  7  -  - 22  -  -  - 30 37 28 23 26  - 68  -  - 57  -  -  - 43 13 41 70  - 12  - 33 56  5  - 20 16  - 52  - 18 25 50 40 53  1 39 31 35 38  - 46 61 58  -  -  - 49 10  4 47 27 32  - 29 15 69  -  - 42 19  3 34
 61  -  - 64  4 32  9  -  - 69 22  1 59 48 63 47 19  6 38 42 65  - 51  -  - 20 44  7 31 54  - 57  - 39 50 43  3  -  - 12  - 68  -  5 25 16  -  -  - 18  -  -  - 15 10  8  - 24  -  - 33 35 55 40 29  - 27  2 53 26
 12 34  - 60 68 23 15  -  2  - 30  - 29  5 61  6 63  - 11 35 44 65 28 69 36 58 41 49 27  8 32  - 62  -  - 48 54 31 37 52  -  -  -  - 13  -  -  9  3 21 64  - 40  - 66 38 55  -  - 16  - 51 67 14 24  - 39  - 57  7
  -  8 44  - 40  - 22  - 56 54 31 45 20 63 23  -  - 50  - 70  - 36  -  5 38  - 48  3 24 51 29 32  -  - 13 42 59 62 65  - 66 35 16  -  - 52  -  7  - 14 37 53 69  - 57 27  6 55 12  - 34  - 11 26  - 41 46 67 61 17
 39 43 37 11  3 21  1 41 64 46  - 18 53 17  - 10  - 26  -  -  -  5 65 19  -  - 30  -  -  - 44  - 55  - 54 35  -  6 42  - 57  7 25 56 69 60 49 45 40 36 34  8 13 63 12 66  - 48  - 22 29 24 47  9 58 32 33 61  -  -
 69 20  -  -  1  6 58  3 42  - 32 53 25  - 29  - 64 27 62 59 36  - 55 63  -  - 57 68 65 48  - 18  - 37 47  5  - 26  -  8  - 45 19 33 43  -  -  - 11 44 49 51 60  -  2 15 40  9  - 70  -  -  7 66 28  -  -  - 56 10
 58 40  - 57  - 26 46 51 38  - 56 54 17  8 50 12  -  -  -  -  5  -  6  - 64  - 19 31  -  - 36 22  - 24 61 27 34 20 60 47  - 65  -  - 39 11  - 59 18  -  2  -  - 45 35 30  -  1 44  7 49 62 33  - 42 16 48 43 68  -
 16 69 64  1  - 70  - 36  -  7 51 68  - 41  2  - 50 42  - 22 43 19  -  - 52 15  9 29  -  - 12  -  -  - 37 33 13  -  -  -  4 46 21 27 26  -  - 39 55  - 67  - 44 59  - 65  -  -  - 10 14 18 31 60 35 20 66  -  -  6
 24 42  - 17  -  - 60 28 49 15 33  2  - 32  7 62 41  - 18 39  - 61 63 50 16  4  -  8  - 43 69 46 56  -  - 30 65  - 67 10 48 52 51 55 36 53  - 14  1 37  - 21 26 35  - 22  9 11 31  -  - 64 45 19 54 12  3 13 38 20
 63 18 10 53  -  -  -  - 26  - 14 43 11 40  -  5 56 15  - 17 50 46  4  - 35  -  8 59 44 32  - 20 68 57 52 45  1 16  - 23 34 51  - 21  -  - 25 61 27 64  -  - 49 41 30 70 69 29  -  - 67 54  2 36  - 22 31  - 62 48
  3  - 42  - 10 69 67 30  - 41  -  5 14  -  -  -  -  - 50 25  2 38 17  7  - 22  4  -  - 49  9 21 23 61 60 31 45  - 59 56 20  - 24 65 46  - 53 12 57 62  - 13  - 68 26  - 54 51 40 33  1  6  -  - 15 37 44 27  -  -
  - 68  -  - 16  2 54  - 69  - 70 58  - 64 43 44  - 20 59  -  -  3 29 26 56 49  - 41  5  -  - 13 38  - 23 11 12 22 45 60 67  -  -  -  - 62 19  -  - 51 63 30  - 50 25 17 21 39  - 37 15  - 46 35 34  7 47  - 33  -
 38 10 11 62 31 61 65  2  - 33 50 27 63  6  -  -  - 54 35  - 70 22 15  3 26  - 51 39 36 47  -  - 69  -  1 55 41 45  - 18 49 60  5  - 44 28  - 42 13 40  - 37 52 30 46 16  -  -  - 29  -  9 24  -  -  - 14  - 21 64
  1 66 12  - 47  - 33  - 65  - 61  -  - 28  - 39  - 24  -  7 38  9 36  -  -  8 68  - 40 11  4 42  - 50  - 56 21 29 15 16 31  - 69  3 64  -  - 19  - 20 35  -  - 44 23  - 46 54 58 45 59 10 18  6  - 26 22 63 34  -
  4 19 14 44 41 56 55  - 29 39  -  - 10 50  -  - 61 45 24  2  - 49 43 28  8 53  - 65  3 42  - 48 26 34 51 25 70  - 35 58 16 30 46 64  5 54  9 21 32  - 23  -  -  1 27 69  7  -  - 47 40 37 36 59 31 38  -  -  -  -
 11 38 50  - 12  - 52  - 54 27 58  7 67 29 39  - 69 65  - 62 26 41 44 36  -  -  - 47 25  - 46 70 35 10 49  - 15  -  - 61  - 42  - 18 20  4  - 48 64 32  -  - 53 55 59  -  -  - 14  -  5  - 17 24  2 21  - 51 16 57
