3430
 52  - 61 20  6 39 31 67 36 43  - 66 48  - 17 32  - 19 51 21  - 64 57 49 10  -  8  9 55 14 25  - 42  - 12 16  7  4  3 65  -  -  1 13  -  - 46  - 29 68 47  -  - 54 53  -  - 28  5 15 26 27 33 50  - 41 40 37  - 22
 66 68 21 50  -  2  7 30 33  -  8 26 36 32 48  -  - 12  - 35 70  5  6 59  - 37 19 61 28  - 41  -  9 51 34 43 42 65 29 57  -  - 11 16 60  - 25 55  -  - 15 44 49 27 67 40 20  3  - 53 56 63 22 31 10 23 17  -  -  -
 24 17 28  - 40 15  - 13  -  - 67 41 62 53  -  - 59  7  - 39 21 22  -  -  -  2  - 11 52  -  3  - 20  -  - 60 63  1  - 37  6 19 18 61  8 47 57 26 68 38 27 25 55  - 29 56 51  - 34 33 49  - 44 36 23 50  - 10 31  -
 15  - 22  -  - 57 25  6 35 41 53 18 54  - 59  - 34  - 12  -  - 50  -  - 16 20 36  - 56 55  -  8 51 69 19 17  - 23 67 21 43  - 52 38 30 10 40  5  -  - 60 45 70 24 48 44 39 26 62 58  - 49 63 47  1 29 33 31  -  -
 26 50 47 58 43 62 17 70  - 18 34 55  8 24 66 68  - 56  - 10 54  7 32  - 11 60  -  - 49 45 64  9 53 30  -  - 12  - 21 44 22 13  - 69 23 65  -  2 33  - 40 46  - 36 61 67 27 14  4 16 39  1 29 38  -  - 28  - 51 25
 19 33  -  6 44  -  - 11  9  - 64 23  - 13 25 26 17 53 32 69  - 47  7 28 61 16 70 39  1 50  - 68  -  -  3  -  - 21  - 67 54  -  -  -  - 41 66 60 10  -  - 48 52 58  2 35 18  - 43 63  4  -  5 40  -  8 20 62 27  -
  - 56  8  -  - 33 68  -  - 29  - 62  -  - 45 11 27 43 37  - 20 14  - 40 52 69  6 47 18 57  - 38 64 46 66  - 41  3 28 25 30  - 36  - 63  -  - 32 70 15  - 16 60 67  - 61 24 19 26 49  7 42  - 22  -  - 53 59  2  -
  -  -  -  -  - 59 53 51  - 23 52 64  - 25 32  -  - 49  -  -  2 68  - 14 63 33 27  - 43 13 26  - 44  4  - 21  6  -  -  - 60 34  7 48  - 58  8  1 35 66  - 61  - 15 65  -  - 10 17  - 19  - 18  - 50  - 45 54 22 57
  8  -  - 12 15 18 16 61 25 14 50 21 29 39 47 59 43 70 10 53 66 40  - 38 36  -  - 42 45  1 54  5 49 26 46  - 44  - 51  -  4 24 68 52  7 17 55 67 65  9 31  - 35 30  - 20 41  - 27 34 69 57 37  -  - 63  6  - 28 62
 11 26  - 34  - 14  9 40  - 36 25  - 33 54 30 55  - 29 52 44  - 63  - 58 57 43  -  -  -  7 22  -  2  -  -  8 49 17  - 70  1 47 56  -  - 39 68  -  -  -  6 38 69  - 28 51 16 66 24 65 62 20  4 46 61 48 23 12 59 18
 63 43  - 69  -  -  - 57 70 47  -  - 12  - 50  8  1  4  - 32 60 18 14 34 51 26  -  7  5 16  9 61 13 37 54 25  -  -  - 53  - 56 48 22 10 40 59 30  - 21  -  -  - 19 39 65  - 38 31  - 52  -  - 20  3 27 42 66 62 35
 57  - 44 39 38 52 11  -  - 40  -  - 61 56  - 34  - 13 22 46 51  8 43 29 14  - 64 30  - 21  - 37 68  7  - 58 18 45 70 55 26 20 25 67 32 50  - 10 12 65 17 15 42 53 23 31  - 49 41  -  2 24 54 33 27 47  -  -  - 60
 32 29 65 26  2 28 62 39  - 67  -  -  9  -  -  - 44 59  -  - 41 30  -  -  - 40 35 55 16 42  7 15 22  - 20 69  -  -  - 38 13 11  8 68 47 48 23  - 43  - 49  4  -  - 37 54 46  1  6 36  - 34 31  3 45 51  - 14  - 24
  - 64 52  - 26  - 22  3 49  - 70 11  6  -  - 30 69 38  7  - 34 25  - 41  -  - 33  - 14  - 61  - 36 47 23 53  9  - 32  - 19 42 24 66  1 31  4 50 21  - 67  - 57  2 56 58  -  8 51  -  -  - 43 16 65 54 15  - 68 40
  -  - 46  - 24  8  - 56 68 31 13 47 32 51 52 28 30 64 55  4 65 49 19  - 20 39 37  6 63 17 43 66  - 15 33  - 58 11  - 50  5 57 70 62  9 21  - 44 38 42  7 36  - 10  -  -  - 40 23 18 12 54  -  - 35 59  -  -  -  -
  - 13  - 27  - 10 63 58  -  9  - 70 51  -  -  -  -  - 47  -  - 60 22 35 66 48 12  - 21 37 30 28 31  -  - 52  4 68  6  - 24 40 16 55 26 34  - 39 14  3 46 18 15 56 49  5 61 42 57  8  - 64 25  2  -  - 29  - 32  -
  - 32  -  - 53 42 27  -  -  - 58  -  - 18  - 64 48  - 43 66  - 69  - 39  - 38  2  - 12 35  -  6 45 56 26  -  1  5  -  - 29  - 63  8  -  - 49  -  - 33 65 31 51  -  - 60  9 57  -  - 13 15  -  - 44 30 25  - 11 37
  -  - 23 17 16  - 45 33  -  - 39 12  -  - 11 63 29 15 56 50 19  -  - 31 32  - 20 52 62  -  8  -  - 67 48  2 54  6  - 24 53 66  -  - 68  -  -  -  5 61  -  - 65 34 25 28  7  -  - 57  - 46 13  -  - 60 43 18 26 38
  -  - 70 56 47  7  -  - 32 50 31  6  -  -  - 42 33 10  - 48 46 37  - 16 26 58 68  3 30  4  - 11  -  -  -  -  - 15  - 35 62 39 59 19 57 18  - 12 41 69  - 28 61  - 40  2 66  5 63 27  8 29 51  1  - 67  9 60 34 21
  5 44 14  8 21  -  6  - 34 53  2 25 24  1  - 19 32 60 40 43  - 36 67 64 70 41  - 38 50 10  - 26 15  - 39  7 46 55 13 56  - 54 22  - 20 16 12 27 61  - 28  - 33 29  - 69 45 47 49  -  3 35 62  4 30 57 31  -  - 59
 69  -  - 51  -  - 57 68  -  - 46  -  - 10 38 29 28 40 53 70  8  -  - 11 59 34  - 26  - 65 12  - 63  -  4  1  - 50 42 54 67  3  -  - 52  2  - 41 62 31  9 49  - 43  -  - 14  -  -  - 60 56  - 17 55 21  - 15  -  -
  9  - 60 68 35  - 42 41  - 61 69  -  -  7 19 66 12  - 30 38 59  - 27 67 17 14  - 33 40 24  -  - 39  - 70 45 29 13  8 49  -  -  - 54 36 15 56 62 50  1 23 64 47 57 52  - 37  - 48 28  -  - 53 63 18  3  -  - 44  -
 37 42 39 25 59 36 20 53 43 60 11 61  - 26 34 67  3  - 24 22  - 31  -  - 35 62 45 44  4 15 38 70  - 40  - 27 68 30 65  -  - 48 66  -  - 49 29  9 54 57 41 50 46 16 13 12  - 69  -  7 17  - 58 28 51  5  2 47 23  -
 14 16  1 44 61  -  -  - 48 12 21 31 63 30 42  -  -  - 50  - 33  4 58  - 54 70 28 51 32 56  - 34 37  -  - 38 40  -  -  5 25  - 15 39  - 27 45 43  - 62 52  7  - 23 46  - 59  2 67 24 53 68  - 35 57  9 41 17  3  -
  - 37 43 41 29 56  - 65  - 19  -  3 25 64  - 47  - 24 15  - 42 21  - 46 30 36  -  - 11 39 45 13 61 12  - 28 32 53 63 27  - 17 57 35  - 20 34 59  - 14 51  5 54 22 55 33 60  -  -  - 67 31 50  8  7 10 18 68 66 44
 18 61  5 35 62  3 47 24 28 64  - 22 41  -  -  9  -  - 66 59 69  - 60 15  - 10 51  1 25  - 11 67 55  -  - 63  -  - 58 39 23 14 13  -  - 19 43  - 53 12 68 42  -  - 38 49 52 34 54 44  - 30 17 27 16 37 70 57  -  -
  -  - 12  - 37 51 61 66 46  2  - 34 68  - 63 15 23  - 31 16  - 29  - 13  - 22 49 18  -  3 56  - 50 64 41  - 28  - 35 17  8  9  - 33  -  -  6  - 69 59  -  -  - 44 70  - 32 53 40 11  - 25 47 54  -  -  -  4 24 55
 38 39  2  - 42 61 58  - 47 52 37  9 50 23 35 65  7  -  - 31 18 59 51 27  - 55 69 70 20 36 21  -  - 62 49  -  - 41 46 60  -  - 45 12 64 32 48 28 63  6 11  - 22  - 15 57  4 29 33  - 40 10  8 68 34 17  - 44 67 66
 58 23 26 65  8 43  - 12 64  -  - 44  -  6 67  -  -  1  -  - 15 34 16 42 27 61 18  - 59 22 63  -  - 52 24  - 17  - 14 28  - 31 30 50 53  - 13  -  -  7  - 20 38 46 51  -  - 39 11 69 10 47 41 45 62  - 60 56 55 36
  - 70 51 24 17 21 32  - 40  - 66 19 13 61 64 57 14  - 26 58  9 35  -  - 55 63 67  2 38 27 39 69 16  1 53 47 48  - 33  7 11 43 20  - 62 68 31  8 56 22  -  6 50  -  -  - 28  -  3 10  - 52 45 37  - 18  - 30 15 41
 41 27 64 45 10 54 38  - 20 59  - 63 56  8 46 62 35 30  - 17  - 15  - 57 25  - 32 22  - 19 18  - 69 14  - 48  - 58 12 51  - 65 40  -  -  - 11  -  1  5  - 67  -  6 43 29 49 50 42 23  -  -  2 70 37 39  -  7  - 53
 49 21  - 19  1  -  4 34 18 44 57 30 60  - 22 13  - 39  -  - 61  -  - 66 43  - 65  8 67  -  - 32 62  -  9 23  -  - 24  - 68 52  - 36 28  - 47 48  -  -  - 14  - 51  - 46 38  - 70 29 64 11 55  -  -  - 50  - 37 42
  - 46 63 15  9  5 14  -  -  - 56  - 35 22 53  -  - 48 36 28 32  3 70 43 33  4 26 21 24 20  - 65  -  -  - 54  -  -  - 19 66 25 58 59 44 51  -  6 18  -  2 27  -  - 50 55  -  - 13 61 42  7 40  - 41 11  8 69 52  -
  - 59 17 61  -  6  - 27 21 54  - 42  3 12 51  7 38 44 46 36 35  - 10  - 41 45 39 60 65  5  1 43 25  - 30  - 33 32 20 66  9 64 47 49  4 24 70 63  - 16 48 29  8 26 69 13  - 37  - 50 31 58  -  - 15  - 68  - 19 52
 61  - 48 43 49 25 69 60 23  - 63 27 53  9 57  -  - 34 33  -  -  -  8  -  3 66 14 68 17 31 70 59  4  2  - 19  - 52 18 42 38 55  - 29 39 46  1 36 47 40  5 58 24 62 64 26 50  7 37 67 32 65  -  -  - 44 11  - 13  -
 34 28  -  - 12 29  - 10 16 48 26 20  - 27 44 51 46  9  -  -  - 62  -  - 31 30 42 45 54 66  - 22 19  - 35 41  - 24  - 63  2 18 65  7 49  - 50 11 25  -  8 32  - 55 17 38 67 23  - 68 37 43  - 13 36 58  1 40 70 69
  - 10 53 21  -  9 59 47 17 51 62 33 23 42  - 48 31 46 61 68  - 13 18  7 22  - 54 64 58  8 55  -  3 44 63 50  -  - 16 26  -  - 29  5 43  4  - 57 67 34 19  -  - 38  - 52 36  -  - 56 11 28 70  6 66 15 27 41  - 30
  -  - 49  - 36 68 54  9 31  -  7 50 57 45  -  - 51  5  1  - 44 10  - 70 38 32  3 62  -  - 20 25 46 65 18  - 39  - 69 43 61  8 28  - 33 66  2 34  - 13  -  -  4 63 12 21 29  -  - 59 41 67 48  -  -  - 24 27 17 56
 25  1  3  - 41 50 24 59  -  - 48 68 28  -  - 45 65 61 11 60 17  - 31  - 39  - 57 49 42  -  - 62 34  - 14 13 67 38 26 15 33 27  9 53  -  5  -  - 55 64 44  - 21 20 18 66 22  4  - 37 70 36 69 52  6 56 51 32 40  -
 22 63 50 37 28 58  5  7 38  -  - 51  - 16  -  6  4 42 64  - 12  - 47 21  -  -  - 19  2  - 48 33 29 27 67  - 52 26 17 40  -  - 41 15  -  - 14 65 59  8 34 53 36  9  - 30 35 46  - 39  -  -  - 23  - 31  - 25  -  3
 70  -  - 42 45  -  -  - 13 65 22  -  -  4  - 46 63  - 58  8  - 23  -  - 15  5 55 20 39 68  - 16 26 31 57  6 11 61 10 33 59 12  -  2  - 60 27 69 40 43 37  - 41 52  1 19 54 24  - 17 18 48  -  - 32 38 21 36  - 49
  6 58  -  7  -  - 50 20 69  5 38  -  -  -  8  -  2 68 35 63 67 51 29 36  - 42  - 17 34  - 33  - 32  -  - 40 65  - 23 22 18 46  -  4  - 26  - 61 27  -  -  - 37 66 57 10 55 41 60 54  - 16  -  - 13  1  3 64 14  -
  - 67 20  9 14  - 13  - 58 63 32  7 26 36  4  - 47 54 17 57 31 41 64  -  - 52 21 65  - 11 15 39 70 49 38 30  - 60  -  2 16 37 50 56 18 69 51 19  -  - 66  - 10 25 24 42  -  - 44  5  -  -  -  - 68 45 22  8  -  -
 20  - 15  - 22  - 40  -  - 34 65  - 67 60 13  - 42 57 48 37 16  - 55 24  - 25  - 46  - 59  6 64  8  -  -  -  - 51 56 12 31  -  -  - 41 14 21  -  -  -  - 10 68  4 63  - 47  - 28 32 66  5  - 43 11  - 54  - 58  -
  - 22 19 59 57  4  - 14 29  7 35  - 34 17 33  - 24  - 67  3 23 44 11  -  1 15 30  -  - 64 60 27 52  9 31 49  - 48  -  -  - 63  - 28 66 53 65  -  - 45 36 51  5 61 47  -  -  -  -  2  -  - 20 10 69 12  - 13  - 68
 27  - 35  - 65 45  - 18 11  4  -  - 59 28  - 50 61 67  -  - 55  -  -  -  -  1  -  - 64  -  - 10 40  -  -  - 26  - 31  - 52 22  -  6 25  8  - 68 30 39 54 69 56  -  -  7 13 44  - 62 15  - 38  -  -  - 57 20 48 19
 50  - 40  1  - 53 18 15 27 38 36 28 20 66 39 52  9  -  - 12  6 42 44 65  2 19 58  -  -  - 29 47 35  - 10  5  8  7 37 61 41 68 55  - 69  - 26 51  - 32 43 24 67 59  4 48 34 31  -  - 22  3 60 56 17 64 49 21  -  -
  7  -  9  - 23  - 60 35 45 15 27 59  -  - 24 58 36  -  - 40 64  -  1  -  -  6  - 12 41  2 67 50  - 18 43  3 70 34 62  -  - 53  - 32 55 57 17  -  - 28 29 19  - 33  8 47  - 25 38  -  - 14 30 42  - 13  - 22 63  -
 60 53 18 66  5 30 34  -  -  - 24 54 46  -  6 23 58  -  - 42  - 32  - 26  8 49 38 57  - 40 27 63 47 20 51  9 43  -  2  1 65 69 14 17  - 56  7 70 15  - 61  - 19 45 31  3 21 67 50  4 29 37  - 25 48 36  - 16 33 13
  - 60 66 62 13 38 52  - 59 70  -  - 40 44 69 25 22 33 27 14 36  -  -  - 45 53  -  - 15 23  2 31 56  -  -  - 34 18 30  -  -  7  6  -  -  - 19 16  -  - 20  - 28 41 11 68 65 12  -  1  - 39 35 21  8 55 26 43  - 61
  - 45  -  -  -  - 26 21 24 20  -  - 18 62 65  - 53 17  - 25  - 61 63 32 42 47  - 58 69  - 59 49 30  - 50  -  -  -  5  -  - 33  -  -  - 36 67 66 48 37  - 60 11  1 19  6 43  -  8 70 35  - 39 55  -  4  - 29 64  -
  1 47 34 38 33  - 39  -  - 62 41  2 64 52 36  -  - 63 18 51 29  9 50 61 53  -  - 31  3  - 57 48 66 13 58 65  - 44  - 14  -  -  -  - 70 25 28  4 32  - 35  - 43  8 45 24 30  - 15 46  - 21 49 60 22 16  - 67 56  -
  - 48 42 32 25 16  8  - 52  -  5 39 27 50 40  - 66  -  - 33 68  - 62  - 44 67 41 53 22  - 24 51 17  6 69  - 38 29 54 36  - 58  4  - 61 35 63  -  7 18 26 57  - 21  - 70  -  - 65 31  9 59 15  -  - 28 10  -  -  -
  4 51 69 49 11 37  -  - 61  - 17  - 45 63  -  - 56 26  2  -  5 53  - 50 67 57 34 40  -  -  - 19 58 54 21 10  -  - 44 48 70  - 46  3  -  7 64  -  - 35 30 33 14 60  9  -  -  - 68 42 24  6  - 59 12  - 55 39 36  -
  - 15 67  - 60 46  - 25 57  -  3 35 21 38 43 56  -  - 13  - 37  - 65  - 58  - 63 27 66  - 23  4  7 70 11 36 51 16  - 52 20 30 26 14 54 12 69 64 34 55  - 41  -  - 44  -  - 59  - 22 50 18  1 19 28 40 32  - 42  -
  -  3  - 36  - 32 35 63  -  -  -  -  - 67 15 53  - 27 28  - 14 11 26 47 60  - 66  5  -  - 58 12 24  -  2  - 64 56 39 18 10  - 43 46  6 62 22  -  -  -  -  8 23 40  -  1 48 21 25  - 34 38 42 44 52  -  - 49 65 33
  -  - 37 33  - 48 30  -  5 32 14 43 17  - 31 60  - 22 29 62  - 39  2 45  6  -  1 56 35  -  4  -  - 68  - 66 16 25 38 46 42  - 23  -  -  -  - 40 36  - 24 63 58 69 27 18 12 15 10  - 57  -  7 64  - 65 34 52  - 11
 30 62  4 16  -  -  - 48  -  8  - 38 10 14 61 39 25 41  - 64 43  -  -  9  -  7  -  - 47  - 13  3 23 19 17 34 24 31 50  - 27 28 60 26 65 29 52 58 22 11 57 21  - 37  5 36  -  -  2  6  - 66 32  - 70 49  -  -  - 15
  -  7  - 52 64 13 15 31 10  3  4 48  -  - 54 27  - 20  - 67 30  - 41  -  9  - 22 69  - 58 66 46  - 50 29 37  5  - 36 23  - 38  -  -  -  1 39 18  - 56  - 68  - 28  6  -  - 17  - 26 25 53 21 24 40 43  - 42 57 70
  -  8  -  - 34 31 56 22 30  - 20  -  - 70  -  -  - 21 39 18 27 55 35  -  4 23 62 15 57  - 42  -  - 25 13  - 37 28  -  - 46  - 51 60 29 52 61  -  - 49  -  3 12 65  - 45 19 58 69  - 16  - 14 66  2  7 67 24 10  5
 47 36  - 46  - 34 19 69 15 45  9  -  -  -  -  - 67 18 68  2 58 66  - 60  -  -  -  - 27 44  - 55  - 11 32 26  -  - 57 10  - 62 17 31  - 59 41 49  - 63 42 56 40 70  -  4 23  - 53 25  - 33 52 65 64 22 37 38 39  1
  - 18 41 60 51 55 64 43  - 46 15 37 30 47  1 61  - 69 42 65 40 70 34 54 56  - 17 13 26 28  - 36  - 35 44  -  - 67 66  -  - 23 10 58  - 22  5 14 24 48 63  -  - 11  -  - 31 16 39 52 38  - 27  - 20  - 19 45  - 50
  -  - 62  -  - 60  - 45  - 42 16 24  5 59  - 17 39  - 38  - 49 12  9  - 19  - 44 34 53 43 69 18 65  - 15 35 66  -  7 68 55  - 54 57 22  -  -  -  - 51  - 13 63 14 26 50 10  - 32 21 30 23  -  - 58 20 47  -  -  -
 53  6 38  - 58 19 65 49 26 69 60  -  -  - 41  - 37  2 20  7 11  -  4 56 68 18 13 24  9  - 46  -  -  8  -  -  - 39  - 34 63 45  - 23  -  -  - 15  -  - 50 40 29 12 54  - 57  - 35  3  5 32  - 48 47 42 14 33 16 51
 43  - 68  - 19 70  -  -  - 49 12  4  -  -  -  - 40 14  - 11 45 46  -  6 64  - 16 29 48 51  -  2  -  -  1 62 57 47 27  -  - 36 38 41  -  - 20 42  - 25  - 55 39  5 58  - 53  - 56 60 59  - 26  7 54 32 65 35  - 10
 51 34 57 31  - 44 21  2  -  - 30 56 11  3 58  - 10 37  6 54  -  -  5 68 23 64 61 43  -  -  - 29 27  - 55 20  - 14 22  9  -  - 12 47 17 42 18 53 52 60 69  - 13 48 59  - 33 70  - 66 36 40 24  - 39 35 38 28 25  -
 36  - 25  4 46 63 37 54 12 33 61  -  2  -  - 22 49  8  5 41 56 28  - 30 48 21 23 10 70 53 31  7 11  -  - 29  - 35 34 45 39  - 67  -  - 13 32  - 44  -  - 26  3 18 42 43 58 65  - 55  - 17 57 51  -  6  - 19  - 47
  -  -  - 23 66  - 28  8  3 56 45  - 42 29  -  - 26 16 65 30  4 38 52  - 18  -  -  - 19  9 62  - 10 34 25  - 31 27 60  - 51  1  - 11 13 63 37  7 58 47  - 43 20 68  -  - 44 32  - 35 48  - 46  - 67 24 59 70 69 17
  3  5 55  - 27 22  -  - 14 26  - 65  - 68 28  - 54  - 70  6 57 20 24  8 49 17 47 59 36  - 37  -  - 58 52 12 35 42 48 30 50 51 32  - 31  -  -  - 19 67 25  - 16  - 62 15  - 18  - 41 21 13 23 11  - 61  -  -  7 34
 68 65 58  - 56  - 66 23 60 21 19 49  -  -  -  5  -  -  - 34 47 67  -  - 12 27  -  -  -  - 17  1 57  3  7 18  -  -  - 31  -  -  - 25 48 11 42 24  8  2  - 37 59 13 10 53  -  - 16 30 28 26 61  -  - 33 39 50 29 43
