3430
 15 64  6 33  5  - 10  3 23 13 53 66 30 65  -  -  - 44 14 62 42 67  - 25 47 16 60 35  1 36  - 50  8 37  - 40 21  - 58  - 43  4 70  - 51  - 19  -  -  7  - 52 46 69 38  - 31 34 61  2 56 17 12  -  - 55 57 63  9 28
 62 39 45  -  - 31 17 37 21 63 25 13 61 47 54  - 23 32 35 27  4  -  - 55  5  - 67 48  - 26 29 59 51 18  7 19 70 33  -  -  9  -  -  3  - 66  -  -  - 41 12  -  - 42 58 15  8  2 69 57 52  6 53 16 14 68 24 10 65 49
 39 44 33 47 27 20  -  - 24 45 23 37  -  -  6 49  - 15  -  - 19 11 41  - 35  - 16 22  -  -  - 63  - 67 38  1 30 60  -  2 62 32 36  - 46 42 52 28 26 64 57 51  - 58  9 70 61  4 59 12  - 34 29 25 69 31 13  -  - 10
  -  - 58 31 62 65  6 29  5 38 32 11 13 15 10 52 48 18  - 59  -  - 54  8 46  - 64 12  -  - 19  - 42 35  -  7  4 50 26 36 45  1 28  - 20 41 68  3  - 14 49 61 37 25  - 60 17 51  - 69 66 57 33  9 39 56 40  - 63  -
  5  - 41  - 39  -  - 15 42 51 52  6  -  8 70  - 17  -  - 10  3  - 19 20 16 56 40  - 21  2  -  7 22 57  - 61 45 48 31  - 58 35 66 59 37  -  - 63  -  - 32 12  -  - 55 34 18 67  - 25 53  -  -  - 43  - 30 24 14 13
  -  -  5 18 26 49 23 47 16  -  - 20 38  - 32 61  - 60  - 63  2 28 45 37 17 12 48 34 59 52 55 21 66  -  -  3  6  - 24 41 70 68 13 25  -  - 56  7 43 10 58 67 29  - 31  1  4  - 14 15 22 27 40  -  -  -  - 62  -  -
 30 37  2 52 18  - 60  - 36  - 46  - 32  - 19 28 67 12 54  -  -  -  3 11 62 65  - 49 29  - 17  - 15 55  - 23 48 53  -  -  - 45 43  -  - 40 51 50 10 26  -  -  -  -  6 64  - 63  9 68  - 61 34  - 44 59  4  -  -  -
 31 38 50 26 25 40  2 17 52 42 19 14  8 70  - 27 61 21  - 39 24  - 10  - 56 68 58 64  -  - 49  - 12 46  - 28 35 18 23  - 55 59  - 15 33  - 43  -  9 32 41  4 51 11 29 69 54  6 30  -  -  - 44 22 65 60  - 57  - 20
 46  - 32  7  -  - 25  -  3  8 47  - 20 52 23 70  -  - 42 13 26 45 37 53 67 59  -  - 54 24  -  - 27 28  6 58 51 17 57 12 35  - 15 61 66 22 64 48  -  - 50 21  -  - 36  - 63 65 68  -  -  -  -  - 11  1 10 56  -  -
  4  -  -  2 50  5 53 61 65 29 63 54 36 38 37  7 11 22 23 51 47 15 39 33  - 27  - 21  6 46 16 18  - 41 59  - 60  - 44 24 69 17 14 70 55  - 67 19 45  - 20 64 34 52  -  - 26 31 56 40  - 35 28 32 42 62 58 12 30 25
  3 34  - 14 69 59 44  7 17 18  - 56  -  - 27  1 66  -  - 67 68 47  9 19 15  - 49  -  - 57  - 58 30  - 63  - 39  8 61 25 41  - 33  4  - 37 48 70  6 16 11  - 43 12  -  2 40 26 24 42  - 55 51 20 32 36  - 21  -  5
 64 56 70 48  -  3 66 62 22 35 28 30  - 34  -  9 31 46  - 65 57 14 33  - 42  - 21 67 55  6  4 16  -  -  - 32  - 58 29 49 24 11 23  2 60  -  -  -  -  -  1  - 47 40 20  8 53 17 19  - 61 52 41 45  -  - 63 37 25 51
  -  8 25 53 67 26 13  - 40  -  -  5 29 58 11  -  -  - 50  - 70 34 18 12 38 42  7  - 61  -  - 39 28  - 14  - 66  6 63  - 65  - 16  - 32 64 54  -  -  9  -  - 17  - 45  - 68 37 43  -  -  - 48  - 21  2  3 20 47 33
  - 22 68  - 14 19  4 52 32  - 15 67 48 29 66 39 30  1 28  -  - 62 20 57 51  - 34 70 49  9 50  - 69 65 44  -  7 55 18  - 13 42 37 16 43  3 24 45  - 60 25  -  8 61  2  - 46  - 58 31  - 10 23 41  -  -  -  5  -  -
 14  5  1 30  - 34  -  -  - 32 68  - 70 48 29  - 22 55 44 24 59  9 28 31 66 53 38 25 52 18  - 15 49 21  - 10 33  - 37 58  - 16 35  -  2  -  - 64  -  4 13  -  -  - 23 65 42 12 67 61 51 43  - 50  -  8 20  3  -  -
 51  2 27 20 40 25 64  -  - 12 66 16 47 36  8 58 70 26  -  -  -  - 59 54 41 15  9 33 69  -  - 61  -  - 30 44  -  4  -  -  - 53 21 42 38 19 55 52 48 56 28  -  - 60 68 39 32 49 11 17  7  -  3 23 45 24  - 13 43  -
 33 28  - 70  - 21 59 18  -  - 29 63  -  -  2  - 27  -  - 45  - 52 15  - 40  6 50  - 32 19 35 22 37  -  4 26 41  3 47  -  -  - 12  - 65 24 30  -  - 17  8 39 61 66 62 20  5 23 44 34 58  - 68  1 38 64  - 60 16  -
 22 65  - 39 20  - 41  -  - 53 54  - 15 40 42 55 58  - 57 47 30 56 52 49 29 46 63 26  - 34  - 19 23  7 70  - 36  - 13 32  - 51  6 38 45  - 69  - 37  -  9 33  -  -  -  - 64 25 48  - 21  - 14 44 24  - 60  -  1 62
  7 17 19  - 37 66 18 36 64  -  6 24  - 26 28 34 10 27 38 69 22  - 50 62  8 29  -  - 12 23 14  1  -  - 40  -  3 32  - 68  - 56  - 58  -  - 53 59 55 61  - 16 13  5  -  - 39 21 57 67  -  - 30 11 70  - 44  - 52 47
 34  9  - 43  7 38 14 53 12  - 24 62 56  -  - 64 50 45 27 70 21 49 29 51  6 31 66  1 33 16  -  8 63 69  - 35 44  -  -  - 61 67 11 41  -  -  -  - 13 52 48  3 18  - 37  5  - 39  - 59 55  2 46  -  - 32  - 30 23 60
 27 30 16  - 34  -  - 11  -  - 48  - 33 57 35 59 21  -  - 44 28  -  - 63  -  - 20  7  -  - 46 40 62 60 56  - 22 10  - 51  -  -  1 31 52  -  - 12 38 65  - 17 69  - 19  - 14  - 66 23  5  - 67 29 36  - 32 55  4  -
  -  - 12 24 59  - 57  2 28 34 50 58 62  6 51  -  7  - 69 32  -  4  - 22 45 49 54 41 17 40 48 20 68  -  - 56 13  9  - 39  -  - 61 66 18 30 44  - 42 33 16  - 65 35  - 53 25  -  - 10 31 60 70  - 29 37 67 19  8  3
 36  - 53  - 35 17 15  1 45  - 21 43  - 41  -  - 34  -  -  -  -  - 40 16  - 54  - 61 23 29  -  -  - 62 47 39 14 25 64 42 32  7 69 24 12 63 70 26 52  - 33 66  - 48 13  - 28  - 55 46 59  -  -  8  4 20 19  - 27  6
  -  6  - 28  4 36 51 55  7 24 10  -  9 27 46  -  -  - 29  -  -  -  -  -  - 23  -  3 39  - 61  2 57  - 31 15 16  -  - 59 34  -  5  -  -  - 21  - 40 25 63 49 50  -  - 66 60  - 45  -  - 70  - 26 48 47 37 32 42 65
 56 60  -  -  3 47 67  -  -  - 37 64 43 63 53 22  -  - 17  - 48  - 16  4  - 44  -  - 57 28 33  - 34  - 26 30 42  -  8 18 39 55 24 45 59  9  -  - 61 66  - 50 54  7  - 25 23 10  1 20 27  -  - 15 35  6  2  - 51  -
  - 54 67 57  - 41  9 48 58 31 42 69 19 16 33 23 51 28 36  - 20 40 56 18 39  - 12 17 62 50 52  - 47  8 61  - 32 37 10 13 11 66  - 49 26 27  2  4  -  - 30 55 44  - 43 24  -  - 64 14 25 63  6  - 60 38 34  -  3 29
 53 55  4 54  - 16  -  -  8  - 31  -  - 42 57  -  - 49 43  - 15  -  -  - 65 52 17 56 40 41 67 66  - 12 62 36 61 59  9 33 25 39 20  7 19  -  3  -  - 44  - 68  - 50 35 29  -  -  6  - 34 14  - 38 51 30  - 26  2 46
 40 19 64 13 58 63  - 60  - 46 61 41 10  - 45 14 18  -  -  1  -  -  -  2  -  -  6 57  4 70  -  - 21 33 29  -  - 15 36  - 12  -  3 26  -  -  -  - 50 53  - 62 52  - 28  - 47  -  - 32  - 23 22 30  5 44  - 65  - 42
 35 23 40 46 49  -  - 28  - 19 34 31 58  - 39  - 38 10 48  -  - 25 44  - 53 24  - 62 22 12 27 30 41  -  9  4 59  -  - 43 67 57 47 13  - 21 63 54  -  -  - 32 68  - 26  - 56 16  3 33  - 45  5 55 52 69  -  -  -  -
  -  -  -  - 17 56  -  9 47  -  1 48  - 44  3 20  - 64 62 43  - 65 12 35 70 28  -  - 24 60  5 41 61  - 25 54 10 31 38  4 63 15 50 32  8 68 45 69 18  - 37  -  2 26 30 21 59  7 51  - 14  -  - 40  - 66  - 49 19 23
  - 14 35  - 19  - 36  -  1 27 11  - 26 23  - 45 69 42 58 61 50 37 13 56  - 66 28  5  - 32 62 24  -  6  - 16  8 47 12  7  - 41 68  -  -  - 39 22 34  - 38 63 25  4 17 51 49  9 10 44 65 29 20 33  -  - 43 46 31  2
  - 66  -  - 55 58 50 20 14  - 51 10 39 46  - 24 19 36 41 16  - 38  - 68 59  - 33 37 31 35  - 64 44 40 13 25 15 54  5 29  -  9  - 30 61 34  - 27  -  - 42 48 11 28  7  -  3  -  -  6 17 26  - 43  8  - 21 47  - 52
 10 67  -  - 68  - 48 42 54 37 38 19 60 69 63 66  9 29 40 58 31  6 35 39  -  -  1 14 16  4 51 36 11 45 50 70 64 27  -  - 56 49  - 43 41 13 23  2 53 30 46  8  - 34  -  3 44 20  5  - 33 28 55  7 59 22 17 25  - 26
  -  - 69 65  -  7  - 68 34  - 41 51 25 54 26  8  1 61 70 66 35 53 64 21  -  - 18 59 42 45 11 67 14  -  - 43  5 19  4 56 37 27 60  - 10 36  6 30  - 15 29  2 33 55 48  -  - 24 47 38 13  3  - 58  - 57  - 17 49 44
 20  - 11 37  -  9 69  - 15  - 26 44  6  - 31  5 59 43 25  -  -  - 36  - 63  7  - 19  - 17 47 23  - 39  -  - 53 35  - 62  -  2  - 46  - 54 60 57 24  - 55 56 14 33  -  -  -  - 16 50 41 30  4  3 49  - 42  - 32  -
  -  -  -  - 48  8  - 32 60 39 33 35 27 37 12 47  -  -  3  -  -  -  - 14 26 41  - 15 46 43 23 31  -  -  -  - 62  -  - 53  - 52  - 29  -  - 58 65  - 34  - 45 56 70 16 38 30  -  -  -  -  - 66 67 25  7  5 18 20 57
 16  - 46 17  - 32 61 14 10  - 62 26  - 19 40  -  -  - 12 42 43  1 23  - 48  -  - 27  -  -  - 44  - 68 24  - 34 56  -  6 15 21 57  8 29 51  5 25 28 58 53 22  - 13  3 37  -  - 33 47  9 59 35  - 64  -  -  -  - 36
 57 16  - 21 30 23 22  -  -  -  - 61 45  5 56 50 24 13 33 68 54 46 31 26 36  -  - 55 18  -  2 38  -  - 42 53  9 12  -  8  3 28 34 37 44 70 20 35 49  - 47 10 32  1  - 52 66 19 62  7  6  - 69 48 63 11 51 15 60 27
 26 29 42  - 57 60  -  - 35 52 55  -  - 68  -  - 62 11 56 25 67 59  6 24  4 50 45  2  -  5 64 32 33 13 15 22 20  -  - 61 23 69 39 28 48 14  - 47 17  - 65 53 10 27  8  - 34 46 38  - 43 54 36 37  - 63  9 41  - 21
 60 35 55  8 64  1 20 54 19 58  - 34 14 43 30 57  3  7 51 37 69 24 27  5 21 38 41 50 65  - 10 12 46  - 23  - 52 68  -  -  - 29 56 17  -  -  -  6 16  - 67 26 28  - 40  - 48  - 63 18 32 66 31 61  - 25 45 70 11  -
 12  - 52 62  - 42 45 46 63 36  - 21  - 59  -  - 39 51 68  - 27  -  - 41 22 19 26 40 34 15  - 60  - 20 43  -  - 13  -  -  - 37  8  - 67 50  1 53 47 70  - 38  - 17 14  -  - 58  7  - 64  - 61 66  3 29 56  - 28 55
 45  7 59 42 44  - 24  - 67  5  - 27 34  -  4 54  - 52 37 12  -  - 26  6  -  - 69  -  -  -  - 17  3 36 60  - 19 61 68 10 53 50 63 47  -  8  - 29 25  -  - 31  - 30 41 23 20  - 40 65  - 15  -  -  - 35 46 58  - 14
 38 61 20 60 31  -  - 35 33  -  - 29 59 55 50 62  - 16 52 48  -  5 11 15  -  - 39  6 67  8 57 27  -  -  -  -  - 26 28 34 54  - 65  1  7 45  -  9 30 24 56  - 12  - 49 40 37  - 21 66 18  - 17 51 19 53  -  -  -  -
 41 62 48 67  - 33 63  8 49 61 43 36 65  -  - 35  - 66 11  6 17 58  - 23  - 13 57 42 19 59  - 14  1  4 21  2 28 44 52  -  - 24 51 10 50 29 47 55  - 69  3  -  - 37 34 26 12 53 60 39 54  -  9 68 18 16 15  -  - 32
  -  -  -  - 53 13 28 31  - 30 18 46  -  - 43  -  - 24  2  -  - 42  - 60  - 20  - 16 35  -  - 57  - 48 10 17 49 69  - 52  -  -  - 64  -  - 15 58  - 12 61  -  - 32 56 62 45 66  - 51  - 47 63 34  -  - 14 67 36 39
  - 12 13  - 66 37 70  - 43 20  - 33  -  - 21 65  -  -  9  - 53  8  - 50 30  5 10 54  - 55  -  - 36  -  -  - 25 16 46  -  - 19 58  -  -  - 40  -  - 38 34 24 57  - 11 41  - 15  -  1 42 18  - 62 22 51  6  - 17  -
 54 41  8  - 10  6 12  - 26  -  -  2 46 35 69  - 28 70 13 49 64 31 62 34  - 60 59  -  -  - 53  - 40 23 11 42 55 38  1 47 22 48 44 14 36 18 17 15 29  - 66 20 16  -  - 56 51 32 50  3 45  -  - 21 37 39  - 61  - 68
  -  - 54  -  -  2  -  -  4 16 58 23  5 50  - 68  -  -  - 18 38  7 55 64  - 51  -  -  - 11 25  -  -  -  -  -  - 30  -  - 27 47 42 57 31  - 34 13 62 45 69  -  - 20 22  - 41 60 39  8  -  -  - 56  6  - 12  - 61  -
  - 20 39 63 61  -  5  - 38 41  2  3  -  - 13 12  6  -  - 56 10  -  - 28 34 48  - 53 44 21 42  - 52  -  -  - 57  7 30 16 60  -  - 69  1  - 37 46 66 23 31 70 59  -  - 68  -  - 36  - 11 25 15 27  - 14 18  - 40  -
 18 68 23 59  -  -  - 65 56  -  -  -  - 21 17  -  4 63  - 14  6 10 48  1 28 26 46  -  - 51  - 42 58  - 53 45 12  - 25  -  - 33 27  -  - 69 49  -  - 55 54  - 39  -  - 19 36 64  2  -  -  -  - 35  -  - 11  - 57  -
 37  -  -  -  - 57  - 23  -  - 45 25 55 67  - 17 68  - 32  3  7 66 22 40 49 35 30 60  8 20 12  - 16 29 65 50  - 46 15 14 59  -  - 21 27  - 61  - 58 42 51 19  - 24 33  4  -  - 31 28  2 56  1  - 26 10  - 39 62  -
 70 32  - 12 22 14 29 43  - 17  7  9  - 62  - 53 15  - 10 34 55  - 30 65 61  - 37  - 36 67  - 25  4  - 52  - 63  5 45  - 48  -  - 39 28  6 31 23 60  - 68 40 38  - 69 54  - 18  8 16 57 44 24 47 27 13  -  - 58 19
 29 46 37  -  - 69 16  - 18 57 60  1 40 49 48  -  5 54 53  - 52  - 67 17 13  - 56  -  9 27 43  3 24 70 66 55 65 64 39 50 20 61 38 51 68 47  - 10  2 22 23  7 15  6  4 12 62 59 25  -  - 42 11 14  - 45  - 31 44  8
 25 58 47 23  - 68  - 21 48 43 39 65 12 17 38 67  -  - 15  4  -  3 66 32 44  -  - 52 20 69  -  - 13 26 57 11  -  - 53  - 31 30 55  - 70 10 62 16 46  -  - 42  -  -  -  -  1 54 41  5 24 22  - 28  - 61  7 36 45 40
  -  -  - 35 42  - 39  - 31  - 40 22 28 12 58  4 57 48 30 64  - 63 21 27 18  - 32 47  - 53 24  - 65 56 55  -  2  - 59  3 14  5  - 33  -  - 25 34  8 13 19 60  - 23 51 50 43 29 46 41 26  - 37 17  -  9  - 69  -  7
  -  1  -  4  9 48  - 64  2 21 65 32 24  -  7  - 40 68 61 54 34 16  -  - 14  - 47 10  5 66  - 37 53 15 17 27 56  - 11  - 57 63  - 20  - 46  - 43 51 62  - 69  -  - 67 36  -  3 70 60  - 12  - 42 55 23 38 28 18 30
 50  4 31  9 51 44  8  - 30  3  - 70  - 39 59 40  - 37  -  - 61  - 17  -  2 25 52 23  - 33 68  -  - 11  - 18  -  - 66 69 28 60 45  -  - 26 32 14  7 67 15 58  -  - 53 46  -  - 12 21 19  - 10 24  - 48 64  -  - 56
  2  -  -  -  - 54  -  -  -  -  -  8 22  - 18 37 55 38 19 52 25 20  -  - 58 11 61  - 14 68 70 33  - 32  - 34 29  - 69 46 51  - 10  5 30  - 12 40  - 63  4 41  - 56 44 16  -  - 42 35  - 64 59  - 17 21 27 53 15 48
  8 48  3 10  1 50  -  -  6 33  - 42  - 53 41 32 20 19  -  9 13 61 60 67  - 55 35 68 26 56 36 45 25  5 37  - 58 43  - 31  - 34 40 11 14  -  -  -  - 51 22 29 23 54 66 59 70 62 65 49 69 21  - 39 12  - 47 52  -  -
  -  - 14  5 52 28 21 50 27  6  -  - 16  - 62 63  - 34  1  - 49 44 51 46 55 64 13 18  - 30  -  - 39 25  -  - 23 41 70 11  -  - 48 19 17 33  8  - 36 37 10  - 53  9  -  - 57 40  -  - 20  - 47 69  2 26 59 43  7 15
 58 27 60 38 32 35 55  - 11 44  -  -  2 28 24 29  8 30 45 26 51 23 49 61 69  - 62  - 15  7  - 70  - 64  -  6  - 39  3  - 33 10 31 36  - 48 42 56  - 50 17  1  5 67 25 43  -  -  - 37 68  - 13 46 66 34 54 14 59  -
 43 63  - 36 47 53  - 27  - 70  8 55  - 30 52  - 32 67  - 29 62 41 34 13 19 45 11  -  -  -  - 10  - 51  - 65 26  -  -  - 40 12  7 35  4 31 50  - 59 28  -  -  3  - 42  - 69  -  - 48 38 58  2  -  - 15 22 68 46 24
 68 25  - 16 23 12 54 38 44 50 14 39  4  1  - 46 56 58 55 30  -  2  - 59 37 40 43 51 66 61 65 62 10  -  - 31 67  - 32  - 18 70 41 22 47  -  - 36 19  6  -  9  7  - 60  - 15 45 53  - 29 24  -  - 13  3 49 34 48 69
 69  - 22  - 15  - 19 30 59  -  5  - 52  - 67 31  - 40 39 60  9  - 46 44 50  -  - 66  2 25 54  -  - 14 35 41  - 34 56 28  - 26  4 23 24 61  - 51 12 20  - 11 42  - 27 63  - 13 18  - 36  7 21 70 47 49 65  - 29  -
 52  -  - 68 43  - 32 19 29 65  - 49 17 61 22  -  - 25  -  - 14  - 47 10 20  -  -  - 58 39 30  4 18  1 36  - 38 67 50 37 64  - 26  -  3  - 35  8  - 54  7 59  - 63 70 27 21  - 28  9 48 62 16  - 34 46  -  -  - 66
  - 24  -  - 33 10 46  - 55 28 12  -  - 13 61 16  -  - 60 41 32 19  -  - 54  3  4 65  - 22 58  - 64  -  -  - 40 36 20 63  1 23  2  6  -  - 66 62 31 11 39 14 49 15  5  7  -  - 26 56 30 51  8 57  -  - 53  - 69 34
 42 10 36 15  6 55  - 63 68  4 49 17 64 20  - 13 41  3  8 46 39 26  - 47 31 32  -  - 60 54 38  9  2  -  5 69  - 51 67 48  -  -  - 40 23 16 29  -  - 59 45 34 19 65 12 61 52  - 35  - 70 37 56  -  1 27 28  -  - 22
  -  -  7  6 41 30 26 69 57 56 27 59 11  - 34 19 42 39 65 53 58 48  - 52  3  2 14  - 13 37 15 46 20 38  - 21 17  -  - 55 44  - 67 60  9  -  - 66  - 47 40  -  - 51 54 18 24  -  - 22 28  8  - 12  -  -  - 29 10 45
  -  3  - 45 36 61  - 51 53  - 20  -  - 56  - 25 13 57  7  - 23 69 68 66 60 58 27 46  - 10 44 47  -  2 54  -  1 11 43  - 19  8  -  - 62 55  - 21 67 49 26  5 48  - 63  -  - 52  - 64 15 40  -  4  - 17  -  - 35  -
 24  - 10 50 29 39 56 25 69 15 16 47 66  - 68  6 45 14 20 35  - 32  -  7  - 57 42  4 27  -  3  -  -  -  -  -  -  - 48 30 26 65  -  9 58 53 46 49 70 36  - 18 41 44 59  -  -  5 34 54 12 38  -  - 61 40 31 23 13 11
