3430
 16  -  - 49  - 57  6 52 69 24  -  - 31  - 42  - 38  -  -  1 34  - 62 59  -  - 22 66  - 19  3 12 51  9  - 58  -  - 17  - 37 41 70 53 47 36 33  -  8 11 50 13  2 68 48  - 40 23 27 30 14 29  4 44 64 20 18 21 54 43
  9 70  - 14  - 54 20 41  - 49 46 52 19 35 63  - 65 55  4  - 33 62 16  2  - 47  - 11  -  - 12  7 34 68  8 64 56 31 22 15 27 38  - 13 58 26  -  -  - 53  - 21 40 69 45  - 44 60 50  -  1 10 57  - 48 59 36 39 17 24
  - 46 57 52 63 60  -  8 10  2  - 65 53  -  - 25 43  - 64 59 40 21 68 19  - 16 35  - 23  9 70 14 44  -  - 27 22  - 20 66  -  - 69  - 28  4 11 51 45  6  7  - 50  - 18  - 37 54 58 42  - 32  - 39 67  - 34 56 47 38
 57 31 23 21  -  6 44  -  -  -  - 24  3  4  - 11 16 60 25  -  - 12  - 58  - 39  - 63  -  8 69 48  - 46 53  9 47  7  -  - 64 51  -  -  -  - 41 43 10 26  1 35 37  - 68 45 13  - 22 55 15 17 34 49 36  - 20  - 66 70
 51  -  -  9 12  - 31 50  - 47  - 17 38  - 48 62 36  - 41 69 59 22  - 45 60  1 65  - 68 70  - 49 10  -  6  - 15  4 29 54 66  - 33  - 24 61  - 27  -  5 13 18 55  - 11  -  - 43 57  -  3 58 30 34 52 39 19 20  -  -
 60 69 68 61 29 27 21 15 51 18 53  - 33 66  -  - 42 67 30 47 64  -  - 41 32 20 48  - 25 22  - 40 52  -  3 39  8 34 44 24 19 11 59  - 63 17 70 16  -  - 56 38  - 10 43 12  - 58  - 54 13  -  -  2 65 49 50 35  -  1
 67 14 27 50 31 26  - 57 24 63 12  - 15 54 40  -  -  - 51 64  - 13 66 49  - 29 55 38 46  -  - 36 62 22  - 69 59  8 52 45  4 56  -  6  -  7 20  3 47 58 34  - 42 18  -  - 48  5 35  - 10 68 17 32  -  - 44 28  - 65
 13 51 16  -  - 24 12 42  - 38  -  -  - 49 31  - 54  - 28 58 11 63 52  - 35 33 60  - 66 44  -  2 19  - 22  -  - 40 39 10 21  6  - 15  - 69  3 57  - 59  - 17  7 34  -  - 23 62  - 37  4 70 61  -  - 30  5  8  - 67
  5 39 69 46  -  - 16 19  - 64 22  - 14 50 70 66 25 33  - 54  1 47 26 52 56  -  - 18  4 60  -  -  -  - 38 12  9  -  6  - 43  - 55  -  -  -  - 61  - 29 40 30 68  - 35 32 59  2 53  -  8  - 24  7 63 44 49  - 23 58
  - 60 51 24 47 17 58  -  - 50  5 12 70 67  - 10 64 34  7 29  4  - 23  1  -  - 31 55  -  - 45 43  -  -  -  - 21 41 69 62  3 37  9  -  6 14  - 19 49  - 46  - 33  - 42 22 26 15  -  - 44 54 20 56 25 38 48 40 63  -
 50 34  - 32 62 61 36 16  - 41  - 59  -  9  - 27 14 18 20 43 66  -  - 12 11 45  -  -  - 52  - 54 48 69  -  2 70  - 51 68 25  -  - 39  - 23 19 17 31  -  - 55  -  1  6 63  -  -  - 13 46 60 40  - 28 29  4 24 56 30
 41  - 46 43 60 68  7  - 14  - 27 64 51 34 20  - 40 42 66  5 47  - 53 62 24 38  - 15 31 18  -  -  - 10 23  - 17 11  - 55 61 25  - 70 45  9  - 56 30  4 28 57 12 35 13  8  -  -  3 69 26  - 36 65 58 32 54 63  - 48
  8 20  - 70 52  4  - 69 49  6  - 16 65 30  7  - 58 51 67  - 38 36  -  - 62 18  1 13  -  - 55  -  - 25 33 31  -  2  9 47  - 35 44 12 26 37 59 45 11 24 66  - 14 23 57  - 10 56  - 46 43  -  - 64  -  3 22 61 42  5
  - 42  - 64  8 48  -  - 57 53 69  - 16 62  1 56  - 54 70  2 51  -  - 10 67  5  -  - 24  - 50 31  3 55 32  - 23  - 26 38  -  - 40 18  - 60 14 22 33 21  6 61  -  - 12 27  - 41  - 44 52 25  -  - 29  - 28  -  -  9
 26  - 63  - 48 29 13  -  -  - 21  6  - 68 37  - 55 17 39 38  - 14  -  7 57 40 47 45 65 42 11  -  2 50 56 49  -  -  - 61 32 53 10 24 22 44 66 18  -  8  - 12  9 67 23  -  - 34  1 58  - 52 64  3  - 62  - 60 20 33
 44 43 59  -  7  - 61 58 20 19  -  -  9  - 33  -  -  -  -  -  - 40 11  3 49 50  -  -  -  6  5 38 31 17 15 24  - 21  - 23 57  -  -  - 41  - 34 55  -  - 29 60  - 48 36 10  -  -  - 26  -  -  -  -  -  8  - 67  - 25
  7 32 54 57 50 69 28 35 59  - 15  - 62 37 18  - 52 22  -  - 21  -  8  -  - 66 24  -  -  - 38 44 33 31  -  6  - 23  -  -  - 39 34 10  -  - 47  1 64  3  - 58 36 55  2 30 46 48  -  5 41 14 49 43 16 17 11  9 70 20
  -  - 29 60 30 32  - 36  -  -  3  2 42  - 22  - 59 21  -  - 31  8  - 35 39  -  - 17  - 46  9  - 57 49 25  - 66 51  - 20 13 50 53 40 11 54  5  -  -  - 26  7 47  -  - 56 41  -  - 34  -  - 69 63 45 70 43 18 33 23
 66 55  2 30 24 43 65  - 39 61  6 27  4 45 34 18 12 53 16  - 48 54 22 70  7 28  -  - 69 56 32 46 38  5 11 37  - 50 35  - 51 47  8 42 57 63  - 62  -  9 14 67  - 33 10 19  - 26  - 49 25  -  - 13  - 40 52  - 68 31
 70 17 36 38 11  -  - 53  - 12 42 54 66  -  -  -  - 43 52 24  2  - 14 15  -  -  -  6 20 34  - 51 59  -  9 10 45 28  - 44 35  - 19 55  - 49  -  - 40  -  - 47 58 64 41  7  - 50  - 65 39 56  -  -  5  -  - 32 22 46
 27 22 25  6  - 62 43 18 29 21  - 42 24 51 47 44 37  - 45  9 70  -  - 14 46 60 52 48 19 63 33  -  1 30 40  -  - 12 36 41  - 32 54 64 69 28 26  - 13  -  -  - 31 56  3  - 17 20 23  - 57 16  5 59 49  -  -  7  - 61
  - 52  -  - 53  3 47  - 48  - 68 21 54 56 49 29 23  -  5 36 63 38  - 30  - 31  -  - 18 11 25  - 40 61 65 44 37 70  - 51 50 14 24 33 60 58 27  2 26 20 19  8  -  6 64  4  - 67 59  - 16  9 39 55  - 42 46  - 13 62
  - 50 35  1  9 34  3 11 13 54 55 44  - 27 57 37  - 56 47 30 49 41 38 39 33 32  -  7 12 21 61 70 60 24 26 42 36 15 66  -  - 16  - 48 53 59 18 20 67  - 65  4 43 31 58 52 25  - 46 29 19  -  6 69  2 23 45  - 28 51
 65  9 24 35  -  - 63  6 68  - 37 15 52 47  -  8 28  -  2 33 26  - 20 16 43 56 13 46 29  5  - 25 50  4 51  -  - 64 27 36 62  - 66  - 42 55  - 41  - 14 39 40 21 22 54  -  - 17  -  - 31  7 10 61  - 69 70 34  - 49
  - 21 48 45  - 63  8  1 28 40 59 35 18 69 16 34 10  6 46 70 56  - 55 50  - 37 41 29  -  -  -  -  -  - 57 25 54 27 23  -  - 68 52  - 14 62  7  -  - 60 24 15 30  - 65 44 58  - 51 20 32  -  2 66  4 19 42 11 26  3
  1 10 58  -  - 20 40 28 60  - 30 49 69  8 23  - 61 11  - 45  - 18 27 68 14 22 29 65 50  -  6 53 35 54  -  - 63 48 21 42  - 64  - 67  - 12  -  -  -  -  2 66  - 38  -  -  - 33 56 43  9  4  - 31 32 36  - 46 62  -
 15  - 66 33  -  - 19 20  9  -  - 13 27  - 29 21 22 44 35  -  6  - 50 46 40  - 53 47  2  3 54 69 42  - 14 18  -  -  8 43 67  -  - 26 61 52 30 12  - 10  - 16 64 58 34 62 32  - 65  4  -  - 25  - 56  -  - 49 57 37
  - 13  5 25 57  -  - 14 34 67  - 31  -  - 39  - 50 41 44 40  - 69  -  -  - 48 54  - 63 30  - 26 64 60  -  -  -  - 55 18  -  -  - 38 20 42  - 35  - 49 23 32  - 61 66 58 70 29  - 19  -  - 51 33  -  4  - 62  -  -
 42 68 45 41 22 56 11 66 21  - 34 26 30 25  - 20  - 63 18  8  -  9 57 24  6 36 62  -  - 48 35  -  -  - 29  - 61  - 13  -  1 33  - 50 46  2 60  -  - 15 70 39 49 19  -  - 28 64 47  - 37 59  - 51 38 10 12 23 31 55
  - 33 19 58  - 15 29 24 45 11 44 47 36 20  -  - 30 27 50 39  9 57  - 48 13 49  - 69  -  -  - 32 22 21 12  -  - 35 54 70  -  -  - 59 40 16 43 66 65  2  -  - 67 51 25  - 14 37  - 17 61 46 41 53  -  -  3  6 34 28
 40  7  - 37  - 12 26  - 70 60  - 51 50  - 30  2 15 13 21 56  - 20  -  4  - 25  - 42 11 61 41 55 49  8 66 65 28  - 34 35 23 57 32  -  -  1 64  -  - 39 44 45 19 62 59  -  - 38 69  - 29 43 46  6 22  - 31 68 27 47
  3 15  - 20  1  2  -  - 62 22  - 55 26  - 14  -  -  5 36  - 10 67 30 32 25 61  7 50 43 41 17  - 11  -  - 70  - 46 58 12 24 31 48  - 52  - 69 65 29 16  -  -  - 39  -  - 68  9 28  - 59  - 18  - 19 47  -  4 49 45
 24 26  - 56 15  - 59 47  - 55  9 41 37  -  4 35 66 68 34 50 53  - 70 64 21  7  -  - 36 69  -  -  - 27 42  -  -  -  -  3 33  - 29 57 51 43  -  - 54 19 32 46 63  - 17  - 65 11  - 45  - 38  -  -  -  6 39 58  -  -
 49 67  - 51 44  -  5  9 36 26  -  - 64  - 17  -  8 30 43 21  7 48 32 55  2  - 39 31  - 12  1 16 14 33  -  -  - 65  - 53 40 20  -  4 38  - 54  - 52 27  - 22 15  - 19 69  3 66  -  - 45 13 35 37 62  - 60  - 46  -
 45 37 20  -  - 31  -  4 50 23 35 62 29 10 69  3 57 47 56 65 24 17  5 25  - 52 12  2 51 49 40  - 70 41  -  - 60 59 46 19  -  1 38  -  -  - 15  -  -  -  - 44 48 66  -  - 53 36 13 16  - 21  - 26  - 18  - 42 64  6
  -  - 12  - 18  - 25 45 42 29 54 53 60  7  -  -  - 14 55 35 57 64 65  - 36 44  9  - 28  -  -  - 66 19 17 59 68  3  5  -  - 22 51 27 13 24 32 23 16  - 49 56 34  4  -  - 50 30 62 38 47  -  - 15 70 43  8  -  2  -
 59  3 14  - 70 30 38  - 12 20 66 43 48 18  - 61  2 35 54  - 39 15 67  - 26 27 25  1 53  -  7  -  - 16 34  - 58  - 49 13  - 69 62 41 50  -  - 36 63 28 33 65 60 57 56  - 21  6 24  -  - 37  8 42 55 31 32  - 44 29
  -  -  -  4  - 42 30 26  - 69  -  -  - 17  -  -  - 28 57 53 67  -  - 22  -  -  8 24  9  7 15  - 65 51  -  - 12 36  - 34  -  5  - 19  -  - 44 33  -  - 38  - 70 16 32 14 61 39 48 31  2  1 56 35  -  - 68 66 58  -
 19 61  6  3  - 49  9  - 22 30  7 18 41  - 50 33 20 37 32  -  -  - 25 29 34  -  5 16 57 36 64 13 39  -  -  - 44  -  - 28 42 54 23 66  -  - 53 46 24 65  - 14 52 27 51 60 67 63 43 59 17  -  1  -  - 26 47  -  4 21
 47 19  -  -  3  - 57  - 46 37  -  8  - 65  - 22 24  -  - 34  - 58 59 69 61 14 32 28 62 15  2 41  6  -  5 26  -  - 48 21 29 52 13 11 49 27 63  - 51 18  -  9 54 50 20 68 56  - 16 40  - 36 12  - 66  - 10 53 30  -
  - 47  - 23 14 36 66  - 44  1 28 22  6 12  2  -  - 49 62  - 69  - 19  - 55  -  - 60  8 35 63 59 26 11 43  -  -  - 33 30 15  - 57  - 18  -  - 37  - 50 48 29 45 53 67  9  - 31 41 21  - 24 42  5 54 16 13 25 52  4
 53 29 41 66 17 28 10  2 15  - 67 48 25  - 68 54  -  3  9  - 42 30 43  8 63 11 44  - 14  - 34 21  -  - 27  - 69  -  -  - 58  - 26 31 55 46 49 47 39 45 64  - 23 70 33 59 20 61 18  - 38 51 37  - 24 65  - 19  1 13
 61 28 64 63 21 67 55 10  - 62  4  - 58  -  6 68 31 23  8  - 13 24 36 47 12 59 33  -  3 29  -  -  - 26 52  - 49  - 57  - 44 42  - 22  - 45 35  -  - 70 16 53 41 15  - 20 11 65 54 39 60  5  -  1 14 46 37 38 40  -
 11 40  - 54  -  5 70 65 18 28 45  4 32 13 67  - 47 38  - 49  -  -  1  -  -  -  - 56 55 25 66 27 12  - 31 15  - 53 24  - 36  9 60  - 33  - 10 39 41 44  -  6 62  -  - 57 51  - 68  - 34 19 26 48  - 58 59  -  7  -
 20  -  8  - 67  - 54  - 52  -  -  -  2 28 59  5 33 31 19 26 44 49  -  - 48 57 30 62 64 45 16 29  -  3 58 66 35  - 38 39  - 60  1 23 37 50 65 15 46  - 68 51 13  -  7  -  - 25  4 10 18 69 47 36 42  - 55 70 43 22
  - 58  - 55  - 13 23 64  -  4 26 20  - 38 61  - 19  - 27 41  - 65 15 56  -  3 69 70 34  -  -  -  - 35 54  7  -  - 30 29  5  - 67 28 21 33 22  6 32 48 36 68 11 25 60 42 57  - 45 18 50 49 53  9 37  - 62 14 12 59
  - 41 53 67 40 10  - 25 31 36  -  3 11  - 32  - 69  - 68 13  -  2 61 34  - 46 45 51  - 38 20  -  - 47 59  -  -  9  -  -  -  - 17 43  -  -  - 60 21  7 58  - 28 26 44  - 22  - 52  6 24 15  - 57 39  - 56  - 14 18
 46 18 17  - 41 51 52 49  - 66 38  - 28  6 56 69 13  -  - 55 20 19  - 60  - 30  -  - 67 32 21  8 53 23 36  -  -  -  3 65  - 70  4 63 62 31  - 34 27  -  5  - 24 44 61 43 29  -  -  - 68 26 15 12  - 22 57 59 37 14
 36 45 55  -  4 22 53 17 67 31 60 66  1 42 58 43  9 26 38  - 30 33 37 57  - 13 23  5 35 16  - 34 20  - 50 61  7 49 25 14  - 15  -  -  -  -  - 59 18 41 52 48 10 32 29  6 27 68 39 24 28 63 44 46 12  - 40  -  -  -
 28 49  - 12 56  8 62 59 26 70  -  9  5  - 25 40 39  -  -  - 22 29 35  - 10  -  4  -  -  - 42 61 23 63  - 60  -  6  - 46  -  - 64 45  -  3  - 13 55 32 51 43 44  - 27  2 24 19 33 53 21 67 38 52  7 34  - 57 69 68
 39 16 34 59 36  -  - 29 19 35 65 25 23 14  -  - 32 20  -  - 55  -  - 42 31 17 43 26 58  - 51 33  - 70 44 53  - 18 40  5 10 21 30 62  9 48 68 11  - 46  -  -  - 49  8 38 54 28  7 56 27 64 22 50 47 41  -  3 24  -
 30  -  - 18 43  - 46  - 47 17  - 50 55  3 15  -  4  - 49 11 35 44  -  -  -  -  - 39  - 53  -  - 29  - 21  - 67 19  - 16  - 61  7  -  - 66 42  - 48  1 62 26  -  - 28 36 12  - 10  -  - 65 23 70 41 14 24 64 38 34
 54 38 42 11  - 14 48 43 35 39 19 23  - 59 26  -  - 10 40 61 58 60  - 18 20  4 50  - 32 55 46  -  - 66 62 29  3  -  7 37  -  2  6 36 64  - 28 67 44 31 41 69  - 17  - 51  - 22 21 63 49  -  - 47  -  -  - 52  8  -
  - 36 60 17 46  9  - 48 54 65 70  - 56  - 10  7 41 19 11 15  -  - 44 43 23  - 37 49  -  - 29  - 45 39 24  - 26 22 47 50 18 28  - 32 66  - 16 69  2 30 57  - 25 63  - 34 42  3 20  - 53 12 58 40  6 52 21 13  -  8
  -  - 38  - 35 39 51  -  - 10  - 68  - 21 11 67 70 29 23 48 25 46  - 44  5 43 49  9 16  -  -  -  - 58 37  - 14 69  -  6  -  -  -  7 30 56 12  -  -  - 54  3 61 40  1  -  -  -  - 66  - 47  -  4 33  - 15  -  - 57
  6 30  9 31  - 33 24 70 11 44  -  -  - 39  - 26  - 12  - 67 29  1  -  -  3  - 36 40 56 14 49 17 27 62  -  - 43 38 28  - 22 13  - 60  - 34 52  - 20 66 25  - 65 47 63  - 18 55 15 41 23  -  -  -  - 61  7  - 35 50
 48 11 30 15  -  - 50 56  - 32 23  - 61  - 21  6 18 70 24 12  -  -  - 54 69  - 51  8 47 17 22  9 58  -  4 63  -  -  - 59  -  -  -  -  3 67 46  7 37  -  - 28 38  -  - 29 49 53 19  1  - 41 27 68 57 35  -  - 65  -
 69  1 70  - 25 50 34 27  -  7 52 32 45 36 62  - 63 15 26  4 43 66  -  -  8 21 68 33 13  - 57 35  - 48 39 28  - 17 31 40  9  - 14 61  - 64 23 42  5  -  - 59 18 46 53 65 19  - 29 22  -  - 55 16  - 37  - 47  3 60
  -  - 47 26  - 35 64 51 32 59 58 56  - 41  - 70 11  - 15  - 61 53  -  5 45  - 63 30 54 23  -  -  4 29 18 34 62 57 37 52 38 67  - 49 36  - 50  -  1 12 43  -  -  7 46 55 60  - 14  - 66  3 13 10 21  - 17 33 19 42
  - 24  - 13  - 65  - 62  -  -  -  - 47 23 66  - 49  - 48 42 15 25 64 53  - 58 59 35  1 31 30  6 55 52  - 20  -  - 41  2  -  - 68  8  -  - 37 29 43 57  4 19  - 21 26 46 69 18 70  - 36 40 11 67 60  9 16 17  - 12
 33  - 62 19 28 53 14  -  6 16 48 63  -  -  3  - 26  - 10  - 37 39 46 36 27 34  -  -  -  -  - 68 24 59 41 55  - 20  4 58 70  7  - 44  - 65  8  5 42 51  - 49  1 12 31 50  - 21 67  - 56 23 32 38 61 11 29  -  9 66
 55 54  - 36  - 19  - 44 66  8  - 34 35  - 24 49  3  - 14 52  -  6  -  -  - 12 57 25  - 20 48 56 32  2  -  - 50 39 61  - 26  -  -  - 68  - 38 21  4  -  -  - 69 65  - 13 45 47  -  - 64 31  -  - 27 51 53 37 16  7
  -  - 39 34  - 70  - 13 55 46 50  1 20  - 44 28  -  9 37  3  8 51 49 63 68 65  - 14 48 47 24 10  5  -  -  - 31 52  -  - 11  4  - 30 17  - 45  - 62 40 27 42 22  -  - 61  -  - 36 35  - 66 29 19 18  - 58 69 59 26
 38  8  1 29 65  7 18  -  4 48  - 36 21 61  - 23 56  - 22 66 62 10 47  - 28 51 15 59 49 64 60 52 16 44 35 45 34 13 50  -  6 17 12  -  2  - 58 40  -  -  - 37 46 11 24 41 43 57  -  -  - 55  -  -  -  - 63  -  -  -
 32 63 26 40 34 44  4 38  -  3  2  - 57 24 28 15 29  -  - 14  -  -  - 13 66  8  -  - 61 43 10 39  - 12 68 50 53 60  - 48 47 46  - 37  -  6  - 70  - 62 21  -  - 59 49  -  - 16 30  7 55 35  - 18 51 33 64 41 67  -
 25  - 49 69 59 21  -  5 58 13 32  -  - 29 60  - 45  -  - 27  - 23  7 51 65 64  - 41  6 62  -  - 61 37 20  - 19 30  - 11 48  -  2 68 16 10 31  9  - 43 17 34  -  - 39 15  - 42  -  - 54  -  -  - 26 50 67 44  - 53
 35 66 61 62 26  - 49  - 37 15  -  - 22  -  - 45 48  -  - 10  - 52  -  - 53 67 34 68 21 54  -  - 46  7  -  - 42 58 19 57  -  -  - 17  - 30 40 63 50 13 18  -  -  - 47 24  -  -  -  -  5  -  - 11 23 56  9 31  - 64
 37  -  4  7 27 66 22  -  - 42 57 60 13 40 38  -  1 64  - 16 32 56  - 65 47 24 70  - 17 58 62 11 68 28 19 14  -  -  - 49  -  - 35  9 23  - 36  - 34 69 12 41 39  2  -  -  8 46 44 50  -  -  - 25  -  - 30  - 51 54
 63 56 44 65 13 47 39 54  - 68 31  -  - 43  - 50 67  - 17 25 14  - 18 66 52 62  6 21 60  -  - 58 41 20  -  4 32 45 16  1 69  - 15  -  - 22  -  - 38  - 55 70  - 28  5 11  7 51  9 64 42 30 48 29 10  -  2 26  - 36
  4 23 11 48 68 37  -  3  - 27  -  - 49 16 13 52 21  -  - 20  - 70  -  - 44  - 67 58  - 24 59 30 69 65  7 56  - 55 42  -  -  8 25 51 39 19  1  -  - 64 47  5 32 43 40 54 35  - 61 36 62 57 33 17  -  - 66 22  6 41
