3430
  -  6 12 18 48  - 69 58  -  -  - 65  - 11 14 70 33 22  -  4 10 62  - 67  - 60 63  - 26  1 25 45 15 32 23 36  - 44 59 49  5  - 24  9 16 30 46  - 66 21  -  - 17 40 27 35 41 56 38  - 51  - 57  - 34 61 55 50 42  3
 24 42 48  -  - 38 53  - 36  7 56 17 28 27 51  -  - 57  -  - 43 61  - 65  1 64 18  -  - 11 20  2  - 21 15 41  4 35  - 63 34 54 23  3 62 46 44  - 67  - 55 70  - 30 47  - 39 68 45 29  -  - 52  -  8  - 49  6 58  -
  2 47  - 67  - 51 58  -  4 36  -  -  -  -  - 61  -  - 31 53 20  3  8 52 23 21 11 55 66 12 16 33 25 34 46 54  -  - 35  -  -  -  9 29 38  5 41  6 64 13  -  - 59 45 63 48 68  -  -  - 40 50 69  -  -  - 27  7  - 62
  -  - 59 11  -  -  -  -  - 49 27 41 12  9  - 68 19  - 61 40  - 54  4 62 37 45 55 28 52  3 57  - 38 65 53  -  -  7 13 16 23  -  8 10  - 18 31 51  - 36 67 42  - 32 33 50 34 17  -  -  -  - 25 47  1  6 39 69 21 24
 12 50  9  -  - 18  -  - 48  -  - 20 59 44 27 28 10  - 38  -  5 47 39  -  - 43 37 66 24  2 29 19 17 49 35 15  -  - 57 56 42  -  - 62  -  - 61 45 65 68  7 34 40 70  4  8 63  -  - 13  - 53  -  - 55  -  - 32 16 31
  - 57 17 41  3  -  - 14 66 69 24 34 60 64  - 31  7 42 54 27  -  - 40 45  8 67 21  - 70  - 15 56  - 47 59 28 38  -  - 13 11  -  -  2  - 20 68 44  - 25  -  -  4 22 55  - 61 46 63 53 16 10  6  - 23  -  - 33  5 50
 70 29  - 66 16  - 36 59  - 62 44 67  -  - 13 60 15  2  5  -  -  -  - 57 10  -  - 47 18  - 53  3  6  9 20 51  -  - 49  7 50  -  -  - 52  - 55  - 58  - 48 64 33  - 28  - 35 63 65 32 54 21 38 42 43  - 41 24  -  -
  - 28 11  6  - 22 30 27 35  - 57  -  5 14 29 54 41  - 10  2 51  - 17  3  4 66  - 21  - 45 23 58 12  - 60  - 55 34 62 59 69  - 67  - 20  -  8 64  - 15 56 46 13 16 53 49  -  - 40 52 25 39 32 44  -  -  -  -  - 68
 25 37  -  - 10 31 14 28 68 45 17  -  - 66 44 52  - 53 33  -  -  - 65  - 40 19 30  - 38 16  - 69 27  -  -  -  - 22  6 42  -  8 62  - 32 59  -  2 26 56 64 60 41 61 11 46 48 29  -  9 70 15 23 35  - 55  -  -  - 57
  - 32 28 70 27 16  -  - 46 51  - 69 10 33 17  -  -  - 43  6  - 31  -  -  5  - 13  -  8 66 65  -  - 62  -  -  - 20 56  - 22 39 58  -  9 14 21 67 35 45  - 59 61  - 54 34 42  - 60 15  2  -  7 50 11  -  1  -  - 23
 31 19  7 27 36  9 61  3 63 54 35 18 70  8 38 41 16 37  - 12 53 67 59 42 17 28  - 52  - 57 50  1  -  -  4 40 13 62 47 22 64 44 55 26 23 15  - 33 29 34 46  - 43  -  -  2 66 51  - 20 65 58 11 56  - 49  - 39  - 32
 46 36 53 54 66 35 49 63 57  6  7 28  -  -  - 20 34 55 39  1  - 14  -  - 32  - 24  - 60  -  - 16 42 48 52 31  - 59 23 29 25  - 45 47  -  - 43 15 62  - 13 26 64 69  -  -  - 37  -  -  - 19 22  3 67 40  2  -  - 56
  5  -  -  2 41 69  - 55 24  - 68 53 15  3 67 42  - 20 59  - 60 34  -  -  - 11 14 70 12 40  - 52 31  - 29 25  -  -  -  - 63 56 51 46 36  -  6 16  - 43 22 17  -  4  - 38  1 61  - 65 26  - 45  7 33 58 21 35 27  -
 14 59 45 42 54 30  4 52 69 53  - 46 51  - 58  7  8 26 60 29  - 57 12 20 66 27  - 38 21  -  - 67  - 25 50 47  -  - 34 43  9  - 48 31  3  - 70  - 32 18 11  -  - 36 35 61 22  5 28  6  - 64 10 37 16  -  - 56 40 33
 52 24 67  -  - 53 56 46 26  9  -  - 11 57  7  - 51 27 49  -  6  - 62 23  -  -  - 69 17 13  1 12 34 40 38 35 48 16  4 64 37 55  - 36 25  - 14 47 70  - 39 22  - 20 18  -  -  2 19  - 60  - 50 65 32 31  -  - 10 66
 23 35 58  - 50  - 44 40  - 47  1  9 67 17  -  - 68 61 64 56 37  -  -  - 21  2 54  -  - 31  8  - 41 53  - 55 59  - 27 65 46 66  -  -  6  -  7  - 13  - 51  - 42  - 16 60 57 19 22  -  4  - 49 14 39  - 18 25 38 52
 22  -  4 69 65  -  - 51  - 52 46 33 43 67 62  - 18  6  9 28  - 55  -  - 11 63 12 26 27  - 10 44 32 13  - 59  - 36  -  -  -  -  - 50  - 47  - 48 19  - 15 31  2 42  - 21  7 49  8 57  - 30 66 38 60 39 68 14 41 45
 11 17 41  - 32 26 46  6 67  5 55  2 37  7 12 62 59 58 70 15 66 48 13 33  - 56 36 54  - 43  - 30 60 69  8  - 34 23  - 50 18 61 31 14 45 53 35 20 51  1  3 44  - 10 29 39  9  -  - 19 27 28 63 21 40 65  4  - 22 25
 64 53 34 60  -  - 62  -  - 38 32  - 19 35 28  8 55 16  - 31  2 66  - 21  - 12 33 27 61  6 45 48 18  5  - 37 10 15 51 70 30 69  - 40 14 17  - 42 68  - 50 39 44  - 52 20 56 13  4 23 63  -  - 59 26 43  - 29 25  1
  - 12 26  - 53 25  - 39  - 41 50  -  - 70  3 55 32 13  -  - 64 44 56  9 43 69 40 24 20  -  -  -  - 22 16 46 18  - 10  4  - 36 15  -  - 48  - 54 30  -  - 29 11 27  - 68  - 58 42  - 14 61  1  6  - 28  - 31 59 60
  -  - 52 36 42 50 70  -  -  - 61  -  -  - 39 35 30  - 22 57  - 64  - 15 46  - 51 59  7 10  - 20 26 38 13 44  - 11  - 18  - 40  2 24 19 41 58 66 14 54 17  4 69 65  -  3 12 25 49  - 37 45 67 31 48  5 23  -  - 63
 55 52 70 58  -  -  -  - 47 50 40 60 35  2 65 24  - 39  - 11  - 32  - 68 67 38  5 46 63  - 44  - 43 42 10 16 29 61 48 31 20 21 13 12  -  8 59 26 25  3  - 23 37 49  - 22  -  9  - 64 17  -  - 27 19 30 56 28  6 53
 61 44  - 21 62 40  3 26 56  -  8 12 52  - 47 59  - 69  - 30 57  - 11  -  - 51  -  - 46 67  - 50 23  - 33 22  2 24 32  5 53 45  -  - 42  -  -  - 34 41  - 68 36  6 15  1  - 54 37 18  - 20  - 13 63 60 31  - 14 35
  3 30 10  -  - 43 55 56  -  1 63 64 33  -  - 23  -  - 51 59  4 20 32  2 60 26  7  - 15  - 52 39  -  - 12  9 28  5 68 38 45 29 36 57  - 50  - 31 48  - 42  - 24 11  - 66 25  - 67  8  -  - 47 70 18 14  6 49 34 69
  9 48 23  7 19 63 12 16  - 32 47 68 41 13 49 30  6  -  -  - 52  - 42  1 39  -  - 35 28 54 11 60  - 18 56 45 69 37  -  - 26 64 27  - 17 70  - 55 61 20  5 38  -  - 58 57 51  -  - 25 53 14 15 36  -  -  -  8  -  -
  6  5  1 37 12 66 27 43  2  4  - 16 26  - 24  - 35 40 14  9  - 39  3  - 51 25 65 49  - 18  -  - 58 50  7  - 20 17 44 32  - 48 11 45 67 68 42  -  - 38  - 28 22 57 70 59  -  - 53 21  - 31 13  - 56 52  -  -  - 41
 50  -  - 35 22  - 67  4  - 24 39 44 31 26  - 17 42  - 23  - 28  7 51  -  - 52  -  -  2 38 56  -  3  - 69  -  -  -  - 30  - 19  6  -  - 61 62 29 43 66 41 65  - 37  9 40 14  -  - 46  - 48 34 33 10 18 20 64 36 59
 43 20 37  -  -  1 21  - 13 60 51 32 29 38 25  - 56 50  8 36 69 17  -  - 62 41 34  -  6 30  -  4 44  - 66  5  -  -  -  -  2 68  -  7  -  - 27 65 63  - 53 48  - 67 10  - 47 15  -  - 19  -  -  -  - 45  - 26 52 22
  - 49  - 46  - 52 68 17  6 66  -  -  4 69  9  - 48 30  - 41 21 26 31  - 50 14  -  - 65  - 39 54 36  - 28 67 70  3 15 45 43  - 56 11 57 32  1 62 23  5  - 37  -  -  - 19 44  - 10 38 22 25 51 24 12 63 58  - 33 13
 33 10  - 29  2 23  5 60  - 68  - 22  - 51 45 12 36 54 26  - 25  - 34 43  - 35 17  - 44  8 62 14  - 31  -  3  7 18 65  - 40  -  -  -  -  4 19 70  - 37  - 21  9 48 41 11  -  - 27 47  -  1 55 67  -  -  - 53 15 20
  4  3 35 39  - 28 43  -  - 56 45 50 57 40 54  - 22  -  1 18 38 33  - 41  - 65 19  - 53  -  -  7 47 55 42  - 37 48 67 20 27 14 61 25  - 51 34  -  - 69  - 62 26 63 32 15  - 59  6 58  -  9 36 64 13 24 17  - 66  -
 57 11  -  - 51 44 59  8 50 19  - 55  - 12 43  - 46 14  7 45 67  -  - 13 49 42 39 33 58  - 24  - 20  - 40 32 17 21 66 26  -  5  - 54 22  - 53 18 15 48 31 35 62  -  - 36  3 60  - 70  9  - 37  - 41  - 16 10  4 38
 45 18  - 68 56  4 35  -  -  - 49 59  -  1 20 38  - 25  -  -  3 51 21 47 42  -  2  -  9  7  - 28 13  - 48 66 14 53 63  - 41 31  -  - 40  -  - 58  -  - 16 57 32 39  - 52  - 43 36  -  - 54 61 23  - 10  -  -  -  -
 10 25 54 33 21 14 63 45  1 59 22  -  - 36 19 27 24 12 55  -  -  - 50  -  2 70 43 15 47  9 18 61 16  -  - 48  - 41 53  -  - 26 20 60 44 35  - 38  4 30 37  5 46 52 39 67 17 69 23 56  - 62  3 66 42 64 51 57  8  -
  - 38  -  -  - 59  6  - 16 48 37 31 46 28 22 45 52 33  -  - 35  - 68  - 64 58 10  1 69 23 40 17 55  8  -  7 26  - 61 15  -  - 60 20 34 49 32 57 54  - 70 11 50 21  -  - 62 47 29  5 66 56 44  9  -  - 14 36  - 27
 27  -  - 32  - 42  2 67 60 57 18 29 24 39 26  - 25  4 21 65  9 35 64  - 52 20  -  - 11 68 33  -  - 51  - 14 58 46 45  - 59  - 16  - 12  -  5  -  -  - 66  - 34  -  - 63 19  - 48 17  7  - 56 41 62 15  -  - 61 40
  - 15 47  -  - 65 13 70  -  -  - 52 21 56  - 39  - 35  6 22 23 68  9 58 27  -  - 17 31  - 46 10 11  -  - 43  -  1 12 55 49 51  - 64  - 16 28 14  - 63 24  - 66 38  - 53  -  - 41  -  - 42  2  5 57 50 44 19  - 48
  - 63 55 14 33  2  - 12  - 43 21  3 42 41 18 56 39  7 57  - 32  5 49 22 15 34 27 58  -  - 17  - 10  1  - 26 45 69 25 62 16 52  -  -  - 36  - 46 53  9 54 50 48  8 37  - 64 24 35 67 47 40  - 60 31 44 13  - 23 65
 59  7 44  -  - 48 32 68 18 67 20 57 50 55  1  - 49 56  -  - 54  - 53  -  -  - 16 36 42  -  - 66 39 64 58 62 24 63 40  - 38 46 70 23 65 19 26 25 37 17 60  6 35 28  - 10 29  -  - 14  -  2 41 34  - 21 47 30 12 15
 26 54 14 22 20  - 40 24 42 11 34 56 61 19 35  -  -  -  -  5  -  - 55  4  9  - 44  - 64 48 66 46 30 12 62  - 63 70  - 39 52 43 41 53  7 13  3  8  6  - 32  - 38 18 17 27 50  - 31  - 49  - 65  - 15 59 36 58 28 37
 32 45  - 16 46 58 39 34 29 42  - 70 18  - 53  - 65 44 66  - 50  2 30 12  -  - 49  -  - 51  5 59  - 41 24  -  - 56  8  -  - 15  - 52 69 33  9  1  - 10 68 63 31 14 26  -  - 28 64  - 23  -  - 43 22 57  -  4 47 36
  -  -  -  - 28  -  - 21 40 25  5  4 62  - 66 48 31  -  -  - 56  1  6  - 63  - 35 68 45  - 58 43 14  7 39  8 16 33  -  - 67 60  -  - 53  2 29 61 18 55  -  -  - 12 30  - 20  -  -  -  -  - 64 11  -  -  - 22 19  -
 62  - 33 12 18  - 42  - 38 26  - 63 65  4 57  -  -  5  -  7  -  6 22 40  - 30 68 23 13 29  - 53  - 28 32 61  - 39 41 37 31 34  - 55 15  - 16  3 49 27  - 67 58 17  - 51  - 48  2 45  - 66 43 10  -  8 52 46 56 54
 38 56 65 15 52 34 45  -  -  8  9 51  - 63 61 13  - 32 17  -  - 60 46 28 12  -  - 50  3  -  2 22  -  - 19 11 30 43 39 23 21 57 10  6  - 31 25 40  -  -  -  -  - 54  - 24 18 26  -  1 44 55 48 20 35  - 67  5 53 49
 40 31 60 24 70 62  - 38 22 10 66 49  -  - 46  -  -  - 56 64  - 30  1  - 68 44 47 65 29  -  4 36 67 11 57 27 53  2  -  -  7 17 54 41  - 58 12 39 50  - 52  -  - 19 25  -  -  - 15 61 59 23  9 26  -  - 35 37 13  6
 13 41 19  - 24 60 17 66 34 12  3 37 22  - 16  - 21 48  - 42  -  -  - 11 69  7  - 67 51  5 54  6 61 43 14 65  -  -  1 46  - 59 32 56 29  - 57 27  8  - 62 10 53 23  - 70 30  - 55 26 28 63  -  4 58 36  -  -  -  2
 39  -  -  - 63  -  - 13  - 34 12  -  - 47 42  -  -  - 18 46  7 37 43 64 61  - 52 45 33 41  -  8  - 29 65  6  - 38 24 36  4  - 30 69  5 28 22 56  - 31  - 27  - 58  3  9 53 66 70 49 50 17  - 32 44 51 48 23 57 19
 51  - 68  - 59  -  - 41 49  - 11  - 58  6  4  - 37 45 62  -  - 52  -  -  7  5 22 31 57 63 43 13 56  -  - 23 27 26  - 34  -  3 69  -  2 67 18  -  - 50  8 32 70  9 12 54  - 55  - 36 21 65 60  1 29  - 40  - 39 42
 66  -  - 13  - 61 19 50 27 29  - 30  - 45 15 10  - 47  - 34 68 23  - 36 14 33 31  - 22 55 41 25  - 58  1 39 11 67  - 52  6 38  -  - 63 62 65 24  9 46 59 56  -  -  - 12  - 35  - 16  -  -  - 53  -  - 54 40 17 18
 65  -  - 34  -  -  - 35 44 64  4 23 55 60 50 40  -  1  -  - 59 11 52 19  - 32 66 48 43 26  6 70  5 54 63 58 49 13 46 17  - 27 39 51 68 38 30 69 31 57 33 25 56 62 36 42 37  - 18  2  3 22 28  8 53 41  -  9  7  -
 69 39  -  - 23  - 11 64  -  - 25 24 27 54  -  - 63  -  - 70 61 36 18 44 65  1 57 30 19 50  -  - 29 52  9  - 33  - 58 48 60 20 66  - 43  -  - 34 17  - 12 53  6 41 51 32 16  - 59 37  - 26 40  - 45  - 28 62  - 10
 53  1  -  - 13 24  -  9  - 20 58 66 40 25  - 49 50 11  - 68 48 42 36 56 55  - 29 32 34  - 19  - 22 15 47  - 64  - 37  - 33  - 35 27 31 63 39 41 28 23 69 30 12  -  -  -  4  - 16 44 67 46 70 18 59 38 61 21 43 51
 47 51  8 30  6 32 31 20  -  -  - 48  -  - 33  4  9 46 40 67  -  - 45 16  - 36  -  7  - 27 28 15  - 26 21  - 35  -  -  - 58 13 29 42 54 44 52  -  1 65  -  -  -  -  - 14  -  - 34 41 10  -  - 17 70 37  - 59 62 61
 28  -  -  - 64  5  -  - 43 15 29  - 17 37  - 65  - 51  -  3  - 69 57  - 59 16 56  - 48  - 26  -  -  -  -  4  9  -  2  - 66 24 63 32 61 39 33  - 36  7 10 58 47 50  -  - 54  8  - 42  - 11 53  - 25  - 38  - 44 67
 58 55  -  4  5  - 37 15 41 13  - 25  2 10 23  - 17 31  - 66  8 59  -  -  -  9  - 64  -  - 70 18 49  - 44  - 50 68 26 60 12 33 57 61  -  - 40 43 46 53  1  - 27 35 45  7 67 32 56  -  -  -  - 39 52 62 11  - 63 16
  - 27  2  - 43  - 16 32  -  3 64 42  - 50 69 58  - 36  - 35  -  - 10 61 54  -  - 14 25 34 51 65 59 46 22 70 62 55  7  - 17  -  -  -  4 40 66 53  -  -  -  8 60 26  5 47 11 30  - 68 18  - 29 15 38 48 63 13  -  -
 41 66 62  -  -  - 10  - 37  - 42  - 68  - 31  6 23 28 35  - 24 16 33  -  - 39 46  4  - 22  -  - 64  -  - 49  - 65  3 57 44  1 47 18 70 60 63  - 45 52 43  9  -  - 34  -  - 53  - 55 20  -  8  - 61 32 29  - 69  -
  -  - 50  3  -  - 29 11  9 18 23  -  - 42 63 33 53 60 67  - 47 21 27  -  6  - 64 16  - 36 37  -  -  -  - 17  - 31  - 54 62 10  - 30  -  1  - 52  - 19  -  -  - 66 49  - 59  - 25 39  -  -  - 45 20  - 12  -  - 28
  - 67 64  5  -  6 18 54 61 30  - 26 47 20 55  - 28  - 32 24 29 50 63  7 22 13 15  9  4 19 35 41  8 39  - 56 65  -  - 27 36  -  - 66 37 10  - 60  - 44 40  1  - 59  - 16 23 38 52 31  - 68 62 69 51 25  -  2 49 58
 20  - 15 25 57  -  - 18 52  - 19  - 16 43 36 50 12  -  - 63  1 38  - 31  -  -  4  - 37  - 14 27  - 70  - 68 61  9  - 58  8  6  - 33 10 54  -  -  -  -  -  -  -  - 42 55  - 34 24 51  -  - 46 62 66  -  -  - 26  -
 30 58 40 51 34 57 22 48 62 21 70  8  - 32  -  5 38 24  3  -  - 19 61  -  -  - 60 12 68 64  7  9  -  4  - 53  - 28 31  -  -  - 14  - 13 65  - 10  - 26  - 52 55 25 66  - 36  - 20  - 15  - 16 29 49 47  - 45 50  -
 60 26  - 59 58 64  - 37  -  - 48  - 25 52  -  -  - 70  - 13 39  -  -  5  - 10 69 41  - 24  - 42  2 63  -  - 32 66  - 14 61 62 19  - 49  7  - 50  - 22 21 18 23 51 40 29  - 11  -  - 38 34  -  -  - 16 45 55 68  -
 49 40 51  -  8 46  9 30 32 44 33 14 34 24 10  - 58 62 37 17 26 15 66 27  - 18 28 43 23 20 61  - 52  3  -  - 56 25  - 69 48 53  4  -  - 21  2 36 12 59 38 47 45 68 67 64 70 22 50 60 41 13  5 55  7 11 42 63  -  -
 63 16 13 10  - 39 34  - 70 31 62 27 38 48 41  -  5  - 58 33  -  4 23 51  -  -  - 42  1 25  - 47 50 44 68 52 54 64 29  6 32  7 37 22 18 66  -  - 40 67 26  -  - 46 61  - 15 14  - 59 24  8 35 49 21 53 30 12 60  -
  -  -  - 23 39 10  - 47 51 55 65  - 20 59  -  - 57  9 42 26 46 53 37 48  - 24 61 34  -  - 12 11  -  6  -  - 22  - 28  - 70  - 50  -  - 52  - 19  5  - 25 13 54 29  1 58 40  - 17  4  -  - 33 63 69  7  - 18  - 14
 54  8  3 19 45 21  - 44  - 28  -  - 13 62 40 18 27 23  - 52  - 22 67 63  - 49 32 57  - 58  - 51  - 56  - 30 36  - 14 35 10 70  -  1 26  -  - 59 38  4  9 16 15 24  6 25 33  -  -  - 68  -  - 48  - 34  -  - 20 64
 48 33 49  -  -  -  7 57 55 65 14 47  6 58 70  -  -  - 29 60 31  9  5 39  3 61 62 56 67 44 22  - 53 17 30 38 42  -  - 41 13 28 25  -  - 23 24 68  - 16 20 40 19 43 64  - 27 10 46 35  - 32 12  -  4 66 69  - 18 34
  -  4 30  -  -  - 20 61  3  - 26 13  - 31  - 19 40  -  - 69  - 24 35  6 44  -  -  5 39  - 59  -  7  - 41 34 23 42 52  -  - 47  -  - 64 22 36 32  - 51  -  - 18 15 62 28 46 33  9 10 45 60 68 16 54 12  - 11  - 17
 17 46  -  -  4 45  8  - 53 58 15 39  - 21  -  -  - 65 19 25 11 10 24  -  - 37 67 20 16 32  - 40 48  2  - 42 66  6 55  - 47  - 44 70  - 27  - 49 69 64 28 54 29  - 31  - 13 36  - 22 57  - 30 52 68  1  7 41  -  -
 16 68  - 49 60  -  1  -  - 17 13  5  - 53 34  -  2  - 65 48 30  - 26 59  - 50 58  - 62 28 38  - 54 66 31 12 43  -  - 51 19 23 42 63 41  - 20  4 55 35 27 36 39 56  - 45 10 67  - 69 61  6  - 57 64 70  - 52 29 47
