3430
 56 58 42  - 36 62 44  1 12 16 64 49  - 31  8 54 38  -  -  7 13  -  - 30 19  - 23 28 69 67 63 52 29 50 43 11 59 46 53  - 60 66 14  -  -  2  - 70 27 45 51  3  -  - 35 55  - 18 48  -  6 57 32 65  - 37 34 17 41 33
 27 48 58  - 18  6  -  -  5 34  - 10  -  2 28 45 59 30 36 23  8 57 29 11  9 24 17 20 62  - 35 21 39 13 63 31 64 50 49 51 55  -  - 67 26 47  - 61  -  - 15 54 14  -  -  7  -  - 70  1 69 12 52 53  - 56  - 43 22  -
 13 44 28  - 53 26 63 67 46  - 21 29 62  9 17 70  - 10 12 40 22  -  -  7 25 64 55 60  -  - 39  - 58 49 68 42 18  -  -  - 52 43 59 16  - 35  6 65  3 48 57 33  - 50 51 15 41  - 45 14 32  - 38 61 24  -  5  2 56 31
  -  - 16 28 22  - 57 26 69 68 62 48  - 32  -  4 20 49  -  - 40  - 50  - 66  -  3 34 64  - 30 23 61 53  - 35 27  5 45 37 47 21  -  7  - 14  -  -  - 63 18 12 38 19  6  - 10 44 67  - 15 46  -  -  9 65 54  - 58 56
  9  8  4 38  - 51 18 54  7 40 17  6  -  1 19 59 63 53  -  - 47  - 33 60 16 43 26  - 44 49 24  - 65 66 31  -  -  - 25 57 36 22  -  - 62 34 29  -  - 39  -  - 23  - 37  - 30 67 14  - 55 32  -  -  - 27 28 48 46  -
  -  4 11  - 12  - 42  - 16 41  2 19  -  -  7  - 25 60 23 30 70  - 32  - 43 52 57 47 55  - 64  - 38 22 51 27  - 31 68 63 50  - 35  - 39 10 46 44 14 18  6 15 24 56  - 67  - 17 65  -  - 36 49 28  -  - 45 59 48 34
 36 20  1 56 62 59  -  5 50 55 58 60 37 27  - 67 48  -  -  9 11 26 43 68 65 33 51  - 46  -  - 42  -  -  - 54 45 52  8 15 16 10 21  - 41 28 24  -  - 30 39  - 32 49 14  -  -  - 12 64  -  4 57 40 18 22  3 69 31 38
 50  - 57 52  - 55  -  -  - 28 13 16  4 24  - 26 60  -  8 22  2 48  - 12 63 65 49  - 21 64 17 46 31  -  -  7  - 15 38 42  - 34 29  6 54 68 40 35 67 14 36  -  -  -  -  -  -  - 59 33  -  -  - 43 39  -  - 25 69  -
 66 29  - 58 63 19  - 20 68 31  7  - 17 64  - 40 43 13  - 32  -  - 56 16 37 18 28  - 36 60 22  -  1 33  - 14  - 55 69 44 65 50 27 59 34 49  -  -  - 23 35 70  9 54 57 24  -  -  2  - 10 30  - 47  - 42  4 38  5  6
 22 38 52 32  -  - 50 24 57 51  3  - 55  8  9 36 44  7 66 14 26 69 70  2 15 39  - 30 40  -  - 47 62  - 65  - 11  - 12 43 63 64  -  -  - 13 37 60 35  - 58  - 67 28 20 42  6 34  - 53 19 29 10  -  -  -  - 21 33 41
 68 24  -  -  - 34 29 38  -  1  9 39 43  -  - 10 35 27  4  -  - 64  -  - 52  - 21 69 22 26 32  - 23 60 66 12  -  -  - 11  -  -  - 37 44  -  3  -  - 40 54 18  6  - 47 19 28 57 13  - 48  - 16  - 36 30 41 51  8  -
 35 53 51 29 61  - 21 23 39  3 12 65 16  - 45  2  - 52  - 57  - 15  -  - 46 36 38 22 66 30 59 34  8 47 50 67 13  -  -  - 24 56  -  5  -  -  9  -  - 27  - 25  7 20  - 18 31 33 64 58 26  - 54 44  - 55 48 49 37 43
 64 40 39  -  - 21  - 37 63 69 41 44 65 58 50 25  -  5 22  3 23 31 57  - 34  -  - 15  1  8 47  - 59  9 55  4 54  - 67  - 42  7 13  -  2 66 11  6 36  -  - 53 62 35 60  - 61 48 33  -  - 18 17 10 56  -  -  -  - 46
  - 41 26  - 24  2 58 46 15  7 56  1 19  -  6  -  -  - 31 12 51 11  9  - 48  - 36  -  - 10  - 29 35  -  - 64 21 13 62  - 70  - 43 28 17  - 22 40  - 34  -  - 49 68  - 38 60  4  - 65 30 37 50 20 33 25 69 67  - 66
 29  5 10 17 43 53  - 16 45 11  -  8 67 28  1 20 57  - 48 47  - 58  -  6 26  - 35 56  - 66  - 32  - 52  -  - 23 51  - 46 18  9 19 69 65  - 38  - 40 64 33  - 30 55  - 27  2 22 25 54 60 21  4 39 68 31 63 41 42 61
  - 23 46 11 21 56  - 22  -  9 63 25  - 37  2 27 39 20 45 52  - 70  - 10  - 48 65  -  - 50 13  - 24  - 35 59  - 42 58  - 26  1 68 38  3  - 19 49 66 61 17 28  8  5 64  - 62  -  -  -  -  7  - 34 67  -  6 33 14  -
 63 52  2 61 16 29 15 50 37 59 42  7  - 46 54 57  - 48 44 49 68  - 66 45 14 12 27 33 67 22 21 51 34 39  5 40  -  - 13 64 58 20 23 41  -  9 65 17 10 55  - 19 31  - 38 11  8 32  - 30  -  - 36 56 43  6 26  - 18  -
 21  - 25 66 69  - 52 63  8 14 31 58 64  - 48  - 10 12 26 46 49  4  -  - 29 28 54  -  -  5  - 22 40 27 53  -  -  3  6 23 33 42  -  - 51 30 15 13 20 38 24  -  - 59 65 16 11 50 18 37  - 35 39  -  -  - 56  9 55  -
  - 49 31  1 13  - 20 55 66  -  - 38 51  - 26 43 28 45 46  - 67  -  -  4  -  - 30 63 39  - 53  - 68 64 59 44  - 16 33 29  - 57 17  -  - 65 69 34 58  5  -  -  -  6  2  8  9  - 24 56  - 25 21  -  -  - 70 18 10 54
 18 34  -  -  -  -  -  - 25 12 27  - 63 60 24  -  7 55 42 54  - 49 65  -  2  -  - 41  -  1  -  - 46 17 21  3 51  - 31 28  - 61 22 40 66 20  - 50  - 57 68 10 58 70 56  -  -  9 44  -  -  -  - 36 26 43 62 14  -  -
 28  - 70  -  - 35 37 61 60 26  - 20 48  5 14  - 33 64  - 67 58 30 31 39 68 56 10 21 12 27  -  - 17 38  - 55 53 47  7 65  - 36  8 11 40  3 66  -  - 43  - 22  -  - 41  - 54  -  -  - 57 34 24  -  2 46 25  1 62 44
 60 66  -  -  - 39 56 69  -  - 59 46 42 61  - 55 53  8 65 20 41 33 52 43 30 38  - 19  6  - 28 49  - 62 12  - 47 11 23 45 68 32  - 51 14  - 34 63 48  7  - 67 18  -  -  -  - 35 31  -  2 16 25 26 70  - 58 64  - 36
 23  -  - 19  - 42  -  9 70  - 24 66 54  - 15 65 41 37  -  8 39  -  -  - 64 27  2 57  -  - 11  -  - 51  - 30 22 43 18 17  - 16  -  - 32  1 68  4  - 20  - 34  3 67 50 14 53 69  - 28 46 40  - 62  - 26 60 63  - 49
 52 17  7 53 64 63 62 30  -  - 68 15 59  -  - 58  2  - 55 21 43  -  - 27 40 10  6 50 32 38 54 35 14 67  - 69  - 33 39  - 23 31 57  - 61  - 42 37 65  8 56 24  - 51  - 66 25  - 49 12 45 47 70 11 16  - 46 60  9  -
 31 26 24 46  - 30  7 21  - 32 44 50 35 40 12  -  -  - 59 61 29 18  1  -  6 68  -  -  - 57  3 62  -  5 58 52  4  - 16  - 67 17  9  - 55  -  - 20  2  - 23 64 39 37 63  - 42 41 28  8 22 11 69  - 54 38  - 56 70  -
  4  9 47 12 40  - 67  -  - 46  5  - 56 10 57  - 55  - 16 11  - 68 38 48  - 58 44 36  - 34  8  -  - 35 28  - 65  6 50 62  - 23 41 52 30 61 49  - 17  - 27 31 51  - 32 54  - 37  7 63 59  - 66 60  -  - 20  -  -  -
 25 43  9 16 54  -  -  - 17 42 33 35 28 59 61 66  6 44  -  - 52 22 64  -  -  - 40 29 63 39 57 12 18 45  - 62  -  -  -  2  5  - 55  4 37  -  - 69 32 11 65  - 21 47 67  - 49  1 19 70  7 68 27  -  - 50  -  - 13 24
  1  - 29  - 34  5  - 35 24 36  - 54 27 16 46  -  9 38 37 17 32  -  - 55 21 30  - 59  - 51  -  - 63 14 60 23  -  - 44 31  4  - 26  - 56  - 43 39  - 62 25 66 69 45  3 49  -  - 50 67  -  -  - 68  -  7 53  6 61 22
  5 14 68  - 65 28  - 29  - 56 45 59 33 48 11 22 34 40 53 19 42 21  8  - 70 57 47  - 35 24 38 44  -  -  9 20  1  7 66  - 51 46 36 26 67 32 13 54 18 58 37 43 63 41  -  - 69  -  6  -  - 31  - 50 25  - 27  - 60 17
 11  - 66 13 60 31 49  7  - 64  -  3 23 38 59  9 58  - 10 43 19 28 68 56 33 40  - 42  - 70  -  2 16 18  -  - 25 26  - 53 14 30 47 62 15  -  -  - 45 24  - 61 41 32 48  - 36  - 34 39 20 44  - 63  4 67 52  - 12 50
 17  7 41 48 32  - 30  -  - 24 22 43 49 52  -  -  8  - 34  -  - 45  -  - 12 35 33 70  4  2 51  - 67 58 13 66 60  - 64 18 54 38  - 63 21 44 62 14 56 36  -  -  5 57  - 26 59  - 10  - 40 55  1 19 65 20  - 42 39 29
 19 54  -  - 52  3  6 39 36 33 46  2 41 20  - 31  - 63  - 16 34 38  -  -  - 61  - 48 13 55 29 40 49 11 18 22  -  - 28 68 66  4 12 53  - 42  -  -  -  -  -  5 35 65 21 23 57 58 17 44  - 70 67  - 60  9 43  7  -  -
  - 68  -  -  - 70 27 49  4 54 30 55 66 33 67 23 19 46 57  - 63  7  - 69  3  - 58  -  5 37 50 56  6 10 15 39  -  - 29 34 43 47 25 35 64 51 17 31  -  - 12  - 60  - 26 40  1  - 41  - 61 62 28  - 32 53 22 44 11 14
 33  - 22 67  -  7 19  - 29 21 61 51  5  -  3 18 49 69 52  -  4  - 47 28 54 42 13  - 15 46 10 26 25 48 39  - 31  -  -  8 37 63  - 45 53 40  - 30  -  6 16 38 55 64 24 56 44  -  1  -  - 59 12  -  - 23 17 32 36 11
 69 16  - 22  4 68 65  -  - 23 26 28 39  - 40 12 54 17 43 70  5 35 61 44 38  3  -  8 30 59 20 63 66 32 42 50 24 49 57 36 25 15 11 29 48  - 55 64  1 47  - 46  2  -  - 51  -  -  - 27 52  - 41 37  - 21 19 31 67 58
  7 31  - 70 28 67 69  -  9  8 39 57  -  - 47  6 66 23  - 15 20 27 40 63 11 51  - 25  - 65  - 24  - 43  - 36  - 59 10 35  - 52  5 55 29  - 53 38  - 13  - 17  - 44  -  - 21 56 60 32  4 22 37 30 49  2  - 54  - 64
 20  -  - 24  - 44 54  -  -  - 47  - 40 17 36 15 51 16 18  -  - 32  - 70 67 62 37  5  - 45  - 59 19 68  7 63  - 30 34 13  -  - 64  -  - 69 39 66 61 41 49  - 43  - 55 60  4 23 53 57 56  - 48 31  - 11  2 10 29  -
 30 59 40 47 29 17  - 42 22 10 55 70  6 26 43 51  4  -  - 45  - 60 20  - 36  8 61  - 27  - 48  3  - 31 25  - 38 66 37 56 69 65 49 33 50  -  2 57  -  -  - 58  - 39 68 13 67 24 52  5 16  -  -  1  - 32 11 35  - 23
 12 15 53 68 67  - 66 33  - 58  - 36 61  - 23  -  -  - 64 42 18  1 17  -  5 11 25  4 48  - 46 50  - 59  -  -  -  8 63 55 32 60  6 13  -  - 52 41  -  - 14  9 28 29  -  - 34 54 20  - 27  -  -  - 37 16  - 70  - 69
 70  - 35  - 31 10  5 66  -  - 38 32 21 12 68 60  3 67 49 62  -  - 27 18 22 19  - 61 17 11  2 53  -  - 47 58 44  -  1 33 39 37 34  - 36 54  7  - 29 15  - 40 26  - 25  - 16  - 42  -  - 13 59 24 55 69  - 50 65  9
 46 55  -  -  1  9 25 48 51 63 57 11 12 43 49 28 26  -  6 53  - 52 13 21 27 31  - 64 41  7  -  4 44 40 45  -  - 37  - 54 10 29 62 58  - 67 16  - 39 70 60 32 22  - 34 65  - 61 66 36 50 33  2  3  -  8 24  - 20 15
 61  -  -  9  - 49  -  - 52 19  - 41 14 66 10  5 64  1  -  - 31  - 16 24 60  - 15  - 20  6 62 27  3  2 38  - 55 34 11 12  - 33 44 47 35  - 50 58 13  -  - 36 70 22 43 25  - 30 21  4 51 45  - 23  -  -  -  - 28  -
  -  -  -  -  - 43  - 52 32  5  - 17  2  - 35  - 27  -  - 36 37  -  -  - 47  - 16 68 57 19 44 66  - 12  - 61  6 69  -  - 40  -  -  -  - 62 54  - 38 21  - 23 65 33  - 64 46  - 30  - 67 58 14 25 11  - 13 20  4 53
 24 18  - 10 30 61 45  8 44 20  -  9 47  -  -  3 40  - 62 27  - 53 19  -  - 26 50  - 38 35 70  - 54  -  - 15  - 22  4  - 17  - 60  2 16 56 32 43  -  -  5 48  -  - 52 36 33 28 51  - 37 39 13 69 31 57  1 46 23  -
 38  -  -  8 20 40 33 25 55 67 66 34 13 39  -  7 46 59  - 48 12 17 21  - 10  -  5 35  - 58 41 30 26  - 11 28  - 70 65 32 27 44 18 22 57 64 56 19  - 53  -  - 50  1  9 63 14 68  - 49 23 15  - 52  - 36  - 37 24  -
 45  -  3 62 19  - 35 51  2 48  - 37 31 63 13 11 36  -  9  - 24 44 54  - 42 23 32  7 34  4  - 38  - 57 20 18 66 12  - 49  6 69 56  -  -  - 41 10 43 67  8  - 33 27 61  - 39 70 40 17  1 60 53  - 30 64 21 16  - 68
 16  -  - 27  - 12  -  - 40  - 43 56  - 54  -  -  -  -  - 31 10  - 30 35 44 53 59  - 26 14 60 17  4 55  -  6  7  - 42 39  8 48 58  3 33 18  - 45 69 29 13 49 15  2 23  -  - 62  - 66 38 52 63  5 41  - 61 34  - 21
  - 67  -  6  - 36  - 31  - 57 32 12  -  - 38 49 70 11 14 66 30  -  - 25 51  - 46  -  - 68 33  -  -  -  - 53  - 18  -  4  - 40  -  -  - 43 28 21 16  - 45 63 54  -  7  -  - 13  -  2  - 61 56 41  - 39 47 27  - 62
 15 12 32 18 35 22  -  2 54 53  1 13 34  - 65 61 14  3 50 68  - 20 36  - 39  -  - 11  - 40  -  - 55 41  4  -  - 27 48  - 45 24 30  -  8  -  - 46 63 33  -  -  - 23 62 10 29 59 69 21 47  -  6 64 17 51  -  - 49  -
 53 36 38 60 57 13 70 59 61  - 52 42 68 45  - 17 18 56  -  2 64 14 51 65  -  - 69 66 31  -  6  - 50 29 54  - 43  -  3 22 41 35 40 25 46  - 23 33  -  9  4 27 12  - 10  - 47  -  -  -  - 24  -  - 28 63 55 26 21  -
  -  -  -  7  2 16  -  -  - 27  8  - 58  -  -  -  - 15 60 26 54 29  -  - 17  - 34 52  - 42 56 25 12 24 23 45 67 10 20 21 57 19  - 61  - 36 44 48  4 28  9 14 66 31 18  -  - 51 39 11  -  3  -  - 64  1 59 55 63 32
 39 30  - 41 17 18  9  - 65 45  -  - 15 11 70 38 29 61  -  1 55  - 63  - 24 37 66  -  3 33  -  - 20  7 64  - 36 48  - 47 12  - 28  - 69 57 27  -  6 56  - 42  - 58 53  -  - 10 26 46 34 54 31  -  - 52 35  - 50  -
 40 27 49 64 48  - 13  - 35 38 51  - 36  - 44  - 31  - 67 69  1 39 34 58 59  - 53 24 23  - 61 15 60  - 41  - 12  -  -  -  - 55  -  - 45  - 14  - 46  -  - 26  -  3 66  2 37  7  8  -  - 20 19 33  6  - 18 30 68  5
 41  - 60 45  6 46 68 70 28 29 35 31  7 44 33  - 24  -  -  - 66  - 26 54  - 20  1  - 58  - 67  -  - 69 61 32 14  - 36  - 56 49  - 64  - 53 30 59 62  - 34 37 16  - 17 52 19  5  -  - 43 23  9 55 40 48  8  3 57  -
 62 21  - 33 27 25 43 32 18  - 54 47  - 14  - 46  - 66 30  - 50 67  -  3  - 63  4 39 61  -  9 10  - 37  - 65  - 23  -  - 22  8 31  -  - 17 64 24 19 42 26 20  - 60  - 28  - 38 57 45 29 48  -  6  1  - 51  -  -  7
 65 10 43 44  - 48 51  - 38 18 36 30 60 15  -  - 42 24 69  6  - 46  - 66  - 25 14  - 19  - 26  - 52 61 56  - 29 40 32 67 59 54  4 34  -  - 21  5  -  - 70 50  -  9 22 57 12  - 37 35  3 49  -  -  - 33 16 47  2 27
  - 11 62 55  - 64  - 45 19  -  - 68 29 47 32  - 12 65 25  - 35 23  -  -  - 34 18 53  - 61 58  - 28 70  - 60 16  - 51  -  - 39  -  8  6 38  1 15 59 50 41  - 37 10  -  9 63 14 56  - 17  2  -  - 46  5 49 13 40  -
  - 35 48 50 11 37  -  - 49  6  - 14  3 51  - 64 68  - 28  -  - 55 46 13  4  -  -  9 70  - 25 39 53  - 24 47 34 60  2  -  - 12  7  - 52 15  -  -  - 65 66 62 42 69  -  - 45 27 43 23  8 63 61 17  - 54 10 40 59 18
  -  -  5 34  - 27 24 43 47  - 25  -  -  - 29 48 32 28 21  4 16 65 67  - 62  9  - 23 56 54  - 55 45  -  -  -  - 41 26 66 44 51 70 42  -  - 59 36  - 69 11 68  - 52 46 17 18 40  - 38 13 14 64  -  -  - 37 19  -  -
  - 32  - 54  -  - 55  - 59  -  - 52 50 30 20 44 21  4  - 34  -  - 45  -  -  - 70 62  -  -  - 68  - 65 16  - 28  -  5  6 53 67 10 24 63 23 35 27 15 31 46  2  - 42 19  -  3  - 22 13 36 56  -  -  - 17  9 12 38 48
  6  3  - 35 37 45 60  - 67 39  - 40  8 25 52 19  - 58 70  5  - 42  - 62 20  - 43  1 54 23  7 13 32 28  -  - 61  4 55 10  2  - 16 21 38 46 18 11 64  -  - 30  - 66 33  - 24 15  - 41 31 53 29 22 14  -  - 65 51 47
  8  1  - 15 70 47  2  -  6 65  -  4 30 57 64  - 50 26  - 33 38  3 24  9  - 69 31 18 28 43 45 36  - 34 40 48 39 62  - 58  - 13 42 20  - 25 12 52 22 49 21 51  - 14  - 35 55 19 23 29  5  -  - 27  - 66  7 68 53 59
 57  - 27 31 56 54 14  - 11 17 29  - 38  - 21 24  -  -  7 39 65 63 49 15  1  6  -  - 33  -  - 48  - 23 32  8  - 19 43  3 35  - 20 60  -  -  -  -  -  -  2 44 40 26 59 53 66  -  9  -  -  - 34  - 69  4  -  - 52 10
  - 65 59 21 39 11 38  4 56 60  - 24 18  -  - 34 22 62  - 28 61  - 41 33 49  -  -  - 50  -  - 43 70 42 10  5 68  - 27  9 31  -  -  - 12 48  - 16  -  - 20 55 29  - 69  - 32 66 63 51  - 26 30  - 45 14  - 23  6 35
 67 46  - 26 66  - 48 12 21 47  - 62  1  - 25 68  -  2 33 41  - 19  - 32 56 54 63 38 60 53 31  -  -  - 57  9 50 65  - 14 15 45  3  -  7 59  - 29  - 16 52  6 20 18 11 22 43  - 55  - 58 51  8 35 27 44 40  - 17 42
 47 60  -  - 44 66 26  - 33 61 10  -  - 70 30  -  - 31 15 51 48 41  -  1  - 55 68 16 25 63 42 37 36  - 52  -  - 24 17 69 34  - 45 46  - 39  -  - 28  -  - 56 59 43 27  -  - 21  3 22 53 65  7  4  - 35 50 58 54  8
 49  -  - 25 68  - 23  - 48 52 65 26 22  - 56 30 67 21 51 29  -  -  -  5 35  -  - 40  - 36  - 33 43  - 37 10  - 63 70  - 64 27  - 14  -  -  -  7 12  -  -  1  -  - 13 39  -  -  4 47  9 28  - 16 34 45  - 24  - 55
 48  - 14  -  - 65 34 17 23  - 67  5  - 50 55  - 45 25 54  -  -  -  - 57  -  - 64  -  9 41 27  -  - 16  6 37  -  - 59  1 46 68  - 19 28  - 63 32 49 60 31  - 52  4 30 33 26  -  - 18 42  8  - 66  - 61  - 22  - 51
 10  - 54  3  -  - 31 40  -  2 14 22 46 41  - 42 61  -  -  -  6 62  -  - 57  -  7 67 51 47  1  - 30  4  -  - 33  - 21  -  -  - 65 39 25 63 48 68  - 26 55 69 64  - 36  5 27 16 32 60 35  - 15 12 23  -  -  -  - 20
 44 57  -  - 15  -  -  -  - 30 23  - 70 68  -  -  -  9 20  -  -  - 28 22  7 47  - 46 16 52  -  -  -  -  - 24  - 29  -  - 21  2  - 17  - 26  - 53 54  - 19  4 56 34 42 37 50  6 38 40  - 27  -  - 48 58 32 36  -  -
