1120
 10 19 17  - 12 22 40  - 16  - 32 38  - 24 35 29  -  3 15 25 21 13 14  - 28  - 27 30  8  -  2  -  -  5  4  1  7  -  9  -
 26  - 14 28  8  - 12 20  - 35 40 27  -  6 34  2  -  -  9 24  - 18 31 11 16 19 39 22  -  1  5 38 10 21 37 33  - 36  - 15
 17  9 33 25 38  - 39  - 31 14 12 20 34  - 18 13 16 15 29 22 19  - 10  -  -  5  6 26  2  -  3 27 40  - 35  -  -  7  1  -
 21 17  - 26 36 35 11 15  -  -  9  -  - 40 38 39 12 16 31 14  1  -  -  - 37  - 33 34  -  2 18  5 19 29  6  - 28  -  -  -
  - 21 20  1 22 39  9 28 30  4 38  6 13 12 27 26 31  - 25 37 18 15  -  - 17  -  3  5 23  -  - 33  8 36  - 40  - 24 14 19
 33 23 19  -  -  - 15 32  - 20 30  -  4 14  3 18  -  - 39 27  - 40 16 17  - 31  -  9  -  8 21 37  1  - 29 38  -  - 25  2
 35  - 11 29 34  4 22 33 24  -  6  -  -  - 13 36  - 14 12  8 30  - 15 28  -  2 25 31 17  -  - 10 27 37 23  - 21 16 19 20
 18  -  - 13 32  - 17  - 38 31  - 30 29 39  -  - 37  - 11  -  - 10  -  - 24 35  9  4  - 25 16  -  7 22  - 34 40 21  5 28
  - 35  1 33 19  -  2  -  - 13  - 26  - 20 24  -  -  - 17 18  -  - 40  - 27 34  - 39  5  - 25  4 30 32 12  - 15  6  - 36
 14 22 10  -  9  -  - 24 25 19  - 11 26 30  - 15 13 31  7  1  4  2 33 12 20 40 21  -  -  - 23 17 28  -  5  - 36  -  3  -
  -  -  - 35 21  - 18  - 20  2 36 13  - 38 40  7 25  - 23 16  6 11 29  - 22  -  - 32 12 15 27 39  5  -  8  -  3 28 34  9
  3 11  - 14 31  - 20  1  4 22 18 40  - 35 12 25 26 24  8  - 10  6  - 36  2 30  - 37 15  5 29  - 34  7 38 28 17  - 32  -
  - 32 36  - 15 18  7 40  -  -  1  -  -  9 11  -  -  -  -  -  - 16  -  - 21 28  - 10 20 33 39  -  6  - 31  - 13  2 17 12
 22  - 12  5 30 28 33 13  2  -  - 16 20 15  4 34  - 40  6 11 32 31  1 38  -  -  - 24  3 27 35 19 36 17 18 29  9  - 39 10
 34 15 37 10 23  - 19  7 27 40 14 35 28 26  8 21  -  6 24  9  -  5 22 18 25 12  2 13 32  -  - 36  - 38 39  -  - 11 29  3
  - 16  - 31 14  -  - 19 12 11  -  -  1  2 22 30  -  - 13 35 36 39  6 15  8 10 40  -  7 28  4 32 21 20 33  - 34  - 37 24
 19  - 39  3  - 32 24  -  -  - 11  -  7 34  - 38  -  -  -  6  - 35  -  4 26  9 16  - 10 13  - 14  - 30  1 27 20  - 33 17
  -  3 34 36  - 14  - 25  9  - 13  - 37  4 10  - 20  -  - 26  2  - 32 23 15 21  -  - 40  - 24 29 17  6  7  - 38 27 28 11
  -  -  -  7 35  - 16  - 40  - 25  8  -  - 30  -  -  -  - 23 28 27  5 22  -  - 32 33 36 21  - 18 13  - 17 10  - 15 20 29
 15  5 28 30  1 10  4 23  -  - 33 14  - 19  -  -  - 29 34 12  - 17 24 13 40  - 31 18 39 32 37  -  2  8 20 22 25  -  6  -
 12 40  7  4  5  -  -  -  3  - 39  -  -  - 31 28 15 22  2 34 35  - 27 24  1  - 19 25  - 17 11  - 32 33  - 13 26  9 18 16
 32 27  -  -  - 15  6 17  -  - 35  - 25 36 26 11  2  - 10  - 29  9  -  -  - 37  7  - 16 38  - 40 18 14 22 39 31  - 24  4
 36  -  3 38 37 24  8 22  -  7  -  - 32 16  5 23 17  -  - 40 39  - 11 30  - 18  - 15  9 10 14  1 12  - 28  2  - 19  -  -
 29 10  - 39 17 12 25 38  6 28  -  5 27  - 32  -  -  - 20 21  9  4 18  7 23  -  -  8 37  -  -  - 22 31 24  - 35  - 13  -
 40  -  -  - 11 37 30 36 22  9  7 15  5  -  - 14 38  - 28 10 13 34 20  - 29  3 12 19 21 31  6  -  -  -  - 35 16  4  2 25
 16 39 38  -  4  8  1 27 14  - 17 19  - 31 25 24  9 12  - 13  -  -  3 34 32  - 35  - 22 29 10 28  - 26  2  - 23 18  -  -
 39 12 30 17 13  2  5 21  -  6 26 25 24  - 19  4  8 34  1 29 31 20 36 16  7  -  -  - 35  - 28 22 38 15 40  - 37  3  - 32
 11 36  -  8  -  - 21 35  - 23  -  1 12  - 20  -  5 25 27  - 15 14  - 19 33 29  -  2 34 24 31  - 26  -  3 17  -  -  - 38
 20  1  - 40 25 19 28  6 11 33 31 23  2  7 29 35 36 37 18 39 17  3  4  - 10 32 34 27 14  -  -  -  - 12 30 24  8  5  - 13
  - 29  9  - 20 30 32  - 19  - 21 28 10 37  2 17  - 23 16  7 38 33 35 26  -  -  -  - 13  4 40 34 31 11 36  -  - 39  8  5
 27  -  5 18  7  -  -  2 13 17 20 10 36 25 33 40 19 39  4 32 24  - 38  - 31 22 15 28  - 11 26 12 37  -  - 21  6  - 16 14
  6 34  -  9  2 40 26  -  8 29  - 39  -  1  7  - 28 27  3  -  - 12 37 31  - 15 17 21 18 20 19 13 24 16  -  - 14 30  - 22
  - 26 23 34  - 20  -  3 18  8  2  9 31  5  -  6 40 11 14 28 16  - 17 33  4 39 37  - 27  -  -  - 29 19 21 12 10 32 15  -
 24 18 13  -  - 21 37  9 23 34 27  - 33  - 15 20  4 17  5 38  -  - 19 32 35 26 14  - 31  - 30  3 39 10  - 25  2 29 12  -
  - 31 35 24  -  5  -  8 37 15  4  - 39 17 14 16 32  - 21  2 12 29  -  - 18  -  -  3 28  -  -  6  -  - 10  - 11 22 30 40
 28  2 32 37 39 27  -  - 33 12 29  - 21 22  - 10  1 36 19 17 26 38 34  -  6  7  8  -  -  - 15 23  3 13 25  -  5 14  - 18
 30 28  - 12 18  - 10 31 34 25 24  3  -  - 36 33  6  7 26  -  - 32 39  5 11  4 29 35  -  - 38  9  -  - 19 15  -  - 23 27
  4 25 40 20 16  -  - 30  1  -  3 36 18  - 37 12  - 21  - 15  5 28 13  2 39  - 38  6 11  - 17  -  -  - 34  -  - 31 26  -
  -  4  - 21 26  -  - 10  -  - 15  2  - 27 39 37 18 38  -  - 11 19  8 25 12 23  - 40  -  -  9  7  -  3  - 30 33 17  - 34
 23 30 26  2  3  1 13 18  - 16  -  -  8 10  - 19 14  4  - 31  -  - 21  -  9 38  5  -  -  - 20 25 11 39 27  7 32 34 40  6
