1120
  - 13 16  2  - 22  6 26 31  - 40 38  -  -  1  5 36 28  - 15 39 27  - 10  -  4  - 18  -  3 12 17  - 24 21 33 30 19 23 32
 10  4  -  - 24 34 21  -  -  9  - 11  - 15  -  - 25  -  -  1  - 18  5  - 35  - 39 20  -  - 40  -  - 31 22 12  8 26  6  -
 12  - 40 19  2 18  -  6  - 26 10 35  -  5 21  - 31  9 32 30 38  -  - 33  - 36 11 27 34 14  - 24 39  -  4 37 17  1 29  3
 37  -  -  -  9 30 25 34  - 31  6 36  -  -  - 19  - 20 23  - 33 14 28  2 22 40 15 29 13 10 21 35  -  1  -  7  -  -  - 11
  - 39 35 28  -  6 14  4  -  -  -  - 38 32  -  2  - 12 40 23 36 17 19 11  -  3  5 24 29 16 31 26  9 25  1  8 20 27 37 33
  5 24  6 23 11 12  - 28 34  - 19  -  2  -  - 21  9  4  3 27 26 33  - 15  -  -  -  -  - 29 39 37  -  -  - 38 32  -  1  7
  4 36  -  -  -  5  2 17 38  - 26 16 34 29  3 20 24  - 21  -  -  -  9 40  -  -  - 23 15  - 30  7  - 14  - 19 35 31 28  -
 22  - 30  -  3  -  -  -  -  - 18 12 31 14 17  -  -  -  - 13 32 19  -  -  - 37  -  - 21 23 35  8  2 11  - 24  -  7 15  -
  1 34 22  -  5 16 27 31  3 39 23 26 24 25  6 33 32  - 37  - 18  9  -  - 30  - 14 38  - 35  -  - 40  4  8 36 21 10 12  2
  - 23 32  - 16  4  - 39  - 29 21 33 35  - 11 22 37  -  - 20  5  8  - 34  -  -  -  - 30  -  2  9 27 17  6 25  3 40  - 13
  -  9 28  - 20 11 38 18  5  - 24  6  3  - 27  -  4 26 34 40  2  -  1  8  - 30 29 10 14  - 19 13 12  -  -  - 33  - 22  -
 20 18 36  3 17 21  -  - 19 25 37  -  7  - 15 12  -  -  -  -  -  4  8 13  -  -  -  5 31  9  - 16  - 39 34 29 22  -  2 23
 32 29  9 21 33  -  3  - 36 15 35  - 37  7 24  -  -  - 13 10 19 34 26 27  - 39 12 16 23  -  - 30  1 28 18 20  -  -  -  -
  -  -  5 13  - 14 32  - 26  -  - 20 25 19 10 38  - 24 22 18 21 36 29 12  -  -  1 15 33  - 37  - 35 40 28 16 31  - 17  9
 38  2 20 36 28 33  - 40  6 24 15  -  -  -  -  4  - 17 19 37 12 26 16 39  -  - 13  - 11  -  - 22 34 21 14 18  9 32  5 25
  6 22 15 29 13 24 28 16 39 35  5  9 40  - 30 14 20 37 27 11  3  7  -  - 12  8 31 34  1 21 36 23 38 26 32  4  - 25  - 10
 35 32 13 20  6  -  4  3 23  8  - 10 14 31  - 11  - 18 16 19 27  -  - 24  -  2  -  - 28  - 29  5 37  9  - 26 40 38 34  -
  8  - 21 22 10  2 35  -  -  -  - 13  - 16  - 15  -  1 18  9 14  -  -  3 33  - 34 31 24  -  - 11  - 32 25 30 39 29 27 38
  3  -  2 32  8  7 18  - 16 11 38  - 17  - 29 26 30 19  6  -  -  -  -  9 37 10 40 39  - 15 28  4 24 35 13  - 25 20 21  -
 34 19 10 30 37  3 16 33  8  - 12 21 15  2  9 13 35 39  - 24 29  5  4 23  - 14 18  -  -  - 22  6  - 27  - 28  - 36 26  -
 16 35 12 33 15  8  7  2  9 22  - 30 27 28 19 34  - 31 26 38  -  1 23 17  3  - 32 21  - 36  - 29 11 13  5 10  - 37  -  -
 39  1 17 31 29 35 40 14  - 34 36 18 26 21 13 37 15 27 25 22 30  -  7 32 28  - 19  -  8  -  4  -  6 20 24  3  -  9  -  -
 11  -  -  -  - 37  -  5 22  4  -  -  - 38  2 31 26 33  -  7 13 20 27  - 32  - 21 40 17 34  1 25  3 18 36  - 19  6  - 14
  9 27 19  - 31 26 34 10  - 37 17 22 23  - 40 36  - 15  5 25  7 32 24 20  -  -  3  - 12 39  -  2 28  8  - 13 38 14  - 29
 26  6  7  4 27  - 12 36 10 23  -  - 13 30  - 29 11  2  -  8 37 40  -  - 15 34 16 28 19 38 20  1 17  5  - 21 24 22 18 35
  2 38 31 39  - 19  -  1  -  6 25 27  - 11  -  7 34 35 20 21 15  - 32  -  8 23 17 33  9 40  -  -  -  - 12 14  -  3  - 24
  -  -  1 17 35 40 23  - 14  - 34 37  - 18  - 10 38  3 31 33 24  2 11  -  - 28 22  8 36 19  9  -  - 15 27 32 29  5 30  -
 19 31 14  8 12 20  - 15 18 17 33  4  - 26  -  -  6 30  -  -  -  - 37  - 24 32  7 22 39 27  - 38 21 29 23  1 10 13  -  -
  - 15 33 24  -  - 17  -  1  - 11 25  - 40  -  -  -  -  8  - 35 13  -  - 16  -  2  9  4  -  7 28  - 19  -  6  -  - 31 37
  - 12  4 27 26 38 19 32  - 14 39  1 16 35  -  - 17 25 11 29  8 21 13 31 36  5  6  3 10 18 23 33 20  -  -  -  -  - 40 30
  7 21 29  - 36 23 24 19  4 28  1  -  5  3 34 27  -  - 33 39 22 25  - 18 38 26  -  - 16  6 10 40  -  - 31 35  2  - 32 17
 33 16 34  6  - 27 37 11 25  - 31 32 39 36  -  8 29 23  1  - 28 10 30 38  4 15 35  -  - 26 24 19  7  2  9 17  - 21  -  -
 30 37 11 26  -  9  - 21 24 10 27 23  8 22  -  - 40 36 15  -  4 31 33 29  -  - 28  -  -  - 16 34 14  3 19  -  -  - 25 18
 28 30  3  5  -  - 31  8 40  2 13  - 10  9 35 32 12 34 24  4 23 29  - 22 14  - 38 25 26 37  - 27  -  - 16  - 11 39 20  -
 40 33 23 10 14  -  - 30 17 27  9  -  -  8  - 24 19  -  -  5 34 35  3  -  -  - 36  7  -  -  6 18 26 12 15 31 37 16  - 28
 27 17  - 14 19  - 36 24 28 32  7  -  -  -  -  - 23 16  -  -  6 38  - 37 11 18  9  -  2 25 33  -  - 22  -  - 34  -  -  -
  -  -  -  -  - 28  5 35 29  -  -  - 12 37  -  - 16 22  - 32 20  - 17 21 19  7 23 36 18 31 38  - 13  - 26 11  - 24  9  6
 21  - 37 38  - 39 13 22  -  -  8  7  -  6 16  -  -  - 35  - 31 11 10 26  2  1  -  - 27 24  - 36 29 23 30  9  5 17 14  -
 17 14 26 16 23 25 15  - 11 18  2 24 36  1  4 40 21 32  - 12  9 30  -  6  5 35  8  - 37 22  3 31 10 38  - 27 28 33 13 34
  -  8 38 34  - 15  -  - 35  5 29 28  4  - 18  - 14 21 30 31 17  - 22 16 10 12 33 37  3  1  - 32  -  6  -  - 36 23  7 26
