1120
  -  -  8 29 12  - 13  - 25 34  - 38  - 31  -  -  - 33 10 30  - 26  3 40 23 32  -  5 11 27 21  7  4  - 39  9  -  -  6  -
  4  -  - 21  6 29  -  -  -  - 37  - 13  - 35 25  -  -  8 16 30 17  -  2  7 36  3  - 39  - 23 38  -  -  5  - 34 11 28  -
  -  2  - 23 34  - 39  5  - 15  -  -  - 17  -  - 10 25 19 32 11  -  - 14 37 40 33  3 29 38  6 28 18  -  - 31 35 22  - 16
 19 26  9  -  4  6  7  -  8 17 33  1 10 30  3 14 23 22 18 34  -  5 37  - 32 21 15  2 25  - 39 27  - 40 29 24 36 13 11  -
 11  -  - 20 23  7  -  - 33  -  2 15 36 27 16  -  - 26 28 38  -  6  -  4 21 19  5 32  - 18 14 29 31  1  - 10  9  3 37  -
  5  3  - 27 26  4 30 17 31 38  1  6 21 40 11  -  -  - 23  - 24  9  7 28  -  - 13 19  -  8 29  -  -  -  - 36 18 25  - 33
  - 10 37  - 36  5 11  -  - 13 16  4 38  9 30  - 21 14  - 18  8 25 15 32 29 31  -  -  3  -  - 19 23  - 24 35  - 20 34 28
 22 36 30  -  - 33  -  -  -  -  - 10 12 11  8  - 26 34 29  - 19  2  -  - 24 18  -  - 16 20 35  - 40  9  3  5 31  7 38  6
 17  7 32 24  9  -  8  -  - 35 29 37  -  - 19  6 14 40 21 26 15  - 18 36  3 34 25 39 31 16 13 20  5 23  1  - 30  - 22 11
  - 39  - 30  8 38 40 27 23 20 13  -  - 16 32  -  - 12  3  - 37 24 25 21  9 35  6 34 26 19  1  - 10 11 14  7 22 28  -  -
  - 11  - 25  - 32  -  7  2  5  3 22 34 28 26 23  1 27 14  - 16 31  -  - 18  9  - 15 13  - 24 36 30  -  - 21  -  - 10 17
 39 18  - 16 13  8  - 30  -  - 32 11 15 38  9  -  - 31 37  - 10  - 35  7 36 28 24 29  1 12 17  5  2  4 25 34 26  -  -  -
  -  -  - 39  - 23  9  - 28  1 22  -  - 24  -  -  - 38 31  7 26 16 30  - 34  3 36 17 37  -  -  6 19 32  - 18 11 12 20 14
  2 34  - 31 25 36  -  -  3 24 28  - 30  -  7 38 16  -  - 37 13 23 22  - 27  - 19 14 32  - 10  9 20 33  -  - 12  -  5 40
  - 22 40  - 37 39  2 23  - 36  5  7  - 26  4 29 11  - 12  - 25 10 19 31  8 30 14  9 18  -  - 13  - 27  - 16  - 24 33 38
  - 16  -  -  - 21 26 20 34  7  -  8 25 14 12  - 18  - 36 39  -  - 24 11  -  2  9  4 27 13 38 32  - 19  6 15  -  - 17 10
  - 23 19 36 32 37  -  6  -  - 39  - 24 15 33  7  -  9  -  - 27  -  - 10  4 16  - 40  -  - 12  2  1 30 35 28 14  - 13  -
 25 35  - 28  5 15 29 13  6 40 11  3 32  2 31  -  - 21  4  -  - 34 16  -  - 24 37 30  - 26 19 22  -  - 20 12 17 23  - 18
 36  -  -  2 35 16  - 21  - 28 18 34 22 10 15  4 17 39 26  -  -  3  - 20  6  - 38 27  - 30  - 40  - 12 11 29  -  - 24  -
 28  -  - 35 11 40  1 29 14 33 19  - 39 13 38 31 27  -  -  9 12  - 10  -  -  -  8  -  - 25  3 21  7  5 36  -  -  2  -  -
 23  6 11 26  - 18 32  -  -  - 25  - 14  - 34 17 19 13 20  2 33 21  -  5 16  8 39 28  7  -  - 12 15  -  -  1 10  - 36  3
 40 30 13  9 20 12 31 38 39 21  7 23  2  - 17  - 36  8  -  - 35 29  - 37 14  -  4  - 28 15 32  - 25 34 27 19 33  - 16  -
 35 12 34  -  -  - 20 24 21 32  - 36 31  -  6  -  - 23  -  -  2 39  -  - 30 14 17 10 33  9  -  3 28 22 40 25  -  -  - 13
  1 24 12 10 31 35 17 40  - 27 20 33  -  7 22 21 37 15 39  4  9 32 11  -  5 13  2 38 30 34 28  -  6  - 19 14  -  - 26 23
 14 37 17  - 38 28 25  - 10 11 31 32  7  - 36 15  -  -  -  3 39  -  1 16 13 23 20  -  -  5  8  -  9 24  -  2 27 40 29 19
  -  - 18  -  - 31 14  9 17  - 21  - 26  -  - 30  5  - 33  -  - 22 23  -  - 12  -  -  -  4  7  - 34 28  2 20 13  - 15 32
  8 40 35 33 21 20  5  - 36 18 10 13  9  - 23 26  -  -  - 24 17 30 14 34 11  4  - 37  - 28 27  1 16  - 12 38 15 31  7 39
 26 28  1 32 39 17  - 31  7  6  - 30 20 23  - 35 15  -  5 29  -  -  -  9 40 38 27 16 34 22 37  -  -  -  -  8 19 18 25 12
  -  5  -  7 27 30 36  - 16 22 17  9 11 34 14 19  3 32  - 23  - 18 13 12 39  - 28  - 38 24 20 26 29 10 31 37 40  -  -  -
  3 17 26 14 10 24 33 19 30 29 38 39  1  8 21 34 40  - 13  5  -  7  -  6 12  - 31 11 15 32 22 18 35  - 16  - 25 37  9 36
  - 21  -  3  1 19 28  -  -  - 40 20 29  - 25  - 30  2 27  -  - 38 39  -  - 11 32 26  6  7 18 24 17  - 37  -  5  -  - 35
  - 25  5  - 19  -  - 15 24 26  4 28 37 32  - 18 31 20  2 12  - 40  6 29  -  7 21 36 22  3  9 23 11 17 34 30 16 10  -  -
  - 31  7  -  2 22  - 39  -  - 15 35  -  - 18  9  8 11 30 28  3 36  -  -  - 20 10  -  5 14 26 33 37 13 17  6 29  - 12  -
  - 32 38  5 30 34 22  -  - 31  6 19 23  -  - 11  -  7 24  - 36  -  -  8  1 17 26 20  4  - 40  -  - 29 21  - 39 14 18 25
 30  - 36 13 18  - 21 34 11 25  -  - 35  5  -  -  9 37 17  6  - 20  2 26 22  -  -  - 10  -  4 14 38 39 23 40 28 27 19  8
 20 27 10 22  - 11 34  3  -  - 23 17 16  4  -  -  - 18 25 21  -  - 33 39 28  5  -  - 12 37 15 31  - 38 13 26  -  6  -  -
 31  -  6  1  - 14 16  2 13  8  -  - 40 25  - 12 28 24  - 15 38  -  -  -  - 37 35  - 36 10  5 30  -  3  7  - 20  - 39 29
  -  1  3  - 24 25 15 11 18  -  - 27  -  -  - 28  4 35 40  - 22 14 38 19 20 33 34 13 23 36  2 17  -  - 32  - 21  - 30 26
 12 19 16 34  7 10 38 22  5  9 24  -  -  3  - 39 25 28 32 36 23 37 20 18  2  -  1 33 35  -  -  4  -  - 15 13  8 30 31 27
 13 29  2 40 16  9  - 28 20 12  -  - 33 21 37  - 39 19  - 35  -  - 31  - 17  - 18  -  8 23 36 25 26  6  - 11 38 34  4 30
