1120
  - 18 25 15 28  -  7 10 12  2  -  - 27 40 35  8 32  4 14  3  6 36 39 13 26 33 22  -  -  - 19 30 17 29  -  - 11  -  -  -
 16  - 36  7 39  9 34 27  - 14 26  - 13  -  - 24 20 10 17  - 32  6 30  5 12 31  3  1 18 28  -  -  -  4 37 23 19 38 40  -
  - 12  9 23  - 18 25 30 21 26  -  6  -  -  1 11  - 22  -  -  - 19  -  -  - 37  - 39  -  7  3 16 27  -  -  -  8  - 32  -
  - 21  - 32  -  - 31  3 15  -  -  - 12 18 14  -  - 30 35  5  -  7 16 29 10  - 17  -  1 39 13 27 11 40  4 25  -  -  -  -
  7  - 30  - 27 35 10 29 33  - 21 24 34  -  - 28  -  -  - 25  4 12  - 23  2  3  - 18  - 40 37  -  1 22 11  -  5 36  - 20
 10 27 20  1 31  - 23 13 25 16  - 34 28  2 30  3 36 21 11  9 26  - 33 15  -  8  - 37 29 24 12 14  - 18  -  -  4 35  5  -
  - 32  1 14  4 19 13 20 29 12 25  - 23 30  - 18  7  8  3  2 15  -  9  - 11  6  - 34 21 17 33  5  - 10  - 35 24 26 16  -
  -  -  - 28  - 25 21  - 32 33  4 15  7 11  3 34  - 36 10 13 29  2 26 16 19 14 38  8  9  - 24 37 39 12 30 27 20  -  6 17
 36 14 40  - 20  - 19  - 37 39 33 32  2  - 27  - 35 31 16  -  -  9  8 17 28 15 11 21 25  3  7 12 34  - 10  - 13  1 30 29
 38 33 10  3  -  - 37  9 17 20 36  - 14 12  -  - 39 29  -  8  - 18  - 26  -  7 16 28 15  - 34  -  2  - 27 30  -  - 35 32
  - 17 19 39 14  1 28 36 35  - 13  - 32 27 12  7  - 25 21 30 10 33  -  -  -  2  -  3 37  -  - 29 15  9 18  -  -  -  - 23
 31 29  - 27 15 28  -  -  - 35 38  9 39 21 19 16  3 24  -  - 33 10  2  - 23 40 26 14  - 32 17 13 18  - 20  -  -  -  - 11
  1  - 12 30 19  5 11 21 18  3  -  - 16 24  -  - 14  -  9 39  8  4 34 37 27 17 35  7  -  - 23 38  6 20 36  2 26 25 10 33
  -  -  -  9 16  - 29 25  - 18  6 12 37  -  - 15 17  - 30  1  7  -  - 14 40  -  - 10 35  -  - 19  -  8 34 26  2  -  3 28
 24 37 38 26  -  8 27 16 30  - 12  7  6  - 40 32  9 18  - 11 14 15  -  - 29 28 13 33  - 34  1 35 31  - 39  -  - 19 21  -
  -  - 11  -  - 34  - 31  9  8  - 16 10 19 18 39 26  - 36 29 35 14  4  6  - 21  - 23  2 38 32  -  -  -  -  - 28 33  -  -
  - 30 26 35 13 15  2  - 28  -  -  3 38 39 34  -  -  -  4 16 22  -  -  9 14 20  1  5 17 21 18 23 10 19 32 40  - 31  - 36
  - 35 15 11 10  - 38  2  -  -  - 39  - 34 28  4  1 33 29 40  5 30 12 25 16  - 36  -  - 19 20 26  8 37 31 17  - 32 24  6
  3  - 21 18  - 13 15 32  -  - 30 25 26  8  - 10 27 40  -  - 38 20 36  2  -  -  4  - 39 31  6  9  - 14 35  -  - 28 19 34
  -  - 17  2 34 20  5  - 40  6  - 30 18  7  - 26 24  -  8  - 27 21  - 19 36  -  9 22 38  - 16  - 13  -  - 37 33 39  - 31
 33 19  -  - 11 32 16 34 39 38  2  - 17 37  6 12 30  -  7  - 24 35 28  3  1  4  5  - 23  8 10 20 26 36  -  - 40  9 25 13
  - 34 16 31  7  2  - 38 14  -  - 40  - 25 36  - 37 17  - 26 11  3  1  - 21  - 18  - 19 23  -  8  4 30  5  9 22  - 39  -
 11 22 37 17  6 31  3 24 16  4  -  - 15 35  5  - 18 14 34  - 20  - 32  - 38 29 28  - 12 10  2 33 40  1 25  7 21 30 36  9
  2  -  - 37 30  -  8  -  - 10  - 17 35  -  -  - 11  -  1 28  - 40  - 24 32 22 23 19 33  4  5  -  3 21  6  -  - 14 12 25
 39  6  -  -  -  -  9  - 34  - 11 20  5 33 38  2  -  -  - 23 30 16  7  - 13  - 19 17 10  -  -  - 25  -  -  8 14  -  - 18
  6 24 28  -  2  3  - 26 31 29 14  -  4  5  - 30  - 19 27 22 17 38  - 39  7 34 32  - 11 13  8 18  9  -  1 12  - 37 23  -
  -  -  -  -  - 10  -  - 13 27  3 29 19 17  - 36  -  9 31 32 25 28 18 35 34 26 15 12  4  5 22  - 14 16  2 24 37 21  1  -
 18  7 32  -  -  -  -  -  4 21  -  -  1 38  2 25 28  -  -  -  3 24 22  -  9 30 29  - 27  -  - 10 12  - 13 31 34 11  - 15
 12  -  4  -  - 27  - 14 10 36 29  1  3 32  9 40 19 39 22  -  -  - 37  -  6  -  -  -  - 30  -  2 23 11 21  - 25 13  -  5
 23  - 34  4 38  7 22  - 20 11 10 31 21  -  -  6  8 35 39  - 13 37 40 12 30  -  2 36  -  9  - 32  5  - 26 18  3 16 15  -
  - 13  - 16  - 36 32  5 24 28 35  2  - 14 17  9 23 34  -  - 21 26 10 40 39 11  - 25  6 12  4  7 20  -  3  1 27  8 18 19
 34  - 29  -  - 37 20 19  8 24 18 26  - 31  - 17  2  1 25 35 39  5 11  - 33 16 12  - 30 15 14  4 36 23  -  - 10  3  7 22
 15 20  -  - 18  -  4  -  -  - 19  - 31 16 39 14  -  - 38  6 28 11  -  -  -  -  -  2  - 33  9 40 24 17  7 36 35 29 26 10
 20 36  -  8 40  - 17 28  7 15  - 33  -  1  - 21  5  6 23  -  - 31  -  4  - 38 37 35 26 22 39  3 32  2  - 19  -  -  9  -
  9  3  2 36 12  -  -  -  1 32  - 11 30 23 31  - 21 28 26  7  -  - 29 18  - 10  -  4  8  - 27 15 22  -  - 14  -  - 13 16
 26 39  8  6  - 12 18 23  - 40  - 21  -  9 11 35  4 37 28 31  -  1  -  -  -  5 10 13  3 14 38 36 16  7 17  - 32 20 34 27
  -  8  - 12 22  - 24 15  5  -  - 35 36 28  7 31  6  - 32 20  1  - 19  - 18 27 34 11 13 37  -  -  - 26 14  3  -  -  -  4
  4  2 23 34  1  - 35 40 22  - 24  5  8  - 37  - 10 38  -  - 12 17 31 32  3  9  -  - 16 25 30 11 28  -  -  - 36  - 20 14
 32  4  - 29  3 11  1 12 26  5 17 23  - 20  8  - 13 16  6 10  - 34 15 33  - 24 14 30 36  2 28  -  -  -  - 21  7 18 38 37
 17 40 18 10 32 29 14  7 27  -  5  4  -  -  -  1 22  2 33 24 36  -  6 21 20  - 25  - 28 26 31  - 19 34  8 11 16 23 37 12
