1120
  1 30 15  - 36 22 10 16  -  -  -  7  -  -  -  -  -  -  4 20 35  6 31  - 24  -  9 39 37 12  - 40  -  - 21  2 26  3  - 29
 25 36 14  -  -  -  - 20  3 40  -  6 35  -  - 34 29  2 21  7 19 17 13 16 30  - 27  -  -  1 11 37 23 22  9  - 10  - 18 28
  -  - 26  1 34  6 19  - 11 22 36 27  - 18 14  -  - 35  - 16 25 33 32  -  -  -  -  3 24  - 40  -  - 23 15 39  5 38 37  7
 28 11 19 33  1 38  5 29  7  - 12 10 16  -  4  -  - 26  -  9  - 14 30  - 39  - 24 23 22  3 32 20 15 25 13 27 18 21 36  8
  -  5  8 36  -  -  1 21 34  - 13 39  -  6 19 31 11  - 17 23 20  - 15  4 26 12 38  2 14 32 27 16  -  - 30  - 25  9  -  -
  8 16  2 26  - 29  - 40 27 35 25 21  7 23  - 14  6 24 11  -  - 37 10 20  - 32 30  - 31  -  -  -  4  -  5  - 19 13 33 36
  - 22 40  - 13 12 11 32 39  - 15  - 18 27 24 23  -  -  9 19 38 28 25  - 17  6  2 30  1  8 34  - 37  3 36 26  - 33  4 21
 10  6  -  9  5 26  - 35 24 25  -  - 20  3  7 12  - 31 18 32 28 27 23  -  2 21  - 37 29  4 39 15 33 40  - 14 22 17 16 11
 19  8  - 29  - 20 15 39 23  -  - 28 17 38 35  -  9  -  - 12 10  - 27  - 18 33  -  -  3  -  5 22 14  2 11 13 32  6  -  -
 34 12 27 30 19  -  - 18 29 10  -  - 32 31  - 25 40  -  -  - 21  - 26  9  5  -  6 15  -  - 14 36  -  4 37 23 11  - 22  -
 33  -  -  - 38 39 31 22  2  -  -  5 11 14 21  1 25  -  6  -  - 18 35  - 29 36  - 28 19 34  - 32 24 26 23 30 16 12  -  9
  3 15  - 23 25  -  -  1  - 27  -  - 37 35 16  - 36 32 28 22  -  - 29 31  -  9  - 12  - 39 30 26  - 18  8 11 33 34  -  -
  2 24  - 39 18  - 36  - 33  1 14 23  - 12  - 16 35  - 40 11  5 20 22  - 37 34  8 17  9 15 10 28  - 30 29  -  - 19  - 38
  - 17  9 37  7 18  - 11  1  8 28 40  3 20 12 19 24 36  - 21 15 34  -  2 22 14 13  - 38  -  -  -  -  - 27  5 35  4  -  -
  - 28 29  - 21 14  4  -  - 24 27  -  -  9 25  -  - 11  -  - 22  - 40 34  - 37 16 38 30 26 18  2  - 39  -  3 31 36 23  -
 39  2  4 28  - 15  -  -  -  5 34 25 26  - 20 24  1 29  -  - 14  7  8 30 27 10 11 22 21  - 17 13 40 35  3 37  - 31  - 18
 38  - 32  8 10  - 22 33 36 21  -  9  - 30  - 37 26 27 12  1  - 25 18  - 19  3 28 35  - 40  2  6 20 16  -  - 17 24 39  4
 12  1  3 34 35 23 29  9  - 31 26 14 38 39 10 27 28 40  - 13 33  -  - 15  7  2 32 18  - 20  -  -  - 36 24  - 30  8  - 19
 26 37  - 15 28  -  -  3 32 14 31 36 21  - 18  - 22 25 35  - 11  9 39 17 40  1  7 13  5  6 16 33 10 34 38 19  - 29 20 27
 13 25 10 27 15  5 20 26  -  7  -  - 12  - 11  8  2 16  - 35  1  - 34 39 36 18 14  -  - 19  - 29 21  - 28  -  6  -  -  -
  - 13 31 24 40 25  -  -  4  - 19 35 34  - 23  3 20  6 36 26 16 22  5 38 10  - 21  9 17 18 33  - 27  -  - 29  1  -  -  -
 14 26  - 19 20  3 24  4  -  - 29 33 31 22  5 18 13 34  7 37  -  - 17  8 25 40 35 27 28  - 23 38  6  9  2 21 39 30  1 15
  -  -  - 17  - 13  -  - 35 32  - 12 40  - 27 21  -  9 20 39  - 29  - 19 31 15  - 14 10  -  -  7 25  - 18  - 36  - 34  -
 11 27 23 21  3  -  6  -  - 30  -  -  - 25 36  4 39  5 29  - 26 32 16  - 20 13 40 31 12  2  - 17  7 19 14 10  - 28 38  1
  5  - 21  4  - 31  3  -  - 19  - 17 14  - 26  -  - 12  - 36  - 16 11 37 34  8 20 25 39 28  6 27 38  - 35  - 40 10 13 22
 21  - 16 22 23 19 14  -  -  2 17 11  1 37 32 35  -  8 34  4  -  3 20  -  - 27  - 26  -  - 38  - 30  7 10 18 29 25 24 13
  6 34  -  -  2  - 25 10  9 23 22  - 24  1  - 13 17  -  -  -  -  - 38 32 15  4  - 20  -  -  7 35  8 31 40  - 21  - 28 16
 37 33 22  -  -  2  7  -  - 17  - 18 39 21  9 10  8  - 19  -  - 15  - 25  1  -  - 40 13  - 31  4 32 27 20 35  -  -  6 24
  - 20  -  -  8 34  - 19 22  - 18  2 10  - 40 11  - 17 27 28 30  5 24  3 16 31 25  6 32  - 36 21 35  -  4  -  - 15 29 14
 20  -  - 10  -  8 38 17 18  - 21  -  6  7  2 26 15  1 32  -  4  -  - 24  3 22 29  - 16 30 37  -  9  5 12 36 27  - 40 25
  -  -  - 35 29  - 27 14  -  4 16 26  - 17 28 20 30 38 37 10 39 40 21 22 32  - 31  -  2  -  - 34  1 13 33 15  -  5 11  6
 15 29  - 12 37  - 33 27 40  - 20 38  9 36 31 22 32  4 13 30  -  2  7  -  - 11 23  -  -  - 24 18  3 21  1  8  - 14 19 35
  -  7 17 25 14 40  - 38  -  9 39 31  -  5  -  -  - 22 24 15  6 36  1 26 21 19 18  -  8  -  -  - 12 11  -  4 23  2  3  -
  - 39  - 20 26 21  -  5 17  3 11  - 36 13 33  - 19 15  - 31  - 30  9  -  - 38  1  7 27  -  -  - 29  6 32 25  - 16 35  -
  -  - 30  6 27  -  -  -  - 12 35  -  -  -  -  9  7 39  -  -  -  - 33  - 14 29 17 19 23 31  4  1 36 28  - 34  - 18  5 26
  -  -  -  - 11 36  - 25 12 15 32  - 22  2 38  - 21  - 26 24 18  8 14 10  9 28  4  5  6 37  1 19  - 20  - 31  - 27 17  -
 36 10  -  2 24 16 35 13  - 18  - 32 27 15  - 33  - 30  - 14  8 31 19  - 23 17 22 11  4 29 21 12  -  1 26 20  -  -  9  -
  4 31  - 16  - 32 39  - 19 36 23 34  - 10 30  -  - 13  -  5 24 11  3 27 12  - 33  - 18 21 29 25 22 37  -  - 20 35  - 40
  - 19 18 32 17  -  9 24 21 33  1 15  - 40  - 36 27 23  -  -  2 35  4 14  -  7  - 29 20  - 28  - 34 12 25 16  -  - 30  -
 27 18 38  - 33  - 28  -  -  - 37  8 25 29  - 15  5 10 31 40  3  1 12 13 11 16  - 21  -  9 19 24 39 32  -  -  4  -  2 23
