1120
 17 39 37 10  1 26  - 22  8 24 36  -  2 35  -  4  3  9 31  - 33  6 18 27 32 30  - 14 12 29  - 28 38 34 40 25 20 21  7 11
  -  - 17  -  - 19  - 34  -  -  5  -  - 14 40 33  - 18 15 12  7 10  -  -  -  -  - 24  4  - 35  - 31 16 28 30  9 13  3 38
 40  5 15 13 37 34 39  2 32  - 38 22 28 27 36 18  7  - 11 30 31  - 20  -  -  -  9 12 26 10  -  -  -  6 16 35  -  8 19 23
  -  -  - 12 39 11  - 16 34  -  - 10  - 19 14  - 32 35  6 33 36 40 15  3 26 13 31  8 23  5  9  2  - 38  - 17 24  - 27 28
  3 37 14 16  - 38  -  9  1 31  -  - 25 33 32 15 19 39 13 40  - 23 22 20 10  - 30 21  -  7 28  8  - 36  -  -  4 26  - 24
  -  -  4 30 18 39  6 25 23  -  7 11 29 12 20 16 38  - 32 14  -  -  -  - 36 34 19  9  -  8 33  - 28 22 15 13  3  2 31 17
 13 31  9  -  8 10 38 28  - 11  - 37 35 23 30  - 21  -  7  1 27 14  -  - 19  - 32  - 36 12 15 24 29  - 26  -  - 39 16 40
 22 33  -  -  - 28 11 14 20 15 35  1 21  7  - 34 17  3 29  9  -  - 39  -  2  4 16 19  -  6  -  5 13  - 23 26  - 12  - 10
 16 14 26  7 30 12  - 31 36  -  - 39  - 10  - 13  -  - 27  4 25 33 19  1 18  9  8 29 34  2  3 38 37  -  - 32 35 28  - 22
 12  - 24  6  - 40 10 17  -  -  -  9  - 29  8 31 26 36 30 20  -  1  - 16 22 27 39  7  3  -  5 32 34  2  - 15  - 18 35 25
  - 20 22 35  - 24  3 40 25 21 18 32  -  -  - 17  - 12  - 28 16 11 37  - 30 36 29 27  -  -  4 31  - 14  9 10 39 34  8 26
 37  - 34 40 13 35  - 36 26 38  -  - 16  - 10  8  -  6  - 18 12  -  1 15 33 39  -  - 20 14 29  4 24 28 30 19 22  7  5  -
 35 29 38 32  2  - 36 39 14 34 30  -  -  - 13  - 40 20  1 10  -  3  -  - 28  8  7 33  -  - 26 17 27  - 22 37 23 19  -  -
  -  2 30  -  3 15  -  7 16  8 25 13 23 31 17  - 24 38 33  5  - 26  4 37  -  6 10  - 14  - 22  -  9 27 29 40 28 36  -  -
 26  -  -  - 16 14 34  -  - 20 19 28  1  -  4 36  -  -  - 27 13 25 30 18 24  2 40  -  -  -  -  6  -  -  5 38  -  - 29  -
 31  - 35  - 29 33  -  -  5  4 16  2 11  -  9  - 28 24  -  - 22  -  - 12  1 18 25 13  -  - 19 26 39  - 32  7 36 40 15  -
  - 30  7 23 35  4  - 26  - 22 40  -  -  6 15 21 10  -  2 36 29  9 16 28 27  -  -  - 25 37  8 12 14  1 39 24 11 20  - 33
  - 21  - 36  6  -  - 38  - 23  - 15  - 26  3  5 31 28  9 29 32  - 13 14  -  -  4 35  -  -  1 20 10 24  -  - 40  - 12  8
  4  -  - 11 25  - 19 30 28 16 12  -  - 13 29 26 14  -  -  -  -  8  - 34  - 40 24 10  5 38  -  -  7 31 33  6  1 37 32 36
 29  -  2  9  - 16 28  3  7 30 15 21  - 38 26 24 23 32  - 25  - 12 36 31 13 33 35 20 11  1  6 27 19  8  -  - 34 14 37 39
  8 36 19  4 40 18 31 35 38 25  1 12 26 20 34 23 30  -  3 13  -  2  -  9 37  -  -  - 29 39 11 10 17  -  7 28 32 24  6  5
 10 38  - 19  -  -  4 29 15 35  3 20  - 39 33  -  -  1 25  -  - 18 24 26  -  -  6 31 16 40 30 34 32 17 21 36  5  -  2  -
 15  8 12  - 11 31 23  - 27 14  - 30  - 21 39  -  -  4 36  - 17 35 40 25  6  - 37  3  - 26  7 13  -  9  2  5  - 16 22  1
 27  1  - 17  7  -  -  8  - 39  - 36 24  - 16  - 18 15 28  2 20 22 34 38  - 11 33 26 30 25  -  - 12 21  - 23 19  -  9 14
 11 10 29 28 34 13  -  1 19 33  9  4  - 36 12 40 25 37 24  -  - 27  - 39 23 20 18  - 35 21 16 15  -  3  8  -  -  -  -  -
 32  -  -  -  - 25  -  4 35  7  -  - 27 22  2 30 39 10 12  8  3 13  - 19  -  1  - 11  9 15 17  - 40 26  - 16 14  - 38 18
 24 13 10 29 21  3  1 23  6  - 17  - 38 30 37 12  4  -  - 34  9 16  -  -  - 35 36  - 33 20  - 22  -  5  - 39 26 15 18 32
 20  - 39 18  - 29 17 33 37  2  -  -  9  - 35  -  1  -  4 26  -  -  5 22  - 10 13  -  - 24 40  7  -  - 11  - 21  - 23  3
  -  - 18 27 20  2  8 21 10 26 32 23 40  9  5 22 34 30  - 38  - 24 12 13 25  7 15  6 17  - 39 35 16  - 19 29 33  3 28 31
 21 19  - 26  -  -  -  5 12  - 27  - 18  2  1  -  9 31 16  3  -  -  6 36  8  -  -  - 32  -  - 11 15 39 34  - 10 23  4 20
  9 24  -  - 23  -  -  - 39 28 22 31  8  -  -  -  -  - 35  -  - 36  - 33 34 19 38  2  -  -  - 40 26 13  3 21 18  6 30  -
 39 18  -  - 14 37 29 24  - 17  -  -  -  - 27 38 22  -  - 16  -  - 26  5  - 12 20 15  -  3  - 25 11 32 31  - 30  4  -  -
  6 12 36 15  -  7 20 27 22  - 26 25 10  - 24 28  8 16 17 37  -  - 38  - 35 23  2 39  - 34  -  9  4 40 14 11 31  -  -  -
  - 28 31 25  -  -  -  -  3  9 10 17 39 24 38  1 11 13  -  7  - 15 29 23 16 21 22  4  - 32  - 30  6 35  -  8  - 27 40 19
 18  - 16 14 17 27 24 13 33  -  - 38  -  4 31  - 35  - 23  - 30 39  -  -  - 26 12  - 37 22 36 19  - 29  -  1  -  - 11 34
  2 25 21 24  -  - 16 20 13  - 34 27 30  -  -  - 12  8 26  6  - 32  -  -  7 14 11 38 31  -  - 39 33  -  -  3 15  - 36 29
 28 27  -  -  -  - 13 12  -  -  - 34 33  -  - 10 36 25 20 11  6 30  -  7  - 32 21 18  2  4 23 29 35  -  - 31  - 17 14  9
 33  - 27 22  - 36 35 11 40 12  -  - 34  3  6 39 16 23 38 15 10  5  7  -  9  - 26 30  -  - 21  -  -  - 25  -  - 32 24  2
  -  7  -  5 15  - 12 19 30 18 24 26  6 34 21  2 20 29 40 39  - 17 31 35  - 37  3 23 22  -  -  -  - 10  1  4  8  9  -  -
 30  6 32 38  4 23  - 15 11 10 37 24 19 17 28 35 29  - 14 22  2  -  8  - 40  5  -  1 39 18 34 33  3  -  -  9  -  - 26 16
