1120
  - 24 39  -  5 37 15 23  - 13 22  - 21 14 20 25 16 30  - 12  - 26 33 29 31  2 10  - 27  4  7 40  -  - 11  -  3 34 36  -
 10  - 37  -  4  -  6 39  2 29 38  - 32  1 23  -  -  9  - 27 28 31 17  - 36  - 33 35  5 13 15 12  -  8  - 16 30  3 25  -
  -  1 36  3  9  - 16 11 14  - 19 12  7 33 13  - 34  - 18 25  -  - 40 37 32 29 30 31 20 21 17  5 38 26  -  4 24  6  - 23
  -  -  8 33  -  1 39 13 24  - 15  -  5 30 22 28 27 17 20 26  - 25  -  -  6  9 21 29 32  7  2  - 10 34 37 38 40  - 23 12
 31  -  - 27  8  2 13  -  -  6  - 15 37 28 10 29 35 18 12  3  - 34 30  - 14 32 38  -  -  1 19 20 23  - 36  -  -  -  -  5
  2 20 38 14 11  - 18  -  - 30  - 40 29 12  - 17  - 33 39 37 15 22 13  -  - 35 32 28  -  5  - 19 36 16  8 10 31  9  6 21
  -  2 40  5  - 23 19  -  -  -  - 18 12  -  3 33 28 36 30  6 10 29 38 15  -  8 11  - 25 27  4  - 26  -  - 14  - 20 31 17
  -  - 22 39 19 27  -  3  - 17  5 32 18  -  7 37 40 23  - 35 20  -  - 12  -  -  -  1  - 33 24  -  -  - 31  6  4  2 13 36
  - 31 25 36 39 15 10  - 18 16 29  -  6 13 21 32  9  -  2 28  - 30 12 20  - 19  -  5 40 11 23 14 35  - 17  -  -  -  - 24
  - 19  - 34 30 32  -  8  - 21 17 37 27  - 18 16  -  -  3 15  - 39  -  - 11 24  - 40  - 38 10 35 22  1 12 33 13  -  9 14
  - 26 13  - 18 33 21 31 28  -  - 10 17 19 29 22 36  - 25  8 38  2 27  -  - 16 35 34  - 24 30 39  6 37  5  7 20 32  -  4
 20 25 11  8 23  - 33  - 15  - 18 31  - 24 12 34  -  - 40 10  5 21  - 19  9 17  -  -  6 26  -  -  - 27 38 29  - 14  -  -
 14  3  - 18 32 17  1 37 23  -  - 11 28 35 19 38 13 16  -  -  - 20  -  7  8 30  5  9  - 39  -  -  -  - 15 22 21 25  - 40
 13 16  5 19 37 22 24 40 34 18  6  -  4 39  -  -  8  -  -  - 25  9  -  - 20  3 28 27  -  -  - 17 14 15 32 11  - 21 26  -
 21 35  -  - 12 18  -  2  9 24  7  - 33  - 26  - 22  4  - 38 14  8 11  - 19 36  - 15 13  - 20 23  - 29 16 28 34 40  -  1
 32 30  1  - 15 11 31 36 33  8  -  - 22 38  - 21 39 19 34  9  4 17  -  - 26 37  -  -  2 29 18  -  7 14  -  -  -  - 35 10
  -  -  - 16 13 20 11  5  -  - 36 17 34  - 33  - 19 38 32  - 40 27  3 30 35 26 24 39  - 14 25  1  - 10 23 15  - 29 21 18
 12  6  3  -  2 36 22 10 35  - 26 16 40 37  -  4 15 14  7 33 27  -  -  -  -  5  -  -  -  - 34  -  -  - 18 23 32 13  -  8
 17  - 10  2  - 14 37  -  4 31  - 38  - 11  -  9  7 32 28  5 23 13 15  -  - 40  - 24 30 19  -  -  - 12 25 34  6 26 29  -
 40 13  -  -  -  -  7  6 17 22  - 19 39 23  -  - 11 24 33  -  -  4  -  9 37 25 15 21  -  -  - 18  -  -  1 26 36 31 16 27
  5  -  -  -  - 35 32 27 30 25  - 26  9 22 39 24  -  - 13 36 33 23  - 34 18  -  -  4 19 28 37 21  - 17 29 20  2 16  - 38
 39  8  -  9  - 38  2 12  -  - 33  7  - 15 17  1  -  -  -  - 37  - 29 35  - 22 16 26 34 23  -  -  - 32 10  - 28  - 20  -
 28 34 19 24 38  -  5 32  - 23 25  1  8 18 27  6 29 39 37 21  9 10  - 26 17  - 20  - 15  -  - 22 33  7 40 30 11 12  -  2
  -  - 30 21  -  6 36 20  7 34  3  9 16 17 28  5 32 11 19 31  -  -  - 10 25 15 29 23 33  - 38  4  -  -  -  -  - 39 40 13
 16 23 24  -  1  3  -  9  - 20 28 34 10  - 36 19 26 25  5 29  - 12 22  -  -  4 18 38  - 32  - 30  - 31  - 40 33 37  -  -
 23  -  - 29  6  - 30 22  -  - 31 35 13  - 25 26  4 15  - 20  3 33  - 11 39  -  -  -  - 18 40  9  1  -  - 17 14 24  - 37
  - 40 14  -  - 16 29 19  - 12  - 39  1  4 31 36 21 34  -  - 17 32 24 38 22 20  -  - 18  -  9  7  5  6  - 25 10  - 28  3
 37  - 17 30 20  -  9 25 32  -  1  -  - 21 15  3  2 29 35 39 12  -  - 40 33 27 14 18 10  -  - 31  - 36  6 24  5 11  8 26
  7 22 20 38 14 34  3  -  - 36  - 23 19  - 16  2  -  1  4  - 29 28  -  8 21 39  -  - 31 12  -  - 30 13  9 37 35 15  - 33
 24  - 34  - 28  -  - 29  - 26  -  - 38 40 11  - 18  7 22 13 16  5 37 32  3 31 39 12  - 20 14  - 19  -  4 36 17 30 27 15
  -  - 27 12 25 29  - 35  - 11  9 24 31 36  - 20  - 26 14  -  -  1  -  2  4 28 37  - 39 17 21 38 18  5  -  - 15  - 33 34
  - 38 16 11 10 30  - 18  -  2 40  8 20  - 37  - 17  5 23  - 13  -  - 36 28 21  9 22  -  6 27 15 32  -  -  - 25  1 19 31
  -  -  -  - 22  - 23  -  -  4 34 20  -  - 35  8  1 10 24 17 18  6  2 28 38 11 40 13 16 15 32 33 37 30 19  3 29 27 12  9
  -  9  - 13 17 26  - 30 31 35  2 36 15 32  5 11  - 22  - 18  6  7  - 24  - 23  - 37 38  - 29  3 16 33 28 19 27  8 34 20
 38 37 18 23  -  9 26 28 39 15 20  - 35 29 34  -  5 21  - 19 36  3  1 16  - 10  -  2  - 30 11  8  4  -  -  - 12  7 32 25
 18 32  - 26 31  7 34 38  6  -  4  -  - 25 14 15 30 20 27  - 24  -  - 17 29 33 12 19  1 16 39 37 21  -  2 13  8 10  -  -
  - 12 33  - 29 10 17 16 11 28 39  -  -  - 32  - 20  8  1 34 19 14 21  -  5 18  -  -  - 36 13  -  - 24  3  -  9 38 37  7
  -  -  2 40  -  - 27 15 16  7 11 33 26 31 24 13 38  -  - 23 30 37  9 39  1  -  4  - 35  - 22 10 28  - 20  5 18 36 17 32
  -  -  -  4  7 24 28 34 22  5 10 27 11 20  8  - 12 13 38 32 21 35 18  6 40  1  -  3  -  9  - 26 25 39  -  2  - 17 14  -
  - 28  9  - 26  5 20  - 10 40 13  -  2  8  -  - 33  3 15 16  - 19  4 31 23  - 34 32  - 25  -  - 24 18 27  - 37 22  -  -
