1120
 28 32  - 31 20  - 29  -  4  - 33 11 26 14  -  -  - 19  3  9  - 16 34 37 23 27 17 13  6 40 39  - 15 30 36 10 38 21 25  7
 40 19 15 21 36  1  7 26  3  - 34 28 30  - 32 37  -  - 35  - 24 10  -  6  - 38 31  9 39 29 12 22 13  -  -  2  - 18  8 16
  - 23 24 29 28  -  5  -  - 39  - 25  - 12  - 32 11  - 31  - 20  7 33 13 34 26 10  4  - 30 38  - 18 35  -  -  - 22 21  -
  - 17  7 36 35  - 24 12  6 31  5 10 25 32 21 34  - 13  - 27 23  - 38  -  - 14 18 16  9  - 15  - 28 29  4  - 20  - 30 37
 23 12  - 16 24  2 39  3 28 13 30 21 40 35  -  - 32 25  - 34 17  -  - 27 15 19  - 31 36  4 37  9 14 18  6  -  - 38  7 33
 33  - 11 32  - 19  -  - 17 25 28  -  8  -  - 14  7  4 21 31  -  9 24  1  6 20 16 10  - 23  2 34 38 15  - 29 30 13  - 18
  -  -  2 35  6  - 14 30 16  9 23 29  - 15 13  -  - 40 17  7  4 34 25  - 38  1 33  - 27 22  -  3 12 24 26 18 32  -  -  -
 21 13 30 27  -  6  8 24  9  -  - 16  1  5  - 17 23  3  -  -  - 15  7 22 18 31 36 32 35  - 25  - 40 39 11 12 10 29  -  -
  3  - 37 23  - 25 16 38  - 17  -  - 24 33  - 40 26 10  -  - 28 27  -  -  -  8  - 22 34 18 36  5  2  - 35 13 31 15 12 39
 13  - 26 10 38 21 20  -  - 34  8  - 39 24  -  3 31 37  4  -  -  -  - 23  -  6 25 28 16  9  5  - 17  - 18 30  1 27 40 22
 34  - 10 12 11 27  -  -  7  -  4  -  5  -  -  -  - 14 15 38 33  -  -  -  -  - 24  - 25  2  6  - 22 31  -  - 23  1 39  -
 25 27  - 22 21  - 34  7 19  6  - 26 10  -  -  - 29 17 32 35 15  -  -  -  - 30 40  -  5 33 16 24 20 36  - 31 37  9 14  3
  6  - 17  - 29  - 15 19 11 21 24  4  - 27  1  - 40 33  - 28  - 30  9  -  3 35 20  - 10 26 22  - 37  -  2 23 34 32  -  5
  -  - 36  2  4 32  9 39  1  -  -  - 17 22 11 19 14  -  -  -  -  - 40  -  -  - 12  - 38 37 13 27 26  5 10  8 25 16  6 29
  - 33  4  3  2  - 40  8 12 16 29  -  - 19  - 30  -  -  1 24 26 36  - 11 37 23  -  6  - 32 34 13 35 38  -  - 21 20 31 10
  -  2 25 28 16 29 30 18 40 14 31 13 36 38 27  -  1 26  - 11  8  -  3  - 22  -  9 35  7  - 23 33  5 20 34 24 19 17 32 15
 19  6  5 11 10 20  - 13 27  3 36 15 37  -  -  -  -  -  -  - 38 29 28  4 31  -  -  2 21  - 14  7 25 33 32  -  9 40  - 26
  - 38  -  -  -  -  - 35  2 29  1 30 33 39  7 25 37 34 11  -  9  - 16  - 21  - 28 12  -  - 31  -  -  - 23 15 40 36  - 19
 22 10  - 13  - 28  -  -  -  - 32  7 11 29 18 33 24  2 19  1  6  - 37  9 36 17 26  8 30 15  3  - 34 14 31 39 12  -  5 21
  -  - 13 19  5  - 21  -  -  4  - 27 31 37 39  - 36 22 25 23  3 28  -  -  - 11  1 17 12 38  -  - 10 16  -  -  8  7  -  -
 30 26 33 18 15  - 38 34  - 37 12 19  - 16  - 10  6  -  8  - 14  - 22 31  - 24  -  -  -  5 11  1  -  7 40  4  - 25  3  9
  - 31 18 20  7 12 28 40  - 11 22  2 34  - 25 27  8 16 29 30 13 24  4 32 35 37 39  -  -  -  -  - 33  -  -  -  5 19  - 38
 10  4 27  6 39 24 17  - 14 36 19 35  - 31 12  -  - 18  -  - 21  - 26  5 33  7  - 20 13 25 29 11  - 32 38 22  - 30 37 34
 17 22  - 15  9  4 12 14  -  1 26  - 35  2 33  - 27 21 34  5 10 25 23 36 39 32  3 30  -  8  - 38 16 28 37 40 11  6 13 20
 16  - 20 25 19 18 27 29 37  - 15 12  9  7 38  6  - 28 40  - 30  4  - 21  - 13  - 26 33 17 35  -  3  - 24  -  -  - 11  -
  - 36  -  - 33 34 13  9 39 30 37  1 21  -  8 20  - 24  2 17 40  -  -  3 10  5 14 23 26 16 18  - 29 11  -  6  7 12  -  -
 29  1  - 34 32 10 31  4 22  2 38  8  3 21  9  - 13 36 12 15 11 33 17  - 40 16  - 37 20 27  - 39  -  - 14 35  - 28 26  6
  -  -  6  - 37 33 35 22  - 20  -  5 38  -  -  -  -  1 10  - 34  -  -  -  2  - 23  - 28  -  - 18 11 13 29  9  -  3 24 30
 24 40 31  - 13  - 33  - 25  - 27  - 22 30 23  9  2 32 36  -  5  -  - 29  4 18 21 15  3 19 26  -  6 12 39 28 17 34 20  1
 32  -  9 37 40 13 11  - 21 18  6 24  -  8 16 38 19 12 27  2  -  - 15  -  -  - 34 25  -  - 20  -  7 22 30  -  - 10 35  4
 12  9 28 40  -  - 19  -  -  5 16 23 20  - 31 11 34 30  - 22 29 18  - 38  -  -  -  -  -  3  1  - 24  6 33  - 36 39 17  2
 27  - 14 24 34  -  -  5 31  -  -  -  4  -  6 23 30 38 37 19 16 21 12 33 29  -  8  - 11  -  - 28  9 26 13  - 15  -  1 35
 14 37 34 17  - 31 36  2 33 28 40  -  7  3 22 13  - 29 26  -  - 38 18 35  5 15  4  - 32 20 27 10  8  - 12  - 24 23  -  -
  - 28 21  - 17 30 10 25  - 38  - 32  - 11  -  - 22 20  9  - 27  5  - 16 12  4  - 24  8 13 33  - 31 34  7  - 26 37 15 14
 20  - 38  9  -  -  3 27  - 26 13 40  2 36  - 15  -  7 39 10  -  1 29  8  - 28 22  -  -  - 17  4 21 37  -  -  -  - 33 12
 15 14 39  7 25 22 26 32  -  - 10 31  - 34  - 21 38 23 33 18 36 12  - 20 28 29  6  3  2 24  - 37 19  -  1 11  - 35  -  8
 18  - 16 33  3  -  2 17 35 10  7  - 29  1  - 39  -  - 28 25 37  - 14  - 32 40  -  -  - 31  4 30 23 21 19 34 13 11  -  -
 11 24 40 26 23 37  4 10 13  -  -  - 27  -  - 36  -  - 38 20 22  6 19 30  - 34  - 14  1 39  - 25 32 17  -  -  -  -  2 31
  8 18  3  5 22  -  1  - 36 35 39 17  6 20  2  -  -  - 24 40 25  -  - 34 30  - 29  7 37 12 32  - 27 10  9  -  -  - 23 13
  4 20  -  -  - 38  6 16 10 24 11 14 15  9  - 12 35  5  - 13 31 32 21  - 27  2 37  - 22  -  7  - 39 40  - 17  -  8 29  -
