1120
  -  - 32 11  - 40 37  -  - 34  - 19  - 22 33  - 18 17 30  -  -  -  3  -  -  - 38 14  - 20  -  -  - 29 39 23  -  - 36  -
  -  4 39 34 22  6  - 32 10 29 23  -  - 25  -  7  -  -  -  - 16 28 37 35  -  -  - 12  -  -  9 33 19 31  - 30 13  3 38  -
 15  -  1  - 10  -  - 40 11  6 14 22  - 33 27  3 31 29  -  -  5  9 39  -  -  - 23  - 32 28  2 17  - 18 25 16  7  -  8  -
 28 40  8 36  - 20 24  6 23  -  2  - 18  7  -  -  4 26 38 30 11 33 31 14 39 25  - 16  9 29  3  -  - 19  - 15 22 37 35  5
 18 21  - 38  - 29  6  - 33 20 39 13  -  8 19 30 25  7 36 23 17 31 40  -  - 16 24  1 12 26 37  3 22  4  2 28 11 14  5 32
  -  1  -  9 15 30  -  - 25 33  3  - 35 37  7 20  -  - 22  -  2 11  -  -  5  - 16 38 29  4 32 39 23  -  6 19  - 18 40  -
 25  - 21  7 28 17 26 24 20 13 34 14 32 12 22 38 19  2 27 29  - 10 36 23  4  - 15 33 35  - 31 40  -  - 37  5 30  8  - 39
 39  - 25  -  -  -  2  7  -  - 22  4  5  -  9  - 10 20 16  8  - 19 27 36 32 33  3 34  - 12 29  -  - 28  - 17 14 15 18  -
  -  -  - 28  - 32 13  -  - 25 19  - 22 10 20 26 27 15  - 35 30 36  4 39  7 40  8  -  6 14  5  2 29 37 34  1 18 21 31 38
 37  9  6 33 29  - 14  - 38  -  7  2 34 28 24 36 17  - 35 18  8 27  -  3  -  5 19 39  - 32  - 21  -  -  - 20 26 10 23 25
  6  - 12 23 19 37 35 31  9 16 10 29  2 32  3 27 22 39 40  -  4  - 13 24  -  - 18  -  -  8 14  - 36  - 26 25  5 30  - 34
  - 28  2 27 31 22 33  -  - 40 24  1 14  -  -  - 39  - 18 12 20 35  -  -  - 13 10  5  -  -  6  -  - 23  -  9 29 34 15 21
  5 18 23 14  -  - 32 36  - 28 29  - 17 11 26  - 20  -  - 40  1  3 38  -  - 12 25 10 13  9 27 16  6  -  - 21 19  2  - 24
 29 30 27  - 25 19  -  8 16  -  - 11  - 18  4 31 21 14  -  - 12 22 10 40 37  6  2 28  7  - 17 38  5  - 24 26 35 32  1  -
  -  - 11  6 40 33  7  5  - 12 38 18  -  -  -  - 15 23 20  - 32  - 35  -  -  - 29 26 39  1  - 30 34  3 10  8 27 24 22 14
  4 39  - 17 18  -  - 10  6 30  -  -  -  -  -  -  7 22  5 32  3  -  9 27  - 11 14 19 25  2 34 20  8 35  -  -  - 16  -  -
 11  -  - 19 32 24  -  -  8 10 13  7  -  6  -  -  2 21  - 25  - 40 30  -  -  3  1  - 26  5  - 27  - 34 16 37 17  4  -  -
 36 31  5  4  9  7 10  - 34 18  - 33  - 21 25  - 14 37 13 20 28  - 17 29  - 19 12 15  - 35  -  6 40  8 32 27 24 39  - 26
  - 29 34 22  -  5 20 23 13  -  - 21 16  3  - 37 30 12 32 26  - 39  -  1  9  4  - 17  - 27 24  - 15 25 11 18  2  7 19  8
  -  - 26 24 37  - 18 17 22  4  1 30  - 31 29 12 23 10  -  9 39 20  5  6  - 38 28 35 40 11  -  - 25  - 19 14 33 36 32 15
 13 27 31 29  -  3  8  -  - 37  4 36 12 39 10  9  - 30  - 38 22  5 34  - 14  7  -  -  1  -  -  - 35 26 18  6 25  -  - 23
  - 35  - 40  1 14 27  4  2 11  - 12  7 36  - 32 13  5  -  - 18  -  - 34  6 28  9  - 10 16 38 22 33 39 21 31  - 26 25 17
 33  -  - 16  -  8 36 25  - 15  - 28  1  -  -  -  - 35 19 37 26  - 32 30  - 31  - 29 14  - 12 24 13 27  - 11 38  9 10  3
 31 33  7 13 39 23  9 18  - 17  - 38 19  -  -  - 16 11 37  5  - 21  2 12 40 30 32  - 15 34 36 14 27 24 35  - 10  - 28  4
 12  8 28 39 36 16 29 13  - 32 33  - 24  - 11 19  -  3 10 15 34 38 14  - 30 22 31  -  - 25  - 37  7 17  -  -  -  5 21  2
 20 10 36  8 17 15 16  -  5 26 12 32  9 35 37  4 40 34  6 19  7  -  - 31  -  - 11 25 24 22  - 18  - 38 29  - 21  1 27 30
  8  - 18 20  - 36 34 12 29 19  5  - 28 17  - 22  - 32  - 39 40 26  6 11 38 15 35 37 31  - 25  4  2  1  -  -  - 27 30  7
 16  - 15  -  5 35  - 38  3 21  - 40  - 27 32  -  -  9 39 13 19 14  -  - 31  -  4  -  - 10 26  1  -  7  8  - 34  -  - 22
  -  - 30  - 12  - 23 16 27  3 32 25  - 19  - 17 11 36  - 10  -  4  8  - 33 20 40  - 37  -  - 29  - 15 14  7 28 38 24  -
 10 16 19  1  4  -  - 27  -  -  -  6 29 24  5 34  8 40 21  7 14 15 11  - 17 18 33  - 23 13 28 25 37 32 36 12 39 20 26  9
 23  - 35  -  - 28  -  - 19  - 18 15 40  1 36 39 32 38 14 22 29  - 21 33 27  8 17  6  5  3 11 26  -  -  -  2 16 31 13 37
 30 20  - 32  2 18 12 14 39  -  - 37  6 26 35  -  - 31  1  4 33  -  -  7  - 29 36  - 27  - 10  5 17 40  -  -  9 11  3 16
  -  2  - 30 27 21  -  -  -  8 20 10 23 38 13  5  3  1 25 16 37 32 15 18 22  - 34 24  -  7 19  -  9  - 28  4  - 40  -  -
  1 14 16 26 11  - 21 37 28 36  6  - 25  -  -  - 34  -  3  -  -  8  - 10 13  - 27  - 33  - 20  - 32  5 30 24 40 35  7 29
  - 11  4 37  - 25  - 28  7 23 36 34  - 14  - 33  5 13 24  -  -  - 20 38  - 27  -  2  - 30 39 10  - 16  - 32  -  - 17  6
 38 32  - 31 20 13  - 22 24  2 27  9  - 16  - 14 29  6 26 28 21  - 23  5  - 35 37  -  8 33  7 15 18  - 12  3  4  -  -  -
 24 19 20  -  8  -  4 26  -  - 16  5 31 15  - 11 35  - 29 21  -  6  -  9 36 32  - 13  - 37  -  7 10 22 40  -  3 23 34 12
  -  -  - 25  6  9 19  -  -  5  8 17 10  - 40 13 36  -  - 27 31 30 29  -  -  2 26 11 20  -  -  -  - 14 33  - 15 22  -  -
 27  - 17  -  -  - 22 29 40  9 25  - 39  5 30 24  - 18  2  1  - 23 26 16 19 10 21  -  - 38  - 35  3  -  -  -  8 28 12 11
 22 26 29  2  3  -  - 15  -  -  - 23 20 34  1  - 12 28  7  - 13  -  - 25 16 39  - 21  -  -  8  9 38 33 27 40 32  6 14 18
