1120
 35  - 39  - 25  4 28  8 11 12 37 18  -  -  -  -  - 33  -  - 19 10 23 30 29  3 40 26  -  -  -  1 38  9 32  - 17 13  - 20
  - 28  - 34 10  1  4 25 30 20  8 23  7 24 33  - 13  9 26  6 12  -  5 29 38 17  2 19  -  - 15  -  3  - 39  - 14 37 22  -
 40 13 36 32  9 23  2 16  5 38 33  4  - 15 27 37 26 24  3  -  - 19 22 35 21 31 30  8  1 28  7  - 29 34  6 11 10 12 25 18
  4 25  -  3  -  - 15  9 12 31 35 30 10  - 13  - 36 34  - 28 21  8 27  7 20  2 14 22 16  5  -  -  -  6 18 23 33 40 26 38
  - 14 37  1 36  -  - 15 22  -  -  -  - 35  - 34 31 18  7  -  -  -  - 13 25  4  9  - 38 27 20  -  8  - 26  - 21  -  3 29
 23 36 17  -  1  -  9  - 26 22 18 27  -  7  3  6  8 35 14  4 15 38 29 40 34 13 39 33  5 10  -  - 16 37  -  -  - 21 31  -
 16 30  1 13  -  - 23  - 39  - 24 22  -  - 21  - 15  -  5 12  9 34 31  6 40 27  -  4  - 14 35 18 19 26 17  - 25 10  -  7
  7  -  - 30 11  - 12 35 36  -  4 15  -  - 38  1  - 29  - 17  - 26  - 32 27  5 21 13  - 39 16 20 18  - 37 40  3  - 33  8
  - 26  9  7 23  - 30  3 14 24  -  8  -  5 36 10  - 25  -  - 29 21  -  - 19 38 20 37  4  -  -  - 17 12 31  1 40  6 34 16
 28 10 23  4  - 34 29 19 40  -  - 31 18 38 35  9 25 11 20 14 26 37  -  -  - 16  1  -  2  7  - 12 39  5 15  -  -  - 27  6
 15  4 10 22  -  - 21 38 37 16 36 20 11  -  -  -  -  - 23  2  -  6 30  - 17  -  -  -  -  3 31  - 33 32  8 25 19  -  - 12
  -  - 34 24 38  - 25 33  - 19 16  3 37  - 26 27 12  -  - 15  - 13 18 39 14  -  - 32 40 22  -  9  - 35  5  -  4  7  1 23
 29 27 20 21  4  7 31  2 34 18  - 12  1  - 37 33 40  5 38 39 17 30  6  -  - 15  3  -  - 16 22  - 35 28 36  8  - 19 13  9
 14 19 18 17 32 12 20 11 31  -  - 29 40  -  7  2  1 30 34  -  - 22  - 26  4 37 24  - 27  -  - 10  - 15 21  9 28  - 36  5
  9 17 31 35  7  - 33 37 25 28 22 34 16  - 40  - 18  - 32 24 38 23 21 27 11 20 10  5 19  4  -  - 26 39  -  2 29  1  - 13
  - 15  -  8 17 33 26 30 38  - 31 21  - 11 25  - 29 19 12  -  -  -  3  - 23 40  -  6  -  1  -  - 10 36  7 18 32  -  - 39
 37 35 12  -  - 29  -  - 23  -  -  1  - 19  4  3  - 40 15 26  5 17  8 28 33  9  -  - 30 18 11 36  - 21  -  - 16  -  - 22
 27 23  3  - 21 11 39  -  9  - 29 32  6 12  5  -  -  -  - 22 30 31 25  - 16  1  8  -  - 34 40  2 24  -  -  -  - 38  - 37
  -  3  5  -  -  -  1 12  8 11 30  7 35 25  -  - 16 10 21 19 20 28 40 18 15 33  -  -  -  -  - 26  2 27 24 17  9  - 32  4
  -  9  6 11 18 16  -  -  - 30 20  - 27  - 19  -  5  - 37 23  1 25 33 22  - 35 29 24 12 21  3  -  - 10  4  -  2 31 15 40
 30 18 24  -  - 20  3 28 16 21 34 39 23  -  -  7 19 26  - 10  6 12 15  -  - 22 36 17  - 33  5  -  -  - 40 35  1  - 11 25
  2  -  -  -  - 26 10 31 24 14 32 16  - 22  -  -  - 17  -  5 35  -  7  -  1 25 34  3  8 12  - 40 30 13 29  - 36  -  -  -
 38  -  8 28 13  -  6 10  - 17  5  9 26 14 20  - 33 22  - 36  - 29 19 16  -  -  - 23 24 32 27 30 21  -  -  - 18 15 35  -
 20 33  - 40  -  - 16  4  - 36  - 35  5 18 32 14 38 39 11 30  -  9  -  - 31  - 37  1 21 24 10 27  - 17 23 22 12  -  8  3
 13 24  7 15 26  - 34  -  - 37 17 38 32  - 39 40 20  - 29  1 23 33  -  -  6 12  - 36 35  - 21  5 25 22 16  - 30 11  9 28
  -  -  -  -  -  9 38 26  4  1  -  - 12  - 14  -  7 27  - 37  - 32  -  -  -  - 18 16  -  - 25 24 23  - 13 19 22 30  - 36
 32  -  - 25 12 30 35  1  -  -  -  -  - 31 17 18 37 21  - 34 40  - 38 20  9  -  7 15 11  - 24  -  -  -  - 10 26 16  -  -
  5  - 26  - 39  - 18 21  6 25  - 37  -  - 28 38  - 32  8 33 24  7  -  2  - 14  - 35 17 15 19  3  -  -  1 36 23  -  - 10
 19  -  -  - 30 17  -  - 20  - 26  6 25 28 22  -  3 14 18 32  -  - 39 10  - 24 31 21 29  9 23  - 15  1  - 34  7  5 40  2
  1  -  -  - 22 31  -  -  - 29 27 28  3 16 10  - 23  - 17  -  - 40 24 21 36  8  6 34 37  - 30 13 12 25  - 38 39 35 18 26
  3 22  - 18 33 21 19  6  7  -  -  - 34 23 15  - 35  1 10 29 36  -  -  5  - 32 16  9  -  -  - 25 31  -  -  -  - 26 20 30
 21  1 30 23 24 35  - 17  2  -  9 19  4 40 31  -  6  8 28  3  - 11 14 12 10  -  - 27  7 20 18 33 37 16 38  5 15 22 29 32
 25 34 29  - 31  - 13 40  3  -  - 14  2  -  1 23  - 37 24 38 22 35  -  9 18  - 32  - 26  6  4 21 28  -  - 15  8 39 16  -
 10 38  -  6 16 14 32  - 13 26  3 40  -  1 23 36  - 12 33 25 27 15 37 24  5 34  - 31  - 35  8  - 22 29 19 39 11  9  7 21
  - 12  - 14 20 40 17  -  -  5 25 11 39 29 16 35 22  - 19 18 32  1 28  4  -  -  -  2 34  -  6 38  9 33 27  -  - 36 30 24
 26 29 16 33 34 36  - 39  -  6 40 25 20  - 24  -  9  - 30  -  4  -  - 19 12 18  - 28  - 11 17 31  - 14 22 27 38 32 10 35
 39  6 28 20 37 15 11 18 35 40  - 26  -  9  -  - 32  -  - 21  7 27 12 25  3 19  -  - 33 30 29 22  1 31 14  -  -  2  - 17
 11  - 22  -  3 38 40  5 29 23  6  -  8 39 12 15  - 36 25 27 28 24  - 31  7 21  4 18 13  - 14 32  - 20 10  - 37  - 19  -
  -  2 25 37 15  - 24 22 27 32 12 13 36 34 18 30 21  6  - 35 14 20 16 11 28 10 17 29 23  -  -  - 40  7  9  4  -  8 39  -
 36  -  - 10 40 13 22 29 21  3  - 33 15 30  - 32 11  -  -  -  -  -  -  -  -  -  - 12 28  -  9  -  5 24 34 20  6 18  4 14
