1120
 35  8  -  7  3 20  2  -  -  -  - 13  6 31  - 21 25  -  - 38 12 22  - 14  - 39  - 34  9  -  -  -  - 24 29 36  1 10  -  -
 33 12 20  - 36  -  4  - 16 11  - 18  -  - 10 39 13 21  -  -  -  3  8  -  -  -  - 29 17  -  - 30  -  - 23  -  7  5  1 27
  -  - 13  -  -  3  8 38 22  6 19  5  - 28 36  9  - 24 25  -  -  -  - 37 34  - 40 14  - 10 23 35  -  7  - 17 11 18  -  -
 24 25 27  -  -  -  1 40 36 14 13  4  - 33  - 35  6 38 10  5  - 17 18  9 29  -  -  -  7 22  2 37 28  - 32  - 31 19  8  -
 40  - 25 17 32 37 36 34 24 29  9  - 13  - 31  -  - 19  - 10  -  7  - 27 28  - 30 22  6  - 21  -  - 33 16 12  4 39 11 35
 14  6 24  - 30 16 15 33 29 26  8  3 17  - 35 19 22  - 28  - 39 37 25 13 23 36  - 11 18  - 20  - 40  - 27  7  2 31 32  1
 28  2  - 24  - 31 19  - 26  - 40  6  -  3 21 15 11 18 27 22 20 14  -  - 30 13 29  7  1  8  -  -  - 36  5  - 35 16 33  9
  - 24 33 20  6 22  -  8  - 13  - 11 39  2  - 31 17 35 16 28  4 30  9 19  -  7 26 32 10  - 12 23 15  1 40 38  - 27 36 29
 32 40 21 25  -  4  - 16  - 10 30  - 12 14  6 17 26  -  - 36 22 19 15 20 24 29  - 39  - 28 18 27  - 11  2  - 13 33 37  3
 11  - 39  3 20  - 16 25 19 37  - 30 32  1 14 22 18 27 21 26  7  5 31  -  -  6 13 17  2 33  - 34 12 23 36  - 10 38  - 15
  6 16 10 36  - 25 24 35 38  -  - 15 29 21 22 26 23 37  2 27  - 40  -  -  3  - 17  1  8 13 34 11 32 19 14 31 30 20  -  7
  -  -  - 11  2  1  5 23 33  - 20  - 36 16 24 38 28 15 19 13  6 35 14 18 12  4  8  - 25  -  -  - 22 27 30 39 29  -  -  -
  8  - 30 38 18  - 39 13  2 33  -  -  - 37 29  - 15 12 23  9  3  4 36 34  1 17 31 21 32 25  -  6 20 40 35 16 24 11 27  -
  - 30  - 18 26 15  -  -  3  8 11  -  - 27 28 32  - 40 17 35 23  -  - 36 21 10  - 20 39 19  - 29 24  - 37 22  - 14 13  5
  - 34 29 14 24 10  -  - 15  2 26 20  - 17  4 33  - 32  -  6 37  - 28  -  - 25  3 38  - 11  - 31 19  -  1 30 18  7 35 12
 15 32  - 40  - 29  -  - 20  - 21 19  7 11 13  2 34 17  8 30  - 16 26  - 33 22  - 35  - 14 27  -  -  -  -  -  5 23  -  6
  -  -  - 19 27 24 26 32 23  - 29  -  - 40 38 14 35  5  - 20 36  -  -  - 16 15 18  - 33 21 13  1  7  -  -  -  -  - 30 11
  -  4 14 37  -  -  - 26  - 36  - 16 31 19 27  - 12 11 24 34  - 18  6  7 22  - 21 33 40 29  -  - 25  - 39 15  - 13  9  8
 22 15  -  8 14  9  -  -  -  - 23 31 35 25 33 13  4  7  -  - 16 36 21  5  6 20  - 19 27 24  -  2 29 39  - 40 12  - 38 32
  - 13  -  -  4 14  -  -  9 18 16 24 38 32 23 25 27  8 15 11  - 33 30  3  -  - 35 28 22  - 37 17  -  -  -  - 36  - 12 40
 10 38  -  -  -  - 23  4 14  -  - 37  -  9  -  3  -  2 12 17 13  - 11 26 19 16 25  8  -  -  7 28  1  -  - 33 15 24 22  -
 30 14  - 15 19  7  3  6 39  -  -  - 18  - 25 34 40 36  - 24 17  -  -  - 32 11 27  5  - 20  -  -  - 26 28  -  -  4  2 33
 18 17 32  2 11  - 25  -  7 27 35 33  -  5  9  - 21 16 40 14 28 39 22 38  - 31 24 10 37 34 29  -  -  - 12  -  3  -  6 19
  2 28 19 23 22 38 35 36  8 32  - 17  4 30  -  -  3  9  - 39 31  1 40 21  -  - 10 15 29 37  - 18 33 20 24 25  - 34 14 13
 13 19  8  -  5  -  -  - 27 30 17  - 14  - 26 18 20  - 32  1 24 11 10 12  - 35 37  9  4 16 28 21 36  - 33 34 39  - 31  -
  7  - 40  -  -  - 22 24  -  4  2  -  -  -  -  - 30 26 34 37  - 15 29  -  - 27  - 25 11  - 16 33  6 13  8 20  -  9 19 14
 36  1 11 34  -  -  - 21  - 38  -  - 26  7  8 16 37 20 39  2 35 23 24 17 10  -  9  6  -  -  4 15  -  - 18 13  -  -  - 25
  3 23 15 31  - 39 32  7 18  - 38 40 33  -  - 29  5  -  1 12  -  8 35  -  9 34  -  2  - 17 36  -  - 10 21 14  -  6 28  4
 27 37 16 13 23  -  -  1  5  - 22 29 40 10 30  - 33  4  - 31 11 25 17  2 14 18  6 26 15 39 24 12  3  - 19 35 20  -  7  -
 20 35  - 29 40 19  6  - 30  -  - 26 23  -  -  - 14 39 11  -  2 10  -  1 13  - 12 18  5 31  8  -  -  9  - 27 33  -  - 16
  1  9 37 39 15  - 38  -  -  5  -  -  2  6  - 10 36  -  3 16  - 20  - 22 27  -  - 13 26 35  -  8  - 32  7  - 21 30  4 18
 25  3 35  -  7 13  9 37  6 17 34 12 22 39 18 27 19  -  -  8  - 28  - 15 38 40  - 24  -  1 31  -  5 29 11  4 23  2  - 26
 31 22  2  -  - 17 34 29 25  7  - 36  8 18 19 28 24  - 35  4  5 32 27  6  - 12 20 16  -  -  -  9 11 30 15  - 26  1 23 21
 19 36  6  - 21 27 20 11  4 35  7 38 10  - 40 37 31  - 14  -  - 34 13 25 17  2 23  3  -  -  - 32  -  - 22 24  8 12 18  -
  5 20 34 30  - 36  -  - 35  -  1  -  -  -  -  - 16  3  7 18  -  - 33 10 11 32 19  - 24  6  9  -  8  - 26  2 14 29  - 22
 17 11 36  - 12 34 37  2 10 16  6 28  5 23 15 30  8  - 29 40  9 38  - 35 18 19  -  - 31  7  - 14 26  - 13  -  - 21 20 24
  9  -  1  - 34  5 10 28 13  - 36 39 16 24 20  6 32 22 33  7  - 27 37 29 26  - 11 12  3  4 30 19 23 17  - 18 25  - 21  2
 26 33  -  -  8  6 11 19 32 31 14  -  9 13  2  - 10  - 22  - 15 21  1  -  - 24  7 40  -  - 38 20  - 18  - 28  - 35  - 39
 34  5  -  -  - 40  -  9 37 21 15  2 11 22  - 24  7  -  4 33 29  - 32 28  - 38 39  - 35 30  - 10 14 25  6 26  -  8 17 31
 29  -  3  - 35 11  - 14  1 22 39  -  -  8 34  7  9 33 13  -  - 24  -  -  - 28  -  - 16 12  - 40 18  - 17 19  6 36  - 10
