1120
 13  - 19 16  3  - 14 25  5 24  - 38  - 32 23  6  - 18  - 33 35 22  - 11 29  7  1 10 20  - 31 27  -  -  8  -  9  - 15  -
 10 12 23 24  2  - 39  -  6 30 27 33 32 21 16 28 14 35 11  5  4 29 37  - 31  8 13 20 25  -  - 17 34  - 40 15 22 18  1  -
 26 10 16  8 23  -  7 14  1  - 34  -  -  - 32 11 28  -  -  - 36 21 18  2 12 20  -  - 19  - 35  -  -  3 38 27  4 13 24 33
  -  -  - 11 40 28  - 26 32 33  -  1 23 16 38 21 25 37  8  7 17  9  - 34  -  -  -  -  -  -  - 31  -  - 35  6 24 22  -  5
  3  - 36 31 35 10  -  - 23  9  - 30 39 12  -  8 15 21  6 28  -  1 14  5  - 25 37 32 16  4 13  - 19  -  -  - 20  2 38 22
 20 39  3 28  5 40 24 12 37  7  9  -  1 17 31 22  -  - 13 38 34  4  2 35 21 23  - 19 14 15 10 30 29  - 16 11  6 25 26 27
 28  8  - 25  - 33  - 37 39  - 29  4 38 18 40  - 31 32  -  - 12 13  6  - 26 35  -  - 17 20 34 14  -  2 23  -  - 36  -  -
 36 32 25 13 12 15 33 21  - 26 18 24 20  -  6 37  -  - 19 34  -  7 31  3  - 28 35  -  -  -  -  1 14 10  5 29  - 16  2 30
 11  2  4 34 14 29  - 16 13  -  7  - 25  6  - 39 20  - 36 30 23 40  9 32 35  1  - 27  -  - 24 33  8 18  -  -  - 26 19  -
 33 26  8  -  6 35 11  - 20  -  - 18 17 27 12 25 16  - 37  -  5  - 34  9 13 10 36 28  -  - 22 15 32 40  1 21 29  -  - 24
  - 22  9 33  -  - 38 17 31 12 36  -  - 14 27  - 18 13 35  3 21  8 16  4 25  6 15  - 26  -  7 32  -  1 30 28  - 37 29 34
 31 16  -  - 22  -  6 40  2 34 14  - 36  - 19  -  9  - 18 17 28 33  -  - 10 39 30 25 35  7  -  5 38 13  -  -  - 24  -  3
 19  9 35  - 15  -  -  5  4 20 31 37  8 23  - 34  1 25 27 26 16  6 22  - 39  -  2 38  - 32 11 24  -  -  - 30 14  - 21 10
  - 23 40  - 36 38  - 15  - 22 21 20 18 13 39  7  3 14 16  2 19 26 29 31  1  4 28 34  -  - 12  9  - 35  6  - 11 10 25  -
 25 35 34 14  -  5  -  - 26 36 12  -  -  - 28  9 21  -  - 19 13 37 20 24 40  -  -  2 32  -  6  3 17  7  -  8  - 15  -  -
 27 38  -  5 39 23 18  - 10 40 35 12  9 30  7 36 33 17  - 21  - 15 19 25  - 37 11  4 34 29 14  -  - 20 31  3  -  1  6 13
  - 14  -  4 11 12  -  - 30 18 28 17  -  9  - 38  - 40  -  6  - 25 35  1  - 26 20  - 15 22 37 29  5 21 19 36 27 39  -  8
 29  - 26 38 25  9 16  1  - 13 11  3 27 19  -  4 35  - 39 31  - 20  - 30  -  - 32  -  8 34 36 10  6  - 15 17  - 40 12  -
  -  1 30 21  -  - 36 33 19 35 39 28 37 34  -  - 38  - 20 12  7 10  3  -  9 29 40  -  5  6 23  8 22 24 18 31 13  4 11  -
 22  - 10  - 32  - 12  8  9  2 15  - 19  1 13  -  - 16 17  4  -  - 25  - 11 33  - 24  - 38 30 37 36  - 14  - 31 29  - 20
 37 20  5 22  4 36  -  - 34  -  - 27 14  -  1 12  2 38  -  - 10 16  -  -  - 21  - 13 23  - 39  - 35 31 11 32  - 28 17  -
  2 27  - 30  7  6  5 34 16  -  - 26 31  -  - 15 29 24 10  9  - 17 28 19  - 12 33 36 38 21 40 18  4  8  - 35  3 32 22  1
  - 34  - 26 31  2 25  -  - 11  8  -  7 36 21 32  - 10  -  - 22 18 38 33  4  - 29 39 27 35  - 23  - 16 20 19  -  3  5 17
 32 37  -  6  - 20  -  7  -  - 22 39  - 40 25  - 36 11  5 16  2 14  8 15  -  - 10 29 30 27  - 12 18  - 26 33 28  -  -  -
 30  -  - 23  -  -  2  - 29  -  -  - 15  4 24 20 12 19 21 39 18  - 33 26  5 22  9  6 37  -  -  -  - 34 32  7 35 17  -  -
  9  - 17 15 34  3 37  -  -  - 30  - 12  5  8 13 19  -  -  -  -  - 32 39  - 31  -  - 29 24 25  4  - 38 22 14 10 11 18 40
  -  4 21 20  - 24 40 35 12 31  6  - 33  -  5 14 23  2  - 29  -  -  1 16 15 11  -  9 28  - 32 19  3 30 37 10 34  -  8 38
 18  - 27  - 29 31 34 36 40 32 38  -  -  2  - 33  6  9  - 22  - 19 21 14  - 16 23  - 13 12  -  7  - 26 24  - 15 20  -  4
  6  - 33  3 27 32  - 11 35  -  5  -  - 22  9  -  -  - 12 18 26 24 40  - 36 19 31 30 10  - 29 34 39  -  7 38 37 14  4 28
  4  7 18 12  - 19 31  - 36 14 40  8  -  - 20  - 26 39 32 27  -  -  5 22  6  -  3  1 21  -  - 16 11  9 13 34 38  - 37  -
 17  - 14 36 24  -  -  -  - 39 37  -  3  -  - 10 27  6  7 32 40 30  -  -  -  - 34  -  2  -  1 35  - 29 28  4 25  9 33 15
  -  - 37  - 38  -  8 28  3 17 23 11  5  -  - 40 32  - 15  1  9  - 30 20 22  2  - 35  - 25  - 13 24  -  -  - 18 19 31 29
 14  6 22 32  1  -  - 18  - 37  - 34 13  - 30 35 40  5  9 24 29 31  7  8 17  - 19  -  4 11  - 38 28  - 27  - 12 21 10  2
  -  -  1  -  -  - 30 20 38 27 10  - 29  - 36  - 37  -  4 25 24  - 26  -  -  -  - 11  - 16 19 21  7 15  2 13 32 35  -  6
  -  -  7  -  8  - 29  - 24 19  -  -  6  -  - 18  - 15 14  - 30 23  - 37 38  - 27  - 39 36  -  - 12  - 21 25 40 31 34  -
 34 24  2  9 30 14 10 38  -  6  - 21  - 20 35  -  -  7 29 37 15 32  -  -  -  3  - 18 12  1  - 11 26  5 36  - 17 33 39 16
 24 33 11 29  -  - 19  4 18 25  -  7 40 38 37  3 30 34 22  - 27  5 36 21 28 15  - 12  1  - 26 20  -  -  9  -  8  6 23 35
  - 29 39 40  - 30  -  -  - 10 24 19  - 35  2 17 13  -  - 36 14  -  -  -  - 27 12  5 11 33  - 26  9  4 25  -  -  8 20 18
 15 25  6 35 33  1 17  2 11 21 19  - 26  7  4  -  -  - 31  8 20  - 13 10  - 32  -  -  9 28 18 22 40 12  -  - 36  - 27 14
 35 13 15  1 21 37  4 39  - 16  2  - 24  - 29 23  -  8  -  - 32 27  - 28 18 34  - 31 22 40 20 25  - 14  3  9 19 30 36 12
