1120
 35 26  -  - 13  -  - 17 33 10 34 23 22 40 16  -  8  2 19  - 18 24  -  3  4  5 36 27  1 11 15  - 39  - 20 31  - 38  7  -
 11 13 26 33  5 24 27  - 10  -  -  - 31 29 20 34 39  3  6  4  - 12  - 17 38 35  1 40  -  2  8  -  7 28  -  - 37  - 18  9
  5 21 23 27  3 33 26  -  -  - 14  2  9  -  - 39 32  - 37 18 30  - 17  - 36  7 11 24  6 29 10  -  1  - 19  -  -  - 25  -
 39  -  6 36  2 12  - 37 25 33  - 21  - 26  -  -  - 29 28  -  3 19  -  - 10  4 17 22 30  - 34  - 14 18  -  8  - 16 20  -
  - 16  - 40  - 29 10  -  - 13  -  7  -  3  1 27 37 38  -  -  4  - 33  5  -  2  -  9  -  -  - 39  -  - 36  - 23 25 22 11
 15 37  - 39 19  9 29  7  - 21  3 18 26  - 28 14 36  - 32  -  8  5  - 38 22 25 35  - 12 16 24  1 10 34  4  2 30 17 23 33
 23  - 12 30  - 37  - 14 28  -  7  6 33  - 25  -  3  -  -  - 34 13 16  - 18 27 10  4  2 39 17  8 20 26  - 11 29  -  - 24
 20 36 34 38 26  -  - 33 30 18  2 15  - 19 35  -  9 21  8 28  - 31 32  -  3  - 16  - 13 40  - 29 22  5  1  - 25  - 24  4
  1 14 32  9 34  5 21 36 39 28  - 27  -  2  8 30 29  -  - 24  - 15 26  6 11  3  - 16 19 38 25  -  4  - 33 37 10  - 13 18
 28 31 30 25 39  -  7  -  6  - 11 33  -  -  9 15 16  -  - 19  2  -  3 10  - 38 37  -  5 32 23  -  - 20 29 18 14 35 17 26
 18  -  7 26 25 17  2  - 19 36  9 11 16  - 38  8  - 37  3 14  1  - 10  - 28 34 12  -  4 30 39  - 27 15 24  5 13 32 40  -
 25 18 17  -  7 32 28  2 16 12 15 19 23  - 22  -  4  -  1 26 29 39  -  - 40 14 13  3  9 34  -  - 30  - 31 33  -  8  - 38
 13  8 29  3 16 27 36 40  4 37 39  -  -  7 17  - 25  1 21 35 15  -  2  - 30 33 31 18  -  -  - 28 23  -  5 19 12 24 32 34
 38 34  1  5 11 22  -  - 23  - 37  - 40 18  -  -  -  -  -  - 13 35  -  - 19 12  8 30 15  -  7  2 36 16  - 10 33  -  -  3
  2  -  - 15  4  - 13 32  - 11 36  - 20 35 37 25 14 30  -  5 26 27 40 34  1  - 33  8  7 28 38 23 16  -  -  6 17 21 12 22
  3  - 39  2 15  -  -  -  5  -  -  4  - 11 14 31 12 23 33  - 40  1  9 19 16 22 34 32 17 36 35 21  - 30  8 24  -  -  - 29
 21 24 31  -  9  -  -  - 12 25  5 20  3  1  6 22 26 11 10  7 36 17 15 28 32  -  -  2 38 33 40  - 18 39 13 34 35  - 30  -
 14  5  - 13  -  -  4 24 15  - 29 10 38  -  -  - 19 27 31  - 35  9 25 36 17 20 23 11  -  - 28  -  2  - 22 26  1  -  - 21
  9  - 15  1  -  6  -  -  2  3 30 31 39 27  7  -  - 20 17 11 25  -  -  4 21 29 26  -  -  8 14  -  - 35 34 22 19  - 28  -
 26 12  2  8  - 34 39  3 22 15  - 13 25  - 19  4  -  -  -  -  - 38 36  -  - 32  9  - 11  5 33 30 35 21 28 40 31  - 16  6
 10 25 40  7 24 13  - 39  -  9 33 22  5 32  -  2 21  - 11 12 16  - 38 18 27  -  4 17 29 15 31  6  8 14  3 30 28  -  - 20
 36 15 16 12  - 35  - 21  -  8 19  -  -  -  -  7 40  - 34  -  5 11 28  -  -  - 22 37 33 18  3  - 13  2  -  9 27 29 14 10
  -  - 33 37  -  - 19 12 17  6  -  - 35 14 31  - 15 26  7  - 20 29  - 30  5 40 39  - 16  -  2 27 21  -  9 25 24  -  1  -
 37 22 19 35 12  4  -  -  - 23 25 38 36 34  3 10 18 24 39 32 21  -  -  - 33 13  - 29  - 20  - 26 31  -  2  7  5 28  - 30
 19  - 18  -  - 16 31  1 32  -  4  8 34 10 23 17  - 25 26 33  -  7 13  -  -  -  2  5 36  -  -  -  - 24 27  -  3 37  -  -
  -  2  -  4 35 25  - 19 27 34  6  - 12 22 10  -  -  9 13 38 32 21 30 39  8  -  -  - 31  3 11  -  - 33 14 23 36  - 37 17
  7  - 20 23 37 10  - 35  -  1 26 25 30 17  - 12  6  -  4 29 24 22 18  -  - 19 40 15 39  - 21 34 38  - 32  -  8 36 27  5
  - 40 22  - 14 39  - 38  9 35 16 17 19 20 26 28  - 12  5  - 33 18 34  -  7 23 24  -  8 25 30 37 32  -  - 21 11  - 15 13
 40 19  - 34  8  -  - 28  - 38  -  5 32 37  - 23 22 15 36 21  9  -  -  7 25 16  6 12  - 31 13  3 29  4 17 20 39  2  - 14
  8 10 25 17 28 20  -  -  -  -  - 34  -  5 24 37 27  6 38  - 31 14  7  -  9 18  -  - 35 19  - 36 15  1 26 32  -  4 11 40
 34  - 36 10  -  - 20 30 29 16 28 12  - 33 21  -  - 39  9  2  -  - 31 26  - 24  5 23 32  1  - 19  3 22  -  4 18 15  8  -
 31  -  - 20 40  - 33 11 13 32  - 35  7  -  -  - 24  8  - 30  - 34 22 16  2 37  -  -  - 10  -  5  9  - 21  - 15  -  - 36
  - 35 13  - 32  - 34  -  - 22 27 36 29 30  5 26  7  - 40 16 39  -  8 15  - 31 38  - 23  4 20 10  - 11 25 14  -  -  2  1
  6  7 10 18  - 26  -  - 20 31  - 16  2  -  4  1  - 40 27 22 19 36 14  -  - 17  - 33  - 24  5  - 28 13 11  3 34  - 29  -
  - 33  4  -  6 36  -  - 24 26 17 37  - 25 12  -  -  - 30  3 23  - 39  - 20  - 14  - 10  -  -  - 19  8  -  - 38 18  9 28
 17  6  - 22 10  2 24 15  -  5 35 29 28  - 39 32 34 36 23  1 11 16 21 25 31  9 19 20 14 27  - 13  - 40  - 12  4 26  3 37
 24  - 21 19 22 31  5 13 36  -  - 39 27  - 40  - 30  -  - 10  -  -  6  -  - 15 25 34  3  -  - 17 11 37 12 29  7  9 35  -
 27 39  9 31 21 15 40  - 34 24 32  1 18 16  - 19 23 28 25 36  7  3  -  8 14  6 30 13 37 17  - 33  -  -  - 38 22 10  4  2
 30  - 35 11 33  - 23  - 38 17 22  - 24  -  -  -  - 31  -  8 27 10  1  9 37 26 21 25 20  -  - 14 12  - 15 28 16  - 19 39
 33  9  8 24  -  -  -  - 14  -  1 30  - 15 18 38  - 16  2 39 17  4  - 12 35  -  3 31  -  - 36  -  -  -  -  - 26 22 21 27
