1120
 11 23  -  - 37 28  1 19 21  - 18  4  -  3 34  -  8 14  -  - 33 25 17 32 38  - 36  -  - 35  -  - 13 29  - 20 15  - 30  7
 33  1 29 18  5  -  -  4 13  -  - 36  - 25  3  - 10 22 11  - 32 37  -  - 14  - 26 16 19 15  -  - 24  6  9 28  7 30  -  -
 35  -  3 26 12 33 16 20 36 18 39 37 10  -  -  1 30  - 24  4 19  -  -  2 34 40 31 38  8 25  - 13  -  - 14 27  - 17  -  -
  -  -  -  -  -  - 14 23  -  -  - 12  - 32 19 30 36 40  -  - 15 24  - 39 22 25 16  - 33 34 31  5  2 28 20  - 26  7  1  -
  -  - 31 17 23 35  7 25  - 28 13  - 21 22  6 14 33  -  - 12 27  9  -  3  -  -  2 15 32  -  - 20 10 26 34 24 16  - 40 37
  -  -  8 14  9 32 12 28  5 17  -  3 30 16 27  6 24 36 19  1 23 38 15  -  - 35  -  2 21 13 10 39  -  - 25 31  - 11  - 29
  5  2 33  3  8 20 38 39 27 35 34 32 14  - 40 37  -  1 17  - 16 36 26 19 24 11 13 12 29 18 30  - 28  -  -  6 21 31 22 10
  - 19  6 33 18 39  5  -  - 36 25 34  - 17 24 40  - 30 14 38 10 15 20  -  4  - 32 27  9  -  7  8  - 31  -  2 12  1  - 35
 29 35  - 25  7 21  -  -  -  -  2 23 32  - 11  5  -  -  9 30  -  -  - 22  - 17  - 20  - 24 13 37  - 16  - 39  6  - 12 14
  9 16  -  7 21  - 36 11 26 32 31 35 28  2 13 18 22  -  4 19  - 20 30 40  -  - 37 10  - 39  -  - 25 24 15  - 23 14 34  3
  - 33  - 36 31  -  2  - 34 40 30 15 37  -  1  - 27  - 18 20  8 39 28 12 17  -  - 11  -  -  -  7 19 10 26 14 38  6 35  -
 25 26 13  - 20 30  8  - 39 14 32 10 24 18 23 31  -  4 36  - 40 35  -  6 11 12 22  7 38 28  - 34  3  - 29  9 33  - 19  -
  - 38  - 27 24 36 35 17  6  -  -  9  - 15  - 21 29 37  - 40  4 13  -  -  -  3 14 30 12  -  - 22  -  1  - 33 25 18 26  8
 13 29 15 21 32 18  -  5  -  - 38 20  -  - 10  -  - 23  -  -  -  2  - 16 30  -  9 26  -  -  -  -  - 22  1  7  - 19  -  -
  -  - 23  -  -  -  -  6 24 30 16 27  7 28 33 22 19  9 40  - 21 34 39  1 25  - 10 37 31  - 32  -  5  8  2 17  - 36  - 38
  2  - 28 32  1  - 21  -  -  - 36 26 35 39 20 27 34 16 30 33 18  - 40 29 19  8 24  - 37  4 11 12 15 23 17  - 31 25  - 22
 28 37 18 40 10  - 29 14  -  -  - 21 26 20 15 25  6 32  -  5  -  -  - 30  8  - 35 39 27 17  - 11 31 12  3 34 13  4  - 33
 39 15 40  -  - 12  9 36  - 11  - 17  - 27 37  - 31  5 26 25 13 29 16  4  -  - 23 24 28 14  - 30 20 35  -  - 18 10  - 19
 36 10  9 39 22 27  4 24  - 29  - 13 23  -  -  - 32  6  - 14  - 26 38 15 12 16 11 18 30 21  - 33  -  - 19 35 17 37  - 31
  -  - 32  -  -  -  - 30 20 37 10 22  5  - 18 29  1  -  8 35  -  - 27 33 13  4  - 23  3  - 36  - 26 25 24  - 39 15  -  9
 15 32  - 29  - 22  - 13  - 19 33 38  6  - 35 26 40 17  -  -  - 16 24  -  - 27  3 31  - 36  8 25 14  -  -  5  - 28  -  1
  - 31 14  2  - 15 24  -  1 26  - 18 27 19  - 13 17 39 25 22 34  6 33 10  -  9  8 40 35  -  4 32  -  -  5 12  -  - 16 30
  - 13  5  9 26 34  -  - 29  4 20  2  - 38  -  - 18 28  -  3 25  -  - 37  - 22 39 14  6 31 15 21 30 11 12 19 32 16  - 23
  - 21 19  -  -  - 37  -  - 24 27 33 18 13 38  7 14 25  - 36 30  4  9 20  5  - 28  - 10 22 16  6  -  - 32 26 11 39 23  2
  -  7 21 35 40  1  6  9  - 15 14  -  -  - 29  4 37 38 13 28  - 17  - 27 23 31 12  - 39  2  - 24 36  - 30 16  5  8 11  -
 32 28 17 19  -  6  - 40 15 10  -  1  - 35  5  8 38  - 37  -  -  - 12 14 31 36  7  - 13 26  - 16 22 21 33 11  3  -  - 39
 27  - 37 30  -  - 26  - 35 25 22  -  9 12  - 17 20 18  - 11 36  -  -  - 10  5 15  4 14  -  -  1 34 19  - 40  - 24 28 16
 30 24 39  - 28 17 13  -  - 38  4  7  1 33  2 10 23 35 29 37 14  5 34  -  9 26 25 21  -  8  -  - 11 36  6  -  - 32 20 40
 14 40 16  - 30 38 22  2 10  -  -  - 20  6  8  -  - 34 15  - 11 28 25 17 39 18 21 33  -  - 19  4  -  5  -  -  9 23  - 36
 18 25  1 15 16 10 23  -  -  2 17 24  - 40  - 36  - 33 22  6  - 31  5 21 35 30  - 28 20  3 39  -  - 32  8  4 27  -  9 26
  6 27  -  4 25 37  -  1 14 12 35 16 13 34 26 33 15 21 10  -  -  -  7 31 29 19  -  -  -  -  - 36 18  9 28 30  8 22  -  5
 12 22 20 23  -  -  - 31 37  6 21  - 16  -  -  -  7  - 32  - 35 11 36  8 28 38 30  -  -  - 25 15 29 13  - 18  - 33 14  -
  7  4 30 38  3 25 31  8  - 34  - 28 15  -  9 16  5 27  -  -  6 22  1 13 18 21 17 19 36  - 14 23 33 37 35 10  - 26 39  -
 10 18 26  -  -  2 33 38 22  - 19 31  - 14 30  9  4 15 16 32  7  - 11  -  6 20 40  1 34 27 23  - 17  -  -  - 29  - 13 24
 40 30 35 16 14 13 17 18  4  8  6 11  - 37 21 20  -  7  3 39  - 12 31 36 15 10 29 34  -  5  - 19  -  - 38 32 28  2  - 27
  8  6  4  - 15 40 20  - 30 16  9  -  -  5 17  -  -  -  - 21  -  - 14 34 26  1 33  - 18 38  -  3 35 27  - 23 24 29  - 32
  - 39  7  - 13  8  - 15 18  -  - 30 19 26  -  -  9  - 12  -  - 10  - 35  2  -  4 25  5 16  -  -  6 14  - 36 40  - 31 21
 31 36 34 20  - 23 28 35 40 39 15  -  3  -  - 11 21 26 33 13  - 30 19 25 32 37  - 17 22  - 24  - 27  - 16  -  -  9  -  -
 23 34  -  - 39 14 19 32 12  -  - 40 33  -  -  -  3 20  5  7 17 27 13  - 21  2  1 36 11  6 28 31 16 38 10  - 30 35 18 25
 21  9  -  -  - 26 11  -  - 31 29  8 36 30 22 39  - 13 23  2 38  1  6  - 16  7 18 35  - 20 37 10 32  3  4 15 14  -  5  -
