1120
  -  3  -  - 11  - 13 26  -  - 23  - 18  - 16 36 24 33 28  1  - 34  7 31 39 20 27  6  -  -  2 37 35 25  8 10 40 14  -  9
  8 36  -  -  -  -  - 32 18 35 28 15  -  -  - 37  - 19  - 22  3 26  5  -  - 12 40  - 20 30 27  -  6 13  -  - 10  - 34  1
  - 26  - 18 19  2 24 28 34 13  -  -  5  -  7 21  3  - 40 25 14  -  -  -  -  -  9 12  - 39  - 31 30  -  4 36  - 38 22 17
 13 34  - 15  - 31 14 12  4 27  - 39 25  - 32 35  -  -  5 38  -  3  - 37 10  2 24  1 40 28 33 19 22  - 30 11  - 18  - 21
  - 33 12  -  - 22  -  8  3  - 25 32 20 10  9 29  -  -  4 34 16  2 40 30  6 37  - 19  -  - 18  - 17 24  - 28 15  -  7  5
  4 32 14  7  - 19  8  -  6 29 40 31 16 39  - 30 10  - 38 26 12 18  -  - 13  - 21 25 28 37  - 11  9 17 33 22 35 34  -  -
 39  - 15  8  5  - 32  -  -  - 14  1  - 37 22  - 19 36 17  6  4 30 38 18  9  -  -  2 13 21 28 29 12 33  - 25  7 20  -  -
  - 17 31  3 23  1 37 11 27 25 35  - 12  - 14  7  - 32 21 28  9 38 24 13 16 18 26 15 33 20 40  -  2  - 29 39 30  - 19  -
  3 39  5 16 33  -  6 17 20 40 11  -  2 27  4 32 12  -  - 24 25 22 36 23  8 31 14 37  7 34 10 26  1 18  -  - 28 35 13 30
  7 29 22 26 15 34  4 25 17  5 39  8 23  9 31 13  -  -  -  3  -  - 14 19  - 30 32  - 16 18 38 27  - 35 40 20  2  1  -  6
 29  -  -  4 24  - 11 10 30 17 12  - 13  3  -  8  - 20 34  5  - 21 18  - 23  - 31  7 14 40  9  -  -  1 36 35  -  - 37 19
 10  9 26 13  - 20  - 22 37  - 30 21  - 24 25  6 28  - 18 14 11  - 31 40  - 29  8  -  1 15  - 12  5  3 23  4 19 39  - 38
 11 24 18 28 35  - 40 34  8  - 21 36  -  -  -  9  - 10  7 31  5  1 37 22 27 33 25 20  -  6  4 14 32 30  - 12 26 16 15  -
 32 23 21 30  8  6 20  - 14 15 17 19 35 18 24  2 11 31  -  - 33  7  4 27  - 40  - 36  3 22  - 34 29 26  -  - 39  -  -  -
  - 40 37  -  - 36 38  - 32  - 34 35  - 20 29  -  - 13  -  8  -  -  - 25  7 19  1 24 17 16  - 28 21 31 18  5  9 33 11  -
  -  -  1 23 39  3  -  7 29 28 16  - 15  -  -  -  - 30 10  -  -  - 21 14 37  -  4 34  - 31 36 33  -  - 22 19  - 26  - 24
  - 38  9 19  - 39  3 30  7 11 32 40  8 21  2  5 20 12 13 18 35  -  1 26 28 36  - 23  - 25 37  6 27  - 15 14  -  - 16 22
  -  - 19 37  -  - 34 31 23  - 27 30  -  5 12  - 26  -  2 21  - 24 10  7  4 22  6 35  - 33 16 20 15  9  -  - 29 36 18 39
  -  1 10 31  9  - 27  5 19 18  - 34 11  -  6 38  8  -  - 37 20  4  -  -  - 21 30 17  - 32 23 16  -  -  -  - 14  -  2 33
 20  -  7  -  - 40  - 24 12  - 36  4 33 16  8  - 37 17 35  - 10 13 19  -  -  - 39  - 27  - 32  2 11 22 21 34 23  - 29 31
 31 15 28 12 10  - 18 13  2  7 29  3  -  - 30 27 40 39 36  - 37 25  -  - 22  -  -  5  -  - 35  - 19  4 16 26 21 11  - 32
 37  - 11  -  -  8  - 36  -  - 15  - 30 19 18 25 31 22  - 17 26 23 33 20 24 39 16 29  4  -  - 13  -  6 35  1 38  - 28 12
 23 22  - 20 37  -  7 40 38  - 18 16 14  - 35 19  5  6 25  - 31 39 15  -  - 17 36  -  - 13 24  -  -  - 27 29 34  -  1  4
 24  - 27  -  - 38 19  -  9  -  - 37 17 36  3 34 22 28 30 29 40 31 11  1  -  4  5 39 15  2  - 32  - 20  6  - 12 21  -  -
 30 28 20 17 34  -  -  -  - 12  - 22 26  2  - 10  -  - 27 23  -  -  - 15  -  8 38 16  -  9 19 35 36 29 37  - 33  6 31 11
  1 37 17  -  -  - 33 21 25  6  2  -  - 31  - 15 39  8  -  - 29 16  - 34  -  5  - 30 35  7  - 38 23 14  9 18 36 40  - 27
 18 12  - 21 13  - 17  - 36  -  7  - 29 11 34  -  6 15  8 40  - 32 27  5  2 23 33  4 10  -  - 24  -  - 31 30 16  9 38 14
 34 31  6 29  3 11  - 14 13 24 37  -  9  -  - 33 15  - 12 39 28 19  8  -  -  - 17 10 26  -  7 23  -  5 38 27  - 30  -  -
  -  4  - 39 16  - 15  - 31 33 13 24  6  8  - 17  - 34 22  -  - 36  -  3 35  -  -  9  - 12 26 25 20  7 10  -  - 32  - 37
  6 30  -  -  -  - 35 20 39  8  - 29  -  - 37 23  -  - 16  9  2  5 17 33 31 13  - 27 12 11 14 21 40 15 32  3 24 22 26  -
 26  - 25  -  - 30 16 19  - 37  -  - 34  -  - 31 32 40 15 33 24 20  - 35 18  9  -  -  5  4 39  -  - 38 12 21  - 13 27  -
  -  2  - 33 22 18 23 15  5 14  4  7 21 12 28 24 34  -  - 35  - 29  - 39 32 38 37  - 31  -  -  9  - 11 20 40  1  3  8 36
 36  -  -  1 27  - 30  9 15 21  - 17 32  - 19  - 33 11 37 12  - 10 28  8 38 35 34  3  - 29  -  - 25 39  5  - 31 24 20 18
 19  6  -  5  -  -  1 39 35  - 33 13 31 15 20 22 16 21 11 32  - 40  2  9 36 34 18 26 23  -  -  -  -  -  7 37 25  -  - 28
 40  - 23 22 30 33  - 37  -  -  - 14  3 34 10  - 21  5  - 36 13  6 35 12  1  7  -  8 18 27  -  - 16 32  - 24  - 31  9 29
  -  -  -  - 20 12 26  6 22  9 24 18 10 30 23  4  2 38  1 16 39 27 13 36  - 14  -  - 19  - 31  5  7 21 28  -  - 29 17 15
  9 19 39 34 28  -  - 29 16  -  -  - 22 25 11  - 14  - 31  7  - 12  3 38 26  - 10 40  - 24 30  4 33 37 13 17  8  -  6 20
 21 35  4  2 29 23 39  3 24  1 22 28  -  -  5 20  - 37  - 19  -  9 32 11  -  6 12  -  8 36  - 18  - 10 26 38 13 25 30  -
 15  8 38 14 40 16 36  2 10 19  - 33 37 26 27  -  1 23  -  4  - 28  - 29  - 32 20  -  6  -  -  -  -  -  -  -  -  7  3 35
 16  -  -  - 38 28 29  - 33 10  9 20 36 40  - 12 27 14  6 30  - 37 34  4 17  - 11  -  - 35  - 15 31 23  -  2  5  - 39  -
