1120
 13  -  2 27 20 11 35 28  8 15 37  3 30  - 26  -  9  6 23 24 18  1 17 16  7 40 31  - 22 39 21 34 12  -  - 25 14 29  -  -
  2  - 23  - 36  -  9 15 35 18 38  - 29 14 40 39 12  -  4 20 11 33 10 13 19  1 24  -  -  - 28  - 37  6  - 31  - 25  - 21
 16 28  -  -  - 21  5  - 29  -  - 30 25  -  - 12 15 26 38  9  -  - 31  -  3  - 22 37 39  -  -  -  -  -  4 33 19  -  - 32
 17  6 25  - 27 18  -  - 31  -  -  5  -  1  3 37  -  -  7  - 21  - 23 34 39 26 14 32  - 12  - 15 38  2  - 40 20  -  -  4
  - 23 24 13  8  7 36 38  9 35 39  - 11  6  - 16 37 21  - 32  - 20 25  -  -  2 17  - 28  - 10  - 26  - 12 22 30  -  -  -
  -  -  -  -  - 27 23 30  -  - 29 39 18 33  2  - 11 31  5 40 25 15  7  -  - 17 28 20  -  - 34  8 22 13 35 21 36 12  -  -
 10  - 12 24  -  6 26 33  - 14  -  9 34 30 17  8  - 40  2  -  7 37 20  3 25 23  -  - 31 22  - 11 36 18  - 39  -  - 13 38
  - 24  6  - 11  -  -  - 21 28  2 26 38 36  - 13 20 23 22 35 19 39  4  7 18  5  -  -  -  - 30  - 33 34 27 32 31 15 40 14
 21  2 16  -  - 19  -  - 30  -  -  -  8  -  - 38 40 28 36  - 13 22  -  6 26 25  - 14  7 23  - 17  9  - 37 24 12 31 15 11
  -  -  -  -  - 13  3  -  -  -  -  - 10  - 21 15 33  4  -  -  1 25 27  2  - 38 37 18 12 14  8 26 30  -  7  -  9 20 39 24
  - 22  4 17  -  - 24  - 11 12 20  -  -  2  6 23 27 15 33  -  9 14 40  -  5  3  1  - 37  - 39 28  -  - 21 16 26 36  -  8
 34  7 15 12  -  - 38 29  - 16  -  4 14 11 39 19  -  - 32  - 26  -  - 36  - 27 21  6 25 30 13 40 20 31  -  - 24  5 22  9
 30  - 21 26  -  - 32 18 34  1 24 17 15  3  - 27  - 38  8  -  -  - 22 35 11  - 36  7  9 19 40  -  - 16 31  - 29  - 20 23
  6  8 40 10  - 23 33 19 22 26  - 14 17 32 35 11  - 39  - 18  -  5  - 37  - 28 20 15 13 31  -  4 25 12  1 34  2  -  - 30
 19  -  9 37 23 24 16  2 39  - 18 40 35  7 20  -  6 11 17 30 29 12  8 21  4  - 26 28  5 25 15  - 31 38 14  3 27 32 34 22
  - 12  -  -  4 26  - 22 23 32 40  1  2  - 15  -  -  - 10  5  3 17  -  -  -  6 39  - 20 37  7 16  8 21 38 18 13 14 27 34
  -  5 19  7 31  - 25 24 12  -  6 38  - 27 18  2 35  -  9 11 10  3 28 26 21  - 30 23  - 36 14  - 17  -  - 15 32 16  1 33
 23 36  - 34 19 30  -  -  - 33  3 16 32  9  -  7 21  -  -  -  - 38  - 39 29 37  8  2  -  1 25  - 10  - 18  6 15  - 31  -
 15  -  - 38 14  5 20  1 37  6  -  2 21 13 31  - 17  9 39  7  - 26 36 22  8 29 16  - 35 24  3 19  - 28 30  - 23 34  4 27
  -  - 37 20  -  - 30 32 36 34  -  -  -  -  7  5 38 17  - 29  -  6  - 14 33  -  -  - 40  -  - 31  - 19 10  - 39 18  3 13
 26  -  8 31 30 16  4 40 24 25  - 12  7 37 22  -  1 14 15  -  - 21  2 11  - 13  -  -  -  -  -  -  -  -  -  - 34  3 23 18
 20  -  1 33 12 25 31 27 32 17 13 11 39 24  -  -  - 29 40 28 16  8  - 15  9 34 18  4 19  3 36  2 21  7 23  5 35 10 38  6
  -  - 34  - 10  1 29 12  4  7 27  -  - 25 23 30 28 32  -  - 37 11  - 17 15 18  5  -  3 33  - 13 39 35 22  -  -  - 19  2
 31  - 14  9  5 22 17  -  - 21 26  - 27 19 32  6  -  2 24 37  4 40 34  - 12 35 11  1 23 13 33 10 16 25 36 38  8 28  - 20
 25 37 20 30 39 38 13  6  - 22 16 31 26 40  - 21  -  1  3  - 28 36  -  5  - 32 15 34 10 11 17 27  2 23 19 29 18  - 35 12
 38 25  -  6 37  - 18  - 15 31 21 10  - 20 13  4  -  - 28 27 23 24 35  8  2 11 12  -  -  - 22  9  -  -  - 26  -  - 32 36
 39  -  - 19 13  -  1 31 40 24  -  7  -  4 38 34 26 12 30 25  - 35  -  - 17 15 32  3 21  -  -  - 23  - 20  -  6  - 10  -
  - 38 36 32  -  9  -  3 25  -  - 19 22 23 30 35  - 16 21  -  -  2 37  - 20  7 13  - 17  - 24 18  1 33 39  4  -  -  - 15
  - 18  3 22 32 40 21 39 14  -  - 13 19 26 24 25  - 37  6 10  - 28 29  4 34 30 38  - 33  2 16 20 35  -  9  -  - 23  7 31
 33 17 13 21  9  -  6  4 26  -  - 35  - 12  -  - 39  -  - 14 34  - 19 23 28  - 29  8  - 10  -  -  5 30  2  - 22  - 25  1
 28  -  -  5 35 32  -  9 20 23  4 21 37  -  -  - 14  3  1 31  - 13  -  - 27 12 25 24 18 15  6 39  7 22 26  -  - 19  - 17
  5  1  - 15  - 39 12 23 16  2 28 22 20 18 36 17 24 30 19  -  -  9 26 33  - 14  -  - 29  -  - 32 40  -  6 11 25  -  -  7
  3  - 30  8 38 31  2  -  7 27 15 34  -  -  9 26 16  5 13 36 39  -  -  - 32  -  - 22 11 35 37 23 24 17  - 10 21  1  - 25
  4  9 31  3 29 14  - 21  - 19 22  -  -  5 28 36  - 35 25 23  - 27  - 12  - 10  - 38 32  7  -  - 18  - 34 20  - 39 26 16
 14  - 38  -  - 35  7  8  5  - 23  -  9 21  - 32 10 25  - 34 36 31 15 29 22 39  3 27  - 28  - 33  6  - 13 19  - 30 17 26
  8  3 18 23 25 17  -  5  1  -  - 37  - 39 19 14  - 36 27 26  - 29 16 28 10 22 34 21  - 20  2  -  4  - 15  - 40 13 33  -
  7  - 17 35  6  4 40 37  2  8  5  - 33 31 25  -  - 19 20 13 32  - 12 27 14  - 23  -  -  -  1 21 11 26 29  - 10 22 24  -
 18 20 32 14 40  - 39  - 28 11 10 36 12  -  - 31 22  8 35  -  -  - 21  - 23 24 19 16 30  5  -  6  - 27  - 13  1  -  9 37
 35 33 28  - 26 37 14 36  -  9 11 32  -  -  - 24  - 22 29 15 17 30 13 18  6 20  - 31  1 27 19 38  - 40 25  8  - 21 16 39
  -  -  7 18 22 33  8 26  - 10  -  -  - 15  -  9 13  - 14 19 12 34 39 31 35 16 27 40  -  -  5 25 28  - 24  -  3  2 21 29
