1120
  - 39 32  5  -  - 28 12  7 40  1  - 22  - 24 18  -  -  -  - 11  - 30  8 38  - 36 37  - 26  -  -  2 23  -  -  9  6 35 25
  - 25  7 35  - 19  3 28  6 32  - 13 12 33 21  8  - 36 20  9 37  -  - 10 31 15 24  -  2 22 17 39  - 16 26  -  1 18 30 27
  4  7  - 17 21  - 20 13  -  -  - 24 15 32 31  - 11 29 30 22  - 36  5  2 26  - 33 10 35  - 34 37  -  -  -  1 39 16  - 12
 21  - 16  -  7 13  1  - 25  -  - 27  3 11  - 23 39 28  -  - 34  - 24  - 14  - 20  -  - 18 38  -  4  - 22  - 26 33  -  -
 31  - 12 18 19  - 37  3  -  -  - 29  2  -  6  7 13 25 38  - 28 27  -  - 34  - 10 15  4  - 33  -  - 32  8 36 23  - 26 17
 18  1  - 19  -  2  - 35  - 39  -  3 30  8  - 12 22 37 14  6 24  - 29 11  -  - 34  - 25  - 32  - 31 36 10  - 15 13 23 33
  -  -  -  - 34  9  - 25  -  - 37 26  5  -  3 22 16  1  7 24 20 11  -  6  -  -  - 36 13 39 23 10 38 14  2 40 17  -  4 29
 29 22 37  -  1 18  -  -  3 10 27 12  - 13 38  - 20  -  -  2  5  -  - 23  - 39  -  - 24  -  -  -  9  4 36 16 28  -  -  -
 28 17  6  - 10 15 22 31  9 24  - 32 18  7 40 11 34  2 25 39  4 29  - 27 36  3  8  - 20 35 21 12 19 33 14  -  -  1 16 23
  -  - 33  -  -  -  - 27  -  -  - 19 35 10 36 16 17 20 15 26 14  - 39  -  - 34  - 18  6  -  4 29  - 40 31 11  3  -  1 21
  2 34 21 10 31 17 32 16  -  5  - 20 38  - 23  -  6  - 40 19  -  8 27 39  7 35  4 25  -  3 15 11 12  - 18  - 29 36 33 14
  - 29 26  -  -  4 19 30  -  8 14  6  9  3 12  -  -  -  -  7  - 38 15 37 21 36  -  -  5 34 11 13  - 10 27 35 40 28 18 22
 39 12 18 16 36  - 15  - 22 21 13 17 23  -  -  -  - 38  -  -  -  5  4 32 10  - 37  6 29  -  7  -  - 25 35 27  - 19 31  1
 40  -  - 31  -  -  - 38 27  - 36  - 20 35  -  -  -  4  - 34  1 14 19  - 33 37 32 23 39  6 28 22 15  7 29  5 10 11 24  3
 27 19  3 28 16  - 38  - 26  - 24  -  -  9 37 36 14  8 17 25 32 12 10 20  2  -  -  1  - 15 31 18 29 35  6 34 11  4 22 39
  - 30  1 20  - 14  -  -  - 25 11 21 16 34 26 29 19  -  9  -  - 35 33 36 39  4  -  -  - 31  -  - 37 15 23  - 32 27  8 24
  8 20 15  6 37 32 23  - 29 34 40  - 24 36  4 17 12 35  2 13  3  - 14 18  - 11  - 16  - 27  - 21  - 39  - 31 19 10  9  5
 22  - 29  -  -  -  2  5 13 15 23  -  -  -  7  4  3 26  -  - 25  -  - 24 20  6 31  - 10  1 19 35 14 34 30  -  - 17 11 38
  -  - 36  -  9  -  - 39  - 37 29 16  -  - 14 38 27  7 18 32  -  2 20 26 30 10  - 19 15 40 35  8 21  3  5  - 12 25 13  4
  3 36 13  7  - 33  6 37 17 23 35  -  -  4  - 39 38  - 12 10 22  - 18  5  - 29  -  - 28 21  9 19 34 30 20 26  8 14 15  2
  -  -  - 25 18 24  8  - 15  3 12 28  -  1  - 21 31  -  -  5 40  - 37  -  -  -  - 14 34 11 22  - 20 19  7 39  - 26 29 36
  - 24  8  -  3 25  -  - 34  -  -  - 17 14 10  -  - 31 11 15 29  4 38  -  - 22 21  - 36  - 13  1 35  - 32  -  6  -  7 18
 32 27 39 29  -  -  -  -  2 28 31  - 11 19 13  -  - 34  -  4  -  7  -  3 23  - 17  8 40  - 37 30  - 38 16  - 18  9  5 20
 19  -  2  9 30  - 18  4 10  -  5  -  - 37  8 25 28 32 39 17  6  1 34 14 35  - 27 21 11 20 29  - 26 13 24  3  - 23 12  -
 36 11  -  - 13 31  - 21  8 12  4 34 39 40  2 20  -  -  - 35 18 26  -  9  6 33 14  3  -  7  1 25  -  - 19 23 24 29 38 37
 16 10 14  3 38 37  4  - 12  -  - 23  -  5  -  -  - 30 19 18 17 28  6 35 40  - 11  7 22 36 20  - 27  8  - 32 21 39  2  -
 23 26 11  -  - 39 29 10 18 38 30 40  - 17 20 15  - 27 34 14 13 37  2 21  5  9 25 22 33 28  -  4  -  -  -  -  7  - 32  6
 33  5 24 14  - 10 17  8  -  4  -  -  1 23 25  - 32 11  - 12 27 22 35 30  -  - 13 20  -  2  - 31  6  - 39  - 38  - 19  -
 11 23 40 39 22  - 25 20 33 14 10  2  -  -  - 32  - 16  - 27  - 15  -  -  9 19  - 24  3  -  -  -  8 28 37  -  - 38 36 30
 24  2  - 38 17  7 12 14  4 18 33 36  -  - 11 40  - 10 29 16 35 25  - 15  3  5  - 34 31 13 30  -  - 21 28  -  -  -  6 19
 37  - 22  - 15 11 35 19 39  - 17 10  -  - 29  -  -  - 32  1  - 31  - 13  - 38  7 26  9  - 40 14 28  -  4 18 36 12 20 34
 26 37  -  4  - 27 39  1 14  - 28 33  - 15 17 31  9 12  - 40 38  6 36 22  -  -  3 32  - 16 24 20 30 29 11 13  2 34 25  7
  -  4  - 22  -  3 27 36 31 16 39  - 14  2 28  - 21  -  -  -  8 40 26  - 15 32 18  5 17 23 12  - 13  6  -  - 20  7 37  -
  6 15 31  -  - 36 14 18  - 17  - 37 34  - 22 35  - 21  1 28 10  -  7  - 13 12  5  9 16 30 25  3 11  -  - 20  -  - 39  8
 25 35 34 15 23  -  - 40 20  - 22  5 13 38 39  1  - 17  4  8 21 10  - 31  - 27 12 11  - 37  -  2 36 18  3 29 33  - 14 16
  -  8 28 12  5 26 10 33  - 20  - 14 19  - 35  6  - 22 23  -  - 34 25 29  - 31 39 40 27  -  2 32  1 11  -  7 30  3  - 15
  7 16  - 21 20 35  5 24  1 36 32 18  - 31  9 19  -  - 37 11  -  -  - 34 22 25  6 29  - 10  - 38 17 12 15  -  -  8 28  -
 30  3  5 32  - 20 16 29 40 26 38 11 21 24 27  - 33  -  6 36  - 39  -  4 19 23  -  -  8 25 18  7 10  -  1 15 37 22 34 28
 10  - 25 13  -  6 36 32 11 30 16 22 28  - 15  - 35 39 26 23  - 20  - 19  -  1 29 31 12 38  3 34 18  2 17  - 14 37  -  9
  - 18 20  - 14 28 11 34 36  7  - 38 29 12 19  - 37  6  - 33  -  9 31  -  -  - 15  4  1 32  -  5 40 22 13  - 25 21  - 35
