1120
 28  -  - 23 14  -  -  -  - 26 30  2  - 13 36 40 34 19  6 11 33 38 31 10  - 21 20  - 29  - 12 15 24 27  4 39  9 22 37  8
  - 19 30  3 36 17  -  8 24 12  - 23  - 15  - 39  7  - 37 28  - 18  -  9 10 33  -  - 11  -  6  2  - 25 27  4  - 32  - 40
  -  8  5  7  -  -  - 24 10 33 39 37 34 30  4 16  9 28 15 27 11 29  -  - 25 31 19  - 36  1 22  - 40 26  3  - 23  2 13 12
  1  2 40 14 10 27  -  -  9 28 17  - 37  - 19 30 12  8  3  5 26  - 38 13 21  6  7 24  - 35  4 23 31  - 32  - 16 15 33 36
  -  6  - 17  - 39 26  -  - 16 25 18  2 34  - 24 37  -  -  - 32 27 23  - 36  -  -  - 21  -  7 12 20 40 15 22 14 13  4  -
  - 18 36  6  - 11  4 27 23 39 22  5 20 16  - 26  -  -  -  - 17  -  -  1 19  - 28  -  8 15  -  - 21  - 12  2 30 24 29  7
  -  9 28  - 12 25  -  - 31 30 32 13  - 37 16  8  - 35 34 15  -  5  - 40 20 38 22 19  - 27 21  6 10  -  - 23  7 39 11  -
 30 12 35  -  4 36  - 18  - 31 29  - 21 17 37  -  - 10 28 14  -  -  1 38 26  - 23 22  3  7  2 34  - 11 20 15 40  - 32  6
  - 28  - 39  5  6  2 14 34 22  1 12  8 36 35  7 40 37  - 19 10  - 13 29 18  3 30  4  -  - 20  - 32 23 21 16 27 31  9 25
 18 10 17 35  8 32 11 23  -  7  4  - 24  1  - 29 19 30 13 34 25  3  - 12 31 28 39 20  -  2  - 16  5  -  9  - 33 27 14  -
  - 27 34  -  -  - 31 40  - 37  - 26  9  -  2  - 11 21 36 39 23 14  - 32 17  8 33  - 20 38 28  1  3 35 24 18 15 29  - 16
  - 34 18  - 23 40 12 35  - 17  -  - 39 29 20 10 15  4 38  - 28  -  -  - 24  9  1 21 13 22 36 14 37 30 25 11  2  7  - 19
 22 26 20  4  -  1 30  5  - 40 33  - 16  -  -  -  2 34 32 21  - 39 12 25  7 18  -  -  9  -  - 29 11 38 37  6  -  - 17 35
  - 30 38 37 18  - 15 13 20  - 14 11 25  -  1 31 27  2 33 16 35 40 36 39 28  - 29  9  -  - 32  4  - 10  5  8 19 17 22 21
 37  - 25 16 19  - 17 32  - 35  -  - 26 28  8  -  - 14 39 10  3 30  - 24  6 27  -  -  - 36 11  - 13 34  - 29 20  5 31  2
  - 21 12 25 35  - 19 10 33  - 40  -  1  - 26  3  -  9 22  -  -  4  7 23  - 13  - 36  6  - 18 32 14  - 17  -  -  8 38 15
 33 40 14  - 29  -  - 36  -  4  6 30  - 18 28 11  -  3  - 38  - 21 22  -  -  -  - 15 10  -  - 39  2  5  1 13  8 20  -  -
 26  - 16  - 34  - 21 20 11  -  - 36 35  -  7  - 39 17  - 23 24 37  -  - 22 25  2 32 38  5 10 31 18 33 28  -  - 14  -  1
 35 29 13 30  3 24  - 31 36 15  7  1  - 12 39  - 33 26  8  4  - 25 19  -  - 22  - 17 32 40 37  - 16  -  -  -  6  9  - 10
  -  7 26 28 11  -  -  -  - 20 36 10  -  -  - 27  8 31  1 22 19 23 39  5  - 30 32  6 17 18 29 37 34 13 14 25  -  -  -  9
  - 33 24 18  - 37 40 25 27 11  -  - 12 39 14  -  6  -  - 17  8 13 28 19  3 15 35  - 30  9  - 20  -  - 36 26 10  4  2 32
 29 38  9  - 39  -  -  -  - 24  -  - 10 33  - 19  -  - 23 30  - 36  -  -  -  - 26  - 18 13  3  - 15  7 22  -  - 11  -  -
 19 14 37 20  -  2 22 34  6 29 18 17 30 31 11 32 21 27  4  9 15  - 25  - 38 12 36  8 35 39  1  7 23  3 33 10  - 28  5 13
  - 37  - 38  - 10 23  - 16 25  9 24 28  - 13 35 31  - 30  6  7  2 33  3  - 17  8 39 34  - 40 36  - 14 19  - 26 18 12 29
  -  - 39 40  -  3 27 12  - 19 37  - 22 20 29 21  1  -  7  2 13 31 35  -  -  - 34  -  -  6  - 10 17  -  -  - 32  - 28  -
  3  - 29  - 33  4 36  - 19  - 27  9  7 11 22 18  - 24 21  - 30 17 10  2 35 20  -  -  -  -  8  - 25 31  - 12  -  1 26  5
  -  - 31 11 24 26 37  - 39  - 23 20  -  4 15 25  -  6 14  -  5 16 21 22  - 40  9  -  -  3 35 17  - 32 29  7  - 38 30 33
 21 23  - 32 15  -  -  - 29  5 20 14 13  - 38 17 22  - 26 18 40 19 30 33  1  -  -  - 24  - 39 27  9 36  8  - 35 25 10 31
  - 25  6 31 27  5  - 15  2 32  8  7  -  9 10 33  3 23 40  - 36 28  - 14  - 26 11  1  4 29 30  -  -  -  - 38  - 21  - 18
 31  -  3  -  -  - 39  - 12 36 34  4 14 19  -  5 38  - 18 20  6 10  -  -  9 29 15 16  2 37 13  - 27  1 40 28 11 30 35 23
  -  1 22 36  -  - 14 37  -  2 38 15 40  -  -  - 32  - 27 25  -  - 29 20  - 24  -  - 16 19  - 26  7 18 10 33  -  6  -  4
 16 11  -  -  -  7 38  6 28 23  - 21 17  - 32 15 14 36 35  1 20 24  9 34 30 37  - 25 22  8 33  5  4 29  - 40 39 19  -  3
 36  -  2  8 32 14 10  3  - 34  - 27  6  7  -  - 13  - 20 29  -  -  -  4  - 35  -  -  - 12  -  -  - 39 16 31  5 40 21 11
  6 31  - 10  9 33  1 30  -  8 11  - 32 38 18 13 24  - 17 26 22 35  -  7  - 19 21  - 25  - 14 40 39 37  -  5 36  - 15 20
 40  -  -  1 28  - 33 11 25 18  - 19 38  3 23  2  5 22 10  7 21  - 32 36  -  4  6 29 31 20 15  -  8 12 13 17  - 35 24 34
  2  - 21  9  6 23  - 26 40  -  -  - 36 14 31 22 30  - 19  - 39 33  4  8 34  5 13 37 27 11  - 25  - 28  -  -  - 10  7 24
  - 24  1  - 22  - 32 19 13  -  - 38 15 21  - 28  -  -  2  -  4  -  -  -  - 14  - 31  - 33  -  - 35  8 39 27 17  3  - 30
  - 35  4  - 16 29  9 38 37  - 28 32 33  -  6 20 17  - 11 40 12  -  3  - 15 36 14  -  - 10  -  - 30 24  -  - 31  -  8 39
  9 15  -  - 17 22  8  7 18  -  2  - 29 25 12  -  - 39  5  -  1 20 27  - 32 16  4 30 14 31 23 33  - 19 38 35  3 26 40 28
  - 20  - 12 26  -  -  -  -  - 10 29  5  -  3  6  -  -  - 35  -  7 40 17  - 11 24 23 28 14 31 21 33  - 30 19  -  -  - 22
