1120
 20  4 11 16 24  7 15  - 27 35 10  6 29  3 36  - 23 14  -  - 32  - 37 34 28  - 40  9 26 21 22 38 13  -  -  1 31 17 33  -
 33  - 17  -  7  -  6  - 11  4 16 28  3  - 35 15 13  -  1 26 23  - 38 27 10 40  8  - 29  - 24  -  -  9  -  - 22  - 18 14
 39 27  -  - 28  - 16  2  - 17  -  1 10 24 11  - 29 31  -  -  - 23 18  5  - 34  4 26 19 35  - 33 15 38  8 20  - 40 22  9
 12  8 37  - 15 30 14  -  - 39  - 16 27  4 31 36 21  6 19  -  1  - 28 38 32  -  9 13 20 29 11 23 22 40  - 18 34  3 10  -
 32  9 19  4 22  6 25 35  7 36 26  -  - 23 39 14  - 12  -  -  - 34  - 20  -  -  2  8 21  - 15 28 18 10 38  -  - 11  3 13
  - 34 40  -  -  8 20 16 17 18 36 31  -  7 19 26 22  -  -  - 15 14 30 24  - 23 28  6  -  - 39  9 12  - 13 32  3  -  -  -
 29 30 24  - 16  -  - 40 33  6 12 13 19  -  8 35 31  -  9  - 27  - 22 21  - 25 39 20  2 11 32 15 37  3  -  -  5  4  -  -
 22  1 39 35 32 28 30 27 14  5 38 20 12 15 29 13  4 16  8 23 37  3  - 31 19  7 25  - 11  6 26  -  -  2 21 17 36  -  9 40
 28  - 13 22  -  - 34 19  9 37  8 12 38  -  -  -  3 35  - 40 36  - 27 18  7 16  - 33 14  2 20 17 29 30  6 23  1 24 15  -
  - 12 20 31 35  -  4  9  - 19  -  5 34  -  -  -  - 23 14  - 18 24 36  7 16  -  -  -  -  - 38  3  8 37 26 39 11  - 30  2
 19 11  - 39 17  3 35 24  - 22  2 26  -  - 10 25  5 37  7  - 40 18  4 30 33 20 36  -  6 16  - 13 21 27  - 28  9 23 31  1
 25 15  4 12  - 17 26 10 21 11  -  - 16 31  - 22  7  3 39  -  2  - 13 14  9  -  5 27 28 38 30 29 36 23  -  6 24  -  - 32
  - 25  -  - 36  - 31 15 35  - 29 32 21 27 40  -  - 28 38 14  3 33 16 17  - 13  -  7 23  -  - 34 39 26  - 19  6 30  - 12
  - 40  9 28 26 15 22  -  6 27 37  -  4  -  - 23  -  8 20  - 14  -  -  3  2 12 30  1  - 34 31 16 38 36  -  -  - 19 32  5
 36 22 15  9  4  2 12  6 20  1  -  - 30  -  -  7  - 26  3  - 33  -  -  - 21 19 11 16 31 23 17 39  - 14  - 40 35  -  - 29
  - 18  -  - 29  4 19 38 31  -  7 27  - 14  - 33 24 34 22 17 30  1 21 37  - 11  - 12 35  3  -  8 20  -  -  -  - 16 25 28
  8  6 33  - 23 38 17 21 10 15  - 11 20  - 14  2 36 39 35 13  - 12  - 19  -  -  -  -  3 22 16  1 30  - 32 34 40  -  - 37
  - 19  - 17  5  - 24 37 16  -  - 23 40 39  4 20 15  9  - 22 31 10 14  2  6  - 35 36  - 12 21  - 25 28 33 27 32 38  7 18
 37 39  -  1 11 10 32 31 12  - 22 17  -  - 25 34  2  7  -  8  5  -  -  4  -  -  - 35 27  -  3 40  6  -  - 33 19  - 16 24
  2 16  -  - 30 29 33  - 18 32  -  - 11  -  9  - 14 20 34 24  - 22  - 10  -  1  - 37  - 39 25  6 27 31  -  -  -  8  -  7
  -  - 32 23  9 20  -  4 19  7  - 30 14 34  1 31 18 17  6  5 12 11  3 40  - 22 24  2 37 26 33  - 35 39 15 25  - 13 36 21
 27  -  - 37 31  - 36 11  - 26 15 24 28 13  - 40 38  -  2 39  - 32  -  - 23 10 34  - 18  5 29 14 17 22 19  - 25  6 12 20
 21  - 34 33  - 16 40  1 23 24 25  -  - 12 17 29 39 38  - 10  - 31 15  -  -  9  -  -  4  - 18  5 14  - 22 37 30 32  6  3
 23 31 28 13 21 24 29 22  -  3  -  4 35  -  7 32 40 10  -  -  -  9  -  1  - 27 12  -  - 36 19 25  -  5 11 26 18 34 14  8
  3 38  -  8 40 39 13 20  - 34  -  7  - 22  5  -  6 30 25 31  - 35 32  - 14 21 33  - 10 17 36  -  4 16 24 29  - 12 11 15
 11 23 18  3  -  -  9  - 26 33  -  - 13  6 20 30 12  - 32 35  -  4 29  - 24  -  -  -  - 31  5  -  - 19  - 10  -  - 21 34
  - 35  - 14 20 11  - 28 15 21  -  - 33 16  - 12 19 29  -  3  -  - 34  -  4  5 31 30 36 24  - 32 26 17  - 22  -  7 13  -
 38 14 12 21  - 35 37 32  - 31 23 19  - 30  - 11 10 18  -  1  - 36  -  -  - 26  3  -  -  9  7  4 33  - 16  8 39  - 40  -
 14  -  - 24 13 32 27 33  3  - 31  9  -  5 15 18 34  2 40  - 19 26 11 22 36  - 38 10 12 30  -  - 23 35  4 16  7  - 39  -
  -  2 27  7  -  -  - 36  -  -  6 22  -  - 18 21  -  - 31 28 11 29 40  - 30  - 26  3 16 33 14 19  5 32 37  4  - 15  - 35
  - 36 31  6  3 21  5  -  - 30 18  - 24 33  - 17  8 11  - 16  9  -  - 25  -  -  1 22 13 37 40  -  2  4 12 38  -  - 29 19
 15 17  -  2  - 40 23 30  - 25 39  -  8 32 38  3  - 13 18  4  - 16  6 29 31 37 19  -  -  - 35 24  - 33  -  5  - 26 28 27
  -  -  - 34  8 26 21  3 25 20 32  -  2 10 33  -  -  - 17  -  - 13  - 12 35  -  -  -  9 18  - 30 28 11 31  7 29 27  -  -
  6  -  5  - 34  - 28 23  - 14  3 38 18  - 16 10 30  4  - 12 35  -  1 36  -  -  - 25  - 13  8 22  - 21 27  9  - 20  -  -
  - 33 10 19 39  -  - 29  4 38 24  -  - 25 28  -  - 40  5 36 16  -  8 13 20  -  - 23  -  - 27  2 34 18 14 30 21 37 17  6
  4  -  -  -  - 14  - 26  - 12  - 34  -  1  - 38 35 32  -  - 17 19  2  - 25  - 16 31 40 28  - 21  3 29  - 11  -  9 37 36
 13  - 35  - 14  -  1  - 29 23 21 15  6  -  3 28 25 27  4  9 24  8 33  - 34 30  - 11 22  -  -  - 31  -  7  2 17  - 19 16
 26  7  - 10  -  -  - 13 38 40 27 18 32 11 12 39 17  - 16 29  -  6  - 35 22 14 15 21  5  -  2  -  9 24  -  -  -  1  4 23
 35 32  - 15 33  1 18 14  5 16 30 10  7 37  -  6 27 36 23 20 26  -  9 39  - 28  - 40 24  8 13 12  - 34  - 31  4 22  - 11
  - 28 29 27 19 23 10  - 36  8 11 39 31  2 26  -  9  -  - 32 13 37  -  - 40  4 21  5 38 14 34 35  7 15  -  - 20  -  - 33
