1120
  -  9 32 11 31 35  -  -  -  - 18 12 25 29  - 20  - 39  5  -  - 21  - 14 38 27 10  7 40 24 37 22  2  4 17  - 33  -  1  -
 10 21 12  -  -  -  5 32 33  -  4 39 11  -  - 14  8 20 22  - 30  2 37 36  - 31 29  -  6  -  7 35 24  -  - 17  1 15 18  -
  3 17 36 27  -  - 37 35  9 34 39  - 14  5 19  2 23 15 12  6  - 38  8  -  -  4 40 32 26 33 18 29 28  - 21 31  - 25  7  -
  -  - 26 28 18  8  2  - 16 24 15 13 17  - 14 21  5  -  -  - 39 12  - 35 30 10 20  4 23  9  6  7  - 36 33 25  -  -  - 40
  -  -  -  5  4 11 26  - 39 12  - 40  - 21  - 15  1 16 34 33 27  -  - 25 23  - 17 10 31 38  2 28  - 30 19 20 22  - 13 14
 39  -  6  -  3  -  -  -  -  1  5 32 20 28  - 34  - 26 10 27 14  - 16  -  2  -  8 24  - 13 17 31 33 23 11  9 25  7 38  -
 24 12 34  7 37 39 31 18  -  - 22 26  3  - 35 32  -  9  -  - 25  - 17  2  8 29 14 36  -  4  -  -  6  - 28 23 21 38 11 20
 25 30 31  - 10 14 40  5 24 13  8  7 26  - 39 33 11  - 35  4 28 22  -  -  6  - 18  3 32 23  -  -  - 27 36 19 15 29  - 21
  - 32 24  - 23  - 12  - 37  - 16 33 15  - 26 27 34 38 40 13  3 30  6  1  -  - 35  8  -  - 39 14  - 11  - 22  7 18 10 31
 17 38  1  3 27  -  7 25 18  - 33  6 19 35  2 10  - 21 30 29 32  - 11  9 13 37  -  -  - 31 23  5 15  -  - 34  - 14 12 26
 32 27 11  - 33 23 24 26 25 31  9 18  -  3 16  - 39 34  -  8  4 40 36  5 21  7  2 38 19  1 22  - 35  -  6 29 17  -  - 12
 36 22  7  - 26  - 35 27 20  -  - 23  - 25  - 38  -  - 29 17  - 34 28  - 24 13 11  -  - 18  3 39 10 21 12 37 30  - 40 15
  - 19 27 33 28  -  1 29 17  - 38  - 23 24 25 37 26 22 11 31 40 18  - 16  -  - 15 14  -  - 32  6 12  7 13 35  9  -  - 34
 23  6 15  - 14 20 17  -  7 26 21 30  8  - 13 28  -  - 33 32  2 36 18 10  1 39 24  -  9  -  - 16  4 25  5 11 34 31  - 35
 37  - 29 10 13 36 14  - 38  -  -  - 34  -  -  3 15  6 25  - 35 39  - 21  - 12 19  - 22  7 24 30  5 31 40 16  -  9  - 11
 35 18 33 37  - 21  6 39  - 29 14 38 31  8  - 36 25  -  4 10 24 16 15 17  7 32  9  - 34 20  - 13  -  2  3  - 11 12 28  -
  -  - 16  -  9  7 34  4 10 32 26 15  - 38 27 30  - 23  8 24  5 14 20  6 12  - 28 39 18  2 31 17  -  -  -  3 19  - 35 25
 12  -  9  - 35 27 29  - 36  6  - 22 18  4  - 31 14 13  -  -  - 11 39  - 25 38 23 15  -  -  - 24  -  - 32 33  -  3  -  2
 18 20 28  - 38  -  9  - 19 40 36 17  -  -  -  -  6 14 21  - 23  -  5 13  4 15 27  -  3  - 30 34 11 35 22  - 29  - 26  7
  9  -  - 13 29 22 27 30  - 17 12 14  - 16 20  6  -  7 18 23 33 15 40 11 19 24  4 35  - 34  -  -  -  -  1  2  -  -  - 37
 16 35  4  6  -  - 19 20  1  - 29  - 33 12 21  - 30 32 15 14  -  3 38 31  - 17 25 11  7  - 13  -  - 37  -  - 24 23  - 27
 15 13 20 23 22  - 32  - 14  5  - 35 21  -  - 17 10  - 28 38 31  9 34  -  - 19  3  -  2  - 29  1 39  6 24 26 27  - 16  8
 13  - 38 15  6  -  -  1  -  -  -  5 16 23  -  9 37 28 39 36 17 26 32 34  - 33  -  2 21 14 25  - 18  -  - 40  -  - 30  -
 11 39  - 14  - 38 25  3  8 35  -  -  9 33  7  -  -  -  -  - 12 28 21 27  5 30  - 23 10 36  -  - 13  -  - 24 20  -  -  -
  6 29 10  - 39  3 30 34 11  - 20  -  - 40 12 35  9 24  -  2 36 13 31 28 37 21 38 22 27 19  4 32 16  -  - 14 26 33 15  -
  -  7 21  -  5  - 11 14  6  -  - 31 38 10  - 39  2 40 24 12  8  4  - 33 15 25 34 17 29 16  -  3 19 22  - 13 23  - 37 36
  -  -  - 16 40  - 15  - 26 28 34 37 36 31 33  -  - 11 20 35 29  5 22  8 32  - 30 13 14 10  9 19  - 12  7 18  3  - 23  -
  4  5  -  - 21 16 36 23  - 39 13 27 40  6 24  1  - 33  - 34 15 19 12  - 10 28 37  -  - 11 14 25  3 29 26 30 38  -  8 22
 19  1 18 29 25 40 16 12 32 10  6 24  -  - 28  - 31 36  9 39  7  -  3 22 14  8 13 21 38 15  5  -  - 20  2  - 35  - 17 33
  - 28  -  4  2  5 10  -  -  9 25  -  -  - 34 18  -  8 36 37 19 32 14 15  -  - 31 12 39  -  - 23 20 33 38  - 13  -  3  -
  -  2  5 40  7 15 33 17 13 30 27 28 37  -  - 12 24  3 31 21  9 25 26  - 16  - 32  -  -  - 11 36 38  -  -  - 10  4 22  6
  - 34  -  -  - 13  3  -  - 15  - 19 28  -  -  -  - 35  7 16  -  6  9 32  -  -  1 27 33 39 36 26 23  -  4  - 37  5 25  -
  - 16  -  -  - 33 18 22 40 36  - 20 29  9 15  5 27  2 13  7 21  - 25 38 31  -  -  -  - 35 34  - 37 19  -  - 39  -  6 10
  7  3  - 38  -  -  - 10  2 21  -  1 27  - 36  - 28 19 17 11  -  - 24  -  - 34 16 25 12  - 35  -  9  -  - 39  -  6  -  4
 40 25 35 24  1  6  - 15 30 16 11 36  - 17  -  - 12 18 14 26  - 10 29  - 34 23 21  5 37  8 19 27 31 39  - 38  2 32 33  9
 22 26 39  - 12 32 38 19  - 11 23  2  -  7  -  - 17 25  -  - 37 24 10  - 20  - 33 34 30  - 27  9  - 15 18 21 36  -  -  5
  -  - 30 34 32  -  4  -  3  7 35 25  5 22  - 26 13 10  6 19  - 23  - 37 11  - 39 33  -  - 12 20 36 40 16  1  - 17  - 38
 33  - 22  9 34  1  - 31  - 25 28  - 30 36  -  -  -  -  2 18 38 27  - 23 29  - 26 37 35 32  - 40  7 17 14 10  -  -  4  -
 28 36 25  -  - 17  -  6  - 37  -  3  2 20  -  4 18 30  -  - 26 31 33  7 40  - 22 29  - 27 10 38  8  - 34  - 12  - 19 32
 38 14 19 36  8  - 22  -  - 23 37 34 35  -  - 11  4  -  3 25 13 20  -  -  9  -  5 30  - 17 16  - 21 10 27  - 18  -  -  -
