1120
 33 19 22  9 40  2  -  - 36 32 30  6 21 27  - 15  - 39 13 12  3 35  - 29 17  - 28 18 34  - 20 37  - 31  5  1  - 14  8 23
 22  2 37  - 13 16  - 31 23  -  - 40 10  -  - 19  - 33 29 30 34  7  -  8  -  - 25  5  6  - 38 12  1  - 20 18  - 17  - 27
 27 36  5 40  4 32  8 23  -  -  -  - 12 24 22 30  - 25 18 14 37 29 28 15  6  2 39  1  - 20 16  -  7  - 31  9  -  - 26 10
 19  -  - 16 25 40 28 36  4 31  -  - 29  3  - 35  -  -  -  - 32 13 39 30  - 22  -  - 27  -  9  - 10  1  -  6  -  - 23  2
 23  - 29 32 37  -  -  7  2  - 34  - 28 35 15  -  5  - 40  - 27 16  3 20 12 31 13 21  -  - 36 30  4 22 38 33  -  - 11 25
  4 14 17 24 39  -  3 26  - 11 32 34  -  5 23  2  1 15  9 18 36 12 10 27  - 20 22  7  - 40 21 13  - 37  -  - 16 19 25 30
  - 39 15 37 26 34  - 16 30  7 38 31  4 19  -  3 27  8  - 24 29  - 21  -  -  5 18 32  9 33 28 20  -  -  1 12 23 13  - 17
  7 23 24  -  8 25  5  -  -  6  -  4 39 22  - 20  -  -  -  -  - 27 18  - 26 36  3 16  - 17 31  -  - 19 11 13 21 29  2  -
 38  7 35  -  3  - 15  - 31  9 27  -  -  - 29 37 19 36 11  - 24  - 23 16  - 34 30 28 40  4 12 22 17 20  -  - 18  -  -  -
  -  -  9  7 32  3 24  5 40 16  - 36 13 17 10  -  8 20 30 34 21  1 26 18 23  6 38  4 35  -  - 11  - 29 14  - 37  - 19 39
  3  - 30 18 38  - 21  -  1 13  - 39 31 32  4 33 10  - 19 20  -  - 34  9 35 40 17 27 37 12 26 14 11  5  -  -  6  2  7  -
 32  -  -  6 21  9 12 35 22 23 14  - 20 38 13 27  4 26  7 10 30 37  1  3 15 19 24 25  - 31 33 40 39 18  - 28  2 11  5  -
 15 22  - 33  - 11  - 37  9 25  3  - 27  -  -  -  6  - 12  - 26  -  - 35 20  -  - 23 14 28  8  -  2 17 24 34  - 31 36  5
 39 37  -  - 14  - 32 30 28 36 21  -  - 15  -  - 38 31  - 29 13  3 19 12 40 11  -  -  -  - 22  - 34 16  -  5 27  6 10 35
  -  -  - 17 11 24 19  6 20  8  - 23  - 14 35 32 15 10  1 21 39  - 29 22  4  7  - 13  - 38  5 31  - 36 33 25 34 37 16 18
  - 38 26  - 36  -  - 20  - 29 40 15  5  - 31 21 22 12 24 37  - 33 32 28  -  - 35  9  -  -  2  -  - 27  -  3 19  -  -  1
 11  - 18 27  6  - 34 15 37 10  - 32 35 12 36  - 33  -  -  -  - 31  -  -  - 23  8 38 39 22 40  -  9  - 16 24  7 21 13 26
  - 13 31 26 20 12  - 17 21 34 33  -  7  -  - 38  -  - 28 15  - 22  6  -  9 10 36  8  - 37  -  - 19 11 25  -  -  - 35 14
 37 30  4 12 31 13 33 14 18  2  - 28  8  7 32  -  3 29  - 11  - 21  - 36 16 27  6  - 38 35 39  5  -  -  9 22 15 25  -  -
  -  -  - 38  - 23  -  -  -  -  -  - 30  4 39 26 21 18 37 16 19 40 22  5  7 35 20  - 13 36  - 25 31  -  6 14  3  1 32  8
  -  3 10  - 16  -  9 34 11  -  - 21 22 33 18  5 39  - 31  6 25 23 12  7 13 38  -  2 26  -  1 29  -  - 27 20  -  4 24  -
 14 17 23  -  -  7  - 19  - 30  - 13  -  -  - 10  -  - 39  4  - 15  -  - 18  - 11 22  - 32  - 27 12  -  3 26  - 35  1 20
 35  - 38 11  - 19 29  9  - 14 17 24 15  - 34 13  -  5  - 25  -  -  8 37  -  - 33  - 31  3 30  - 36  -  2 32  4  - 12 21
 40 32  6  - 19 17  1 33 14  3  - 10  2  - 11 22  -  7 26  5 12  8 36  - 38 37 27 29  4 21 15 23 28 24 30 16 35  9 20 13
 13  -  -  -  1 21  -  - 10  - 25 33 18  -  - 28 11  - 35 31 17 34  7 39  -  - 40 14 20 23 37  -  3  9  -  - 32 16  - 29
  - 40  - 35 29  -  6  -  7  - 22 38 11  9  - 36 14  2 32  - 31  4 33  -  8 39 37 20  - 10 24 28  -  3 34 30 12 23 18 15
  - 20  8 15  -  4 35 28  - 12 26 29 33 10  - 31  - 27 16  1  - 32 14  -  - 30  7 19 18 25  6  9 21 23  - 17 36 38 40 37
 26  5 28 34 10 33 40  8  - 39  -  1 16  - 12  - 37 19  - 22  -  -  -  -  - 32  - 30 11 18 14  - 23 15 35  -  9 36 21  7
  8 31 34 29  -  - 25  - 17 35 18 27 36 20 28  - 13  - 22 19 14 38  9  -  -  -  - 12 30 26  3  2  -  6 37  - 40  -  4 11
 12  1 20  - 18  8 39  - 27 24  -  2 34  -  - 11 31 23 25  -  -  9 13  - 37 26 14 15  - 30  - 19  - 38 40  - 17  - 22 28
 28 27 32 23 12  - 17 24  6  -  4  3  - 11  -  - 20  -  -  - 10 14 40 25  -  -  -  - 16  2 29 26  5  7  - 21  8  - 31  -
  - 35  7 22  5  -  -  - 33 26 31 14 23  -  8  9 12 11  - 32  - 19  -  1 30 13  -  - 15 34 17  -  - 39 28 40  - 27  3  4
 16  -  -  -  - 15  -  - 38  - 12  8  9 34 24  - 35  - 23  - 18 39 30 19 27  -  -  6 22 13 11  - 37 14  7  - 20 26  - 31
 18  - 13 19 33  -  7 39  - 20 28  -  3 36 40  6  -  -  8  2 35  -  - 23 21  - 29 31  -  5  4 16 22 34 32 37  1  - 27  -
  - 26  - 39  - 22 37  3 16  5  - 35  - 23 20 40 30  -  - 33  4 17 27  - 29  8 34 11  -  7 13  6 18 12 36 31 25 10  -  -
 20  9  - 14  7 27  4 18 29 15  - 22  - 13  1 17  -  - 10 39 23 24 16 38 25 12 21 34  -  -  - 35 30 33 19  -  - 28 37  3
 21 11 27 25 22 29 31 40 19  -  6 18 24 28  2  8  -  - 14 23  5 20 37 10  -  - 12 33  -  -  -  3 26 35  - 15  - 39 38  -
 30 10  -  5 17  - 38 21  -  1  -  7  -  6 14 16  -  -  - 27  - 36  - 26 34  - 23  - 12 39 19 15 20  -  - 11 33 18  9 24
 36 18 16  2 34 20 13 12 32  -  -  5 25 37 19  1  - 30  3 28 15 26  - 31 14  -  - 40  - 29 23  -  6  8 21  - 22 33  -  -
  -  4  -  - 35  -  - 11  - 22 23  - 37 40 17 24 16 13 15  7 38 28  5 14  - 18  9 36 21  8 27 34 29 32 10 19 26 30 39 33
