1120
  - 37  -  - 24  -  - 32 21 14  - 39 35 33 19 28  4 31  5 40 13  -  - 12  6 10 11  - 15  7 20 22 29 18 27 36  -  -  -  2
  2 39  - 30 40  -  - 24  -  - 36 34 20  8 25 31 19  -  - 14  6  -  - 38  - 35  7  -  3 23  - 21  - 28 33 22  - 26 12 15
  -  5  7 25 13 23 29  - 12  -  -  -  -  6  - 38 28 39  -  -  - 18 30 40  - 34 31 19  -  -  - 14  -  8 35 16  -  3 11  1
 13  2 39 27 32 33 21  - 25  - 12 38  1 37 23 17  - 35 31  - 29  3  7  - 16 36  - 24  9  - 26 30 11 22 40  5  4 10  - 14
  6 17 31  - 20 11 34  -  2 26 16  -  3 10  -  -  - 14  - 35 22  - 40  - 23 29 24 15 28  -  7  - 30  5  -  - 18  -  -  4
 17  - 14 28 22 24  5  -  - 10 23 32  -  -  - 40  - 33 27  9  - 31 34 35 15  -  -  - 20 25 16  -  8 19  -  -  3 21 18  -
  1  - 27 39 25 34 40 16 37 24 20 11 30 15  - 22 17 23  -  8 10 26  6  -  - 28  - 36  - 35  -  -  - 32  4 14 33 19  -  -
 14  -  3 31  5 15 17  9 19 23 40 24  -  -  - 27 32 10 22 37 20 33 35  -  4 39 25  -  8 13  - 16  7  - 26  - 21 30  -  6
 24 40 26 18  6 36  2 13 17  -  7  8 25  - 15 23  -  5 30  -  1 12  9 37 35 19 27 39 16 20  -  4  - 33  - 28 14  -  3  -
 12  4 10 36 26  8  6  5 34 32 37 21  2 22 40 29 13 17 14 15  - 27  3  -  9  -  - 23  -  -  - 18 19 35 25 31 11 38  - 39
 33  -  -  7 37  4 11  -  - 34 27 12 38 40 16  - 30  2  -  5 18  -  -  8 17 14 39  -  -  3 28 26  - 24 36  - 13 22 19 31
  -  - 15  9  8  -  - 17 11 25 32 14 24  - 35  2 18 36  -  - 12  - 13  4 33  6 26 40  5  - 10 37 22 30 38 29 39  7 28 23
 31 35  -  - 30  5  -  - 32 11  8 13  - 36  2  1  7  - 10  6  3  - 12  - 25  - 21 28 33  - 18 23  -  - 34 17  -  4  -  -
 30  6  -  -  - 22  -  - 15  -  5  -  -  -  -  -  - 25  - 39  - 35 16  -  - 23 12  - 40 28 21 19  -  -  9  7 17 24 32 11
  - 31 21  - 16 20  - 29 39 19 10  -  - 38 26  -  - 34 12 28 14 17  - 18  -  2  4 25 32 15  -  5 33  -  1 11  9  -  - 35
  - 27 19 12  1  - 15 30  -  - 34 23 26  2  9 35  8 16 28 17  5  - 38 24 39 11 40  7 22 14 36 20 13 10  -  -  - 37  - 21
  4 24  -  2  7 31 23  8 13  - 39 19 16  5 14  -  -  - 35  - 25 15 17 11 38 37 32 30 36 22 12  -  - 34 29  3 20  1 33  -
  -  - 29  -  -  9 30 25  - 40  6 36 23 13 27 32  2  -  - 12 15  - 22  - 21  -  3  4 11 17  8  -  -  - 24 34 19 28 35 26
  -  -  -  - 12 32  - 11 28  - 26  - 33  -  -  -  - 24  - 38 35 36  -  -  -  -  5  - 23  -  -  2 21  6  -  4  -  - 20  -
 27 34 40  - 38 19 18 10 22 30 13 28 12 29 21  - 35  1 16 32 11 23  8  - 31  - 36 20 14  2  -  - 15  9  -  -  6  -  7 25
 40 32  - 15 34 30  3  4 23 12  -  5  - 19 20  - 39  6  -  - 36  -  -  7 28 27 22  -  -  9  -  - 16  2 10  - 26 17 29 33
  5  -  - 40  2 38 35  -  -  3 29 17  4  - 28 34 24 32  7 25  - 22 20 30 11  -  1  8  6 21 37 15 27 12 19  -  - 31 39  -
 10  - 35 13 15 37  -  1 38  -  4  - 29  -  5  - 23 21 32 30  2 11  -  - 19 33 34 26  - 24 39 25  3 20 22 40 28  - 17 12
 35 21  4 22 36 17  - 31  8 33 11 30 14 39  6 18  5  -  - 29  7 28 10  -  - 26  -  - 24  - 25  - 20  1 32  -  - 13  9 19
  3  -  -  4 17  - 20 26  9 37 31  -  - 30  -  7  - 12 25 23 16  - 36 22 10 40  - 38 35 27  6 32  5 39 15 18  - 34  2 24
 11  -  2 14 39  - 32  - 30  - 38  - 13  - 36 10  - 20  4  7 33 25  - 16 29  -  - 18  - 12 35  -  - 15 23 24  8 27 26 34
 39 18 33 21  - 13 38  - 10 20  - 40  7  9  - 30 37 27  -  1  4  - 29  -  - 32  6 31 17 26 19 36 25  -  -  2 34 15  -  -
  - 10 34  5 11 25  7  -  -  -  3 35 22 16 12 19 20 28  6 31 27 32  4 13 26  - 15 17  - 30 24  8 36 21  2 23 29 39 37 40
 36 30 13  8 21  - 39  -  - 16  9  -  6  -  - 11  -  - 18  2 28  - 24  - 20 38 23 12  - 19  - 33  1 14  - 15 35 40  - 32
 16 38 11 10  - 27  - 35 14 13 21 29 15  - 33 12  - 40 34 19  -  - 28 25  1 30 18  9 39 32  -  3  -  -  - 37 24  - 31  -
 29 33  -  -  -  -  4 38  -  2 19 15  - 35 18  3 27  8 26 34  - 39 11  9 24 13 30 10 25  -  1  - 28 31  -  - 32 16 21  -
 15 23 16 29 19 35  - 39 20  7  - 18 32 28  4  5 31 30  - 36  - 40 21 27  - 12  9  1 13  8  - 38  2  3  -  -  - 11  - 17
 34 26  - 16 10  6 28  - 36 31 30 20 18 12  1 25 38 22  -  - 21  -  - 33  -  - 37  -  4 29  -  7 14 17  8 27  -  -  -  3
 37 20 12  -  9 26  1  6 24 28  2 22 27  4 38 36  3  -  - 21 40  - 32 15  8  - 33 29 34 18 17 35 31  - 16 10  -  - 14  5
  - 28  - 19 27 10 25  -  3  5  - 31 17 24  - 20 16 37  -  4 38  6  -  - 18  -  -  -  - 11 32  - 12  -  - 35  7 33  1 30
  -  -  1  - 28  - 31  7 40 38 18  4  - 11 39 15  - 29 24 27 30 21 19 10  - 25 14  - 37  -  3 13 23  -  -  -  2 32  6 16
 28 29  - 38  - 39 24  -  4 17  - 16 34  - 22 14 26  7  - 13 23  - 15  5  - 21 19 33 12 31 30  -  -  -  - 32  - 36 10 18
 25 13  - 37  4  7  - 28 18 35 24 27  -  - 11 26 33  9  3 10 31  1  2  - 12  - 16 21  - 38  -  6 34 40 14 39  5  - 15 29
 19  7 37 11  -  2  -  - 35  1 25  6  5 32  8 24 36  -  - 16  - 30 33 20  3  -  - 22 38 39  - 31 26  -  -  9 12 18  4 28
  -  - 17  - 31  - 13 12 16 22 33  -  -  3 10  -  -  - 23 18 19  - 25  1  5 20 35  -  - 36  9 24 40  - 28  - 38  - 27  -
