1120
  - 21 19 11 26  6 13 15  8 14 31  - 20  -  - 23 24 27 30  9 17 34  1 35 25 40  2 12 22 37 10  -  - 36 39  4 18 32  -  5
 27 30  -  6 37  -  - 23  - 12 10  1 14 22  5 25  -  7  - 17  3  2  9  - 35  - 40  - 31 13 26 21 33  -  -  - 29 11 39  8
 36 34  1 40  9 13  - 22  -  -  4  - 38  - 31  - 12 17  - 30 18  - 21  - 10  3 29 32  7  -  - 37  5 11  - 25 33 27 14  -
  - 15 40  -  - 30  6 34 12 35  - 22 23 25 20  -  -  - 26  -  2  4 17 31 13 11  -  -  - 39  -  -  -  7 32 24  -  1  - 10
  4  -  -  -  -  - 34 29  - 11  8  9  -  - 15  - 32 31 12 13 16  -  -  -  7  - 23  - 37 18  5 38 30  1 40  - 26 20  - 17
  -  - 31  -  - 35 17 10  1 21  - 26 32  7 13 27 34  - 29  -  -  -  5  -  2  - 39  -  - 14 15  -  9 37 24  -  - 25 40  -
 20  -  -  9  4  - 24 18 19  - 33 36  - 38  -  -  8 26 13 22  5 17  - 30  3  7  -  -  6  1  -  -  -  - 16 14 15 37 11  -
 35 13 28 22  2  -  -  4 21 33  6 14 24  - 25  1  7 36 19 18 40  -  3 10 30  - 27 23 11 26  8 39 20 17  -  - 12  - 31 34
  - 37  -  -  -  -  -  8 33 17 26 12 30 19  - 10  - 32  -  6 31 24  -  4 38  -  -  - 13 20 11  - 15 21  -  7  5  -  - 28
 24  -  2  -  - 29  5 33 32  - 17  - 27 10 30  - 19  -  - 35 36  - 15  - 14  - 26  7 23  - 28 34 40 16  - 39 11  -  -  -
 30 28  - 10  7  8  9 35 14  - 20 21 29  - 38 26 17 25  - 40 34  - 31  6  -  -  3 16 33  -  2  - 37  - 18  -  -  - 24 15
  2 12 34  - 10  - 22  - 38 26  5 31 17 24 40 18 29 15 39  -  -  - 32 27 16 13  7  -  - 33  1 19  -  -  - 30  - 28  - 35
 15  - 27 16  8 21 18  -  9 32 40  5  2  - 17 22 31  -  7  -  - 29 37  -  4 34 28 11  - 24  -  6  - 35  1  - 38  3 20  -
  -  - 30  -  -  7 36 17 16 10  - 18 25  9 28 38  4 23  - 11  6 32  -  - 24 15 35 13  -  - 39  3 26  8 27 37  - 29  -  -
 18  - 12  5 39 11  -  7  -  - 38  -  - 14 23  - 20  - 37 32  - 16 26  - 17 22 10  - 25  - 29 40  8 15  -  - 34 36 27  2
 21  -  - 38 24 37 10  - 13  -  2 29 18 26 19 16 22 14 40  - 35 30  -  7 33  -  -  9 28  -  4  - 25  - 31  - 36  -  1  6
 25 18  -  - 23  -  - 36  - 37 39 11  1  2  9 14 27  - 21 16 20  -  - 22 26  5  - 35  -  -  7  - 31  -  -  - 32 33 30  -
  8 35  -  1 32 18 25 21 36 23 29 34  3  -  6 24 39 30 14 10  - 13 19 28  9 27 12 22 16 31 20  2 17 33  4 38  -  7  - 26
  9  6 13  - 29  - 20 38  5  8 12  - 26 39 36  - 37 28 18  -  4 27  -  1 34 30 21 40  3 11  - 24 10  - 15 17 25 19 33  -
 39 17  6  - 40 12  3 27 25 28  - 10  -  -  4 37  -  -  5  -  1 11 30  - 23 33 18  -  -  7 22 14 32 38 13 26 20 24 21  9
  -  1 36 39  - 10 33  2  -  5 18 37  4  -  7 17  -  - 28  - 32  - 22 20  - 29  8  - 14  -  -  9 19 25 12 16 31 34  - 30
 10  -  - 29 11 26  - 14 39  7  - 32  9 31 27  4  - 33  -  - 19 25  -  8  5  - 24  6  - 40  3  -  1  - 30  - 22  -  2 18
  7 26 16 28 15  5 30 37  - 25  9 27 19  6 22 32  - 24  3  - 29  -  - 34 39 18 17 38  8  -  - 11 23 20 21  -  4 13 36 14
 38  - 23  -  - 34 19 26 17 31  -  7 36 30 11 28  - 37 22  -  -  6 14 13 21  - 32 33 15 10 12  -  2  - 20  - 39  -  8 27
 37 38  7 14 20 23 15  - 31 22 25 35 34 12  - 40  1 39  - 21  - 19  - 11  6 36 30  - 27  5 17 26 13 18  8  -  -  2 10 32
  - 16 15  - 17 24 11 20 26 29  - 25 28  -  1  8 38 13  - 39 37 33  7 32  -  4 19 10  2 34  9 18 22 14  - 21  6  5 35 23
  5 29  - 21  - 38 37  - 22 19  -  4  -  - 24  - 40  - 34 28 27 15  -  2 12 20  - 18  -  - 16 23  7 31 17  6  3  - 26  -
 19 22 26 12 34 40 29  -  -  9  1  -  6 18 21  - 28 38 11  -  -  - 39 25 15 23 13  -  -  - 27  -  - 10  2 33  - 31  4 16
 26  9  5 34  -  - 14  1  6 20  3 13  7  4  2 12 11  - 27  - 33 10 16 40 37  -  - 17 21 32 31  - 24 29 19 15 23  - 38  -
 31 20 29 30  - 32  7  -  3 40 27 17 15  - 35 36  6  5  -  4  - 26 25  - 18  1 38  -  9 21 23  - 11  2  - 34 24 39  -  -
  -  - 39 26 25 14  1 24 18 30 34 19  5 20  - 15 21  - 38  - 22  -  8 37 28 32  4  -  -  9  - 13 16 12 35  - 27  - 23 31
  - 32 10  3 21  -  4 30 27 34  - 23 22 15 33  - 14 16  6  - 26 31 18  -  8 12  - 25  5  -  -  - 39 28  -  -  2 17 29  -
 33 23  9 15  5  4  - 31  7 24  - 39 12 37  - 30  2 35 16  3 14  8  -  -  -  -  -  1 26 29  -  -  -  - 25 22 13 40 28  -
  -  2 17 37 30  - 39  5  -  - 13 33  - 11 12  - 36 22  - 38 15 20  4  - 19  -  -  - 29  3 25  - 21 40 10 27  7 14 18  -
 29  7 33 18 38  - 12 11 37 13  - 16 10  1  8  6 15  - 35 25 23  5 28 19 22  - 31 30 36 27  - 17  3 39 14  -  9 26 32 20
  -  8  4  -  3 33 40 28 24  - 35  -  - 17 18  - 23 34 25  1  - 38 36  - 27 31 14  5 39  - 37  7  6  - 26 10  -  - 19 13
 14 24 38 17  - 28  2 40 34  1 23  3 21 13 39 31 33 11 15 19 30  7  - 29  - 10  -  -  4 16  6  - 36  5 22  -  8  - 37 12
 13  -  -  - 31 39 28  - 23 36  7  -  - 34 14  9  - 40 33  8 24 18 20 12 11  - 16 29 30 15 32 10 38 26  -  2  -  4 17  3
 17  5  -  7 27 22 26  -  4  6 16  - 31  - 37 11 30 29  - 20 21  3  -  -  -  - 15 14 38  - 18  1 12  - 28  -  -  -  - 25
  -  -  -  2 22 19  -  - 30 18  -  -  - 21 26  7  - 20 31 34 10 23  -  3 29 25  - 37 12  - 13  -  - 32 36 11 35 38  - 33
