1120
  3 11 16 22  7 35  6 19  -  -  -  -  - 27 30  1  -  - 34 14 37 26 24 23  2  8 17  -  - 33 21 25 20  - 28 13  - 32 36 38
  - 33  -  -  - 19 16  -  -  -  -  -  7 26  - 13  - 32  - 30 28  -  - 11 14  -  - 36 39 22  -  - 17 24  6  5 15  2 38 35
 22  -  - 10 31  - 33  -  -  6 38 29 35 32  - 21 20  - 25 26  1  - 28  -  -  7  -  -  -  - 19  3 11 18  -  -  8  9 14  -
 14 39 34 20 33 30 21 40 23 27  2 38  -  6 18  -  4 11 13 19  - 29 10 36 24  5  9 37  - 28  8  -  7 22  -  - 26 35  1 16
  5 31 26  - 38  8 20 24  2 39 22  6 21  - 37 18 12 17  - 10 11 32 23 28 27  -  - 30 13  - 29  1 16 33  9 34  -  - 15  3
 10  - 21  3  -  -  -  - 26 38 29 11 32 31 17  - 35 23 28  - 12 33 14 18 15 24  -  8  -  9  1  7  6 13 20  - 37 19 34 25
 34 24 28 18 20  - 27  1  4  9  8  -  -  - 14  - 32 35 16 22 33 10 30  5  -  - 37 19 23 12  - 29 38 36 25 26  - 17 39  -
 40 36 35 28  - 32 24  7 27  2  4 39  - 13 21 26  - 34 14  -  -  8  - 16 22  -  6  - 17  3 30  9  1  -  5  - 18 33  - 20
  4 15 17  - 34 21  -  - 22 40  - 18 10  -  - 29  8 14  1 31 30 39 20 25  - 23 24  9 16  2  - 36  - 28  7  6 33 37 27 12
 23 32  5 16 18  4  3 22 10 35 26 21  -  - 11 33  - 37  -  -  8 28 39 30 19  -  - 13  - 25  - 15 27  -  - 24  -  -  6  2
  -  - 30  8  -  -  - 16 36 20 33  -  5 21 31  -  -  - 17  4 40  2  3 37 38  1 27 32 19  - 35 12 39  - 13 28 14 24 22 29
  6 12 13  2 30 27 23 29  1  7 17 37  -  -  - 34  -  -  - 32  9 40  5 19  -  -  - 33  8 15  - 22  - 14  - 25 36 20 16 31
 33 26  - 13 15 16  1  6  - 10  -  -  -  3 28 32 27 24  8  -  7  - 11  2  - 38 40  -  - 31  - 14 12  -  - 21 29  - 37  -
  -  -  9 27 40  6 26 21  7 18 31  - 30 22  - 24 23 12 11  8 16  -  -  - 25 20  -  3 10  - 33  - 14 38 17  1  4 29  -  -
 24 25  -  -  - 31 18 35 30  4  -  - 36  -  8 12 13 27 32 34 20  5 22  -  -  -  - 21  - 16 26 28 33  3  -  -  9  - 10 15
 12  - 37  - 27  - 34 10 15 26 21 22 33  -  -  -  - 36  -  5  6 25 18 39  -  -  - 29  -  - 14 17 13 16 31 19  -  -  3  -
 28 18 38  - 36  -  - 27 35  -  1  4  - 40 10  3 22 33 15 20  -  -  6 29  - 14 30 25 37  -  5  - 23 39 32 31 34  - 21  -
 38  - 22 37  -  1  - 23  -  - 25 15 28  -  - 20 14  7 36  6  2  - 34 33 10 17 18  5  - 27  3 31 32  4 40 16  -  - 13 19
  -  - 12  4 24  3 39  -  - 31  - 16  - 29  5 38 36  9 18 13 19 23 21  7  6 35  - 17 27 14 34  - 37 25 30  -  - 15 33  -
 13  6 24 21  -  -  - 37 18 22 34  5  -  -  -  2  - 29  3 28 38 15 40 10  1 27 19  -  -  -  - 33  -  8  - 32 35  7 26 17
  - 30 29  - 13  7  9 11 37  1 40  - 22 36 39  4 18 26 33  3 14  -  -  - 23 12  2 34 28 21 25  6  5 32 35  - 27 38 31 10
 35  - 11 34  8 20  - 25  -  5 18 13  - 12 23 37  - 39 31 33  - 16 32 22 26  - 15  -  -  -  - 38  3 29  -  -  -  -  4  -
 17  - 10 25  2 12 29  5 28 23 30 33 15  - 38 14  - 31 27  - 24  -  -  6  - 26 13  -  1  8  - 35 34 40 18  -  -  3  -  -
 29  -  7 33 10 37  - 34  5 21  - 31  8 23 13  -  -  -  - 16 25 17 12  3 18 32  1 38 22  4  - 24 30  -  - 14 39 11  9  -
 31  -  6  5 39 14  -  - 32  - 16 35 26  -  4  9 25  1 29 23 34  -  - 17  -  - 22 24 20 18  2  - 40 11  -  7  -  8  - 27
 20  7 31 30  9 15 22  - 21 33 37 32 16 38  -  5 24  - 12  - 17  - 19 35 34  4  - 14  - 11 13  - 29  -  -  -  - 28  8 40
 21 27  3  7 14 40 28  -  9 30 32 12  1 20  - 15 31  - 37  - 10  6 13 38 29 22 34  - 26 24 11  8 18 23 39  - 17 16  5  4
 16 29  8 15 26  -  -  4 13 14  -  3 40 37  -  -  2  5  - 24 22 35  - 27  - 39 11  - 18  6  9  -  -  - 33  -  -  - 17  7
  7  3  - 11 23  -  - 30 33  -  - 34 12  9  -  - 10 19 20 27 31 36  -  4 40  - 21  - 25 29 17  - 26  2  8 35  5  6 28  -
 36  -  - 14  -  -  8 38  3 19 12  - 34  2 15  - 16 40 35 37  4 20  - 21 28  - 10 26 31  5 27 18  - 30 22  - 11 23  -  -
 18  - 25  - 29 11 15  - 24 37 19  -  - 34  7 16  - 21 39  -  5  - 31  9  -  -  - 28  -  -  6  4 35  - 12 33 32 13  - 22
  9 16 33 38 22 25 14 17  - 32 27  -  -  5 26 10  - 28 21 15 13 18  7  8 39  2 31 23 34  - 12 11  - 35  - 37  3  - 24  1
 25  8 19 32 16 33  - 20 40  -  5  -  4  -  6 35 29  3  2 11  -  7 37 34 12 31 23 22  -  1 18 39  9 17 36 15 10 27  - 14
 32 21 20 12  - 18  - 15  -  - 24 36 29  -  - 17 37 10  -  7  - 22  -  -  5 13 25 11  6 38  - 26  8  1  4  9 16 14 40 28
  2 34 15  -  3 26  7  - 29  -  - 14  - 10 16  8  -  -  -  9 35 19  -  1  - 37  - 31 40 17 36 23 28 21  -  -  - 25 32 11
  - 17  4  - 25 24 30  9 38 11 20  - 37  - 22 40 15  -  -  2  - 21  8  - 31 16  -  1  - 39  7  - 36  5  -  -  -  -  -  -
 37  1 27 31 28 29  -  3 25  8  - 20 38  - 34 30  7  -  - 35 39  9 26 14 21 36  5  -  - 23  - 16  2 19 11  4  -  - 18 33
 30 28 18  - 17 34  -  -  -  -  9 10  3  8 27 31  6  4 38 39 23  1 29  - 35 25  -  - 14  - 24  5 22  - 19 20  - 21 11 37
 19 38  2  - 11  -  - 32 31 13 23 27 25 16  -  - 40  8  9 17 15 14  -  -  -  -  -  -  -  -  -  - 10 37  -  - 28  - 35 18
 27  - 39  9 12 13  - 26  -  3 11  8  2  7  - 19 34 25  - 38 18 31  - 24 37 28 35  -  - 36  4 30 15  6  -  -  1  5 23  -
