1120
 10  - 17 18 34 12  - 20 16 15 27 25  -  6  - 13 36 26 28  -  4  9 30 24 31 11 19 32  -  2  -  -  5  -  - 23  - 38  7  -
 22 29  -  8  9  -  2 28 31  -  -  -  - 30 35 11 27  6  5  -  -  - 36  -  -  -  - 33  -  -  4  -  -  -  - 19 38 16 34  -
 28 10  - 36 33  -  -  - 40 35  6 12 22 38  -  - 23  1 18 15  5  -  - 32 16  - 13 14 20 30 11  - 19 24 29 17  7  -  9 26
 27 40  7 17  5  3  - 26  -  -  -  8  - 37 12 31  2 35  - 36 33 19  - 25  - 22  - 18 38 24 29  - 13  -  -  -  4 20  -  6
 24 26  -  - 23 17 15  -  -  -  -  2 32 18  - 12 10 14  - 25  -  8  -  -  - 13  - 19 28 36 35 20  - 11  -  6 39 27 37  -
  5 34  1 33  - 25 30 29  3  -  -  -  - 28  7  8 39  - 14 22 40 12 32 15  - 21 26 27  - 31 16 35 20  - 23  9 10 18  6 38
 34 17  - 14  -  6  -  2  - 36 16 19  - 26  4  -  - 27 24  - 31 40 23  -  - 25 28  1  7 35 18  - 21 33 10  3  -  -  -  -
  -  - 10 22 25  -  -  9 26 16 18 20  6  - 21 34 12 13  2 24 38 31 37 33  - 27  -  - 36 23 14  - 28  8  -  -  5  7 17  -
 31 24  - 38 32  - 34 21  -  8  1  -  -  - 14 36 25 11 26  2 17 28 13  3 29  4  6 23 12  - 39 40  7 22 20  - 37 10 16 15
 14  -  -  3 30  -  -  - 32 37 10  -  -  -  1  4 16 31 13  - 36  -  - 23 26  - 35  - 39 34  7 33  - 15  2 20  9 21  - 28
  3  8 12  2  - 36 38 22  - 17 33 34  - 32  - 35 19 16  9  - 11 37  -  4 10  -  - 39 40 26  5 24  1 28  -  -  6  - 23  -
 18 36 11 21 20 39 32 13  -  4 22 29 23  3 28  - 38  - 34 14 35 15 16  -  1 33 10 12 27  6 19 25  - 26  - 40 17 31  -  8
 40  - 21 23  - 15  - 37 20 33 39  -  -  - 11  -  -  4 29 38 27  - 19 35 18 32  - 17  5 16 26  -  -  -  6 25 28 34  8 12
  9  6 28 32 21 26  - 14  -  -  -  - 18  4 31 10 29  - 16  - 25 11 27  7 23 24 36  - 34  -  8 17 35 39  -  - 20 19  - 22
 17 21 14 24 29  8  - 32 12 34 19 22  - 27  9  1 15 39 20  3 13 33 26  - 11 38  5 25  - 37  2  -  -  - 36  - 16 23 31 10
  -  -  -  - 14  - 37 36 19 12  -  3  4 29 25 40  -  -  - 16  - 24  7  -  -  -  8 28 21 18  - 38  - 10 33 11 13 15 39  -
 39  -  8 29 22 30 31 10 34  3 14 21 12  9 37  - 28  -  -  1  -  -  4 26 27 23  - 20 13 11 15 19  2  - 25 33 36 40  - 35
  6  -  -  4 13 23 10 11  - 28 37  5 30 36 26 38 34  8  - 17  7 20 29  -  - 16  - 24  - 40  -  1  3  2 19 12 18 39 27 14
 21 31  -  9 36  - 18  - 10  -  2 28 26  - 33  -  - 22 39  8 20 35  - 19 37 12  -  5  6 14 25  3 15 30  -  - 40 11 32  -
 25  2 23  -  -  -  -  - 15 40  3  1 14 31 13 18  - 19 17  - 21 29 12  - 22 37 16  -  -  - 32  4  6 34 24  - 26  -  - 36
  4  7 18 10 16  -  3 31  - 30  - 11  2  -  -  9 32  -  -  - 15 39  -  - 34  6  -  - 17 29 21 26 23  -  - 35  1  - 20  -
 19 28  2  6  1 20  - 15  - 39 13 17 36 40  -  -  -  9 31 18 14 21 33  -  -  -  - 29  4 25 37 27 10 23 35  7  - 24 22  5
  -  -  - 25  7 27 23 34  -  -  8 36 31  - 19  2  - 33 11  - 37  -  9 22  -  - 39 38 16 32  3  -  - 20 17 26  -  - 40  -
  -  - 25  -  8 37 19 30 17 18 23  - 27  5  6  - 35 28 10 40 22  7  2  - 20  -  4 26  -  1 12 16 34  9 38 21 29 13  3 11
 13 23  - 28  -  - 26 25  7  - 34 10 29  1 27 30  9 37  8 39  -  - 35 16 40  - 22 36 19  5 20 21  - 12 31 38  -  4  - 17
 30 13  - 12 26  -  7  -  - 14  - 35 25 20  -  - 33 15 19  9  2 17  -  -  4  - 18  -  8  -  - 39 11 36  - 24 22  6  - 31
 38  - 15 34 40  7 39 17  -  1  - 14  - 13  -  - 24 36  4 32 26  - 31 30 25  9  -  6  3 22 10  2  -  -  -  -  -  8  - 20
 20 37 36  7 11 33 25 18 24 22 29 30  5 14  3  -  - 21  - 31  9  1  -  -  6 19  -  -  -  - 17 13  -  -  - 39 32  2 35 16
  - 16  - 15  -  -  5  3  - 32 24 13 20  - 40 17 31 29 21 26 23  -  -  -  -  -  2 22 11  9 28 30  -  - 37 10 33  -  4 19
 36  3 19 40 18 24 28  5 21  -  -  - 10 34 29 23 13 32 35 12 39  - 11  1  2  7 25  -  -  8 30  6 37 38  -  - 31  -  -  9
 16 15 38 13 17 34  - 35 11  -  7 37 40  2  5 33  3 10  1  - 28 23 14  9 39 20 32  8 31  - 27 18 36 19  - 22 30 12  - 24
 26  -  - 35 19 13 36 24  - 31 11  7  1  -  2 15 22 18 23  4  8  -  - 12 28 30 20  9  - 10  - 37  -  3  -  - 21 32  - 29
  8  - 37  -  -  -  - 23 13 38 17  -  3  -  -  - 21  - 27 35  - 16  5 39  7 26 34 31  1 28 36 10 18 29 11  - 19  - 12  2
 29 35  9 11  - 21 14  7 36 27  4 39  -  - 10  -  1 20 40 23 18  6 28 13 12  3 37  - 15  - 22 32 33  - 30  - 25  5 19 34
 37  4  - 26 28 16 12  - 27  - 15 32  -  -  -  - 11 25 22 20 19 30 38  2 24 36  - 35 18  -  9 14 29  -  - 13  8  3  1 23
 12  -  5 37  -  - 21  -  2 23  - 26 15  -  - 24 18 30 25 13  3 34  - 17  - 28 11 10  - 27 40  - 16  -  4  8 35 29 36 32
  2 30  -  -  4 32 17  - 28  6  9  - 19  -  -  -  - 38  7 34 10  -  8 40  - 35 27  - 37 12 24  - 22 25  -  -  - 26 13 39
 32  - 27 19 12 31 35  4  8  9 26  - 28 24  - 37 40  3  -  5 29 38  6 34 17 14  7 16 10 20  - 15 25  - 18 36  2 22  - 33
 11  -  -  5 38  4  6  - 35 21 40  9 24  - 36 16 20 23 37 19 12  - 15 10  - 29 30  - 25  3 13 34  - 31 39  -  - 33 28  -
  - 20 31  - 35  -  - 12 22  5 28  - 37  -  -  -  4 34  -  7  1  - 40  -  - 10 38 30 26 13  6 11 24  -  9  -  -  - 25 21
