1120
 10  - 34  -  - 17 40  - 21  9 15 12  -  -  - 31  8  5 35  -  - 37  1 32 28  - 14 11  7  - 26 27  - 18 39  -  - 22 13 19
  4  -  - 19 28 16  - 10 13  5  - 23 18  -  9  -  -  - 30 22  -  1  -  6  - 20  -  8  - 21 35 24 12  - 38 36 37 26 25 39
  9 34 37 24  8 35  - 29  - 27 16 32  - 31 39  7 23  4  1  -  2  - 21 12 36  - 13 22  -  - 40 15 26 14 33 38  -  - 18 11
  5 15 11  - 23  6  -  4  - 33  -  - 19 21 14  -  2  - 25  -  3 12  -  -  1 16  -  - 24 37 30 39 35 29  -  8  - 27 40 31
 31  6  8 10 19 20 22  7 35 36  - 27  3  2 30 25 16 26  4  1  - 40 17  5 37 24 34  - 12 14 11 33  9  - 13 32 23 28 29 21
 28 29 33  - 35  -  - 30 34 39  - 40  -  -  -  - 10 19 15  -  5  9 31  7 22 14  - 21 17  - 38 12  3  6 37 20 27  -  8  1
  - 16 40 27  1  - 21  -  -  4  9  - 22 10  6  -  -  2  - 14  -  -  5  - 29 31 28 33 15 23 19 13 32  3 18 39 30 35 26  -
 27  - 15  -  - 18  -  -  -  -  - 29  - 34  - 33 38 32 28  - 26  -  4  - 14  2 17 37 19  -  3  5  7 13  1 21 25  - 11  -
  - 12 21 15  - 37 30 22 38  - 36 31  4  9  - 10  - 28 39  - 17 29  -  - 18  - 35 40 13  -  6 16 14  - 34 23  -  7 24  -
  - 27  -  7 39  1 28 34 22 15  2  -  - 37 38  - 11 14 18  - 35 17  6 30  4 13 40 31  8  - 21  - 36  -  - 26 12 33 32 25
  -  -  -  - 36  2 12  -  - 31 37 34 30  - 26  6 25 22 33  - 27  -  - 10  8  5  -  1 23  -  -  3  -  -  4 11 20 17 14  9
 40 33 18 14  3  -  - 27 26 13 19  -  -  - 21  - 20 29  - 37  4 32 10 36  - 11  -  9 35  2 28 38  -  - 24 17 31 12  -  -
 22  - 17  - 13  -  3 21 33 12 10  6 16  - 28  - 31 15 38  7  -  - 14  9 30  - 36  - 40  8 39  -  1  -  - 37  2  -  - 27
  2  - 28 39  -  - 32  5 27 26  -  4 25  - 31  - 13 24  7  -  - 34  - 38  -  - 12 17  -  -  9 37 18  -  - 15  -  1  - 36
 24 35  - 36  - 12 13 40  - 16  - 28 39  4 29  5 19 17 23 15 37  - 38 31  - 22 20 10  -  -  -  -  - 26 32  -  8 14  3 34
 29  -  - 17 27  -  -  8 28 10  3 13 26  - 20 35 24 16 22 36  -  -  7  1 23  - 33  -  - 32 34  - 19  4  2 12 38  - 30 37
  7 11  - 38 12 33  5 17  6 14  - 24  8 35 13  - 21 36 32  - 31  4  -  -  9  - 39  - 28  -  - 20 10 34  -  2 29 19  - 15
  -  3 19  - 33  4 34 25  9 28  8 16  -  1 36  - 37  - 27 29 32  -  - 40 11 21 38 13  - 24  2 10 17  7 14  5 18  6 20 22
 34  1  -  -  - 39  4 13  - 23 18  8  - 38 19 37  9 12 40  6  -  - 24 25 26  - 11 16 20  -  - 35 22  -  -  3  - 15 36 14
 17 25 12 20  - 31 37 33 24  - 23 30  -  3  - 39 26 18  -  4  7  2  -  - 34  6  9 27  5 13  - 28 16 36  -  -  - 40 38  -
  -  -  -  - 15 26 20 39 36  6 35  1  - 11 10 24  7  -  - 32  9  -  2 14 13  - 22  - 34  - 17 18  -  -  - 40 19 37  4  -
 20  5 32  2 16 14 36  6 31 37 17 10  -  -  8 38  4 40 11 24  -  3  -  -  - 29 21 15 22  -  - 19 25 33  -  - 35  - 23 30
  -  7  -  - 11  - 31 18 32 35  -  - 27 19  5  1 15 20  -  - 25 22  - 34  - 12 30 28  6 26 16 36  -  -  - 29  3  -  - 40
 18 13  9  3  4 40 14 20 19  - 25  7 38 32 33  - 39 35 21 31 15 28 16 11 17  -  2 23 10 36 24 22  -  5  - 27  -  -  - 26
  - 24 22  - 17 10  2 35 15 34  6  5  7  -  -  - 36 11 29 38 21 30 19 23 31  - 16 14 18  -  - 26 13  - 27  9  - 39 28  3
  6 39  3 37 26 23 24 38 10  -  1 36 12 22 40  - 28  7  - 16 11 13 30 33 15 18  5  - 31  9  8 32 21 20 25 14 17 29 34 35
 35  - 10 28  - 38  6 36 11  -  5 20  - 30 34  - 29 23 14 27 13 19 33  - 25 17  - 24 39 22 15  2  8 12  7 31 26 16  - 18
 25 10  - 34 38  7  -  -  1 22 14 18 37  - 11 21  - 13 24 26  -  -  - 39 20 27 23 36  -  6  - 40 28  2  -  4  - 32 15 17
 38 26  - 22 18  - 33  -  4  2 13  -  - 27 16  -  5  1  6 23  -  7  3 37 10 35 31 19 14 12 32 25 29 28  8 24 40 36 39 20
  8  2 35  -  - 32 18 19 17 20 12  9  5 39 15 23 27 21  - 34  -  - 37  -  6 28  -  - 11 10 25  -  - 30 36 22 13  4  - 33
  -  9  -  - 20 29 26  -  -  -  - 39  - 25  -  8 18  - 16 28 19 23 34 21  -  -  6  5 32  - 36  - 27 17 31 30  -  3 22  2
 37 28  - 32  -  - 11  - 30 17  - 14  - 40 27  -  - 10 36  5  - 38  - 35  2 39 25  - 16 34 12 21  4  8 15 19  9 23 33 29
 39  - 23  - 14  9  -  -  8 29 22  -  -  -  3  -  1  6  -  - 38 27  - 18 24 10 26  -  4 31  -  - 15  -  -  -  - 21 17 13
  - 19  6 33 29 36 38 26 37  -  -  - 34 17  - 16 14 25  -  - 23  8  9  -  3  - 27 12  1 15  -  - 39 40 30  - 32  -  -  5
  1 37  - 26 25  -  8 28  5  - 31  - 13  - 23  - 40 27  3  - 14  - 29 22 39 15  -  6  9  4 10 34 11  - 35 18  - 20  2 32
  - 23 39 40  6 22 27 14 16  7 24  -  1 20 17  - 35  - 12 13  - 10  -  2  5 26 37 32 29  3  4  8 34 31  9 33 15  - 19  -
 26  - 16  -  2 27 35 32  -  - 21  3 17 36  - 14  - 34  5 40  -  - 11  - 19  - 15 29  -  - 23 30 31 37 10 28 39  -  9  -
  3 38  - 11 21  -  1 15 39 18 29  - 14  -  7 30  6 33  -  8 40  -  -  -  -  - 10 34 37 19 22  -  2 16  - 13  -  5 31  4
  - 20 14  4 34 21 39 31 23  - 27 33  2 15 25 28  -  9 10  -  8 24 18  - 35  7  - 30  -  -  - 17 40  -  3  6  1 13 37  -
  -  - 26 35 32  - 17 23  -  -  7 22 28 24  -  2 30  -  -  -  - 33  -  - 12  - 18 39  - 20 29  -  -  1 21 34  4 11 27  -
