1120
  -  -  - 32 13 24 30 27  1 21  - 40  9 35  -  5 34  -  -  - 31  3 28 18  2  -  - 38 26 39 16 15  -  - 17 20  - 14 37 22
 39  - 33  -  -  - 25  6  7 40 32 19  8 16  -  - 24  -  3 29  - 11 10  -  4  - 38 28  - 30 13 23  9 37  5 36 35  1 21 26
  6 15 12  -  4 38  -  - 24 33 25 17 22  - 40  -  -  -  2 11  7  5  - 34 13 29  - 32  - 21 30 19  1  -  -  - 36 16  -  -
 11 30  - 36 26 13  -  2 35  -  -  1 23  - 14  -  7 33 27 25 37  -  - 17 38  - 15 21  -  - 32  - 39 40  -  - 19  -  - 31
 32  2  - 34 31 36  - 35 29  4  -  - 26 17  -  -  9  - 10 39 22  -  - 20 21 28  - 19  -  - 38 18 27  -  3 33 15  -  7 11
 37  -  2 38  - 32  - 14  -  5 20 22 21 39 12  - 17  - 16 23  -  - 33 25 35  -  3 18  4 31  8  -  - 27  - 15  -  -  -  -
 40 10 15  - 35  - 13  -  -  7  6  - 33 14 22 23 39  2 29 32 20  1  - 11  - 25  5 31  - 24  - 16 21 12 37  -  - 27  -  3
  5  -  -  - 15  8 37 25  4 30  -  3  -  -  9 21 12 22 39  7 29 20  2  - 23 33 27 10 40 38  - 32 31  6  1 19 13 36 16  -
 16  - 13  -  1  9  7 33  - 19 18  2 12 22 21 34  -  -  - 15  - 35  -  8 40 14  - 11 24 37 23  - 20  4  -  - 30  -  3 29
  3 13  - 12 23  - 28  7 20 10  - 38  -  6  - 27  - 18  -  5 19 34  -  - 31  1  - 33  - 14  - 37  8  -  - 39 17  - 32  -
 26 12 10 23 24  -  -  - 27 13  - 11 16  -  5 15 28  1 20  - 25  - 17  7  - 30 39 29  - 19 37  3 18  8  -  -  9  - 22  -
  9 18 21 39  - 28  -  8 23 12 36  - 32 37 33 10  - 13  -  3 30 27  -  -  5 26  -  - 29 16  - 35 15 22  -  1  2  -  - 34
  - 38 40  - 12  2  3 19  -  -  - 34  -  - 31  - 14 24  5 10  - 29 20  - 25 18 37  - 16  -  - 33 30 17  -  6 23 21  - 39
 30 34  8  -  2  - 39  - 15 35 19  - 29 31 38  - 27  -  - 22 21 13  3 32 24 20 17 36 25  - 28 26  -  - 11 14 18  - 23  -
 17  - 11 20 34 40  -  1 16  - 14 28 27  7  -  6 30 29 35  - 38 25  - 33  9  5 32 12  -  8 22 39  4 24 36 23 21  3 31 19
 20  8  - 24 16  - 11 30  -  3 35 29 36  - 39 14  - 21  -  -  - 28 32  9 33  - 25 22  - 12 17 38 23 15 13 10  - 40  - 27
  - 11 17 40  9  7  1 10 33 39 29  - 14 21  - 18 26  -  - 37 24  -  5 38 27 23  4  - 12 20 31  8 32 16  - 25  3  -  -  6
 13 33 26 22  5 23 35 15 25 34  7 37  -  - 24  - 29  -  8 38  - 36 31 16  3 40 10 30  1  -  -  2  - 11 20 21  6  - 19 17
  - 19 27  - 36 11  -  -  - 29 28 21  - 32 17 30  2  - 18  - 40 14  8 10 12 35  1 13 15 23 26  7  -  -  -  5 39 20  -  9
 28  -  6  -  -  - 22 39  - 23 40  -  -  5 20 33  -  - 38  4  - 21 29  -  -  - 18  1  -  2  -  - 16 36 15 35 14 11 24 13
  -  - 37  -  - 21 40 12 18 28 33  -  7  - 34  -  -  9 31  - 39  -  -  2  1  -  -  - 11 27  3 30 22 38 26 16 32  8  - 36
 31  -  -  -  - 29 18 26  2  -  - 27  3 12 19 22 36  -  1 28 35 38 30  -  6  -  - 15  - 17  - 21 24  9 32 34 11 13 33  -
 15 31  9 28 22 33 29 13 38 17 30 14  1  8  7 36 20 39 23 27  -  - 34 19 18 21 40 26  -  -  - 11 37 10  -  -  -  - 25  2
 24 16  - 25  7 30 31 21 12 22  -  -  -  1  -  - 33  - 17 14  6 19 35 15 11 13 28 34 23 26 20  -  3  -  -  4 27  9  - 10
 33  - 36  -  3 25 21 32  -  -  2 10  5 11 28  8  - 35 24  - 13 37  9 27 16 39 12  -  -  6 40 14  -  - 31  - 20 38 26  4
 36  3 30  - 27 20 15  -  - 31  1 32 38 23  -  -  - 19  - 24  9  -  -  5 14  - 16  - 21  4  - 29  - 13  - 11 10  -  - 25
  7 39 22  8 10 19 12 37  - 32 27 36  - 20  6 31 35 11 14  - 28  2  4  -  -  - 34 16  3 18 33  5 40 26 21 24  - 25  9  -
  -  - 35  -  8  1 27  - 34  - 24  - 30  - 11 39 16  3 37  -  - 10 18 31 17 32  - 20 36  - 19  6 12  -  -  - 26  4  -  -
 12 28  5 10 32  6  -  3 36 26 11 33  - 18 30 40  8  - 15 35  4 16 23  1  7 37  -  2 39 13 25  - 19  - 14 22 24 29 20 21
  - 24 34  - 20 15 33 36 32 14  -  5  - 30 35 38  -  4  - 40 16  -  1 37 19  2 11  - 10 22  - 25 26 39  9  3  -  - 18 12
  -  1 29  4 30 12 17  -  -  - 31 24  - 38  8 13 18 15 32  - 10  9 22  3  -  - 33 25 37 11  6  -  - 20 23 40  - 19  -  -
  2 37  - 30 38 39 32 22 19  -  9 25 18  4 23  1 40 17 21  8  5  - 36 29 10 16 35 27 31 28 24  -  -  3  6 13 12 26 15  7
  - 21  4 19  6 37 26  - 39  1 22  8  - 28 25  -  3 23 30  - 11  - 27 12 20  7 13 17 33 36  - 24  - 14  - 32  -  5  2 35
  -  4 31  -  - 17  - 11 21  9 38  6 20 33  - 26  -  - 19  -  -  -  - 14  - 36 24 40  -  - 12 13 35 29  2  7 34 30 39  -
 29 23  - 35  - 10  - 17  -  6  3  - 40 34  1 24 15  8  -  -  - 32  - 39 22 31 19  5  -  7  9  -  - 28 30 27 25  -  -  -
 23  7 32  - 29 35 20 28  9 36 12  -  -  3  2 17 11 26  -  - 33 39 40  -  - 19 21 24 27  - 18 22  5 25 16 38  -  -  4  8
 35  6 25 21  - 27 14  - 11 15 23 26 19  2 18  3 38  -  - 17  8 40 13  4 34  9  7 39 30 29  1 10 36  - 24 37 31  -  -  -
 38 32 18  1  -  3  - 16  5  - 39  4 25 40  - 37 13 31  - 20 23 30 12  -  -  - 14  8 17 34  -  - 33 19  7 26  - 10 29 24
  8 40 28  7  - 26  - 24 13 27 16  - 15 25 32 19 21 14  -  9 18 31  - 36 30  - 22  4 20  -  -  1 34 35 12  2  - 17  6 38
 19  - 39  - 37 16  - 29  -  - 26 18  - 15  4 20  -  -  9 12 34  -  -  6  8 38 30  3 35  - 27 31 13 21  - 17  5  -  - 32
