1120
 28  4 22  - 24 16 38 17  -  6  -  5 12  -  -  - 18  -  - 36  - 31  8  - 13  9  1  3 11 23  -  7  - 30 20 27  -  2 21  -
 16 34 38  1  - 23 40  5  -  - 17 37 21  -  - 12  8 33  6 28 15 11 29 32  - 22  - 39  -  - 13  4 24  -  -  - 25  3 19  -
  - 17  -  - 27  - 15 37  1 21 12 32  -  6 29  - 31  -  - 22 30  4  - 39  -  7 34 26 28  5 19  8 18  - 38 23 35 33 16 40
  - 39  5  7  - 12  -  9  2  3 18  -  - 20 36 29 24  -  1 26 27 15  -  -  -  - 22 21 16 38 33 31 25  8  4 32  6  - 11  -
 15 14 36 26  -  - 27  -  - 38 10 13  - 39  -  - 35 32 11  -  7  9  - 22 40  -  8 24 23 37 12  -  -  5 31 20  - 30  -  -
 19  -  - 13 40 25  8 36 17 30  -  2 33  9  7 10 16 21 14 11  6  - 35  -  5 39 27 29  -  4 28  - 32 15 23  -  - 37 26 38
 36 12 35  -  6 14 26 18 21  - 22  - 29 28  5  -  - 11  - 30  9 32  - 37  - 27 13  1 38 10  3 15 16 31  -  -  -  7 24 23
 25  8 11 22  -  -  7  4 20 18 33 35 24  -  -  -  -  3 36  -  - 17  - 10 37  -  - 16  - 30  - 12  1 23  -  - 31 21  6 27
  -  -  -  -  - 13  6 30 16 14  5 33 38  2 21  3  -  - 34 20 37  -  7 35 23 19 32 40  -  -  - 24 17 11 26  8 29 10 12  -
 17 28  - 18 38 27 11 14  - 20 19 34 35  3  8 25 23 29 16  - 32 36  - 31 15 24  -  9 10 21  4 33  - 40  -  - 30  -  - 13
 33  - 32  3 11 10 36 38 29 12 14 23  4 37 27 26  7  - 19  - 40 34  2 15 21  - 17 20  6 25  - 35  - 28  -  -  9  8 39  -
 29  9  -  - 10  - 32  - 12  2 40  - 13 14  -  -  6 38  -  -  1  -  3 27  8 36  - 19 26 18 16 34  - 25 28  -  -  -  - 33
  - 37 39 21 18  4 28  1  - 25  -  7  8  - 38 14 40  9  5 10  - 22 15  -  -  6 30 12 24 16 32 17  3 20 13 35 19 23  - 31
 18 40  -  -  3  -  -  -  - 39 30 19  9 12 25 34 11  - 28  - 13 38  -  -  6  1 10  8  -  2 22  - 31 21  -  - 23 16 32 24
 31  -  - 19  -  -  - 34 18 33  - 24  - 29 14 40  4 26 32  - 38 35 23  6 39  -  -  -  -  3  2 27 22 12 25 11 20  1 10  -
  3  - 40 12  8  2  - 13 11 32 16 36  6  - 34 30 33  4 23  -  - 27  - 28  -  -  - 15  - 39  9 38  - 35  5 14 24 31 20  7
  -  5 27 40  - 37 12  - 24 36  2  9  -  8 32 23 39 17 13 29  4 16 30  3 31  - 20  - 33 34  - 25  -  -  6  - 26  - 28  -
  -  - 12  - 23 29 10  -  -  -  8 27  -  7  2 17 26  -  -  6  - 19  - 30 25 34 38  - 32  9  - 22 28  - 15 37 33  - 36 11
  - 38 17  -  - 36 33 25 35  -  - 15 34  - 24 18  - 16  - 39  - 10 31  9 26 12  -  2  4 28  - 13  8  1 30  - 32  -  3 20
 37 10  6 30 31 32  - 28 22  - 35  8  1  - 11  -  - 12  -  -  -  2 20 17  4 14 19 25 29 24  7 39  - 36 33  3 34 27  -  -
  1 29 34  -  9  8 30 12  5  -  3  - 27 13  -  -  - 18 10 16 20 40  -  - 38 11 23  7 19  -  -  - 26  6  -  -  2 28  - 22
 10 33  -  9 32 15  - 23  - 35  - 14 19  5  -  -  -  2 30  -  -  1 16 12  - 21 11 27  7 26 38  - 29 24 36  -  - 25  8  -
 13  6 25 10 35 40 14  3 37 19 29 20 31 24  1 38  - 36 18 15  5 30  -  - 22  - 12 33  2 17  - 16  -  7 39 28 27 26  4 32
  -  -  - 33 29 20  - 10 23 40 21 30  - 17  - 24  -  6 38 37  8 39 13  -  3  -  7 36 34  - 31  - 35 27  9 25 28 12 22 15
 22 15  -  - 12  9  3 11 31 34  - 21 36  - 28 37  - 19 29 25 33 23  -  - 24 18 26  5 13 40 35 20 39  2  7 16  1  - 14  6
 34 23  - 35 33 24  1 20 25  - 31 26 39 30 10 36  5 37  - 19  - 28  6 18 27  -  -  -  - 22 15 40 12 38 11 13 21  -  -  8
  -  2 19  - 21  - 29 27 38  - 23  6 32  -  4 16  -  -  -  - 22 26 40 36  - 33 25 31  9 13 30 14  7 37 12  1  5 20 35 17
 23  -  - 27  4  - 22 33  7  - 20 29  - 21 35  -  - 28 12  - 19  6 36 16  - 13  - 10 39 15  -  - 40  - 14  5 11  -  -  -
 21 35 28 31 26 19 37 24  -  1 11 16 30  - 23  2 15 10  7  - 34 13  5 25 20  8 18  6 17 14  - 32 27  3  -  - 36  9  - 29
  -  -  - 37  -  -  -  - 34  - 15  -  - 35  -  -  - 27  -  2 17  8 18 26 30 29 36  - 21 11 20 10 33 13  - 19 22  6  5  1
  -  -  3  - 30  5 34 31  9 17 13  - 15  1  -  -  2 14 40  7 10  - 28 21  -  - 33  - 37 19  - 36  4 16 24  6  - 29  - 12
 20 19  2 34 39  -  - 21 15 23  - 10 17  - 33  7  - 30  - 32  -  - 12 40  - 25 24 28  5 35 11  3 37  -  - 38  4 13  - 36
 30 11 24  4  -  6 31 39 19 27 38  -  - 25 12  - 17  1 26 21 23  7 10  5  - 20  - 32 18 36 14  - 15  9  8 33 13 40 37  -
  -  - 16 24 14 35 39 26 13 31  - 25  - 11  6 28 10  -  - 23  3 12  -  2  - 38  -  -  -  -  -  9  - 34 21  -  - 19  -  -
  4 21  -  2  -  1  - 40  8  - 39 31  - 16 37  6  - 23  -  -  - 24  - 38 12  - 14 34  3 29 26 28 11  - 35  9 17  - 13  -
 14  - 21  -  7 26 13 22 39 10  -  - 11 40 15  8  -  - 33 24  - 29  -  - 32 16  9 37  -  6  -  5 36 17  - 34  - 35 31  -
  - 31  - 16 36 17  4 19  -  9 34 12  3 10 22  - 29  8  2 27 39 37  -  -  -  - 35  - 25 20 24 23  - 26  - 15  - 11  -  -
  - 36  -  -  -  -  -  8  -  - 37 11 40 32 13  - 20  7 27 14  - 33 21 24 17  - 16 22 35 12  1 19  9 39 18  2  - 38 15 26
  8 16 20  - 25  7  9 35 10 37 26 28  2 22 18  5  - 31 17  4 24  - 11  - 19 15 39 23  - 32  6  -  - 33  -  - 14 36 29 34
 24 13  - 11 22 39 35  2  -  -  9  - 23 36 40 32 38 34 15  - 31  - 19 20  7 37  6  4  - 27 21  -  5  - 10 26  - 17 25 28
