1120
  - 14  - 23 11 10 19 30 15 35 17  - 37  5  - 29 12  3  - 31  - 38  9 34 21  - 28 22  1  4  - 40  -  -  -  2 36 16  8 33
 38  -  - 15 39 11 13  -  1 21  - 19  - 29  6 36  - 22  -  - 10  5 31  -  -  - 32  7 24 27 12 33 28 26  -  3 37 20  -  -
 16 25 30 34  - 40  - 36 11  -  - 31  - 37  -  5  2 35  -  4 39 19  -  -  - 29  7  - 22  -  -  1 12 33 26 17 23  - 28  -
 30  -  - 36 15  6  - 37 40  1  8  - 19 23 26 21  -  - 35  - 33 25 12  - 22 24  - 10  5 17  3 27  -  - 28 20  - 31 16 14
 35 24  8  1  - 21 10 11  2 40 20 15  9 39  - 27 16  -  -  -  -  -  4 31 14  -  - 32 28  - 17  3 26 12 22 13 18  -  - 34
  -  7  - 38 13  -  -  9 12 29 27  3 21  - 36  6 10  - 18  -  1  4  - 20 33 37 17 23  -  8 40 22  -  -  -  - 28  -  2  -
  7  -  1  - 38 17 32 28 34  - 36  -  -  - 18  4 13 14 12 25  9 27 19 35 31  - 15 26  3 10  6  8 33 23  - 22  -  2 11 30
  2 38 35 13  - 32  -  - 19  - 30  1 17 26  - 24  -  7 33  -  -  -  -  4 37  - 21  - 29  6  - 34 10 14 36  - 11  9 23 25
 23 27 28 40 20  - 29  5 17 33  - 16  -  6 37  - 15 10  -  - 12  -  1 39 24  2 26  -  -  -  4 19  - 35 34 21  - 36  7 18
 40 37  6  -  8 20  2 35  - 28  - 25 22 18 29  - 21 13 27  7 31  - 32  - 15 34 38 17  - 12  - 14 30  9  4 19  - 11  3  5
 32 21 37  9 12 39 38  -  - 10  - 28  - 30 14  -  - 11 13 17  6 29 33 22  -  -  1  -  - 25 31  7  -  -  -  - 19  5  - 27
 36 12  -  3  -  - 35  6 22 27 33  - 10 21  7 16  - 15  5 26  2 31 13 14 29  4  - 25  8  -  -  -  - 18  - 37  9  - 30  1
 27 34  3  4  - 37  -  - 38  5 13 36 30 12  - 28 29 26  -  - 32  6  7 40 16  -  8 11  -  -  1 25 23 39  9  - 22 24 31  2
  - 31  -  -  - 30 24 29 27 37 28  9 15  1 33 13 26  -  -  -  -  8 34 32 12  - 25  5 35 22 18 21  - 19  -  4  3 39  - 10
  6 40  -  8  5 12  3 32 30 38  - 23  - 10  1 19  - 33 20  - 36 15 25 27 28 22 29  2  7 24 14 37  - 21  - 16  -  4  9 31
  1 17  - 22  -  -  -  8  - 12  -  4  - 16 35  - 38 19  3 28  - 40 10  7 36 33  -  - 32  -  -  6  - 13 31  - 15 30 27  9
 25 16 18  - 21 27 36 13  8  - 39 11  2  -  - 15  -  1 19 10  - 26 23  -  5  6  3  -  9 14 33 28 31 37 20 12 29  - 24  7
 21  - 11 31  -  - 27 20 29 15  1 26  -  4  - 38  3 18  7  - 40 33  5 17  9  -  - 35 36  - 39  -  - 16 14  -  - 23 25  -
 17 11 40 18  6  4 14  3  - 36  -  -  - 15 30  2  - 31  -  -  - 23 39 29 10 26 22 37 34  7  9 24  8  - 16  - 38  -  - 13
 12 15 21 14 18 13  1 25 33  - 37 40  7 36 38  - 30  - 28  -  - 24 26  -  - 23  -  8  -  - 32  4  9  -  - 39 34  - 10 19
  -  5 31 17 10 38  4 19 24 26 14  - 13 40 15 35  9  -  -  1 25  2  -  - 20  -  - 39  - 18  - 36 22  - 32  - 12  8 29  -
  9  8  -  7 30  -  - 27 25 13 31 29 26 17 28 33 11  - 37  - 15  - 40  6  -  - 34 21 16  - 38 10 32  -  2 18 39 12  - 22
  4  - 15 12 28 36  7 34  5 18  -  8 25  2 17 11 39  - 10 16 38 21  6  -  - 35  -  -  - 37  - 13  3 40  - 31 14 22 26 23
  8  3  4  - 29 31 26  -  -  - 40 34  -  - 22  9  -  -  -  - 20 14  - 16 18 25 13  6 17 39 10  5 36 24  1 30  - 28 12 15
  -  2 33 25 36  - 37 26  -  -  - 22 16  3  -  8  -  -  1  5  - 30 35 10 19  - 14 34 12  -  7 31  6  - 18 29 27 17  -  -
  -  1 23  6  -  - 39  -  7 17  3 10 33  -  - 32 14  -  9 29  - 18  - 25  2 19 40  -  - 26 37 38  - 27 30 28  - 34  -  -
 34  9 38 30 16 24 22 21 31 25  - 27  4 11  2 23  -  - 36 40  7  -  3  - 13  - 18 19 14  - 28 32 20 15  6  1 33 35  -  -
  - 33 19 32  2 15 11  - 13 34 10  -  - 24  -  - 22  -  - 39 30  1 17  -  -  - 16 38 25  - 36 20 40  - 21  -  -  - 18  6
  - 23 36  2 27  1  8  -  6 32 38  -  5 35 10 34 17  - 14  -  -  7  - 12 40  9  4 15 11 31 30 39  -  -  - 26 20 21 22 24
 13 20  9 26 19  -  6  - 18 30 25  - 28  - 31  7  - 39  -  - 37  -  -  3 17  -  5 36  4 35 22  - 16 10 24  -  - 15 40 11
  - 10  2 39  - 33 30  - 20  6  7 32 31 19  - 37 28  -  -  -  8  - 38  -  - 11 27  4 21 13 16 35  1 25  5 15  - 29 14 40
 31  4 39 24 25  - 12 10 16  -  2 14  -  9  - 40 36 29 21  - 19 32  - 11 34 13 20 33  - 28 26 17  -  1 27  6 30 18 37  -
 10 28 13 29 23 19 25 16 32 31 22  -  - 27  5 18  -  - 24 11 35 36  -  - 39  -  9  3  -  1  -  - 21  7  - 40  - 38 33  8
  5 26  - 10  - 25 33 15  4  -  - 18 40  -  - 22  - 17 31  - 14  - 16 13  8 39 19 29  2 30 35  - 38  -  -  -  6  7 32 20
 19 29  -  - 31 18 40 38 10  -  -  -  -  - 16  - 35  - 17  9 22  -  -  2 30 15 33  -  6  - 21 26  -  4 13 36 32  - 20  -
 22 36 14  - 33 29 21 39 35  -  6 20 23 25  - 30  7 28 32 18  -  -  2  - 27 17  -  1 31 40  8 12  - 38  3 10  - 26  4 37
 29 32 26  -  -  - 23 24 21 14  -  2  -  -  3  - 31  5 16 27  4 20  -  -  7 30 36 40 18 11  -  - 39 22 10  8 25  - 15 38
  -  - 10 21  -  - 15 22 26 23  4 38  -  -  - 12  5 30 34 37 28 39 14  8  6  1  -  -  - 20 25 16 17  2 40 11 24 27 19 29
 26  6 22  - 34  -  -  4  3  9  -  - 32  8 24  - 27  - 23  - 13 10 18 33  - 31 12 28  - 36  5 15 35 30 39 38  2 37  1  -
 15 22 25 16  4  9  - 40 14 39 35 30  - 38 12 31  -  2 26  6  3 34 24  - 23  - 10 27  - 32  -  - 19 29  8 33  5  -  -  -
