1120
 33  -  - 30 26 35 31 28 22  -  8 29  -  2 16 14  -  4 40  9  - 12  - 23  - 15 32 11  - 21  5 38  6  1 13 36 17 39 10 34
  3 32 37  9  -  1 21 20 35 11 30  6 36 33 19  -  5 10  2  -  -  7 34  - 29 39  - 23  - 24 38 13 15 40 14 26 16 25  - 22
 25 13  -  -  -  4 38 24 28 17  - 40 15 32 33 21 14  -  7  - 35  - 31 12 27 19  3 26 30  2  -  - 34 16  -  1 36  - 29  -
  7 24  -  -  5  -  6  -  -  - 37 33  1 40 13 25  -  2  -  - 22  -  8 38  - 14  -  9 39 32  -  4 27 15 34  - 12  - 16 36
 28 11  3  -  - 23  - 37  -  -  -  - 26  -  5 15 29 21  - 20  2  - 39  1 24 40 33  7  - 36  8 19  - 12 30  - 35  -  9 27
  -  - 11  -  7 38 17 15 32  4 22 39  - 16  - 19 25 28 29  8  6 31  -  2 23  - 20  5  -  3 14  -  - 13 37  -  -  - 36 30
 14  - 15  - 39 12  2 34 23 25 32  3 40 21  - 17 26 16 38 28 30 13  - 36 18  6 10 19 37  8  1  -  - 35  - 22 33 31 11  9
 39  - 34 21  -  - 19 22 30  - 33 35 27 17 28 38 18  3  -  1  - 20 13 10  2  5 29  - 11  -  - 24 40 37  -  - 25 15  8  -
  1  8  - 39 19 15  -  - 16  -  - 20 31  -  -  -  - 32 10  -  - 36 27  9 11 30  7  - 29  -  -  - 13  5  2 38  -  -  - 23
 29 40 32 36  - 37  9 38  - 26 16 14  -  - 27  -  6 35 39  4 13  -  - 20 19 33 18  - 10  1 12  5  -  - 17 15  - 11 30 24
 13  9 31 38 15 11 12  2  8  3 17  7  4 22 29 20 32 33 30 27  1 16  - 24  - 18  - 34  - 25 39 40 21 14 23 28  -  -  - 19
  5  2 38 22  -  8  -  3 29  9 12 28 13 26 11 34 37 27 18  7 19  - 25  - 15 36  - 33 31  -  4 14  -  - 16  6 24  - 32 35
  6  - 29  -  - 17  - 40  1  - 13 32  -  - 30 33  -  -  3 34 28 38 14 22 12 21 36  - 23 35 16 10  -  -  - 25  -  - 37 26
  - 10  - 35 31  -  4  8 21 18 19  1  - 25 12 30  3 38  -  5 20 29 36  6 14 26 27 15  -  9  -  - 16 17 11  - 22  7  2 13
  -  7  5 13 20  -  -  -  9 33 25 12 32 29 14 16  4 17  -  - 24 10 26 30 40  -  -  -  -  -  - 15 23  -  -  3 19 35  1 21
  -  3  - 23  -  - 28 26  - 37  -  -  - 20 21  1 27  - 33 32 17  2  -  - 36  - 30  - 38 11 29  - 12 19  5 14 10 24 31  -
 40  - 35 10  -  - 16  -  - 39  1 19  7  5  - 29 30 23  8  - 32 24 33 28 17  - 37  6 20  - 13 21  - 26 27 12 15 22 18 25
 30  - 16 11 40  - 29  9 15 34  -  -  8  - 20 13 38 39  5 37 23  1  3 26 22 17 19 25  7 12 27  - 28  - 36 18  -  2 33  6
 18  -  -  -  -  5  - 32  2 12  -  9 25 38 10 40  -  7  6  - 39  3  - 31 35  8  -  - 16 27 28 36  4 29 22 11  - 34  - 17
 12  -  - 18  - 32  -  -  -  - 36 16 21 15 35 10 31  -  - 24  -  -  - 33  -  -  6  4  - 39  - 22  - 30  - 23 28  - 27  -
 19 22 21 16  - 20 30 39  4 35 38  - 37  -  -  - 17 34 23  - 10  -  - 14  - 28 12  2  3 29  - 27  - 32  -  -  6  1  -  -
 17  - 19 40  - 25 23  1 37  -  5  - 38 30  -  2 13 12 22 21  4  6  -  -  3 16 28 36 35  - 24  7  - 39 15 20 18  - 26 11
 21 18  - 33 32  -  7 30 20 31 34 26 17 39 38 27  -  8 12 19  9  - 35 13 10 24  - 29 15 22  6  -  - 36 25  5  -  4 14 37
 24 14 36  3 21  - 20 35 38 22 15 30  6 18 26  8  9 29  - 40 25 27  - 16 32 34  2 13  -  5 11 28  7 10  -  4 23 37  - 39
  - 36  - 17 28  -  8  5 24 10 40  -  9  - 39  - 11  - 25 38 27 33  - 15 20 35  -  - 13  -  - 29  3  6 12 19  - 26 21  -
  2  - 20  1 30 33 13  7 10 38  - 36 19 37 40  -  - 15  - 17 31 14  -  - 39 22  - 35  -  4 18 11 29 23  - 16  8  3 34  -
 23 31 10 19  -  - 32 18 39  -  - 38 14 28 36 37  -  - 17 29  -  - 24  -  -  1  - 22 26 30 21  -  -  9  3 33 27 12  -  -
  - 19  - 12  - 18  - 17 27  7 26  -  -  -  -  - 28  - 20  2  5  8  -  3  -  -  -  -  - 31 15  - 36 38 40 10 21 29 39  1
 26 16  - 37  - 19 35 12 40  -  3  -  -  - 23 18 36 24  - 22  - 32  7  4 38 29  -  1  9 15  - 31  8 28 39  2  - 27 25 20
  -  - 14  2  8 34 27 13 31 16  -  - 22 36 37  - 39 19  - 25 15  4  -  5 30  - 35  - 12 20 33  6  -  - 32  - 40  - 24 38
 15  - 33  5  - 22 36 23 12 29  9 17  - 14  1  - 34  - 37  - 18 21 40  - 28 11 38  - 24 13  -  - 32  2 10 39  4 19  7  -
  4 35  6 32  -  - 40 19 17 13  -  - 20  -  -  - 15 31 28 36  7  - 16 39  -  -  - 10  - 18  - 12 30  8  1 37 29  5 38  3
  8  5 28  - 24 21  -  -  -  -  4 25  2  -  3  - 22  -  -  - 37 17  9 29  - 10  -  - 40 26 34  - 19  - 20 27 13 18  6 12
  - 37  -  8  - 40 33 21 14  - 39 23  -  4 17 22 35  9 15 16 38  -  2 11  6 12 26 28 27  - 30  1 31 24 18 34  - 32  3 29
 34 39 12  - 14 27 25  -  5  6  2  8 29 11  4 35 33 20 21 23  - 18 28 40  7  3  9 24 22 38 19 17  -  - 26 30  - 16  - 32
  -  4 25  6  -  3  -  - 19  - 11  -  - 12 31  5  - 14 35 10  - 15 22 37 13  -  1 17  - 34  -  -  -  -  -  8  -  -  -  7
 27  -  - 14 38 10 39 16  6 30 20 22 33 23  -  - 40  1  - 12 11 19  - 17  5 13 24 21 32 37 25 34 26 18  - 29  7  -  -  8
 36  6 17 25 33  - 26 11  - 40 10  - 12  -  - 32 19 13 14 15 16  5  -  -  1 20 22 39  -  - 37  8  - 21  -  -  - 28 23  2
 38 20 40  - 17 36  - 29  -  - 18 13  -  - 15 11 16  5  - 35 14 39 12  7  - 37 34  3  -  -  9 32  -  -  6 21 26  - 28 10
 20 29 26 24 25  6  -  -  -  1  -  4  - 13  - 39 12  - 27 33  -  -  - 19 34  -  - 30  8  - 22  2 10 11  9 31  5 14 15 18
