1120
  - 33  - 35 34 14 13  3 10 21  7  5  - 11  4 27  - 26 28 32  - 20  -  -  -  8  -  - 36 30 38 16  6  - 24 12  2 23  - 19
 28  -  8  - 12 35 34 19  7 29  - 15 17 14 40 21 26 39 25 24  4 18 10 16  -  3  1  6  -  -  5  9  - 33 38 36  - 11  -  -
  7  -  4 19  -  - 14 31  -  9 16  2 18  1  - 26 37  - 34  - 39 28 29 27 20  -  -  - 15 17  - 35 30  - 12 13  6  -  -  -
 26  5  -  - 31  6  -  - 27 39 29 38  -  - 30  - 36  - 10 17 14  4 13 35 23 20  7 18 16 21  -  3  - 24  - 11 28 33  -  -
 25  - 34 36  9  1 33 12 24 22 27  6 35  8  -  -  - 13 31  - 23  - 26 39  -  7 20 28 30 11 17  -  -  5  3 40 37 16  - 32
 27 11 35  5  2  -  -  - 32 31 28 23  -  - 33 13 12 15  6  7  -  3  1  -  4 25  - 40 22  - 30  - 26  - 36 16 34 24 14  9
 12 39  - 28  -  3  -  -  2 36 33  4 27  - 18  -  -  -  - 35  1  -  5 38  8 34 37 22  -  - 21  -  - 26 25 23 31  6 40 29
 11 36 23 10  - 17 16  - 25  -  9 37  8 18  - 19 13 14  5 15 30  7 27 24 32 21  -  2  4  - 31 26 22 34 20  1 12 38 33 39
  4  9 37 29 40  - 23 27  - 32 12  3 10 13  8  -  -  - 33 38 17 36 14 31  5  -  - 34  6  1 24 20  - 28 22  -  -  - 26  7
 29 22 30  3  - 10  - 16  -  -  2 28  - 40 37  9 19 35  - 33 13 26 11  7 12 24 31 27 39 32  8 34  - 38  - 21  5 25  4  -
  - 17 22 37 18  4 32 35  1  -  - 14 15 30 16  -  - 24  - 10  -  9 28 33 11 39 38 31 21 26 13 12  -  7  - 27  -  -  3  5
  - 26 21 25 14  - 24 39 22  5  -  - 33 16 12  1  8  -  2 20  - 19  6 40 36 15  -  - 10 23  - 17 34 37  - 38  - 27 32  4
  - 28  6 38  -  7  -  - 36 20 26 10 29 23 31  -  9  3 11  - 19 15 25  1  - 14 33  - 35  4 37 27  -  -  5  - 22 18 39  -
 15  1  - 11  5 36  -  - 20 35 19  -  - 24  -  -  -  - 26 39 37 29  -  8  -  -  4  -  - 34 10 13  - 18  6 32 21 22  2 17
 20 37  -  7 26 25  -  -  6  - 40 16  5 17  -  - 34 18 24  4 11  - 35  9  - 31 12 19 27 36  - 10 38  1 28  - 29 32 30  2
 24 35  - 16 23  - 36 15 39  2 13 21 22  4  7  3 17 29 30 34 10 12 40  5  -  - 14  8  - 31  -  6  -  - 37 18 38  -  - 11
 10  6 16  8  -  9 29 40  - 24  - 12  3  7  - 20  - 37 38 31  2 27  -  - 15  - 30  - 23  -  1 22 28 21 39  - 33 14 34 25
  -  - 11 18  -  2  -  - 13 33  - 20 30  -  -  -  1 27 12 26 24 10 16  3 19 29  - 32  5  -  - 36  -  9 23  -  7 40  -  -
 34 20  - 30 35 29  1  6  -  7 14  - 31  - 17  4 24 21 22  - 36  -  - 37  3  -  - 16  -  - 23  2 40 10 11  8 18 39  - 15
 16 30 32  - 27  - 35 14 28 11  - 33  4  - 26  -  3  7 15 37  - 34  -  - 22 17  -  -  8  6 19 21 36  - 10  - 20 12  -  -
  6  4 38 31 11  -  2  5 29 19 34 36 14  -  1  7 25  - 32  - 22  -  9 18  - 37 10 33 13  8 35  - 39  - 16 20  -  - 23  3
  9  -  - 40 24  - 27  1  8 25 38 34  - 20  - 39 11  -  3 29 28 22  - 13  - 35 26 30  -  - 32  -  - 31 14  - 15  - 36 21
  - 25 39 24 38 23 31  2 17 16  - 32  - 12  - 22 28 20 27  9  -  6 34 30 37 33 36 11  -  -  - 19  8  3  1  4 35  - 13 10
  5  3 15  4  7  -  - 26  - 12  -  - 19 37  9 23  - 17  - 14  6  - 30  2 10  1  - 21 38 33 29 31 11  - 34 25  - 36  -  -
 30 24 20 23  - 38  4  - 15 10  1  - 36  - 27 29  -  6 13 16  5 31  2 12  7 32 21  - 37 18  9 39 19 14  - 34 40  - 28  -
 35  - 17 32 28  - 30 33 23  -  - 39  -  3  - 12 27  -  -  -  -  - 31 22 29 10  5  1  -  -  -  - 20  -  9  - 36 37  6 24
  2  8  - 15  - 34 11 36 12  - 35  -  -  - 32 16 38 31  -  -  -  5 39  - 17 26 18  -  -  -  -  - 23  - 40 37 10 21  7  -
  3 23  2 39 29 20 10  - 40 27 31 13  - 26 11  - 33  1  - 36 32  -  - 28 16  -  8 12  9 22  6 18 24  - 21  -  -  7  - 38
  8 16 27  1  - 13 40 23 31  - 17 19  -  - 28  5 10  - 36  - 25  2  - 34 38 22  6  -  - 39  4 15  - 35  - 33 11 20  - 26
 33  - 26  - 20  - 37 30  5 34 36 31 23  - 39 38 21 22  1  -  7 14  - 15 13 40  -  4 11  9  3  -  -  - 29  2 27 35  -  -
 31 15 40 14 36  -  - 25 11  4  3 18 20 21 24 28  - 33  7 13 35 38 22  -  -  2  -  - 29  -  -  5 17 27 26  - 19  -  - 37
  -  - 36 34  8 21 38  - 26  3  - 35 39  - 15 18  - 40 19 22  9 33  -  -  1 27  - 29  -  -  2 11  - 20  4  6 30  - 24 16
 17 32 18 20 16  8 22  -  - 37  - 24 34 27  - 35  6  4 21 19 12 39  - 36  - 30 29  -  3  - 26  -  9 13  2  7 14 31  5  1
 21 29 28 27 10  -  5 37 35 30  -  8 16 38 22  - 31 23  -  -  - 13  -  -  -  9  -  7 17  - 12  4  2 36 33  -  - 19 11 14
 39  -  -  -  -  - 19  -  3  -  6 11  7 36  - 33 14 34  - 28  -  -  -  -  - 12  -  9 24  - 15  - 29 40  - 10 26 30 35  -
 19 40  9  -  -  -  7  -  - 26 10  1  - 22  6 11  5  - 14 23 31 37  - 17 33 16 35  - 34 28 39 24  -  - 13  -  3 15 27 20
  - 10  5 12 39 33 26  - 34  -  - 40 13  - 23  -  4 30 37  -  - 16  - 21 35 38 11 15 32 29 27 28  7  2 31 14  9  - 22 18
 13 31 12 26 15 24  -  - 37 17  - 30 11  - 14 40  -  - 29  -  -  1  7 10  -  -  -  - 20 38  -  8  5 23 35 22  - 34 21 28
 23 12 24 33 22  -  6  7 38  1 21 29 40 28  - 31  2  - 17 11 26 35 32 14 34  4  9 39  - 20  - 37  -  - 27  5 16  -  -  -
 37 27 13  - 21  - 15 20  - 38 24 22  9  2  5  - 40 10 16  1 33 25  3 32  -  -  -  - 31  7 28 14 35 12  - 30  -  - 29 34
