1120
  - 27 25 26  - 20  -  - 34  6 10  9  - 32 30 37 24  2  - 39 38  - 21  - 33 13  - 11  -  - 19 12 15  - 36 31 23 22 40  -
  -  -  9 35 14  -  2 34 17  3  - 16  - 10  - 21 28 33 13 19  4 12 27  6  5 15  8 31  7  - 24 18 30  -  - 20  1 26  -  -
  -  - 13 34  -  -  - 33 23 39 28 17  -  - 38 40 16 35  - 27  -  -  -  8  -  - 30 19 36  9  - 29  -  3 20  1 21 14 12  -
 31  5  -  -  2 40  - 38 20 26 17 19  3 30  -  - 12  - 23 35  7  4 16 28 18 25  1  - 37 10 29 34  - 22  - 24  6 13  -  -
 15 40 14 37 31 10 28 29 32  - 23  -  6 11  -  - 38  - 33  - 13 16  - 12 27  8  5 30 34  -  - 22  - 18 35 21 24  -  9  4
 21 31 30  8  1 13  - 32  4  - 16 35  - 37 11  -  5 14 38  - 29  6 24  -  - 34  -  -  - 12  2  - 18  9  3  7 33 19 22 28
  - 36  - 25  -  -  - 11 21  -  5 33 19 28  - 20  -  - 16  1  9 17 38 35 23  -  - 39 14 13 32  -  - 12  - 29  - 27  2 34
 38  - 32  - 25  -  -  6  - 28 27 10  7 15  - 16  -  - 22 29  -  -  9  4  -  2 21  - 30  - 40  8 26  - 24 19 17  - 13  5
  -  -  4  -  - 26 23 16 11  -  6 14  - 33  7  1 37  3 27 13 36  - 18 19 29  9 35  2  - 40 28  - 34  - 25  - 10 17 38  8
  4  - 35 38  - 28  -  - 22 10 39  - 15 31  - 30  6 13  -  -  3  - 25 18  1 26  7 40  -  -  8  9 29 24 23  - 36  -  - 37
 20  4 17 28  - 23 26  - 37  - 34 18  2 12  - 10 22 32  - 33  - 30  -  1 15  5 24 21 38 25 16  3 19  - 27 36  7  9 39  6
  -  2  6 14 36  -  - 26 24  8 22 29 30  -  9 38  - 16 28  5 27  -  -  7 11  3 15 12 21  -  - 35 39  -  - 33  -  4 20 23
 11 13  - 18  -  - 12 22  - 19 25  - 28  9  1  8  - 17  4 10 15 27 33  - 26 20 14  7 23 36 35  - 38  6  -  - 30  - 29 16
 37 21  -  9 15  6 25  8  -  - 32 30 24 29  -  -  1  -  - 18 34  -  3 27 10  -  - 28  - 17 11  7  - 14 19 38 13  - 33 35
 13 30  - 16 12 33 38  -  - 29  2 36  9  -  3 25  -  -  7  4 39 24 32 26 35 11 28  -  -  -  1 37 20  - 10 15  -  5  - 31
 32 12 33 10 40 25  7 31  5 37  - 24  4  -  -  - 30 29  8 11 21  3  - 34  2  -  - 38  9  6 20 26  - 28  -  - 16 15 35 18
  1 35  - 12  - 34  - 10 31  - 15 37 36 23 16  -  -  - 25  8 33  - 26 40 38 22 18  - 28 14 17  -  - 13  2  6 11 21  - 19
  6  9  -  4  -  - 13 19  -  -  7  1 20 34 32  3 26  - 35 25 12  -  - 23  - 40  -  - 39  5 15 36 17  -  - 18 22  - 31 33
 16  6 12 17 27 35 30 24 38  1  - 11  -  - 39 13 25 37 36 21 32 33  - 29 19  7  -  4 15  3  5  -  -  2  8 26 31 10 14 22
  - 34 11  1 29 12 35 18  - 32 40 26 33  - 37  -  3 23  -  -  5 15 13  9  6 36 16  - 19  - 25  - 28  - 21  -  - 24  8 14
  - 33 29  3  -  2 16  - 14  -  9 20 37  1  - 26  -  -  - 38 35 32  6 25  - 21  - 34  -  4 27 30 24 31  - 28  - 40  7 10
  - 23  -  5  - 19  8 21  7  - 13 38 34  4  -  - 27  - 39  - 11  -  1  - 14  -  -  3 22  -  - 15 12 17 33 25 35 36 26 24
  - 39 19  - 26  -  5  -  -  -  4 22 31 16 14 12 21  7 34 20  -  -  -  - 40  6  - 17  2 11 30 25 32 36 37  9 27 18 28  -
 26 15  - 40 19 17 32  9 28 38  3 34 22 21 25  5 31  - 30 24 18  - 39  2  4 23 33  -  -  -  7  - 37 11 14 27  -  -  - 20
  -  1 26 21 22  -  9 30 13 24 31  3 25  - 18 28  - 36 17 15  - 40 20  -  8 33 37  -  - 19  -  2  6  -  4  - 34 32 27  7
  -  -  -  - 35 14  -  -  - 25 36  - 38  - 13 27 17  5 11 34 37  - 15  - 21  - 32  -  3  - 18  - 10  8 16  - 20  - 24 12
  - 28  3  7 20 30  - 17  -  -  - 12 27 25 34  4 29  -  -  -  - 19 10  -  9 37 11 16  - 33 21 38 14 15  -  8 39 23  - 36
 34  -  7 30  - 16 20  -  9  -  - 13  -  8 28  - 10  -  3  -  - 26 31  - 25 12  6  -  - 23 22  - 36  - 29  -  4  -  - 17
 14 29  -  -  -  - 27  - 19 17  8 39  -  - 20 24 18 25  6  -  1 34  5 33  - 10 40 37 32 21 12 13  -  7  -  -  - 38  -  -
  -  - 38 22  4 21 15 27 12 34 30  2 32 14  - 11 19  - 40 28 17  8 35 24 13 31 25  - 26 16  -  1  7 29  -  5  3  - 36 39
 33  -  - 29  -  7  -  - 10  -  1 23 14  2  6 19  -  - 37 22  - 11 12 15  - 35  - 13  4  -  - 39 21  - 38  -  5 30 25 26
 23  3 20 27  6 37  -  7 29  2  - 21  8 38 19 17  -  - 24  -  - 39  - 10 30  -  9 36 35 26  4 11  -  1  - 13 15 16  5  -
  8 37 24 32  9 39 29 12 25  7  -  5 13 27 35 23  4 31 15 30  -  - 19  3 28 18 36 14  - 34 33 16 22 26  6 17  -  2  -  -
 27 19 10 20  -  9 21 37  6  - 24  - 12  -  - 35 39 11 32 26  8 14 40  - 17 29 22 25  -  -  - 33 16  - 15 30  2  7  - 38
 36 17 22 24  5 18 37  - 27 31 14 32 23  -  -  9 33 21  -  6  2 13 30 39 12  -  -  1  -  - 34 40  - 16 11  4  - 28  3 25
 29  7 18 19 37  1  3 13  - 35 12 28  -  - 27  -  9 26 21  - 25  - 34 17 39  4  2 10 20 24 38 31  - 23  - 11 14  - 15  -
 10  8  1  6 33 27 19  - 35 23  - 15  - 39  -  - 40 30  9  3 16  -  2 36  - 38 13  - 17  - 26 14  5 20 34 32 29 12  4  -
 22 18 37  - 17  4 36 23 39  5 21  8 16  -  -  2  -  -  - 40  6 20  - 11 32 27 19 15 12 38  - 24 31 30  - 35  9 25 34  -
  -  -  - 36 10 15  6  -  - 11 26  7 29 19  4 39  8 38 18  9  -  5 17  - 24 14  -  - 40  -  - 28 13 32 12 34 25  - 21  -
 28 16 23  2  - 29  1 25  3  -  -  - 17 20 15 34 11  -  -  -  -  -  - 22  -  - 12  8 24 30 36  5 27 35 26  - 32 37 10 13
