1120
  9 22  - 15 13  7  -  - 17  1 24  8  - 19  -  3 11 25  4  -  - 27 21  -  - 36  - 34  6 40 30 18 33 28  -  5  -  - 35 20
 21 15  -  4 12  8  3 35 20  -  - 17 40 32 39 31  - 29  -  -  - 34  - 23  5  -  6  -  - 22 25  1  - 10 24 18 26  - 19 28
 32  - 37 25  - 18 40 17  - 38 29  -  -  -  -  5 26 15 16 33  - 30  -  -  4 19  -  -  3 23  - 34  - 35  6 21 13  - 22 24
  -  - 17  -  1 10  -  - 40 33 27  7 22  9 26  -  -  6  - 21  - 14 15 13  -  8 34  - 25 12  - 28  - 32  - 20 37 24 31 16
 15 30 39 20 35  3 36  - 28 26  2  -  1 18 22 25  6  - 33 14  5  - 38 11  - 21 17 24  - 29  - 32 27 19 16  -  9 31  - 13
  -  - 23 35 26  9 28  - 38 16  7 31 13  -  - 34  8  -  2 18  -  3  - 29 39 37 32  - 21  5 11 36 19 27 14 40 25 15  - 22
 11  - 22  -  6  -  - 34 37  - 36 21 24 31 15 40 14 28 35 16  8  - 19 25  - 17  -  -  -  3  7  9 18  - 30  -  2  - 32 26
 13 24  - 17 18 31  - 20 36  2  6  - 10  4 34  - 39  9  - 30  - 23 37 40  -  1 33  - 19 32  -  7 26 29  3 14  8 27  -  5
  - 18  - 26  9  - 21  - 34  -  - 19  7  -  - 17  - 36 14 29  3 22  -  5 35  - 37  8  -  - 13 31 38  6 39 25 15 40 20 10
 28 13 11  - 25 32 17  - 23 37  -  4  5 21 33  - 16  7 34 35 36 18  8  3  - 10  - 40 29 14 19 15  - 24 22  - 27  -  6 31
  7 16  1  - 14 35 29  - 11  - 13  - 21 26 37 12 23  - 32 28 19  - 17  4 33 24  - 25 15  2 18  - 10  - 34  9  - 20 30  8
  -  -  -  - 40  -  - 21  3 34  4 12 29 16  5 24 30  - 26  8  -  2 18  -  -  -  - 33  -  6 32  - 13 22  1  - 36  - 14 25
 27 25 36 23 17 13  6  - 12  - 11 20 30 15 18 39  - 24 19  -  7  -  - 38  9  - 16 37  - 26 31  3  - 34  2 32 21  5  - 35
  -  4 18 39 34  2 26  7 19 20  - 28  - 24 13 35 40 14  9 15 12  -  - 32  3  6 27 36 33  - 38 29 31  -  -  1 16 11 10  -
 12  6 10  - 33 34 30 14 39  7  9  - 25 40  - 15  - 19  -  - 23 21 29 17 36 18 26  - 35  -  -  4 22  3  -  -  -  -  -  -
  -  9 34  2  - 11  - 22 14  - 17 30  6  3 21 27  - 16 18 36 29  - 26 37  - 38 25  7 12 39 23  - 24 13 20  - 10  - 15 33
  - 14 24  6  -  -  -  - 13 32 10 27 37 28 17 36 15  8 31 19 33  -  - 21 11 23  4 29 34 35 26 12  1  -  7  -  - 30 38 39
  - 21  -  - 38  -  2 37  - 30 26  - 16 34 32 28 27  -  -  - 39 35 13 15 20 40 24 31  -  -  8  -  -  -  9 22 29 18 23  -
  -  - 25  7  - 22  - 36 18 24  -  -  - 39 27  - 13  5 28 26 40  - 35  9  2 33  -  -  -  - 34 30 37 16 11  - 19 10 21  3
  -  - 31 24 32 37  -  3  2  - 33  - 35 10  7  8  - 17 15  1  9  -  4 16  -  - 18  -  - 19  5 20 36  - 28  - 30 14 29 27
 17 19 13  -  -  - 10 26  6 36 18  3 38  7  - 20 29 22  5  2  4 40 11 24  1 39 31 35 32  9 33 14 15  -  - 27 28  - 12  -
 38 12  -  - 20 21 18  -  5  - 40 11 23 29 30 37  -  - 25  7  - 28  - 34  - 26  1 22  - 10 24 16  4 36  -  -  -  -  -  -
  5  - 19 14 11 36 13  4  -  - 39 33 34  - 25 16 17  - 12 22 27 37  6  - 18 20 15 10  -  -  -  - 32 26 31 35 24  -  - 40
  -  -  -  -  8  - 31 29  - 25 21  9  - 14 40 32  4 26  -  6  1 11  - 20  7 34 35  -  - 30  - 24  - 37 18 13  - 23 39 15
  3  - 29  - 19 39 35  - 30  - 22  - 11 12  1 21  -  - 37 13 28  7 20  6 24 27  -  - 18  -  9 17 23  4  - 26 33  - 16 32
 39  - 14 31  -  -  1 13 26  - 34 15  - 11  -  -  -  - 17  - 18 24  3 19  6  9 22 28  -  - 29 21 16 23  - 10  - 38  8  -
 24 28 15  1  - 14  -  - 35 29 32 13  -  - 11  -  - 31 23 20  -  -  9 27 30 22  - 26  - 36  - 33  8  2 40  6 12 34  7  -
 35  - 40  -  - 16 12  8  - 13  - 14 18 36  -  6 24  -  7 34 31 25 27 26 15  5  - 30  - 33 39  -  2 17  -  -  1  3  9 21
  - 37 35  -  5 27 22 25  -  9 38 23  3  6 24 33  - 18 40 32  - 16 39  7 26  - 14  - 36  -  - 19 30 31  - 28  -  -  -  -
 16  7  - 18  - 26 38 24 22  -  3 40  8 20 31 29  - 37  1 23 17  -  - 36 14  - 39  - 30 28 21 25 12 15 32  4 35  - 34 11
 23 33 20  - 39 17 19 40 21  -  - 22  4 38 36  2  -  -  -  - 37 31  5 12 25 29  9 32  - 24  1  -  -  8 15  3 34  - 26 30
  8 36  4 30 10 40 27 39  - 14  5  - 19 13  - 26 31  3  - 24 21 15 23  1 29 35  2 38 28  -  - 37  9 20 33  7 32 17 11  -
 33 20  -  - 28  -  -  -  -  - 25 39 12  - 14  7 38  4 24 27 30 32  2  -  - 31  3  -  8  1 17 26  6 18  - 37  - 22  - 19
 36 23  -  - 15  1 14  -  -  3 31  2 27 35  9  - 10  - 30 17  - 38  -  -  - 25 19  -  -  7 37  - 20 12  4  - 18 39  -  6
  - 26  -  - 16 20 24  9  -  -  -  - 15 25 35 22  3 21 38  - 11  6 28  -  -  -  -  - 17 13 12 10 40  7 19 23  4 29 37 14
 14 32  - 38  -  -  8  - 27  - 12 18  9 22 19  - 20 10 29 31 16  4 34  - 40  -  - 15  1 37  6 39 35 33 26  2  - 21 13 36
 26  3 21  -  7 19  - 27  - 40 15  - 28 23  6  9 32  -  - 25 34 39 16  2 31 30  -  1 14 17 35  -  5  - 10 36 20 33  -  4
 34  5  - 21  -  6  7 16  - 27  -  - 20 33  - 19 36 11 39 40  -  9 30  -  - 15  -  3 31 18 14  - 25  1 12 24 23 28 17 29
  - 40 32  -  - 30 34  6 15 39 19 16  - 17 28  4  2  1 10  -  - 26  - 18 22  7  -  - 24  - 20  - 21  -  5 29 14 35 27  9
  -  1  8 28 21  4 11 10 25 35 23  -  -  -  3 18 22 12  -  9  - 29 31 39 19 14 30 17 26  -  -  -  - 40 36 33  6 16 24  -
