1120
 13 24 12 15 25  7 40  -  2 33 18  - 31  9 28  - 35  1  -  - 26 10 11 14 19 36 20  -  8 16 37 32 34  -  3 29  -  -  6 23
  -  -  2  -  - 37  6 30  - 38  - 14  -  - 27 19  - 12  -  - 36  1 34 35  - 15 10  - 26 29  -  -  - 39  -  -  - 17 28  7
 28  - 33 37 35 26  -  -  1 17 40  - 34 23  - 29 32  - 20  - 38 13  - 12  9 21 18  6  - 10  -  8  - 22  - 14 19 39  - 30
  -  -  - 40 29  -  7 36 37 28  2 23 11 30  9 14 21  -  - 35 13  3 19 32 12 16 34 39  6  8  -  - 18 15  4 22 38 20 24 31
 29 30 15 38 21 16 25 19  -  - 12  - 13 39  1 18 22 33  -  -  3  8  4  - 31  9 40  7 17 26 20 10  - 36 28 23  - 14 35  -
 38 13 19  -  6  - 16 40 35 25 33 28 18 22  - 26  - 11  - 12  -  - 10 34  3 31 23  -  -  -  9 39  -  8 37 15 30 36  -  -
 19  9  - 18  - 34  - 14 25 22 13  5 39  - 11 24 20 27  - 16  4 35  -  1  2 30 38  -  -  6  7 29 21  - 32 33  - 10  -  -
  4 34  7 19 26  -  -  - 21  - 24 36 17  5  - 11 30 28  -  3  9 39 27 18 32 29 15  -  -  - 14  - 23 12 25 20 10  - 38 13
 30 20  -  -  - 40 26 12  3  1  -  - 16 32 36  7 24 37  - 21  5  2 35 33  -  - 29  4 28 14  -  -  6  -  -  -  - 34 31  -
  5  - 31 11  - 18  - 35  -  3 29 21 12  -  - 13 17 26 15 19 33 40 32 25 27 20  1  -  -  9  - 24 38 28  -  -  4 30  2 37
 26  - 20  1  3 27 29 16  -  -  7  2 38  - 23 21  4 32 22  -  - 12 17  - 34  - 31  8  -  - 11 36  -  5 10 24  -  9 19 35
  - 19 34  - 23  - 24  - 33 37 27  6 40  -  4  -  - 30  - 31 17 21 25  8  - 12  7 11  2 32 10  - 15  - 14 26  3  -  -  -
  -  - 18 14  1  9  -  4  5  -  3 15 32 20  -  -  2 23  - 24  8  - 40  - 36 17 37 13 21  -  6  - 19 27  -  - 39 38 26 25
 33 27 28 31 12  -  - 21 36 15  -  1 10 35  2  -  - 17  - 13 39 11 29 16 30  4 26 23 22 34 24  -  - 37  - 38 25  -  5  6
 37  - 11  - 15 38 12  8 27  -  4  - 29 21 30 36  - 39  - 32 19 25  - 22  - 28 35 16  -  - 34 26  1  - 33  6 20  -  - 18
  -  - 24  - 14  - 15 11  9 30 35 18 22  -  7  - 31  - 25 34 37  - 13 23 39  2  - 32  - 36  - 19  -  4  1  5 16 33  - 20
 35 26 21  -  5 28 36 25  -  8 19  -  - 31 24  - 11  4 39 27 22 14 16  -  -  1  - 37  - 12 29  - 13  7  6  9 34 40 30  3
  7  8 38 28  4  - 30 34 40 32 31 35  - 11 39 12 25  - 13  -  - 22  -  -  -  3 27  -  -  1  2 21  9 18 24 19 29  - 17 36
  - 39  - 34  -  2  4 28 14 31  - 40  - 27 35  6  5  8 36  -  - 16  3  -  -  7 17 10 15  - 30  9 33 19 12 11 37  - 13 26
  2 25 27 32  - 11  - 24 38  9  - 29  -  - 12 23 40  - 18  -  - 33 36  3  1  -  - 30  7  -  - 13  4 34 35 10 31 26 37 16
  9 38  6  - 28 17  -  3 34  -  -  8  - 29  - 15  - 40  - 14 30  - 37  - 13  - 24  - 19 33 12  -  - 10 26  4 23 16 36 22
 18  - 10 23  - 24  -  6  - 13 26  - 19  4  - 30  8  -  7  - 11 17  - 36 25 40 16  3 35  -  5 37 20  - 38 28 14  1  -  -
 23 32 16  3  -  5 13 31 30  - 37 11 35 18 17 27 39 10  2  - 12  4  1 38 40  -  - 28 24 21 26  -  - 25  -  -  -  6 29 14
  - 36 13  -  2  6 39  - 22 23  - 25  - 16 14 10  -  5 38 15  1  -  -  - 35  -  8 21 18 19  4 33 28  - 31  7 26  3  9 27
  8 35 14  2 10 19  - 13 12  -  - 26  1  7 34 20  3 36  - 18 15 32  -  5  4 38  -  - 33 28 16  -  -  6  -  - 22 27 25 29
  - 16 22  - 11 29 18  -  7  4 30 31  - 15 25 34  - 19 14 10 21  - 24 20 38 37 28  9  - 39  - 35  -  3  5 27  - 32  -  1
 39  - 35 25  -  -  - 33  - 40  - 16  -  -  -  - 26  7 34 37 29 36 30  -  - 13  4 18  -  5  1 20 27  9  -  2  8 24 32 38
 17  -  -  8  -  -  3  - 32 21  6 38 20  - 22 25  - 35 24 36 34  -  2  -  7 39  9 26  - 37 33 12 29  1 11 30  - 15 18  -
 20 15 25 35  -  - 23 37 28 10  - 13  9 17  -  3 12  -  -  - 31 34  -  4 26 24 32 38  - 18  - 14 22 30  2  -  -  - 11 40
 24  - 30  6 27  -  - 39 31 19 11 33 14 36  - 37  -  -  - 26 23  9  5  -  - 34 13  - 40 20 25 17  8  - 18 32  - 12  - 28
  -  7  -  4  9  -  5 20 10 35 36 12 27 14 19 16 38 13 33  - 25 24 18 21  6 23 11 17  -  - 15  -  - 29  - 40  1  2  8 34
 15 40  9  - 20 36 21 22  8 14 17  3  7  2 29  -  6  -  - 38 16  -  -  -  5 26 39 24  - 25  - 23  -  - 30  - 11 13  4  -
  -  4  3  -  -  - 17  -  - 27  - 24  - 33 21 39  -  2 28 29  -  - 22  6 18  - 19 12 14 11 31  - 30 13 23  - 35  - 20  9
  - 28 29  -  -  -  1  5  4  - 10 34 30 26  -  8 23 31 37 33 18 20  7  9  -  -  3 36 11  -  -  -  - 17 15  - 40 19  -  -
 11 21 40 33 30  -  - 26  - 39 14 22  4 13 32  - 19 18 29  - 27  5  8 17  -  6 12  1  9 38 23 34 35 16 36  3  - 28 10 24
 25  5 36 12 37  -  9  - 24  - 16  - 28  - 26  - 34 38  8  1  -  -  6 13 23 19  2 27 20  -  3  -  - 35  - 39  -  - 33 17
  - 12  1  - 40  -  -  9  - 29  -  - 15 24 18  - 28 20 31 17 10  - 33  - 16  5 14  -  4 23 32  3 36  2  8 34  - 11  7 19
  - 29 32  - 16 10  - 38 15  -  8 20 36  1  3  4  -  -  5 40  7  6 14  -  -  - 25 34 39 31 28 27  2 33 13 17 12 18  - 11
 14 33  -  5  8  4 32 23  -  -  -  -  -  -  6  -  -  -  3  7  - 28 38 24 17 18 22 20 12 30 35 25 31 11  -  - 36 29 27 21
  -  -  - 30  - 20  2 29 23 36  9  7  -  8  - 38 13  3 12  4  - 15  - 26 28 27  6 19 32 17  - 11  5 14 16  - 18  - 21 10
