1120
 10  - 26  5  -  - 18 25 35 13  -  -  7  - 17 15  4  -  - 28 21 32 11  8  -  -  2 20 40  - 19  1  6  -  - 29 37  - 22 24
  -  - 40 10 26 19  1 27 29 14 30  -  8  - 36  5 25  - 12  - 15  4 24  9  - 33 22  7 13 39  -  - 18 32  - 38 16 23 28 31
  1  2 15 38  -  - 19 34  - 21  - 12 10 22 32 13  - 14  - 33 17  7 18 24  - 11 27  -  4 26 25  8 28  -  -  6 31  - 36 35
 12  1  - 27  -  - 21 38  -  -  7 13  -  3  8  9  - 11 24 18  4 22 31 26 39 23  -  -  6  2 14 28 19 33 17 10 35 32 34 16
  - 37 24 12 13  - 27 26 19 17 25 32  1  5 16 39 31  -  -  -  9 33  2 28  6  -  - 30 11  4 20 34 10 21  - 35  3 40 23  -
  -  -  8  -  - 24  - 20  - 39  -  - 27 17  -  - 33  -  -  - 16 38 29 21  7  - 36  - 35  - 22 15 25  - 32  1 19  6 11 30
 33  -  -  2 12  - 10 14 34 28 40  4  - 18 31  6  - 35 39  - 26  -  - 32 29  - 15 38  -  7  - 25 16 24  -  3  8  - 21  9
  2 33 35 26 34 17 39 28 12  4 36 30  9 23  5  - 15  - 40 27 24  1  6  7 11 16 21  - 14 38  -  -  - 19 22  - 13 25 37 29
  - 36 16 19  -  9 37  -  1 18  8  -  - 39 12 22 29 17  6 31 20 24 10 40  -  7  - 34  - 30  -  3 27  2 15  - 11  - 35 25
 16 34  3 11 18 15 29  -  -  - 35  8  -  4 21 25 26 24  -  - 32  5 40 38  - 37 14 39 20 28 13  9  - 17  -  7  - 30 27  -
  -  5 11 13 14 25 30  8 17 33  -  3  -  - 39  - 28  - 26 20 29  - 35  -  - 40  6  2  -  -  1 36 32  - 24 15  - 10  -  -
  -  9  - 25  - 29 23  - 21  - 39 36 40 30  1 38 27 12  5 10  -  -  -  3 24  - 32  -  - 18  -  -  7 15 14 31  6 34 33 20
  - 32  - 24  3 23 35  - 10 12 38 11 33 29 20  - 13 28 16 15 39 17 22 27 40  -  -  - 18 37  -  2 21  -  -  - 26  9  5  6
 26  3  -  -  7  -  2  - 32 19  4  9 39  1  - 24  - 36 17 37 12 25  - 23  - 13 30 16  - 22 10 29 11  6  8  - 15 20  - 14
 35 20 36  - 15 40  8  -  - 11 31  -  6  9 33  1  - 30 21 26 28 34  - 17 23 38  7 13  -  - 39 32 37 25  -  - 12  5  2  -
 18  4  5 31 20 12  - 11 24 15  - 26 32  - 30  - 37 33 10 40 38 21  -  - 36  6  - 17 23 29  2 14  1  -  9 28 27 19 25  8
 22 31 25  3  -  -  7 39 14 40  2 24 15  8  - 20  6  - 32 30  - 37  -  - 18  4 12  -  9  -  - 13  - 11  - 36 10 21 19 17
 13 19 39 30 29 31  6  - 27  2  -  -  - 33  - 40 23 18 28 32  7 35  9 36  - 15 17  - 25 12  - 16 26  5 20  - 24  -  1 37
  -  8  - 40 21  7 33 17 37  -  3  2 29  - 23  -  -  -  -  - 25  -  -  - 10 22 16  -  1 32  - 30  5 27 28 34 39  - 13  -
  - 25  - 14  - 32 12  -  9 30 37  - 26  - 28 29 34 22 13 11  - 23  4  5  - 24  3  -  - 20 16 38  - 36  6 19 17  7 39  -
  - 39 20 23  - 33 22  - 13  - 11 15  - 21 18 28 17  8 36  1  - 30 32 14  - 10 38 25 37  - 26  -  - 34  -  -  - 24 16  3
 25 40  - 16  4  8 13 30  -  6  - 23  - 37 22 32  - 15 34 21  - 29 39  - 27 28 10 18  - 11 17 12 31 14  - 20  - 36  3 26
  -  -  -  8 28  -  9  -  -  -  - 25  - 13  -  - 30 31  -  -  - 10 21  6 37  -  1  - 34 14  -  4 36  - 35 17 40  3 24 33
 20  -  - 21 37  - 36  - 40  - 26  - 11 32 13 17 14  6  - 29 27 39 30 19  4 31  9  8  - 24  7  5 34  - 23  - 25 33 12 22
  - 23  -  -  -  -  - 24 11  7 12  1 34 35 27  2  8  - 19  -  5  - 17  -  - 32 28 33 31 36 38  -  - 29 37 13 20 18  9  -
  8  - 21 28  2  -  - 22 20  9 17 37 38  6 35 27  -  -  -  -  - 36  -  - 33 25 34 15  -  -  -  - 30  - 18  5 14  -  4  7
 24 28  -  - 19 38 20 21  - 25 15  6  -  -  -  -  - 10 11  7  -  9 27 35  -  -  - 36  - 17 30  - 40  -  5  4  -  8 14  1
 15 11 31 39  1  3  -  - 25 36 18  - 16  -  6 34  2 21  -  4  - 26 20  -  5 27  - 37 22 35  9  - 24  - 10 33 32 12  7  -
 30 29 22 18 27 20 40  2 36  -  -  7 12 15  9 19  1 16 25 24 37  3  -  -  - 14 35 21 32  6  8 23 17 10  - 11 28 13 38  4
 29  6 34 36 30 10 38  - 33 35 22  - 23 40 37 11  - 39  - 12 31  - 26  4 20 17 24 28  8  -  - 27  - 13 25 16 18  2 32  5
 27 14  6  -  - 16  -  -  7 22 32 31 25 10  -  -  3 19 29 38  -  -  8 37 17  - 11 35 12  - 24 40  9  -  - 23  2 28 15 39
 36 18 23  - 11  4 31  1  -  - 29 14  -  -  -  - 24 27  - 39 10 28 34 20  -  -  -  6  - 21 12  7 13  -  -  -  -  -  - 19
  6  - 27  9  - 14 32  - 22  -  - 35  3 36 10 37  -  - 33  2 13 20  -  -  1 21  - 12 17  - 28  - 29 39  - 25  7 31 40 34
  -  -  -  4  -  - 15  - 18 38 10  -  -  7 40 21 11 13 35 17  - 19  3 12 14 30 33  - 29  - 34 24  2 37  - 39  1 16  8 32
  4 24  - 34 32  6 11 10  -  3  1  - 14 16 19  - 12 26  7 25 35  2 37  -  8 18  5 40 28  -  -  - 20 38 36  -  -  - 30 27
  -  - 32 15  6 21 34  - 39 23  -  -  - 11  2  8 10  5  1 22  3 14 38 30  - 35 37 31 19 13  - 26 12  -  - 24  9  4 29 28
  9 27 17 32 24 28 16  6 38 37  -  -  -  - 15  4  - 25 14 36  - 31  1  2 12  -  -  -  7 23 18 33  3 40  - 21  5 11 20 13
 37 38  -  6 33 18 25  - 28  - 27  - 21 14 24  -  5  3 22 34 36  8 12  -  -  - 31 11  - 19  -  -  -  -  - 26 30 29 17  -
 23 17 14 20 39  1 28 29  8 34  - 38  2  -  -  -  -  - 15  - 33  - 25 11  -  -  - 24 21  -  5 18 35 22 30 37  -  -  6  -
 32  - 28  -  - 34 26  9  -  -  6 29 17 25 14  3 16  -  4  - 18  - 36 33 13  - 20 27 30  8 37  - 38 31 11 12  - 39 10 21
