1120
  -  8 29  - 25  - 21  -  - 38  4  9  7  - 39 11 12  -  - 22 27 16 20 18  3 30 19 34  -  - 40  5 35  - 28 14 15 17  - 23
  6  - 24 34 29 36  - 26 14  8  2 18 39 37 11  -  -  4  9 12  - 33  - 16  -  -  -  -  3  7  -  -  -  -  - 10  - 32  -  -
  - 37 12  - 11 28  -  5 16 39  6  -  - 10  4  - 35  - 32  7 19  - 21  - 22 34 20 27 25  - 23  - 18 29 31  -  -  -  1  3
 30  5  9  7  - 34 14  -  - 31  -  -  8 35 13  6 28 26 27  -  -  - 10 15 16 23  - 37 12  -  - 22 24  2  4  -  3  - 36 29
  -  -  -  -  5  - 19 29  - 24  - 36  - 17  - 40  1 25  -  -  - 26 31 34  9  - 23 30  7  4 37 18  8 28  3 20 11  -  - 15
  - 18 33  - 36  -  -  -  - 20  -  -  - 28  -  4 40  - 39  3 21 24  2  -  7 29 13 10 22 15  -  -  - 32 27  - 37  - 17  8
 28  - 38 31 26 11 13 34  2  3  - 20 21 19  5 39  - 24 10 32  1  - 36  7 37 35  - 16 29  - 33 15  - 30  - 23 17  -  - 27
 24  -  - 14  7 18 35  3  - 16 39 40 12 21 10 23 19 32  - 11  - 25  - 29  - 26 37 38 34  - 22  6 15 36  -  9 27  5 31 17
 17 40 28  -  8 23  9 31  7  4 12  - 18 30 38 34 32  1 22  -  -  -  - 39  - 33  2  - 24 26  - 37  3 14 25  5 16 35  -  -
  - 25  2 19  4 22 32 15 29 33 37 23 24  9  6  - 38  - 12  - 17 10  8 28  - 40  - 36  -  - 35 20 27  3  - 13 34 31  5 18
  -  -  7  1 38 20 37 35  8  -  3  - 10  - 16 13  -  -  - 25  - 22 34 31  - 39 27  - 23 14 36  -  4 33 21  - 29  -  2  5
 23  3  - 28 27  - 40  1 19 29 17 35  4 31 12  - 26  7 20  9  -  2 22 24 11 15  5  - 36 16  -  - 34 37 13  -  -  -  -  -
 18 39  1  -  2 37 20 17  - 21  -  7  - 13 36 35  - 34  -  6 33  - 11  8 38  4  -  5 30 29  -  - 28 23  -  -  - 25  - 40
  4 33  8  -  9 19  3  6 24  - 28 26  2 12 40  7 13 10 34  -  5 21 35 11 31 38 25 14 17  -  -  -  1 20  - 30  -  -  - 22
  3  -  - 36 12  2  - 10 15  - 21 39 31 23 29 22  - 16 33  - 20  6  9 37  -  7  4 17  5 35 38 14 25  -  -  1 24 13  -  -
 27  - 13 38  -  6  7  9  4  - 26  -  1 34 24 31 15  8 11 21  - 28  - 25 29  5 35  3 32 19 39 36 16  -  - 37 22 23 33 12
  - 34  6  - 39 33 17 13  - 30 11  - 23  4 27 10 31 18  - 28  9 15  -  5 19  -  1 26  -  -  -  8  -  - 14  -  7  - 35  2
  - 36  - 32 37 31 11  -  -  7 40 16  - 33 17 15  -  9  2 23 35  -  5  - 13 25 14  8  4  -  6 12 19 34 18  - 26  3 10  -
 38  - 23  - 22  7  -  8 17  6  - 15 37  1 20 28 16 29  -  -  -  - 40 32 26 14 31  -  -  3  2 25 30  - 12  -  9  -  - 24
 20 23  3 24 19 39  6 21  -  -  -  1 28 15  7  8 17 13 30 33 31  - 27  - 14 37  -  2  -  - 12 32  -  9  5 25 38 22 40 16
 22 29 40  -  - 12  2 32 36 35  - 13 27 39  8 37 14  -  -  -  -  7 38 10 33 18 16 31 20  6 34 23 17 24 26 15 25  9 21 11
  1  - 32 17 34 38  - 36 33 13 27  2 14  - 37 18  3 15  -  - 29  - 16 30 20 31  -  - 11 25  9 40  6 10  - 35  -  - 22  -
  -  -  -  - 28 30 23 12  5 40 31  6 11  - 32  - 10 19 29 27 16 35 33 36 25  - 18  - 13  2 24 21  9  -  -  4 20  7  8 38
  -  1 31 20 40  8  - 37 21  5  9  3  6 18 35 26 27 28 25 29 22  -  - 33 34 19 10  - 39 11 14  -  -  - 30  - 23 15 24  7
 35  - 14 13  -  3 31  4  6  1  - 21 40  8 19 36  9 27 38 16 34  - 39 12  -  -  - 22 18 20  5 10  -  - 23  7  2  - 29 33
  - 12  -  - 23  5  -  - 11 37  -  - 22  - 25  -  4 30  -  - 14  - 19  3 36 32 40  -  6  9  -  7  2  - 24 39 35 21 28 34
 15  -  - 29  - 10 26  -  - 36 35  -  - 40 30  - 34 12  -  1  - 20 24 23  5 16  8  - 27 39 28 38 33  -  6  - 21 14 37 32
 16 24 11  8 21 35 27  -  - 17 30  -  -  6 28 20  7  -  5  - 37 38 14 22  -  -  -  -  1 13 19 34 40 18  9 29 10 39  3  -
 32 14  - 23  6 29 36  -  - 27 20 19 35  5 15 25 33  - 16 39 40 17  -  - 24  3 34  9 31 12 18 11  7 22  -  8 13 26 38  -
 12 19 22 35  - 25 33 27 40 34 13  5  -  - 21 30  -  -  -  - 10  - 26 14 17  -  3 15 28 23  7  - 38  6 16 18  - 29 20 37
  -  - 16  3  - 15 10 22 28 25 36 12 26 27 34 24  -  -  - 38  8 30 37  6  1 20  9 13 21 32  - 35 11  5 17 19  -  2  7 39
  -  7 34  - 10 26  5 20 25 22 16  4 30 36  -  9  6  -  3  8 32 14 15  - 23 27  - 19  - 33 11 29  -  -  - 24  -  -  -  -
  - 16  - 21  -  - 28 11 27  2 34 25  3 24  -  - 20  -  -  - 23 39  -  9 12 22 29  - 15  - 26 17  5  8 10 40  -  -  4 36
 26  -  - 16 33 17 30 39 37 12  8  -  -  -  -  5  -  3 21 14  6 32  - 13 28 24  7 23  2  -  -  1 29  - 15 38  - 11  - 10
 19  - 15  5  -  1 22 40  - 10 24  - 33 29 14 12  8  -  - 26  - 23  - 20  6  9 30 35  -  - 13  -  - 11  2  - 28  -  -  -
  2  -  5 15  - 24 18 16  3  -  -  - 20  - 31  1 25 38  7  - 11 29 12  - 27 28 17  -  9  - 21  - 23 39 22  - 36  8 34  -
  - 30 39 25 24 16 12 23 38 19 14 37 17  3  9  - 29 33 28 31  -  -  7  4 40  6 21  -  -  - 32  2 10 13 35 36  5 20  -  -
  -  6 20 26 13 40 29  - 18  9  7 28  -  -  - 17  2  -  - 36  - 34 23  -  -  - 39 21 16 27  -  - 32  - 38  - 14  -  - 35
  -  - 36  9 20  4 25 38  - 32  5 14 34 11 23 29 18 17 15  -  3  - 30 21  -  2  6  - 40  8  1  -  - 26  - 31 39 27 16 19
 10 38 26 40 18  - 34 33 23 15  - 24 13  -  1  - 37  - 31  - 25 11  -  -  -  -  -  6  8  5  - 28 39  7 29  -  -  - 12  9
