1120
 34 17  9  7  - 37 30 16 39 26  - 32  4 22 24  - 12 15 35 13  -  2 31  -  -  5  -  -  8  -  6 29 27  - 25 38 18 36  - 28
 28  - 14  -  -  - 11 13  -  -  5 35 33  -  -  - 16 17  -  4 39 10 26  3 24  2 32 34  1  9  8 15  - 22 20 23  7 31 12 18
  7  - 39  3 13 18  6  9 23  -  8  2  - 36 31  1 21 16  -  - 32 38 28 27  -  - 25 15  - 35 26 10 40 24 34  -  - 30  -  -
  - 12 21  - 10  5 34 24 17 16  - 38  7 33  -  -  -  8 30  3 40 15  -  -  1 35 14 13 23  2  - 25 39  - 29 18 31 26  - 20
  2  -  8  - 23  - 12  1  3  - 38  -  - 27  -  9  5 28 26 36 24  7 29 11 13 37  - 21  - 17 14  -  - 25 18 10 22 32  4 34
 18  - 22 21  -  - 32  6  - 35 19  - 34 12 11  3  - 24 38  -  - 16 36  - 17 15 37  - 30  8 25  -  1 13  9 20 26  4  2  7
 35 18 17 28 26  - 14  3  -  5  - 12 24 10 23  -  -  -  2 21 29  6  8 39 27 38 33  -  - 30  4 22 20 32  - 25 11 19 31 40
 31  - 26 17  3  -  -  -  -  -  2  - 38 23 10  -  -  -  - 33  -  -  - 15 32 19  1 11 20  6 13 18 37  -  - 28 29  8 35 16
 17  -  -  1 31 24  -  -  - 37  - 20  8  6  2 10 18  - 12 32 34  -  - 38 39  -  5 29  -  -  -  - 35  - 16  -  4  - 22 25
 16  8 31 29 38  - 20  4  - 10 13 11 21 24  3 19  1  9 17 26  2  - 25  -  6 28 34  - 22  - 30  5 33 39 23 15 40 12  -  -
  -  1  - 27  9 14 13  -  -  - 16  - 40  -  8  -  - 20 28  -  -  -  - 23 25  - 10 31 38  4  5  - 22  -  - 11  -  - 30  -
 25 32  3 35  6 28  -  - 20 33 18 39 30 34  9  -  - 19 14  2  -  - 12  - 37  4 17 16  -  7 15 27 38 11  1 29  -  - 10 26
 37 34  7  - 12 25  2 20  4 24 15 26  -  1  -  -  - 39 40 14  -  -  5  -  -  -  - 36 32  3 31 23 21  - 10 22  6 35  -  -
  1 30 36 23 35  - 15 17  - 21 24  - 13  8 28 26 32  5  - 10  -  -  3 20  4 34 31  -  -  - 18 39  7 33 37  2 19  - 38  -
 22 23 29  -  5 13 10 15  -  8 39 19 36 21  - 37 35 33 34 28  -  4  6  - 12  -  2 18 25 40 20  - 11  -  -  9  -  -  -  3
  - 40 25  5  2 19 29 14 24  9 33 37  3  - 26 12  -  - 18  1 35 28 23 36 21 30 11  6 10 39  7  4  -  - 27 34 38 22  -  8
  3  4  -  - 22  -  - 36 34 15 14 28 35 17 39  5 24  - 13  - 38  -  -  - 26  - 40  - 12 16 21 19  - 23  6  -  9 18  -  -
 24 14 11 37  4  -  - 32  - 28 26  5  9 18  - 33 40 12 27  6 13 30  -  -  - 17 16  8  - 21 39  - 36 38  3  -  - 15  1 31
  - 11 24 12 19  -  - 22 26 29  -  9  -  3  6 28  -  1  7  -  -  - 14 35 38 31 13  2 37  -  -  -  4  5 33  - 15 39 40 23
 39 27  - 26 17  - 40 28  8  2 32  6  -  -  1 38  - 34 23  - 33  9  - 30 29 25 24  -  4 36 19 13 10 20 22 21  3 37  - 12
  8 38  -  9  - 10  - 34 31 17 12 25  -  2 21 39  - 18  - 23  1  - 16 24 15 36  - 26 33  5 27 20 30 37  -  3 13 40  -  -
 26 13  - 31 28  -  - 10  - 23  3  -  - 37 27  - 39 29 24 20 25 40 21 12 34  -  - 17  -  -  -  - 14  -  -  4  1  -  -  -
 36 25  6 20 33  -  5  - 16  -  4  3 29 28  -  - 26  - 11  - 12 31  -  - 35  -  8 19  -  -  -  9 18  - 30  - 37 24 32 10
  -  - 30  -  8  2 19 37  -  -  - 29  -  5 13 15 34  - 39 24  -  1  -  - 16  7  - 35 28 10  3 14 17 36  4 33  -  9 11 38
  - 21 38 33 14  -  3 19  2 20  -  -  5  - 34 16  -  4  - 12  - 22  1 13  9  - 27 28 24 25 29  - 15 40 31 39 32  -  7 35
 12 28 19 10 21 22 38 18 40  - 29 16  1 20  -  - 23 35 36 25 15  - 27  4  -  8  3  - 13 34  2 11  5  6 24 31 39 17  - 37
  -  -  4 16 25  3  1  5  -  -  - 34  2 31 33 18  - 26 29  -  - 12 22  8 36  -  7 40 39 15  - 17  -  - 28  -  - 11  6 21
 30  7  -  -  - 15 22 25  - 39  - 10 12 14 16  - 17 11  4  -  9 32  -  - 19  1  -  - 26  - 35  - 31 34 21  6  - 38 29  2
  -  3 37 18 36 17 26  2  - 11  -  -  -  - 12  6 27  7  -  9 16 34 19  -  - 40 21 22 15 24 28 38 13  8  -  1  - 25  - 33
  9  - 32 22 29 33  - 30  -  - 35 21 37  7 25  4 36  3 15 16  8  -  - 26  -  - 23 38  - 12 10  - 34  -  2 14  -  - 13  5
  - 39 16  -  7 38 37  -  6 25  -  -  -  9  - 40 11 14  8 18  -  -  2 33 20 26  4  3 17  - 34 32 12  1 19 35 10 23  - 13
 13  -  -  -  -  - 25  8 36  7 11 40 16  - 35  -  - 22  1 37 14  5 24 10  3 39 38 20 31 18  -  -  2  4 17 12  - 28 19 29
 15  - 20  -  1 26  - 33 12  -  -  7 32  -  - 11  - 13  - 30 17  - 10 21 18  6 39  -  9 31 37 28  - 19  5 24  - 34  - 36
  - 16  1 32 15 11 18 27  -  -  -  4 17  - 38  - 28  6 10 40 19  -  7 25  8  - 29  5  -  - 12  -  9 35 39 26 36  - 34 24
  -  - 27 39 16  - 28  - 37 36  -  -  - 35 17 34  -  2 33 15  5  8 38  -  - 10  - 25  - 14 32  6 24 26 11 40 30 20 23  1
 40 22  -  - 34 21 35  7  -  -  6 18 25  - 20 24  2 38  - 31 10 37  4 28  -  - 36  -  - 23 17  1 26  - 13  8 14  -  9  -
  - 33  5 13 24  -  - 35 18 31 30 15 14 25  7 29 19  - 20  8 37 17  - 16 40 22  9  4 36  -  1 12 28  3 26 32 34  2 21 11
 11 20 40 19 18  -  8 29 28 13 17  - 26 39  4  - 10 21  5  - 36 23  - 34 31  9  6  -  3  - 38  7 25 15  - 16  - 14  -  -
  - 15 12 14 37  1 31 39 35 38 25  8 10  -  - 36  4 27 21 34  - 11 13  5  2  - 26 30  -  -  - 24  -  9 40  7 28  - 17 22
  - 10  - 15 30  - 39  - 13 32 22  - 27  -  5 31 25 37 19 38  - 35 18  9 33  - 20 24  - 26  - 34  -  7  8 17 16  -  -  4
