1120
 37  -  - 23 27 28  - 10  7  - 22  -  2  - 17 36 39  -  4  -  - 21 15  - 34  - 35 38  - 25 32  -  - 14  -  3 13 19  - 26
 26 25 20 15  4 39 31  8 23  7 10 33 29  9  - 18 30 13  - 40 38  - 24 12 17 35 32  - 27  1  -  - 37 16  2 34  3 11  - 36
 21  -  - 28  2 26 37 31 13  - 14 39  6  - 12  7 25 24  1  - 18 15 30 23  4 11 29  3 16  -  - 17 35  9 19 33  - 20 34 27
 27  - 36  3 11 18  -  - 14  -  4  -  -  - 29  8 19  - 33  6 20 10 34 31  - 32 37  -  -  - 13  -  -  - 22  -  5  -  -  2
  -  -  3 38 13  -  1 22 34  5 33 17  - 37 20  -  9  - 29 23 15  - 18 16 12  6  - 19 28 26 30  -  4  8 35 39 27  -  - 25
 25  - 23 34 33 27 20 35  -  3 15 26 38  -  -  -  -  4 17 21 19 22 11  -  6 16 14  - 32 30 24  5 12  - 10  - 18  - 39  -
  6  - 16 33 22  4  - 14 30 35 28  - 24  3 21  -  -  -  -  -  -  -  - 38 40 25 20 23 12  -  9  -  1  5  - 26  8 10 17  -
 38 28  9 36 21  6  - 29  - 33 16 20 14  - 27 11  - 30 10  5 17  1 19  - 13  8 31 40  -  -  2 35 26 34 12 37  7 24 25  -
 20 26  4  - 15  -  - 32 25 16  8 21  9 35  - 10 14 38  - 13 24 33  1  - 30 36 40  - 39 29 34 12 11  2 27  - 17  3  7  5
  -  - 14  1  - 38 27 20  -  8  -  - 31 12  - 30 13 34 40 22 35 24  -  9  3 33  -  -  -  6  -  - 39 11 15 10 26  -  - 28
 30  -  8 10  -  9  7 19  - 14  - 35 22  6  - 13  2 26 38 32  -  - 21 33 37 29 39 16  - 34  -  - 27 28  5 12 20  4 24  -
  -  2  -  -  - 35 18 27 17 34 19 23 11  1 39 40 10  - 15 12  -  - 22  6  7  4 33  - 26  3  - 25  - 20  -  -  - 32 38  8
  1 11  6  2 28 10  5  9 40 30 32 36 39 27 18 12 24 31 35  -  -  3  -  8 29 21 26 17 38  - 23 16  - 19 34  - 22  - 33 14
 35 15 26  6  - 40  -  2  4  -  - 38  - 19 33  3 20 27  - 34 30  - 14  - 16 37  1 22 23 39 11 13  - 25  8  -  - 18 28  -
  -  - 22  9 38 36 32 25  1 12  3  - 35  - 24 26  8  7  - 30  - 27  - 11 23 18  - 20  4  -  -  2 29  6  -  5  - 39  - 15
 18 23  - 27  -  8  -  7 26 19 20  -  -  - 22  - 12  1 11  3 14 16 35 39  -  -  4 28 37 40  5  9 17 10 32  - 21  6  -  -
  4 34 30 17  9 23 11 37 31 39 13  -  7 10  8  - 21  6  - 29 25  - 20  - 32 27 18  -  1 38 19 26 22  - 14  -  2 36 15 12
  - 37  - 25 23 31 34  4 39  - 26 24 17  7 13  - 18 12  - 33  - 14  -  3  2 19 38 30 21 11 28 10 20 29  - 40  9 35 16  6
  -  - 39 21 12  -  4 38  - 18 36 16  3 17 10 20 27  - 31  8 11 26 13 34  - 28 30  -  -  -  - 19  7 15  - 22  -  -  1 24
  -  -  -  -  - 25 39 30  -  - 17 12  - 28 38  -  1  -  8 15 21 37  -  -  -  5 23  - 10  - 26 29 40  - 18  6  -  - 19  3
 24  5 33  - 14  2 10  -  - 21 31 32 36  -  - 25 22  -  -  4 28 17 39  - 19 23  -  9  - 37  1  7  6  - 40 38 34 16 11 30
  3 39  - 24  - 37  - 11 38 13  - 34 21 14 25 29  5  9 12 36  6  -  8  2  -  - 10  4 20 22 15 30  - 27 31 16 23 33 32  -
 16 27 24  - 25  -  -  - 19  1  -  - 15 31  -  5 34 11  3 14  - 28 38 10 18 20  - 36 29  -  -  -  - 32  - 21 30  -  -  4
 22  -  -  -  - 15 17  6 10  4 29 13  - 23 28  - 11  3  - 18  2  - 32 25 31 40  5  -  - 33  7  -  - 38 20 14  1 12 21 39
  -  - 34 11  3  1  - 26  -  2 30  - 37 32  9  - 38 19  7 24 22  -  5  -  - 10 15  - 17  8  -  - 36  - 13  - 12 23 14 33
  - 33 17 19 10 21  -  1  3 31 27  - 13 38  - 35 37  - 14 25  -  6 28  5 26 39  -  - 34 20 12  8  -  -  4 29 40 30  9  -
  -  - 29 31 32  - 19  -  -  - 40  4 23 18 15 22  6  8  - 27 33 34 16 26 35 17 25  -  7  2  -  - 28 30 37 11 24  5 20  1
  5  6 25 14  -  - 35  - 11 32  2 10  - 33 34  - 29 28  - 17 16  - 37  - 27 26  8 15  -  -  -  - 23 12  3  1 39  9 40 21
  -  9 21 26  - 13 24 34  - 36 25  -  4  -  -  6 40  -  - 37  3 11 23 28 39  - 22  -  -  -  -  1  - 17 38  8  - 15 18  -
 11 20 28 35 30  -  - 18 33 10  -  9  - 26  - 16 32  -  -  2  - 31 40  -  -  - 24 39 19 17  - 22  3  -  7 23 14  -  4  -
 33  1 15 29  - 11 13 28  2 23 39 31  -  -  5 17  7 35  -  9 37 25  3 30 10  - 12  - 18  - 22 32 14 21  - 20  - 40  8 19
  - 18  7  - 26  - 33 40 21  9  1  -  - 25 35 23 28  - 24 31 32  -  - 17 15 22  - 11  6 27 29 38 34 37 39 19 10  - 30 16
  7 31 12  - 39 24  - 21  9 28  - 22 26  5  4 38  - 29  - 19  1 32 17 20 36  -  6  -  3  -  -  - 10 35 33 30  - 25 27  -
 10 32  2 16  8 33 21 24  -  -  5 19 34 36  3  - 35 25 27  -  4  -  -  -  -  - 28  1  - 31 17 37 38 23 30 18 11 13 26 20
 39  - 18  - 24 29  -  - 16  6 34  -  -  -  - 27 17 23 19 28 26  -  -  4 38  3  - 35  - 32  - 36 30  7 11 25 31  1 13 40
 17 12 10  8  5  - 38 15 32 29  -  1 25 13 30 33 26  -  -  -  - 20  2 36  -  - 34 21  -  - 39 23  -  4  6  - 37  -  - 35
 34  -  - 30 20  3  -  -  - 11  - 15 40 24 23  - 33  2 25 10  -  -  7 21  5  9  - 37 14 19  - 28 13  - 17 36  6 26  - 29
 12 30 27 20 18  7 28 16  - 37  9  6  - 11  - 34  - 33  2  1  -  8 26  -  - 13  - 10  - 35 38  3  - 39 25  -  4  - 23 22
 31  8 11 12  1  - 30  -  6  - 38  7  -  -  -  -  3 36  -  -  -  4 27 32 24 14 13  -  9 28 18 20 15 26 21  - 33 29  5 23
 19 22  - 32 37  - 25  5  - 27  -  - 20 16 11 24  4 39  -  - 12  - 31  -  - 38  3  7  -  - 21  -  -  - 29 17 28 34  - 10
