1120
 21  4  -  9 27  - 10  -  - 36 18 32 16 28  3 39  - 15 13 19 25 20  8  - 37  6 14 40 12  - 17 22  -  - 31  - 26 33 11  5
 20  - 13  4 10  -  -  - 33  -  -  -  1 39 37 12 38  -  6 29 28  - 14  -  -  - 16 11  - 21 35  -  -  - 32 31 15  -  5 30
  - 38  4 18 12 17 32 33 19  - 15 25 24  - 23  -  9 29  - 28  7  3  - 37 30 11 21 26 34 39 27  - 31  2 10 16 14  8  1  -
  - 29 37 24  9 35 15 23  2 32  6 34  5 36 17 16 10 21  -  3 40 22 19 26 28  -  -  -  -  7 14 38  -  -  -  8 33  -  - 31
 40  - 29 27  - 28 19 37  - 10  - 31 22  - 25  1 34 14 32 23 17  6  - 21  9  7 39  - 13  -  5 18  - 26 12 24  -  - 38 16
 25  6  -  - 20  -  8  5  4  - 39 37  -  - 18 19  - 27 36 12 16 40 35  -  2  -  -  -  3  - 15 10  - 30  -  -  - 29  - 26
 11 30  - 14  -  - 20  2 24 19  1 35  - 37  -  6 26 13 18  -  - 32 40  -  - 28 31 29 33 34  3  7  5 22 17 15  - 38 39  -
 10 32  - 40  -  1  - 18 27  - 29  -  4  3 36 35 23 37 39 22 30  -  6 20 17  -  5  9 28  - 34 31 11 19  8 33 24 26  -  -
 28 40  -  8  - 36  -  3 25 34 35  1  -  -  5 14 16  - 37 11 22 12 23  - 20 10  -  -  - 33  -  - 30  7 27  -  9  -  2  4
  4 18  -  7 24 30 34 29  -  8  -  -  - 22 11  2  - 10 21 14 35  - 12 27  1 33 40 28 17 13 20 39 15  - 36  -  5 16  6  -
 26  - 22  2  - 16  6 14 13 27 25  - 23 19  9 18  - 20  - 35 24 15 38 11  4  1  7 33 36 32 37 40 12  - 39 21 29  5 10  -
 30 28 20  - 38 29  -  6 11  - 23  - 17 25 32  4 15  7  5  - 27  1 33 35 14  -  - 22 31  -  -  - 34  -  -  3  2  - 37  8
 37 26  - 35  2  -  - 30 18 40 20 29 15  -  - 17  6 39 34  -  -  - 25 24 27 38 13 36  - 19 28  1  -  -  3  7 22  9 31 11
  -  1  -  -  7 15 39  9 28  - 26 20 31  -  -  - 22  2 33 38 36 34  - 10 13  - 18  -  4  -  - 30 40  8 24 12  -  - 32 37
 22  - 19  - 14  - 27  -  - 25 16 10 26  -  1 32 37  - 15  7  - 21  - 33 18 34  3 30  8  -  6  - 13 29  - 36 40  4 35 23
  2 34 10  5 37  -  -  -  - 23 12 16  -  - 15 24 30 28 17 36  -  -  4  - 38  - 20  3 22 27 18 13  -  6  - 14 25  -  9  -
  9  -  - 38 34  -  -  -  - 33 36  - 27 15 30  -  5 11  1  - 20  8 10 16 23 18 29 13  -  4 32 14 37 21  -  - 17  7 28 24
  -  - 15 31  5 14  - 34 38  1  2 33 11  - 40 23 35 24  7 32  8 25  - 29  - 22 10 37  -  - 16  4  - 18 21  - 30 17 36  -
 35 24 33  - 23  - 37 32 34  2 38 21 18 17 39  9 29  1  -  -  - 30 20 15 19  - 27  - 11  -  -  -  8 13  6  -  - 36 25 28
 15 16 34  1  4  - 21 19  - 26  - 39  - 20  8  7 27  6  -  5  - 18  2 36 24  -  - 38 32 31 30 11 22 25 14  -  3  - 40  -
  -  3 27 34 21 19  - 16  -  -  8  4 35 13  - 28 20 18  - 26 14 33 36  -  -  - 22 10 37 40  -  -  2 38 29 39 32 15  - 25
  -  2  -  -  8  - 30 13 17  6 21  9 38 10 27 29 33  5 16  - 34 28 18  4  -  - 35  7  - 20 11 36 14  - 26 22  -  - 23  -
  1 36  6 16  -  9 25  8  - 15 32 27 20 18 14  -  2  - 28 24 13 17 22 23  -  - 33 35  7 30 12 29 10  5  4 11 39  - 26 38
  - 31  1 36 39  -  - 20  -  5 11  3  -  - 35 33 28 16 24 15  4 13  -  - 10  8  6 12  -  - 26 19  - 32 30  - 18  - 34 14
  -  - 28 10 35 37  -  1  5  -  - 22 25 14 26  -  -  - 38 31  -  - 11 40 39  - 36  2  -  -  9 27 18 17  - 29  4 13  8  3
 31  -  5 25 36  -  - 28  - 37  4 12 39 32 20 13  7 34 10 21  1 35  - 30  -  3  - 27  - 16 38 33  -  -  9 18  8  2 24  -
 12  - 24 26 40 21 36 39 35 22 37 19  6 38  7 15  -  8 14 13 31  9 28 32  3 29 25 17 10  -  -  -  -  1 34  2  -  -  - 33
  -  7 30 20 22 34  1 38  -  - 27 14  -  -  -  -  - 35  9 33 32 11 16 28 29  - 37  4 26  6 39 12 17 15  - 40 23  - 19  -
 16  -  -  6  - 24 40 27 32 38  - 30  9 11  - 25 17  -  4 34 39  -  7  - 36 15 23  - 29  -  2 21  1  - 18 10 13 37 12 20
  8 11  9  - 17  -  -  - 37  4 24  - 34  - 28 20  -  -  -  - 33  - 15 18  - 39  -  -  1  - 31  -  - 12 13 38 36  -  7 10
 24  - 39  -  -  3 17 31 16 11 22 23 10  4 34 30 12  - 26 27 37 36  -  -  5  -  8 15 40  1 29  -  6 35  - 25  -  - 21  -
  - 10  8 30  - 20  -  -  1 17  7 13  -  5 31 37 19  -  -  - 15  -  -  9 12 36 32  - 38 23 21 25  - 33 16 26  6 34  -  -
 19  - 14 39  -  - 31 25  -  -  - 36 30  - 29 11  3  -  8 17  5 38  -  -  -  4  9 20  - 22 24 34 27 10  - 32 37  6 18 35
 38  -  - 33  -  - 12  -  8 20 14  6  -  -  - 26 36 32  -  2 19 39  1  - 31  - 11 18  - 29 40  - 28 24 35  - 16  - 27 21
  -  - 40  - 30  -  -  - 14  7  - 11 32  - 19  -  -  3 29 37  - 10 34  5  8 35  - 31  -  2 25 28 20  9 38 13 21  1 15  6
  3 39  - 37  - 27 18 36 10  -  5 17 12  6 13  8 14  -  - 20 21  2  - 25  - 26 38 32  - 11 33 15  -  4  - 34  - 40 16  -
  -  -  -  - 25 13 35  - 26 30  -  2 14 33 21 22 18 36  -  9 10 31 39  3 15  5  4  1  6 38  8  - 32  - 37 19 34 28 20 17
 18 37 21 13 11 40 24 15 22 12 34  7  -  8  -  - 32  - 25 39 29 23 17  2 16 30 26  - 20 14 10 35  - 36  5  1 31 27  3  -
 33 22 36 15  - 12  - 10  6  - 31  -  2 27 38  -  4  -  - 30 26  - 37  -  -  -  -  -  - 24  1  8  - 16  -  9 19  -  - 13
  - 23 18  -  6  7 14 40  -  -  -  - 37  - 24  5 31 19  2  - 38  4 32  - 26 16 30 21 27 12 13 17  - 11 15 35  - 22  - 36
