1120
  - 33 11  1  4 32 15  -  -  - 10 12  - 17 24  - 26 30  - 28  - 18  -  -  - 20  -  - 14  3  9 31  - 40 25  5 13 38  7 22
 25 35 14  9  - 13  3 20  - 34 11  8  -  -  6 32  - 18  - 37  - 38  -  -  1 30  - 12 27  7  - 26 33 28  - 24  -  2 39 40
  - 31 24  - 37  -  - 30  - 21 33 16  -  6 22  7  3 19  4  - 11 25 14  -  -  5 15  2 28  9 29 34  - 39 40 35 23  - 27  8
  -  -  - 30 18  - 27 19 17  - 28  - 23 16  -  -  -  - 34  - 35 33 29  5  -  -  4 37 24  -  - 22  1  -  - 26  - 31  -  -
 12 19 40  -  -  8  4 32 11 37 22  -  -  - 18 31 15  - 23 39  - 24 27  - 14  9 36  7  3  -  - 21 30  6  - 20  2  -  - 16
 14 28  -  - 35 25 16  -  - 20  1  - 32  -  -  4 11 22 36 24 23  6  - 37 30  - 40 31 21 19  -  - 27  - 29  - 34 17  3  -
 35  5 32 12  2 23 10  - 27 11  - 26 14 18  7  -  - 33 19 40 28  9  - 20 29  - 16  -  - 34 25  -  -  - 31 36  4  - 38  -
  -  - 31  2 17 29 36  - 30 22  -  - 26 35 16  - 27  5  7 15  - 12 25 21 18  -  -  - 32  6  1  - 28 13 11 38  -  -  8  -
 30  6 26 20  - 19 25 21  -  - 18 38  8  - 17  - 34 15 31 11  -  -  -  - 37  7 28  3  - 27 33 24  -  5  4  -  - 14  - 23
 26 30 23  6 29  -  7  - 21 16  - 36 39 24  - 38  - 27 28  -  3 35  -  - 12  - 22 34 17  8  - 15  - 32 19 37  5 11  -  2
 31 17  - 27  9 12 33 14  3 29 25 21  4  - 26  6  -  8  - 34 37 36 28 18 39 23  - 11  5 20  - 13 40 30 16  1 22 19 35 24
 19 40  -  - 10 17 29  7 26 28  -  4 12 39  -  5  2  - 21 33  - 34  -  - 22 35 27 14  - 32  - 25  3  -  -  6  8  1 20 38
 29 16 12 28 33 30 21  1  - 39 24  6 11 34  9 20  - 23  -  - 14 13 19 22  -  - 18 25 40 37  3  4  -  -  5  - 26 32 36 10
 32 24 27 15  7 26 20 17  9 23  4 25  -  3 12  -  - 28  - 13  -  - 22 35  -  - 37  -  -  -  8 36  -  -  - 30 40 10 33 11
 39  - 19 11 13 20  - 25  8  - 12  1  - 30 36 33  9 37  -  -  2 40 35  - 21 28 24  5 10 22 31 29 15  -  7  4 18 34 16  -
  3 10  2 34 28  5 35 15  6  4 37 27 24 26  - 14  -  7 20 16 40 31 38 25 23 13 30 19 11  - 36 12 17  -  -  - 29 22  - 21
 16  -  -  8  -  6 32 29 40 30 34  - 31 12  - 13  -  9 25  -  - 28 15 27 19 36 14  -  -  4 21  -  5  - 20  - 38  7 24 37
  - 12 29  - 38 21 17 36 24  6  - 18 33 22  - 34  4 26 11 14 20 39 40  -  - 32  7 30 23  - 28  - 31 19  1  - 16  9 15 35
 20  2  3  -  - 15 34  - 38  - 29 17 40 21 13  -  6  1  -  7 33  4 37  -  9 31 12  - 36 26 22 32 11 25  -  -  -  8 10  5
 28  -  -  -  6  9  -  5  - 17 38  - 36  - 40  3 25  2 35  - 18  - 16 34 32  - 26  -  - 30 12  -  7 33 13 23 37  - 21 15
  -  - 16  7 26 11  8 39 23 38 13 15 28 37  -  -  - 40 24  2 34  -  9 31 25 29 32  -  - 12  -  6  4 10  - 27  -  5 14  -
  9  - 18 39 12 36 30 11 29 15  2 35  3 31 28 37  - 16  8 17  1  - 24 19  7 14  5 23 25 38 40 20  6  - 21 32 33 26 22  -
 17 26  -  4  - 34  5 37  1 32 14  - 30 23  - 29  -  3 18 36 21 20 13  -  -  -  - 39 33 35  - 19  - 22  9  7 12 28  -  6
 23  - 39  - 19  - 13 10 35  1  -  2 25 14 31 28 29 12  - 38  - 27  3 26 34  -  -  - 22 11  - 30  8  9  - 16 15 40  - 18
  1 13 35 22  5 33 18  8 37  2  - 32 15  -  - 36 28 24 14  4  - 29 11  - 31 25 21  - 12 40 38  -  9 16  - 17  -  6  -  3
 34 20 13  - 40 35 39  -  -  -  - 31 22  4 32 11  -  - 16  -  7 17 23  - 24  8 10  - 37 36  6  5  - 26  -  -  - 12 18  -
  - 15 30  -  - 24  -  - 34  - 31  -  6 27 35 18 16  4 37  -  - 26  5 40 33  - 29  9  - 13  - 38  - 14  2 10 20  -  -  7
 33 38  - 35  8  4  - 22 15 40  9  -  -  -  3 26 31 25 13  5  6  - 17 10 11 37  -  - 29  - 39  - 12  7 18 19  - 20  -  -
 38 21  - 25 39  2 12 23  5 10  - 29  9 13  - 40  - 34 17  - 31 19  6  4  - 27  3 20 26 18 14  7 24  - 15 11 30 33 28  -
 40  -  - 37  3  1  2 27 25  -  5 24 34  - 23 12  7 32 22  6 16  8 31 30 10  -  - 28 19 14  4 18 13  - 36 21 17  -  - 33
 27  -  -  - 20  - 37 12 32  8 39  -  2  - 33  - 36 29 40 22 26  7 10 14  -  - 17 13  6  - 19  - 38  4  - 25  - 23 31 28
 22 18  7  3 11 39  9 40 14 33  - 20 29 25  - 27  - 17  6  -  -  - 32 24 15  -  1 10  4 31  -  8  - 35  -  - 28  -  - 34
  6 36  8 10 14  - 23 13 31 24  -  3  -  2 20  1 38 39 33 25 30  5  -  9  -  4 19 40 34 15 11 17 29  - 35  -  7  - 26  -
  - 37 33 40  - 22  -  2 36 31 23 28  5 11  -  - 18 35 26  -  - 14  7  3  - 12 13  -  -  - 15  - 32  - 10 39  -  - 29 19
  4  3  - 17 36 27 14 31  -  - 19 22  -  -  1 39  -  - 15  - 10 32 34  -  2 21 25  -  -  -  - 11  - 20  6 40 24 30 12  -
 18 22  5 32  - 10  - 26 33  - 30  - 13 19 14 16  - 11 27 20 12  -  - 38 36  3 35 17 15 39 34  2  -  - 28  -  9  -  6 29
  7 39  -  -  -  3 28  - 18 26 36  5 21 40 19  - 33  - 12 31 15  1 30  6  8  -  -  -  -  2  - 35 23 29 32 34 11 27 37  -
 10  -  1 21  -  - 19 24 16 25 26 14 35 36 29 30  -  - 32 18  - 11 20  8  - 17 23  - 38  - 37 28 39  - 27  2 31 13 34 12
 21  -  - 38 25 28 11  -  - 36 16  -  - 32 27 15 12  -  -  -  - 37  -  - 13  - 34 29  -  -  - 23 19  2 22  -  3 35  5 31
  2 29 28  - 30 37 26 16 20  - 35 40  -  5 10  8 19 36  - 21 13 15  -  - 38 22  -  4  7 17 32  - 18  -  -  -  6 39 23  -
