1120
  -  -  4  -  -  - 11  - 36  - 24 23  -  -  -  -  - 20  - 26  7 13  -  - 33 29 22  - 28 30 32 37  -  -  6 19  5 21 38 39
 21 27 22 24  5 35  - 36 28 26  - 18 34 31 14  4 13  -  -  -  -  - 30 38 10  8 15  1 40 20 29  9  7 19  -  3 37 33  - 23
  2 16  - 32  - 30 10 34 29  8 35  - 24  - 27  - 22 33 14 28 21 17  - 39  -  -  - 20  - 26 18  - 40  -  9 15 13 38  7 12
 38 18  - 10 40 20 26 32 17 22 31  7  -  - 11  9  -  -  -  - 33  - 13 19  4 36  8 27  2 16 28  3  1 14 15 29 35 24 23 25
 37 23 36  4 30 24  -  2 27 20  - 21  -  -  3 33  -  -  -  - 40 35 31  8  5 10 32  - 16 14 22 13  - 34  -  - 26 11  9 17
  4 15  - 33  - 18  - 20  9 40  6  2  - 14  5 31  -  7 30 37 34 25 36  - 23  - 12 29 35 22 39  - 10 21 38  - 19 32  3  -
 20 17  8 18  - 12 38 28 33  - 26  1 32 21 36 34  - 29  -  5 11  3 37 15 39  9 14 23 30 31  -  - 19 24 40  4 25  2  - 16
  -  -  -  1  - 36 18 40  6  -  - 28  9  7 30 19 15 27  -  -  -  - 39  -  -  - 20 35  - 34 12  8  - 22  2 33 31 16 11  3
  -  - 18 19 25 22 35 39  1 37  - 15 11 30  2 27  -  - 36  -  6 28 26  -  - 14 16  -  9  -  - 29  - 38 10 23 21  -  5  -
 27 24 33  8 16  9  - 19 20 31  -  -  - 13  - 23  7 28 12 36  -  5  -  - 22 38 10  -  1  - 25 35 11  - 39 30  - 40  - 26
 34 25 39  -  - 13  - 30  2  5 20 38  - 11 18  6 16 12 23 33  - 27  4  1  -  3 35 24  - 21 40 28 31 32  - 37 14  -  - 29
 23  - 24 36 13  -  -  - 18  3 37 29 31 26  -  8 34 16 33 10 12 38 20 40  -  -  1 25 39  -  - 30  4  - 35 32  -  - 17  9
 30  2 34 17 31 16  -  - 40 25  - 35 13 39  -  - 18 14  1 27 22  -  - 26  -  -  -  - 15 38  4 32  5 37  - 28  9  -  6 19
 29 30 15  -  -  - 25  - 13 17  4 16 20  5 21 36 26  -  - 22 32 19  - 10 14 35 33  - 27 18 37 23  9 12  - 11 40  3  -  -
 32 11  -  -  8 17 13 37  -  -  - 39  6  -  1 26 38  -  2 20 25 14  - 16 28  -  -  -  - 36 15  - 12  7 21  5 30  -  - 24
 15 31 38 20  -  - 39 33  - 27  - 14 29  - 34 16  -  -  5 25  - 12 32 36 18  - 26 40 23  - 35 22 21  -  3  1  7  - 24 30
  1  - 28 11  - 37  - 25 38 33  - 17  8  9  -  - 10 40  4 34 35 18 19 21 20 30  5 16 29 39 13 14 23 26 36  - 32  - 15  2
 10  - 40 27  - 29 16 26 22  -  - 37 14  1 15 11  5 23 31 39  -  4 17  -  -  - 25  -  - 33  2 24 18 35 19 21  6 36 30  -
  6  - 35 38 29  7 12 21 26  - 36  9  1 19 13  5  -  3  8  -  - 22 18 23 16  -  - 10 20 28  -  - 25 31  - 34  4  -  - 33
  - 12 20  9 26  - 19  - 32 24  - 36  - 25 28 21  - 18 35 16 38  -  - 29 11 15 30  - 13  4  6 39 17  - 14  -  8  1  - 37
  7 37  -  3  1  - 34  4  5  6  - 11 15  - 12 40 17 32  9 35 24 31 29 14 13 26 36 39 10 25 19  -  - 33 22  8  - 20  2  -
  -  - 11  -  - 15  - 14  - 34 33  -  3 22 37 25 23  9 40 38  1  8 16 27 12  7 28  - 21  2 17 19 24  5 13  - 20  6  - 10
  8  -  6  -  -  -  - 29 37 35  - 27  - 36 19 22  -  - 32 40 31 20  -  7  - 12 39  -  - 23  - 33  - 28  5  9  3  - 25  4
  - 33  -  5 23 38 20  8  3  -  - 10 30 18  7 28  - 13  - 21  4 24  -  -  -  6 11 37 17 19 16  - 14 27 34  - 36  - 35 31
 18  9 23 13 33  3  - 15 21  -  - 30  - 35  8  2 31 36 25  - 26  7 24 11  -  - 40 12  - 27  - 20 37  6  - 38 16 39  - 14
 14  - 25 15  -  -  - 24  8  7 34 26  -  3  - 18 11  - 19 17 13  - 38 22 27  -  -  - 31 40  9  6 20 29 37 39 12 28  4 21
 39 14  9  6  -  -  -  - 35 15 29  - 33 17  - 13 21  5  - 30  -  - 11 34 31  1  - 38  3  -  -  -  - 18 20  - 10 19 16  7
 16  4  3 30  -  - 33  9  - 39 40 13  - 28 29 20 19 37 15  - 18  - 22  -  - 23  7 31  -  5 10  1 27  - 12  - 24 26 36 11
 40  3  7  -  -  4 17 38 25  - 28  5 22  2 35 32 39  - 29  1  -  -  8  6 30 19  9 14  - 10 31 11 33 13 23 24 27  - 12 36
 26 19  2  - 21 27  1 18  -  -  -  -  7  - 33 17 36  - 16 31  -  - 35  - 25  -  6  3 24 13  -  - 28 30 29  -  -  - 40  -
 31 22  -  7 17  5  9  1 39 23 18  8 28 29 40 37  4  - 24 19  2  -  - 13 35 20  - 32 11  -  - 12 36  - 26 10  - 15 21 27
 19 20 31 12  - 28  4 16 15 38  - 25  - 27 17  -  1  -  -  8 39 29  9 24  -  -  3  - 34  - 21  -  6 11  - 36  - 14 13 22
 35  1  -  - 15  -  - 12 10 14  8  -  - 16 32 29  - 19  -  3 27  9  -  2  7  4 18 11 36 24  -  - 26 39 30 13  -  5 31  -
 13 26 10 25  - 11  - 17  7  - 14  -  -  6  - 39  9  - 34  4  8 32 28  - 15 37 24  5 12  -  3  -  - 36 31  -  1 23  - 35
 11 40 29  - 36 25  7  - 12  9 30 22 35 32 16  1  - 31  - 24  -  -  - 18 17 28  - 21  -  - 14  - 39  3  4  -  - 34  -  -
 33  8 13 28  -  - 22  - 19 30  1  3 27 10 39  - 29 24 18 15  5 26  -  -  - 31  -  -  7  - 36  2  - 25 17 16 11  -  -  -
  5 38  - 29  -  - 40 27  -  - 11 24 39  8 31 35  - 26  -  - 19 36  - 28  6 16  -  -  4 17 20 34  3 10 18  7  -  -  -  -
 12  7  5 34  - 32  - 11 16 21 19 31 23 24 26  - 33 35 27  9  - 39 15  4  3 13  -  6 14  1 30 18 22  - 25  2  -  -  -  -
  9 35 32 37  - 10  -  - 24 36  -  - 21 33  4 30  -  - 11 23 28  1 40  5 38 25  - 15  -  - 26 27  - 20  - 14 18 17 29  6
 28  - 37 35  - 26 36 10 31  -  - 40 18 20 23 14 12 11 13  - 30  -  6  - 24  - 19 33  8 15  5  -  -  9  - 22 39  -  1  -
