1120
  3 30  -  8 38 27 19  9  - 23  - 18 36 17 10 16 26 39 13 12 34 20  4  -  7 15  - 37  5  1 24  - 28 31 11 25 14 33  -  -
  -  8 13 34  9 25 10 11 26  5  7 40 21 27 18  - 24  1  - 37  -  - 28 35 36 30 39 15  6 32 23 33 19  3  2  - 38 16 20  -
 38 26 23  - 17 37 32 19  7 12 27 14 34 18  2  - 30  - 29  3  -  6  - 11  -  5  9 40 21  4  8  -  -  -  -  - 16  - 13 36
  1  6 19  -  -  - 17 32  - 28 20 39  3 30 26 27  2 21 40 35 25  9 12 10 18 11 33  -  - 37 38  -  - 14  -  - 31 13 24 23
  5 22 28 13 21 14  3 15 12  1 37 30  -  -  - 36  4  -  2  - 27 35  7  -  9 17  - 32  -  - 19  - 40 23  8 31  6 11 39 38
  -  -  -  -  -  4 25  - 18 40  3  5 13  8 17  -  6 15  - 22 24  2 32 21 23 38 36 34 33 19  - 16  -  - 37 27  - 35  -  -
 13  -  - 17 16  6 18  5 14 29 32  2 27 35  - 39 31 19  4  8  1 15 10 30  - 21 22  -  -  -  - 36 23  -  - 28  - 37  -  -
  - 37 40 24  - 21  -  - 13  - 29 20  -  - 12  4  1 33 39  -  -  8  - 38  5  9  7 17 25  6  3  - 22 11 30 14 10  -  -  -
 29 35 22  -  - 24 38 20  - 26  -  - 12 19  -  1  -  2 27 14 33 16 30 37  -  -  -  - 17  8  5 28 31  -  6  9  - 39 36 32
 30  - 31  -  -  -  -  -  - 24 12 25  - 11 14  3 10 40 21 20  - 34  5  - 35 36 23 33 38  7 32  -  -  2  - 15  -  9 26 16
 19  -  - 11  5 17 14 40  -  9 15 32  7  - 16 31  - 38 23 30 26  - 36 24 29 27  1 25 12 33 35 20  6 37  - 22  8 28 18  -
 27  - 25 14 36  - 30  6  -  2 24  - 28 34 22  -  7  9 16 33 39  - 35 31  - 37 13  5 32 11 18  -  - 29 21 23  - 20  4 26
  - 12  - 19  - 39  - 13 33  - 17 36  -  6 34 37 20  5  - 31  3 18  - 22 32  -  4  7 26 27 16  1  - 35  - 29  - 21  8  -
 11  9 14 32  -  -  - 25  3 10  -  4 35  -  -  - 17  -  -  - 36  - 20  2  6 29  - 26 13 22  - 37 21 27  -  - 19  8  -  -
 14  - 36 16  -  -  7 12 15 22 31  -  - 13  8  - 32  4 35 21 10  5  3 34  2 19  - 24  -  - 11  9 30 28 26 17 29  - 27 18
 26 27 18 31  1  - 33 34  - 17  - 24 23 38 13 40 21  6 19  7 15  -  -  - 30 32 28  -  - 12 22  2 29 39 20 37  -  5  - 10
  - 24 35  4 22  - 20  7 25  - 23 16 14 26 38 15 27 30  - 29 40 28 13  -  8  - 18 21 19  2  - 31 37 12  5  - 11 17 33  3
 16 34  - 12 13  - 22 35  1 31 39 23  - 14  7  6 15 11 38  -  - 36  8 28 25 33  - 19  - 26  9 30 17  4  -  -  2 24 21 37
  - 18 32 39  4 33  -  -  -  7 14 19 31  -  1  8  - 28  - 27 17  - 25  6 10 26 37 38 20  - 30 15 34 21  - 35  -  2  - 22
  9  -  8  -  -  -  - 24  - 14  - 37 16 36 29  5  3 17  1 39 23 31 18  -  - 22  -  4 30 15  - 35 25 38 33  - 32  7 10  6
  - 15  - 37 24  -  -  -  - 32  5 31  4  7 33  9 38  - 25  6  - 14  - 19  -  2 40  1 28 30 39 12 20 22 36 13  - 29 23 17
  - 13 29 20 35 30  - 28  - 19  2  -  8 22  -  - 40 34 36 25 16 39  -  - 11 23  - 27  9 18  4 32  - 15  -  -  5 12 14 21
 15 19  4 25 27  7  -  1  5  - 28  8  -  9 20 26  -  -  - 40  2  -  - 23 13 12 34 31  - 36  - 11 14 10 32 39 22  3  6  -
 40 29  - 33  -  - 31 17 21  6  - 27  - 15 23  2  - 16  8 24 20 25 26  - 22 14  3 18  4  - 13  5 35 19 28  - 37 38 30 11
 39 32  -  3 37 13  9 33  - 15 40  6 22 31  5  - 25 26 11 18 19  - 24  -  -  8 10 30  2  -  -  7  - 17  4  - 36 34  -  -
 36  7  -  - 30 23 28 29  - 11 18 33  - 12  6 22 16  -  5  -  - 38  2  8 24 39 31 10  - 34 20  -  3 26 40 21  - 32  -  -
  -  -  2 15 31  -  - 26 40  -  - 35 38 39 21 18 33  8 20  5  4 10 22  - 19  -  - 14 34  - 29 13 24 25  3  -  -  - 12 28
 20 21  3  -  8  -  - 22  - 18 13 12 32  1 37 25 23  - 24 10  9 17  - 40 39 31  -  -  -  -  6 29  5 34  7  - 15 14 28  4
 34  -  -  -  -  - 16 31  - 33  - 29  -  -  -  - 18 37 17  - 28  - 21  -  - 25  - 22  3 20  - 19  - 30 14  8 23  -  7 12
 18  - 24 30  - 16 34 14 37  4 19  - 33  - 36 11  5  3  - 15 21 13 31  -  - 35  8  -  - 40 10 39  -  -  -  - 20 26 38  -
  4  5 30  -  -  2 23  - 11 38  - 22  -  - 39  - 36  - 33 34  7 26 29 25 14 28  -  - 31 17  - 40 27 13  -  -  3 19 37  9
 33 36  -  6 25 35  1  -  - 27  - 34 40  -  3 28  -  - 37  -  -  7  - 20 16 13 21  -  - 10 17 24 18  - 31 19 26 15  9 30
 35 33  -  - 11  -  - 16 39  - 22 26  - 10 19  - 28 25  - 38 14  - 27  3 20  6 15 12  7 21 31 23  2 40 18 34  - 36 17  -
 25 14  -  7 23  -  -  - 28  - 34 10  1 20 35  - 29 36  -  4  8 30 37  - 27  3 16  6 22 24 26 18 15 32 38 33 39 40 11  5
  8  - 27  5  - 31  - 23  - 35 33  -  2 21  - 34 19  -  7 11  6 22 39  - 37  - 30 20  - 13  - 14  4  - 16 26  - 18 32 25
  - 16 39 10  - 29  5 37 36  3  - 21  9 33  - 20  8  -  6  - 18 12  - 26  -  -  - 11 27 14  2 22 38  - 13  - 28  1  -  -
  - 31  -  - 12 36 15  4 20 21  - 38 11  2  - 32 34  - 26  - 30 37  6  - 17 24  -  - 14  - 27 10 39  -  9  7 35  -  -  8
 17  - 16  2 40 10  -  -  -  -  8 11 30  4  -  - 22 32  -  - 35  - 14  - 31 20  - 13  -  - 33  3  -  5 19 38 21  6  1  -
 31  - 21 23  -  3  -  8 24 34  - 15  - 28 27  -  -  -  - 36 38 11 17  5  - 40 14  2  - 39 25 26 12  -  -  6  -  4 22  -
 21 25  - 28 14  -  8  -  - 20 16  7  - 37 32 24  9  - 34 23  5  -  -  1  3 18 17  -  - 31 12  - 13  -  -  - 33 30 35  -
