1120
 15 21  - 30  -  5 18  -  - 14  -  -  -  - 40 28  8  7  -  3  - 16 19 36 12  - 35 26  -  - 32 22  - 17  -  - 10  - 13 24
  - 25 12 19 23  - 26 13  - 37 17  - 24  -  9 39 11 28  8  -  - 35  -  -  -  -  -  -  -  3 22 27  2  -  1 14  -  - 32 33
 38 35  - 17 30 40  - 32  8 12 33  -  1  6 18 34 31  2 28 24  -  -  - 21 13  4 15  - 36 25 23 26 39  -  7 10 20 37  5 27
 16  - 15  -  6 32 14 23 18  - 12  1 40 36  - 37  - 19 10  -  7  5 13  - 35 25  -  4  -  8  - 30  3 20  - 28 29  - 33  -
 27  -  -  2 39 20  6  -  1 21 13 17 38  - 16 26 19  - 11 25  -  7  5  - 22 12 29 14 35  -  - 23 24 36 40  4 34 30 10 32
 23  -  3 39  - 17  -  1  - 29 16 31 26 30 37  -  -  - 34 10 25 18  4 32  6 21 22  -  9 28  2 19  -  - 14 15 24  -  - 11
 20  4  -  -  7 15  3 35 12 18 21 37 23 38 27  5 32 33  - 26  - 30  - 13 19 24  -  9 28  - 16  - 17 22  2 29  - 10 11 14
  6 39 37  - 20 38 25  -  -  - 11  - 22  -  - 24 33 35 36  4  - 23 21  3  -  7 28 31 19 34 29  2  9  - 10  -  8 18  1  -
  - 33 38 28  - 18  - 31 20 25  - 13 16  - 39 22 36  9  -  - 10  1  -  - 32 29 30 27 17  5  - 21  8  - 35  2 40 34  3  -
 35 30  -  -  - 22  - 14 32 33 19  2 18 10 23 31 24  - 12  - 28 37  - 17 29  -  8 20  -  -  1  -  5  - 36 13  -  -  -  -
 12  3 18  6 38  1  -  -  - 31  - 23 34 15  8 27 35  - 14  2 36 39 33 22  7 30  - 28  5 16  4 11 20 29  9 32 17 25 24 26
 37 16 20 34 22 36 12  4 38  6 30 35  - 11 15  -  -  -  -  - 31 14 39 33  -  5 40 25 27  -  -  -  -  8 28 21  3  -  7  -
 14 19  - 21  - 30 29  -  - 27  -  - 12  - 28  1  3 11  5 39 33  -  -  6 20 31 16 32 38  - 34 13 25 15  -  9 26 23 35 36
  3 17  -  - 16 33 28 26  9  -  5 14 35  - 22 20 13  - 29  - 11  2 38 24 25 18 36 15 39  -  6 32  1 21  - 31  -  4 19  7
 13  -  8 22 19  3  -  7  -  - 25  - 27  1 14  4 29 39 23 21  - 28 35 12  - 38 37 33 11 20 15  6  - 34 16 26  2 17  - 18
  -  2 30  - 37 23  1 34 15  4  - 38 33 26 25  7 10  5  9  - 21 12 36  -  -  - 24  -  8 11 31 18  6 19 39  - 28  - 16  -
 36  9  4  - 27  - 39 12 29 30 20 32 28 22  - 10  - 15  - 33  - 21 23 11 37 19 26 24 18  1 25  8  -  7  -  - 31  -  2  -
 11  -  6 32 34 39 10  -  - 35  -  -  - 27 31  -  2  -  - 18  -  -  -  - 33 20 21 17 40  -  -  4  -  - 30  7  - 24 28  -
 28  -  -  -  - 29  - 38  -  9 35  4 15  -  -  -  -  - 16  8  - 19 24 39 23 10 32 22 14  - 18  3 37  2 13 20 11 12  -  5
  5 20 22  1  -  -  -  9 26  - 18 19  2  -  6  - 15  -  7 36 14 25 16 28  - 33  3 13 12 24 21  - 40 10 32  - 38 27 17  -
 19 28  - 20 33 13  -  - 17  2  3  -  - 39  -  - 14  8 37  - 38 32 27  -  1 16  9 12 22  -  - 10  -  4  -  -  -  5 15  -
 17 15  - 26  5 12  2 19  -  7  -  - 30  - 24  - 21  -  -  - 39 11 28 40 16 22  - 38 37  - 13 35 10  - 31 36  -  - 27  -
 29 34  5 31 10 26 33 22  - 19  6  3 21  -  - 14  - 17 32 15 12 40  2  - 30  -  1  -  - 38  8  7  4 24 11 16 27  9  -  -
  9 37 32 11  -  - 38 24 35 13 27 28  - 33 34  3  4  6 18 17 30  -  1 10  -  2  -  -  -  - 20  -  -  - 29  8 19 40 14  -
  4  - 40 15  2 31 17 20  - 24 29  9 14  - 11  8  7  -  - 22 34  3 10 27 28 26  6 19  1  - 12 36  - 37 38 23 18 39  - 21
  8 24 39  7  -  -  - 25  -  - 28  -  4 16  - 33 34  1  - 19  - 22  - 14 11  - 12  -  -  - 10 38 15  - 26  - 32  -  -  -
 18 13 23  -  - 28 16  5  - 32  - 21 39  - 38  -  6 12  - 35  - 20 40 15  8 14  - 30 10  -  9 25  -  1  - 11 37  - 36  -
 24  -  - 12 17 11  -  -  - 28 38 16  9  -  4  - 27 29 35 40 26 33 32 31 15 37  -  -  - 19  7  -  - 13 34  - 25  -  8 10
 10 22  7 37 40  -  - 18  - 20  4 15 11 34 17 19  1 32 24 13 35  8 12  -  3  9  -  - 29  -  -  - 23  - 25 39 36  - 26  6
 31 10  -  -  -  - 40 37 33  - 39 29 13  -  7 18  -  3  2 11  - 26  - 23  -  -  -  - 15  4  -  - 14  - 19 25  6 16 30 28
 21  1 33  - 11  -  - 27  2 17  -  - 37 29 19 16  -  -  - 28 32  -  - 20 38  6 18  -  4 23  3 40 13 35 15 24  -  - 22 30
  7 27 31 38  -  8 15 10  - 34  2 26  - 25 30 21 20  - 22  -  -  4 29  - 24 36 11 23 33 32 19 39 16 40  5  - 13  - 12  3
  2  -  -  -  9  - 20  6  - 11 36 33 10 14  5 38 12  - 25  1 15  -  -  8 39 35  7 29 34 27 28 16 21  3 17 30 22 32 40 31
 22 29 10  8 18  6 11 33  5  -  1 25  - 21 32  -  - 24 39 37  4 15  - 38 26 34 20 40  -  - 27 14  7  9 12  - 16 28 23  2
  1 14  - 24 32 27  -  - 28  - 34 10  - 13  3 12 17  - 33  6  - 38  -  7  2 39 23 36  - 22 26  9 11 30 20 37  5 19  4 16
 39 36 16 29 13 19  -  - 24 22 15  -  -  - 10  6 37 40  - 14  -  -  - 25  5  -  2 35 32  - 11 34 30  - 18  1 33  - 38  -
 25 12 14  - 26 10 37 17  -  - 23  -  -  9 21 32  - 36 19 20  -  - 15 35 40  1 38 11  2 30 39 28 27 31 24 34  -  -  -  -
  - 38 11 18  -  7  - 16  -  1 32  - 29 19 20 17 25 23 31  5 24 34 22  2 10  3 39  - 26  - 40  - 28  -  -  - 35 15 37  -
  - 31 17  - 25  2  - 39 11 36  -  - 32 28  1 40  -  - 38  - 23 10  3  -  4  8 27  6  7 12 35  - 26 18  - 33 15 29  - 37
 33  -  2 10 36  - 32  -  3 15 31 18 20 17 29  9 26  -  6 16 19  -  -  5 34 28  -  1 13 35 30 37 38 12  - 40 23 14 39 25
