1120
 37  7 23  6 12 35 13 10 24  1  - 33  - 11  - 40 22 34  - 26  - 31 32 17 21 16 30 27  - 19  8 29  2 18 25  - 20 28  3 39
 19 27 15  - 31 33 34  -  9 24 17  1 14 37 35 10 29  5 40 21 36  - 30 18  2 22  3  -  - 32 26  - 23  4  -  - 38 16  -  -
  - 14  -  5  -  -  -  9  - 20  -  - 31  -  - 11 21  4  -  - 24  7 36 35 22  - 19  1  - 37  3  -  - 12  - 39 32 34  - 33
  2 33  -  - 18 16  - 25 19  -  -  - 39  1 15 12  - 14 26  -  6 11  -  -  3  - 22 24  7  - 21 30 37 17  9  - 10 36  4 32
 38 39  - 29 23 14 31 11  4 26  -  7  6  -  -  9 27 40 10  8 15  - 12  2 32 19 25  - 16 21 18 28  - 35  1 17  - 22 33  5
 12  1 26 18  - 37 39 17 11  - 19  -  - 30 34 38 10 23  - 36 29  -  8  -  -  -  - 33 27  - 22 25  -  -  5 32 21  2  -  -
 35 23  -  4 39 40  9 19 18 15  6  - 22 31 37 21 36 27 24  2  -  5 16  8 11 32 34 25 30  - 12  -  - 28  3 26 33  -  -  7
  -  - 17  8  -  3 30 18 13  -  2  6  4 21 32  - 11 12  - 22 28 38 25 27 40 31  1  - 10 29  -  -  5 20 33 15 34  9  7 24
 33  - 12 27 13  - 29  - 35  - 18 38  7 10 28  -  -  6 23  - 40  -  - 25 31 11  8 22 36 14 20  - 34  5  - 37  - 30  9  3
  3  -  - 25 24  1 40  4  - 19  - 32 28 14  -  - 38  -  - 35 11  -  - 39 30  8  - 37 22 31  - 26  9  - 21  - 23 15 34  2
  6  -  8  - 26 38 27 33  - 31  5  2 37 36  1 30 16  -  - 12 19 13  - 34 29  -  7  - 25 28  - 14  -  - 18 11  9 23  - 35
 13 25 18 10  5 22  2 40 38  -  1 39  -  -  4 28  6 26 35 14 34 24 11 33  -  -  - 20  3  -  - 32  7 27 23  -  8  -  - 36
  - 37  -  - 38  -  - 30 40 34 36 10  8 27  5  - 32  - 28  - 39  - 22  3 25 23  9 18  - 15 31  - 13  6 14  2  7 19 12  -
  8  2 38 28  -  - 25 15 30  -  - 24 19 32 12  -  -  7  9 33 22  - 26  - 27 34  - 23 18 39  - 21 35  - 40  3 29 10  - 20
  -  -  -  -  -  6 32 20 14 36 39  - 13 28 19  3 25  -  5  - 26 35 15 30  8  - 16  -  - 11 24  - 29 23  - 10 27  7  1  9
 11 34  6 21 35  -  - 36 20  - 40 23  - 33 17 15 31 32  8  -  - 16 29 37 24  - 18  4  1 26 14  - 19 38  -  5 25  3 27  -
  9  3  -  -  -  - 33 37  -  - 24 16 23  7 30  8 20  -  - 15 38  -  1 31 36  - 26 28 14 34  -  2  4  - 29 21 18 27  5  6
 31 20 33 26 14  5 11  -  -  7 22 15 40  -  9  -  - 37 18 39 25  4 23  6  -  3 10  2 34 27 28 19  - 21  - 12  - 35  - 13
 24  - 11  -  3  -  8 26  - 25 35 30  5  -  -  2  -  - 21  9 27 40  -  -  7  -  - 38  -  4 36  - 39  -  - 33  - 18  6  1
  -  9 19  -  8 27  6 29 36 30  7  -  1  - 21 25 37 22  - 20  - 15  - 38 28  - 24 16  - 13 40 35 10  - 11  -  - 31 18  4
  7 30  - 37 20  -  -  - 22 14 21 25 24  - 29  - 33  - 34 19  -  6  4 36 10 27 35  5  - 18 17  -  - 40 31  1 26 12 13  -
 14 32 39  7 28 26 23  - 12 33  -  - 21 13 38 18 35 20  - 37  9  1  2 16 19 36 27 15 40 22 29  3 11  -  -  6  5  8  -  -
 16  - 35  - 10 23 17 32 37  - 12 18  - 38  - 19  1  -  -  - 31  - 34 40 20 13 33  7  5  3  -  6 22 29  -  9  - 39  -  -
  -  -  - 19  -  -  -  -  -  5 31 21 34 12  - 13  9  3  2 38  - 23  - 26  - 10 14 32 20 40 30 27 25  -  7 35 24  - 17  -
  4  5 10  -  - 30  - 12  - 21 13  -  3 15  -  -  8  1 16  7  - 25 19 20  -  2 28 26  -  -  6 36  - 39 22 29 35 37 31 17
 29  -  3 32 37  7  - 21 34 38  -  9 15  -  -  - 23 31 33 10  - 18  -  - 16 14 20  -  -  2  4  5  8 24  - 40 39  -  - 12
  5  4 28  -  -  9  -  - 15 17  - 35 36 40 13  -  - 21 25  - 23  -  3  -  1 18  -  -  -  - 32 22  - 26  - 34  6  - 37 16
  -  - 36 33  - 11 21 38  2  -  - 17 12 34 14  -  7  - 29 18 37 27 24 19 13  1  4  -  - 16 23 40 26  3 20  8 31  -  - 10
 20 36  -  -  - 24  4  2  5  -  - 11 16  9 39  - 12  -  - 13  -  - 35  - 26  6 38 34  - 30  1  - 33  8  - 27 40 14 22  -
 34  -  -  2  - 21 10  1 16  - 14  - 18  - 20 23 17 33  3  -  -  9  7  5  - 29  - 39 31  -  - 11  - 15  - 30 28 40 19  -
  -  -  - 30 27 28  -  3 26 39 33  - 29 25  - 34 19 16 11 32  2 10 40 23  5  9 37  8  6 35  - 20 21  -  -  7 36  4  - 15
 23  - 32  9 15  - 36  -  3  8  - 13 38  -  - 16  - 28  1 29 20 39  -  - 34 33 40  6 35  5  -  4  -  - 37 19 14  -  -  -
  -  -  1 40  7  4 26 14 29  -  9 28 33  8 24 31  -  - 37 23 35  - 17  -  -  -  5 36  - 25 34  -  -  -  -  - 19  6 39  -
 32 38  4 17 21  - 12 23 31 16 25 36 11  5 40  - 26 35 20  -  -  8 14 24  -  7  2  - 19  -  9  -  1 34 30 22 13  -  - 37
 27  -  -  -  - 36  - 34  -  6 29 22 32  -  2 35 40 24 14  1 30  -  9  -  - 38 39 19 13 33 25 12 18 37  - 28  - 26  -  -
 40 11  - 12  1  - 37  - 23 18  4  - 27 20 33 26 39 30 17 16  8  3 28  9 14 24 36 21 32  7 35 31 15 10  - 38 22  -  2  -
 30 26  - 11  - 29  -  - 33 13  3 19 17 23 22 39 34  - 36 24 16 14 18  4 38 40  - 10 28  1  2  -  -  7 35 31 37  - 20  -
  - 16  7  - 30 19  1 35 21 32 34  4 26 39  6  -  3 10 15 40 18 37 13 12 23  - 29 31  9 20 33  8 28 14  -  - 11 17  - 38
 10 40  2  -  - 12  3  -  1 27 32 37 20  - 23 29  - 11 39  -  -  - 31 28 35 25  -  9  8 17 16 33  - 30 34 36  4 38 26 19
 28 18 13  -  - 39  - 31 25 35  - 20  2  - 27 14  5 38 30  -  - 34  6  - 33 12 15 29 37  8  7  1 36 19  -  -  -  - 16  -
