1120
 26 25  7  6 33 37 15 21 30 16  - 17 31  -  -  9 14  -  -  -  8 11  1  3  - 20  - 32  4 39  5 29 19  - 12 40 28  -  - 27
 35 37 19 29 20  -  6  5  4 31 15  - 14  9 34  - 21 17  - 27 13  -  2 40 32  1 28 33 16  8  - 30  7  - 26 10 38 39 11 22
  2  -  6 26 39  - 40  - 19 14 13  - 21 12 31  4  8 37  7 22 27 16  - 23 15  - 29 35 30 34  -  3  -  1  -  -  -  - 17 25
  8 12  -  -  -  3 26  -  -  - 21  - 17  -  -  - 40  - 38  7 24  - 33 15 20  - 23 16  2  1  - 31 14  - 28  - 37 27  - 35
 37  - 40  - 29  -  - 27  -  -  2  -  1  -  6  8 20 25  - 17 36  4 24  7 34  - 31  3 19  - 15 21 23  - 14 22  - 38  5 28
 17  7 20  - 11 31  4 22 24 35  -  -  - 36  2 32  - 14 23  - 37 28 38  8 12  -  3  -  -  6 29  1 33 10  9 25  5  -  -  -
 29  - 38  -  8  - 33  - 22  2  -  -  - 16  - 36 27 23  - 34 20 10 39  1  -  5  6  - 12  7  -  9  - 18 30 24 15 14 31  -
  9  -  - 30  - 33 21  - 40 36  - 39 26 24 37  6 32  -  5 15 11  8 13  - 31 16  1 29 23  - 18 22  -  -  - 19  - 12  3 20
 20 18  9  -  - 21 23 32  1  6 10  8 33  - 40  -  -  - 35 16 22 37 36 38  -  -  2 11 29  4  - 34  3  -  5 12 31 19  - 17
  3 29 25  -  - 20  - 38 36 15  - 30  8  1 11  -  5 34  2 24  9  -  - 37 40  - 10 26 27 14 19  - 13  -  - 35 12 17  -  -
 27  -  -  2  -  1  -  -  - 28 33 11  6  -  - 24 26 31  3  -  4 30  8 13  - 37 32  - 10 20 14 18 12 34 39  - 40 21 36 29
  -  -  - 16  1 22 12  - 31 34 36  7  4  -  8 10 28 39  - 19 17 13 11 35  3 30 14  5  - 24  9 25 38 15 29 27  -  -  - 23
 16 13 37 24 30 10  9  -  - 25  -  - 11 19  7 34 17  -  - 32 23  -  - 20 28  -  5 36 14  - 21 33 29 12 40 31  -  4  6  -
  -  1 17  - 15 13  - 16 14 32 20  - 27 34  - 31  2  9  - 35 18 19 28 21  8  - 26 12  7 40  4  -  6  -  -  - 23  - 29 38
 10 23  - 22  5  -  3 14 13 12  7  -  -  -  -  - 24 32 28  - 33 21  -  9 37 36 40  -  -  2  - 26 17 29 16  - 35 11 19 34
 14 38  -  1  -  - 18  - 20  8  - 31 37 15 36  5 10 19 25 28  - 29  4 26 13 39 11  - 17 22 40 12 21  6 23  2 27 16  7 32
 11  3  1 21  6  - 31 12  -  -  - 37  -  -  - 23  - 13 19  -  5 40 29 18  - 38 25  - 15  - 16  7  2  - 22 33  -  8 30 14
 39 20  8  - 14 24  5  - 34 11  -  - 13 22  - 35  -  7  -  -  -  -  -  -  - 28 18 10  - 31 17 38 40 27  - 16 29  3 12 36
  - 10 27 20 21  5 28  - 15  4  - 36  -  - 16  - 19  3  -  - 38 22 32  6  - 31 12 37  - 17  - 40 39 23  - 26  9 34  - 24
  4  2 13  - 10 11 30 19 33  -  1 27  7  -  9 26 16  - 31 25 14 24  6  - 35 32 21 23 20 28 37 36  - 40 17  5 39 22  - 12
  - 27  -  -  -  2  8  - 10  -  -  1 28 33 29 38 12  - 17 23 16  5  - 36  7  3  9  -  6 15 22 20 32 31  - 18 19 25 37  -
  -  -  -  5  - 39  - 15 26 19 23  -  -  - 21 25  1  4 16 31 12  7  - 27 33 24  - 40 36  -  -  -  9  8 32  3  6 20  - 30
  - 33  -  7  - 32 34  4 29  -  - 25 24  - 15 17  - 28  - 36  3 27 16  - 39 19  - 14  - 26 10  5  1 37 13  6 20  -  2  -
 18 31 12 36  3 17  - 10  -  -  6 13  2 23 35 37  - 40  - 38  - 34  -  - 30 29 33  8  - 16  - 14 25 28 27 15  1  - 39 19
 36 39  -  -  -  6  - 17 32  -  9 26  3 14 23 40 35  -  1 20 10  - 27 29  -  - 13  - 31 30  7  2 11 22  -  -  8 28  - 18
 19 36  3 32  -  -  1  -  - 22 38 12  -  - 28  -  -  8 39  -  -  - 26  4  -  7 17 24  - 33 23 16  - 11 25  9 14 31 13  -
  1  - 15 38 34 29 14  6 35 26  -  - 40  - 10  - 25  2  - 37  -  -  - 19  -  - 24  - 32  -  - 11  - 17 18 23 21 33  9  8
 31  -  4  - 37 19 16 18 12 27  -  -  - 20 22  3 11 24  9  -  - 38 23  5 14  -  -  6  -  -  -  -  -  7  - 21 36  - 28 39
 24  - 26 12  -  - 37 30  -  1  -  -  - 32 13 20  -  - 10  - 34 18  - 28 27 35 39 17 40  -  -  -  - 21  4  7 16 23 38 31
  - 22 35  8  - 14  - 36 16 40 32  3 23 37 12 33  - 11 30  6  2 31  - 10  -  -  -  1 39 29 28  -  - 20 38  4  7  - 15  -
  - 19 18 17 40  7 27  -  8 23 39 20  - 25 14  -  9  - 21 33 26 36 15 32 38  -  4  -  - 10 31  - 16  2  6  -  - 13  1 11
 33 24 28  - 38  8 11 31  9  7 40 23 29  -  - 12 36 20  - 10  -  - 34  -  6 15  - 39 22  -  - 27  - 26  -  -  - 30 14  -
  - 21 22 34 32 36  -  -  - 38  - 40  5  3  1 13 23  - 27 29  - 17 18 30  9 10  7 31 33  -  -  -  4 19 15 14 25 24 20 37
  7 34 23 27  - 26 36  -  -  -  -  9 15 28 19 11 37  - 22  5 39  - 17 12 21  -  - 30 24  3  -  4 31 32  - 29  -  -  - 40
 38 32  -  9 12 23  -  8  3 29 26 34 16  - 25  2 15  - 24  4 40  - 19 39  5 18  -  - 28  - 35 17 20 14 36  1 22  7 33 10
 12 28 30  - 36 18  - 40  -  9  - 22  - 26  3 15  7  6 14 21 32 20 10 17 25 27 16 19  5 38 34 23  8 24 33 11 13  -  4  2
  -  5  - 40 24  4 39  - 28  - 19 29 32 27 20  - 31 21 26 12 25  9 35  -  -  - 36 38  - 23  8  - 30 16 11 37  3  6 10  -
 32 17  - 31  - 27 38  -  - 37 14  - 10 35 39  -  3 12  4  8  7  - 25 22 29  -  -  - 11 19 24 13 36  5  1 28 33 18  - 15
 40  -  - 11 28 30  - 39  - 21 18  4 12  6  5  1 38 26  - 14 19  -  - 31  - 17 22 13  9 36 25 32 35  3  -  8 10 15  - 33
 15 40  - 19 16 35 17 23  - 33 24 10  9 30  - 39  -  - 13  -  -  3 12 14 11 21  8  -  1 37 26 28  5  - 31 20  -  - 25  7
