1120
  - 34 13 19  7  6  1 32 23 37 33 35 38 31  - 36 12 26  - 11 20  3  -  - 18 40  5 10 24 17  -  8 14 27 21  - 25 16  4 30
 25 27  - 18 26  2 36 37 19 29 21 14  -  - 28 22  - 11 33  7 24  5  -  -  - 15 23  - 31 35  -  6 34  9  -  1  4 40 20  -
 24  4  - 22 27 36  -  - 28  -  - 13 16 10 12 20 23  5  - 18  - 38  7  -  1 33  2 17  - 14 32  9 35 15  -  - 30 26  - 11
  4 13 22  - 23 24 40 19  7  -  - 26 33  -  -  6 21  3  - 31  - 15  8  - 29 30 20  - 11  - 36  1  5  2  9  - 10  - 28 14
 16 19 37 10 15  1 24 26  3 30  9 25 22  - 11  - 29 39 40 27  -  - 12 36  5 32  - 20  4 18 14 28 31  -  -  6  -  -  - 33
 32  -  -  - 22  -  -  -  2  - 39 31 11 25  - 23  -  -  3 29  4  - 14  1 17  - 19 13 27  9  8 15  - 26 16 35 20 33 18 12
  -  9  2 21  8  7 14  - 10  - 36 37  -  - 18 12  - 20  - 30 16  -  -  -  - 29 24  - 35 34 17 25  -  -  -  4 40  5  -  -
  -  8 35  -  4 34  9 23 12 17 38 28 30 16 10 21 32 37  5  1 13 27 31 25 24  7 26 22 19 33  -  3 36  6  2 20 18 14 11  -
 35 17 20  -  - 15  -  7  -  - 22  -  - 24 39 38 19 14  -  9  - 31 30  -  - 18  -  -  8 40  5 32 28 16  4 29 13  6 33 27
  - 40  4  -  - 23 33 12 26  -  - 22 19  -  3 31 14  -  - 20  1 21  9 29 28 38 25 37  5 15 16 36 30 35 24  - 32 10  -  8
  - 14 25  - 35  4 13  - 30 26 37  - 31  2  5  1 16  - 38 19  - 24 10  7 34  -  -  8 21  6  - 22  - 23  3  -  -  - 36 28
 36  - 10  -  5  - 35 21 40 14 15  2 20  -  -  -  -  -  - 16 11 32  -  - 38  4 22 27  1 23  - 39  -  - 30 25 24  -  6 34
 31 22  8  - 33 38  - 13 27  9 24 21  -  - 25 37 34  -  -  - 39 26 18  -  4 20  -  6  - 11 40  - 29 12  5  - 19 28  3 36
  -  -  - 13  6  - 17 28  - 31  3  5 15 22  - 25  8  - 32 34 36  4 20  2  9  -  -  - 26 12  - 23  -  - 18 21  - 39  - 29
 12 35  1 40 30 19 38 20 24 33 14  -  4 13 21  9 17  2 31 22  - 16 37 28 23 39 34 26  - 36 25 27  7  - 11 10  -  -  5 15
  1 39 14 23 10  9  -  6  5  - 30 18 34  - 22  -  -  -  4 28 21 37 40  - 13  8 15 36 33 31  - 35 26 11 27 17 12  2  -  7
  - 29  -  7  -  -  5  - 34 32 19  6 35  -  - 15  1 23 11  8 40 25  -  - 12 14 17  2 22  - 33 38  3 30 37 16 36 31 10  4
 38 21  - 34  1  -  - 31 13  - 23  -  7 27  9  -  3  -  -  - 22 20 25 35 40  2 33 39  -  - 11 12  4 14 15  -  5 32 30 37
  -  3 32 12 40 25 20 22  9 38  - 17 10 35 30  7 27 31 15  5 26  - 36 14  6  -  1  4  - 19  - 37  - 21  - 39 29 13  8 24
 14 10 11  4 36  8  -  5  6  -  -  7  - 28 13 32  - 16 30  2 33  -  -  -  -  9 37 19 17  -  -  -  -  - 20 22 35 18  -  3
  - 11  9 24 34 40  -  - 18 35 31 19 14 30  - 29  - 27  7 37  5 33  - 17 10  6 36  -  3  1 21 13 20 25 23 28  -  4 26 16
 10 32  - 37  - 16 31 40  - 36  - 29  -  -  2 18 39  - 24  - 17  -  4 11  3  - 27 21 25  - 13  - 15  7 34 12 33  1 14  -
  6  - 18  - 12 32  - 15  -  5 40 27 29  7 16  -  -  8 14  - 23 36  3  - 11 17  4 25 13 20  - 34  9 31 10  - 26  -  - 35
  -  -  -  - 38  - 15  - 21 18  4  1 23 19 34 26  - 22  - 13 28  8  -  - 31 25  7  9 16 10  -  - 17 32 14 11  -  -  -  -
  - 20 34 35  - 22 18  - 39  -  5  - 24 14  - 11  - 19 28 12 27  -  -  9 15  -  -  3  -  -  7  - 23 10  -  -  -  - 40  -
 27 15  -  3 17 35 39 10  -  -  2  -  -  - 26 14 11  - 21 23 34  9 24 16 30 12 28 18 29  - 31 20 13  - 19  8  6 38  1 25
  - 25 30 33 29 31  4  9 16 21 10  - 27 26  1 34  -  -  - 40 37 35 23 38  8 24 11 32 28  5 15 14  -  -  - 18 17 36  7 19
  5 16 31  -  -  - 11 17 15 39 26 33  2  -  -  -  - 30  9 10  3  -  -  -  7 35  - 23 20 29  1  - 37 19 25  - 22  8 32 18
 13 23 24  8 18  -  - 35 17 25  - 38  9 36 14  -  4 10 20 15  -  -  -  -  - 28  -  - 37 39  - 21  - 40  7 32  1 30  - 31
 21  - 33 14  - 37  -  - 36 20 35  3  5  1 23  - 18 15 34 25  9 39  - 40  - 16 13 31 38 26 12  - 11  8 22 19  2 24 29 10
  - 33 26 16 31  - 22 38  - 24  - 20 13 37 40  - 25 36  1 35 10 11  -  -  -  -  9  -  -  - 18 30 19  - 12  - 27 34  - 32
  - 18  -  - 24  - 10  - 11  - 20 16 25  - 15 13  -  4 12  - 30 14  -  -  2 34 39  -  -  - 35 17  1 36 38 31  -  - 23  6
  9  -  5  -  - 21  -  3 31 40  - 30  8 20  - 16  - 38  2  6  -  - 19  -  -  - 35  - 10 13 27 18 25  -  -  - 34  - 24 22
 22  -  - 31 21 27  3  - 33 13 17 23 37  4  7 10 20  9  6  - 38 29  2  -  -  -  8  - 15  - 30 19  - 18  -  5  - 11 35 39
  7  1  - 32 16 18 26 27 14  - 12 15 39  - 20  4  9 21 25 24  8 13  - 37 33  -  -  5 40 30  - 10  2 28  -  - 11 35  - 23
  -  - 17  -  - 20  - 14  - 19  - 11  -  - 27  -  -  -  -  4  -  -  -  -  - 22 40 16  -  - 24 33 38  3 31 13  - 15  - 21
 19  -  6  5 32 26  - 16 38 34 27  - 36 11  -  - 15 40 23 39  -  - 33  3 25  - 18 30  9  4 22  - 21  -  -  2 31 37  - 20
 18  2 15 20  3 39  8  1 25 11 13  -  - 17 36  -  6 12  -  - 32 22 27 24 37  -  -  -  - 16  4  - 10  -  -  - 14  - 34 38
 30 28 36 25 19 29 12  4 20  7  -  8 17 40  - 35 10  1 16 32  6 23  5 31 22  - 21 24 34  - 26 11 33  - 13  - 15 27  2  9
  8  -  -  9  2 12 34 11  4  - 32 40  1  6 17  - 35 18  - 14  - 19  -  - 20  3 16 15  -  7 28 31  - 38 33 26 37  - 13  -
