1120
 19 22  - 37  -  2 34 40 29  -  -  7 18 35  - 39  -  1 16 11 27 14  9  - 12 36  5 26  6 30 38 32 24  -  - 17 23 31 15 25
 24  - 27  - 16 29  5 34 30 25  -  - 32  9  - 12 33 37 39  8  -  - 22 26  6 11 10  -  - 40 36  4 35 20 18  3 17  - 19  -
  - 20 31 36  - 16  -  5 26  -  -  4  -  -  - 34 39  - 12  -  8 19 21 13  - 28  -  - 40 35 27  - 33 11 10  - 29  - 37  -
  - 19  4 39  9 22 24 11 36 33  - 34 16 13 30 10  - 20  7  -  1 18  -  3 37 40 32  -  2 38  -  -  - 12 28 15 21  -  - 29
 34  -  5  - 32 15  4 35 17 36 24  - 12 33 21 27  -  - 26  - 38  7 28 19 13  -  2 25 39  3 10  -  -  9 11 37 20 18 30  -
 30 17 35  -  -  - 23  - 34  3 14  - 39 29  -  -  -  2 28  -  - 36 40 20  - 10  4  7 33  9 25 27 37  - 24 21 11 32 31 26
 14  - 19 38 22 32 30 18 21 37 16  -  -  6  - 11  - 33 35  -  - 12 13 28 34  1 23 20 36  - 24 39  3 27 17  -  4  7  9 40
 40 37 17 19  7 31 28  - 15 10 20  -  - 39 23  1  - 16  -  - 35 26  -  -  4  -  8 38  5  - 34 18  9  - 33 12 22  - 21  2
  9 27  -  - 14  - 40 24 37 29 22 30  -  - 19  5  7 26  6 20  4  - 15  8 25 39 31 28 18 32 17  -  1  3  2  - 35 12 36 11
 36  9  -  - 26 23  -  - 10 24  4 33  - 16 32  -  -  -  8 25 22 35 18  -  -  - 17 21 19 31 11  3  -  -  -  1  -  - 40  6
 20 28  -  -  -  - 10  - 32 26 30 38 29 36  - 16  3  6 37  - 25 34  - 39 33  8 22 35  -  2  -  - 31 21  -  -  -  -  -  1
 38  -  6  -  -  8  2  -  - 40  -  -  - 24  -  3  -  7  -  - 19 15 33 14 26 34  -  - 20 37  -  5  4 30 13  - 16 29  - 27
  -  - 39  -  2  -  -  1 31 12  -  -  -  3 26 23 20  5  - 33 17 11 19  7 38 24 34 40 27 10 14 28 16 29 35  - 36 22 32  -
  2  -  - 33 35  -  - 19  - 13 39  - 26 11  3  - 29 40  - 18  5 23 31 37  - 12  - 10 14  -  - 16  8 17 15  - 28  - 24 32
  -  4  -  -  1 33 14 39 25  - 27  -  2  5 35 22 11 10 31  - 16 20  - 40 19  - 13  -  - 23  -  -  - 28  - 32  -  3 38 21
 12  - 32 13  - 18  9  3 20  - 17  - 19  1  -  7 16 29  -  -  - 33 27 23 10 25  -  -  - 15 26 35 34  2 36  5  - 40 28 38
 21 12 14 17  3  - 11 32 24 27 31 10 30 37 39  9 35  - 25  4 34  5  -  6  - 23 20 13  -  -  - 36 29  - 16  -  - 33 22 28
  - 26 15  - 25 20 17 31  6 32 33  - 10 40 24  - 34  8  -  -  9 21  -  - 27  5  - 18  -  1  4  - 11 36 30 23  2  - 39 35
  5 39 29  -  - 14  - 21  - 22  7  -  -  -  - 17  - 35 11  -  -  - 30 18 31  4 27  - 38  - 33 40 23 24 25 34  3 16  - 19
 26 34 23  -  - 39 25 27  - 19 13 37  -  -  -  -  1  - 22  6 21  8  - 36 11  9  - 24 17 20 16 29 30  5 14 40 10 35  -  -
 13 38  - 31 28  -  -  - 14  - 15 21 11  - 17 26 10 36  - 40 39  -  - 12 18 29 25  1  3  - 30 24 19 16  5 35  7  -  -  -
 29  -  - 28  -  9 38  - 23 34 12  -  -  7 33  2 21 17  - 26 15 22  -  1  -  - 18  -  4 14 37 25 20 39 19 11 13  5  8  -
 18  -  - 40  - 25 12  - 35 23  1 26  - 28  6 38 17 27  -  - 20 13 34 16 15  3 11 39  -  - 31 33  -  4  - 19 37 30 14 22
 37  -  - 29 15 24 27 12  -  8 23 20 14  4 34 32 26 18  3 36 30  1 11  5 17 35 39 16  - 19 28  -  -  - 21  - 33  - 10  -
 32  1 28  5 30  - 36  4 27 11  - 23 31  8 38 21  - 13  -  -  2  3  - 22  - 26  6  - 16 25 29  -  -  - 20 14 34 15  7 24
 23 18 40 11 29 27 16 37  3  7 32  - 17 20  - 36  -  -  -  - 31  - 12 10  -  - 15  9  - 39 21 22  5 33  -  - 26 38  2  -
 35 36 11  -  - 10 33 23  - 20 19  -  - 27 31  - 37 24 38 16 29  4  5 32  2  -  -  - 25 17 22 14  -  -  -  - 15  - 26 30
 27 33 13 26 38 35 37  -  - 31  - 25  - 30  - 20  -  4  5 19  -  -  8 34 21 15  -  - 24 12  -  9  -  1  -  - 39 11 18  7
  4  8  -  - 34  3 39  6  1  9 11 29 35  -  7 15  -  -  - 30 13 31 25 17 36  - 28 27 23  -  - 19  -  - 22 33 14 10 16 37
 10  3  -  2  - 26 22  -  -  - 35  -  - 32 27 33 30 12 14 23 11  - 17 24  - 16 37  5  -  -  -  - 40  - 29 36 31  -  - 39
  - 16 36 25  -  -  3 13 18 30 26 19 15  -  9 37 38 34 27 17 33 39  7 31  8  2  -  - 28  6  5 23  - 40  1  -  - 20 11  -
 28  5  - 14  4  1  - 22 12  -  3 11 33 15 18 25  - 23 17 29 40 38  6  - 24 27 16  - 37 13  9 10  - 35 39 20 32 26 34 36
  - 13  1 35  - 12 31 38  - 15  8 24  6 17  -  -  -  - 29 34 28  9 32  -  -  - 21 23  -  -  2 20  - 18  - 10 25  - 27  4
  3 10  9  7 12 28 29 33  -  6 36  -  - 18  - 14 19 31 34  5 24 17  1 27  - 22 26  2 15 21 32 11  - 38  - 30 40  -  - 20
  - 14  -  9 17  5  -  - 19 16 10 39 34 31 29 28  -  -  - 37 36  -  - 25 23  - 40 33  -  -  -  7 27  -  8  6 38 24 35  3
 16 11 21 24 23  - 18 10  -  -  -  - 37 25 36  4 12  - 40  3  - 29 14 15 28  - 19 34 32 33  -  -  2 31  9 26  -  - 13  -
 11 23 16 32  8 40 19 25  5  2  -  - 20 34  - 35 24 30 10 22  6  -  - 21  9 33  - 15 29 36 13  - 28  - 26  7  1  - 17 12
 15 25 37 27 10  - 32  - 33  5 34 28 38  -  1  6  - 19  2 24  3  - 16  - 29 13 36 22 30 18  7 26  -  - 31 39  9 17  4  8
 39 32  -  3 33  7 26  8 16 38  -  - 24 19 20 31  9  -  - 12 18  - 23  4 14 21  - 36 22  - 35 13  6 34 27  2 30  -  -  5
 31 40 22  -  6 37 35 36  2  1  - 12  7 23 16 24 13  3 32 27 10 25  -  9  - 17 29  8  -  - 19  -  - 26  -  - 18  4 33  -
