2880
  - 16 40 57 45 17 29 58 42 24  -  - 39  3 10  7 41 12 25  -  - 54 30 31 59 36  - 47  1 32 55 33 56 43 35  - 20  2 44 49  8  -  6 60  -  - 13 51 22 53  4  5 50 15 21  - 38 37 34 28
 39  -  2  - 26  9  7 24 51 38 22  - 19  4  -  - 27 31 18 45  - 34 48 60 46 50  - 17  - 44  - 49 59  - 33  1 52 25 29 58 55 10 15 23  - 35 11  -  - 56 13  -  - 53  6 40  - 28 47 36
 54  4 16 56 32 15 39 13 44 17 36 21  8 59 49  -  - 50  2 14  - 58  - 48  - 45 25  - 12  7 28  -  - 52 38 41 34 57 18 19 60  -  - 11 40  6 51 43 30  - 27 23  - 24 47 35 42 53  9  -
 56 22 52 40 15  -  - 46  - 42 34 58 49  -  2 47 51 26 20  -  -  9  - 53 28 43 48 29 16  4  3  - 55 38 31 60 57 41 45  -  - 14  - 36 30  - 12 11  8 10 21  1  - 54 39  6  - 44  - 37
  - 21 47  - 33  6  2  7  5  -  - 29 16 58 55 59 46 44 32 10  8 11 23  - 45 37 38 12  - 36 50 25 48 54  4 35 42  - 39 18 14  - 19 22 41 40 30 26  - 28 52  - 49  3  - 27 17 60 20 53
 42 17 22  -  - 48 33 12 27 35 28 16 51 37  - 36 13  9 14 31  - 39 34  7 21 53  4  - 43 19 60 45  - 32 58 10 23 18 57 15 50  -  - 25 24  - 44 30 38 40 20 29  - 49 41 46 56 59 54  -
 51 33  3  - 37 12 49 27 41  -  1  7 14 15 31 35 22 58 10  9 17 60 40 57 30 38  - 32 29 24  8 59 36 21  - 42 50 52 53  2  - 19 46  - 28 48  - 39  5 34 11 44  -  6 56 16  4  -  -  -
 49 27 17 28 58 16  - 45 37 18  3 42  - 33 12 46 52 47  6  8 40  7  - 25 13 22  1  -  - 51  - 60  5  2 43  - 21  - 50  - 19 26 32  - 34  4  - 54 10 39 31  - 48 35 55 20 53  9  - 23
 41  -  - 20  3 10 30 35 31 26 12 54 37 57  - 48 43 56 52  - 28  -  2  - 50  -  - 46  - 42 51  6 22 23 60 13 44 14  1 38 24 58  - 59 39  9 27 15 29 21 49  - 55  5 16 33  - 11  - 32
 14  - 21 42  - 55 53  6 23 44 17 11 26 34 19 30  -  -  -  3  - 18 56 35  - 51 24 40 45 28 22  - 33 48 10  - 27  -  -  4 39 47  - 20  1  5 32 57  2 49  7 38 46 59 12 25 15 13 50 16
  -  7  -  1 36 25 12 50  - 43 41 32 24 48 27 38 30  - 21 51  - 15 29 23 18  - 55 53 59 46  6 22  -  9 39  -  4 19  -  - 20 17  -  -  - 58 35 16 40  -  2 47 31 34 37  - 49  3 44  -
 20 24 23 43  8 52 58 32 59 31  -  4 29 16  - 17 50 19  7 60 33  - 15  9 25 48 47  2 11  - 44 57 53 55 26  - 14 42  5  - 37 36 22  - 51 39 54 28 41 45 38 18  1 56  - 10 40 46 49  -
 48 10 54  5 44 40 31  8 35 52  - 34  - 27 59 20 39 25 36  6 45 47 16 22 51  - 13  - 38 60 32 53 29 26  - 55 41  - 11 17 49  -  - 12 21 28 42  7 50 24  - 19  2  1 18 23 58 56  -  4
  4 31 53 18 28  - 21 20  - 19  - 55 27 44  - 41  2 35 29 47  6  3 36 58 48 11 22 59  - 38  - 34 10 42 51 14  - 17  - 50 33 52 45 49  - 37 40  - 13 54 15  8 56 46 24  - 26  - 39 43
  1 20 10 46 17  - 37  - 56 21 47  8  6  5 26 33  3  - 13 29 25 31 58 32  - 42 34  7  4  - 19  2 24 44 49 15 43 23 27  9 57 59 51  - 11 18  - 53 36 41 12 39 28 38  - 60 35 14 30 50
 19  6 41 37 21  8 57 40 17 25  -  -  1  -  - 44 47 48 50 55 38 20 12 11 54  -  2  - 46 43  -  -  3 18 24 23  - 27 28  - 15 16 33 58 45 60 31 36 42  7 32 14 22 30 13 53 34 10 51  -
  -  - 38 33  -  5  - 49 39 46 50 12 57  -  8 60 48 37 41  - 15 35  6 10 31 54 26  - 53 21 30  - 52 27 56 20  -  4 59  - 43 29 55 14  - 22  -  - 45  - 17 40 13 23 36  - 28 47 42 51
  7  - 25 36 13 42 26 55  - 20 29 50  -  - 46 58 18  - 24 49 23  - 51 41 53 10 60  -  - 11 12 38 45  - 32 43  5  9 15  -  3  4  1 34  - 30  -  - 35  2 28 16 19  - 59 44 57  - 52 39
 45 14  - 19 46 39  3 11 49 32 18 27 30 42  - 16 38  8 23  2 12 59 60  4 33 24 54 48 10  1 35 47  -  7 28 36 53 37  6 57 51 40 31  -  - 41 17 58  -  - 29 34 52 22 15 50 21 55 25 13
  -  - 24 53  -  4 19 10 47 13 37 38 60 40 17 27 29 51 58 52 41 25 26 42 36  - 56 14  8  2 20  -  7 22 45 49 15  -  9 54 32 35 18 44 46  - 59 33  - 23 34 55 16 43  5  1  6  - 11 48
 16 40  8 31  1 19 23 30 38  5  - 15 11  -  7 29  - 42  3 32 13 21  - 20  6 26 39 51 52 35 53 24 50 57 54 45 46 44  - 12  - 60 28  9 22 34 18 17 14 37 10 58  - 27  - 48 47 36 33 55
 26 28 29 10 18 47 44 15 57  -  8 37 12  6 48  -  5  -  9  4 34 14  - 59 39 46 58 21 42 40 52 23 41 36 13 27 49 55 22 60 16  2 24  - 53  - 50 31 43 20 56 30  - 51 45 17  7 32 19 35
 17  1  - 38 25 14 16 53  -  3 40  2 34 39 56  - 57  - 43 58 11  -  - 46 29 23 18 27 19 10  - 30  8 28 59  4 48 12 51  - 54 22 13 32 31 15 26 35 33  - 36 60 47 42  9 21 20  7  - 41
 40 12 48  -  7 26  8  3  2 57  6  - 18 23  9 15 60 59 44 27 43 56 14 33 58 52  -  - 28 20 16  1  - 13 50 22 32 38 34  - 25  - 47 53  - 36 10  - 51 35  - 41  4  - 29  5  -  - 17 46
 35 38 11 45 60 18  - 26 36 27 25 44 21  - 47 22  -  -  -  -  7 32  9  5 12 57  8 56 37 23  2 15 40  -  1 53 19 10 17 46  - 42 50 24  - 54 14  - 16 29  3 52  - 13 48 55 43 49 31 20
 29 54  4 41 42 35 18  9 12 14  -  -  7  - 40 21 25  2  5 46 22  8 49 16 26 34  3 19 32 33  - 27 37 51 36 31 30 24 56 48 44 20 11 52  - 59  1 47  - 13 50 43 58 17 23 39  -  6 15  -
 36 49  7  - 14 56 60  1 30 34 10  - 35 43 18 51  - 46  - 50  9 19  8  3 32  - 21  - 40 57 39  - 12  -  - 38 22 29 26  - 52 48 44  - 23 17  6  4 59 16 41 54 24 11 33 28 25 15  - 31
 50 23  - 49  - 57 51  -  9  - 55 47  4 54 37 19 34 16 31 41 27 29 52 39  5  2 32 60 35 59 33 12 46 14 11 28  -  7 38 36 17 45 48  - 56 44 25  3  -  1 30 24 18  -  - 13 22  8 43 58
 58 41 44 13 10  - 40 47 45 36 39  3 17 24 33 32  6 53  - 12 42 43  1  -  2 59 50 26 55 30  -  - 23 11  -  - 31 56 37  5 28 46  - 29 14 49 16  - 27  - 60 21 38 18  -  8 54  -  -  -
  3 26  - 24 27 46  6  - 52  - 43 60 28 36 15 37 23 49 34  - 55 16  -  8 14 35 10 31 21 39  - 50 30 17  -  5 38 53  - 59 48  7 29 51 32  2  - 20  -  9 47 12 41 58 25 57 13 18  1 44
 47  -  9 21 20 28 38 17  - 51  -  - 41 11 23 40  -  - 35  - 54 30 44  -  -  - 37  8 34 55  - 14 58 45 19  - 59 50 16 42  7 53 10 39 26 13 49 52 18 27 43 25  3  -  1 32 33 24 48 29
 22 29 58  - 52 41 25 59 55  - 31  - 13 51  - 18 56  7 60 44  5  -  - 49 47 19 15  - 33 48 36 35 14 37  - 16  - 21 10 53 40 23  2 43 12  -  - 45  -  -  - 20 27  -  - 42  -  1  -  -
  - 52  6 14 50 30 17 36 48 28 26 51  - 35 41 11 53  4 56 43 20 42 18  -  8 32 16 38  9 27  - 10 57 58  -  - 37 40 60  - 13 33 39  - 47  1 45 24 15 59 44 49 29  -  7 22  3 19  -  5
  5 11 19 50  -  - 52  - 28 16 33 36 58 20 38 34 21 17 59  - 56 24  -  6 23 14 46 41 18 31 43  - 51 49  - 57 39 13 47  - 22 44  -  - 15  8  3  1 37 12 45 35  -  7  - 26 27  -  - 10
 23  -  - 39 19 58  - 54 24 60 14 41  -  9  5  1  7 34 45 13 31 10  - 38  4  - 27 20 30  -  - 56 15  3  - 40  - 16 36 21 35  -  - 46 52 50  -  -  -  - 22  6  - 26  -  2 29 12 57  -
 38 58 27 51 40 60 54  4  - 39 44 43 22  - 42 56  -  -  -  -  2 49  5 26 11  -  9 15  3 45  1 48  - 19  -  - 16 47  7 52 34  6 12 10 29 23 53 32 21 33 37 50  - 28 17 31 41 35 24  8
 53 15 26  - 35 43 42 16  8 22 23 14 48 12 54 13 44 30 47  - 24 46 37  - 10  5 41 28  2 17 56  3 31 25 21 39 33  6  - 27  - 55  -  - 60 51  - 29  -  - 59  4 34  - 32 38 50 45  - 19
 30 57 31 26 54  - 22  5 19 58 35  -  - 49 21  4  - 23 46 33 39  -  - 55 42 29 20 36  7 34 11 13 32  - 16 47  1 15 48 45 59 18 40 27 25 53 38  -  3  -  - 28 17 52  - 51 44  2 12 56
  6 46 30 44 34 33 48  - 29  4 15 20 38  - 28  9 59 60 17 21  -  5 47 52 24 25  7 35 27 13 58  8  - 40 22  2 54 45 23 56  - 50 41 16 18 43 37 55  - 31  1 42 53  -  - 49  - 51  -  3
  - 13 57 22  - 21 10 37 16 29  - 19  - 38 51 25 49 27 33 35  4 23 55 28 40 20 44  6 50 58 42 43  - 60  - 26 11  3  2 31  1 34 30 48 17 14 24 46 52 15  5 45 36 41 54 47  9 39  - 12
  9 35 18 32  - 34 15 33  - 48 42  - 53  - 36 45 19 39 12 16 37  4  - 51 49 44 30 25 24  3 10 17  6 29  - 21 60  8 58  - 47 38 14  1 13 20 41  - 57 55 40 26  5  - 46 11 31  -  - 22
 43 56 15 48  4  7 14 51 21 49 59  9 50 52  - 39 32 24  - 23 35 53 11  - 60  - 31  -  5  6 29 41  2 12  -  - 55 26 20  1 46 28  -  3  - 10  - 38 58 18  - 13  - 45  8 37 36 40 22 34
 11 36 51 25  -  2  - 23 14  - 53 35 46 47  - 50 10 38 27  -  - 45 13 18 15 21 19 42  - 49 40 39  4 33 20 24  -  5  - 28 30 56  -  -  8 12 52 37  - 43  - 22  - 60  -  3  -  -  7 59
  - 32 55 47 11 31 46 52 22 53 16 25 36  -  4  -  - 43 19 39  3 26 20 14  - 60  - 50 51  8 27  - 35 59 44 17  -  1  - 41 10 21  5 15  6 45  7  -  -  -  -  9  - 33 34 58 18 54 56 42
 55 59  - 29 16 23 47 43 18 33 58 30 45  - 52  - 42 21 49 20 57  - 39 37 44 41  6 34  - 54 17  7 19  4  - 25 51 22  - 13  - 12  -  - 27 32 46  9  - 11 35  3 14  8  - 56  - 38  5 15
 27  3 13 58 39 51  1 14 53 45  2 17 23 55 50 43 24 28 38 19 32  - 59  - 41  8 12 18  - 22 31 36 25 30 15  -  -  -  - 10  -  9 57 40  4 29 33 49  7 60  - 46 26  -  -  - 16 34 21  -
 18 30 14  6 49  3 32 21 34 37 45  1 54 31 24 42 12 52 39 25 59 22  -  2 20  - 43  4 47 29 13  - 27 53  5 50 17 46  8  7 23 11 58  -  -  -  - 41 44  - 51 33 15 10 35  9 60 26 40 57
 33  - 56  7 12  -  - 38 26 23 49 48 15 25 29 54 20 22 30 18  - 50 17  1 55 39 35  -  - 52 46 40 44 41 47 34 36 32  - 24  - 57 21  8 37 16 28  2  9 42  - 31 60 19  3 45  - 58 10 27
 15 60 46 59 51 27 34 56 58  2 32 57 20 10 14 28  - 13 26 54  1 12  - 29 37  - 52 11  6 18  -  9 42  5  - 44  - 31 33  - 36  8 43  -  - 38 22 48  - 19 39 53 21 16  - 41  - 30 35 40
 34 39 32 52  - 44 45  - 15 55  - 49 33 30 22  2 35  - 11 17 58  - 46 43  1 40  -  - 56  9 47  4  -  - 37  -  - 59  -  - 41 54  -  -  - 26 21 27  - 36 25  7 23 31 42 12 10 50  - 14
 10  5 59  - 31 13 50  - 43  - 46  - 56 17 60  6 45 32  - 42 53 33 21 27 57  1 11  -  - 15  9 26 16  - 23 58 24  - 55 20  - 41  -  7  3 52  4  8 47 38 19 48 44 37 51 14 12 29 36 25
  - 55 12 60  6 45 27  - 11  8 30 22 52 18 32  - 54 33 40 28 48  1  3 19 16  - 17 44 20 41  7 31  - 35 57 51  2 36 46 39 53  - 23  - 42 24  -  -  -  4 14  -  - 50 38  - 59 25 29 26
 12 25 43  8 57 53 41  - 32  - 24 13  - 60  1  - 26  5  4 59  -  2 45 40 56  9 28  3 58  - 15 44 21 10 17 37  -  - 30 22 38 39  - 47 35 27 19 34 46  6 54 11 51 20 50 18 23 48 16 49
  -  - 60 11 47 38  - 44  7 40 27 59  9  2 16 12  1 10  8 53 49 17  - 15  - 28  - 54 48 37 14  - 34 20 41 30  6 51  - 33  - 31  -  4 50 56 23 21  - 58 18 57  - 25  - 29  -  - 32 24
  - 18 39  4 22  1 35 28  3  - 21 33 59  - 53 57 11  - 54 40 44  -  - 12 17  7 45  -  -  - 26 52 38 50 29 56 10 34 32 16  - 15 20 30 58 19  5 13  - 47 23 51 43  9  - 36 46 27 55  6
 31 34 37 12  -  - 56  - 40  - 19 28  - 50  3  -  8  1  -  - 30 57  4 21  9 16 29 58  -  - 54  -  - 15 46 18  -  - 13 55  - 49 27  - 36  7 43 59 11 17  -  2 42 44 14  - 51  5 41 52
 44 51  1 34 38 36 11  -  4 59  -  - 47 14  - 49  -  3 53 56 19 55  - 13  - 12 40 23 31 50 24 18 54  6 30  -  9 20  -  8 29 37 25 33  5 57 39 60  - 46  - 15 35 32 52 43  2  - 45 21
 59  -  - 23 55 50 24 39 20  - 54  - 40  - 35 53 15 29 48 37 16  - 41  - 34  6 33  - 36  5  - 11 13 46  2  - 47 60  - 51 21 25 38 19 57  3  9 44 31 32 58 17 12 14  -  7 52  - 27  1
 37 48 35 16 43  -  - 41 33 12  - 18  5  - 11 14 55 15  1 24 36  - 38 45 19 58 51 52 23 56 25  - 26 31  - 54  3 28 21 44  9  -  - 17  2 42  - 22  -  - 53 27 10  -  -  - 39 57  6 47
 60  9 36 27 41  - 28  -  -  - 20 39 10  - 13 23 40 45 16 30 47 52 43 50  7 33 59 57 15 26 34 21  -  1  8 32 58 35  3 14 56 51 49 42 55 31  -  5 53 25 24 37  6 12 44  4 48  -  2 38
