2880
  - 13 27 55  - 48  - 26 32 59 35 44 40 41 46  - 60 21 29 43  -  -  4 25 23  6  5 49  3  - 31 52 12 22 53  8 57 50  -  - 56 18 17  -  - 36  -  7 28 33  9  2 19 14 15 38 42 51  - 45
  -  5 55 51 33 35 14 10 42 24 57 60 27  8 48 46  1  -  - 13  6 59  9 56 32 38 50  -  - 22 49  - 20 43 39  2 40 36 44 31 23 28 30 34  - 58 16 17 25  - 54  3 41 11 45  - 53 21  -  -
 29 59 18 17  -  -  7 16  -  - 43 22  9  5 30  1 51 54 36 50 12 57 33 46 21 42  4  8 52  - 15 39 32 14 55  - 20  - 34 26  -  6 13  3 25 56  - 28 53 58  2 11  - 10 23 27 49 48  - 37
 53  9 37 21 35 39 31  -  -  - 17 32  4  - 12  6 46  7  - 57 49 25 48 34 20 13  -  - 38  1  2 45 22 41 58 50  - 56 10 36  5 11 43 15 44 19 55 23 54 16  3  - 40 24 33 26 47 52  - 60
 45  7 48 31 34 24 55  9 40 57 60  6  8 10 25 37 16  -  - 54 41 29 53 38 35 46 32  1 33 21 50 20 52 36  - 15 23 47 26  -  - 44 49 30  5 17  4  -  - 39 51 18 14 13  - 42 58 27 12 11
  4 43 49 39 32 60  - 56 51 50 10 38  - 30  -  - 25  9 37 48 13  8 18  - 34  1 44 28 16  - 54  - 58 19  -  -  3 15 53 52 47  -  - 24 40 59 35  -  5 29 45 46  2  7 42 36 21  -  -  -
 56 36  8  - 10 27 49  -  7 46  4  - 59 43 13 35 11  - 32 22 58 53  - 28 24 40 34 60  -  5  9  2 33 29  - 21 15 54  - 14  - 12  -  1 31 55  -  6  - 18  - 45 42 26 57 41 30  -  3 17
 33  8 45 30 41 34  -  2  4 37  - 54 22  - 26 16 17 55  5 60  -  9  -  7 27 48 38 43 50 28 29 36 44 39  - 23 21 25  - 12  1 46 59 47  - 14 18 10 57 15 32  6  - 51 56  -  - 24 13  -
  1  - 32  -  3  9 28 50 43 13 56  -  -  -  - 55  - 19 38 51 45 48 46  5  - 31 57  6 59  - 34  - 36 21 33 37 49 52 23  4 11 30 41  - 10  -  2 35 44 47  8 53 16 25 26  - 18 15 14 40
  - 15 59 19 45  - 58 23 39 52 53  - 21 29 40  - 38 17 22  2 14 50  - 11  - 41 47 12 18 26  4 37 16  8 34 55  - 33 13 60  9  5 46  -  -  -  - 24 35 44 43 27 32  6  1 57  3 49  - 54
 34 35 24  - 42 31 46  - 37 55 12  8  - 25 58 28  - 14 54 52 29 22  - 47  - 45 15 26 19 43 23 32 50  6 51 48 39 16 21 59 18 27  - 17  -  -  - 40  - 20 57  9  -  -  2  7 56 30 53 44
  -  - 43 32  7 12  -  8 49 18 27  -  5 52  1 15 23  4 31 34 42  3 24 10 29  2 48 35 51 25 17 11 30 47 59 45 36 38 22  -  -  9 33 41  - 21  6  - 40 46  - 44  - 28 20 14 26 58  -  -
 39 22 10 15 16 38  - 18 19 51  - 12 35 13 47 43  8  - 14  -  -  5  -  - 28 37 29  -  -  4 20  - 60  - 45 52 26 17  - 21 30 53 50 56  7  -  -  2 23 42 36 34  - 41 55  9  1 25 32 46
 42 49 15 16 17  6  2 43 36 11 33 52 56  - 22 38  - 47 41 21  -  - 26 51 55 60 24  4 28  -  - 50 45 30 44 18 35  9 46  7 34 54  3 23  8 25 53 39 37 14 31  - 12 20 32 59 19 57  5 27
 22  - 60  2 53 26 50  - 45 10  9 25 16 46 55  - 47  1 35 24  -  - 57 23 13 14 30  -  -  3 52 28 18 15  - 51  - 48  -  5  8 49  - 44 37  - 12  - 21  7 17 54  - 42 39  6 38 56  4 41
  6 14 26 12 48 22 51  1 17 21 42 47 24 54 23 50 57  -  7 28 11  4  - 59 25 10 16  - 44 35 58 31 37  -  -  -  - 27  - 46 39 60  5  - 18  9 34  -  -  -  - 52 15 33 30  - 36 13  8 55
 59 60  - 49 30  3 53 27 24 36 50  - 18 55 20 29 58  - 28 42 21 43 12 44 15  -  9 23 31 32  - 38  -  -  6 54 13 46 45  - 48  -  - 22 41 26  1 37 39  4 52  7  5 34 19 56  - 16  -  -
 25 10  6 46 26 44 35 55  3 16 58 23  - 59 49 14 56  - 43 12 50 21 37  - 38 32 33  -  1 57  -  8 31  -  9 53  4  5  - 54 22 13 19  7  - 60 39 41 18 40 29 42 17  -  - 45 51  - 27 24
  8 28 36  - 54 16 10 25 33  3  -  9 48 42  2  - 19 37 53 23 57 31  6 26 46 59 18 21 45 47  - 60  - 56 20  - 43  -  4 38  - 22 15  - 35  7 32 27 29 30 11  - 49 12 58 39  -  - 17  1
 48 16  - 53  6  - 24  4 34 22 30 28 39 21 31  9 18 59 55 40 60 38 44 41 58  -  3 47  7 12 51  - 54 49 13 14 46 57  5 10 32 26 11 27 43 45 42 36 17 35 15  - 56 37  -  -  2  - 50 33
  - 40  - 27  - 25 22 20 26  - 38 16 37  -  - 56 32 45 30  4  5  - 29  - 50 12 10 14 15  - 33 19  1 42  7 28  - 21  - 23  - 52  - 11  - 41 49 43 34  - 48 47 59 35  -  8  9 44 24 31
  9 41 25 45 43 54 33 48 23  - 37 13 11 38 59 31 40 58  -  5  1  2  - 15 57  -  8 36 32  - 21  -  - 10 60  -  - 51 50  - 42 17 12 16 34  4 19 52 24  - 20 26 18 55  -  - 29  - 30 49
 14  6 44 28 25  4 11 12 15 35 52 43 32 56 36 27 54 49 39 38  7 13 20 40  -  - 37 50 26 41  1  - 21 33 47 29 17  8  -  - 10  3 45 48  - 24 30  9 31 22 58 60 34 46  5  - 57 18 23  2
 13 19 11  - 28 47 36 15 20  9 16  - 53  - 60 45 29 56 40 18  -  - 35  - 33  4  -  5 57 10 46 51  - 48 50 32 31 42 27  - 24  1 23 12 14  6  3 34 26 25 38 30 55 21  - 43 37  - 41 59
 23  - 29 38 51 58  6 54  - 20 15  - 46  2 34 36 53 30 49  1 32  - 14 57 39 27 42 11  9 24 25  -  -  5  - 22 41 37 12 48 21 59 28  -  -  - 10 44 16 26 33 19  - 18 35 13  -  7 52 43
 18 52  3  - 11  - 45 24 60 27  -  - 34 31  5 25 48 33  1 30 23 47 13 49 43 21 41 53 17  - 26  7  - 37  - 12 38 59 39  6  4 55  9 14  2 57 15 32 51 50 40 10  8 16 54 29 20 35 36  -
 44  1  -  - 47  -  -  - 22  - 19 33 43  6 52 54 12  - 45 41 56 42 40 14 18  - 51  - 20 50 39 10 59  - 16 58 32  7  - 37  -  8 31 13  -  2  -  -  - 36 60 17 26 38 28 35 34  4 48  -
  7 27 34 54  2  8 37 22 53 33 51 39 19  9 43 30 28 48 11 47 26 58 21 60 36 20 31 52  - 13  3  1 23  4 25  -  - 45 15  - 49 41 35 59 38 44 24 12 56 57 14  5 29 40  6 46  - 32 55 18
  - 32 46 37 14 10 29 57 58  5  8 59 25 23 11 21 52 31  6 17 51  7  2 24 26  9 12 16  4 48 28 15 38  1 30 39 53 22  -  - 33 43 27 19  -  -  - 42 47 34  - 49 20  - 41  - 13 40 35  -
 47  - 41  -  -  - 43  5 54  1 22  - 15 27  - 48 36  - 17 58  9 56 55 53  - 30 20 39  - 14  -  -  2 31 23 25 19 11 29 34  3 57  - 46 52 42 33  -  7  - 24  - 28 45 50 16 35 59 37 51
 60  - 42  - 19  - 17 14 11  8  1  5 55 15 35 44  2 36 25 37 31 49 34 22 52  3 28 46  - 40 30  9 57 20 48 59 29 58  6 18 53  -  7 21 27 32 50 56 45 24 12 33 51  4 38 10 41 54 26 39
 36 54  -  5 31 43 26 29  -  - 47 34  6  - 42 33 30 60 51 16 46 10 52 12 45 17 19 25 39 44 48 13 55 23 35  - 56  -  - 20 38  4 18  2 57  8 59 49 15 27  1 32 21  - 37 22 24 41 40  -
  - 17 33 47 56 11 23  - 35 14  - 18  7 44 24 26  4  2  9 45 16 27  1  - 12 50  6 32  - 34  - 43 29  -  8 19 59  - 36 51 46 58 20 38  - 13  5 48 42 49 39 41  - 15 25 60 54 10 22  -
  - 39 40 24 12 14 41 21 52 15 59  1 51 48 28 42 50 20 33  3 35 23 56 27  - 36  7 38  - 54  6 46  - 44 26 60  -  4  - 57 31 34 16 55  -  - 25  5  - 11 30 43 13 49 47 18 32  - 19  8
 35  - 39 40 23  -  - 60 30  -  - 10 58 11  9  - 26 34  8  - 18  -  -  - 41  - 56 57 48  - 44  4  - 16 14 31  -  - 33 15 28 50 42 52 20 49 29 21 36  - 59 13 47 53 24 51 22 12 46 38
 49 53  5 18 59 55  3 17 31  - 23 41  - 19 39  -  - 44  2 11 22  - 27  - 30 26 13 54  6 58 32 29 15  -  - 36 16  1  7  - 25 37 60 35 48 10  9 38  - 45 47 51 46 43 34 40 12 50  - 57
 52 38  - 34 44 18 12 58 57 29  -  4 28 50  -  - 55  3  -  9 33 17  - 19 59  - 36 56  - 51 16 48 25  - 27 43  - 35 42  - 26 14 53  -  1 40 41 47 49  - 21 37  6 31  7 23 46  - 45 15
  5 26  2  3 24 41  8 32 44 42 14 58  1 40 27 34  7  - 57  - 15 35 28  4 48  - 49  9 55 38 43 54  -  -  -  - 33 12 60 29 20 25 21 45 22 53 17  -  6 37 18 50 30 52  - 11 16  -  - 23
 21  - 16 48 55 40 20 47  2  - 34 24 13  -  6 53 43 29  - 46  - 39  - 50  8  - 25 31 49 17 14 59  - 27  5  1 45 26 30 35 12  - 54 36 42 37  - 19  - 38  - 28  - 56  -  - 60  3 33 32
 26 11 50 35  - 23 19 13 56  -  7 46 45 18 38 17 44 41 47 36 20 51  - 58  - 57 53 22  - 49 40 30 34 54  2  3 42  -  8 27 55 15 39 33  4 52 28 59 43  -  - 24 10  - 60 48  5 37 21 14
  -  - 30 14 50 32 39 41  8 23 49 20 26 35 17 51 24 43  3 53  - 15 47  - 22 54  - 19  - 37 38 44  - 12 46  -  - 18  - 28  7 33 29 31 58 16  - 45 59 60  5 55 25 36 13 34  6  9 42 10
 12 18 53 13 49 28 25 11  -  4 24 27 30  - 37  -  - 23 48 29 55 36 43 35 56  7 60  - 46 15 41 47 17 38 40 26 58 19 31  9 50 45 32 51 33  5 14  8  2  3 42  - 44 54 10 52 39  6 34 22
  - 31 54 25 36  - 44  - 13 45  5  - 57 39 18 10  -  6 21 15 37 60  -  9  7 22 46  - 56 16 42 26 14 58  - 30 27  - 17  - 43  - 40 53 23  - 47 51 32 41  -  -  -  3  -  - 28  1 38  -
 31 42 12 36 57  - 32 39 18 44 48 56 54 24 16  - 13 25  -  - 17 37 15 29  9 52 11 55 41 30  - 21 46  -  - 20  - 53 49 43  -  7  - 40 45  - 60 26 50 28  6 38 58 59  4 47 14  8  - 35
 17 24 19  - 52  -  1 34 29 31 18  -  - 58  -  - 49  5 44 20  - 46 22 45 47 25 59 15 53 60 10 55  -  7 56 16 28  3 38 42 57 32  - 37 11 43 54 50  - 12 13 35 48 23 40 33 27  -  2  9
  -  -  - 43 22  - 38 28 25  -  -  -  -  - 50  - 20 16 42 56  - 45 54  -  6 29  - 48 30  7  8 57 49 55 36  5 60 13  2 44 40 23 14 10 24 15  -  1  - 17 26 12 33 39  - 58  - 31  - 19
 58  - 22 41  - 21 13  6  1 54 25 17 38  -  - 47 31 24 10 33 44 26  7 43  3 49 52 18 23  - 56 40 19  9 32  - 51  - 35 45 14 36  - 60  - 46 37 29 30 48 34 20  - 57 12  5 15 53  -  -
 57 55 52  8 13  7  - 59  - 58  - 29 14  4  - 11 15  -  - 44  - 28 50 21 17  -  1 33  5  - 27 49 26 35 24 40 48 60  - 41  6 39 25 32  9 18 51 46 22 54 37 16 45  -  3 12 31  - 43 56
 41  - 28  1  - 20 47 36  - 43 13 42 60  7 56 39  -  - 12 10 38 44 49 52 19 11 27 51  2 33  - 22  -  - 29  -  - 14  - 32 37 21 24  - 26 48 46 54  - 23  4 25 50 58 31 15 59  -  6 34
 24 20 14 56 39 59 15 52  6 48  - 53  2  - 45 19 22 26 23 35 30 32 10 42 44  - 17  - 27  8 37 16  5 50  - 41  -  -  - 25 58  -  1 57 13  3 38  4 11 51  - 40  9 29 21 31 33 46 60  7
 20  - 38  - 15  -  9 33 47  - 45  3 50 32 19  -  - 57  4 26 43  -  - 30  - 28 58  -  - 53 18 27 24 11 49 46 44  6 52 40 54 48 34 42  -  -  - 13  -  - 16 39  1  8 29  2  - 55 56 21
  - 25 56  -  -  2 30 46  -  - 29 21 31  -  - 20  5 52 50 27  3 14 32  1 42 24  - 58  - 18  - 23 13 59 15 49 47 55 37  - 41 38 48 43  6 34  8  - 12  - 22  -  - 44 17 54  4 28  9 26
 40 50 57 10  1 46 18 38  - 12 39 45 33 34 29  - 41  - 16 31  -  - 42 13  -  - 26  -  - 36  7  - 35 32 37 47 55 30 25 53 60  - 52  - 21 11 20  - 27 59 56 23 22 19 49  4 44 43 58  6
 15 48 31 57 18 36 52 53  5  - 41 30 20 26 33 12  - 35 13 55 10 19 17 37  1 51 39 42 21 56 59 34  4  - 43  9 54 24 14  -  - 40  8  -  - 28  7  - 46  -  -  -  3 22 11 25 23  -  -  -
 46  - 47 26  9  -  - 40 21 49 11 50 12 33  3 59 37 32  -  7  -  6  8 16 14 53  2 45 13 52 19 18 42  - 41 27 24  - 56 17  - 31 44  5 30 38 57 22 10  - 35 15 60  - 36  1  - 23 54 20
 38 57 13  -  - 15 59 37 14 26  -  -  -  - 51 49  6 12 27 32 34 54 25  8  5 55 23  -  - 11  - 53 43 18  3 44 52 10 41 19 17 56  - 39 16 20 48 30  - 21 46  - 36  1  9 24 50 42  7 28
 50  2 21 44  4  5 16 35 38 32 55  - 10  -  -  - 42  - 56  8 40  - 41 33 49 15 22 37 54 20 24 58  7  -  1 57  9 34 43  3 52  - 51  6  - 12 26 60 13 19 53  - 23 27 59 28 48  - 25 47
 54 33  - 42 38 50  -  - 27 39 28 49 44  -  4 52  3 10 20 14 59 34 23 32  -  - 43 24 47 31 11  5 48 26 18  - 12 29 40  8 13  - 56 25 46 30 22 55  1  - 41 21 37  2  - 53 17 60 15  -
  -  -  -  -  - 37  5 44  - 38 26 57 23 22 15  - 59 28 52 39  - 12 60 36 16 47 55 29 34 19 53 17 11 24  4 13 10 41 58  1 45 42  6  8  - 35  -  -  3  -  -  - 54 32  -  - 25 33 49 48
 43 46 35 33  8  1 56  -  - 40 54 15 49  - 44 32 39 42 60  6 52  - 38  3  - 58 21 13 24  9  - 41 51  - 31 34 22 23 28  - 59 10 37 26 53 50 36 20 48  2  - 57  -  - 14 30 45 29  -  5
