2880
  7  - 49 21  - 36  -  - 60 53  -  - 19 30  -  - 22 42 52 33  5 23  -  - 26  - 27  - 47 24 11  1 38  - 12 13  - 48 54 58  3 39 51  - 57 20 16 32 10 46  -  4 43  - 56 45  -  -  - 14
 40  - 32  - 38 24  - 20 45 49 51  - 41  4  5 57  - 56 60 58  8  -  1 21 36 15 29 25 30 11 44 53 42 46  - 35  - 50  -  - 14  -  - 10 55 34 26  -  2 19 18 27  7  3 13 16  - 31  - 12
 54 30 46 59 20  - 24 32 29  -  4 37  3  - 17  -  8  9  - 18 40 27 57 55 53 14 19 22  -  7 26 31  - 21 47 11  -  - 41 36 58 38  5  2  - 56 34  -  - 44 13 45 10  1 28  - 49 15 12  6
 47  6 45 17 21 11  - 53  - 25 15  - 46  - 42 48  - 39 55 14 13 10  5 49  -  - 23 31  - 41  8  3 43  - 34 24 26 58 57 56 22 52 19 33 16 51 36 27 28  - 59  1 35 37 54 29  - 50 32  -
 38 58  1  7 37 45 48 42  - 18 22 26 53 43  - 29  4  - 20 52 11 21 33 35 47 28 54  - 19 60 15 12 40 30  - 31  -  -  3 59  - 56  8  -  - 57 23  9  -  - 55  -  - 32  - 46 50  5 16 34
 22 45 37 50 35 16 25  - 42  - 58  7 36 18 39  - 33 55 13  5  -  9 56  - 44 51  6 34 32 52 30 15 47 41 24 43  2  8 27 26  - 23  4 54 29  3 17  - 59 10 53  - 12 38  - 20 31 19 28 46
 59 21 29 60 28 46  2 40  - 58  -  3  -  - 56 53 36 15 50 20  - 11  6 23 32 19  -  -  4  - 55  - 10 26 49 37 44  - 35 45  - 30  - 16  8  - 31  -  -  - 54 17  - 24 41 13 43  - 42 57
  - 55 27 51 49 14 50 10 16 24  3 56 13  - 22 52  -  - 19  1 41 17  -  9  - 11 38 42 46  5 47  -  6  - 21 23 60 33 39 35 25  8 43 57  - 36 53  -  4 54 48  - 44 28  - 15 12  -  - 31
  2 39 59 42 10  3 40 16 52 14  1 12 44 11  -  -  -  -  - 46  - 37 55 57 23  6 13 35 33  - 49  - 32  8 43 29  7 27 60 47 20  5 58 48 18  - 45 24 53  9 25 50 34 54  4  - 22 21 31 30
  - 14  - 33 34 13  -  - 19 54 57  2  - 16 30 43 53 45  -  6  -  5 24 29 59  - 10 37 21 58 60  - 35 56 31 49 40 28 32 50  - 25 55  - 41 38 48 18  - 22 51  9 23 52  3 42 11  -  8 44
  -  - 48 37  3 17 13  1 49 40 59  - 42 58 50  -  - 16 51 56 18 28  - 14 29  -  - 23 57 32 36  8 12 25 52 22 55 44 53 46  2  -  6 38  4  -  - 34 33  - 19 15 21  5  - 31 35  - 26  -
 31 16 42 30 25 26 35 21 27  7  -  - 43 14  4 41 60 38 53 28 59 52 47 40  - 57 56 33  3 39 32 55 29  - 19 12 49 46 22  - 44  - 10 34  6 11  - 48 24 51 15 36 13  8 50 17 54 23 20  1
  -  7 60 56 19 43 36 55 31 15 18 13 21 10  9  - 28  - 49  - 47 22 16 48  -  -  -  5 45 27 39  -  3 33 23  - 38 37 25 41  -  -  - 42  - 52 51 35  - 14 29  2 32 46 34 53  - 59  -  8
 30 25 40  3 27 50  - 29  9 59 12 35  2  - 37  - 38 20 18  -  - 51 11 28 56  8 53 14 55 23 34 47 49  - 10  1  5  7 58 48 41 22 17 60  - 33  4 52 42 57 43 31 15 36 39  - 32  6 24 26
 57 13 56 38  1 18 41  - 44  5  - 24 55 27  7 60 15 22 21  9  - 35 10 26  -  3 43 30 29 31 12  - 23 45 32 36 11 51 48 54 49 17  - 50 19 46 37  -  6  8 40 59 25 47 42  - 34 20 33  -
 25 48 47 20 41  1 26 59  5 46 40 30  - 38 15  9 23 54 22 43 44  4 53 60 21  - 33 56 50 16  2 11 34 29 37 42 18 31  - 13 52  - 49  8 14  7 27  - 32  3 58 39  6 12 17 51 28 55 35 19
  -  - 57 15 46 23  8 47 38 17 16  4 25 22 20 34 54 30  - 13 31 59  - 32 18 36 42 48  6 49  -  5 53 27 60 44 33 40 52 39 50 58 26  - 28 45 14 12  - 37  7 10 41 19  1  - 56  - 21 11
 44 47 23 34  4  6 59  - 43  2 28 36 22  1  -  - 57 60 10 39  9 49 32  7 33  - 18 13  -  - 21  -  5 48  -  - 50  - 11 20 31 41 46 17 24 42 52 53  - 56 38  - 29 27 45 35 15 14 19 54
 15  - 41 53 39 31 42 18  - 45 25  - 58 29  6  1 27 47  - 51  4 48 35 50 60  - 26 54 36 46  - 49 19  - 38  5 22 30  - 12 56 40 16 21 10 17  8 59 14  7  9 55 24  -  - 52 57 34  -  -
 28  2  5 27 18 40 22  9 14  1 42 29  - 24 33 17 39 23 43 36 37  - 13 51 10  - 21  3 60 50 53  -  - 59 57  6  -  -  - 16  4 32 34 45  - 19 30 47  - 49 44 11 54 41  8  - 52 12  7 38
 48  - 21 14 52 29  6  - 41 55 38 20 39 51 31  2 58 13 54  - 35 16  -  - 34  7  9 15  - 33  3 44 26  - 42 40 56 36  - 25 57 18 32  4  - 49  1 46 43 24 23  8 37 59 60 50 30 10 17  -
 27 53 55 44 48 20 12  - 57  9  8  1 28 37  -  6 52 34 26 41 15 19 60 11 54 49 50  -  -  -  - 14  4 16 17  3 29 59  -  - 24  7 31 30 39 22 10 58 35 40 33  - 42  2  - 47 21  - 38 18
  -  - 26 18  - 22 51 48  - 39 43 42 24 36 25  8 14  7  3  2  6 20  - 12  -  9 60  - 31 21  - 59 13 10  -  - 34  4 19 44 17  - 23 28  - 58 47 55 45 15  - 40 49 35  - 57 33 52 27 32
 36  -  8 23 31 32 18 13  -  -  - 22 27 49 57 47 26  - 15 30  - 42 12 37 48 41  1 46 20 10  - 33 58  7  4  - 24 54  -  -  6 45 59  9  -  - 25 21 11 34 39 35 50 43 51  - 19  2 14 52
  3 32 30  - 53 59 27 51 54  - 45  -  8  - 14 19  6 35 29 50 22  - 49  -  4  1 44 38 16 57 18  -  - 37  - 52 31  - 46 28 39  9 48  - 15  - 12 20 34 23  2  5  - 56  -  - 60  7 43 58
  - 38  - 58 14  - 37  -  3 27 21 50 49 44  8  - 43 46 57  - 19  -  - 30  - 60 41 47 39  6 33 18 45 17 15 53 16 11 31 29 32 55 20 23  - 25  -  -  -  - 56 52  -  -  - 34 59 35  -  5
 53 28 14 11  - 58  -  5 17 26 20  - 48 55 19  -  -  4 25 32 51 57 42 34 16 52 22 10 49  1  - 39 56 50 13 41 47 24 59 30 46 60  2 31  9 37  -  7 15 38  - 44  8 21  -  - 29 18 36 45
  5 34 10 55 11 25 19  - 30  - 46  - 59  - 40  7  - 48  - 23 42 60 28 27 20 50 57 49  8  - 14 32  2  9 22 45  -  - 43 24 35 54 39  - 36 44 13  - 52 18 21 33  - 29 47 38  4  3  1 15
 58  - 22 10 26 39  5 24  - 20 32 40 35 56  - 55  1  8  6  - 50 12  -  -  - 18  - 36  - 45 46 60  - 11 25 33 42 13 51 14 54  4  9 52  3 29 15 19 21 41 57  - 30 53 59 48 16 43  -  -
 46 36 16  8 32 35 56 25 37 22 14 41  - 39  - 45  - 49 47  -  - 43 27 58 19 23  3 24 52 38  5  6 60 12  2 51 10 55 28 15  - 11 57  7 40 48  - 42 29 59  - 21 31 44 33 26 17 53 54 50
  - 41  7 19  8 60 11 52 59 30 10 49 54 46 44 32  3  - 48 21 29 55 26  - 22  - 24 43  - 28  4 37 39  1 56 20 57 14 36  2 33 34 35 58  -  -  6 13  5 42 50 53 17  -  -  - 23 45 47 16
 16 15 43 57 58 19 60 44  2 36 27 21  - 48 49 56 50  - 37 29 46  - 34 17  3 54 47 40 26 53 42  - 31 38 35 18 13  - 14 10 55 59  -  5 20 12  -  8 51 30  - 24  4 45  6 11  9  1 39  -
 23 43 38 45 50  5 31  7  6 51  - 11 17  2  - 37 49 24  - 47 48  - 52 54 27 42 28 19 35 13 22  -  - 15  - 26  3 10 34  - 59 46 25 53 60 32 21 29  8 36 41 12 20 57 16 14  - 44 56 55
  - 52  -  -  9 27 58  - 50 33  - 60 29 47 48 35 37  2 11 42  1 18 22  -  - 45 14 59 10  8  7 38 57 28 51 15  - 32 26 21  -  -  - 19 25 39 55  3 56  5 24 16 46  4 31 12 20 36 41 40
 56 20  -  - 22 38 49 31 26 42 23  9 14  6  - 54 45  - 59  -  -  7 30  - 55 34 11 50 43  - 51  - 15  -  8  - 32  1 33 17  - 35  - 46  2  - 41  - 58  4 28  - 40 60 10  -  3 24  - 29
  9 22 28 35 24 15 30  - 36 41 49 34  1 52 32  5 51  - 14 16  -  6 29 10  7  -  -  -  -  - 25 57  - 54 48 59 45  - 38 31 13  3 27 47 50 21 39 26 46 33  - 43 18  - 53 23  - 11  4 20
 32  -  3  - 51  - 55 35  7  8 56 46 30 54 10  - 31  - 39 27  -  - 38 52 13 25 36 11  - 42 58 45 22 44  5 17 59 26 50 40 23 24 18 12 53  9 19  1 49 47 34 60  - 14  - 33  6 16 37 21
 37 23  9 29  - 49  1 30 32  - 26  -  - 60 55  4  - 19 42 22  2  -  -  -  - 27  - 28 14  - 16 35 24 20 18  - 54  -  7 11 21 50 40 13 31  -  5 56 41  - 36 51 48 58 57  3 45 33  6  -
 51 33  2 25 15 52 16 60  - 19  6 10  4 26 45 20 21  -  7 55 39 47  9 46  - 13  - 12  - 18 37 22  - 24 27  - 58 23 44  3 29  -  - 59  - 50 11 17 48 31  - 30 56 40 38  -  5 42 57 36
 12 10 36 22 13 57 53 15  - 28 47 14 20  3 54  - 19 18  8  - 25 31 23  - 11 44 16 60  1  - 52  - 17  5  -  7  - 56  4 37 43 49  -  - 38 30  -  -  9 29  6 58 51 55 26  - 39 32 46 35
 13 56  -  5  2 53 29  - 15 11 54  - 50 34 41 30 18 21 44  -  - 46  7 16  6 40  - 17 59 37 27 43  9 22 26 55  8 38  - 52 60 33  1  - 45 24 20  -  3  - 49 42  -  - 36  - 48 47  -  4
 35 44 12 46  -  8  - 27 10  - 50  - 31  - 58 26 55  - 32 49 34 15 25 36 14 24  - 18 17 59  - 16  - 47 54  - 51 60  9 57  -  - 29  1 43 53  2 23 40  -  3  6 22  7 21  5  - 13  -  -
 49 19  -  9  7 21 23 33  -  3 30 52 51 57 12 38 47 31 24  - 55 26 15  -  8 29 46  4  -  -  1 10 20 14  -  - 37 16  6  -  -  -  - 22 59 40 56  2 17  - 42 18 45  - 35 54 36  - 11  -
 14 40 35 12  - 33  - 54 58  - 34 15 45 17 28 21 10 36 31 59  -  8 18 47 50  2  5 52  7 55 23  - 11 51 30 39 20  3  -  - 26 29 22  - 32  1 46  4 38 48 16 41 19  -  9 27 25 60  - 43
  -  8 15  1 29  9  7 57 13  4 55 58  6  - 34 46 44 33 38 10  - 56 48  - 35 16 37 53 40 14 59  - 50 19  3  - 39  2  - 51 27 12 47  - 11 43 54 49 26 32 17 23 52 42 22 30  - 25  -  -
 29  -  - 32 55  -  - 38 47  6 35  5 23  8  3  - 40 26  9 37  7 41  - 45 51  -  -  - 44 54 20 56 27 42  -  2 43 34 17 33  -  - 36 14 30 10  - 39  - 21 46 19  1  - 18 22 53  - 15 25
 45 17 58 31 42  -  - 39 25  - 48 51 37 40 38 12 35 10  2 60 54  3 43 33  1  - 59 44 23 30 24 46 41 55 20 47  -  9 15 19  5 27 21 18 34  6 29  - 57 50  - 56 53 16 49 36 26  - 52 22
 42 12  - 43 36 10 34 41 24 23  7 47 16 28 21 31 46 51  - 45 60 44  3  4 49 22 40  -  -  2 56 25 55  6 59 54  9  - 30  8 19  - 15 29 58 35 38 37  - 53  - 20  -  - 52 18  1 57 13 33
  8  1  - 16  -  - 47 11 20  - 39 55 10 35 60 14 42 41 28  - 32 53 46  - 24 30 58 26 25  9 38 48  - 40  - 21  4 18 37 22 36 15  3 43 13  2 59 31  - 27 52 29  5 23 19 44  7 54 51 49
  - 26 33  -  - 37 46  -  - 48  5  - 18  9  - 23  -  -  - 19 52 24 21  - 40 53 25 58 22 29 10  -  - 60 14 16  1 57 56  7  - 31 54 44 12 55  3 15 36 39  - 38 59 30  2 49 42  4 50 17
  - 18 17  4  -  2 43  -  -  - 19  6 47 20 59 40 56  1 34  3 57 30 50 42 38  5  - 39 13 36 29 58 25 35  7  8 12 45 10 53 37 14  - 26 23 60  9 11 31 16 22  - 33 48 55 21  - 41 44  -
 19 42 18 41 43  - 44 23  1 12  2 54 40 32 11 51 25  - 46 31 28 13 17 24 15 56 30 45 34 22 35 29  8  3 16  - 53 21 20  -  - 10 50 36 48 27 33  5 39  6  4 57 14  -  7 58 38 37  - 59
 20  9  4 39 16 56 28 22  - 43 17 59  5 50 13  - 24  3 45 53 23 32  -  2 42 48  7 27 38 19  - 51 52  - 11 14 25 12 49 60  - 47 30 41 21  - 57  - 44  - 31 26 55  - 46 10 18 29 58 37
 60  3 44 13 47 28 33  4  -  - 11 48 52 23 35 22  9 25 40  8 53 45 14  6 39 17 34 20 24 56 57 27 59 43  - 50 15 19 21 38 18 37 42 55  - 16 32 41  1  2  5  -  - 49 58  7 10 30 29  -
 10 31  - 26 60  -  9  - 11 47 33 23  - 12 53 59  7 43 17 25 20  -  8  - 57 21 35  2 51  4 41 50 16 52 29 30  - 22  - 18  - 13 37  6  1  - 44 54  - 55 45 49  - 39 15  - 14 58 34  -
 55 51 34  6  5 54 45 26  - 21 24  - 38 19 52 42 20 27 30 11 14 29  - 22 37 33  2 57  - 17 13  7 36 23  1 28 35 41  8  - 15 44 12 39 47 59 50 43 16  - 10  3  9  - 25  - 40 49 48 56
 24 54 11  - 23 42  - 34 55  - 13 17  - 21 47  - 16 59  - 40 12 38 36 44  - 35 51  -  9  -  -  - 37  - 41  - 46 29  2  4 45 19 33 15  - 26 49 50 18  - 30 32  - 22  - 43  - 56  5 53
 50 57 52 24 12 44 39  3 21 29 36 16  - 41  -  -  2  -  4 38  - 14  - 15  9 32 55  7 56 35 45  - 18 31  6 48 19 20  1 42  8 53  - 49 17 54 28 30  - 25 26 22  -  - 43 59  - 40  - 13
 26 49 25  2  -  -  3 43  4  - 31 33 32 13 16 11  5  - 41  - 45 50 19 53 58  -  - 21 28 44  6  9 54 57 39 10 36 35 29 27 42  - 56  - 52 23  7 38 22  1 47 14 60 18 40  8 46  - 55 48
 33 59 51  - 45 47  - 17 22  - 60 57  7 15 23 25 29  6 58 35 26 54  -  - 31 39 52 55 53  - 19  -  1 49 44 46 30  5 18 34  -  - 24 32 56  4 43 36 50 11 12 28 16 10 27  2 13 38  -  3
