2880
 47 17 23 25 56 36 48  -  - 49 33 28  - 50  6 20 40 30 60  4 10  2 22 59 24  9 57 14 15  -  - 13  - 27 43  5 55  - 19 37 45 32  -  - 41 18 11  -  - 58 38  1 12 35 42  3  7  - 46 26
 50 32 38  - 18  - 47 49  7  -  - 42 19 46  -  2 30  6 45 16 31 35  -  -  3  - 44  9 17 24 41 23 26 52  5 12 48 34  - 14  - 28 60 55 29 51 36 25 59 10 15  8 33  - 39 56 54  4 20 27
 57  - 37 18  -  7 59 33 44 16 12 45 34  -  - 36 11  3 41  5  - 32  2 48  9 54 52  4 42 25 13 46  - 14 58  - 28  -  -  -  -  6 30 19 51  - 31 56  - 27 10  - 20 47  8 21 43 39 38 49
  8 20  - 50  - 51  - 18  - 21 38 22 49 54  -  - 28  - 35 11 25 44  1  - 48  - 60 15  - 16  - 59 34 19  -  4 17 33 52 36 30 24 32  - 55 57 37  3 14 29 56  -  6 13  9 10 23 46 42 12
 56 30  - 40  3 14 43  - 52 31 36  4 33 34 10 18 44 29  5 32 24 53 35  7 15 50 22 58 45  - 26  - 47 59 25  - 49 23 28  1 11 60  -  9 17 55 21 16 20 42 27  2 39  - 19 57 38 12 48  6
 40 25 26  -  -  - 46 38 24  -  6 51 59 12 54  4 15  - 22 31  - 29 41 28 17  3  - 23 11 27 43 45  - 20 48 30 16 53 44 13 19 36  9 35  8 10 34  2 56 33 37 18  -  7  5  1 55  - 39 42
 44 24  - 36 10 50  9 56 58  7  5 49  2 27 40 11  -  -  - 54 22  1 26 53  6 47  4 60 19 18 51  -  8 34 55 43  - 41 15 48 20 35  - 13 31  - 33  -  -  - 21  - 29 59 38 28 37  - 12 30
 31 49 46  -  8 26  3 36  9 24 45  - 15 33 42 30 37 25 17  - 59  4 34 51 55 35 32 47 18  2 60 53  - 29 54 50 39  -  - 40  - 23  - 16 56 22  7  5 58 38 28 21 43 12  - 13  - 27 11 52
  - 34 58 52 50 33  1 35 16 60 27 40  - 51 43 44  6  -  2 20 55 57 54 31 37  5 21 56  8 15 42 32 12 47  7 24 19  - 13 17 49 11 10  -  4 28 59  - 30  - 22 48  9  - 23 26 41  3  -  -
 21 43  3 30 11  1 41 28 54  - 29 25 42  - 49 46  8 50  -  - 17 23  - 26 53  4  - 37  7 20 24 57  2 36 19 33  5 16 35  - 59 55 38 56  - 48 47 51  6  - 58 27 31  - 18 22 44  -  - 39
 24 28 11 54 48  -  4 59 13 17  - 60 53 31 21 38  - 46  -  1  -  - 10 47 52  -  2  8 16  3 50 30  - 12 40 57 58  6 51 41 35 14  - 36 43  - 23 15 49 26  - 20  -  9  - 42 56 18 44  7
 58 56  - 22 59 54 38  1  -  - 48 33 45 21 27 42 13 36 26 25 60 49 12 17  -  - 47 41 28 55 18 31 50 39 32 53 37 20 40  6 23  2  4  3  5 52 16 34  7  9 30 11 51 24 35 29 10  8 15 19
 12 10 53  - 24  - 42 23  - 52 46 59 40 37  - 27 29 48 34 14 19  - 38  - 57 36  - 22  -  -  -  - 55  - 28 58 13 17 50 20 54 31 43 26 21 41 44 49  -  6  - 56 32  - 33  -  5  2  1  3
 23 46 47  -  - 31  - 29 28 43  - 10  - 42 14  5  - 39 59 24 15  -  - 40  - 30  - 16 50 58 12  7  - 37  2  - 38  8 41 51  6 45 27 49 44  9  - 52  - 21 20 57 55 11 36 19 53  - 54 32
  5 37 59  - 44 20  8 60 43  - 28 19 54  6  - 13 32 11 51  -  -  - 50  -  -  7 12  - 34 56 21 47 22 58 31  -  9 48 18 45 29  - 23 53  -  -  2  4  -  1 42 26 30 41 16 17 36 57 35 14
 13  3 31 60 26 53 37 16  -  9 30 29 24 25 36  - 35  7  - 58 49 10 27 22 41 17 54 48 46 59 15  6 21  1  8  -  - 28 23  - 50  4 20  -  - 14  - 43 52 11 40 39  - 32  - 18 33 19 56 47
  -  - 49 12 39 25 32 45 48 15 60 17 22 11 23 50  -  - 28 29  8  - 55 10 21 46 31 26 36 41 14  9  -  4 27 56 35  7 54 38 43 47 57 20 37  2 51 53 40 24  6 30  3  1 34  5 52  -  - 13
 52  - 32  2 29 43 45 55 19  6  4 14 58  - 16 41 27 51  3 13 54 40 36 49 56 10 15 28  -  - 59 50 42  - 20 26 57 39 33 23 25 53 12 60  1 37  9 18 35  7 46 31 44 17  - 38 30 21 24  8
 29 58 48  -  -  -  6 47 37 56  - 34 30 28  5  -  - 16 52  -  - 14 23 27 11  - 25 49  2 36  - 24 54 10 50  7  - 60  - 12 18  -  3 43 35  -  - 59 39  8 13 55 15  - 40 53 22 41 17  4
 14 51  -  -  9 48 18 44 59 34  - 24 36 19  - 16 21 20  - 39  - 55  - 58  1 49 28 52  3  - 37 43  - 33 45  - 29 13 60 56  7 10 47 42 15 11 35  8 17 41 23  - 46 30 31 40 32  5  - 25
 17 53  4 43 47 46 27  -  6  - 20  - 14  - 11 33  3  - 19  - 35 36 13  - 42  - 34  1 60 50  - 52 37 23 51  - 24 18 25 29 56  - 49 30  7 58 28 38 16 48 54 32 22 15 44 12 40  - 59  9
 43  1 42 53  2 28 33 31 14 27 35 39 51 59  - 23 17 55 32  3 26 58 60 29 36 48  - 50 56  9  - 11  - 57  4 40  - 52 22 25 15  -  6 37 34 12  - 44 10 54  5 47 41  -  -  - 46 45  - 21
 11  5 13 33 38  3 31 15  - 18 39 37 28  9  - 32 19 22 57 59  - 12 17 46 60 27 41 55 26 29 53 42  - 50 35  8 51 21 56  4 44 48  2 40  - 16  6 24 45 20 43  -  - 14 47 36 58 54 49  -
  - 18 12 55  - 42 34  -  -  - 10 43  - 38 15 45 14 28  1  2 36 20 49 11  5 56  -  - 59  4 30 17 39 26 53 47 27  - 21 35 41 29 58  6 16 33 50  - 32 40  9 19  - 44 48 54 57  - 23 22
 49 47 44  - 27  4 20 42 36 10  2  -  - 41 55  6 53  - 33 15  5 38 24 32 16 13  7 34 35  -  8 28 14 17 57  -  - 25 58  3  - 43  - 12  - 46  - 37 60 31 19  - 50 51 30 39  - 11 21 45
 32 13  -  - 16 38 28 34 57 39 23  -  - 29 56  -  -  - 31 21  7  5 42  4  - 11 51 30 40 37  - 55 35 54  -  - 41 15  - 22  2  -  8 14 36 24  -  1 12  - 25 60 48 27 50  6 49  - 33 46
 38 15  - 17 22 39  -  -  - 30  3  -  -  2 50 60 20 31 53  8 44  - 57  5 58 28 24  - 43 14 33 34 32 42 49 11 52  - 12  - 40 16 48 41  9 59 13  7  - 19  - 54 56 10 21 45  4  6 25 35
 26  -  - 42 54 40  -  -  - 28 49 21 50 32  - 53  -  -  4 22 56  -  -  6 20  -  - 13 23 60 36 12 25 38 37 10 47  9 57 33  - 39  5  - 18 19  - 35 41 51 11  - 58  - 24 30 48 59  2  -
  - 52 50 48 49 16 60 13  2 58  - 38  -  3  8 47 22  - 43  9  4 26 45 18 34  -  1  -  5  - 44 14 56 11 15 28  - 31 29 10  -  - 53  - 24 20 40 55 42 36 17 25 35 19  7 51 12  -  6 41
  - 41 21 44 33  - 11 17  5 51  - 27 55  7  -  3 43 38 42 45  - 54  6 50 18  - 46 10 31 22 29  - 30 40 60 52 56  - 48 26 53  1 14 58 19  -  - 13  - 25 24 36  4  - 12 15 16 20 57 23
 48 39  -  - 34  5 57 14  - 12 54 47 21 53 59 10  - 17 11 55  -  6 18  3  2 51 40 44  - 23 25 26 28 30  1 49  -  - 45 60 42  8  -  7 33 15  4 32  - 22  -  -  -  -  - 46 35 36 19  -
 53 54 20  - 31 23 13  5  - 50  -  - 38 60  4 52 57  - 27  - 48  9  3  -  8 15 56  7 24  1 39  - 33 16 29  - 36 22 32 49 21 34 28  -  -  - 30  -  2  - 45 41 10 43  - 37 26 17 40 58
 54 27 43  5  - 24 10 26 23 22 58 13 16 57 12 21  4  8  -  -  - 37 15  - 33 44 53  -  1 32 38  2  - 35 52 41 14 30  3  - 28 56 55 25 60 31 46  - 47 49 59 51 11 29  6 48  9 34  - 40
 28  8 33 39 12  - 24 50 26 37  - 15  3 43 41 29 51  -  -  - 13 16 46 35 25 38 59  2  - 40 57 21 27  -  - 48 23 32  - 31 58 44 34  4 54  - 17  -  1  - 55  5 14  6  - 47 60  - 18 20
  4 29  7 47  - 10 40 22 45  - 51  9 18 35  1 28 59 57 16 42  - 34  - 12 31 24 55  - 58 49 48 54  -  -  - 38 43  -  8 19 14 30 39 44 20 23  - 60 11 32  2 17 21 52 26 25 27  -  3 50
  2  6  -  - 13  - 55 58 32 25 17 11  -  4 53  - 10 35 38 36  -  -  9  1 59 12 42 45  - 57 52 33 29 41  -  - 26 43  5 21 46 37 19 39  3 44 15 40 24 56 49  - 54 50 28 20 18 48 47 51
 18 16 51 26 30 56  - 41  4 40  8 36  - 45  -  -  1 49 21 53  - 13 31 42  -  - 23 54 20 33 19 22 43  6 59  - 60 12 11 39 55  - 35  - 32 27 52 29 46  -  7 24  2 57 17 44 28 14  9 38
  3  7 22  - 43  2  -  4  - 35 40 12  9 10  -  -  - 32 48 30 34 56 47 14 50 18 36 42 54 26 11  - 51 13 17 31  - 45 49 55 38 58 46 28 53  -  8  - 19 39  -  6 23 16 27  - 21 29 52  -
 10 12 35 34  1  -  2 25 21 19 13 48 17 44 24 51 54 41 30 60 58 43 56 55 40 52 16  -  -  - 23  5 15  7 39 46 45 29 14 18 26  9 59  8 28 36 22  6 33 57  3  -  - 49 37 32 20 47 50 11
 34 59  5 27 40  8  - 19 10  4 22  - 46  -  - 48 47 21 29  - 45  -  -  9 51  - 35 12 53  -  6  - 58  - 41  - 15  1 37 30 31 33  7 11 38 54  - 20 13 14  - 43 16 55 57 24  - 23 36 56
 22  - 36 59 28 58 52 51 49 47  9 23  -  8 34  - 26  - 46 27 40 24 37 56 13 45 39 19 32 30  7  1  5 44 33 20 50 10 31 43  3 38 11 54  - 60 12 21 53 15 57 35 25 42  4 41 17 16 29  -
 42  - 10 51 57 52 35  - 11 54  - 20 32  1 46  - 25  2 15  - 50 28 29 36 47 26 19 43  -  - 56  4 45 21  - 16  3  -  9  - 48  5 37 38 13  7 58 30 18 55 34 12 60 33 53 31  8 49  - 24
 46 23 41  - 19 34 17 52  3  - 31 30 35  - 28 12  -  4 58 49 11 15 16 20  - 21 10 38 14  - 54 44  7 48  - 60  6 56  2  9  - 40  -  -  -  - 57 39 51 43  8 29  1 22 25 33 47 26 32 53
  1 36 25 32 60 59 54 20 31  - 43  8 10 24  9 15 39 26 47  - 33 45 44 30 29  6 11 27 12 19  -  -  3 49 21 23 18 40  -  - 34 51 22  - 57  -  - 28 50  4 53 13 42 48 58  -  2 52 55  -
  - 19 27 20 32  - 39  -  8 36 57 58  7  - 45 37 60 40 50  6 46 11 21 25 12 55 18  - 38 35  - 48  1  -  -  9  - 47  -  5  - 22 31  - 23  - 53 10  4  2  - 49 26 34  - 43 51 44 41 54
  - 38 56 23 42 55 49  3 30 11 53  6 41  - 47  - 50 58 44  - 43 46  8 57 32  - 26 40 33 10 35 15 60  2  - 39 20 59  -  7 51 12 52  1 48  -  - 45  -  - 18  4 19 31 14 27 13  9 37 34
 25 31 17 56 45 21 26  6 47  8 52  - 27 30  3 19 23 42  -  - 38 41 20  -  - 60  -  - 37  - 34 36 10  9  - 44 32 57  7 24  - 15 29 51 14 50 43  - 22 28  -  - 40 54 49  4  1  - 58  -
 41  - 14  6  - 13  -  - 42  1 18 56 26  -  - 57 12 53  8 17  9 31 59 15  - 19 33 35  - 45 58  - 48 32  - 54 34 11 36 52 39  7 16 50 46 43 27 47 38 30 29 10 37  3  2 23 24  -  5 28
 19 14 28 46 36 41 15 54 20 29 32  -  -  - 33 40 52  9 13  -  1 17  7 23  - 25 43 53 10 47  2 58  - 31 34  -  8 27 38 11  4 57 42 59 30 39 24 50  5 18 12 45 49 21 56 55  - 60 51  -
  - 57 39  - 37 19  -  - 53  -  -  - 11 52 18  - 45  1  - 38  -  - 30 54  4 29 50  -  9 31  5 10 17  -  - 22  2  3 55 32  -  - 44 34 47  - 20 12 23 60 41 59 24  - 46 49  -  - 13 15
  6  - 15  - 14 49 21 40 12 55 59 50 20 23 35  8 24  -  - 44  -  -  -  - 30  1  - 36  - 54 32 37 18 60  9 17 10 51 26 47  5 41 45 57  2  3 42 22 27 16 48 46  - 53 43 11 25 28  4 31
 35 50  8 10  5  6 30 12 34 20 19  7  - 58 13 56 42 52 24 18 14 59 51 41 43 31 45 11 57 44 47 25 38 28 46 36  - 55 27  2  -  - 40 21  - 26  -  - 37  3 32 15  -  4 54  9  -  1  - 16
  -  4 60  9 21 18 14  -  - 42 56  - 37 39 29 35 49 23  6 51 32 48 25 13 44  2 20  5 52  - 22 27 16 24 12 19 11 36 30 57 47 50 15 17 40 38  3 58 54 46 26  7 53  8  -  - 45 31 28  1
 51 22  - 16 53  9 29  - 17 48 15  -  - 56 38 31  2 27 12 43 20 33  4 24  - 37 14 39  - 11 40  - 13  8  -  -  - 35  6 42  - 54 18 47 26 49 10 41 25 50 36 58  - 23  -  - 34  7  - 60
 59  - 40 31 55 45 36 32 22 14 16 54 43 48  - 58  9  -  - 19 18 50 28 60  7 41 29  - 51  -  3 49 11 53 30 21  4 42  - 34  -  -  1 23  - 17 38  - 44  5 47 37 13  2 10  -  -  -  - 57
 30 21  9  8  6 37 53 11  - 57 42  - 12 18 44 49  - 15 23 46 28 60 43  - 45 20 27 32 47 51  4 16 41  - 24 14  - 50  - 54  - 59  - 22 10  1 39 48 29 13 35 40  5  -  3 58  -  -  -  -
 16 45  - 29  - 15 12  9 39 23 24 46 57 20  - 17 48 10  7 33  2 21  5  - 28  -  -  -  -  - 55 35  - 25 11 42  1  4 47  8 27 13  -  -  - 30 54 36 26  - 52 44  - 58 41 14  - 40 53 43
 20  - 34 45 23 17  - 24  - 33 21  1 47  - 19  - 56 13 49  -  -  3 32  - 39 53 30 51  -  8 46 40  9 43 14 25 44 26  4 16 36 42 54 10  -  6 55 27 28  - 31  - 18  5 60 52 11  -  7  2
 37  9  1 58  7 12  -  2 55 38 47  3 29 13 51  - 36 24 25 40  - 22 11  - 54 14  6 20 21  5 31 56 53 46 10  - 30 49  -  - 57 52 33 27 45  4 60 23  - 35 44 34  8 18 15 50 39 42 43  -
  9 60 16 49 46 11 19  7 25 59 44 57  4  - 48 14 41 37  - 35  3 30  - 43 23 42  5 21  6 52  1 29 20 45  - 18  - 54 53 58 12  -  -  -  -  8 56 17 31 47 50 28 36 40 51  2  - 13  -  -
