2880
 14 48 57 11  -  - 40 44 39 54 36 42  3 34 12  - 31 27 50  7 17  -  9  - 53 46 15 58 41 43 47 45  8 13 21 24 26 51  - 16  - 52  2 38 28  1 29 18 56  -  -  -  - 22 25  4 23 33  6 37
 40  - 17 41 11  -  2  6 43  -  -  -  - 31  -  - 46 51 36 42 23 27 12 20  1 34  8 48 15 45 26 39 60 59 47 14 57 35 10  7 38  -  4 29  - 32 18 24 54 13 33 30  - 58  - 22 52 28 37 44
  -  - 10 44 17  - 14 37 11  - 26 35  - 46 34 51 28  7  -  - 43 21  - 19 31  - 56  - 49  -  -  - 53  5  -  -  9  - 33  - 16 30  -  6 13 18 55  - 27 59 58  1  2 47  3  8 32 54 52 20
 49 10 23  9 37 55  8 45  -  - 47 13 50 56  6  4 44 32 46 27  7 31 24  - 14 54  - 43 39 29 11 41 35 53  -  -  1 52 57  - 40 26 38 16 15 48 60 42 25 19 22 58 51 12  - 20 34 30 36  5
 13 40  - 34 20  3 24  1 46  6 41 54  - 43  4  - 51  9 55 22 60 26  8  - 50  - 39 52 38 58  - 49 18  - 25 31 16 10 42 28 45 59 44 21  - 23 57 36  - 14 29 47 33 35 48  2 37 32 17  -
 33 42  - 21  -  -  -  - 13  -  - 11  6 18 55  - 20 31  7  8  - 35  - 45 40 60 38  - 34 47 49 48 57 37 58 19 50  5 53  3  - 32  9 54 12 25 30  4 15 27 14 59  1 16 17 46 41 51  -  -
  - 36  1  3 12 25  - 10 41 14 30 27  9  5 47 22 52 44  - 16 50  - 42  7 23 49 53 24 40 59  4 11  - 48 17 28  6 34  - 37  - 45 18 13  8 31 46 51  - 39 35 33 54 38 55  - 19 26 20  2
 29 32 12  -  6 58 45 33 24  2 31 47 43 44 51  - 59 35  4  - 37 34 60 39  - 55 13 14 17  - 48  9 11  3 40 25 27 23 54 50 36 19  7 18 30 22  5 26 41  8 38 53 28  - 56  1 10  - 16 15
 48 46 24 15 53 30 56 34 23 16  -  - 26 45 10  -  - 40 19  - 33 42 11 18 35 36 29  6 37 13 14 21 41 47 55 58 44 25 32 20 17  8 28  -  -  9 22 52 60 12  - 31  - 43 38 50  4  3  - 39
  7 18 55 35 52 27  - 23 25 57 14 26  -  3  - 36 49 24 28  1 32 59  -  - 10 50  -  - 16 17  6  4  - 39  - 40 13  - 46  - 47 33 31 58 22 11 43  -  - 60  9 29 41 20 45  - 42  -  -  -
 34 35 45 50 19 33  - 20  -  - 18 30  - 39  8 10 27 54 58 41 14 49  - 56  -  9 44 60 13 28  -  - 38  - 43  7  2 24  1 59 22 48  -  - 46 37 42 11 31  4 15  - 32 29 26  -  3  6 57  -
 36  -  -  - 14 47  7 15  -  -  4 46 12  -  - 31 40  1 54  3 28 29  6 16 49 41 50  - 27 25 58 37  5 45  - 38 10 57  - 39 59  - 30  -  - 24  -  - 19 56  - 60 53 13 11 34 22  - 21 42
  -  -  -  -  5 31  - 30  9 35 52 15  - 27 41 48 29 46  1  -  - 53  - 22  - 38 36  - 45 56  - 19 37 50 42  4 14 16  -  - 21 34 26 25 33 44 10  3  - 55 57  - 40 60  7 17  -  -  - 18
 53 38 35 27 41 49 30  8  3  - 55 60 19 32 44 12  -  -  -  - 56  -  -  - 43  - 25 47 42  - 57 54 28  2 31 11 52  - 26 17 50 24  - 39  - 10 48 45 46  - 40  9 29 14 23  -  5 59 13  1
 26  6 54 45  4 51  - 27 37 23  1 56 30  -  -  - 24 21 48 10 58 15  - 59  - 12 20 49 43 60 33 46  2 35  -  -  - 55  9  - 13 53  8 19 40 14  - 29 50  7 34 42 39 41 52  3  - 47 44 25
 35 16  -  8 39 14 50 46 36  - 12  -  -  - 28  - 13 43  - 44 54  9 25 37  -  7 59  4 26 31  2 27 55 29 15 32 41 11  - 10 19 38  - 53 48 56  - 33 51 20  3 34 57  - 30 24 58  -  5 23
  - 53  - 26 44 20 48 13 51 25 46  - 18  - 37  - 45 38 29 28 21 22 39 57  3  4 52 15 60  8  - 42 10 31 19 36  - 32 35  - 24 16 47  9  - 30  - 14  5  - 41 56  - 33  1 43 55 58 12  -
  -  -  -  7 18  - 19 40  -  5 20 12 27  - 30  -  2 58 10 15  8 43 28 46 59  - 14  - 54  - 56 52 22  - 29 26 48  - 60  -  1  3  6 24  - 45 25  -  - 32 21 49  - 39  -  -  - 38  9 57
 24  - 52 40 32  -  - 54 42 27  -  - 11  - 33 14 48 49 37 19  9  - 47 43 55 20 58 59 30 44 41  - 36 18 26 53 29  2 31  8 46 60 16 51  4  7  - 57  - 10 23  5 35 56 39 28 50 21  - 38
 47 19 30  2  - 41 15 18 16 34 59 45  4 14 17 53 37 11 49  5 12 50 51 54 33  - 32 21  7  3  - 44  - 55 39  1  8  9 52  -  6 46  - 60 35 29 23 27 58 22 10  -  - 26 28 57 36 43 25 40
  - 52 46 31 45 53 54 12 56 44  7 55 16 42 60 15  9 39 26  4 19 23  - 51 21 22 41 28  -  5 32  - 49 17  - 30 34 13 11 27 58  - 20 50 14  2  -  - 38 43 24 25  8  1 37 18 57 35  - 36
 54  - 14 56 38  2 32 48 44  3 57 22 10 41  - 42 58  5 40  - 30  8 20 34 26 13  - 18 28 27 12 51 59 15  9  -  - 36  7 52 33 29  - 45 39 19 47  6 24 49 16 55 43 37 35 21 25  1  - 31
 57 59 21  -  - 43  - 39  - 31 17 24  -  8 29 13 15 30 16  2 26 52  -  -  -  3 28 19 58 46 38 50 23  1 34  - 51 22 44 53 12 10  - 27 18 41 45 54 47  - 55 14 11 42 60 40 56 36  -  6
  - 21 48 58  1  - 23 31 17 50  9  3 24 12 27 44  -  - 22 38 40 56 53 25 51 28 46 33  5 20 16 36  - 32 45 59  - 41 13 57 34  4 37 14 29 35 49 39 18 47 11 10 42  2 43  7 26 55 54 52
 22  -  - 28 50 26 60 52 31  - 13  6 20 37 11  8 17  2 45 21 51 38 16 23  7 44 55 56 19 36 24  -  - 58 18 39 25 30  -  9 32 12 57 10 27 40  - 41 35 29  - 15  - 49  - 48 33  4 53 14
  6  - 15 32 59  - 31  5 27 26  - 23  - 11 19 58 21 45  3  -  - 30 35 41  - 10 37 12  4  -  - 57  - 42  8 43 39 60 17 29 25  - 13 28 50 55 54 38 14 46 47  7 56 52  - 53 49 20 24  9
 45  - 22 47 58 56 49 25  -  7 38 39 44 17  -  - 16 26  -  6  2 24 59  - 29  -  1 55 46  - 37 18 19  9 32  - 33 53  4 36 48 14 60  - 31  -  3 34  - 35  - 28 50 21 20 27 11  8 41 30
 55 29 31 46 24  -  6 59 34 30 11 41 45 33  - 38 14 20 13 60 25 54  -  - 15 21  9 10 44  7  -  - 52 57 35 22 53 19  8  - 42 23  -  2 47 58 27  - 37 26  4 17  - 18 16  5  1 39  - 28
 12  -  - 37 25 21 51 28  - 56 35  8 55  9 42 16  - 33  2 39 36 48 18 24 57  -  4 34 29 49 53 43  6  - 54 52 20 46 15  -  7 47 27 22 59  - 19  1 10 38 26 50 17  - 14 44 45 31 11 41
 60 31 44 16 34 11 28  - 45 55  6 17 37  -  - 41 38 53 21 13 20 33  3 32 54 14  -  1 59  9 25  -  4 27  -  - 56  -  - 48 29 18 23 12  - 57 36 58 22 52 50  -  -  8  5 39  - 42 40  -
  - 30  - 14 46 50 33 22 10 40 53 43 36  -  3 18  - 12  6 55  5 17  7 47 25 37 48 13  - 16 23  -  - 34 28 21  4  - 19 51  - 42 39 11  -  - 52 59  9 57 31  - 44 54 15 26  - 41 58 24
  9  - 29 54 43 60  - 50 26 51  - 38 58 55 40 28 47  4  -  - 10  - 45 33 27 17 35  2  -  1  3  - 12 49  7  6 18 44 20 22 30 56 41  - 52 15 32 19 39 16 25  -  5 57 46  - 48 13 31 59
 39  3 47  4 31 38 22 60 50  - 48  7  - 13 14 20 26 17 44 29 42 57 52 15 30 25 33  -  1 11 59 56  -  6  5  -  -  - 45 35 43 54 21  - 19  - 16  -  -  -  - 36  - 34  - 41 46 12  8 53
  1 26 42 12 22 34 27 36  - 48  2 31  - 29 50 60  4 52 18 32 49 41 21 13 46  - 30  - 57 19  7 40 14 33 53 35 15  8  - 25 11 17 43  3  5 54 56 55 16  9 37 51 58 45  - 47 20 44 38 10
  -  - 16 30 54 29  3 47  2 59  - 58 46 15 22  9  6 18 25 57 39 11 19  - 41  - 21 26 31 32 27 34  - 52  1 23  5  7 24 60 56 13 14 48 20 36 51 35  8 50 28 45 55  -  -  - 12  - 10 49
  8 51  9  5 57 52 13 11  1 33 15 10 42 47 38 25 23 36 27 35  4 44 31 55 17 56  6 29  - 54  -  2 32 24 37 12 60 50 58 41 53  - 49  7 43 26 39  - 40 34  - 48 16  - 22 19  - 45 18  -
 10  - 53 18  - 15 57 35 38  9 54  -  -  6 43  -  5  3  -  -  - 28  - 58 52  -  - 25 24 23  8 32 33 60 20  - 31  1 16  2 51  7 17 41  - 46 12 30 21 36 19  - 22 48  - 55  -  - 56  -
 51  - 60 29 36 28 26 32 48 11 39 37 52 54  - 46 19 13 38 58 27 10 41 42 45 30  7 31 50 53 44 16  9 40 56 55  -  3  - 43  4  6 15  8  1 34 59  5 49  -  -  2 18  - 12  - 24 57 33 22
 15 41 40  1 33 16 11  3 19  - 58 14 39 28 25 54  - 23  9 24 31 47  -  5  -  - 49  - 12  6 21 26 30  7 10 45 55 59 34 42 18 50 35  -  - 52 20 43 17  - 60 38 48 27 36 29 51 46  2  -
 52  - 58 10 23 37  - 42 21 41  5  - 25 40 49 35 50 22 33 26  6  1 43 14 56 29  -  7  - 30  - 59 44 38  -  9  -  - 51 55 54 39 19 20 57  - 24 13  - 53 18  - 45 11  - 36 60 17  - 12
 42 28 33 17  -  5 29 55 52 15 44 18 59  -  7  -  8 41 32 43 16  2  -  -  -  1 47 36 10 57 50 35  - 25 24 54 12  - 27 38 37 31 34 49 58 39 53 22  -  -  6 40  9  -  - 56 30 48  - 60
 37 58 13 42  8 57 17 14  - 24 45 28 48  -  2 21 12 55 11  9 41 25 38 53  - 52 43  5 23  - 34 29  7 56 16  - 32  - 18 30 39 49 50  - 36 33 26 31  1  - 54 20 60 10  4 59 35  -  3 19
 44  - 38  - 21  -  5  2 22 29 40 48 41 50 36  - 10 25 23  - 13 16 34 26 20  -  -  - 11  -  9  1 56 43  6  - 42  - 39 49 57 58 24 59  -  -  7 28 33 17  - 54 14  3 31 35  - 15  -  4
 56  7 19 22 30  1 39 49  - 12 51 57 29  2 53 37  - 60  - 31 55 18 58 11  9  6  -  - 36  4 35 13  -  8 48 44 54 43 25  - 14 28 59 40  - 17 33 16 45 23 27 41  - 50 10 52 21  5 32 46
 28  -  - 13 15 54 41 26 49 52  8  -  - 16  9  - 39 37 20  -  - 51 44  1  - 33 10 57 21  2 18 38 45 36 60  - 24 58 12 23  - 27 22 30  6  5 40  - 42  3 43 35  4 25 32  -  - 53 46 29
  -  - 37  - 40  - 58  - 33 45 19 36 49 48 21 47 42  - 41 14  3  4 17 60 39  - 57 50  - 26  -  7 25 44  -  - 38 54  5 24 23 11 56 55  - 20 35  -  2  -  1  6 12 59  9  -  8 52 30 43
 11  9  -  - 48 45 52  7 57 43 24  4 34 59  - 32 53 28 12 25 29 37 27 49 13 19  2  -  8 39  - 30  - 10 41 17  -  - 14 21 26  5 51 56 54 38  1 60 44 33 36  3  - 15 58  6 31 50 22 35
 17 50 39 24  -  -  9 57 35  4  - 16 22  - 54 43  - 59 56 37 45 20 49  6  - 32 19 41 25 14  1 55 47  - 30 33  - 42  2 12  - 15 52 44 11  - 38 46 26  -  8 13 27 36 40 10 29  7 34 58
  5 14 43 51  2  7 20  - 30 19 32 33 38 52 15  - 55 10 60 18 57 39 46 40  -  - 12  -  6 41 29 25 34  - 23 13 36 56  -  1 44 22 53 31 37  -  9 50  - 24 48  - 21 28  8 58 47 16 42 45
  - 33 25 48  -  - 18 19  7  - 28  9 14 58  1 52 22 50 15 40 46 13 56 38  6 39  - 37  2  - 60 20 29 16  - 42 43  4 41 45 10 51  5 35 55 53 31  - 36 44 59 26  3 32 57  -  - 34  - 47
 43 24  4 19 29 39  - 53 55  - 34 20 56 10 45 49  -  - 31 36  -  -  - 35  - 15  -  - 48 18 17 14  3 22 52  8 58 21 40 32 28  9 11 42 51 59 50 47 57 54  -  -  -  7 41 23 44 25  -  -
 23 20  - 33  9  8 37 21  - 53 27  - 35 26 59  - 30 42  - 49 52 46 29 36  - 43 22  -  -  - 13  - 39 19 57 34 45  - 50 47  -  - 25  1 32  6  - 17  -  5  7 11 15  -  2 60 38 10  - 51
 32 45  -  - 55 59 16 58  -  1 10 53  - 25 18 33 43 34 35 17 15 40 50 29 24  2 11 23 52 38 30  - 26  4 14 56 28  -  6 46 41 57 36 47  -  - 13  - 20  - 49 22 37 51 44 12 54 19  7  -
 46 57  8 39 28  4 10  9 12 38  - 29 51  -  - 34 25  - 53 33 11  7 14  2 18 26 23 16  3  -  - 17 48 21  -  5 22 31 37 54 27 35  - 36 49 43 41 40  6  1  - 52 20 19 59 30 15 56  -  -
  -  2 26 36 10  - 47 16  - 42 37 50  5 38  -  - 11  - 52 56 53 55 33 27  - 59 40  3 51 35  -  -  - 23  4  - 19 17 30 44  8 21 48 34  - 13 14 25 12 18 45 43 31  - 49  -  6 29  1 54
 18  4  6  - 27 19 53 56 58  - 33 21  7 36 39  - 57 48 43 54 22  3  1 17 28 45 31  - 20 10 55 23  -  - 50  -  - 26 29  5 15  - 40 32 38 16  -  2  - 41  - 44 25 24  - 49  9 11 35 34
  3 54 11  - 51 35 42 41 29 39 56  -  8  4 52 45  - 14 17 12  1 19 13 21 38  - 18 46 33  - 43  6  - 20  2  - 40 28 47 26  9 44 10  5 60 50 37 53 48 15 30 32 34  - 24 16  7 23  - 55
  - 15 41 23 35  - 59 38 14  - 25 44  - 30 32 29  1 56  - 46  - 58  2  -  -  -  - 11 55 37  5 22 24 26 51  3 49 27 36  6 31  -  - 33 10 21  4  7  - 42 39 18 13  - 19  9 40  - 47 50
  2 27 59 38 16 18  4  -  6  8 43 32 60  7  5 56 41 29 30  -  -  - 48 31 36  - 54 17  9 34 10  3  - 46 44  - 21 40 28 14 49 25  1 26 24  - 15 20 11 58 53 57 52 55  - 45  - 22 19  -
  -  - 50 49 42 24 46  4  - 37  3  1  - 23 13 40 35 19  - 47 18 45 55  8  - 51 26 30 22 15 52 58 21 11 27  - 59 14 38 34 20 36 32 43 41 12 28 44  7  2  - 39 10  6  -  -  -  - 60 17
