2880
 22  -  2 31 25 20 56 42  - 30 46 55 38  - 12 13 37 50 60 35 14 26 19 16 23 10 11 27  1  5 45  7 58  9  - 24 21 49 40 52 15 33 32  - 43 29  - 57 28 34  3 39 18 17 47 36  -  4 51 48
  9 30 27  7 46 18 37 45 50 11 31 25 43 49 13 28  - 51  - 21  - 58  - 19  1  - 41 38  5 20 60  3 40 17 14 42  -  4 57 48  - 59 23 22 44  - 10 36  -  -  2 34 29 26  -  -  - 55  6 39
 14 44 17 25 24 19 45  - 46 16 29 15 47 11  - 59 20 26  - 18 36 37 31 35  8 48 58  7  6  -  3  5  -  - 33  -  2  - 22 30 56 21 51 32 42  - 55 34 23  4 39 28  -  - 12 60 10 13  - 41
 12 48 46 38 51  -  6 44 17 55 25 11  3  4 49 50 47 34  8 20 60 42  9  - 14 40 23 39 15 28 57  -  -  1 37 59 26 19 35 16 18 45 27 43 52 32 36 41 54  - 58 24 56  5 13 29 22  7 33 10
  -  - 52 43 40 35  -  -  - 38 56  - 15 48 17 27  6  - 25 10  -  - 47  3 50 57  - 37 21  - 55  4 20  - 42 33 53 51  - 31  1 11 18 45 32  5  - 44  - 39 12 23 36  9 26 13 34 58 24  7
 29  - 11 55 60 27 50 53 26 10  - 51  - 28 46  7  - 32 36 42 54  - 58 13 19  -  6 20 38 34  - 18 39  4  -  - 41 48 56  - 30 31  2  - 16 43 33 37 17 47 49  -  - 21  - 57 44 14 45  5
  -  5 42 59 17 41 26 43 29 44 51  -  -  - 58  6 30 49  - 45  7 28  -  - 22  3  2 35  - 46 31 13 38  - 52 57 60 15 12 56  9  - 40 21  8 11 32  4 14 54 23  -  - 20 27  - 39 48  - 55
 10 60  - 19  - 59  4 16 47 53 35 28 48 55 50  -  - 18 40 15 44  -  - 14  5 37  3 21 12 17  - 51 24 25 45 58  - 27  1 33 23 43  7  - 11 52 39  - 20 49 13  - 30  -  9  -  - 29  - 26
 32  -  - 50 21 42  9  2 59 48 54 10 14 16  7 47 27 37 56  6  8 41  - 40  4 45 12 44 46  -  - 11 51  5  -  - 24 55 25 53 57 58  - 30 34 15 49 23 38 35 60 17 22 19 31  -  - 43  1 36
 55  1 30 42  - 14 16  4 35 59  3  5 19  8 21 60 40 17  -  -  2 50 56 38 11  - 22 24 23 44  -  - 37 27 51  -  - 33 10 18 41  - 47  -  - 39 15 13 26 46 54 20  - 53 34 45  6  -  - 43
  5  -  - 11  - 55 48 10 22 51 32  2 23  6 43  - 16 56  -  - 21  9 40  - 57 31  8 25 26 14  -  - 45  - 27  3 37 35 49 54  - 47 15  -  - 30 34 28 24 19 41  7 20 46  4 58 38 60 36  1
  - 56 45  -  - 53 20 11  3 42 19 22 31 25 15 12 14 38 55 17 43 47 32 57 49 27 46 16 24 58 35  6 44 39  7  - 34  1 30 51 40  2 29 52 48 50 13 10  9  - 37  -  4  - 18  -  5 54 26 59
 48 32  -  - 22 26 33  3  1  7 37 39 46  - 52  -  5 16 27  - 30 55 20 43 56 44 45 18  - 40 51  - 54  -  4  - 50 42  - 13 19 10 11 31 28 60 38 21 47 53 25 59 35 57 24  - 49 12 17  9
 17 10 37 16  - 30 36 18  6 28 45 54 59  5  8 22  - 12  7 32 47 25  4  - 48 35 42 51 33  -  - 20  - 31  - 52 46 34 39 21 14 15  9 41 53 26 43 24 27 40 19 13 60  3 56 23  2  - 58 50
  1 15 50 60  2  9  -  - 45 56 47 52 13 57 48 44  -  5  -  -  4  6  - 46 31 51 14 11  - 18 19 17 32  - 24  -  8 39  7 55  - 42  - 37 21 16  - 58 40 33  - 38 25 35  - 49 30 53 59 27
  3 33  - 36  8 54 52 32 10  - 21 16 11 53 28 26 51  4 38  2 34 49 23 59 44  5  7 58 25  - 17 19 50 29  -  - 22  -  9 15 43 41 35 46 56  - 48  - 39  6 30  1 55 31 42 24 57 18 27 45
  - 47  3 20  4 15  -  1 48 14 23 27 40 41  -  5 56 46 22 16  - 39 30 31 26 38 34 60 37  -  -  -  - 13 25 29 45  2 54 32  -  - 12 58 36  - 17 51 18  - 55 53 19 43 21  8  - 28 35 57
  - 14 25 26 48 17 53 33 31 32  - 50 28 29  9 49 15 30 41 38  1 44 21  - 51 12 57 40  4  - 42 43  7  - 59 34 23  - 47 20 35 46 39 36 19 18  - 55 11 16  - 27 13 56 60 37  3  6  - 58
 21  - 43  - 38 29 23  - 36  4 22 53 44 12  - 55 41 35 34 49 57 14  -  - 33 15 27 32  - 47  9 42 56 59 17  - 39 10 28  2 20 18 54 24 60  3 51 25  - 26  -  - 58 13  - 40  -  - 30 52
  -  - 16  5 13  - 28 48 25 21 11 59  -  9 56 10  - 33 17 58  -  - 27 22 30 54 53  3 47  -  8 31 14 26 23  6 55 20 45 43 46 24  4 19  - 12 57 29  - 36 18 60 37 40  - 52  - 51 50 34
 13 19  - 52 45 43  - 47 54 46 16 38  - 26 42 11 50  -  -  - 18  1 12 51 20  - 39 17 40 25  - 60  5 23 34 27 56 53 31 41 10  - 57 35  3  - 58 48  2 44 29  -  7  - 28 22  9  - 32 33
  - 17 38  - 10 22  7 14  5 47 18 49  -  - 40  1  8 55 19  -  - 57 43 24 39 53 51 41 45 35 13  -  - 60 46  - 44 59 23  -  - 34  -  -  4 36 26  6 33 27 52  - 21 54  - 56 25  - 48  -
  - 36 56  1 31 10 27 52 18 15 44 37  5 17 33 32 13 23 57  -  3 11 49  -  - 47  -  -  -  4 54  - 26 24  2  7 30 45 21  6 59  - 22 39  9 48 40 19  - 58 35 55 41 14  - 38 60 34 43 16
 45 37 13  3 39 56 25  9 40 58  - 60  1 50  - 24 46  8 48 11  - 32 52 28 34 42 38  - 36 41 10 47  6 33 31 43 17 26 16 19  5 30 59 27  -  - 29 49 35 15 20 57 23  - 54  4 51  - 12 14
 50 23 28  -  -  7  8 34 60 35 10  -  - 38 29 46 24  -  6 56  - 53 25 15 12 11  - 22 49  - 48  - 43 20 58 51 42 47 41 17  - 26 13 55  5  - 16 39  3 31 40 32 59  4 52  1 21  -  - 44
 20 21 40 23 19 12 18 39 42 49 36  6 17 35 30  9 52 45 14  - 41 51 57  7 25 32 55 29 58 59  - 34  - 10 48  -  4 54 24 11  2  1 43 60 27 28 53  -  -  3  - 15 38 37  - 50 26 33  5 13
  4 25  -  - 26  1  2  7 43  9  8 17  - 40 55 38  - 27  - 19 59  5 11 33 21 34 10  - 48 60  - 30 57 16  6 41 29  - 50 47 58 32  -  - 46 24  -  - 52 20  - 31 12  -  - 39 53 37  3  -
 34 55 57  4 53 58 21 36 28  - 43 23 52 24 60 39 19 11 26 31  -  - 22 45  - 41 18  - 51  7 46 32  - 30  - 20 47  8  - 42 50 14  1 59 49  - 27 38  -  9 44 35  5 33  - 17 48 56 54  -
  - 53 10 24 27 25  1 59  - 39  2 30  6 20 47 35  - 40  3 26 51 23  -  - 13 21  5 50 57 15 12 55 52  - 49 44 33 43  -  4 42 38 46  - 29 34 11 31  - 60 16  -  9 45  - 18  - 22  -  8
 35  -  -  9 34  - 39  -  4 41  - 13 26 19 23  - 33 10 15 24  5 43 37 11 54 60 28  - 18  3 53 22  2 50 44 16  -  6 58 38  - 56 48  1 31  - 45 59  -  - 36 51  - 25 46  7 12 17 55 29
 19 38  - 22  - 51 57  -  -  3  - 31 32  - 16 43  - 25  9  5 48 12 10  2 47  1 17  - 56 42  7 49 27 11 39 28 59 52  -  8  - 44 24 53 14 55  4 26 13 37 33 30 54 50 45  - 36 35 40  -
 23  - 35 51  - 47  - 17  - 60 48 43 21 13 54 16  - 22  2 12  -  7  5 34  - 39  -  - 52 29  4 37 36 58  - 31 40 44 55 59  -  - 20 26 15 27  -  -  6 41  -  -  1  -  - 25 14 30  - 24
 53  -  -  - 43 28 24 31 11 50 59  - 42  - 41 29  - 19 12  1  -  - 45  9  - 55 30 54  3 36 16 40 23 32 21 35 57 13 26  5 25 52  -  -  - 44  - 15  7 18  4 56  - 10 58 33 17 46 38 22
 49 59 31 40 23  - 17  - 57 33  - 19  - 27 32 53 45  - 51 55  - 15  - 29 58  6 44  -  - 26 21  -  - 28 22 48 36  -  4  - 13  - 34 14 47  - 18 52  5 38  - 54 43  8  7 35 42 10 16 11
 60  2 12 39 16  5 55  -  9 17 50 42  -  -  - 20  3 53 10  -  6  8 38 47 29  7 32  -  - 57 27 48 25 34  - 14 58 40 13  - 24 54 36 49 26  1 56 35  - 51 21 22 31 52 43 15 19 44 37  4
 16 26  4 10 14  - 22  - 20 27 39 29  -  - 37 57  9 47 18 34  - 38 53 23 59  - 24 33  8  - 15  - 21 41  1 17 12  5 52  -  7 35 19  - 13 54 28  - 60 25 31  -  -  - 49 11 32 45 44 42
 41  -  - 37  - 11 42 51 24 40 57 12  8 14  - 30 58 60  - 50 45 56 36  -  9 49 26  -  - 10 34  - 48 35 55 46 38 23  5 44 21  3 16  - 54 22  2 20  4 28 53  - 33 59 19 32  1 47  -  -
 56 27 58 28 52  -  -  - 30 18 15  - 34  - 31 19 23 42 45 60 13 48 26  -  - 50 36 43  2  - 47  - 46 14  9  8 49 41  - 37 22 51 44 54 57 10  7 11 21  5 24  4  6  -  3 53 59  - 39 32
 25 35 26 33 11 44  -  -  8  - 60  7  4 52 10  - 39 28 31 27 58 13 16  - 38 43 47 49  -  -  - 46 53 37  - 22  -  - 17  9 29 55  - 15 23 14 30 56 12 50 42  2  3 18  5 34 24  - 20 54
 18 51 21 29  5 49 19 35 16 54 12  - 24 47  - 14 34  -  - 59 40 60 50 44  -  - 48  9 55 33 41  - 13 52 10 39 28 30 53  1 26  -  - 11 58 31  3 22 57 56  - 43 27  -  -  6 37 38  8 25
  6  8 32 53 57  -  3 46 13  - 38 40 55 44 45 31 25 48  1 23 16 18 14 54 41 24 29 19  9 27 58 35 11 51  -  4  7 56 33 12 28 22 26 20 59 17 50 42 37 43 15 52  -  -  -  5 47 39 21  -
 44  9 60 58 35  - 12 23  7 22  - 32 54 30 57  - 36 24  5 29 31 10 28 50  - 33  4  - 53 51 56 21 34 15 47  2 25  3 11 27 48 13  - 18 39 41 37  1 19 52  - 40 42 16  - 14 20  -  - 38
 15  4  6  - 56 60 41 38 58  - 17 20 57 46 26 42 31 44 35 47 23 21 33 39 40  - 49 10 27  9 28 16  3 48  5 37 14 12  - 24 55 29 30 50 25 51 54 18 59 11  1  8 45  -  - 43  - 52 53  2
  -  -  7 56 59  6 11 24 51 29  - 21 50 39 35 18  -  - 16 14 25  3 41  4 28 23 31 52 54 12  -  - 15 40 20  5 43 36 44 34 53  - 55  - 33 45 60 27 22 32 10 37 49  - 48  - 58 19 46 30
 27 45  - 46  - 24 34 55 37  -  - 58  7  -  - 25 21 14  4  9  - 19  - 30 32  2 52 56 10  - 26 36 35  - 29 13 15 11 48 23 17 39 38  -  -  6 44 54 43  1 59  - 50 42  - 47 16  8 18 51
 42 22 20  -  - 38 13 37 12  8 33 24 60  - 44 23 55  - 50  7 29 31 15 25  - 56 59  6 41  - 18 27  1  3 54 21 48  9 51 46 36  - 52 10 40 19 35  5 45  -  - 26 39 34 53  - 11  -  - 47
  - 16  5 49 54 23 51 60  - 37 28 56 39 10  - 40 48 15 33  4  - 22 29 58 52 14  1  - 32  2 36 41  - 18  -  - 13 31 38  3 44 17 25 34 45 46 12  9  -  7  - 21  - 24 57 30 27  - 42 35
  - 18  -  - 20 48  - 50 38 52 34  - 51 22  6 36 54 29 37 43  - 33  -  5  3  9 40 15  - 39 24 44 31 49  -  1 35  7  - 60  - 12 21 25  -  - 41 16 56  - 14 19  2 58 30  -  - 42 13 17
  - 40 15 14  9 13  - 29 44 20 53  3  - 42 38  - 26 21  - 48 17  4 59 36 46 30 60 12 39 24 43 10 33  -  8  - 11 16 18  7  - 49  -  5  6  -  1 45 32  - 56 25 34 41 55  - 52 50 47 31
 40 31 34 13 28  - 38  - 27  -  9 14  - 15 19  -  - 43 42 22 24 30 54 48 37 20 16 45  - 23 50 59 49 55 57  -  1 21 60 36 32 25 33 47 17  8 52  - 51  -  -  -  -  - 11  -  - 26  - 56
 26 42 39 32  - 45 59 21 34  - 41 44 22 23 14  -  - 57 43 54 38 27 13 56 35 52 25  4 50  -  1 29 18 46 53 36 20 37 19  -  8  5 17 40 30  7  6 60  - 24 11 47 16 48  - 55  -  9 28  -
  - 54  9 12 49 16 14 57 32 24 27 45 10  - 22 33 43  3 46  -  - 59  1 20 53 17  - 13 31  -  -  8 19  -  - 47 18 29 42 28 60 36  5  4 37 25 23 50 48 30  - 41  - 11  - 44 55 15 34 40
 43  7  - 45 58  -  - 13 39 31  - 41 53  - 51  8 18  - 29 44  -  2 55 42  - 25 33 36 34  1 23 52  4 21 32 11 54 28  - 14 37 48 10 56 35 49  9 46 15  -  - 16 17  - 38 12 40 24 60  -
 52 11 53 21  - 36  5 20  2 43 49  4 56  7 39 48 38 54 30 40 10 45 46 60 24  - 37 47 17  -  6 26 22 44  - 32 16  -  3 35  - 27 50 57 51 23  - 33 55 42  -  9 28 29  - 59  - 41  - 12
 58  -  1  - 50 32 35  8 21 36 14 33 45 59 34  2  4 52 11 53 22 54 51 12  -  -  9  - 42 13 40 25 28 56 26 30  - 46 37 39 47 19 60  6 38  - 24  3  - 29 27  5 44 15  - 31 41 23  7 20
 30  3  - 48 55  8 44  - 33  -  - 36  - 56 27 41  7  1 52 37 19 29  2 49  - 26 20 59  - 43 14 54 60 45 15 38  5 32 34  -  - 16 53 51 50  - 47 17 42 13  - 12 40 28 39 21 46 31 11 23
 28 50 19 18 47 52  - 15 41  - 42 26 33  -  4 37  - 39 58  3 49 20 44  -  7  -  - 34  - 56  - 24 17  - 16 53 27 25 32  - 11  -  8  9 55 38 31 12 36 48 51 45 14 60 35 10  -  5 29 46
  8 34 29  - 37 40 10 27 52 23 58  1 12 51 11  -  - 31 59 39 46 24 35 26 60 36 15 57 20  -  5 14  - 47 13 54  - 17  -  - 16  9 49 33  2  4  - 30 25 45 38  - 32  7 41 48 18  -  - 53
 51 58 44 54 12  4  - 30 55 26 20 48 27 60  2 15 53 59  - 52  - 16  - 18 36  - 13  5 22  -  -  9  -  7 50 10  3 14  - 49 38 37  - 23 24 56 46 40 34 17 57 33 11  - 25  - 43 32 41 21
  - 12 54  - 29 39  -  5 15 34 13 18 37 45 20  3 11  - 21 57  - 17  7 52  2 19  - 30 60 22 38 56  - 42 40 50  - 58 27 26 49 53 31 16  1 33 14 32  - 10 48 44 46 55  - 51  4 25 23  -
