2880
 51 38  3 41  - 21 53  -  -  - 37 43 32 28 16 55 34 30  - 54  - 26  -  -  - 52 58 20  -  1  8 56 44  -  4 33 24 31 11 17 15 18 23 13  - 39 50 48  -  9  -  - 10 12 42 14 35 46 59 22
 53  1 55 29  8  -  9  - 24 25 54 27  - 33  - 58  - 23 21 34  - 56  - 47 22  - 17 43 15 20  - 18 11 39 45  3 32 35 28  6 49  -  - 31 30 60 10 40  -  - 26  5 16  2  - 57 48  -  - 41
  -  - 43  -  9  - 16 15 37 44  -  - 28  8 20 14 38  - 23 49  - 27 54 24 50 40  4 60  7 21 39 35  -  - 42 32  - 59 31 36 41 58  -  2 10 46  -  3 25 56 53 55  1 22 13  - 51 30  -  -
  6 32 13  2  - 55 31 29 54  - 30 34 53 36 10 51 33  - 39 50  - 40 35 17 48 41  - 27 18  3 24 57  - 15 60  - 12  9 46 38 47 45  8  -  1  - 42 11  5  -  -  4 22 59 43 28 56 20 23  -
  - 19  7 39 10  5  - 45 27  - 41 23 58 34 26  9 59 36  3 21  1  - 40 48 60 14 13  -  4  - 55 30 17 24 18 11 49  2  - 35  8 44 57  - 12 32 31 46  - 47  - 56  - 54  6 37  - 38 22 25
 32  6 34 35 39 31 20 49  -  9  - 36  8 14 57 28 21 38 53 19  -  - 41 16 58  - 48 29 54 60 43  2 23 42  7 47 27 52 33 40 55 46  4 59 24 17 56 15 22 10  3 45 11 26  1  - 37 44  5 18
 33  -  4 14  - 35  - 20 60 27 39 30 18  -  9 26 13 22 34  6  -  - 50  7 21 19 15 11 10 28 57  - 49 46  - 43 44 42 58  8  -  - 53 32  2 59  - 23 51 31  -  - 47  -  - 54  5 55  -  3
 25 48 36  4 60 20  3 28 32 47  9 12 23 13  - 24 50  - 41  - 14 51  7 11 59  - 54 40  1 58  -  - 18 34 43 21 19 30  - 22  - 16 27 39 57 42 26 56 53 29  - 35  5 33 55 38  2  6 17 10
  - 31 16 54  -  - 40 33  1  -  4 45 41 19  -  5  8 58 22 53  - 14  - 59 20 25 26  - 42  -  - 29 43 27 21 24 13 51 12 30  6  -  3  -  - 48 23 44  -  - 57 11 15 52 34 50 10 39 47 55
 37  -  1 40  -  -  - 57 52  8  -  - 31 10 46 44 58 34  - 25 16  7 29 36 24  9 51  - 41 54 23 12  5 43 13 15 42 14 45 56  4 39 11  -  3 26 38 32 21  - 35 17 28  - 48 47 33 60 55 53
 59 25 37 49  - 34  7 52  5 15 12 60  -  4 17 50 26  1 54  9 21 48  -  3 29 27 28 41 53  - 46 11 38 51 58  6 22 43 35  - 16  -  -  -  - 18 14 24 36 23 45 44 39 55 56  8 19 32  - 20
 49 51 52 24 20  9 45 16 53 39  8 13 37 15 58 30 35 26  -  - 17 11 19  4 43 32 50 56  -  - 14 34 10 59  1  5 60 44  - 41 29 28 46 25  - 31 22 57 55 18 38  -  2 27 33 36 42  -  7 21
 35 42 18  - 16 54  - 44  - 59 20 11 27 31 33  7 45 32 47 52 50 55 48 39 12 43  - 34 28 36 49  -  9  8  -  -  3 53 22  2 51 29 37 56 60 30 19 25 24 46 21 41 26  -  - 17  -  1 14  6
 44 14 29  -  2 18  8 56  -  7  -  - 10 51 48 54  - 50 52 32 37  -  - 28 31 42  -  4  5 11 36  - 47 49  - 22 34 46  -  - 20  - 40  6  - 13 59 30 60 12  - 16 43 17 24 39  - 57 33 45
 13 59 10 22  4 26  - 42 16  - 21  8 34 11  - 18 15 33 30 46 38 37 49 27 14 60 36 39  3 24  7 44 20 48 47 29  2 41 56 19 28 50 54  1  - 43 25 17 23 45  -  - 57  - 31  6 55  -  - 40
 16 12  - 21  - 48 33 17 44 40 32  - 42  -  - 53 57  8  2 41 18  4  - 46  1 47 45 54  6  - 11 15 56 58  3 28 10  -  - 60 24 20  - 29 52  -  5 59 39 38 55 34  - 36 37 49  7 22 31  -
 12 37  -  8  1 30 24 60 56 10 26 32 38 20 43 57 31 25  - 11 36 54  -  5 52 33 39  7 49  - 58  - 42 35  - 19 50 16 48 47  -  - 59 46 53 51 28  2  - 41  - 15  6  - 17 18 29  -  3  9
 38 24 33 42  - 41 11  2 48  -  - 31  -  - 56 22 43 52  - 16 49 12 46 26  7 21 27  -  -  - 35 47 45 13 51 25 18  -  6 37 53  4  -  - 23  - 17  5 15  - 14 36 19 60 59 44 40  9 28  -
 34  - 12 11 13 42 43 10  7 38 15 47 52 30  - 40 18 20  4 56 32 23 53 22 45  -  -  - 48 55 41 60 27 14 19  - 59  3  - 39 25 54 29 24  6 58  9 37  - 51  -  2 31  - 49 46 16  5 21 36
 57 49 46 43 37 50 25 53 14 30 60 51  1 26 24  -  - 48  9 12 58 22  8 40 47 55 34  - 16 33 59 19  2 29 39  7 52 54  4 28 31 17 41 38 42 15 32 27  -  5 18 13  -  6  3 35  - 21 20 11
 15 23 38 59  3  -  - 25 35  - 45  - 39  - 55 34  -  - 27 40 13  - 42  6 37 18  -  - 50  -  - 46 31 32  8 41 54 36 26 14  - 47 60  7 21  -  -  - 16 43  9 58 12  1  2 10 49 52  - 44
 19 60 50 51  -  - 48 26  - 34 24  9  6 57 25  2 46  -  7  - 54 16 30  -  3 45 10 21  - 44 53  1 22 28 56 12  5  - 41 49 35 52 58 42 38 29  -  - 20  8 39  - 32 11 23 40 15 37 43 14
  3 34 60  7 31 57 39 35 55 49  -  -  - 21 59  -  -  6 26  -  8 29 20 18 19 22  2 30 14  9 52 43 51  - 53 37 25  1 42 24 23  - 45  - 41 10 40 58 47 15 12 46 54 38  4 33 11 16 44 28
  -  -  -  1  - 29  5  -  - 57 13  - 15  -  - 33 49 40 37 20 23 19  9  -  -  4 42 44  - 17 12 24 25 22  - 14  - 47  -  7 10  2  - 11 50  - 48 31  3 53 60  - 58 32 41 52  6  - 30 16
 41 28 39 56  - 25  - 21  6  1 11  - 55 53 47 37  -  - 40  - 46  - 22 57 42 49  8 31 23  7 27 51 54 26  -  2 58 50  - 16  - 19  - 36 17 33 34  - 48  - 44 32  3  - 35 13 14 15 45 12
 31  9 45 16 22 12 51  -  - 19  - 24  - 32 37 23 11 57  - 28 25 39 10  - 38 36  -  5  -  - 20  - 50  -  - 27  7  - 44  - 13  - 49 40 26 41 47 53  - 35 52 42 29 46  -  3 17 33  - 56
  4 55 23 32 43  1 42 46 33  - 47 15  7 50 14 49  9 35 60  2 11 59 12  - 34  - 44  - 17 56  - 20 29 30 38  - 36  - 52 27 39 22 24  5 45  - 54 41 19 26 51 37 25 21  8 16  - 18  -  -
 28 45  - 20 48  6 52 37  - 41 49 42 40  - 15  - 36  5  -  3 44 47 32 50 33 39 60 57  - 14 21  8  7 31 23 30 43 38  2  - 54  - 16 55 59 22 46  9 35  - 10  1  4  - 18 34  - 12 19 13
 55 26 19 15 12 36  - 38  3 20 22  - 57 43  4 60 40 29 32  -  -  -  - 35 25  6 59  8 47 10 34 50 30  2 31 16 46 24 17 44  -  1 42 54 18 53 27 21 13 11 33 48  -  - 45 41 58 51  -  -
 43 39 31  - 58  - 59  3  4 60 27 52 47 23  - 11  5  -  - 51  -  6  - 32 13 56 38 36 45 35 17 42 28  -  - 40 30  - 25 29  2 21  9 33 20  1  8 18 14 54  -  7 24 37 15 22 46 49 34 26
 58  - 28 48 34 40 37  - 49 54 44  2  4  - 39  6 32 53  - 15 60  3  - 42 46  1 24 26 56 45 25 21 13  - 16 38 55  - 59 33  - 41 12 43  7 11 18  - 17  - 23 27 51 47 30 20 50  - 35  -
  2  8 56 12  -  - 30  -  - 53 36  3 16 42 44 52  7 31 17 60 40  - 58 25  6  - 32 38 37 29 18 23  4  - 15  - 28  - 51 59 46 10 35 21 55  -  -  - 43 34  1 49 33  - 11 27  -  - 26  -
 45 16 49 28 19  -  6 14 11 35 34 40 12 47 23 21 17 37 25 26  -  - 60  1 32  - 31  - 44 38 48  7  -  9  - 54  4 13  3 57 33 43 20 51 46  - 41  8 42 50 56 22 36  - 10  2 30  - 18  5
  1 13  - 53 46 60  - 51 38  - 43 35 44 55  2 32  - 56 49  5 26 21 15 29 36 10 14 33  - 42 40 48 37  -  - 31 45 17  - 20  7 25 52  -  - 12 30 50  - 22  8  -  -  4 47 59  -  -  6 19
 23  - 17  - 54 32  -  - 36 50  - 53 35 18 29 59 14 39 57  - 55  5 13 45 30  -  9 48 19 43 37 26 12  7 27  - 11  -  - 25  1 31 47 15 34 24 16 49 40  4  2  3 46 28 51 42 38 41 56 33
 29 22  6 34 33 49  - 32  - 24  - 44 59  7  - 25  2 55  -  - 53 58 14 56 11  - 52 18 51 57 47  - 46 23 10  9 31 15  1  - 42 48 38 26  8 50  - 12 41 60  4 39 45 43 19 21  - 40  -  -
 56  - 21 30  - 28 44 48 20  -  1 46 49 52  - 47 51 60 42 58 45  - 17 15  2 31 19 59 26 22 16  -  -  -  -  - 57 25 10 34 11  -  -  -  4 27 43 13  6  - 24 33 40  9 39 29 54 14  8  7
  -  7  - 23 21 37 38 19  - 16 56 33  - 45 51 17 47 46 18  8 29  2 26 54  9 34  3 42 11 48 10  - 14 36  - 49  -  -  - 31  5 24 43  - 27  - 44 55 58  - 25 60 13 41 52 32 28 50 40 15
 54 15 30 58  -  4  - 13 45 26  6 28 56  2 42 48  - 11  - 36  - 50 34  - 40 20  - 52 12  - 38 27 53  - 44  - 37  -  7  - 22  -  -  - 35 16 24 43  9 39  - 47  - 57  -  5  3 19  - 46
 10  2 32  5 42 56 35 18 41 45 57  - 26 24  -  - 60 47  1  - 27 44 36  -  8  3  - 49 29 51  - 13  - 12 54 46  -  7 50 52 34  - 22 48 40 37 55  -  - 16 31 19 17 25 38 53 59 28  4 58
  -  5 14 57  6 16 19 30 25  - 23  -  -  3 36  1  - 28 33 24 35  - 39 60 55 53 12 37 32 41 31 49  - 56  - 20 38 58  - 45 59  8 34  - 51 40  - 47 54  -  - 50 52 44 27 15 13  7  - 42
  -  -  -  - 50 27  - 41 29 58  -  - 51 44 45 43  -  -  -  1  2 57 59 14 15  - 49 23  - 46 42  -  -  -  - 18  8 37 53 32 26  5  -  4 16  9 11 36 12  - 48 21 34  - 28  - 22 56 13  -
  -  - 53 46 17 24 41  - 18  - 51 25 29  -  - 45 42 19  - 38 57 31 21  2 10 54 43 16  - 47 26  3 58 52  -  -  - 33 32 12 14  6  5 37 44 55 39  7 28 13 22  8 23 50 20  - 60  4 49 35
 47  - 54 44 53  7 27 23 34 33 29 18 43 46 28  4  - 24 55  - 56 13 38  8 41 11 40 25 52 15  1 10 16 17 32 48  -  5 37  9 50  -  - 22 14 36 20 42  - 19  6  - 35 45  -  -  - 59 58  2
 21 18  -  - 15 17 46 47 26  3  - 19 50 41 49 29 54 12 44  -  - 20  - 55 57  -  -  6  2  4 22 36  -  - 24 13  - 45  - 11 48 27  - 34 31 56  7  - 38  -  - 59 42 53 40  -  -  - 32  -
  - 36 48 18 27  8 22 58  2  -  - 21  5 49  - 12  1 54  - 42  4 43  - 53 56 16 47  - 20 37  3 31 40 19  9 50 23 39 60 15 32 51 30 52 33 25 29 28 26 44 34 24 14 13 57 11 45 10 41 38
 26 41  - 50 40 14  4  - 13 12 28  -  3  5 32 38 27  - 24 30  - 42 57 34 39 29 11 53 31 59 44 58 52  - 37 56 33 10  8 46  - 60 25 49 43 35 51  1 45 21 19  6 48  7 16 55 23 17 54 47
  - 27 57 37 56 10 23 39 59 43  5 55 24 12 11 46 52 18 28 31 51 15 47 21  -  - 30  9 35 49  -  -  - 44 50 60 53  6 40 13 38 33 17 19 25  2  1 22  8 48  - 26  - 14 36 58 34 29  - 32
 39 53 20  3 35  2 57  1 46  - 19 54  -  - 41  8 16 42 51 29 24 10  -  9 49 48 25 12 55 52  4  - 59  - 30 36 21 60 38 23 58 56 28 47 11 44 45 33 31  6  - 40 27 34  7 43 32 26 15 37
 40  4 24 36 14 33  1  7  - 31 10 39  - 17 30 35 12 13 50 57 42  8  6 41  5 59 22 15  -  - 19 28 55 21  2 26 56 23 20  3 43 49 48 16 37 47 53 54 34 52 32  9 44 58 46 45  - 25  -  -
  - 58 42 19 25  - 13 24 39 21 46  - 30 35 34  3 55 51  6 43 12 36 16 20 26 28 56 50 22  5  -  9  - 38 11 10 41 18 47 48 37  7 44  - 49 54  4 45 32 40 27 31  8 15 53  -  -  2 29 59
 48 30 27 45  - 59  2 34 10 32 53  - 36 40  5 20 39 41 35 17  - 46 37  - 44 12 57 51 21 25 54 14  - 16  -  4  - 28 18 43  - 42  7  - 29 19  6 38  1  - 13 52 50  - 22  - 47  - 60 31
  - 35  8 38  5 43 58 22 47 14  -  - 45 54  - 13 20  9  - 10  - 41 25 23 28  - 53 24  - 32  2  -  6  - 12 17 48 26 36 55  - 37 51  - 19 34  3 39 50 57 49 29 59 56 21  4 44 42  -  -
  9 33 47 10 30 52 56 40 50 22 14 37 19 58  8 31  - 49 38 13  - 17  - 12 51 24  -  3 43 53  - 16 36 45 25  1  6 21  - 54 27  - 39  - 28  4 15 34 46 42 59 20 55 48 29  7 41 11 57 60
 27  3 15 47  - 58 49 50  9 48  7  1 33  -  6 16  4  2 45 55 34 28  -  - 54 37 18 10 36 31 13 40 41 25  - 42 20 56 29  - 57 12 32 35 22 38 60 14 30  - 11 43 21 19  5 26 53  8 46 39
 24  - 41 26 38 13 34  - 57 17 40  7  9 48 22 42 53  3  5 27 33 45 23 31  -  2 29 14 25  8 28  6 21 47 49 55  1 11 19  4 12  - 15  - 56 20 58 60  - 32 43  - 37  - 50 30 52 35  - 51
 46 43 25  6 28 45  - 36 58 52 33 29 21 60  - 19 30  - 56  -  3 32 24 37  - 17  - 47  9 39  5 53 34 10  -  - 40  4 14  1  - 11  - 41 54 49 57 35  7  - 15  -  - 42 12 48 27  - 50  8
 30  -  5  9 59 51  - 31 19  - 35 41 48  6 54  - 22 21  - 44 10 49  3 52 17 23 46 32 38 12 29  - 60 33 14 39 47 34 24 50 40  -  1 45 15 28  2 16 57 36 20 53  7 18 26 56  - 58 25  4
 50 52 35  -  - 46 12 43  8 55 42 58 17  - 40 39 10 59 36 45 22 38 33 19 53 15  6  2 13 23 60  - 57  4 20  - 16 29  - 18  3 34 21  9  5  7 49 26  -  -  - 14 41 30 44  -  1 48  - 54
 14 47 22 31 45  3 18 55  -  4 52  5 25 56 53  - 28 27  -  - 43 34 11  - 16 51  -  1 59 26 50 39 19 20 46 44 17 32 13 21 60 15  6 23 36  - 35 29  -  -  7 10  - 40  9 24 12 54 48  -
