2880
 38 18  - 53  5 59 21 35 28 10 55 58 23 17 11 24  8 16 34  - 56 44 54 50 30 37 48 26 36  4  1  6 15 41 43 14 47  7 29 45 60  3 27 22  - 13 39 57  - 51  9 20  - 40 31 52 12 42 46  -
 18  - 22 30 47 40  9 57  - 25  2  - 44  - 48 10 28 49 45  - 26 41 59  - 55 27 43  -  -  8 14  3  -  5 42 15 58 38  - 60 17 54 32  7 29 39  1  - 50  -  -  - 56  4 33 51 11  - 13 37
  - 21 20  - 52 11 30 51  - 34 22 18  3 29  4  -  6  -  5 42 55  9 15 35 44  - 56 25 49 37  8 31 26  1 16 28 32 53  -  7 43  - 50 12 39 19 36 13 58  -  - 24 14 48 38 47 57 10  - 40
  - 42 18  9 29 24 28  5 14 51 26 53 43  - 15 44 36 59 22 48 39 50 38 25 57 20 37 52 40 23 35  -  1 47  -  -  4 55 17 10 16  2  -  -  - 45  8  -  6 41  - 60 33 13  3 12 30 19 56  7
  -  4 34 45 42  7  - 26 15 36 29  -  -  - 39 50 25 51 21 14 49 31 37  - 20 24  -  2  3 27 56 33 58 30 28 52 60 46  -  - 57 22 35  - 44 18 38  - 41  9 16 48 40  - 53 11 55 59 17 32
  - 50 19 20  - 30 15 38  8  4  9 37 42 49 27 11 13 35 32  -  3 59  5  1 10  - 23 43  -  7 53 14 29 44  - 12  - 18 22 31  2  - 52 58 46 33  - 34 17 21 57 47  6 45  - 28 40 41 48 39
 24 43  - 15 56 35  7 59 40  - 45 52 20 51  - 55 16 37 33  - 36 29 34 22 39  4 46  3 42 19  - 21 12  2 26 54  - 11  - 53 28  -  5 38 57 31 23 44 13  1 41  - 27 25  6 10  9 17 32 18
 52  - 41 37 58  - 49 42 18 54 35  - 51 48 53  - 59 20  6 40 28  - 50 56  5 32 57 23 31  2 29 30  - 33 22  - 10 12 25 43 26  - 16 17 36 11 13 14  -  - 27 55  4  9 46 19 45 38 34  8
  - 48 23 10 17 50 38 54 30  -  - 43  8  - 21  - 29 32  - 39 14  - 18  6 42  - 45 28 52 12 57  - 25 46 58 22  2 51  -  - 36 41  7 35 20  4  - 49  - 27  1  - 15 55 56 59 31 34  9 26
 33 16 53  - 39  6 51 55 48 14  - 15 56 38  -  7 44  - 46 45 59  -  - 27 49 50 24 10  - 20 36  - 52 11 47  5 22 57 41 32 34 58 30 40 17  - 12  4  - 60 28  -  3  -  - 35  1  2  - 31
 19 57 50 34  - 56 37 22  -  - 54  -  -  - 46 51 26 18 42  2 25 27 31 52 17  - 16 15  - 33  9 48 24 36  - 44 41  5 55  - 38  1  8 21 53 20 59 60 11 40  - 39 43  - 58  -  3  7 23 12
  - 24  - 32 51 13  3 23 37 29  - 14 47 12 17 38  7  - 28  -  2  - 53 34 27  -  6 56  5 11 44 15 45 20 31 60 33 39  1 52 19  4 58 36 26 41 35 50 46 54  8 22  9 43 57 21 10 30  - 16
 14 36 15 24  4 26  5 44 12 21 58  -  -  7  6  - 52 54  - 11 38 18  - 46 47  - 22 57 32 45 25  - 17  -  8 37  1 56 48 30 10 27 20 19 50 42 16 55 23 49 59 31 13 60  - 41 43 40  2  -
 10  -  6 16 45 20  8  9 38  -  - 57 27 52 25 12 33 31 40 54 41 37 43 32 13 58 51 44 28 60  3 59 35 19  - 42 46 34 11  -  - 53  -  1 14 23 30 47 18  2 48  4 26 50 55 49  7  -  -  5
  - 38 30  - 27  - 59 15 17 44  - 41 34 31  - 25 40 56  - 53 46  -  - 18  -  -  -  -  - 50  7 28 21 48 60  8 12 52 13  4  -  9 43 37 49 32 51 58 55 45  -  - 29  - 10 36  -  1 33 42
 17 23 56 58  8  2  - 27 19  - 51 48 59  1 40 13  4 52 54  - 21 26 32 33 12 38  - 46  7 14  -  - 31 49 41  - 30  - 44 28  - 20 25  3 15 53  - 37 45 22 35  -  -  -  - 55 39 60 47  -
 56 51 29  7 33  9 36 32 55 35 50  5 37  - 12 34 23  -  - 19 17 24 26 42  - 45  - 49  1 22 46 44 38 43 11  -  - 47 58  3 39 52 14 41  - 10 20 30 27  6 15 53 21 54  4  2 16  - 28  -
  2 41 45 18  7 23 56 48 34  5 46 38 40 32 37  4  -  - 31  - 30 39 29  - 60 26 33 20  - 55 24  - 11  -  - 58 54 28 19 13 42  -  - 47  9 57 52 59 49 36 43 16  1 51 21 27 53 35  6 44
 31 32  - 49 59  - 20 41 47 38  - 56 13 43 18  5 11  - 58 33  -  - 22 39 16  3 10  4 15 25 27 23 55 51  - 30 42 24 37 35 52 46  - 26 48 54 19  8 40  - 12 28 45  2 60  1 14  6 50  9
 44  8  3 14 46 22  - 30  - 39 37  9 17 59  2  1 47  - 27 12 35 15 60 24 28 48 25  - 41  - 32 16 18 55  - 50 53 19 57 23 58 31  - 10  5 43  4  7  -  - 33 29 38 20 52 40 34 11 49  -
  -  -  - 56 55 60 25 12 49 43  3  - 31  -  - 35 30 58 29 26  -  -  - 17 45  - 53 18  -  -  - 46 48  9  - 32  -  - 39 15  - 21 19 16 52  -  6 33  2 11 20  -  -  - 14 13  4 37  - 23
 35 13 38 57 14 51  6 25  3 28 30  - 11  5 31 41 56 47 44 17 52 12  -  -  4  1  -  9 22 34 59 42 20 60 19 18 45 26 49 36 32  8  2 50 23 58 15 21  - 37  - 43  7 39 29 53 46  - 16 48
  -  - 26 48  - 19  -  3  - 56 18 49 45  6 47  8  9  - 35 59 29  -  1 30  - 31 58 13  - 28 42  -  7 27 12 46  -  - 20 50 33 39  4 54 25 15 41 17 10  -  - 52  -  - 11 23 37 21 36 51
 36  - 52  - 15 33 53 43  6 46 44 13  -  2 58 37  -  5  -  - 19 35 12  7 50 14  -  - 60 40  - 45  9  4  -  - 21 17 54 39 24 55 56 20  -  3 57 51 47  - 31 59 23 42 25 22 49  -  -  -
  8 29 27 31 28 15  4  2 21 32 25 22  -  -  - 14 49 30 26 51  9  - 17  3 46 16 44 39 18  - 19 58 57 50  7  6  - 23 53  - 12 45  - 33 47 34 37 38 36 59 42 41  -  - 40 43  -  -  -  -
 45 52 24 47 49 27 40  6  - 37  4  - 46 42 32 56 55  - 60  - 11 28  - 26 51 57  - 12  -  9 33 41 43 38 35  2  -  -  - 58 22 13 48  -  7 16 17  -  3 53  - 25 31  1 19  -  - 29 44 10
 37  -  -  -  - 32 41  4 56  9 57 34 49 58 45 30 51 26 38  - 15  - 14  - 48  - 36 50 29 18 31 12 16  -  2  - 55  8 24 25  1  7 44 13 33 21 27 53  -  -  6 17  - 35 47  3 54  - 60  -
  1  - 35 12 50  - 60  7 44 13 36 16 25 28  9  6 20 38  - 29 47  8 57 40 15 23 11 19 24 41 58  - 30  - 48 21 17  - 18  - 27 56 51 45 34 59 43  2 31  -  4  - 53 22 54 14  - 49 42  3
 26 27 43  - 25 12  - 49 45 53  1 10  - 19 22 52 31  4 17 30 44  -  7  9  - 51  8 21  - 15 16 34 56  -  - 24 39 35 59  6  5 18  - 57 40 37  3 54 42 14 32  2 55 58 20 60 33 47 29 41
 50 25 60 54 11 10 29 20  1  - 19 12  7 21  -  9 18 24 51 58  -  - 33 23 53 47  - 16 46 39  6 32  - 59  - 57 35  - 31 17  4 40 15 55 43  -  -  3 48  - 34 38 37  - 49 30  2 22 45 27
 20 55 49 59  2 16  - 19  -  - 56 39 48  3 28 15  - 10  - 18 50 13 42  - 24 52  - 37 45  - 38 29 46 58 32  -  6 30 47  - 51 14 53 27  1 22  - 23 60  5 11  9 44  8 34  - 21  4  - 25
  -  - 13 17 23 58 22  - 32 50 49 21 30 18 33 29  -  3 10 55 27 16  - 43  - 40  2 31 44 57 39 52 42 15  - 41 20  - 51 37  - 11 59 46 38  - 54 26  -  - 56  - 12 19  - 45 60  8  1 24
 46 19  1 22  9 41 42  -  7 59 24 45 32 39  - 60 27 28 14  - 53 30  4 58 18 11 17 33 48  3 51 40 23 52 20 35  -  -  2  8  - 10 34  -  - 29  - 12  5 26  -  - 25 31  - 54  6 44 55 38
 57 58  4 44  6 42 55 56  9  1 16  7 29  -  5 23  -  - 39 41 20 33 11  -  - 28 50 59 21 47 48  8  - 31  - 17 37  - 60 49 45 30 36 25 22  - 40 18 14 35 38 12  - 52 27 34  - 46  - 54
 29 47  - 42 43 44  2  - 52 17  - 19 12 57  3 46 22 36 48 38 32  - 49  - 11 21 35  5 50  6 26 53 41 24  - 51 27  -  4  -  - 15  - 34 31  - 58 16  - 30 55  1  8  - 45  9  - 56 39 14
  -  - 31  2 32  8 34 58 57 45 33 23 35 20 19 42 46 60 49 16 43 17 36 14  -  6 40  -  -  -  - 47 37  - 30  7 25  3 15 18 50  5 24  -  4 55 10 56 52 38  - 51 28  -  - 29  - 13  - 21
 39 12 28 55 37 48 11 50  -  -  - 54 52  -  - 47 24 27 36 22 57  - 10  - 32 30  - 53 26 29 45 43  -  7 44 25  -  2  - 34 15  - 41  -  8 17 21  - 35 46 60  3 18  6 16 33 23  -  4 19
 28  - 10 43 24  4 50 47  - 55  6 33 26 23  - 16 41 53  1  - 54 49 35  2 21  8 52 17 57 31  - 51 34  - 18 36 40 22  -  5  - 25 13 11 45 38 60 39 30 44  7 46 32 27 42  - 19 15  3 58
  -  3 46 25 53 28 35 10 11 23 34 55 19 14 50  -  - 41 18  1 13 54 58 49 33 17  9 38 30  - 43  4 22 56  - 47 44  6 21 20  8  - 40 48 16  - 42 31  7 32  - 36 59 37 12 39 52  - 15 60
 48  2 57 36 54 53 17  1 20 58 38 32  -  -  -  -  3 33 52 35 37 10 55 45 22 34  - 60  9 56 47 49 51 13  4 16 15  -  - 42  - 29 23  6 11 28 46 24  - 31 40  -  5 21  7 25 44 18 19 50
  4 33 54 52  - 43 45  - 10 26  -  6 24 47 55 22 48 42 16 13 12 57 51 29  7 25  -  - 37 44  -  - 32 17  3 40 34 50 27  - 21 59 49 53 56  5 31 41 15 58 18 23 60 46 35  - 28 20 30  -
  - 15 48  - 41 47 39 31 58 19 52 27 18 22  - 40  1  - 43 50  -  3 30 57 56  -  5 54  - 46 23 24 60 26 21 55 16 49 33 51 53  -  - 29  -  9 45 10 20 12 37  - 17 36  -  7 38 32  - 13
 11 39  -  1 40 49 31 60 24 52  7  3 55 33  - 45  -  2 47  6 10 48 20 28  - 46  4 58 23 13 30 27  - 54 51 19 57  - 35 38 25 44  -  8 42 26 29  -  9 34  - 50  -  -  5 16 56 53 12 17
 21 26 39 38 20 18 47  - 53  6 48 17  -  - 57 27  5 13  3 56 33 60 19 12  - 49 41 36  4 10 52  1 14 40  - 11 28 31 45  - 44 23 54  -  - 46  - 43  8 50 58  - 51 24 30 42  -  -  - 55
 54 34 36  - 48  - 10 53 43 42 40 35  2  - 59 39  - 45 37  - 18 11  - 60  3  7 32  - 12 58 20 22  6 28 52 49 19  - 46 16 30 57 38 14 51 25  9  1 56 29 50  8 24 26 41 44  - 55  5  -
 32 28  - 21 31  - 46 13 41 30  - 47  - 16  - 33 58 17  - 43 51  1 39 55 14 54 12  7  - 52 15 56  - 45 34 27 24 10 50 22 18 36 29 23  -  - 48 25  -  3 53 40 35 59 44 57 42 26  - 49
 41 30 21  -  - 37 58 16 26  2 15  - 53  4 38 20 12 34 50  9 42  7  8  - 19  - 60 47  6  - 54  - 33 18  1 43  - 27  3  - 11 32 55  - 59  - 24 45 25 10 49 14  -  - 22 46 35 23  - 28
  -  - 16  3 36 45 19  -  - 31 12  - 57 30 52  -  - 50 11 44  -  4 41 38 29  - 47  6 33 53 22 10 40 25  - 26 59 32  - 48 46 49  -  - 54  - 55 27 43  - 17 56  2  7 51 37  8 14 21 20
  7  -  9  -  - 55 32 52 23 11 31 25 36 50 41 58 21 29  -  4  1 20 45  -  6 10 38 22  - 26 28  - 27 16  5 13  - 44 30 40 37 19  -  - 24 56 49 42 57 48 46 54 47 33  - 15  - 43 14 59
  - 53  2 27 21 54 33 40  - 22  8  - 58 36  7 48  - 11 59  5  6  - 13 44 23 12 49 29  - 35  4  - 28 42  9 39 43  - 52 55 41  - 45 31 10  - 32  -  -  - 19 15 16 57 17 38 50 51 24 47
 22 49 17  5 26 25 27 45 42 12 32 30 50 44 51  -  - 21 23  - 60 38 56 41 59 53 29 14 43 16 18 55 54  -  - 33 31  - 28 24  -  6 46  4 37 36 11 52 39  8  - 19 10 34  1 20 13 57 58 15
 25  6 55  - 18  - 12 14 31 48  - 59 10 34 35 36  - 44 15 60 45 53 52 16 41 39 30 40 51 17 49  -  4  - 54  1  - 37  7 21  -  - 33 42  - 50 56  9 29 13 23 11 20  3  2  - 32 24  8 46
  6 11 25 23 57 36 18 46 60 40 47 44  1  - 29  - 10  - 56 31 16 43 27 19 37  2  -  8 58  - 13  - 50 39  - 53  7 45 32  - 14 34  9 24 12 51 28 20 54  -  5 42 30 17 59 26 48  - 41  -
  -  -  5  - 13 46 52 28  4 16  -  2 21 11  - 54 42 23 12 27  - 14 40 15  8 33 31 32 25 43 37  7  - 57 17 48  - 36 56 26 20 51 10  -  -  6 34 29  1 55  3 45 39 30 18 24 58  9 38 35
 27 56 11 13  1 21 14  - 16 33  - 46 22  - 23 57 35  - 30 20  -  - 44  5 58 15 34 55 38 42 40 19  -  - 39  4 48 25  -  -  3 17 28 43 41 12 47 36  - 52  -  - 54 49 32  -  - 50 26  6
 30 31 51 60 10 17  1 21  2  - 27  8 16  - 43 32 50 25  4 23 48  -  9  - 40  - 39 42 11 49 55  -  - 37 45  - 18 58 12 19 54 38  6 28  3 44  - 22 24 47 52 26 46 15 13  5 36 33  7 29
 55 40 12  - 22 39 26 29 33 18 42  4 14  8  - 31 45  - 20 46  -  2 47 21  - 43  7 35 56  - 17  - 10 34  - 38 36  -  6 41 48  -  3 44 28 49  5  -  - 19 25 27 58 11 50 32 59  -  - 30
 58 45 32 46 12  3 44  - 36 24 17 11  - 54 16 59  - 15 13 57  7 19  6 47 34 29  1  -  -  - 60  - 49  - 14 20  9 42 40 56 31 50 26  - 55 48  2 35 28 43  - 18 41 23 37  4 27 25  - 22
 12  -  -  - 30  -  - 17 39 27 43  -  5 40 26  - 54 19  9  -  -  -  - 37  1 42 15 45  8  - 21 25 36  6 59 10 11 29 16  2 55 35 47 18 13  -  7 28 38 57 44 49 48 56 23 50  - 52 20  -
 43  9 14  -  3  5 54 11 51  7 28  - 60 46 49 17 37 12 41 36  -  - 16  -  - 18 20 24 55 30 10 13  8 21 50 45 29  - 42  - 23 47 57 39  2  1  - 48 19 33  - 32  - 38  - 56 26 58 52 53
