2880
 37 39 21 14 10 29  - 19  -  -  -  6 49 47 51 31 12 56  9 36 60  -  - 17 24 53  - 46  3 15  -  - 33 44 43  -  -  1  7  - 27  4 57 55 48  - 30  2 18 35  - 54  -  -  -  8 52 40  -  5
 50 15  - 51  - 32 19  1 45  - 56 12 17 40 58 37 24 55 41  - 25  - 11 16  - 39  -  - 49  -  5 46  - 18 36 10 53  - 42 48 44 38 35 23 27 31  3 28  - 60 30  6 57 52 20 13  - 47 54 43
 23 52  -  - 15  -  - 54  2 16 34  4 43 58  8  - 57 45 18 40  5  - 27 36 26 13  7 21 41 11 51  9 28 20 60  1  6 48 33 14 25 50  - 32  - 35 47 49 59 17  - 56  - 39 10 29 12 42 31 30
 44  -  - 24  -  9 14 53  - 33  - 41 37 15  4  - 39 12 28 43  - 29  -  8  1  6 31 34 42 48  7  - 36 59 20 27  -  - 19  - 58  -  5 46 23  - 51 56 57 47 54 30 52 13  3 22 32 38  - 11
  5 30 48 19 27  4 35 36  8  -  2 49  - 44 12 15  - 52  - 50 57 18 23  - 37  - 54 26  -  - 55 13 45 10  6  -  -  - 11  - 33 53 17  - 41  - 39 58  - 22  - 60  -  - 47 46  1  - 20 42
  - 11 15  -  - 22  -  - 33  - 58  - 47 42 39 30 37  - 32  6 40 46 14  9 31 43  1 59 54 34  -  7  - 51 50 16  -  - 18  - 23  2 53 26 28 29 52 20 12 55  8 44 48 57 41  -  5 56 60 21
 39  - 52  -  5  1 10 21 14 37  - 54 19  6  -  8  - 30 38  -  -  -  - 59 22 15 48  2 58 50 40  -  - 16 47 42 32 36  - 43 55 25 31 18 46 33 53 13 34  9 29 45 56  3  -  7 17 60 51 57
  - 44 20 23  - 59 17 51 32 58 40 22  - 10 57 41 46  - 34 60 15 38  - 35 48 37 47 12  -  5  -  6 25  -  - 49  -  - 24 26  9 29 11 52  - 54 42  - 50  -  3  1  4 28  2  - 31 45 14 18
  - 45 11 42  -  -  - 33 18 39 36 50 28  8 37 12 22 49 47 24 34 51  1 60 52 21 29  4 57  - 56 32  9 19 10  -  - 58 46 59 14 55 16  6 31 38 27  -  3 13 15  2  5 23 26 25 44 53 48 17
 51 12 42 30 45  2 48 28 27  - 38  7  4  - 49 39 50  - 60  - 41 17 56  3 53 35 25  -  5 40 11 22 29  6 21 59 37 10  -  - 19 52 44 20  - 23 14 15 24 32 34  -  9  - 58  -  - 13 57  8
  - 10  2  4 41  3 51  - 23  - 37 33 13 11 53 50 38 31 36  9 30 42 59 49 27 56 19 16 22 17 29 60 26 52 54 46 34  7 25 28 24 20  - 58 18 47  - 48  1  -  -  -  - 12 21 14  - 57 15 44
  -  - 16 49  - 58 26 31  - 55 14 34  7 29 25  2 13 47  - 53  9 28 51  -  4  - 60 36  - 42 20  8 56 39  - 52 44 40  - 22  - 33 12 24 19 21  - 46  - 45 43  5 59 35 30  - 27 11  - 41
  - 56 19  1  - 55  - 14 43  3 49  -  -  4 33 27 18  7 17 25 52 54  9 51 41 46 12 48 23 44  - 45  -  -  - 21 10 32 39 53 35  -  - 47  -  - 37 38 22 50  6 20 13 29 31 11 34  8  - 15
  - 33 22 57 26 17 29 44  - 51 59 31 60 32 47 23  8 21 43 42 54 36 18  - 28 10  6 41 52  - 46 20 53  - 35  -  9 56 12 19  1 24  -  -  - 48 40  - 27  -  5 13  3  2 11 49 38 39  - 34
  -  7 32 58 52 11 28 56 37 27 12  2 41 21  - 48 60  - 55 17 36 26 46 13 23 16 49 22 24 59 18  - 43 53 29 51 33 50 10  5 20  - 14 44  -  - 19  - 40 30 39  - 38  1 35 54  9 15 25  -
 30  - 25 22  7  - 32  3 40  - 24 17 14 19 60 52 33 35 44  4 59  - 38 28  -  - 26 47  9 46  6 43 50 49 23 45 58  - 54 34 31  -  -  -  5 37 11 12 15 16  2 42 27 48  -  - 10 18 41  -
 59 57  5 21 38 28 18 42 13 40  -  3 29 55 54 46 41 51  1 27 35 47  - 37 36  - 20 32 34  6 10 39  - 48  - 43 14 33  4 56 12 58 52  9 49  - 50  - 19  8  7 31 25 60 53  - 15  2  - 24
 29  2 50  -  -  - 36  - 58  - 17  -  - 24  5 11 26 23 33 21 46 43 10 39 16 51  9 28 20 45 42 12  3 14 15 55 38 13 47 37 49  - 30 54  1 60 35  - 48  - 25 32  -  - 22  6  - 52 34 53
 42  - 60 32  - 53 45 16 52 36 13 35 58  - 44 33 40 19 25 46  - 39 31 54 50  - 27  - 30 51  - 10 57  2  -  5  -  - 34  -  - 11 18 49 15 12  - 14  8 21 17 41 47  7 48 37 28 22 38 29
  6  -  - 33  2 23 34  8 10 21 51 53  - 20 50 60 35 13 40 52 26  -  -  -  5 44  4 57 15 56  -  - 38 36 45  -  -  - 29 55 48  7 22  1  - 59 16  -  9 42  - 24 31 11 19  - 39 25 37 49
  - 14 33 40 59 10 54 23 57  1  -  5 44 37 18 43  -  2 53 26 22 34 41 30 42 19 50 56 12 25 36 24 49 35 51  3 27 20 48 16 52  - 28 17 29  - 58  9  - 39 46 38 55  4  7 47  8  6 21 31
 49 35 28 56 17 51  - 32  - 45 33 25  3 23  - 22 20 37  7 31  2 19 24 14 40  - 55  - 38 18 48 52 41 21  1  8 15 60 53 58 57  - 26  -  -  - 12 59 13  4  - 39 30  5 44  - 29 10 46 36
  - 48 36 28 37 30 46 26 53  -  1 21 15 50 20 34 31  8  - 39 44 33 49  - 59 47 35  - 29 55  - 57 12 24  7  6 17 54 58  -  2  3 40  -  -  - 56 11 60 38 10 25  - 32  - 41 14  - 16 27
  -  -  - 52 24 43  -  7 30 20  - 32 36 57 55  - 10  -  8  -  - 27  -  2  - 12 56 50 47  -  9 53  1 41 14 54  -  -  - 51 60 21 48 25  6 19 15  4 38 59 23  - 22  - 34 42 49 16 39 37
  -  9 54 26 23 16 33  5 36 53  3 51 22 59 24 57 45 17 31 49  -  -  - 12  - 25 21  -  -  -  -  -  7 47 13 58 52 43 41 39  4 14 46  - 35 15 44 18  6 19  - 11  1 34 42 40  -  - 29 50
  4 40 29 37 12 15 55 47 24  7  - 60 23 52  - 13 34 48  -  - 43  9 33 56 58 57 51 18  - 21  8  5 27  -  - 41 50 35  -  -  - 10 19  3  2 42  - 44 32 25  1 53 11 49 17  - 46 20 45 26
 27 37  3 18  9 25  - 22  -  - 21 23 24  1 16 53 14 50  2 56 39 40 52 47 35 59  5  6  7 49 34 33 15 13 48  - 45 44 17 20  - 46  8 28  4 36 29  - 31 51  - 19 32  - 60  - 43 58 11 38
 32 55 34  - 44  -  6 15  1  - 47 13 48 30 45 36  - 20 46 58  3 56 16 26 11 52  -  -  - 43 27 19 31 22 53  - 21 23  - 54 10 51 37 41  7 39 33  - 49 28 60  - 17 59  - 18  -  -  -  -
 15  - 43  7  - 38 23 12  4 57 11 42 39  - 52  1 53  9 13 32 20  8  5 21 29  - 44 37  - 47 25  - 34  -  2 40 46 14 56  3 28 26 58 10 59 18 49 17 36  6 16  - 60 51 24 33 41 48  - 19
 57  - 37  - 43 45  7 24 11 19  - 58 52 18  9 10 49 16  -  3 38  1 34 55 32 14  - 42  6 20  - 21  - 33 31 47  -  2  - 13 40 15 25 27 17 22  5 36  - 56 48 23  - 54 46  - 30 50 12 60
 26  - 59  - 33  - 13 57  7 32  - 48  -  - 22 20 21  - 51 10 37 11  6  4 39  1 43 54 45 38 14 36  - 31 28  - 47  5 15 29 17  -  2 35 34 50  - 30 16  - 19 55 23 58 56 52 24 49 40 46
 60 34 10 25 21 52  - 40 26  4 55 18 33 17 32 14  9  -  - 29 23 20  - 41 19  -  - 38 59 27 58  -  5  7 37 24 36 49 31 44 53 39  - 48 12 13  6 51  -  1 56 16 43  8 57 50 11 35 42 28
 52 36 24  8 54 40 49 46 41  - 48 56 34  - 59 32  - 26  3  - 11 55 42 19 15 30 57 10 37 13  2 28 44 29 39  -  1 21 27 50  6  -  - 38 45 25 31 22  7 20 51 58 14 17 43  9  4  5 33 12
  - 16  - 34 50 24 20  - 47 46 43 44  -  9 48 51 55 18 52 41 31  - 22  - 45  2  - 60 14 23  3 15  - 27  -  - 40 29 13  - 56 17 32 53  -  1 38  - 33  - 21 12  - 30 54  5 19 37 49 59
 41 23  -  - 48  6 52 13  5  - 16 14  -  7  - 47 59 60 10 44 51 58  2  - 21  -  - 35  8 39 49 11  - 45 55 17 29  -  - 46 15 57 27  4  - 28 43 50 37 33  -  9 40 26 25 34 56 54 30 22
 56 47 13 16 32 34  - 37 22  - 35 24 46  -  7  - 51  4 14 28  - 23 12 53 25  - 58 40 33 60 38 26  2 15 57 19  - 31 43 52 18  1  3 30 20 11 54 29  - 41 45 17 10 44 27 21 55  9  6 39
 48 41  8 11 42 35  - 39  - 24 57 46 50 49 28 19  - 58 45 18  6  7 43  - 14  5 32 31 16 12 26  3 40  1 59  4 20  -  -  -  -  -  9 13 56  - 10 34  -  - 38  - 54 15  - 17  - 36 23 52
 58  -  -  - 60  - 56  - 51 44  7 28  9 16 11  - 52 15 12 20  4  6 25  - 10 36 23 39 48 53 13  - 35 40 34 22 57 27 21 17  -  8 54 19 38 43  - 31  5  - 33 14 24 50 37 55 18  1  3  2
  - 53 14 17 16  - 27 52 15 25 29 39  6 26 30 35 19  - 11 48  7 24  - 22  9 28 41 49 44  1 45 51 32 50 46  2  4  - 36 38  5  - 13 60  3 56  - 40 10  - 20  - 42 31 23 12 58 34 43  -
  - 19  - 53 49 31  - 48 44  9  - 10 30 14 43 16  -  -  - 38 18  5 60 42 46 27  8 15 35 33 37 54 55  4 12  - 41  - 22  7 11 47 20  - 13  - 25  - 17 36 26  - 34 24 32 45 23 51 59  -
 11 27 58  2 47  7 37 35  - 14 41 43 31 39  3  9  -  1 16 19 45 44 53 15  6  - 17 20 25 32 24 59 22 28 18 50 48 51  -  - 46 34 60 40 52 55  4 26 29 23 13 10  - 33 12 38 54 30  5 56
 22  8 39 35  -  - 44  2 17  - 25 16  -  -  1  - 32 10  6 33 14 31  - 24  3  - 37  - 46 41 12  - 48  5  4 56 42  - 49 30 36 23 59 34 51  -  - 27 55 26 50  - 15 43 45 58  -  - 19  9
  2 22  - 41 53  - 11  4 25 34 39 52 55  3 15 17  6 40  - 45 47 32 37 27 30 49 14  - 31 36  1 42 60 46  - 38  - 24  - 10  - 19  - 51 58  - 57  7  -  5 28 59  - 56 29 48 13 33 26 54
 10  - 12  6  - 49  - 60 59 43 27 29  1 41 46 21  - 24  - 37 28 13  - 18 47  -  - 45 32 16 53 17 42  3  -  - 39 26  -  - 38 30  4 56 54 58 36 23  2 48 40 34 50 14  8 20 33 31  9 51
 25  6 51 10 58 12 16 29 20  - 18  - 32 34 56  7 27 59 21 54  8 60 50 57 43 24  3  - 53 35 33 38 52 26 22  - 28 42  9  2  - 13  1 31 30  5 23 45  4  - 55 46 37 41 14 36 40 17 44 48
 47 49 40 44 39 26 57 34  3  - 46  - 45 25  -  - 17  - 48 13  1  - 36 10 56 29 16  - 19 31 54 58  - 60  - 28 12 37  - 42  7  - 41 50 33 51  8  - 30 11 18 52 35 38  5 59 21 23 24  -
  - 58  4 60 55 57 30 43 46 54 22  - 51 28  6  5 42 34 23  8 33 53 20  - 18 41  - 24 17 19 50 56 10 32 40 25  -  9  2 11  - 59 47 29  - 44 48 37 21 52 49 36 45  - 15 35 26 12  7  3
 34 31  - 55 51  - 50 45 21 60 32  - 20 27 19 38  3 29 49 23  - 25 48  5 54 11 28 17 18 14 52 41  -  - 44 36 56  8 30 40 39 12 33 22 57  9  1  -  -  7 42 15 58  -  - 10  2 59 47  6
  1  -  6 45  -  - 15 17  9  -  5 55 27 56 26  - 30 32 24  - 12 21 58 29 38 48 46 51 13  -  - 25  4 34 41 23 16 11 52 33 50 36 49  7 43  8 60 47 35 54 14  - 53 37 59 19  - 44  - 40
  -  - 18 50 35  -  8  - 12 59 19 15 16 54 21 58 28 39 27 51 29 49 40 34  - 38 13  -  - 52  4 31 37  - 30 44  - 47 20  - 43 48 56 57  -  -  2  3 14 46 53  - 33 22  6 23 42  -  1  7
 20 59 31 39 19 56 12 18 60 52 10 11 21 38  - 54 43 53  -  7 13  -  - 40 57 23 33 25 36  -  -  4  6 30 49 34  3 41 26  1 45  5 42 37 55  -  -  - 58 29 35 48 44 47 50 24  - 46 17 14
  8  - 46 15 20 33 58 30  6 17 26 59 54  - 35  - 48 42  - 16 53 37 39 38 34 18  - 13 10  3 21  - 47 11 19  7 22 12 51 31 29  - 55 36 44 57  -  - 41 14 52  - 28  9 49 60 50 43  - 23
 18 21 53 38  3  - 39  -  - 26  -  1  2 35 42 59 54  - 37 47 32  -  7 50 17 31 11 19 28 22 60 14 46 12 24 33  - 15 23 57 51  -  - 43  9  - 13 25 56  -  -  - 29 10 36 30 48 41 55 16
 46 17 49 13  6 50  - 11 31  -  9 30 18  - 10  - 47 25  5  2  -  - 35 43  7 33 38 58 60 57 28 44 54  - 32 20 23 34 40 36 59 22 29 16 21 14 55 52 51 27  -  - 26 45 39 56 37  3 53  1
 53 32 38  - 34  5  1  - 39  6 23 37  - 33 13 28 56 41 58 14 27 48 21  - 12 20 10 44  - 24 31  2 30  -  3 29 18 46  -  - 22 45  - 42 50  -  7 60  -  -  9  8 36 19 51 57 16 26  -  4
 31  4 47 59 13 14 40 38 19 28 44  - 57 60 17  -  2  - 50  5  - 41 29 23  - 26  -  3  - 58 30 35 18 42 56 48  -  - 45 15 32  9 21 12 37 20 46 33 54  - 22  - 39  - 16 43 36 24  8 10
 12 46  -  - 14  - 60 55 38  8 53 47 10 51 27 24  -  6  - 30 56  - 44 33  2  9 34  1 43  7 35 37  - 23 58  - 54  4 28 41 26  - 50 59  -  3 21 39 20 31  -  - 49 16 52 32 25 19  - 13
 40  - 27 54  - 44 47 41 55 23  8 36 59  5 29  -  - 14 42  - 48 52  3 20  -  - 18  - 26 37 15 50  - 43 25 13  - 22 38 24 34 31 10 33  - 46 17 21 11  -  -  -  2  6  9  - 45  - 32 35
 19 38 26 48 29 39  4  - 35 18 54 57  5 22 40 44  7 43 56 15 17 59 32 52 13  3 36 53 51 10 16 23  -  9 42 37  - 30 60 12  8 49 34 21  -  2 41  1 28  -  -  -  - 20 55  -  6 14 27 45
  3 43 41 36 46 54  -  9  - 50  6  - 38  - 23 25  5 44 26  - 42 22 19 48 60 58  -  7  4 29 47 55 14 57 17  -  -  - 32 35 16 28 51 15 11 49  -  8 52  -  - 37 18 21 40  2 53 27 13 33
