2880
 13 19 36 21 44  2  9 30 29 20  -  -  - 12  8 41 25 32  -  7 40 34  - 27  -  - 59 56 33  1 14 10 42  - 55 11  - 60  -  6 18 23 47 24 43 22 53  - 39  - 49  5  - 45 37  3 31 26 54 52
 24  - 54 43  -  9 19  6 57 39  - 40  -  - 37  - 60 41 20 31 22 23 59 35  3 33 14 34 58  - 52 27 45 13 32  2 51 30 36  - 42 12 49 25  - 11 48 17  -  - 55 26 15  4 46 56 29  7 53  8
 46  - 29 19  1 28 37  -  - 51  - 10  - 16 40  - 52 21 59  2  - 47  - 18 44  3 27 36  - 12 33 15 23 24 56  - 14  - 42 53 32 58  - 50  8 25 54  5 35  - 22  9 13 57  - 20 11 38  7 55
 21 13 11 59 28  - 27  - 10 25 16  7 29  -  6  - 58  - 12 44  3  1 42 30 53 32  5 15 17 14 38 41 52  2  - 47  9 36 54 50 43 60 24 57  -  4 46 49  - 39 31 18 37 55 56 48  8 45 22 34
  - 18 23  -  - 19  7 48  - 44 15 38 50 26  -  2 55 56 28  9  8 20  - 53 31  - 35  -  5 32 29 40 16  6 52 27  - 43 14 46  - 39 42 10 12 47  - 37 22 59 57 33 49 24 25  4  - 17 41 60
 17  2 53 33  - 36 23 21  - 10  - 39 55 24  - 18  - 45 25 20 57 58 50 38  7 44 42 32 47 59 48 52 31 41  1  -  -  5 49  -  - 22 16  8 60 29 28  6 26 27 34 54  4 56 12 46 15 11 14 43
 41  - 56 40 50 54 39 49  1 46 36 30  - 57  -  - 59 42 13 10 32  4 28 58  -  - 12 20 23 33 35 21 55  9 19 38 29  - 25 26 14  8 53 16  - 27 44  - 24  - 48  3  5 11 17 60  -  2 37 45
  -  -  4 34 26 41 16 45  -  - 55  2 22  7  9  3 11 12  1 46  - 33 36 31  - 48 53 19 54 39 13 17  5 40 50 23 49 35 15 57 51  -  - 44 29 43 60 32 58 10 56 37 38  -  - 18 28 25  6  -
 39  -  1 24 45 22 34 15 23  - 60 18  9 13  - 53  3  -  - 29  7  - 38 49 25 17 36  -  - 21 32  5 41 47 57  - 43  - 56 52 55 54 11 59 30 19 10 40 28 35 14  2 33 50 20  6 48 58 27 16
  8 43 10 54  - 42 36 31 16 18  - 28  - 15  - 51  - 24 38 32 21  - 46 60 29 35 30 37 45 25 34 39 47 56  -  - 59  -  5 40  2  - 48  - 26  -  -  9 14 44  - 49  - 27  -  1 55  - 13 53
 36 37 52 20 29 50  - 44  - 30  -  - 41 19  5 16  - 11 15 58 59 10 32  - 13 56 26  4 14 55 47  6  - 25 28 34 48 39  - 18  - 53  - 46  -  - 35  -  -  3 54 45 43 12 51 49 27 24  -  1
  6 26  2 46 56 39 32 57  -  9 59 11 13 54  7 27 17 52 58 12  4 29 16  - 15 20 50  -  - 38  5 48 18  - 30 25 55 14 47  3 21 35  - 34 42 33  1 41 37  8 19 24 40 44  -  - 49 23 51 10
 28 15 60 42  - 12 10 32 34 53 30  - 43  5 19  -  -  - 29 18 54 21  -  1 40 59 58  - 35  6 55 49  4  - 46 20  - 45 44 27 48 47  8 22 13 23  - 31 38  - 25 17  9 16  -  -  2 33 24 56
  - 10 26  8 54 37  -  5 14 59  - 57  - 51 17 21  - 47  -  4  -  - 60 56 58  -  -  1  - 52  2 11 19 16 24  - 39 42 34 43 40 44 20  - 41 49 30 18  -  7 15 32 36 48 33 29 45 31  3 22
  2 55 28  6  -  1  - 58  - 47  - 12 59  -  - 29  - 43 11 52 45 32 49 42 24  8 18  - 39 36 19 33 17  4 14 53  5 51 23 22 25 30  -  9 38 13 50  3 57 34 27 16  - 40 26 44 37 21  - 46
 42 58 40  -  8  - 15 13 41 36 54 17 32 39 24 44 57  - 14  -  - 37 53 23 50 45 34 38  7  9 59  - 56 11 43  -  - 33 19 51 49  -  1 31 55 28 12 47  - 52 10 25  -  2 22 35 30 16 29  -
 22 16 46 15  -  - 52 11 37 21 49  -  8 38 47 43 32 28 36 34 31 19  4 24  - 58  3 48 44 26  - 25  - 42 17 12 30 13 29 35  7 10 18  -  -  2  5 23 27  1 45 50 14  9 40 51  -  6 60  -
  - 54 16 57  - 17 13 42  3  -  4 49 48  - 36 22  7 44 41 45  - 18 55  9  5 29  - 53 20 27  1 35 12 34 10 30 25  8 58 11  -  - 33  - 37 21 39 26 31 51 46  - 50 38  - 19  - 59  - 14
 12 20 41 23  - 21 42 51 49 43  - 22 24  8  4  -  - 31 18 50 25  9 56 15 57 52  2  -  - 35  - 59  1 46 39  - 17 27  - 60 47  - 26  -  3  - 36  - 11  - 33 28 19 53 55  - 58  -  -  -
 53 49 17  2 60 10 26  4 40 37 42 56  -  -  - 50 20  7 55 21  - 31  9 25  8 22 13  - 52 41 39 14 43  - 18 45  - 16 59 54  5 34 35 36 47 15  - 48 33 19 24 27 58 51 11 28  - 32 44  -
  5 17  8 13 41 33 30 53  - 56  9 15 16 36 50  - 45  -  - 28  1 42  - 34 22 10  6 23 32  - 60 46  -  - 44  - 27  - 55 47  -  7 25 11 24 59  - 43 29  - 40 20  - 35 18 39 54 12 49 26
 35 14 58 30  5 29 46  7 24  - 27 33  - 37 38 28 48  3 17 43 26 57  2 40  - 53  -  -  - 42 45  -  - 52 41 59 18 47 22 44  - 16 56  6 19 10  8  -  - 25  1  4  -  - 34 54 50 36 32 13
 14  - 55 45 46 20  4 22 27 32 39 37 40 52  - 49 38 18  - 19  - 24  - 48 59 57  8  - 41 13  3  - 35  7  - 43  6 56  - 16 11 50 28 33 15 34 25 30 36 17 29 51 54  -  1 58  5  -  -  -
 38 23 22  1 14 56 35 29 46 55 10  5 44 40 59  -  -  -  -  -  -  7 47  6  - 12  - 13 28 43  - 36 58 37  - 48 54  3 50 39 26  - 52 27 20 18 15 53  4 60  - 30 32 41  -  9 17 42 16 31
 25 36 57 39 38  8 49 16  -  4 18 26  - 31 42  -  - 46 53 56 28  -  - 17  -  7 40 47 50  - 15  3 44 45 23 35 41 48 12  - 10  -  - 14  9  - 20 55  - 13  -  - 22 21 52 27  6 19  1 33
 37 27 31 10 42 60  - 39 44 49 53 20 18  6 35 56  -  5 57 47 41 54  8 11 52 24 46 55  - 30 26  9 14 12 40 58 21 28  3 34 45 17 50  1 22 36 33 38 13 48 59 29 51 32 43  7 16 15 23 19
 23  - 12  - 20 13 51 50 54 58  5 29 21 35  3 33  -  9 56  -  2  -  - 10  - 31 19  -  8 46 24  - 22 36  - 17 38 37 18 15 53 43 57 40 25 32 55 52 49  4 39  -  - 34  7 47 14 48 26  6
 11 29  - 32  - 23 24  - 45 31 52  6 28 47 41 59 19  - 49  8 58 39  3  - 21  - 48 46  1  - 51 50  - 35 12 44  - 20  - 37 60  - 54  -  - 40  9  - 25 55  2 14 56 30  5 34  - 22 43 38
 15 25  7 17 37 45  -  -  9  6 19 35  5  1 26 30  - 48 44 59  -  - 33 55 27 50 22 57 24  -  -  - 36  - 29  4 31 46 51 32 38 21 34 56 28 52 47 42 54  -  8 41  - 58 14  2 23 39 10 49
  3 30 44 48 58 53 54 14 18  -  - 23 51  9 57 25 40 34 46 26 16 17  - 41 10 13  - 33  - 29 50 60 27  5 38 42  - 55  - 49 37  2 32 45 21  - 11  - 59 36  7  - 31 28 35 15  - 56  8  -
  -  - 27  7 52 51  - 28  - 24 32 42 11 29 15  - 14 40  - 41  -  - 13  2 17 54 21 31  3  -  - 34  -  - 33  5 16 50 26 30  4  1 60 18 45 48 43  8 56  - 53 59 35  6 57 55 47 10 36 39
  -  9  - 56 35 49 40 54 17 50 44 25  4 27  -  -  2  -  - 48 47 14  5 39 43 30  - 26 57  3 41 37  - 59 22 10  -  1  - 13 46  - 31 32  7  -  - 58 53  - 20 23 12 36 28 11 21 51 34 42
 26  8 25  5  9 18 21 55  - 12 38  -  3  2  - 14 31 53 43 37 51 15 35 13 60  - 28 29 30  -  - 32  6 57  7 49 45  -  -  1  -  - 10  4 39  - 17 36  -  - 11 42 34 54  - 41 59 44 50 27
 40  - 38 50  -  4 41  -  6  - 43 34 25  - 18  8 36  1  - 33 17  - 48 59 37 51 15  - 53 44  -  2  - 39 49 55 58 21  - 14 28 45  5 47  - 31 13 54 60  - 52 57 42 19 23 12 26  - 46 29
 27  -  6  9 55 31 47 23 52 22  1 50  - 34 43 54 46 30  5 13  - 36 29 26 16 49 39 14 59  - 11 28  - 17 48  - 10  - 32 41 56  3  2 37  - 35 19 57 18 21 12 44  -  - 24 42  -  8 25  -
 29  5 33 47 22 27 17 56 38 41  8 24 12  - 48  - 53 13 39 14 35 49  -  7 32 26 16  3 21 34 30  - 60  1 42 15 20 10  -  - 52  - 40 54 59  - 51 45  -  2 37 19 44  -  6 50 18  -  -  -
 10  7 50 12 13 57 28 37 47  -  2 54  - 21 55 26  - 14  4 35  - 38 25 45 48 40 52 58 29 31 18 19 53 22  - 24 44 59 11  8 20 33 41 15 56  9 49  1 30 43  3 46 39 60 32 16 51  5  - 17
 48 34 59 52 30  7  - 36  -  - 33  - 47 56 27 17  1 15  - 39 19 28  -  - 49 42  4 51  9  8  6 22 46 21 54 13 23 25 41 24  3 18 55 53 58  -  - 44 43 32 35 38 60 37 16  - 40 14 57 11
  7 40 20 31 23 24 55 41  -  -  - 59 46 53 49  - 33  - 52  - 18 56 44  -  9 47  1 11  - 17 21 16 38 43  -  8  3  -  4 45  -  6 58 26  - 37 32  -  5 42  -  -  2  - 10 30 22 29 15 36
  - 50 51  - 16 30 45 35  7 40 22 32 27  - 10  5 28 33  9 15 11 13 57  4  -  - 37  2 18 24 44  1 29  -  6 31 42 38 53 59 54  - 39 41 14  - 21 56 52 47 43  8 26 17 36 23  -  - 19 20
 18  - 34 22 27 14 59 33 12  - 11 46 15 49 32  - 21 57  -  -  - 60 52 19 35 39 44 30 25 20  7 54  9 38 16 36 53  -  - 55 29 24 17 48  - 41 56 51 50 31  6 10 28 26  8  -  1 13  5  -
  4  - 47  - 19 15  8 26 55 42 14  - 52 48 51 13  - 29  -  - 49  - 30  5 38 37 57  9 56 50 20 24 32 31  - 22 33 41 16  2  - 27 12 58 17 39  7 11  1 40 36  -  -  3  -  - 10 54  -  -
 44  1  3 51 53 38 11  2  -  8 26  - 30 23 16  - 56  -  -  - 13 27 45 29 18 14 41 60 36 28  -  4 39 10 25  7 24 34 20  - 17  -  6 19 54 50 40 21  - 49  9  -  - 46  -  -  - 37 33 58
 30  - 37 36  - 16 12 47 32  - 21 19 20  - 44 45 23  - 50  - 10  6 18 54  -  2  - 49 42 51 46  - 28  - 27 39 40 11  1  -  - 48  9  - 35 58 34 60  8 14  - 22 29 13 38 53 24 52 31 41
 57 35  - 37 11  5  2  - 33 13 56  - 14  4 28 38 24 10  -  6 15  - 21 12 19 60 20 17 16 58 22  - 50 51  -  - 52  - 40 29 34  - 59 49 32 44 23 25  7 46 18 55 27  - 30 45 36  - 39  3
  -  - 39 60 15  6 56 46 26 34 24 27 33 14 25 20 10 55 37  - 12  - 17 16 23 41 45 35 19  7 49  - 30  8  3 28 47  9 57 42 36  4 13 21 48 53 52 29 44 50 32 31  1 22 54 40 43 18 58  2
 31 41  - 53 36 52  - 34 48  -  - 14 56 44  2 15  - 25 54  - 60  - 39  3  -  1 24  5 38 45 27  -  8  -  -  9  - 49  - 20 12 59 22  7  - 16 18 50 19  6  -  -  - 10 42 26 57  -  4 23
 55 33 21  - 43 32 50  - 11 35 29  - 60 45  - 42  -  -  -  -  -  -  6 47 14  9  -  -  -  5 31 58 25 49  -  1 13 40  - 36 24  -  - 38 51  -  - 16 17 26  - 39 57 18 19 59  - 34  2 12
 51 32 19 25 48 58 44 40 53 28 31 16  -  - 39 34 47  8 60 17  9 46  - 14  -  6 54 24 12 56 42 57 49 23 45 18 50 52 37 38  1 11 21  -  - 30 59 27  3 15 26 13  -  5 29 33  -  4 55 35
 60  -  9 18 25  -  3  -  -  - 28  - 39  - 11  1 15 58  - 53  -  -  7 33  - 36 32  6 55  - 43 45 13 27 21 16  8  - 52 12 22 49 19 42 10  5  4  2 23 57 50 56 17 29 31 38 35 20 40  -
 56 52 24 29  - 35 14  9 43  - 41  4  6  - 13  -  -  - 26 57  -  8  - 32 36 15 49 50 51 10 53 44  - 33 34  -  7 18 48 17  - 20 27 30  5 55  2 19 40 22  - 12  -  1 58 21 46  - 45 25
 50 22  5 55 49 47  - 12 42  2  - 13  - 17 58 40 35 36 51 16 20 48 37  -  6 19 11 45  4 57 10  - 21 54 31 33 34 29 38  7 27 56  - 23  1  - 26 59 32 41  - 15 30 52 39  - 60 46 18  -
 32  - 14 58  2  -  1 43  - 54 23  3 31  - 46 47 39  - 10 49 29 45 34 22 20 27  9 41 15 48  4 26 51 28 59 19 12 17  6 33 50 38  -  5 16 42 24 13  - 56 30 36  8  7 21 25 53 40 52 44
 16 42 45  - 12 40  6 38  2 19  - 21 57  - 14 39  8  - 22  1 56 43 20 37 54  5 29 18 11 47  - 55  - 30  4 26  - 15  - 48 33  -  3 52  - 46 58  7 34 28 44 53 24 23 27 32  9 35 17 50
 54  - 15 44  - 43  - 25 31  1  - 53  - 41 45 24 50 22 27 30 55  2 40 21 39  - 33 52 26  4  - 29 37 20  5 56 11  7 46 23  8 57 38  -  6 51  -  - 16 58 42 35 47  - 13 17 12 49  9 32
 34 56  - 14 24 48 22 59 21  -  6  1  2 42 60  9 29 26  3 38 36 12 19  -  4 11  7 25 46 49 28 43 40 55 37 57 32 23 31  - 13  - 44 39 18 17  - 20 47 54 51  -  - 33 50  8 41 27  - 15
 20  - 30  - 21  3 48  8 51 33 17 36 37 32 29  4  - 49 34 54  - 53 24 46  2  - 55 59 31 18  - 12  7 60 58 50 26  - 45 56 44 41 23 35 27 14 42  - 15 16 13  - 11 43  9 52 39  1 28 40
 19 28 49  -  4 59  5 52 58 48 51  9 10  - 53 37 18  - 31 27  -  3 23 50  1 34  -  8  -  - 17 20 54 15 26 60 56  - 24  -  - 13 43 12  -  6 29 46  - 33 16  7 55 42 44 22 25 57 47 30
 52  - 32 16 59 25 57  - 15 17  -  8 42 55 21 12  5  6  7 36 33 50 22 43 11 38 10 40 13  -  9  -  3 44 47 29  2 26 30 31 35 37 45  -  -  - 27 28  - 24  - 48 18 49  -  -  4  - 20 54
  - 45 48 26 32 44 31  -  - 38 58 55 35 43 56 11 54 37 24  - 50 22 27  8 46 16 17 28 49 15 23 30  -  -  2  - 60  4  -  9  6 36 51 29 52 20  - 33 10 12 47 40 25 39 41 13  3 53 59  7
