2880
 29  - 44 54  - 15 59  6 17 25 38 14  3 55 10 39  - 41 11 32  - 56  - 33 47 13 43  4 18  -  - 45  1 35 57 53 37 42 50 24 23  - 49 36 20 21  7  -  -  - 52  - 40 51 46 58 34  2 28  8
 58 41 32 20 52  -  -  -  1 50 57  -  9 38 37 23  7 43 47 45 54 27  -  - 55  - 42 35 34  -  6 53  - 30 28 21  -  - 15 36 51 31 39  2  - 24  4  - 33 56  - 16 22 14  -  5 18 48 40 46
  - 15  - 31 49 33 51 47 38  5 36 16  8 48 60  - 41 19  3 58 46 43 30 18  - 37 32  - 39  1 28 50 40  6  4 34 14  9 23  - 44 26 53 17 22 35  - 42 10 21 13  - 59 12  - 55 45 20  7 52
 43 25  - 57  - 12 48 41 53 27 29  1 46 23  -  -  2 49  - 28 13 10  - 44  - 31  5 16 58 32 47  -  - 50  - 42 51  - 59 22 18 38 52 45  -  3  - 37  7  - 33 11 14  - 26 40 35 17  4 24
  3 21 26  1 24 27 47  -  4  9 41 28 19 11  - 32 13 44  -  -  7 31 29 43  8  -  - 23 57 34  -  -  -  -  2 10 52 18 40 12  -  - 14 48 58 53 59 30 38  - 51 37 42  - 49  - 39  - 20  -
 37 26 55  -  - 47 44 53  2 36 28 21 50  1 11 14  - 23 49  6  - 17 42 31 60 12 52 46  -  - 58 41 51  - 18 27 15 57  3  5 35 32 25 33 13  - 45 59  4 30 48 24 34 22 20  9 19 54 56  -
 57 27 45 41 51 36  - 60 25  - 46 34 22 16  - 53  - 48  7 33  - 26 38 42 12 21 29 56  6  4 55  - 44 11  5 50  3 32 19  - 14  1 15 43 23  - 58  - 40 10 47 52  - 30  - 49  - 13 37 20
 13 31 17 15 10  5 56  1 34 39  2  - 21 51 55 59 33 47  - 16  -  9 45 28 18 22 50  7 36  - 57 32 23 49 35 43 48 14 12 40  4  6 42 38 46 37 41 54 19 53  - 20  - 58  8 30 25 26  3 11
 24 10 56  - 27  -  2  -  - 11  - 54 20 12 14 29  - 21 59 55 49 34 44 26  -  -  1  - 15 40  - 38 17 25  7 52  5  4  6 39 50 37  -  - 35 47 28 60 42  8 31  - 57 32 43 36 30  - 16 48
  - 16  4  - 47 51 11 38  - 59 56  - 10  8  - 41 54 33  - 43 57 39 31 12 28 34  2  9  7  - 26 49 27 52  - 24 19 25 53 32 30 14 44 18  3 45 42 29 15 13  -  5 21 46  - 50 48 60  1 55
 49 58 31 27 50 35 28  4  -  - 54  5 45 39 21  -  - 34 23 56 44 57  3 14 48 30 16 13 55 17 19 36 59 51 53  8 46  6 41 37  - 43 60 32 25 33 12  1  - 40 22 38 15 47  2 24  -  7 52  -
 33 56 34  9 18 59 58  3 29  -  6 13 55 20  - 21 42  7 43  5 30 51  - 52 27  1 39  - 25 26 22 37 36 41 17 16 23 24 28  - 15 11 45 10  4 14 35 32 44 50 19 40 12 48 57  2 47 38  - 53
  8 51 57 12 38  1 35 55 30 43 26  - 16 29  5 33 14 56 31  3 52 58 49 24  7  - 22  - 48 41 53 27 47 46  -  9 59  -  -  -  - 21 36 15 19  - 44 28 25 18  4 34 17 20 37 54  - 23  - 39
  - 39  - 44 48  - 60 45  7 47  - 31 56 27  - 22  6 58 46 54 53 37 15 19 30 23 36 49 29 52  -  2 38 33 50 35 57  3 21 10 41  - 26 59 16 55  5 11 51 12  - 18  1 25 34 32  9 40 13 42
 14  -  - 48 55 30 42 10 28 22 37  -  - 59  - 56  9 16  - 31  -  - 54 27  - 47 53  - 23 20 49 57 24 39 26 45 25 38  -  - 11 44  -  5 32 15 18 52 13 46  - 35  7 29  - 19  3  8 36 21
 60 12 39 43 16 25  - 19 45 52 24 49 54  5 40 47 35 13  -  - 56  3 53  8  9 17  -  - 33 18 32 28 48 27 42  1 20  -  7 31 10  -  - 46 59 44  - 23  2 41 38 30  6 36  4 37  - 22 51 58
  -  - 49 32 42 55 40 11 36 15  - 47  - 13  - 51 23  - 37 17 19 38  6  1 26 52 54 39  3 25  -  - 20 48 10 57 29  7 14 41 28 34  - 24 30  - 53  -  - 22  8 27  9  - 50 44 12 56 18 45
 55  6 29 25 45  -  5 12 41 54  - 57 33 19 51 30 17  - 50 27 48 21 52  - 15 49 47 28 44 31 23  - 46  - 59 14 35 22 37  -  -  -  - 53 43  -  2  8  -  9 16  4 20 34 39  -  - 42  - 26
  - 23  2 38 20  - 36 18 26  3  - 37 28  -  - 52 12  1 24 48 33 30 39 35  -  - 58 55  -  9 50  6 42 13 46 22  - 51 49  - 53  - 11  - 40  - 16 15 47 19 32 10  4 27 60 17  5 43 31 57
 26 50 47 11 35 24 12 30  - 13 48 36 17 45  8  - 39 42  -  -  - 49 32 10  -  6  -  - 43  - 59 51  4 23 22  2  - 16 31 58 29 57  -  7  9 18 21 46 54 34 15 33 52  -  5  - 28 37  -  -
 34  -  - 55  5 21 45 27  - 44 50  7  1  9 42 18 28 53 15 29 43 23  - 57 37  3 31 30  - 39  - 54  2  -  - 38 33 41  -  4  8 35 10 20 51 19 40  - 11 58 12  6  - 17 52  - 26 24  -  -
 40 45  -  - 14 41 32  -  - 19 33  -  - 24  - 15 37 25 13  -  -  6 23 56 17  8 12 57 49  - 21  1 18  - 20 26 39 47  5  - 55 52 54 16 27 34 46 31 50 36 42  9 58  - 48 51  4 11 44 35
 32 35  -  -  - 13  - 52  - 23 15  -  - 14 16 43 30 51  9 21  - 50  2 53 57 27 49  3 46 33  -  - 10 26  - 18 11 17 60 48 45 25 28 41  -  1 22 20 59 47 55 36 56  -  - 34 58 19 12 40
 41  2 43 49 13 14 20 35 32  - 53  - 51 52 39  - 16 30  - 15  9  - 36  -  - 40  3 24 21 37  - 33 29 10 45 48  8 28 55 23 19 58  4 11  1  - 60 47 34  - 54  - 44 57  -  7 59 31 42  -
 30 54 50 29  -  - 57 43 40  - 13 19 36 25  - 26 44 32  - 18 34 14 11  9  3  - 45 38 17 10  -  - 53  4 23 58  -  1 47 55  - 22  - 52 48 49  - 21 31 37 35 60 16  5 41 56 15 59  6  7
 53 52  - 47 41 57 49 31  - 34  7 25  4 50  - 10 22  2 45  -  - 29 12 21 14 56 59  -  1 35 54 11 28  8 43  3  -  - 58 20 36 15 40  - 38 16  6  9 24 17 39 55  5  - 30 23 37  -  - 32
 22 29  - 19  9 49 52 57 15 56  -  - 14 10  - 13  - 31 18 20 58  4 46 34  2 35 23  -  8 42  - 16 54  5 32 51  -  - 25 45 24 40  - 37  -  - 26 44 27 55  6  1 36  -  7  - 33 30  - 47
  2 57 20 18 37 10 41  8 52 55 14  -  6 43 34 17 27 60 39 38 25 28 26  -  -  -  9  5 11  7  - 31  -  - 51 12 36 54  1  -  3 48 22  - 21  - 30  -  - 35 29 46 19 59 32 33  - 44  -  -
 19  -  8 40 57 60 22 23 39 17  1  - 42 56  - 28 51 20 44  9 15 52 10 38 21  -  - 26 31 11 13 55  7 32 48  4 34 59  - 35 25 30 58  - 49 46 36  -  3 45  - 12 33  2 54 18 14  6 53 27
 59 44 24  - 25  -  7 34 56 26 18 52 41 17 22  6 55  8 12 30 50  - 20 45 31  4 13 47  - 58 43 35  3 37 36 39 38 19 27 57 60 10  2  1 53 40 15 49 21 54 23  -  - 33 29 42 32  - 48  -
 42 49 12 60 17 43  - 54  -  2 58  -  5  - 24 25  1 37 22 26 36  -  - 29 23 59  4 15 20 50 39  8  9 14 38 56 21 31  - 28 57 18 13  - 33  - 55 40 45  7 44 48 30 10 51  3 46  -  - 34
  6 18 19  - 53 22  8 14 57  7 49 43 44 21 59  5 40 54 20 51 27 16 48  - 50 26  - 34 37 12  -  - 33  - 31 41  4  2 10 11  - 56 24 47 15  - 23  - 55  - 45 25 35  - 17 13 52 32  -  9
  9  -  -  4  - 46 39  - 47  - 30 23 48  7 18  2 50  -  - 52 31 24  -  6 33 54 41 17 19  - 25  -  - 56 12  - 16 35  - 44 59  - 20 22  - 28 27  3 60 15 34  8 43 37 13 10 11 51 45 36
 51 30  5  8 59 45  - 56 46 21  - 40  -  -  9 35  - 57 28  - 41 55  -  4 39 20 18  - 32  - 31 22 43 44 16 37  7 48 11 25 49 19 47 42 36 26 38  6 52  3 50 53 29 23 15 12 17 33 54 13
 10 32 18 39 21  - 27 42  - 30 40 55 23 22 29 49 36 11  6  7 26  -  - 48 16  - 56 53 60  - 15 46 57  2 34  - 31  - 24 19  - 13 50 54  - 17  -  4 43 44 41 59 51 45  3 35  1 14  - 25
 46  - 22  -  3 48 23  - 55 51 16 27 29 35 31  -  - 38 41 34  6  - 18 59  - 10 30 37 50  8  - 47  - 17 40 15 60  - 57 52  - 20 19 25 45 43 54 26 36  2 58  7 39 13  - 53 44  9 21  -
 56  1 40 14 30  -  - 39 31 38 32  - 52  3 50  - 49 59 17  - 20  -  7 41  5  2  -  -  -  - 44 15  - 19 33  - 55 53  - 18 37  8 23  4 26 58 29 35  6  -  - 13 60  -  - 57 27 46  - 12
  - 59 52 45 58 39  1  7 37 49  -  2 47 60 30 40  - 27  - 22 35 54 51 55  - 24 17 19  4 46  3  9 13 18  - 33  -  -  - 42  - 12  8  - 41  - 20  -  - 23  - 43 25 15 11  6 31 29 38  -
 39  - 46 53 56 38 30 26 10  1 44  8 12  4 36  - 25 28 42 49  -  - 47 58 51 50 11 27 52 14 16 40 19 22 41 54 32 13  - 33 17  - 37  6 60 29  - 18  - 24  7 15  2  - 35 21 43  5 34 31
  7 22  3 13 44  - 25  5 20 29 31  9 26 53 48  - 18  - 58  - 16 36 57 17 49 39 33 50 42 43  2  4 37 34 15  - 40  - 35 38 27  - 55  - 11 60  1 56 30  6 46 23  -  - 28 14  - 12 32 54
  1 28 23 59  2 26 37 25  6 16 12 35 53 40 32  - 31 15 48  - 47  -  - 51 20 55 10 41 14  - 45 42 50  3  - 60  - 36 38 17  - 46  7  - 52  4 19 22  8 49 30 54 18 11 56 29  - 34 33  -
 52 20  9 24 12 50  3  - 58 33  - 46  -  -  6 34 11 22  - 36 60  8 35  - 59  - 40  -  - 44 51  - 14 15 49 32 42 56  2 21 13 45  1 29  7 10 37 17 53 27 25 47 31 41 18  4 55 39  - 19
 16 36  - 30 46 44 18  - 54 28 45 12 25 58  7 42 26  5  1 40  - 35  9 32 41  - 19 22 24 53  - 60 39 31  3 47 10 55  -  2 56 51  - 49 57 27 14 33 37  - 11 17 13  4 38 52  6 21 15  -
  5 34  - 33  - 11 26 51 21 41 17 20  - 31  4  3 32 50 57 12 42 48 24 37  6  -  -  8  2 59  9 25 49 45 14  -  1 40 43 27 16  - 29 60 18 52 13 55  - 39 56 44  - 38 53 15  -  - 10 30
  4  5 35  - 11  - 31 24 59  - 10  6 57 42 13  -  - 46 14 23  - 53  - 47  -  - 21  - 51 54 48 19 30 28 25 44  2  - 34  - 38 55 41  - 37 22 33  - 39  1  - 45  -  - 58 16 36 49  9 56
 23 11 58 35 36 28 43  -  - 32 21 18  -  6 38  - 24  9 51  - 55 60  - 25 13 15  7 29 27 48  - 52  - 16 30  - 53 45  8  - 47  - 34 44 54 12  - 57  -  5 14  - 26  3 19 39 20 50  2  -
 25  8 37  6 40  4  - 48 23 10 22 60  - 46 56 16 29 18 30  - 51 15  - 39 52  5  - 33  - 45  - 58 12 20  1  7 43 11 44  - 31  -  -  - 42  9 47 34 14 26 17  - 55  -  - 41 50  - 35  2
 45 37 11 58 43 56 53 44 42  8 47 24  7  -  - 38 19 12 10 35  -  - 25 20  - 28 55  1 41 49 30 48 52 29 27 17 18  - 16 51 21  3 32 34  2 13 31 36  5 57  9  - 54 26  6  - 60  4 14 50
 47 55 16 51 32 40 38 17  5  -  -  - 43 26 44 12 60 29  8  4 37 42 21 23 25 41 14  2 28 36  - 24 31 59 13 46  - 58 22  - 39 54  6 57  - 20 49 19 35 52  - 50  3  - 45 48 56 15 27  1
 36 17 13 34 15  - 16 32 19 12 25  - 11 57  -  8  3 55 35 41 24 47 56  - 44  -  - 59  9  -  4  5  -  - 52 20 54  -  -  - 48 39 46  - 10  2 51  7 49 14 18 21 38 60 23 45 42  - 43 37
 35  4  -  7 31  - 34 28 24 37 55  3 27  - 26 44 20 14 19 59 17  2 33 16 10 43 51 21  - 47 52 23 32 42  - 13 58 49 18  1 54  5  9 56 12 25 50  - 29 11  - 57 45 40 36  8 22  - 46 41
  - 19 30  - 23 32 15  - 16  -  5 38 60  -  1 37 56 17 25  -  3 44 28 36 11 51  8 52 35 55  - 13 41 43 21  6 27 34 48 26  9 53 12 40  -  -  - 24 20 33  2  - 46  -  - 31  - 45  - 10
 27 33  - 37  7  - 17  9 51 57 42  - 59 47  - 54  -  - 26 46 32 41 34 30 35 38 44 14 13  2 18 56  - 60 29 40 22 39 36 15  5 23 48 58  6 31  8 43  -  - 49  - 50  1 21 20 53 52  - 16
  - 47  1 26 19 31 33 37 49 18  8 56 40 36  - 20  -  3 34 24  - 11 50 46  4 32 38 42  - 29 27 44  - 55 54 23 45 52 39 30  7  2  - 12  -  6 43 14  - 48 57 22 41 16 10 25 13  - 17 51
 44  - 36  - 33 42 50  2 43  - 27 45  - 49  -  4 59 52  5 19 10  1 41 40 24 25 48 18  - 15  7 20  6 12  8 30 56 60  -  - 22  - 31  3 55 39 11 51  - 32  - 14 37  - 16 26 38 57 23 29
 38 14 51 42 60 17  -  -  - 24 20 58  -  - 52 45  -  - 54 37  -  7  4  - 43 44 27 32 10 19  1 30 22 57 55 25 12 26  9  - 34 28 16 21 56 36  3 41 18  -  5  - 23 31 47 46  8 35 29  6
 20  7  - 52  -  3  4 46 22 48 35 32 39 37  -  - 47 40 21 11 14 33  8 49 53 60 25 12 16 23 36 34 45  1  - 29  -  5 17  9 42 24 18 55 31 59 10 38 56 51 26 58 27 54 44 43  2  - 30 15
 12  -  -  3  8 34  - 15 18 31  -  4 13 41 49  -  -  6  2 44  5 59  -  - 19  7  - 40 45 51  -  - 58  - 56  - 47 37 26 16 43 29  -  -  - 23 25 27  - 42 20 32 53  -  - 60 54 36 22 38
 50 40  7  2 22 37  - 20  8 45  - 48 18 54  3  1 46 35 27  - 28 25 59 15 42  9  6 36 12 21 56 26 34 58 47  - 24 44  4 14 32  -  5 30 17 51 52 13 23  - 53 41  - 43 55 11 16 10 57 60
 18  - 38 16 54  7 24 13  - 14  - 29 49 44 15 58  - 10  4  2  - 40  5 22 34 19 57 20  -  - 37 21  8  9  -  -  6 23 33 47  -  -  - 28 50 41 32 25  - 31 59  - 48 39  1 27 51 55 26  -
