2880
  - 60 18 15 28 16  - 10 31 51 38 14  - 26 22 19 40  - 42  3  -  - 53  - 54  -  - 48 17 55 29  9  - 11  -  - 58 41 50  1 23  -  8 45 44 49  2  - 34 20 13  7  6 46 43 30  - 59  - 39
  -  1  - 19  4 26 33 56 48 60  - 46 44 54 40 22 50 18  7  -  5  6  - 32 25 42 14 39  3 27 45 38  -  - 12 29 59 23 35  9 28  -  - 11 30 10 43 17 21 37 15 41  8 55 49 13 24 16  - 20
 53 54 51 27 35  - 31 17 20 42 58  - 39  - 32  - 37  -  4  9  8  -  - 34 24  5 36 45  -  2 56  6  -  - 13 41 33 40  -  - 16  1  - 59  - 38 14 48  -  - 11 50 52 12  3  - 21  7 26  -
  - 56 44 52 50 24 29  2  -  - 42 48  1 55 30  -  6 54  - 15 26  - 12 13 49 45 21 11 25 10  8  -  - 51 20 57  - 59 17  7 19  - 14  9  5 32  - 34 22 53 47  - 43 33 40 31 27 35 23 41
  3 28 31  - 49 19 41 46  -  - 55  - 22 11 29 57 18  - 33  - 50 58  - 20 42 51 12 23 32 59  - 10  4 15 54  1  -  6  - 14  -  -  9  - 27  5 60  2 36  -  8 52 48 26 30 53  - 39  -  7
 27  - 46  -  7  9  3 34  1 17 10  5 26 12 41  - 48 53  8 44 19  - 23 49 35 58 32  -  - 57  6 55 37 59  4  - 54 15 60 25  - 38 31  - 20 14 39  - 40 42  - 24 50 56  - 16 13 30 22  -
 58 12 10 60 25  1  8 45  5  2 14  - 40  6 27 31  - 47  3  - 46 49 41 15 29 13  -  7 59 53 52  - 22 28 21 35  9 26 56 16 30 43 33 57 48  -  - 50 39 32 44 18 51 20 37 54 19 42 38  -
  6 15 32  9 53  - 39 21 38 36 27 16 43 18 45 26 54  8 20 23 58 13  -  1 19 25 29 10 35 41 34 31 12  - 24 42 50 14  5 11 37 57 22  2 55 46 40  3  4  - 51 49  - 47 48 60 59 52 17 30
 18 50  -  6 20  -  - 47 60 16  - 21 15 35 31 37 46  - 13 14 41  - 42 55 26 56  -  - 39 40  -  -  9  8 30 58 43  5 11 29  3 53  -  - 51 52  - 38 10 17 23 48 36 28 24 34  - 44 27  -
 20  9 26 44 11 12 23 39 37 32 59 33  -  8 47  - 15 51  -  1 17 53 19  4 56 16 42 55  - 35 10  - 28 58 31 52 40 38 41 30 43 24 54 50 22 18 57 25  5  -  -  -  2 14  -  3  6 13 34 21
  - 43 13 48 47 55 53 27  4 30 40 49 20  - 56  -  -  - 59  - 10 44 14 31 51  - 45  - 21  5  1  8 26 34 60 33 38 36  - 22 54 15  - 12 18  2  -  -  -  9 28  - 37 41  - 42 29  - 39  -
  - 20  -  4 37 33 34 25 32 21 53  -  -  - 19  -  - 39 30  - 16 47  - 51 11 52 54 36 56  1 48  - 41  -  - 23 55 60 27  8  - 28  7 10 14 24 44 26 59 38  - 57 58  - 45  9 15 17  -  6
  -  2  -  -  -  8 38 55 18  - 20  9 25 51 34  - 35 36 43 16 45  7 39  6  1 21 24 56 50 54  - 40 58  - 33 53 41 13  3  4  - 42 57  - 15 28 10 60 17 48 52 27 31  - 59 23 37 14 46  -
 46  - 19  7 42  5 32 26  -  - 47 28  3 60 53 36  9  - 50 45 54  - 25  - 43 17 22 35 48  - 14 33  -  - 18 12  6  -  - 56 41 29  2 49 23 59 55 10  -  - 27 11 13 52  1  - 31 34  - 24
 52 13 28  - 59 47 18  - 43 37 57 38 50 41  9  - 12 17  5  7 40 51  8 10 55 29 39  4 44 46 15  -  - 23  - 27 14  1 24  - 34 21 11 20  2 16  - 56 33  6  - 42 26 45 58 48  3 22 54  -
  - 46 50 13 56 37  4 31 57 55 30 54 27  - 33  -  -  9 52 22  7 25  -  2  -  1 59 14 41 58 47 15 32 48 29 60 49  -  -  - 21  - 23  5 38 53 16  -  -  - 26 12 19  3 35  6  8 10  - 11
 39 38 33  1  3 29  - 18 16 22  7 12 24 57 50 21 60  4 37 51 23  2 40 54  - 28 19 15 53 14 26 46 44  -  -  - 30  -  6 43  5  - 49 27  - 13 17 42 11  8 59 34 41  - 32 56 55  9 58 52
 54 18  8 10 60 57 26 44  - 33  1  7 37 53 21 16 52 38 29 41  6 50 22 14  -  4 56  5 28  - 20 49 11 55 42  3 32 51 31  - 47 36 19 48 17 39 30  -  - 23 43 58 45  - 13 59 34 12 24 40
 47  3 34  - 18 23 54 52 26 35 44 11 36 48 51  -  1 56 10 60 22  -  - 24 15 33 49 13 30  - 28  5 59 17 16  8 20 53 57 39  7 19 41  - 58 40  -  - 55 25  9 32  -  4 38  - 42 21 14 37
  9 29  7  - 30 40 15 58 21  - 49  -  - 24 26 13  - 46 17 11  3  8  5 50 37 47 18 38 31  4  -  -  2  -  - 55 28 22 19 52 48 44 43 39 12  - 42  6  - 41 20  - 57  - 33  - 25 54 32  -
 15 35 49 59  9 43  2 54 45  - 48 40 31 50 23 20 47 27 22 32 12  - 16 17  6  -  - 42  - 34 58 51  - 25 36 37  -  - 30 38 60  5 53 56  -  4  - 19 44  -  1  - 11 10  7 26 33 55 28 46
  8 10 25 20  2 17 16 28 13  4 12 44 49 33 52  6  - 48  - 47 36 42 29 59 14 39 31 60 54  7 32 41  1  9 35  - 45  - 55 18 24  -  - 30 50 21  -  5 57 43 34 22 23 53 51 37  -  - 15  -
 45 26  3 46  - 39 55 15  -  -  6 47 34 37  4 58 59 35  1  - 28 10  - 23 22 14 60 16  7 42  - 50 31  - 27 21 17 32 43 53 40 56  - 33 41 48 13 29 25 57 54 36  - 11  9 19 44  - 18  -
 31 22  - 51 55  -  - 49 41 25 28 50 42  7  3 17  8  - 14  -  - 11  - 58 21  -  - 12  - 56 16 34 48 24 52 20  - 54  - 59 18 30 46  6 53 26 27 23 38  - 57 40 10  5  4  -  -  - 45  -
 34 51 24 40 31 30 49  9 15  3 50 37 53 32  - 52  - 59 57 21 56 28 45 11 60 36 58  6  - 38 27 29 19 12  -  - 25  - 18  2  - 10  -  - 33  - 54  8 43  -  - 23  1 13 41 17 26  -  5 55
  - 27 36 16 29 50 60  3 49  -  - 19 58 45 39 38  2 40 44  - 47 17 54 33 46 31  6 26 10 11 22 59 53 42 23  5 48 37  9 34 32  - 18 51 21 43 52 24  - 13  7 20  - 25 15 55  -  8 35 57
 24 32  5 30  - 42 11 38 50 48 37  - 54 40 14  - 41 45  -  - 15  - 59 18 28 10 51 47 26 36 57 22 46 13  -  - 16 25 52 12 17  - 56 21  - 55 53  - 23 49 39  -  -  7 60  -  - 20  3 27
 30 44 21  - 43 18 17 16 59 56  5  -  2 39 46  - 58 52 51  -  - 22  3 41 34 60 57 27 20 28 31 37 13  7 14  9 11 50 53 15 12  -  -  -  8 29  - 55 42 33 45  -  -  6 19  - 32 49 40 26
 43  6 14 36  -  - 37  - 44  -  2  - 55 22 49 15  - 23 26 58 57  - 48 40 31 19 47 28 24 13 33 35 34 32  - 17 46  - 25 42 45 18 16 60  9 27 56  7 51  - 41 39  3 54 10 20  - 53  8  -
  7 48  - 24  -  -  5 32 56 15 18  - 60 44  - 41 19  - 45 28 30 35  - 37 40  -  -  -  1 21 38  -  -  - 51 43  8  - 47 31  -  9 58 13 10  - 22  - 16 39 46  - 33  -  -  - 17 26 12 25
 57 39 22  8  -  -  - 19  - 59 11 24 21 34 38  - 33 20  -  2 35 55 32  - 12 15 25  1 43  -  - 14 16 53 47 50  5 27 37 48 26 46 52 18 40  -  4 41 13 36 17 45 30 29 42 49 10 56 44 51
 49 53  -  -  8  -  -  5 11  9  4 41  - 52 15  - 34 12 32 54  -  -  2 38 17  - 55 59 16  - 46  - 33  - 39  - 44 10 58 50  6 26 40 23 42 20 47 13  1 18 35 30 22 60  - 21 14  -  - 31
 23  7 37 11  - 53 59 57 27  6  - 15 45 56 28  - 17 43 21  - 52  - 10 26 16 54 46  8 14 44 30 18 49  - 55 36 19 39 12  5 13 22 29 34  3 25 50 31 20 58  - 47  4 24  2  - 51 32 41  -
 10 25 41 23 36  3 21  4  - 49 26  8  6 31 48 35 43 60 34 27 55 14  - 44 20 53  - 58 57 18 11 16  -  - 32 28  2  9 59  - 42 50 24 15 29 37 46 22 52 40  - 17  5  -  - 38 45 47  7 56
 17  - 39 41 54 10 24 30 53  -  - 35 52 49 16 32 42 50  9 18 21 56 11 19 57 46  -  -  2 31 40 48  - 45 25  7 36  4 28 47  8 59  -  3  6  - 15  1 12 26  5 38 60  - 34 29 23  -  -  -
 14 57  4 37 32 36 52 50 23  - 43 26 56  3 12 34 30  6 54 40 29  - 47 53  7 24 44 31 49  9 41 42 55 16 22 10 39 46 45  - 27  - 25 19 11 35  - 20 28 59 58  - 17 51  8 15  - 33 48 60
  -  -  - 22  - 34  1  7 33 43 15 42 29 19  - 12  - 21 48  - 14 45 44 46 59  -  -  -  9 32 18 52 10 60  -  6 35 24  - 28 58  - 37 41 31 51  5 40 26 47 55  -  -  2 54  4 30 57 20  -
 59 41  9 50 24 11  6 36 12 40 46 56 13  - 10 18  -  -  - 39  2 38 52 25 27 26 30 29 58 60 43 47  - 14 57  - 53 33 48 21  1 34 17 44 28 23  8 51  3  -  - 55  - 35 31  - 49 37  -  5
 29  8 30 56 15 22  - 37  2 50 54 34  - 23 59 48 24 26 41  - 39  -  - 42 44 40 11 18  - 49 17 32  7  - 10 16 47 19  - 51 38 58  -  4 25 57 45 53  9 60 31 35 20 21  - 52 28  3  1 33
 19 58 23 14  -  2 27 51 40 53 29  6 47 16  -  8 25 30 24  - 11 12 18 56  3  7 35 46 42 20 55  - 43 52 28 31 22 57 36 60 59 48 34 37 13 45  9  4 49 10  - 33 15 17 26  5  1 41 50 54
 48 37  - 54  - 13 22 23 25 52 33 57 30 27 18 39 53  5  - 29 51 60 15  3 38  - 17  9 47 45 50 12  -  4  7  - 31  - 44 55 49 40  - 43 16 42 26 36 41 19 24  2 56 32 21 28 46 58 10 59
 25 14 16 49 44 27 51 48 29  - 24 22 35  -  - 40 38 13 28 19 53 39 26  5 45 59  7 34 18 50  4 11 52 46  1 54 10  3 15 20 55 31 32 42  - 60 33 12  6 21  - 37  9  8  - 58 36 43  2 23
 55 47 15  - 19 41 13  1 36 54 17  - 16  - 58  - 14 25 35 56 38  -  4 29  5 44 40 53 37  - 12  3 30 43  -  - 21 52  -  -  -  - 60  - 26  - 28  -  8 11 33  9 42 22 27 50  7 31 51 18
 60  - 12 58 16 38 43  -  - 14  9 53 51  5  -  -  -  - 39 33  - 20 24  - 23 22 27 40 34  - 13 28  6  2  -  - 26 48 42 57 52 49 10  - 32 15 25  - 35  3 37 31 46  - 11  -  - 29 19  1
 37  - 11  5 48 49 58 24 19 44 52  1 41 30  2 43  - 29 25  - 42 31  -  9 50 57  -  3 27 33 23 53 56 22 46 13  -  8  - 54 14 16  - 35 59 12  6 39 60 34 40 21 18 38 47 10 20 15  4 45
  -  - 53 17 12 35 10 33  - 38 34 55 11  - 24 56 39 28 23  -  - 52 13  - 18 30 20  -  5  -  3  - 45 41  - 40  -  -  2  - 51  6  -  -  - 19  7  - 14 29 25  -  - 59 16  -  -  4 60 48
  - 36 42  - 38 14 20 13 51 34 41 39 28 59 37  7 31 32  - 35 48  4  6 45 53 50  9  -  8 43 19 17 29 49 58  - 23 11 33  - 57  3 55 46 52 54  1 16 15 27 22  - 21 40  - 24 60  2 25 12
  - 55 20  3 23 45 44 29 30  -  -  -  -  -  6 28  7 41 46 36 59 19 35 52 58 43 37 54 33 26 24 60  -  - 40 49 42  - 39 17 10 25 48 38  1  - 51 14 56 12  2 53 16  9 50 47 11 18 21 13
 42 16 60  - 57 21 46 22 52 39 19 20 17 38  - 14 26 44 11 59 34 23 31 47  4 41  3 37 13 12 36 25 18  5  9 15 27  - 54  -  -  7  -  1 45 56  -  - 29 50  - 51 55 48 53 33  -  - 49 10
  -  5  - 21 10 15 56 43  - 47  -  - 46 14 17  1 13 58 40 57 31 30 51 35  -  8 16 25  - 48 54 44  -  3  - 11 37 45 26  -  9 32 59 28  4  -  - 18 53  - 42 19 49 39 20 27  - 60 29 34
 35 40 29 38 51 60  - 20 24  8 39 59 57 28 11  2 23 49 53 37  9  - 56 36 10 32  - 44  4 30 42  - 25  6 19 47  3 16 14 26 15 33 13 55  - 17 12 21 50  1 48 46 54 27  -  - 22  5 31  -
 44 19  6 45  -  - 42  8 14 13 25 51 59  -  7 53 10 11 12 52 27  3 58 43  - 34  4 49 55 39  5 54 15 37 41 38 29  -  - 32 50 60 30 16 24 33 21  - 18 31 36 26 47 23 17 57 35  1  9 22
  - 42 17 53  - 58  -  6  3  5 23 43  -  4 60 10 44 24 55 49 33 59 46 12 52 27  2  - 15 16 21 56 54 30 37 32 57 29  1 36 11 51 45  - 34 41  -  9  7 28  -  - 39  - 14 25  - 50  -  -
 51 34  - 33  -  - 35  -  - 31  8  -  9 21  - 29 16  - 27 12 24 26 17 57 47 55 15 41 60  -  7 13 14 38 43 22  4 44  -  - 56 54  - 58 49 30 20  - 48  5 50  6  -  1 39 32 53  -  - 19
 33  - 55 39 17 54 30 11 10 26 36 32  8  -  - 24 27 42  -  - 49  1 60 48 13  -  - 52 38 19 51 20 40 21 15  - 12  2  4  - 46 41 50 53 57 31 18  - 37 22 56 14 29 34  5  - 58 45  -  3
 16 23 35  -  -  6 14 42 28 11 21  - 12  -  - 50  5 33 36 20  - 27 43 39 30  9 10 19 51  - 60  4 47  - 17 48 13  -  8  - 53 55 38 24 37  7  - 45 31  2 49 44 34 58 57 46 18  - 52  -
 38  - 57 18 26 20  - 35 17  7 51  - 23  1 36 59  4 34 47 42 13  - 30 16  -  2  5  - 11  3 53 58 27  -  - 39 52 55 22 37  - 12 21  - 46  9 19 15 32  - 60 28  - 49  6 40 54 48 33 43
 21 52  - 29 41 46 25 53 22 10  - 31  5 13 35 55 56  7  2 26 20 54  - 60 32  - 48 33  6 17 37  - 50 19 38 18  1  - 51 45  -  - 12  8 36 58 34 57 47 16 14 15 40  - 23 39 43 24 30 44
 26 24 45  -  - 48  7 14  - 27 16 52  -  -  5 33  3 31 58 10 60  -  - 21 41  - 38  -  - 51 25 39 23 18  8 30 34 17 49 44 36 35  - 22 56  1  -  -  -  4 12 59 28 50  - 43  2  6 53 29
  -  - 48 42 14 52  9 12  -  -  - 45 33 43  - 11 21  3 56 50  1 15 57 28  2  6 23 32 19 37 39 26 17 36 53 51  7 49  - 40 31  - 27 47 60  - 58  - 46 55 10 29 25  - 22  -  4 38  -  8
