2880
 23 42 40 48 47 22 39 16 37 18 28  -  7 20 29 44  -  -  - 53  5 17 45 11 54 49 46  - 59  -  8 55 35 10  2  -  3 24  -  6  - 58 25  - 38 21 56 15 26 50 31  4 57 43 14 51 27  -  -  -
 33 31  6 26 27 20 24 10 46 58 59  1 56 40 60 11 47  - 43  - 22 39  -  3 57 45  5 41 15 34 37  2 29  8  - 25  - 49  -  7 42 12 13 36 18 38 19  -  - 14 16  - 55 21 32  9  - 50 28 48
 52  - 12 39  -  3 21 33 18  2 55 20 27 11  - 30  6  8  - 25 37 47 35 32 13 59 56 48  5 10 31 60 45 53  -  - 40 17 23 14  4 38  -  1 51 50 36 58  7 22 15  - 34 19 44 49 16 57 29  -
  5 36 29 55 56 24  -  9 12 60  3 15 46  - 51 19  1 16 30  -  7 59 40 26 42 14  - 54 43  - 45 44 10 58 48  - 39 13 27  - 23  -  - 25 22 35 32 57 53 21 17  2 20 37 11  - 28 33 34 18
 47 23 52 20 53  - 60  7  1 48 24 57  6 19  - 16 55 15 46 10 13  - 39 40  - 31 32  - 12  - 30  -  - 51 29  8 56 34  - 27 50 28 44 42 54 25 38 18 43  3  4  - 33  - 17 45 37  - 11  -
 37  - 59  - 46 13 14  1  - 43  - 19 22 47 28  -  7 34 52 48 25 15  4 18 44  - 39 45  - 56 49 54  3 27 10 42 53 16  8 30 55 21  5 24 35  9 41 11  6 26 51 29 12 58 31 32 17  - 20 23
  1  - 50 40  -  5  8 18 52 41  - 47 43 17 58 24 34 53  -  - 12 35  -  2 60 51  - 59  - 22  - 45 39 37 13 56 46  - 25  - 21  - 55  -  -  - 30 38  -  7  - 19  6 10 28 23 42 20  - 26
  -  2 54  - 36 29 32  - 24 27 14 58 33 31 44 28  - 19 39  - 46 38 15 57 53 60 48 51 45  - 12  -  -  - 26 22 11  -  6  -  - 16 17 56  -  - 21  -  8  -  -  5  3 23 35 55 20  7 10  1
  -  -  - 25  - 55 41 23 16  6 42  - 58 57  2  4 13  - 11 60 10 14 46 27  - 50 12 15 53 31  3 36 38 30  9 52  - 37 47 45  -  7 28  - 40 44  - 19  - 39 29 22 35  5  - 54  - 26 49  -
 34 29  - 31  -  7  -  6 53 46 48  - 37 42 19 52  5  - 23  - 57 50 30  - 40  8 21 49 18 24  -  9 33 11  3 41 47  1 35  -  2 60 54 22 14 58 10  - 32 59 56 26 38 36 25 12  - 39  - 17
  - 52 22  - 24  -  - 28 38  - 34 39  2  4 18 12  8 25 44  - 55 49 43  6  -  7  3 31 56  1  5 16 51  - 47  - 50 21  - 17  - 27 29 40 13 45 15 41  - 11 35 46 58 48 26  - 33  - 42 30
  6  9 57  7  - 16 58  -  - 50 60 51 12 37 31 10  3  - 47 28 59 22 54 14 41 26 35  8  - 29 55 53 42 20  1 38  -  4 24 40 30 43 56 18 25  5 45 46 23 32  -  - 49  2  - 34 48 44 39 11
 38 24  -  - 45 34 17 21  8  3 49 18 53  - 10  -  - 44  - 35 43 28  7 33 30  - 22  6  -  -  1  -  - 13 60  - 36  2 31 59 56 54 23 47  - 32  - 51 19 20 42 27 37 50  5 11  - 40 57 55
 59 17  2 50 57 54 34 32  - 39  -  - 40 49  - 31 33 14 41 26 20  - 19 58 51 35  8 29  - 27 25  - 21 28 11 48 23 42 36  -  - 47  7  5  - 10  -  3  -  6 45 18 53  9 24 43 38 16 12 13
 30 59 60 56  5 33 35 25  - 26 22 27  - 15 50  - 18 29 31  - 51 21 55 53 28 40 36 16 23 13 19 41  -  4  6 12 37 32  -  2 58  9  - 34 45 57  -  -  3  - 43  7 11  1 39 47 10  - 48 44
 20 55 51  9 13 10 44 41 32 16  4 29 39  - 59 49 56 17 21 30  8  - 37 50 15  6  - 27  - 11  - 23 46 35 58  - 57 22 12  - 34 25 24 45  5  - 53 26  -  - 19 14  1 60  - 52  7 42  -  2
  - 38 16  5 60 37  9 54 25 29  -  2  4 43 52 14 19  - 12  -  - 53  -  1 46  - 47 40 34  - 41 17 27 59 49 18 32 57 45 39 22 10  6 28 20 15 44  - 55  - 13 31 30 51 42 58  3  -  - 35
  -  - 37 47  9 58  - 30 15 31 35 46 51  6 27  - 17 48 26  - 39 41 20  -  - 44 45 57 13  -  2 28  - 56 23  - 38 25 29  8 14 59 50 55  -  - 18 49 60 43 22  3 24 12 33 10 52 36 40  -
 58 34  -  - 11 52 42 15 31  8 54  9 35 36 13 40  - 43 48 51 38 30 32 28 25  - 23 39 50 47  - 21 55  6 37 57  7 12 56 19  -  -  - 59 24  - 33 27 17 29 46 20 26 18  -  3  5  1 14 60
  9 53  3 42 18 21  - 36 48 32 12 26 55  - 56 29  -  5 17  - 35 23 11  7  2  -  - 33 25 30  -  - 43 44  4 50  - 54 58 34 27 22 15 13  1 37 47 52 59 60  - 45 41 57 40 19 49  6 51 10
  - 39  - 16 33 56  3 42  -  - 43 36 44 22  - 48 12 45 20  5  -  - 23  - 26 37 49 21  8 17 47  1 34  - 53 31 27 15  -  -  6 35  9 57  -  - 60 54 18 51 40 10  -  - 29  - 46 11 30 52
 14 47  - 19 41  2 13  3 21  -  9 17 25  - 48 34 44 37  4 12 49 60 51 16  - 30  - 20 40 28 10 43 57 32 46  1  - 36  - 56 11 55 33  7 23 59 31 42  - 38  6 58 18 15 22  8 53 29 27  -
 51 41 31  - 34  -  - 37 17 57 15 49 10 55 38 13 25  - 29 52 27  8 58 56  -  -  -  - 11 20 23 48 19  - 16 39 12 40 22  -  -  2  - 14 36 24  - 47 42  -  - 53 32 59  3  - 54  -  6  -
 42 14 28 57  - 31 26 22  -  - 51 43  - 13 46 33 24  6 27  9 15 18  - 34 21 23 44 55 41  - 59  - 54 40  8  7  - 11  -  4 53  - 30  3 50 60 35  2  - 37  1  - 47 25 48 56 36  - 19 45
  - 22  - 27 43  - 16  - 28 30 10 38 13  7 57 36  4 58 53 44 45  6 21 15 56  5  1 35 39  2 18 20 11 46 24 33 54 23 26 47  - 14 19 17  - 34  - 60  -  9  - 32 50  - 59 41 25  8 37 42
  - 33 30 24 58  - 45  - 47 59 56 16  1 41  7 15  - 55 57 14 53  -  3  -  9  -  -  -  6 26 54 22 36 42  - 27 17 29 38 52  - 51 46 49 34  - 39  5 28  -  - 11 48  - 21 35 40  - 32 37
 19  5 27 38  - 53  -  8 22 28  1 32  9 58 21 43 52 40 10  7 23 16  2 36 48  3 20 46 17  6 57 12 13 50 33 14  - 56  - 26 59 37 35 15 49  - 42 31 29  - 24 34 54  - 45 18 41 47 60 39
 17 40 32 58 22 45 36 11  -  1 23 41 47 28  6 54  - 39 19 55 26 12 14 60 52  9 18  - 10  - 48  -  - 24 31 44 33 53  5  - 49  - 38  4 15 29 16 25 30 34  8 43  - 27 37 59  2  -  3 20
 35 28 43 46  - 15 33 29 45 52  - 23 32 44  3 47 50 24 51  6  1 10 42  -  4  - 16 26  - 40  - 13  - 17  - 11 14 55 57 31  5 20 58 60 53  7  - 21 12 18 25  9 19 34  -  2 56 37 22  -
 16 44 42 35  8 49  - 50  - 38 52 53 28 59 54 32 43 57 55 36  - 27 18  -  - 34 51 23  - 25  6 37  -  - 40 30  - 45 10 58 15  5 39 26 11  3  - 13  -  4 60 17  - 41  1 21 12 46 33 56
 12  -  - 11  - 27  - 14 23 40  -  6 30 25 37 59  -  -  2 16 48 56  9 43 33 52  - 17  - 51 15 49 60  -  -  -  1 31 18 46 47  - 45 10 41 53 29 50 35 13 58 42 36 39 55 22  -  4 24 38
 29 30 55 15  - 11  6 57 58  7 13 37 54 10  8 45 16  - 60 31  - 51 36 17 24 18  - 32 47 38 28 27 49 26  - 40  - 14  2 43  - 52 53 41  - 48  1 23 21 12  5 50 42  3  - 25  - 35 56 59
 57 21 18  1  4 41 22  -  - 14  2 42 23 46 49  8 28 52  6  - 50  - 53 47  - 25 11  9 20 12 17  - 16  -  - 59 13 26 39 29  - 30 40 37 60 33 24 32 38  -  - 51 44 55 34  - 58 31 54 27
 24 37 56  4  -  - 53 45 44  - 36 21  - 18 17  -  -  - 25 57  -  9 52 42  -  2 29  - 16  - 11 47  1 19 43 10 31 33  3 48 12 15 41 39 58 13  8 20 27 55 34 40 59 35 51 14 60 28  5 22
  - 43 19  - 26 42 40 24 30 12 32 22 34 23  - 46 27  - 59 56  - 33 60  8 20 54 57 11 38 18  -  5 52 29 45 15 55 47  4 16 36  1  3  6 21 49 25 14  -  - 28 37  -  - 50 17 44 51 53  7
  - 35  - 18 49  8 55 52  3 11 38 59 36  - 42 20 60 51 22  - 17 44 41 13 29 27  9 12  - 45  - 40 53  1 19 43  -  6 28  - 33  - 16  - 47  -  - 10 25  5 57 39  2 31 30 50  - 32  7 24
 15 57 33 17 35 18 47 31 26 56 21 28  8 12  4  - 53 41 24 38 52 45  - 49  - 16  7  - 22  - 51 42 50 23 27 13 48  - 40  3 37  6  - 20 44 46  - 29  - 36 30  -  - 11 43  5  9 34 25  -
 55 46 23  3  6  - 50 39 29 36 26  - 31 56 30 17 20 11 18 37  -  7 16 24 47 32 53 43 51 60 34  -  - 15 21 35  - 52  1 38 45 33  - 44  - 40 49 48 58 42 10 13 14 54 57 28 59  9  -  4
  3 11 14 12  2 25  - 44 34  - 17 30  -  -  5  - 59 33 38 20 19 31 10 21  - 13 52  1 32 54  -  -  -  - 55  -  -  - 46 57 35 36 37  - 43  - 27 24 56 23  7 48 40 42 41 39  - 22  -  -
 50  1  5  -  - 39 27 53  4 20 29  3 60 51 25 35 58 49  - 45 18  - 57 59  - 46  -  2 21 43 56  - 44  - 36 55  - 41 11  9  - 26 34  8 37  - 52 12  - 15 32 54 23 16 19 42 14 24 38 28
 26 51  1 43  -  4 56  2  - 34 57 40  - 39  - 60  - 46 54 33 36 25 50 10 11 55  - 44  -  7 42 15  9 31 17 47  - 58  - 13  8 48 59 12 30 19 28  - 20 49 41 38  - 52 53 24 29  5 23  3
 22  - 11 34  -  - 59  -  9 24  -  8 18  -  - 56  -  7  5 29 33  2 25 44 14 39 42 53 28  - 50 51 40 38 41 46  - 30 20 54 52  - 31 27 16 17  3  1 57 35 21  -  -  - 47 13  4 10  -  6
  -  7 25 59 51 17 23 56 11  -  - 10 52 30 14 57  -  3 40 34 32  - 33 35  -  1 15 28  4 19 53  -  5  -  -  -  6  - 44 24 38 45  - 43 46 26  -  - 37 58 48 36 29  - 54 16  - 27  9  -
 39  3 10 28 25  1 18 60 40 53 47 12  - 52 23 50 51  -  - 11  - 37 48 45  -  4  2 14 24 36 33  7  6  5  - 58  9 59 43 32 16 13 57 19  - 31 34 30 44 41 26  -  8 46 38 20  - 55 17  -
 60  - 47 21 14 46 25  -  5 22 53 31 38 29 39  -  -  9  3 40 28  1  6  - 19  -  - 42 26 44 52  - 12 16  - 23 15 27 55 18 17 11 49  - 32  2  - 36 50 48 37 56 43  - 13 57 24 30 35  -
 10 20 17 23  -  - 38 47 41 19  -  -  - 50  - 42 15 26 34 22 56 11 24 46 58 53  - 52 36 21 39  - 37 54  5 29  8 35 51 44 28 32  - 16  -  - 43  9  - 27  2 59 45  - 60 33 13 14  1 12
 27  - 44 29 42 59  7  - 51 49  - 35  3 60  - 21 22 38  - 58 47 54 28 31  1 11 43  4 55 14 40 33 15  9 34  2 41 20 13 53  - 17 26 32 56 30 48 39 36  8 52  -  5  - 10 37  - 23 45 19
 40 27 36 54 12 23 49 58  - 13 25 11 20 32  9  5 57 47 14  - 16  - 34 51  3 17 55 37 52  -  7 59  - 22 30 24 43  -  - 33 19 31 10 21  2 39  4 35 45 28 53 44 46 56  8  6 26  - 41 50
 45 13 49  - 10 47 48 40 59 42  6  -  -  - 53 18 39 60  -  3 54 58  - 23  - 15  -  5  -  4  - 24 30  -  - 17  2  8 21 20 41 19  - 31 33 22 55  -  1 57 36 16 27 26  9 38  - 43 46 14
  4 12 20  - 29  -  -  - 43  9 37 34 45 54 11 41  - 10 42  - 21  -  - 48  - 19 50  - 58 55 24 35 14 39 38 28 51  3  - 60  -  -  - 23 27 52 22 33 15  - 18  8 25  -  2 26  1  - 13 40
 46 48  - 32 52 30  - 35  6 33 39 14 29 26  1 23 40  2 37 13 60 34 47  -  - 22 24 56 19 57  - 50  8  3 59 53 20  5  - 55  9 42 21 38 28 18 51 16 11 25 49 41 17 44 27 36  - 54 58 43
  7 45 38 41  1 14 51 20 10 15 30 50 24 27  - 55 23 13 32  8  6 26  5 22  -  -  - 25 29 35 21 11 48  - 18  - 59 46  9  -  -  - 36  2 17 42 57 43 34 53  -  - 52 33  -  - 19 56 44 31
 56 58 46 37  -  9  2 12 49 25  - 13 41  - 55  6 48  - 16 54 40 20  1 39  8 36  4 60 42 59 14 29 47  - 32  - 52  7 33 10 43 18 11 50 26 23  5  - 22 24 38 30 21 53 15 27 35  3 31 57
  2 49 53 14 21 60  4 19 13 45 41  - 59 16 22 25  - 54 56 39  3 48  8 38  7  - 17 24 44 52  - 58 23  - 15  - 35 28 37  1 51  - 42  - 10 55 26 40  9 46 27  6 31 20 36 30 47 18 43  -
 44 16  -  6  3 28 43 26 39 51 11 45  5 24 33 27 42 36  - 49 31 19 13 29 35 58 30  - 37 23 38 18 17 60  - 32 22 10 34 21 25 41  1 46  4 20 12 59 14 54  - 52 56 40  7 48 55  2  8  -
 21 32 39 10 19 40  - 38  -  5 33 54 50  - 45  3 29  - 13  2  -  - 26 37 55 43 27 22  9 41 60  8 59 36 35  4 49  -  - 23 48 24 12  -  -  -  6 44 16  - 14  1 28  -  - 46 31  - 18 25
 25  - 13  8 50 36 30  -  - 54  - 24 57  - 47 37  9 42 35  - 44  4 31 41 23 38 40  - 49 53  - 39 28 52 56 45  -  - 17  5 46 29 48 11  6 27 20 22  - 19 55 33 10 14 12  1 18  - 21 32
 49 25 35 45  - 26 12 43 54 17 27 33  -  2  - 39 31 22  8 32  4 55 38 30  -  - 19 47 48  3 58 34  7 41 14 37 10  - 53  - 29 40 60 52  -  - 23 56 46  1 11 28 51 24  6 44 21 13 59  5
  - 10 41  - 40 43  1 27 55 44 45  4  - 33 34  9 37 59  7  - 14 24 22  - 38  - 13  3 31  5  - 32 26  2 25 21  - 19 60 12  -  -  8 58 39 54 11  -  -  - 20 47 16 28 23 53 15 49 36  -
 53  -  8 33 23 38 37  -  - 55 46  7 19  1 26  - 14 30  - 18 24 40 27  - 16 41 59  - 54 39 36  3 20  -  -  - 60 48 42  - 32  - 51 35  - 43 50 28 13 56 44 57  4 49  - 29 11 12 15 47
