2880
  8  7 60 23 19  4 20  -  -  - 42 45 21 11 43  2 47  - 32  - 49  9  - 35 37 34 59  - 22  - 16  1 26 53 33 12 17  - 40  - 50 38 36  -  - 31 56  - 14  - 10 52  6 15 55 13 41 27  - 18
  6  -  - 36 43 10  -  - 19 31 58 24 26  -  5 40 12 33  -  - 51 39  8 37  9  - 29 49 32  -  4 13 54 38 44  1 35  - 45  - 57 48 16 11 27  - 25  - 18 56 34 53 55 17 20 52  -  7 15  3
 43  5  - 38 48 19 18 51  -  3 10 55 27 32 44 35 52 14 37 25  - 24 46 11 47 50 41 42  8 57 20 17 49 22 39  4 30 21  6 15 59 23  - 28 33 13  7 12 53 26  1 29 16  -  - 56  2 31 58 45
 18 44 17 31 23 38  2  9 36 52 15  - 51 48  -  6 32  8 29 22 24 50 57 12 26  -  - 39 55 58 42 11 10 49 20 40  - 14  - 28  - 33 34 27 59 35  - 21  7 30  - 37 54 56  - 60  -  -  3 41
 10  -  - 50 51 41 48 52  - 20 47 23 55 45 28 12 14 18 21 19 33 27  2 22 11  - 40 60 26 38 49  9  5 54 30 56 42 53  - 39 36 58  - 17 37 15 29 46 35 34  -  4 59 25 57  - 31 13 32 43
 46 20 59 41 45 15 37  - 14 18 11  - 13 38 55  -  8 12 19 10 43  5  1  - 53  - 54  -  - 49  - 48 30 31 25 52 29 39 51 58 40  - 56 26 42  - 27  6 23  2  3  - 36 33 35 22 32 24 60 34
 35 59 40  - 12  - 57 39 18 44  -  - 58  1 34 37 24 45 11 14 32 55 22 26 25 19  - 47  -  -  3 33  2 42 53 60 50  - 10  4  9  6  - 49 15  -  5 28  -  7 29 56 31  - 38 20  8 41 54  -
  - 37  - 29  - 28  -  -  -  - 50 59 33 60 58  3 22  - 18  - 26  - 44  2 52  4 35 12 43  -  - 49 16 48  6 27 21  7 24  -  - 31  9 14 36 56 40 11 10  - 19 13 41 57 54  - 42 15 53  -
 37 54  7 28 39  -  4  -  -  - 20 34 38  - 45 11  3 36 50 32 12 35 40 51  - 41 43 18 29  6 30 42 27 59 21  2 56  -  - 14 58 44 19  -  5 47  1 57  - 49 25 33 24  - 22 31 53 17  - 10
 52 36 19 47  - 11 56 28 34 38 21 40 18  - 26  4 27 22 44  9 42 29 49 31  - 35  -  6  -  3 12 32 14 43  7 46  2  -  -  - 15 45  - 37 55 53  - 39 33 23 30  -  -  8 48 50 57  5 17 24
 51  8  - 58 17 14 50  3  -  - 48 56 25 42 41 13  - 28 23 38  - 53  -  1 31 33 19 57 11  - 27  - 18  -  - 36 20 40  - 52 37  - 15 22  - 55 16  - 24 47 44 54 30 26 60 45  5 21 43  -
 29  - 10  - 22 35  - 43 31  - 27 28  -  4  2 44  7  - 15 46  - 12 24 40  3  - 14 25 18 23 34 30 37 16 17  - 48  - 36 32 45 21 13  -  1 19  -  -  - 52  - 60  - 41 50 47 58 56 11 26
 11  - 41  2 32 54 51 48 33  1 45  - 29  8  - 15 20 37 56 42 34 26 53 10 18 43 44 22 27  - 19 35  - 58 31 55  4  - 28  7 16 57 39 36 25  - 13 49  - 60  -  -  -  3 47  - 59 23  9  -
 54 32  - 44 34 56 19 13  - 59 16  -  9  - 18  - 21 39 49  1 38 60 27 23 22  - 55 24 58 40  -  4  6 30 42 26 43  8 53 33 12 17 31 57 41 10  - 20 11  5 47  -  3 50 29 36 25 14  - 48
  -  - 36 14 31 24  -  - 47  - 37  -  8 52 35  - 28 26 57  6 54  -  -  - 30 18 42 48 21  7  5 41 29 20 22 51  - 11 13 53 56 15 27 43 40  - 34  - 58 50  - 12 25  1 17 55  - 49  4  9
 17 57 53 49 29 33 31 14 45  -  - 58 36 24 42 18  -  5 30  4 22 56  -  - 55 54  3 19  - 34 15 21 13  - 47 59 52 41 46  - 35  - 11  - 51 23  2 27 26 38 37 44  - 20 10  - 39  8  1 50
 41 45  4 26 44 12  - 18  9 37 56  - 48  - 47 30 11  -  -  - 13 10 15 32  - 55 16 34  - 25 39 60 40  2  1 29  8 58 38 23 20 22 17 21 24 43 46  - 19 36  6  7  -  - 27 51  -  -  - 59
  - 27 18 17  8 57 33 59 50 53  -  9 16 40 22  7 34 20  3 52 39 11 41 30  1 15  - 38  - 55 29 25 32 51 60  - 23 10 47 36  5  -  - 56 58  - 48  -  -  - 21 19 35  -  2 12 49 54  - 31
 38  4 23 13 52 20 35 32  -  - 51 47 45  - 37 55 56 15  2 59 58  - 42  - 43 10 22 30 57 53  - 29 48  6  3 50 46 36 14 24 33  - 25 18  8 17 60 40 27 19 39 41 34  - 21 49  - 11 12  1
  3 43  -  - 13  1 53 38  4 29  - 32 23  - 57  - 30 10 60 34 46 18  -  - 20 17  2 35 25 42 51 55 47 44 37  - 11  9 58  - 48 16 52 41 54 45  8 59 36 31 50 22  5 28 56 26  - 12 14  7
  - 24  - 20 28 31  -  8 48 21  5 37 56 54  - 16 33 52 42 40 55 43  3 60  - 22  9  - 36  - 35 19  - 41  - 11 45 47 50 12 39 10  - 53 29 49 38  7  1  - 26 18 58  -  - 34  4 30  - 17
 36 48 44 30 35 55  - 46 60  9  -  4 22 15 51 39 38  3 27  -  - 40 21  6 33  - 24 41 23 12  8 31  1 37  - 20 54  - 26  - 53 19  -  -  7  2 50  -  5  - 43  - 49 47 59 32 10 42 29 14
 48 47  - 55  -  6 13 49 23 25 60 35  - 59 16 34 29  -  - 33  - 45 19 27  7 42 36 40 15  - 17 53 56  8  -  - 31  3  - 22 10 50 18 54  9 24 14 58 43 37 46 28 20 11  - 39 26 44 51 21
  -  -  -  1 26 50 43 57 51 10 30  -  4 14  - 28 53  2 52 29 18 36 23  -  -  - 60  8  - 33 54  - 59 25 19 31 12 24 56 37 13 35  3  - 44  7  - 47 32  9 27  - 15 48  - 16 55 39 22 20
 24 40 29 12  -  - 36 31 35 32 44  - 11 50 38  - 17  4 13 57  7 59 37  - 15 23 30 55 45  - 53 27 20 47 54 25  9 49 42 18  - 39  -  - 52 28 19  3 46 16  - 26  2 10  6  -  -  1 41  8
  5  - 33 42 47 29 59 41 40  -  3  1 53 57 11 50 39 25 38  7 31 37  - 49 54 27  8 26 16 45 10 20  - 34 46 18 15 44 32  9 21  -  - 35  - 12 58  - 28 14 55  2 56 13  - 23 52 60 24  -
 20 53 28  4 60 48 54 19 46  - 18  -  7 29  3  8 26 40 25 27 30 31 12 13  - 45 33 17 34 44 43 15 39 32  -  - 57  1 41 11 49 56 14 38  2  - 51 52 47 24  - 55  9 58  5  6 35 36 21 37
 23 19 31 46 20 45 39 53 16  2 17  8 32 21 59 60 50 41  -  - 10 25 56 58 35  - 28 36  - 14  6 12  7  -  5  - 40 22 37 27  - 55 51  - 57 54  3 30  - 43  -  9 29  - 42 24  1 18  -  -
 22 28 12 45  - 21  7  5 24 51 59  - 14  - 23 41 58  - 53  - 25  8 54 20  2 32 17 15  -  1 36 10  - 57 13 34 38 30 39 35  6 26 49 16 46 37  -  - 48 27  4 50 33  -  3 40 18 55 19  -
 31 29  6  7 59  8 24 36 44 55 41 27  3  - 32 26 13 49 10 20 35 28 25  -  - 40  -  - 38 48 14 43 53 50 12 57  1 34 33  - 54 18  -  4  - 60 47 51 30 15  9  5 45  - 37 42 56 52  - 46
 15 13  - 21  3  2  -  -  -  -  - 11 39 23 19  5 51  -  1 18 28 44 34  - 45 25 49 37  -  - 52  6  8 24 36 54 47 55  -  - 32 41  -  9 43 26 30  - 57 42 58  - 14  4 33 17 60 59 20 12
 26 58  - 34 49  5 38 37 20  6  1 17  - 13  -  -  - 32 46 45  3 16 11 18 24 31 10  9 51  - 56 52 44 60 15  -  - 50 27  - 25  - 47  7 21 59 55 14  - 54  -  - 42  - 41  2 19  - 36 30
  -  3 39  - 55 32  9 26 30  7  -  - 35 12 27  - 10 54 22  - 19 42  5 43  4 24 18  - 40  8  -  - 23 56 50 48 51  6 17  1 60 25 41 29 49  -  -  -  2 33 38 46 44  -  - 28  - 45 47  -
 40 55 13 33 11 53 47  -  5 42  - 21 24 56 30  - 57  -  8 17 27 38 51  - 58 59  6  -  - 15  -  - 60  - 48  7 36 52 12 44 29 37 22  - 32 20 49 54  4  3 31 10  - 16  - 41 28  - 23  -
  2 51 55 57 10  7  -  - 42  5  - 43 54 27 29 20 49 44 31 58  - 33 17  8 32 46  1 16 53  - 60 23 12 39 40 30 59 37 22  3 41  -  - 19 50  6  9 56 45 48 36 38 18 21  4 11 47 25 35 28
 59 60 57  5  - 44 42 34 38 27 54 49 50  -  - 47 55 53 48 11  - 22 36 15 12 37 31  3 39 41 23 24 21 13 26 28 32 35 43  8 51 20  - 25  - 33  6  2 52 17 40 14  - 30 18 46  7  - 45 58
  -  2 22  - 36 51 27  - 29  -  -  - 31 34 10 56 37  -  - 50  1 32 58 55 19 47 25 33 12 17  - 46 42  -  -  3 18 57  4 49 24 28  8  - 14  9 15 13 54 21 52 59  -  5 30 48  6 20 26  -
 57 41  - 53  1 52 14 45  6  - 32 33 12 22  - 17 59 27 34 13 44  4 50 19 56  -  - 54  5 43 48  7 58 46 49 47 60 16  3  2 26 30 40 20 10 29 24  - 42 39 18  - 37 35 23 21 11  - 25 15
  - 42 45 56 50  - 22  6  - 33  9 18 19  - 53 10 16 13 17 44 20  - 38 46  - 52 15  - 54 11  - 51  3  -  4 35  - 23 21 31  - 60 28  2 48 57  - 24  - 32  8  - 43 39 40  - 36 29 27 55
 44 26 42 15  5 30 60 33 53  -  8  - 17  - 54  -  6 55  9 28 50 46  - 39  - 12 34  -  - 51 41 40 11  1 35 43 14 32 18 59 52 49  - 48 56 36 21 37 38 22 45 31  7  - 13  3  -  4  2 27
 49  -  9 25  - 16  -  - 43 41  2 31 57 20 50 45  1  7 51 21 60 52 33 14 36  - 58  5  - 18 13 34 19 29 11 10  6  - 23  -  8 27 32 39 53 30 37 38 22 12 48 42  4 24 28 15 44 46 56 47
 42 34 11 24  - 13 41 22 55 47  6 38  - 19 20 43  4  9  -  2 23  3 48 25 17 53  - 21 31 36  - 26 51  5 27 32 37 60 59 56  1  8 30 40 35 18 52 50 29 57 49 16 39 45 46 54 15 10  7 33
  - 39 52  - 42 58 28 11 41 43  - 12 37  2 46 57 18 34  - 48 59 17 26  - 44  -  5  - 13 60 25 54  -  3 29  - 16 31 30 45  4 53 38 23  6  - 33 10 21 20  - 15  8  -  - 14 51 22 49 40
  - 52  3 11  9 26 10 60 17  8 57  -  -  7  6 51 40 42 55 23  - 15 45 44 41 29 32 53  -  -  - 22  - 21 38  - 27 25  -  - 28  - 20 12  4 34 35 43  -  1  5  - 19 49 24 37 48 58 18  -
  -  9 21 60  6 42  8 27 12  4  - 22 47 37 36 48  - 24 20 49 15  - 29 53 14 13 52 56 30  -  - 44 31  - 43 39  - 33 57 26  2 11 54  -  3 32  - 35  - 18 41  1 50  7 16 59  - 34  5 38
  - 50  - 18 14 39 46  2 58  - 49 57  - 30 21 32  - 23 24 15 17 20 35 36 29 44  7 52  1 37 26  - 33  - 16  9 41  - 54 13 31  4  6  5 28 22  -  - 40 45 11  - 27 51  8 19 12 47  - 60
 34  - 27 16 18  - 12  1 37 36 14 19  - 25 24  - 48  -  - 53 29  - 10  3 46 60  - 13 50 31  -  - 52 15  8 21  5 56  - 42  7  2  4  - 23 58 20 41  - 11 22  - 28  9 26 35 43 38 39 32
  - 12  - 51 54  -  - 29 25  - 35  - 43 39 49  - 15  6 36 16 47  - 31 50  5  7 56  -  -  2 33 37  9 26  -  8 44 45 52 40 11  - 57 10 60 48 18 19 20 13  - 21  - 59 14  4 38  3 55 22
 60 21  - 59 37 49 25 15 11 57  - 30 28 26  8 54 44 58 40  -  - 47 52 29  - 39 20 32  -  - 22 18  -  4  -  5 13 19 34 43  -  -  7 31 12  3 17 33  6 35 23 24 51  -  - 10  9 16 42  -
  7 35 47 32 53 18 11  -  -  - 55 10 41 33 60 27 46  - 39 24 36 48 14  9 28 30 37 44  - 16 21  5  - 40 52 58  3 43  2  - 17  - 12 50 19 42 59  - 25  -  -  - 57 22 15  1 23  -  8 49
 33 11  - 54  7 22  - 42 15 60 26  - 10 36  -  -  2 48 12  5  4 14  9 38 59 58 21 51 52 28  -  8 35 27 57 53 49 29 19 20 55 40 24 34 47 25 44 16 50 41 56 23  - 37 43 18 45  6 30 13
 12 56 14  - 25 23  -  -  8 11 52  7 49 43  -  -  - 21 35 54 53 19  4  - 16 51 46 31 60 20 32 36  -  - 45 41 34 27 44 30 22 13 33 59  - 40 10  5  3  - 17 39 47  6  - 58  -  - 48  2
  - 16 50  3 15 60 52 12 39 56  - 14  1 55 40 25 31  - 43 35  -  6 13 28 49  - 48  4 10 26 47  - 24  - 18 17 53  2  - 57 27  9 42 30 20 41 45 23 34 59 32 36 22 46  7  - 54 37 44  5
 30 49  - 40 38 17 44 10  - 14 22 48 46 28 33 23 54 31 16 36 45  - 20 41 51 11  4  1 37  -  - 47  -  9 55 42 58 12  7  5  -  - 50 15  - 39 43 29 59  6  2 34 53  - 25  8 21 32 52 19
 39 14  - 19  - 25  - 30 22 15 23 52 60  -  -  -  5 43 54 26  6  -  7 45 40  3 53 50  - 59  2 38 41 17 56 16 24  4 20 34 46 12  - 47 13 51 36  - 37  - 28  -  - 42 32 57 33  - 31 29
  -  - 16 48 41 46 23 17 21  - 53 54 42  6  - 38 36  -  -  8 52  1 32 56 10 20 27 29 14  9  -  2 34 19 24 15 33 28  5 25 47 59 43  -  -  - 39 26 60 58 51  - 12 18 49 44  - 40 50 57
 27  - 54 22 24 47  - 21  2 50 29  -  - 31 12 53 43 19  -  3  5 23  -  -  - 14 39 45 20 52  - 56 25  - 28 37  7 13 49  - 42 51 35  - 18 44 26  1 55 46  -  6 10 34  - 38  - 48 40 16
  9 31  - 10  2 34 30  4  1 12 33 26 15 53 52  -  - 47 58  - 48 57 59  5 13  -  -  7 46 29 55 16 36 14 32  6 39 18 35 50  3 54 23 24 45 27 42 17  -  -  - 49 21 40 19  - 37 28 38  -
 45  - 37 39  -  3 26 58 27 34  4  2 20 47  - 24 41  -  5 43  8 21 18  - 38 16  - 14  - 54 57 28 17 35 51 44  -  -  9  6  -  - 59  - 11  1 22 36 49  -  7 32 46  - 31  - 29 33  -  -
  - 18 26 35  - 40  5 56 13 49  7 20  6  3 25 36  - 16 47 12 37 58 55 24 21  9 57  - 41  4  - 59 38 23 14 45 22 51 15 17 43 46  2 42 39  8 32 34 31 53 60 11 48 29 52 27 30 50 28 54
