2880
 37 18 33 44 43  - 14  6  - 25 11 17  - 46  3 19 55 60  9 53 16  1 32  4 41  7 40 52  - 58  - 27 36  - 29  - 21 12 54  2 42 38  - 50 24 48 15 39 23 30  - 26 57 34  8 20  - 28 35  -
 28 11 51  6  7 41 18  - 55 45 19 32 26 44 50 59  -  - 56 23 43  2  4  - 10 15 46 39 17 12 33  -  3 42 52  - 29  1  -  - 38 37 34 47 49  8 27 48  5  9 21  - 36  - 40 16 20  - 54 53
  9 24 28 22 23  - 53  3 42 56 50  8 35 49 52 10  - 41  6 57 37  - 40  - 11 20 29 43 12 30  5 59 16  4  -  - 48  - 38 47  - 19  - 33  - 58  -  - 18 17 31 32  -  - 55 34 36 15 46  -
  4 21 25 34  - 14 43 13 26 11  1  3 30 58 45  9  -  - 54 50 44 48  - 33 46 17 16 57 49 59 39  5 42 52  - 20  - 23 40 31 53  8 55 32 38 24  - 36  6 35 27 28 60 10  -  7 41 22 56 19
 33  - 42 25 57  - 30 27 12 51 48 22 10  - 17 35 36  - 40 20 11 23 50 15 47 34  -  - 16 53  1  - 39 28  4 58 41  5 52  -  9 21 14 45 54  - 19  - 24 13 44  - 55  -  - 59 38 29  6  -
  - 29  - 45 51 13 12 11 54 33 37 34 44  -  - 52  7 39 31 36 32 15  9  - 27 24 47 55 28 21  - 43 41 60  6  3 46 35  4 40  - 25 53 18 22  -  - 30  - 48 23  8  - 14 49  -  2  -  -  1
 34 48 20  - 12 54 44 57  - 10  -  2 31 33 46 24 16  - 38 51  - 21 27  3  -  1  - 35 15  - 41 40 23 49  - 55 32  9 13 29 45 53  8  4 37 60 22 47 42  6 11 17  - 58  7  -  -  - 28 30
 26  - 48 17 50 27 28 34 33 35 29 25  - 21  -  6 12 23  2 49 51 57 59 16  - 46  - 10 54  3 32 24  5 11 22 56  8 44 15  -  - 13 52 20  9 14 40 55 37 41  -  7  - 45  4 43  - 30 18 31
 59 28 10  - 54 19 17 25  -  -  - 56  - 26  6 38 41 49 15 35 22 30  - 44 39 27 57 47 37  - 12 18  1 21 58  9  - 13 31 52  2 45 40  -  - 42 24 29 53 50 51 36  8 33  - 48  -  - 16  7
  6  - 37  2 19  - 40 30 31 18 49 55 51 22 33 50 32 42 27 26 34 60 35 56  8 59 58 28 20 23  7  - 15 25  3  4 38 21 43  5 46 47 41 11 36  - 45 10  1 24 48 12  -  9 13 53  - 17 44  -
  2 17 16  - 10  7 29 59  - 22  3 36 41 14 39  -  - 20  -  4 24  9 23 37 35  -  6  - 60 49 55 42  -  -  1 54 11 43 32 50 58 34 45 25 13 21 30 19 12  5  - 38 26 46  - 57 51 56  8 33
  - 41 24  - 28 37 25  - 22 50  - 52 55 53 31 34  9 43 57  6  - 18  - 42 21  8 45  - 10 33 35  - 58 27  - 14 39 29 12 32  4  - 56 38  1 40 49 60 59 15  7 46  - 26 44  -  - 23 20 51
 19 22 47 27  9 49 46 44 60  7 23 38 45 40 41  - 17  5  - 14 25 58 10  -  -  - 12  - 18 29 34 21  6 56 59  - 26  - 11 42 15 51 30  -  8 32  - 35 43 28  - 55 52  - 16 37 57 39 31 24
 54 35 34  - 31 60 27 10 36 17 39 51  - 55  7  - 43 30 49 46  5 12 19 38 28 13 52 20  - 37  6  2  4 44  - 21 25 56 53 48 33 57  9  1 50 23  3 41 11 40 14 45 18 22 24 58 29 26  - 47
  -  - 52 29  - 39 36 31 57 26 18 16  - 59  - 49 11  - 19 40  7 33  -  - 30 55 50  8 32 48 22 10 14  3 41 43  4 47 24 54 44  - 25 15  - 53  9  - 17  2  -  6 56 37  - 51  -  - 12 28
 55  - 58 51  8 17  - 26 21 49  - 40 60  - 53 56  -  4 11  - 15 22  - 32 59 42 36 54  3 28 31  1  2 35 47 34 19 52  -  -  -  - 12 13 57  7 16  - 48 27  - 44  - 29  9  - 37  -  -  -
  8  -  3  5  -  4  1  - 52 15 60 27 18 34 48 54  -  - 51  - 47  6  - 31  - 45 17 59 26 14 19 55  -  - 40 35 28 41  -  - 13 39 24 43 12  9 33 57 22 56 50  -  -  7 11 42 32  - 10 16
 23  3 12 50  -  - 57  5  6  8 42 10  - 29 56 51  - 46  -  - 31  - 14 27 40 47  9 36 45 41 30  -  -  7 19  1  -  - 39 38 48 24 20 55  -  - 13 22 32  -  2 58 21 11 18 26 59  - 49 44
 25 44  4 54 34 51  - 58 43  6  2 35 36  5 49  - 56  -  -  - 38 19 30  - 37  - 10 27  7 15 52  -  9  -  8 50  - 24 57 18  -  -  1 59 41  -  -  -  -  3  - 14 40 47  - 22 31 32 45 20
  - 55  - 38 42 12 58 32  9 40 46 59 20 51 14 33  4 19 24  3 52 44  - 17  2 26 13 21 56 57 29  - 60 36 16  -  - 15 48 27 25 28 22 37 18 41  8 53 35 47 39 34  -  5 54  -  - 45 43 23
 51  - 57 14  - 16  - 46 35  1  - 12  3 48  -  -  - 13  -  - 39 53 33 24  - 18  - 25  -  - 58 36 32  - 30 47 56 59  6 45 60  2  4 34 19 15 43 42  -  -  -  - 20 27 17 49 54  - 21 41
 10 42  1 46 56 33 22  9  3 27 30 43 17  - 15  2 50 57 12 47 53 40 54  7 60 48 32 45 29 16 51 25 13 58 24 59  5 28 35 41  -  -  - 19 14 20 26 38  - 37 34 11  -  - 21 36 52  4 55  8
 11 25 46 10 40 28 51  - 34 55 35 60 22 15  -  -  - 31 58 32 20 49 21  9 13  -  7 50  - 44  4 16  -  -  -  - 59  -  8 56 29  1 47 26  -  -  -  6 54  - 57 37 30 53 27  5 42 41 36 12
  -  - 60 40 33 20 24 52 58 19  -  5  - 35 23 41 47 10 13  - 17 59 22  - 51  -  4  7  1 18  2  - 43 39 44  8 31 55 37 16 34 14 38  -  6 50  - 49 57 36 56 29 27 42 46 54 15 12 11  -
  - 54 22 23 16 53  -  -  1 12 47  -  - 32  2  8  - 34 60  - 13 14 48 11  - 30 18 46 24 51 49  4 29  - 39  7 10 27 56  -  -  -  - 36 59 31 28  - 41 19  5  - 44 38 50 21 45 20 37  -
 44 39 41  7 45  5  3 24 18 14 58 13 37 56 34 42 10  8 21  -  - 51 47  -  -  - 33  1 38 43  -  - 52  - 36 11  - 60 22 19 27  - 46 40 31 49  6 50 15 16  - 53 32 12 28 30  4 57 17 48
 50 19  -  - 53 29 39 54  - 23  - 44  - 42 55 57  - 38 45  -  - 36 31 13 26 37  8 56  2  - 28 35 59 47 34  -  9  4 49 11 41 22 18 58 32 17 51  - 25 33  6  -  - 48 43  3  - 21 60 10
 45 15 39 13  2 10 50 49 28 47 27  - 34 37 18 53 24 59 41 16  6 11 51  -  - 57  - 12 21 35 54  - 17  1 31 33 14  - 42 43  3 32 44 30 56 36  7  - 60 20  - 48 58 55 19 23 25 40  4 46
 40 49  -  - 17  1 15 21  4 54 56 47 46 18  - 55 29  9 48 30 60  -  - 57 58 16 41  - 39  - 14 50  - 43 25 38 13  - 23  -  5 10  -  8  - 22  - 59 27 11  -  3  6  - 26 31  -  7 51  -
  3  6 18 58  - 38  -  -  7 34 21 41  - 57 54  - 15 56  4  -  1  - 42 35  - 36  2 53 59  -  -  9 51 55 60  - 22  - 47  - 32 26 27  - 30  - 44 31 28 52 10 40 46 50  - 39  5 48 13 49
 13  4 53  - 32  -  - 22  5 60 34  - 47  - 57 45 14 40 28 21  8 29 43  1  7 38 11 24 35 17 44 41 48 19  - 36  -  3 26 37 51 52 49  - 55  2 46 12 58 23 16 33 50 59 39 15  - 25 27 18
 29 57  9 41 13 11  4  - 20  - 52  - 39  6 10 23 37 36  - 15 30 26  - 53 43 22 27 18 50 24  -  - 21  - 17 49 40  -  7 46  - 59  2 44 16 12 35  -  - 55 25 54 45 19 33  1 28 47 48  -
 43  1 49 26  -  - 16  - 51 28 53 21 58  -  - 30  -  - 37 48 29 32  8 47  - 44 19  -  - 25 17 15 56 38  -  -  7  - 36  6 55 35  - 54 27  5 52  -  - 34  4 31 12 41 10 18 40 11 23  3
 15 47 14  -  - 30  2 37  - 43  7  - 21 54 44  5  - 50 20 11 18  - 39 28 12  - 59 51  -  - 57 34 33  9  - 16 58 49 25  3 22 56 13 42 53 26  1 45 10  - 19  - 48 40  -  - 35 46 52 17
 22 38 23 15  -  -  5 50 40  - 26 53 28  7 29 37 60 47 42 27 45 55 56 41 34 43  - 48 11  - 36 14  -  - 33  - 51 18 10 12 16  9 19 57 21  - 25  -  3 31 49 13  4 54 59 35 17  8  1 39
 21  - 35 20 59  8  - 47  - 36  4  - 19 31 12 39 57 29 46 54 49 45 44 58  - 40 43  9 22 56 24 37 27  - 48 60 17  6  - 14 30  3  5 53 25 28 34 18  - 51 13  1 23 32 42 55 10 38  - 52
 57  - 32 49 36 56 38 20 41  -  - 14 29  1  4 28 40 27  - 22 55  8  2 43  6  - 25  - 47 52  3  7 26 18 23 45 53 10 44 59 12 17 16 21 48 54 39 13  - 46 58 51 42 35  - 50 24 60 19 34
  1 60 36 52 48 42  - 16 44  4  - 24 59 50 47  - 18 51 25 19 58  -  - 29 56 49  -  - 43 13 45 22 11  8  - 26 33 53 55 39 14 30 35  - 40 10 41 21 31  7 28 15 37  - 57  2  9 27  3  6
  - 30 11 32 44 31  -  -  - 29  - 37 25 19 28 43  2  7 59 42 33 38  - 40 14 54 26  6 55  1 47  - 12 20 10  - 45 39 16  9  8 49 51 46 34 27 56  5  4 58 22 60  3 15  - 17  - 36 53 21
 30  - 21  4 55  9 34 15 38 53 31  6  2 16 20 25 49 58 35  7 14  - 41 18 22  - 51 23 36  - 13 32 19 12 28 46 24 50 45 10 40 44 48 39 60 37 42 11 26 43 17  -  1  3 47  8 33 54  - 29
 41  7 55  - 20  3 13  - 27  9  -  - 12 38 37 47  - 11  1 17 21 50  - 19 25  - 28  - 46  - 48  6 34 53  -  - 52 30 18 35 24 40 60  - 15 44  - 58 56 49 59 16  - 51  - 14  8  5  -  4
 14 16 29 37 15 24 48  -  - 30 36  -  - 12 27 11 34 22 32 13  - 10  -  8  9 21  1 17  -  5 18 23 57 51  - 31 50 54 20 26 35  - 28  2 45  - 53  4 47 38  -  - 39  -  3  -  6  - 40  -
  7 46 59 39 26  - 56 17 13 38  9 54  6  4 40 18  -  -  5 60 50  3  - 51 53 31 24 14 27 47  - 44  - 48 12  - 23 20  2 28  - 55 33  -  - 30 57  - 19 32 43  - 11  - 58 45 22 16 41  -
  - 32 40 19 39 55 31 35  - 16 33 15 24 27  8 14 26 54  - 34 48 43 17 46  -  5 44 60 51  - 42 38 18  - 49  - 37 36 50 58 23  4  - 52  3  - 11  7  -  - 30 57 22 13 12 28 21 59  2 56
 36 40 27 53  1 45 21  4  - 37 28 49  7  3 38 48 39 16 52  -  2 54 26 20 50 41 60 19 44 46 43 12  8  -  9 17 30 31 51 13 18 58 59  6  -  - 10 24 34 42  - 56  - 57 25 32 11 55 22 15
 49  - 43  8 22 26 20 19 59 52 41 18 56 10 32 46 21  6  7 25 12 39 28 48 31 35 14 34 40  4  - 47 54  - 53  - 36 51  -  1 11  - 42  5 29 55 37 15 38 57  3  - 33 16 30 27 13 44  9 50
 56 12 17  -  - 34  - 45  2 48  - 28 27 24  -  7 46 55  - 44 41 35 49 39 57  -  -  -  -  - 60 20 47 33 14 15  6 37 59  - 43  - 21  - 58 13 32  1 52 53  8  -  9 36 22 38  - 50 42  -
 20 37 31 47 27 52 49 48 46  - 59 33 38 11 21  4  - 28 36 29 54 34 45  - 24  - 53 41 19  - 10  - 55 13  - 40  3 16  5  8 26 43  - 51 44  1 50 17 30 14 15 23  - 56  -  9  -  - 25 57
 39  9  -  - 35 36 60  - 17 24 22 46  - 47  5 27 20  -  - 12 42 41 16 50 48 10 49 15 25  -  8  -  - 30 37  - 44 34 19 23 54  -  7 14 52 38 58 51 29 21 40 59 13  4 56 11 53 18 26 55
 17 27 45 18 46 32 23  - 39 57 51 58  9 60 43 13  6 15  8 56  3 16  1  -  - 50 22 31  - 26 11 49 40 54 21 48 55  7 14 53 52 12 29 10  - 34  - 20  2  4 37 19 24 28 41  - 44 42 30 59
  - 51 50  -  - 43 35  - 30  - 44 20  5 41 26 36  - 25 34  - 27 17 52 14 32 12 31 16  8 54 21  3 10 57 38 19 15 45 33 22  - 48 11  - 42  4  2 56 40  1 46 47  - 60  - 29  -  6 58  -
 12 33  8  1  5 40 47 14 19 41 43 29  - 45 35 21  -  - 26 55 36 37 25  -  4  - 23 49  9 31 20 11 30 59  - 57  - 58 27  -  - 42 15 56 51 52  -  - 16 10  - 50 34  6 38 13  -  - 39 22
 35 13  5 59 21 15 32 56 53 46  -  4 50 36  9  -  - 14 23 28 57 31  -  -  3 19 42  - 34 60  -  - 38 10 51 39 49 48 30 55  - 11 58 16  -  6 17 40  8 18 29 43 41  1 52  - 26 33 47 37
 18 10  -  -  4 58 52 40 24  3  - 31  1  - 13 60 53  2 55  9 28 27 29  -  - 32 15 30 48 50 59 51  7  - 56  5 42 11  - 17 47  - 43 22 23 57 36 33 45  - 12 39 19 44 34 46  -  - 14 38
 27 52 56  -  3 47 59 28 15 13 32 39 54  - 16 20  5 26 44  8  9  -  6  - 55 60 48 37  - 40  - 58  -  - 11 42 57 46  1 30 19 33 50 12  4 18  -  - 51  - 36 10 35 17 29 41 14 31  7 45
 60  - 30 11 18 23 45 41 49 21 16  1 13 28 51  - 19 48  -  - 35  7 38  6 52 56  - 58 53 39 26  8 25 14  - 12 54 42  - 15 59 50  3 24  - 33  5 44 55 29  -  4 17  2 36 10 46  9 32 27
 47 50 44 57 41 48  9  8 45 59  -  - 14 30 36  3 13 32 33 52 56  -  7 55 16  4 21 22 58 11 46 60  -  6 20 37 34  - 28 49 10 23 26 35  2 51 31 25  - 12 54 18 29 43 15 40 27  1 24 42
 38  - 54  - 24 46 19 12 37 42  8 48 11 13 22 58 23 45  - 59  4 52  - 10 33 25  -  5 57 20  - 56 50 31 43 28 27 26  - 34  6  7  - 41  -  - 14  -  - 44 32  - 15 30  1 60 18 51 29 36
 48 56 13  -  -  2 37 39 11 44 55 50  - 25 30  -  1 52  - 38 46  - 15  - 18  - 20  4  6 10  - 26 22 32 42 41 47  - 60 21 31 29 57  7  - 45 23 54 36 59  -  - 43  8  5 19  - 53  - 35
 46  -  6 60 25 22 55 18 48 20 57 26 23 52  1  - 58  - 14 41 10 47  3 45 44  2 56 42 30 32 50 19 31 17 35 53 16 40  9  4  - 54  - 27  5  - 59  -  -  8  -  - 28 49 51 12 43 13  - 11
