2880
  - 44 40  - 52  - 22 11 57 34 14  1  -  -  2 49  5 56 10 19 16  -  7 21 37  3 27 29 51 58  - 25 60 35  4 48 33 55 50 41 36 31  - 18  - 20 28 53 38 24  9 59  8 17 47 15 39  - 46 54
  1 56 44  6 10 26 13  3 17 12 50 39 43 49 52 48 25  - 59 58 51  4 21 27 11  2  - 34 46 32  - 16  5 23 15 60 54 40  -  - 53 55 24 22 33 35 38  -  - 47 57  -  7  -  - 30  9 45 14 37
 31 39  1 17  - 45 41  - 55 38 32 18 11 56 26  2 27  8  9  3 52 43 54  - 40 14  -  - 47 23 42  6 53 50  - 15 59 22  - 48 60 25  - 20 36 34 46 12 21 29 37 24 49  4  -  - 35 13  -  -
 50 27 12  - 31 17 32  5 11  4 21 59 38 37 40 26  7 28 57 30 15 54 42 36 46 52 29 23 33  8 34 53 47 39 43 35 13 18  3 22 20 45  - 51 19  - 24 55 58 49  -  6 16  - 41  - 14  2 56 25
 17  - 35 15  - 10 50  - 51  - 11 33 29 59  9 36  - 52  -  -  - 58  -  1  2  - 60 57  - 18  -  - 14 38 19  5  - 37 12 39 32  - 47 28 48 27 44 43 31 23 13 45 21 26 16  - 46  - 30  -
 54 28  9 33 32 48  6 20  -  - 19 57 55 15 17  7 45  1 50 41 44 31 10 16 14  5  2  - 24 49 21  -  -  - 34 36 11  - 40 52 12  8 42 53 35  - 27 60  - 18  - 56 26 38 43  4 23  - 59 47
  - 58 46  -  - 43 19 29  - 13 53  3 40 54 41 50 22 51 45 12 24 55  - 25  9 59  8 36 14 34  -  - 15  4 52 38 47 32 39  - 37 60 57 27  -  2  - 35 11 31  5  -  1 44 23 18  - 26 10 21
 10 21 33  - 28  - 11 22 32  1 25 31  5  -  -  -  - 54  -  -  4 13 41  - 38  - 42 60 26 55 48 12 58 18 57  8  2 53 51 49 14  - 45  7  -  9 15  - 59 43 52  - 24  6 27  -  3 30  - 20
 45 15 25 50 19 11 36 30 22  - 23 20 10  5 59 56 55 40 26 16  8 48 46 35  4 39  6 51 29 42  - 60 37 34 44  -  3  - 13 53  2 47  - 38 18  - 52 41 28  - 43 12 27  9 31  -  - 24 32 17
  2 20 56  - 33  - 15 50 10 37 30 35 12 53 44 60  - 16  1 22 58 17  4  -  -  - 23 45 34 14  - 47 51 46 26 41  - 29  - 38 31 11  - 25 40  7  6 39  9  - 32  - 18 13  5 52  -  8  - 59
 49 35 51 12 18  7 28 46 42  - 40  2  1 36 48  - 32  6 23  - 53 25 58 52  - 50 13 41 55 43 26  - 29 59 37  - 38 56  - 20 24 39 60  - 10 22 30  3  - 14  4  5  -  8  9 44 54  - 45 34
  5 47 43  -  1  2 17 52  9 42 35  -  -  7  - 10 39  - 14 60 56 28 29 50 34 32  - 16 27 11  -  - 57 33 30 24 58 44 46  - 13 51 22  - 41  8 54 31 20 38 23 40 25 37 18  6 48 36 26  -
  9 16 18 22 23 39 33  - 44  - 34 51 57 14 19  4  - 36 28 10 37  - 31 38  3 35 26 46  5 24 25  2 41  - 45 40 42  - 15 54 27 58  1 13  - 11 55 59 50 56 17  -  - 43 49 47 30 48 53 60
 60 52 54 24  -  5 53 32 56 55 51 22  6 50 39 45 15  - 30 21  2 46 33  -  - 11 25 38 44 35  - 13  - 20 27 18 36 48 43  -  - 34 23  8  9 14  -  - 40 59 16  - 31 28 26 37 19 58 17 12
 37 38  - 13 16 22 54 56 48 49 59 30  - 18 28 24  - 43 31 20 41  9 39  - 32  4  - 33  - 45 15  7 36 40 10 46 26 23  - 55 11  1 29 44 21 17  -  6 51 52 34 60  -  5 42 14 25  - 47  -
 14 11 41 43 45 55 10  8 37 59 16 49 58  6 46  - 24 60 36 50 33 23  -  3  7  -  - 12 20 38 30 26  - 44 48  -  -  - 34 32  1  - 53 17 27 57 42 29 39 35 56  4  9 52 54 25 13 18  -  -
  - 46 29  5 14 40  8 15 27 35 39  4 34 23 31 42 13  -  - 18 17 49 59 26 52 30 21 32 25 12  9  - 19  - 22 47 44  6 45  -  - 37 36  - 60 10  - 56  1 51 28  - 53  3  2 50 38 41 57 48
 43  3 34 25 55 29  - 48 30  - 26 42 32 58 49 41  8 15 52 23 39 60  9 40 33 47 57  2 37 44  6 27 56 11 18  - 45 16 35 46 59 13  -  - 53  -  1  5 10  - 54  - 17 22  - 36  -  - 28 19
 26 22  -  - 49 16 18 36 54 56 42  -  - 29  5 47 21 14 48 40 27  -  - 44  - 53 58 43 28 19  8  - 13  - 38 23 50  -  - 12 51  - 20 45 17  -  3  1 25  - 31 35 11 57 32  7  - 46  4 30
  8 34  - 16 54 36  -  - 59  -  -  -  2 39  - 46  6 21  -  - 55  -  3 18 22 28 31  - 30 26 13 48 52 51  - 12 49 58 42 11  - 44 10  9  -  -  - 38 57  - 35 25  5  -  - 27 24 60 43 50
 22 36  6 48 39 24  3 31 50 33 58  7 28 21 42 52 30 32 15  1 25 29 47  4 20 44  -  - 56 41 49 38 34 54 11  9 60 17  5 37  - 14 18 57 51 40 59 23 19  - 53  - 12 10 13  -  2 27  - 43
 46 57  5 32  3  9  2 47 25 26  7 13 31 60 34 16  - 27  - 37 59  -  - 48 21 51 38 15 42 20 54  -  -  6 55 11 30 24 53  8 18 29 28 23 22 43  -  -  - 36 39 10  - 19 33 41 44  -  1 35
 11  -  4  - 36 15 58 60  - 10 13 38  - 46  8 20 53  - 18 47 42 57  1 41 56  7  - 21 43 25 32  - 49 14 17  -  - 50 44 23 19 28 54 37  - 48  -  2 12 55 27 39 35 33  - 45 59  - 52  5
  - 23  2 38  9  - 29 54  8  5  6 21  - 44  -  3 35 11  - 48 10 14 22 51 47 41  4 25 40  1  - 33 43 26 58 28  - 60 52  - 17 53  - 55 42  - 18 24  -  - 59  - 34  7 56 46 16 49 50 39
 18 29 50  1 47 54 51 23 16 15  -  - 13 12  6  - 20 38 40 44 22 30 27 42  - 19 48  3 31  - 56 21 10  5 46 57 25  -  7 34  4 43  8 35  - 53 41  - 49 60  -  9  - 32 28  2 17 14 58 26
  7 13 48 14 59 27 44  - 33  8  - 55  - 17 60 19 16  2 42 56 30  - 35  - 23 24  1  5 38  - 18  -  9 15 53 34 51 28 11 10 45 32 50  - 29 12 25 21 52 39  - 37  - 36  4 22 26 47  -  3
 41  - 47  -  8 59 20 13 14  -  3 34 23  - 21 38 10  7 60 27 19  -  - 12 51  - 36 54 45  - 29 11 30 58  - 17 53  4  -  -  - 42 48 31  5 25 32  9 22 44 55 33 37 24 50 56  - 52 18  6
  -  - 31  7 60 33  9 57  - 16  2  - 14  8 29 30 11 12  6 43 13 37 52  -  -  - 47  - 10 59 17  -  - 28  - 55  -  - 20 36 38  5  4 42 26 18 58 22 56 19  - 53 45 48  - 23 41 15  3 27
 13 45 53 41 11 50 47  4 38 28 49 43  -  - 57  - 18 29 21  -  5  1 12 56 27  8 17  9 48 51 31 34 39  3  2  - 23  -  -  - 35 46 16 60 59  - 19 52 55  7 36 22 32  - 37 26 20 40 42 44
 30  - 20  3 12 57  - 41 39 14 22 44 37 26  1 17 40 18  -  - 47  6 19 46 15  9 59 52  - 56 16  - 42 49 23  - 31  8 54 27  5  - 21 11 50 45 29 58 24 48 51  - 43 35  - 38 55 53 34 36
 38 40  3 31 41 19 30 14  -  9 27  - 51  2  -  - 59 23 46  6 11 21 37 22 58 60 15 24  - 48 28  - 33 29 36 52  -  -  - 45 39 49  5 56  1 54  -  -  8 17 50 34  - 47 57  -  - 35 13 18
 23 26  8  4  - 30  -  7  -  2 44  - 54 13  - 29  9 25 51 57 32  5 36 31 45 16  -  -  1 53 50  - 28 10  - 49 52 34 14  - 55 48 58 40 56 38 37 17 43 27 24 21 19 59 39  3 22  - 33 41
  -  7 28  -  6 31  - 38 26 54 33  - 60 32  - 23 29  -  3 14 57  -  8  - 25 40 43 20  -  - 35  - 59 17  - 22 56  -  - 13 58  - 41  -  -  - 48 10  - 34 46 42  4 11 55 53 36  - 15  -
 29 33 26 37 24 25  - 10 45 50 17 14  8 27  - 58 28 46  -  -  -  - 34 20 59  - 44  - 49  -  2 36 55 42 12 53 22 15 18  - 30 41 56 48 43  - 16 19 54 40  -  1 57 23  -  - 60  6  7  -
 32 55  -  - 27  - 56 24 20 46 31 45 48 10  - 51 41  - 25 52 12  -  - 54  - 29 33 47 11  - 44 39 18 21 50  1 35  - 36 26 40  -  -  5 57 42 43 34 17 30 22  8  3 60  7 13 37 16  9  -
 51 18 11 56  -  - 43 59  2 21  8 48 17 40 47 22 57  5  - 45 29 12  -  9  6 58 39 53 52  - 23 54  7 55  - 19  -  - 60 25 33 20 38 30 37 36 50  4  -  1 44  - 46 27  - 28 49 34 35 10
  - 10  - 21  -  - 27  9  - 47 43 11 49 57  -  6  - 34 22  5  -  -  - 14  1 38 24  -  - 30  - 56 35 37  7 50  - 33 48 42 41 52  2 32  4 16  -  8  3  - 15 28 51 53 12 54 31  -  - 58
  - 53  - 40  -  1 37 44  5 57 46  - 56  3 33  - 43  - 20 32 48  - 13  8  - 34  -  7 16 60 39 52 21 12  6 45 18 54 24 50  9  - 27 10  - 49  2 15 47  - 19 55 30 42 35  - 51 28 36 29
 55 32 13 39 34 56 14  1 18  - 37 16  3  4 24  9 33 41 44 28 23 35 53 15 57 49  - 59 12 50 22  8 27 36 51 26 48 19 31 17 21 38 30 46 45 29 47  7  -  2  6 20 40 25 58 43  5 54 11  -
 44 48 19 53 56 46 34 40  3 27 36  - 50 51  4 57  - 58 11  2  1 33 26  - 12  - 35 30 15 28  -  9 23 43 21 42 32  5 47 59 16  7 13 41 52 39 22 49  -  - 14 29 10 54  6  -  8 37 20 24
 35  5 10 58 25 28 42  - 15  6 52 41 53 43 38  8 54 13 49 24 40 18 57 29 55 17  -  1  4 22  - 30 32 48  - 27 39  - 19 44 56  3 59  - 23  - 14  - 45 20 12 26 50  2  - 16  -  7 60 46
 57  -  - 54 37 47  - 25 53 23 12 60  - 55 10  5 48  - 34  9 46 44 18 11 41 13 56  - 59  - 45 35 20  - 24 58 17 42  - 28 29 27 14 39  - 26 51 30  - 50  - 36 52 49  -  8  - 43 40 31
  3  6 15  - 17  - 31 27 35  7 29 28 41  1 22 12 58  9  2 36 26  -  -  - 54  - 51 49 60 46 53 50 44 16 25 20 43 14 23 19 57 30 33 47 38  -  - 18 34  - 40  - 13 45  - 11  4 55  8  -
 58  - 37 47  -  - 21 39  - 20  - 40 24  - 23 53  - 17 38 51 45  3 50 19 35 43 22  -  -  - 52 44 26 32 56  2 10 49 30  - 34 57 12 59 25 46 13 48  -  4 41  -  -  - 11 55  -  -  -  9
 27 17 21  - 50  - 39 34 19  - 41 53  -  - 58 13  3  4 35 26 36 59 43 30  - 23 46 31  -  6  7 22  1 45 47 14 28  -  - 24  8  2 40  - 54 56 11 44 16 33  - 18  - 55 20  - 12 25  - 32
 33  1 36 60 43  8  5 45 31 25  - 37 44  -  7 32 49 20 47  - 28  - 40  -  - 26 14  - 22 16 10 23 17 57 13 39 34 11 56 35  3 54 46 50 58 41  - 42 30 15  - 51 55 12 48 59 52 21  - 38
 52 12 49  8 35 20 23 17 47  -  1  5 26 16 45 31  2 39 53 42 38 41 51 33 50 48 40  - 58  9 60 18 46 24 29  3  - 30 59  7 43 21  - 19 32 15 36 27 37 54 10 13  - 34 22 57 11  4 25 28
  4 31  - 34 30 14 48 49  - 18  - 12  7 52 35  -  -  - 33 25  9 27  5  - 16 56 50 39 23 17 55 59 38  -  - 29 21 51  -  - 46  - 43  2 28  6  8 40 60 13 11  - 41 20  3 42  - 44  - 57
 53 14  - 57  -  -  -  - 60  - 54 27  - 47 36 44 56 26 17 34  - 15 49  - 19  - 55 28 35  7  -  3 24 52  8 32  -  - 25 29 10 22 39  4  - 21  - 51  5 16 33 30 38 31 46  - 50  1  2 45
 56 60 57  - 40 35 24  2  - 32 45  8 59 22 43 21 38 47 19  - 54 36 11 28 31  6 53 48  - 10 58  5  4  9  3 44 12 27 41 18  7 26 25 29 34 52 23 13 46  - 30 16 39 50  1 51  - 33 37 14
 21 59 30  9 15  -  -  - 29  - 24  6  4  -  - 40 52 45 27 46  3  - 28 39 36 18 20 26 57  -  5 17 16 25 14  -  -  2  - 47  - 35 55 43 13 23 60  - 53 10 42 50 48 41 19 34  1 31 22  7
  - 37 17 19  2 41 40 42 28  3 60  - 18  -  - 39 51 48 54  - 35  7 20 34 49  - 52 56 50 27  1 32 11 13 16 43  -  -  9  5 22 36  - 12 55  - 57 25 26 53  8 38  - 46 24 21 47 10 29  -
 47  - 16 18 21  4 52 12  - 30 48  - 25 20 50 15  1 24 58 53 49  8 44  - 13 45 11 27  - 29  - 10 54 56  5 37 57 59  - 33  6  9  - 34  - 19 31 46 35  - 26 32  - 39 40 60  7 38 41  -
 40 30 39 51 38 58 16 19  4 52 47 54 22 25 11  - 42 35 29 17 14 10  -  6 48  -  -  8 18 57 37  - 31 27  1  - 41 26  2  - 28 50 34 15 44 55  9 32  - 46  7  - 59 21 53  - 45  - 12 23
  - 50 23  2  - 51 45 55 41  - 10 26 52 11  - 27 44 57  4  8 34 38  - 32  - 42  7 18 19 15  -  -  - 53 59 16  - 21 22 60 48 12  3  1 47  - 35 54 14 37 49 58 36 40 17  5 56  9  - 33
  - 24 59 36 48 34 25 37 21 41 20  -  - 35 55  - 60 44 13 38 50 53 14  2  - 22  -  - 39 47  3  1  - 31  -  -  - 10 28 51 52 17  7 26 12  -  5 16 23 32 18 57 29 58 30 49 27  - 54 40
 28  9  7 35 29 42 26 16  6 45 38 23 36  -  - 55  - 50 43  - 31 24 56 59  - 33 32 40 53  2  -  -  - 41  -  -  -  3 49 57 47  4  - 54  8 37 17 20 15 58  1 44 22 51  - 10  - 12 21 13
 36  - 60  - 46  -  - 28 13  -  5  9 47 42 54 35 37 31  8  4 43 22 48 23  - 25 12 50 21  - 27 45  2 19  -  7 15 52 26 40 49 24  - 58 16 51 10 57 29  6  3 14  -  - 34 39 53 59 38  1
 34 43 24 11 53  -  1 35 46  -  9 29 27  - 51 18  - 30  - 54  - 50 38  7 44 12 37 10  6  5 19 57 40 47 49 59  8 13 17 56 25 15 32 36  - 31 26 45  - 28 48  3 42 14  - 33 58 23  - 22
  - 25 45 27 51  - 57 26 52 36  4 56 21 19 12 34 23  - 37 59 20 16 55 53 18  - 54  - 13  - 47 43  8 60 41  -  7  -  -  9 50 33 35  -  3  5  - 28 48 11  - 49 14 15 44  - 29 17  6  -
