2880
 27 41 48  - 50  - 45  - 35 23 24  -  5 32 29 55  -  3 28  - 25  - 12 14 57 37  8 56 59 34  - 38 17 53 21  - 46 26 31  1  - 40 54  - 22 30 18 58 43  7  4  - 33  6  - 16 42 51 47 15
 50 36 49  - 51 54 21 46 19  9  - 60  - 41  -  - 48 31 29 43 56 57  - 35 37 39 38 12 18  5 16 27 13  7  1 44 34 11 25 40  2 10  4 15 42 52  - 17 20  6  - 58 45 26 23  - 28  - 55 24
 12 42 36 54 33  5 25 20 50 52 10 14 46 57 28 40 47 15 24 32  - 56 53 38  - 44 43  - 60  - 23 11 18  -  -  2 31  -  9 59  - 39 26 22  -  4  - 41 30  1 29 19 27  - 37 13 51 34 58 21
 30  7  5 49 40 19 51 22 17  4 59 38  - 24 36 10  - 44 14 54 35 32  3 12 47 15 33  6 56 43  1 18 21 34 50  8 52 58 13 46 42 37 41  -  - 31 45  -  - 60 25 57  -  2 27 29 48 16 53 28
  2 50 53 42  -  - 39 59 21 16 40 46 25 60 20  - 32 33  - 27  - 34  5 51 56 55 31 19  -  8  7 17  - 22 15  6  -  -  - 10 12 18 11 49 58 44  -  1 37  3 23 36 54 24 38 28  -  9 43 57
 54 18  - 13 39 15 33 24 38 22  - 28 11  6  - 43 23 60 51 14 40 49  1  -  - 26 20  -  - 36  8 10 42 25 58 12 59 57  4  - 45  9 46 47 50 29  7 55  -  2 34  5 35 32 41 17 19 44  -  -
 20 23 38 25 35 32 12 29  1  - 47 48 49 53 24  - 42 57 33  3 54  - 36 31 60 45 14 26  8 10  5 40  - 13 41 43  9 15  - 51 46 58  6  4  - 56 59  2 11 37  -  7 50 21 34 19 52 22 16 27
 21  1  - 60 49 36 22  6 29 40 26 45 38  7 51  9 34 18 44 55 28  3 41 52 33  8 59 46  - 11 25  4 53 27 12 14 48 50 35 17  -  -  - 13  - 19  - 24 39 58  - 31 43 42 20 30 47  -  5 23
 49 27 50  -  - 16 53 19  -  6 25 40  2 26 23 22 21  - 30  -  1  -  - 17  8 18 48 59 51 47 35  - 10  3 20 42 15 28 11  -  - 55 45  - 43 57 31  9  7 41  -  4 44 52 32 38 13 36  - 46
 31  -  - 28  - 24 59 12 56 25  -  - 26 54  - 20 50 39 49 19 10  9  - 36 27 51  - 58 41 55 30  - 37  - 22  - 43 35 38  - 44 23 42 21  -  3 57  - 29 53 18 13 46  - 48  - 32 14  - 16
 47 17 44 48 15 41 50  1 34  - 46 16  - 10 33 38 54  - 11 56 52 24 19 21 18 22  - 53 20 42 37 39  - 60 31 49 57 12 45 25 58 29  9 35 51  7 13 59  5  - 28 40  8 23  - 55  -  6  4 26
 46  - 43 35 19  1 14 38 23  3  7 49 22 16 31 11 26 58 25  -  6 36 50 10 12 13 51  - 33 30  - 34  8 24 56  - 37 48 53  2  -  5 47 32 41 39 28 44 45 59 60 54  -  - 17  9  4 42  - 55
 40  2 23 45 30 33  - 43 39  - 54 22  6 21 37 34  - 11 53 12  4  - 44 25 51  1 17 42 58  - 46 28  - 26  5 50 29 10  7 18 16 20 36 59 24 49  9 27 32 31 55 41 57 13 19 15  3  -  - 56
 38 35 41 40 53  - 13 58  - 14  - 42  - 18  4 25 55  1 26  -  7 11 29 37  -  5 36 28 15 44  - 59  9 47 45 46 54  2  - 43  - 60 23 10  -  6 17  8 27 12 16  - 51 49 24 22 31 56 19 39
 22 38  9  - 25  - 18 35 41 24  -  - 12 52 54 48 51  -  -  - 43  - 23 27  1 60  - 44  - 16 19 32 57 40  2 17 33 46 34  4 53 42  5  - 14 20  - 39 13 28  - 11  7 37 45  3 59 15  -  -
  - 24 58 21  - 39 47 48  5 44 32 51  - 49 46  -  - 54 59 42 33 31 17  - 29 10 12 41 35 23  4 15  -  -  -  9  - 27  2  3 13 22 55  -  -  - 53 34 57  -  - 18 52 56 26 37 25  7  6  -
  - 10  - 52 26 31 38 18 16  - 27  3 17 22  - 12 36 56 37 13 23  1 28  6 43  - 30 49  -  - 44  7 55  -  9 58  -  - 20  8 11 57 25 51 15 14  4 35 54 40 53 45 34  5 60  - 33 41 46 59
 17  5 55 33 42  - 15  - 30 26  4 23  1 38 19  8 16 28  - 59 31 12 47 58 48  - 29 11  -  9 36  -  3 52  6 25 27 45 32 14 56 24 22  2  - 18  - 13 34 43 50 37 53 51 35 39  -  - 20 49
 60 21 28 53 10 12 19  - 18  1 56  -  9 11 38 58  8 17 36 35  - 51  - 40  - 31 24 50 45 32 27 23 34 16  - 57 44  - 52 47  6  - 15  - 48 37 55  - 42 14  5 26  4 46 29  - 41  - 59 33
  -  - 15 55 38  -  4 34 22 54 60 26 57 37  7 42  -  8 19  - 46  -  - 11  6 48 56  -  9 20  - 50 33 39 13  - 18 32 14  - 35 36 27 12 44 10  1 23  3  5 51 49 25 47  - 31 16 24 28 43
  - 20  - 57  4 47  - 53 15 33  6 21  - 17  -  -  - 24 18 25 49 37 48 16  - 34 52 10  7 22  2  - 12 43  - 45  - 19  8 32 54  - 39 50 13 55 58 40 41 35 46 59 56  - 11 60 30 29 38 44
 29  - 54  - 11 45 49  8  4 58 22 35  - 36 14  3 15 32  - 20  5  - 52  - 19 16 44  - 34  - 42 13 31 56  - 23 21 25 10 28 59 17 60 53 37 38 47  7 40  -  -  - 12 33  - 50  6 18  1 30
 35 39 40 38 32  - 46  5  3 31 55 30  - 13  2 53 41 21 45 17 60 43 10  -  4  -  1 51 23 18 22 57  7  -  - 19  - 20 54 16 14 49 59  - 26 34 29  - 58 33  -  6 47 25 12 11 56 28 44 36
  3  -  4 18 17 42  -  - 31  - 35  - 33 30 53  - 58 40 16 57  - 60 59 32 41 47 34  - 48 54 50  2 46  1 28 38  8  6  - 39 10 15 49 23  - 13  5 11 14 36 45  - 29 44 43 20 27  -  -  7
 43 53  - 11 14 46 44 10 12 50  - 52  -  9 26 23  - 59  -  8  - 29 32 41 16 21  -  7 28  2  - 58 60  5  -  4 40  -  - 42 31  3  -  -  - 33 51 45  - 57 36 39 17 54 47  - 20 49  - 22
  9 32  7 50 13 28 57 42 44  -  2  5 41 51  - 26 46 23  1  -  - 30  -  - 59 54 58 22 11  - 18 60 40 35  - 24 12 34 16  - 47 27 43  - 52  - 49  3 36 38  - 25  - 10 33 14 17  8  -  4
 13  - 18  - 21 40  -  3 43 10 23 58 35  - 55  5 44  -  - 24  - 25 14 50  - 20 26 16  6  - 33  9  - 36  - 54  2 53  - 49 15 11 32  - 59 22 42 38 56  - 31 27 30  7 28 45 57 19  8 29
 44 11 29 17 12 55 52 37  - 49 51 53  - 48 43 54 57 35 58 47 41 45  -  - 28 50 16  1 25 14 60  -  2  -  - 15 20  - 23  9 40  - 24  7  -  - 39 36  - 21  -  -  5 19 22  - 34 33  3 13
 36  9 14 37 57 56 23 44 27 19 42  - 55 47  - 17 43 16  - 22 24 10 39  -  -  - 35 32  1 15 31 53  6 54  -  3  - 30  -  5  8 12 52 29 45 60  - 51 26 20  - 46  - 41 21  - 49 13 40 48
 41 34 16 26  3 51 43 60  - 13 53 12 30 56  - 32  4 45 10 38 37 28  9  1  - 46  6 31 27  - 48 29 52 58  - 55  - 39 22 54  -  - 17  5 57 36 35  - 49 47 24 20 23 15  7 59 40 50 11  -
 33 57  8  6 20 59 54 41 14 46 37  -  - 12 35  - 40 49 23 52  -  7 45  5 11 53 60  - 39  - 28 48 36 15 29 56 25  4 26 55 32 16 31 43  -  1 19  -  - 22 44 42 18 58  9 21 38 30  - 47
  - 31 39  -  6 25 36 26  9 35 49  4 44  - 13 19 56 41  - 11  - 58 55 15  5 40 57 30 42 33 17  -  -  -  -  - 22 43 12 48 60  - 53  -  - 23 21 50 47  - 37 10  2  - 46 24 18  -  7 14
 37 12 60  -  - 49 42 45  7 56  -  - 28  2 22 59  1 50  - 39 55 23  -  8 13 52 19 34 24 53 47  5 27 14 54 32  4 41 57 15  -  - 10 20 36 51  - 46  -  - 17 21  9  - 40  - 29  3  - 58
 26  3 59 20 22 44 37  - 58 47 33 11 60  -  1 14 25 19  - 53 57  - 56  -  -  - 13 38 54 40 45 35 15  -  - 36  7 29 50 31  - 52  -  6 16  - 43 28  - 46  - 55 32  4 51 41  9 10 27  5
 59  -  -  8  9 18 28 40 53  2 36 34 20  -  - 41 37  - 22  7  - 44 15 57 25 38 32 55  5 13 54 21 43 11 17  1 24 49 58 23 51 35 56 26 31  - 10 47  4 39 19  -  6 29 16 33 50  -  - 60
 23 60 25 58 55  2  -  - 24 37  - 27 10 31  -  6  5 38 42 49 19 50 18  9 21 36 22 57  4  1 12 45 51 44 34 52 39  -  -  - 30  7 33 46 40 26 32  - 59 29  - 16 14 43 54 53 11  - 15 20
  - 49 12  -  -  3  8  - 11  -  - 15 48  -  5  - 29 37 21 60 18  -  - 53 26  - 47  - 32  - 52 19 23  2 16 35 56 14 30 58 36 43  7  1 10 24 20  - 50  - 57 17 38 45 31 51  -  - 54 25
  -  8 42 51  - 10  7 27 48  5 39  - 18  - 45 30  3  - 34 21 59  4  - 19 54 49 11 20  2 35  - 55 38 12 47 13  - 16  -  6  -  - 40 57 23 41  -  - 25 56 52 28  1 60 15 43 24 31 36 50
 25 43 46  1 34 26  -  - 32  - 12 24  4 29 60  2 17  9  3 10  - 13 49 42 15 30  7 18 55 31 58 56  - 59 39 41  5 33 21 45 38  6 28 14 47 54 22 52 19 27 11 44 48  -  -  - 35 37 23 51
 32  4 47  7 45  6  1  - 57 55 18  -  8 33 25  - 22  - 56 44 36 38 21 54  - 42 50 14 43 46  -  3 24 49 11 29 23 40 59 30 52 41  - 34  - 58 60 19 53 48 20  - 16 31 10  5 37  - 26  9
 45 55  2 32 24 38  - 14 54 17  -  8  - 19  - 46 30 10  -  4 53 20 13 47 42 35 21 25 49 51 15 16 58 33 40 31 26  -  - 36  1 50  3 37 56  9 41  6 28 18 59 48 60 11 44 12  -  - 34 52
  5  - 13  9 36 22 35 32  2  - 16  6 51 23 21  -  - 34 60 33 38  - 24  - 40 29  -  - 19  3 57 25 45 48 30  - 17 31 46 52  - 44 14 56  8 47 26 43 10 11 58 12 55 50  -  4 53  - 42  -
  - 28 34 36  - 57 20 21  - 30 43 37 19 15 41 29 35  6 32  - 11 47 33 45  - 58 40 23  - 59  -  -  4 42 49  5 16 44  - 50  - 53  2  -  7  - 24 25 55 13 48 56 22  3 18  - 12 60  - 38
 51  6 52 47 48 43 41  -  - 39 45 55 53  - 32 15 11 26 38  - 42  5 58 60  9  3 23  - 12  7 56 54 50 10 18 30 13  - 19 20 22 46 21 24 33 28 27 57 17  4  2 29 59 40 25 34 44  1 14  -
  - 26 10  4 16 52  -  - 37 29 28  - 15  - 56 36 31  7  9 46 58 59 25  - 38  -  -  - 53  - 39  - 49 45 23 48 32 18 40  -  - 34 19 27 60  - 14  5  - 51  - 43 24  -  - 54 55 11 22 42
 14 19 20  - 60  - 58 52 28 57 48 59  7 55  - 21 13  4  2 29  - 15 42 26  - 32 27 54  - 38 24 51 11  - 53  -  - 47 18 34 41 25  1 39 12  5  6 56  - 17  - 22 37 36  - 44 45 43  -  -
 18 51 26  3 44  4  6 30 13 36 58 50 14 45  - 56 39  2 31 37 32 40 60  - 53  -  - 43 52 27  -  - 25 21  -  - 41 59 24  7  - 47 57 16  1 46 48 54 35 55 33  - 28 17 42 10  5  - 29  8
 56  -  6 41  - 27  3 50  -  - 11 10  - 59  - 18  - 53 55  5  - 16 54 34 20  4 25  9 14 19 21 43 32 57 48  7  1 60 49 26 23 28 29  - 39 17  2  - 22 24 40 15 42 12 52 35 58  - 37  -
  4 59 11 43  8 17 29  -  - 53 14 47 54  5 15 35 10 36 20 28 12 55  - 33 50 19  2 37 21  - 51 31  1 46  -  - 30 52 44 22 24 45 13  9 38 48  3 49 18  - 32 23 40 16 57  - 60 26 41 34
 16  - 45  - 23 50 10 31 59 43  5  1  - 46  3 60 27  -  -  6 17 14 51  7 34 28 54 24  -  -  - 22  - 20  4 21 42  9 36 19 55 38  8 33 29  - 44 30 52 15  -  - 11 48  - 25 26  - 49 18
 24 56 33 19  7 35  - 39 47 34  9 54  - 25 40 50 12 20 13  1  2 18  - 49 46  - 10 15 44 45 55 36 22  4 52  - 51  5 27  - 28  - 37 41 53  -  8  -  - 23  - 30 31 14  6 58 43 21  -  -
 42  - 22 23  1  - 16 36 46 11  -  2 40  - 49 47 53  5 17 41  -  - 57 55 45 43 28  - 31 29 59 52 39 19 60 26 58 38  6 44  3  -  - 30 20  - 12  -  9  - 27 24 15  8 56 48  7 54 51  -
 34 58 37 27 54 53 55  4  -  7  -  -  3  -  -  - 20  - 52 40 30  - 11 44 24 17  5 29 38 28 43 42 19  - 10 51  6 36 56  - 26 14 18  -  -  - 46 12 21 45 15 50 49 39 59 23  8  2  -  -
 52  - 35 10 59 13  9 51 20 48  - 32 45 28 18 31  - 29 12 23 39 54 16  2 58  -  4 36 22 26 11 24  5 38  7 60 53 55 43 33 17  8 44 40 49  - 37 21 46 30 47 34  -  1 50  6 15  - 25  -
  - 37  3 59 52 23 34  2 55 45 19  - 29 50 17 16 24 30 48  -  8 21 38 43 22  - 53 33 40  -  - 41 28  - 44 47 60  -  - 13  -  - 51  -  - 11 25 14  1  9 42  - 39  - 36 57 54 58 10 12
 57 16 17  -  5 11  2 54 42 60  - 56 31  - 10  -  7  -  - 34  - 48 46 30 36 25  - 45 50 52  - 20 29  - 59 22  3 51 33  - 19 26  - 28  - 43 40  - 15  8 21 32 13 18 53 49  1 23 39  6
 55  -  - 56 58 34 26  - 49 18 21  9 50 43 16  7 45 22  -  -  - 41 31 24 44 33  -  5 17 57  3 30 20 28 37 53 35  8 15  -  -  - 38 52 27  2  - 60 48  -  6  - 10 59  - 47 46 12 13 19
  7 44 21 22 29  -  - 23 40  - 20 18 37 34 12  -  2 25 54 48  9 26 43 39  - 11 46  -  -  6 53 47  - 31 51 27 55  1 42  - 33 19 30 38 32 35 50 16 24  - 14  -  3  -  5  -  -  4 45 41
 11 30  - 15 47  7 31 33 60 59 50 43 58  3  9 45  6  -  - 18  - 35 27 13 52 14 37 40 16  4 34 49  -  - 26 28 10  - 48 24  5  2 20  - 54 12 56  - 44 19 38 53  - 57 39  8 21 25 17  1
 10 13 57 29 43 14 32 16  - 51  - 41 59  - 58 52 33 48  5  -  -  - 20 23 55  7 42 47 36 17 26  6 56  9 38  - 28 24 60 27 50  1 35 44  - 25 34 53  8 54 12  3 21 22 49  2 39 46 18 37
