2880
 41 43 60  - 39 32 14 28  - 56 33  - 58  5 49  - 21 57 45 51 38 11 53  9 26 18 25 50 36  3 48 23 54 10 24 30  -  7 44 35 27 34 15  4  - 47 46  2  8 37 16 22  - 52 19 42 29 20 13 59
 40 44 25 20  8 39 31 57  -  2  3  4  9 34 30 60 28  - 19 41 42  - 38  1 17  7 45  - 21 29  -  - 32  - 33  - 49 36  - 10 12 16 11 13 23 27 24  5 47 59 35 43 46 15 48 53 52  6  - 55
  3 34  - 21  -  - 49 58 54  6 41  5 52 36  -  -  - 16  1 14  - 60 12  -  7  -  - 31 23 38  9 43 20 25 13  - 50 30  - 48 24  8  - 10 26 19  - 15 57 11  4 17  -  - 35 33 53 22  - 56
  - 27 47 55 60 35  - 33 38  - 18 37  - 21 40  3 17  - 48 34 32 16 43  8 29  - 53  -  4 52 11  - 46  - 41 20 23 28 12 25  7 31  1  -  - 59 22  - 42 15 54  2  9 57 45 14  - 24 36 50
 12 57 33  - 53 36 40  1 21 20 56 19 16 24 48 39  3 15  9  2 11 10 26 35 22 60 13  - 27 37 55  5  - 41 49 28 44 58 43 18 14 51 50  -  -  - 59 34  4  7 42 29 38 17  -  -  - 45 32  8
 16 32 55 40 30  - 42 25  7 59 20 44  3 49 18  - 12  4 46  9 19  1 14  - 43 11 35 53 17 54  - 28 23 21  - 36  -  - 13 56 58 26 48 37 50 31 45 24 27 10  -  5 41 33 22  - 57 15  -  2
 36  5 32 35  - 50 48  -  1 26  - 43 20  - 22 42 16 31  -  - 10  - 47 23 27 54  - 46 14  - 18 12 15 55 52 24  - 25 59  - 30  6 41 28 38 34 53 13 29 58  -  9 45  7 60 40 19 39 57 44
  - 60  2 31 46 47 15 37 44 52 45  - 49 22 23 27 29  - 28  -  - 33  - 34 36 55 39 24  6 10 43  - 11 50 40 56  5  - 54  1 20 41 13 58 25  -  -  9  7 19 53 12 51  - 42 21  - 59  3 26
 27  - 18  - 23 19  7 34 55 48  8  1 53 44 16 54 36  -  3 20 56 26  -  - 42 22  -  9 58 25 49 60 50 13 28  - 45 41 31  - 43 39  4 17 11 10 35 57 52  -  - 40  5 24  - 46 33  - 21  -
 57 41  - 58  - 30  6 13 22  - 49 46 21 20 60 14 40 18 54 15  9  - 31 33  8  4 56 47  1 39 19  3 12 11 16 52 10 24 48 34  - 42 32  - 55  2 43 37  5  - 26  - 25 23 44 27  - 53 38  -
  - 51 53 14 56  -  2  -  9 41 15 31  - 48  - 19 49 40 43 30 55  -  6 11 21 52  1 13 24  7 45 36  -  -  - 18 25 42 28 59  - 29 16 44  -  - 10 46 39 23  -  8 27 22 37  - 47 33  - 32
  - 35 39 46 42 56 52  -  8  5 55 49 28 31 53  9 59 13 44 10 54  7  3 32  - 43 11  1 18  4 51 50  - 34  2 26 27 29 15  - 40  - 17 22 57  - 58 33 38 16 23 19 14 41 12  - 60 30 25  -
 35 28  - 53  4  8  -  - 24 34 57  2 46 52 14 20 58  9 47 36 41 54 55 37 44 38 19  -  -  -  - 48 42 15 23 50 43 56 51 26 21  5  6  3 49 13 29 39 17 60 40  - 33  -  7 45 31 27  1 18
  -  - 44  5 16 60 33 47 48 13 58  - 24 38 46  - 20  - 34 54 43 41  - 14 18 37 28 49  - 26 42 53  - 19 50  2 22 32 23  4 35 59  - 52 31  9 12  - 40 56 55  - 11 25 39  - 36  3 17  -
 23 55 31  - 47  1 19 29  -  -  6 54  - 43 51  -  - 45  - 35  - 53 34 57 41  - 24 15 26  - 36 18 48 30  5 38 32 17  3 22 13 20  7 16  2 44 39 60 28  8 37 58 21 59  - 56 10 12  -  9
  5  3  6 10 52 25 11  - 16 22  -  9 30  1 55 23 48 50  - 32 53  -  - 39  - 42 12 20  8 51 34  - 40  - 26 35  2  - 45 15 28 46 58 21 54  -  -  7  -  4 38 33  - 37 56 31 18 29 41 17
 49  -  - 18 17 41 60 12 42 40  -  3 32  - 26  6 50 28 36 24 48 38 57 54 15  - 29  - 47 44 23 52 45 53 46  -  8 51 22 55  -  7 34 43  - 25 33 19 13  2  - 16 30 31 27 39  - 14  5  -
 11  7 54 24  - 43  1  - 15 21 35 48 50  9 29  -  4  - 14  6 12 55  - 31 10 41 57 60  - 20  5  - 30 28 38  -  -  3 19  2 39 17 25 36 18  8 40 23 33 32 22 53 47  -  - 52  - 42 49 34
 45 14 40  6 43 54 44 30 18 49  5 10 11 41  - 22 52 42 17 57  -  2  4 15  1  - 32 51 39 56  - 25 24  - 60 33 12  -  - 31 26 13  - 38 48 55 27 58 19 35 21 28 34  - 36  -  3 50 37 16
  6  -  5  -  - 45 39 60 50 43 32  7 47  -  - 10  8 29 30 31 44 18  2  - 11 33  - 48 22 42  - 15  -  9 53 17  1  - 40 49  3 21  - 55 20 16 56 25 14  - 41 36 35  - 26 24 12 23 27  4
 17  4 19 33 59 55 35 50  -  - 51 60 36 45  1 49 23 14  -  -  8 46 13  2 54  6 16 58 41 31 25 32 37 18 57  9 28 10  -  - 22 44 53 15 29 38 20 48  - 21 39 26  - 42 43 34  - 52 30 47
 14 21 26  9 38 20 12 32 58 36 30 34  -  6 41  - 10  1  - 22 15 37 40 56  - 46 54 59  -  - 17  -  - 42  - 29  - 48 33 39 55 25  3 51  -  5 50 53  - 49  - 57  8 18 23 35  - 28 52 24
 31  - 38 15 14 26 46 49 27  - 28  - 25 59 44 50  - 11 24  - 34 45 39 16  9 32  - 36 37  2 57 20 47  8  7  -  4 60  5 17 41 22 19 42 40 23 51  - 18 48 33 54 29  - 10 58  - 13 35  -
 50  -  9 56 49 12 53 43  - 29 59  - 15 39 58 24 38  -  -  - 46 36 10 44 30 47  5  -  -  6  - 57 22  2 48 31 21 33 55 40  - 54  - 45 19  - 41 17 51  - 11  3 32 28 34  1 27  4  7  -
 54 19 42 60  - 31 55  - 29 25 50 38  - 28 12 36  5 34 53 13 21  -  - 40 45 16  - 22  2  1 20  - 56 27  - 14  -  4 47 23 44 43 18 46  9 52  - 26  - 39 51 24 57 11 59  -  - 37 10 58
  - 46 41  - 28  - 29 23 30  8  9 58 43  2 59 17  - 12  6 25 14 21  1 51  5 36  - 35  - 16 26  - 31 57 39 15 47 49  -  - 19 38 52 20 56 18  4 22 10 40  3 27 13  - 32 48 55 11 54 60
 39 42 45 49 40 37 41 48 43 57 22 29 35 18  -  - 30 10  -  5 17  - 21 50 55  - 58 54  -  - 32 33  7 14 51 13 11 34  8  - 38 27 56 53 28 20 16 47 15 12  - 46  -  -  3  4 25 60  2 31
 34 29  - 39  -  - 27 36 60 24 46  -  - 12  - 59 26 20 11  - 13 52 37 47  - 28 48 41 30 53 35 10 43  1  - 22  9 16  - 38  -  3 23 14  - 40 42 32  6 55  7  - 15  5  -  -  8 54  - 45
  9 25 57 12 44  - 47 15 40 18 10 30  5 60 27 35 41 24 42 16  7  - 11  - 13 34  -  - 19  - 56 17  - 23  -  3 37 22  6 33 29 45 46  8  - 39  1  4 58  - 49 59 48  -  2  - 21 31 28  -
 15 16 13 57  - 28  -  9 37 54 52 42 17 40 21 30 35 44 20 19 25 32  - 27 53  5 51  -  - 34 22 29  2  3 59  4 36  -  -  7 47  -  - 24 45 12 48  -  - 50 10 55 58  - 49 11 14  8  6  1
 56 45 20 36 32 44 43 16 34  3 19 59  2 30 10 28 31 33 49 58 51 22  5 17  - 14 27 37 53 12 50 40 41 46  - 21 57 35 25 11  8 15 54 39  -  -  7 18  9  1 24 47  - 13 29  6 38 55 60 23
 42 18 52 54 55  -  3 31 57 11 34 16  -  - 43  - 32 19 21  7 24  -  - 10 48 26  8 29 50 33 44  -  6 49  4 25 40 20 53  -  -  - 39 59 35 17  9 41  - 14 13 37  - 56  1 36 46  - 22 27
 25 30 37 17 41  2 34 10 35 58 60 18  -  - 33  8 56 23  5  -  6 57  -  - 38  1 36  - 43  - 52  9 51  4 12 44  -  - 49 24  -  - 47 27  - 54  - 59 50 20  - 45 22 16 14  -  7  - 40 29
 32  - 15  -  - 18 28 42  4 35  7 14 41  - 24 57 19 58 38  - 37 44  - 26 51  8 10  5 40 45  1 11 60 12  6 43 52 27  -  - 48 56 20 47  - 29 55 54 25 36 31 39  -  2 30 22 34  - 53  -
 46  1  -  -  - 48 17  - 26 23 31  -  - 51 19  - 42  3  - 53 45 40  - 52 20 27 38 44 10 13 30  7  4 58 37 11 56 59  - 14 34 18 21 32 43 22 57  - 36  -  8 15  - 47 54 41 28 25 55  -
  -  - 50 22  7 17  9  5  - 19 14 51  8 54 20 52  6 53 40  - 57 27 25  - 47  - 41  - 12 55  - 45 10 24 44 37 48  2  1 32 42  - 36 23 39 56 26  - 31 33  - 21 49  - 28 15 35 18 16 43
 28  - 17 37 13 59 36 38 23 32 21 33  - 50  9 18 51 49 22 39  - 42 46 25  3 57  7  2 15 35 40  -  - 44 20 19 34  - 24 47 10  - 26  5 30  4  - 45 53 31 27 56 60 54  8 43 58 48 29 41
  - 50 30 41  - 23  - 59 45 44  - 22 10 57  - 32  1 27 35 49 40 34  -  3 37 56  2  8 28 58  - 39 16 43 47 55 51 12 11  -  4 33  5 29 36 53 18 14 46 24  - 42  7  6  9 38 13 17 48 19
  7  -  4  - 22  - 57 54 20 37  1 47  - 15 50  -  2 21 32  -  -  - 58  6 60 10  - 19 46  5 24 34 27  -  -  - 35 23 36 52 17  - 55 33  - 51  3 38 16 28  9 41 18  8 25  - 44 43  - 42
 37 53 46  7  - 10  - 39 12  9  - 15  1  - 47  - 27  8 60 17 22 19 56  - 25 44 14 23 33 24 28 54 59 35  3 48 18 21 30 43 31  4  - 34 16 32 38  -  -  - 57  - 20 55 41 26 42  2 58 36
  -  9  - 38 11 14  - 17 31 45 16  - 26 53 57 13  7 54 59 29 28 24 35 48 34 25 33 56 42 43  8  6 39  -  1 60 41  - 21 12 52 50  -  2  3 15 36 40 37 18  5 49  4 44 47 55  - 32 23 46
 24 11  3 32 25  - 30 52 49 31 23 21 39 27 13  -  - 47 41  -  -  6  - 12 58 19 60 55 51  -  7 22 14  -  - 53 54 26  4  8  1  -  9 18  - 28 44 42 43 57  2 48 56 38 20 10 16  - 59  5
 58  -  1  - 45  - 18  -  2 10  - 25 48 37  7  - 47 43 15 52 60  5 28 55 35 39  6  - 54 14 41 46  3  - 21 42 17  - 32 53 51 12  - 19 24 33  -  - 56 34 44 23  - 36  4 16  - 38 11 13
 59 58 12 44 10  4 51  - 17 14 48 56  - 11 28 53 60  2 37  -  5 39 54 22 49 35 52 34 38 30  3 31 25 29 55 23 13 47 16 46 33 24 43  9 41 57 15  8 45  -  6 32 50 27 40 19  -  -  - 21
 60  - 58 42  2 27  - 14 19  7 43  6  - 55 38 47 18 17  -  - 29 25 20 24 32  - 37 16 35  - 10  4  -  - 22 57 15 39 41  -  - 30 28 12 51  -  - 11 21 26 52 31  -  3 53  5  - 46 34 48
 53  2 49 34 20 22 45 21 36 16 40 57 14 17  3 33 44  -  -  - 23 59  9  -  - 30 42 28 48 50  6  8 13 47 25  1 26  5 35 27 11 52  -  - 10  7 31 51 32 46  - 60  - 19 24 37  - 41 43 15
 22 52 36 25 50 13  - 27 47 51 24  - 59 23 11  - 43 46 39 38  1  - 32  -  -  -  - 33 60 28 21  -  -  6 15  5 29 40 20 16 56 37  2  - 34 58 14  - 30 53 45  4  - 35 18 12 48 10  8  3
 29 24 14 27 34  - 38  3 28 15 11  - 44 19 25  5 22  7 18 37  - 30 45  - 31 17  - 10 55 57  4 41  8  -  - 40 58  - 60 51 53  - 35 48 32 43  - 56  2  - 12 52  - 20 50 47  6  1 33  -
  - 49 23 19 18  3  - 44 32 30 37 11 34  - 42 58  9  - 33 27 59  - 36  - 56 15  -  6 16  8  -  1 28  7 17  - 39  - 52 20  - 48 14  -  - 46 13 55 22  - 25  -  - 60 57 29  4  - 31 40
 47  - 35 51  -  7 32 56  3  - 38 24 18 58 37 16  - 26 23 28 50 14 22 45 40 48 43  -  5 41  -  - 53 39 29 10 19  - 42  - 57 49 27 60  1  -  2 30  - 13 46  - 52 21 15  8 11 34 12 54
  -  - 43  -  5 16 54  8 53 47  -  - 23  - 45  - 33 36 25  - 39 28  - 21 52  2  -  3 34  - 59 13  - 17  - 51 24 15 14 58 50 32 49 11 42 37 30 12  1 29  -  6 31  - 46 60  - 57 19 20
 38 20 21  8  - 57 59  4 56  - 17 12  6 33 15 40 39  - 10  -  2 31 24 58 14  3 50 43 44 32 16 26 49  - 35 45 46 11 27  5 37  - 22 25 60  -  -  - 34 41  -  -  - 53  - 18 23  7  9 30
  - 22 48 43 35 53  - 40 13  1 12 36  4  3  - 15  - 39 56 42 33 20  -  - 46 50  - 45  - 60 27  2  9  - 31  7 59  - 58  -  - 28 24 26  8 11 34 16 23 47 14  - 10 32 55  - 17 19 51 38
 19 33  7  - 24 40  4 55  -  - 53 41 57 42 35 44 15 60 58 26 31  - 17 13 28 21 20 27 32 46 54 38 18 59  -  -  6  - 29 36  -  -  - 30 22  -  - 49  - 51  1 34 37  - 16  2 39  9  - 25
  2 39 16 29 15  6 13 46 10 33 54 45 37 56 32 25  - 35 55 48  -  - 19 18 24 20  -  7 52 21 14 51 34 60  9 27 53  8 26 41 49  1 30 57 47 42 23 36  - 43 28 38 17 12  - 50  - 58 44 22
 51 48 11 28  1 42  -  - 52 17 47 26 29 14 34 43 13 41 50  - 27  4 15 36  - 45 21 30  -  9 53 16 35 31 58 32 60 38 10 54  2  - 12 40 59  -  8 20 55 44 18  7 19 39  5  - 49 56 46  6
 43 12 10 59  - 34  -  7  - 46 36 28 40 29 52 38  - 25  -  - 35  - 50 41  - 51  4  -  9  -  - 14  5 48  -  - 20  1 57 60 32 55  - 56 27 26 19  6 54  3 30 18 23 45  - 44 37 16 15 53
 44  - 34 48 33  - 22 53 59 60  -  - 51 10  2 56 14 52 31  -  3  -  - 19 50  - 55  4 57 15  -  - 26  - 18 16 42  - 38  6 46 35 37  -  5 41 25 27 20 30 29  - 36 43  - 54  - 40 45  -
  1 47  - 52  3 11  8  6 33 55 42 53 22 25 17 45 54 32 51 56 20 15  - 38  -  -  -  -  - 18 39 19 58  5 36 34 14 46  - 13 23  9  - 41  7 60 37  -  - 27 59 35 16  4 21  -  - 44 24 10
 52 54  - 16 19 33 10 18 41 38  - 32 27  4 36 11 57 48 12  - 58 50  7 42 39 53 23 40  -  - 31 24  - 37 43 46 30  - 34 28 25  2 60  1  -  -  5 29  3  - 15 14 55 49 13 17  9 51  - 35
