2880
  - 16 48  1 59 31 39  - 46  7 14 42 23 18 52 11  2 51 55  3 57 22 40 13  5  - 24 45 32 10 28 27 50 49  - 36 33  - 35  -  4 20  - 37 17 21 41  - 58 38  -  8 26 53 44  6 47  9  -  -
 45 54 35  - 10 43 16  -  7 53  - 15  6  1 26  -  - 44 46 58  - 25 39 31  - 12 56 37 36  - 29  -  9 24  - 38 14 22  -  - 51 28 33  -  3 59 50  - 52  - 47 55  8 19  -  - 32 34 13 17
  1 53 29  2 44 60 43  3 39 20 49 26 57 37 32 42 19 25 41 33 46 35  7  - 51 52  9 56  - 59  - 54  8 45 30  6  - 55 17 38  - 31  -  5 50 40 27 16 47 24 10  - 36 22 18  4 14  - 11 28
  - 58 43  - 54 37  - 38 11 22 13  - 42  -  7 57  -  8  - 15  -  - 48  5 35  - 50 51 17 12 16  2 31 52 45  - 47 21 25 14 46  1 41  9 32  - 20  6 44  -  3 34 24 30 55  -  - 29 56 27
 41 45 37 15 11 23 17 59 32  -  1  - 39  2 29  9 13 58 44 21 36  6 54  -  - 16 55 40 35  - 34 38 12 33  - 14 10 18 47  -  - 60 57  -  5  -  8 20 26  - 30  -  - 48 46 25  -  4 24 50
  - 52 57  - 42 15 35 22 38 58 16 36  -  -  -  - 49 20 56  -  3 45 14  9 31 60 51  - 29  -  6  - 39  8 11  -  - 41  - 44 23 48 17 13 18  7 10  - 19 37 59 43 47 40 53  2  -  - 46 32
 26 48 23 34  -  - 20 13 15 41  2  -  -  - 18 58 17  - 22 49 24 53 44 37 10  -  6  -  4  -  5 28 38 56 50 60 40 31  - 36 33 35 52  8 29 32 51 27 11  - 55 19 57 25  - 14 39 45 59  3
  2 46 47 42 29 13 40 43 51 12 19 54 21 48  3 25 37  - 60 22  - 50 23 33 28 17  - 49 57 45 53 39 58 14 26 32 20  -  -  - 30 15 59 38 52  8  1  - 35 18 44 16 11  -  4  9 55  - 36 10
  -  7 42 20 33 47  - 60 31 10 45 19 44 49  2 48  5 40  8 35 13 54 11 14 29  9 30 26 28 51 57 43 24 12 23 50  - 16 39 32 15 46 53 52  1  -  4 38  3 22 34 59 27 58  6 37 36 25 17 21
 17 42 50  -  2  3 10 18 47  - 38  7 51 36 53 34  - 43 24 25  4 16 33  - 13 23  - 41 54 29  - 19  6 48 46 27 39 52  - 12  5 45 26 31  - 30 28 40 21  8 56  9 22 49 57 20 15  -  1 37
 20 59  - 37  7  -  8 39  - 28 53  - 29 15 31 33 38 26 47 17  - 34 24 51 56 46 32  1 58 49 10 35  2  5 57  4  -  3 60 42  6 43 19 11  - 18  -  - 22 48 52 27 21 41 13  - 54 16 30  -
 35  3  - 43 24 28 53 36 58  - 42  1  - 16  9  -  7  - 12 27 17 30 41 25 60  2  4 52 26 37  - 59 40 18 49 39 11  5 57 21  - 14 38  -  - 56 22  -  - 45 29  -  - 44 19 23 50 48  -  -
  - 13 55 16 47  - 42 21 52 32 12 34 53 33 28 39 57 31 15  - 51 40 46  -  - 54  - 44  - 24 27  - 49 30  -  5  -  -  7  8  -  -  -  -  4 60 48 50 25 23  2 36 58 26  - 11 35 18  9  1
 40 39 54 30 12 38 49  -  -  1 52 27 24 23 19 50 56  - 35 55  - 10 37  - 45  5 59  - 16 22  - 26 11 15 18  - 28 25 53 41 21  - 31 32  7 36 13 48  - 29 43  - 44 33  8 47 34 58  - 46
 19 31  - 29 16 54 32 51  -  - 34 33  -  - 45  - 47 27 52 11  - 60 59  - 42 38 12 13 37 39 58 18 41 25 28  3 49  1  -  5  8  - 43  7 56  -  2 53  9  - 15 26  - 50 35 30  6 17 48 22
 11  2  - 36 32 55 34 57  4  - 20 14 41 46  - 13 51 54 33 60 12 37 17  3 44 58 52 16 48 25  - 21 29  - 24  -  -  6  9 59 10 27 22 39  -  5 38  - 42 43 53 56 50 23 47  7 28  - 31  8
  5  - 39 14 60  - 24 15 36  4  3 28  - 44 23 20  -  2 32 42  -  - 45 53  -  1 58 18 46 34 59 48 19 31 10 16 29 54  6 50 11  -  - 35 43 37 47 26 30 40 21 22 12 17 33 51  8 57  7 56
 52 60 13 18 57  5 45 10 49  8 37 17  3 29 21  - 41 11 16 23 50 39 30 46 27 20  - 24 59 58 55 25  - 47  7 33  2 44 51  - 22 42  - 28 54 34 53  -  6  -  1 31 40  - 48 32 19 35  -  -
 51 34 19 49 36 22  5 37  - 17 35 12  - 39 11 28 43  - 50 31 55 32  - 52 30 57 18  - 41 13  3  8 23 53 40 26  9 38  - 58 42 16 48  - 45 33 54 59 20  7  - 44  1 60 25 15 21 47 14  -
 58 27 53 17 31 50  6  - 21  3 48  - 19 24  - 16 59 13 11  4 45  8  - 44 25 43  -  -  - 15 26 56 20  - 51  - 32 47 18 34  - 23  - 14 46 28 49 36 39  -  5  -  2  - 30  - 22  - 54  -
 16 49  - 26 56 11 52  - 40 33 17  -  -  3 48 35  - 23  - 29  - 19  -  - 55 53  1 42  8  5  9  - 51  4 22 58 43 50 28 45  -  - 25 12 13 15  -  - 60  6 32 18 10  - 27 54 59 38 41  -
 34 32  - 11 28 12 60 35 18 23 55  -  5 19 22 41 52 47 13  - 33 20  -  - 54 37  - 17 49 26  - 46 48 43  - 25  3 36 38 51 59 50 40 16 10 58 30  7 56  -  6 24  -  1 31 42 53  8  2  -
 48 26  9 32 50  - 14  4  -  - 60  2 25 30  - 55 44  5 27 39 22  7 21 54  - 51 36  3  - 40  -  - 35 13 56 15  - 43 33 10 19  - 16 58 24 29  - 49  8 12 41  1 34 59  - 57 42 37  - 18
 22 30 59 41  - 25 44 32 34  -  - 40  8  5 60  - 18 28 45  -  1 27  - 11 14 42 31 38  7  4  - 49 33 20 43 12 21 24 19  -  - 10 15 36  - 53 35  - 55 52 13  2  3 37  - 46 17  6 50  9
 36 23 46  -  - 59 33 34 13  - 39  -  - 50 43 22 55 16 19 56  6 44 57  7 24 18 49  - 10  -  4 52 45  3  - 21 38 17 15 28  - 30 42 25 53 35  5 60 41  - 27 14 48 29 54  8  2 51 47 40
 14 15  - 60 58 57 56 29 50 27 32  - 46 25 38  - 42 33  4 54 16 13  -  -  8 10 35 11 19  1  - 34 43 59 31 37  -  2 12 52 45  -  5 23 36 22 18 44 40 47 28 21 55 20 41 49  -  -  3 30
  -  8  - 24 40  1 59 11 22  -  7 13 34  - 42  6 53  - 37  9  - 51 36  -  - 55 54 21 25 56 14 16  - 29 58 17  -  4  -  - 31  -  2 20  - 49  3 33  - 50 26 12  -  - 10 18 45 41  - 60
 53 18 41 23 45 48 58  8 54  - 21 50 16 11 13 52  1 17 20 19  -  -  5 34  9 59 15 25 22  - 37  3 10 40 12 44 57 26 27 24 32  - 39  - 30  - 33 35 28 36 51  4 38 42 49  - 46  -  -  -
  8 22  -  -  -  -  - 20  - 21  6 41 60  7 25 29  9  1 36  5 14  2 16 43  -  3 44  - 40 31 19  - 18 27 32  - 26 39 49  - 50 12 28 55 23 46 45 52 57 13  - 17 53 56 34 58 38  -  - 24
 54 43  -  7 25 45  -  -  -  - 40 23 13 42  - 38  - 60 21 47 26 15  2 29 32 11 41  9 52 36 18 53  -  - 48 30  8  - 50  6 37 57 35 56 55  - 16 17 10 46 24  - 59  - 58 12 44 49 33 14
 47  - 49 50 19  - 54  9 20 37 25 11 43  - 33 15 26 14  2 13 56  - 31  8 57 34 23 32 42 46 44 24 17  7  5 28 60 48 29  - 12 39 51 22 59 10 55  - 18 58 40  - 52 21 16 38  3  -  - 35
 46 51 10 12 22 36 37 17  - 25 30 55 14 53 27  - 48 32 57  6  8  - 13  4 39 19  - 59 31 18 21 40 26 34  - 42  -  - 54 33 20 24 29  1 49 52  -  -  - 41 50 47 43 16  5 56  9  - 35  2
 24 36  8  3 38 18 55  1 60 31 41  - 10 21 51 40 39  - 48 20  - 17 32 23 58 27 26  7 50 33 46 45 59 37 13 47  6 42  5 54  -  -  4  - 57 16 52 34 14  -  -  - 30  9 15 35 29  - 12 53
  6  - 60  - 41  4 21 44 23  -  - 58  - 31 50 27  8 19 40  7 39  -  3 28 37 26 10 46 33 48 51 15  -  9  2 52 17 30 42  1 16 49 47 53 20 13 57  - 12 59 38 25 32 54 14 24  - 22 18  5
 33 44 34 21 17 14  -  -  -  - 18 59 30  - 39 37 29 50 38  -  - 47  8 48 15 49 11 36 55 35 52  1 60 23  - 31 19 51 45  9 24 54  3 40  -  6  7 46  4 10 12 13 25 57 28 53 20  2 58  -
  - 37  - 47 48 10  -  - 12 35 46 51 17  9 16 18  6 34 23 24 31 21 15 40  4 14  - 28 43  7 20 50 25 38  -  - 54  8 55 19 52 32 11  - 60 27 26  5 49 42 58  - 29  3 59 22 30  - 57  -
 32 21  - 57 53  - 12 26 30  - 10 24  - 41  6 36 15 55  -  8 42 33 52 58 18  - 22 34  5 14 56 51  1 54  4 20 35  -  3 17  - 37  9 47 19 11 39  - 59 27  7 46 60  -  - 28  - 40 44  -
 21  4  3 45 13 26  - 28 19 59 58 22 54 43  -  - 20 49 53 36 15  - 38  - 16  -  - 60 27  8 42 12  -  -  9  - 30 35  - 56 25 51 24 46  6 50  - 14  -  -  - 11 39 18 17  - 37 33  - 47
 29 24 38 13 55 40 36  5 45 19 59 44 18 10 46 31 60  - 42 52  -  - 25 12  3 15  -  - 11 27 48 41 32  1 35 22 58 14  - 57 53 26 37 54  2 51  6 47 16 17  9 50  - 34  - 43 49 30 21 33
  - 29 20 58 15  - 25 56  5 30 31  - 33 54 47  - 50 53 10  - 44 49 55  1  - 40  -  - 23 16 11  - 46 35 17 24  - 28 52  2 18  9 32  - 27 38 59 21  7 26 14 48 41  - 42 45 57 43 39 51
 42 40 45 56  - 53 51 27  6  -  -  4 11 34 44  2 46 30 29  - 52  -  - 17 47 22 60  - 15 41 32 14  3 10 21  - 13 19  - 49 28 18 23 57  - 48 25  - 54  - 37 38  - 24 12  1 31 39  -  -
 12 20 22 46 51  9 31  - 43 57 11  5  2  - 49 32  -  - 14 40 53 24 42 18 41 29 21 47 44 30 36  -  - 55  6 45 15 34 23  -  -  - 60 26  - 19 56 10  - 54 35  - 33  8  3  - 16 52  4  -
 10 35  -  - 43  - 47 30  - 24 50 48 15 55  8 21 11  3  5  1  7 14  - 56  -  6  - 39 20 38 22 58 28 32 42 23 41 59 37 16  2 44 27  4 34  -  - 13  -  - 31 40 45 12 36  -  - 54 29 49
 15  - 32  5 18 35  - 53  9 60 47 37 26  - 56  - 24 10 34 30 38  -  - 50  - 36 33  - 12 57  -  4 54 44 59  -  7 11 16 23  -  2  1 21 14 55 42 39 27  3  -  - 28 31 22 17 51 46 19 29
  - 14 24 52  -  - 46 25  - 16 23 18 37 28  5  1 30 41 43 26 27 42  - 47 21 33 39 12 60  2 50  9 57 58 44 35  -  - 56 11  - 40 49 51 48  -  - 31 45 19  8 53  6 36 20  3  4  - 55 54
 49 38  -  - 46 58 29 16  - 55  8 35 52 51 34 14  - 57 59  - 54 18 12 41 26 31  -  5 24 20 33 11 42 36 47 10  1  9 32 43 60  - 50 15  - 39 37  - 48  2 22  - 17  6 21 13 56  3 27 45
 27  - 21  -  - 39 30 58  - 43 36 31  9 14  - 47 12 15  3 48 29  5  - 38 20 45 16  - 56 11  2 32  - 51  8  -  - 49 40  - 17  6 34 59 25  4 23 41 53  - 18 52 54 13 37 60  7 28 26  -
 28  1  -  -  - 41  7 47 55 36  - 43 59 20 12 49 32 48 17 18 10  4 51 16  6 44 38 23 45 19 24 29 15 42  - 56  - 40  8 13  - 53 46 30  - 25 21  -  2 35  - 54 37  -  9  -  5 60 34 57
  9  5 11 53  3  - 28 46 48 40 51 38 58 27 35 10 16 12 31 43  2 26  - 57 50 41 47 15  - 23  - 17  4 19 54  - 52 45 44  7 14 59  - 18 37  -  - 22 29 56 60  6 42 32 39  - 25  - 49  -
 31  6  - 44  4  7  3 52  - 29  5 32 35 13  -  - 34  -  -  - 23  -  -  -  2 48 46 50 39 53 12 22 47 17  -  -  - 15  1  - 40 33 14  -  9 54  - 11 24 25 16 41 49 27 43  - 58  - 28  -
 18 56 28  -  - 49 38  6  3 45 22 21 55 32  -  - 25  - 58 41 48 31  - 42 53  8 17 35 30 52 40 57  7  -  - 43 37 12 59 27 36 47  - 60 33  - 34  -  1  - 11  5 23 15 24 16 13 50 10  4
  7 47  6 54 20 56 23 55  -  2  -  - 49 60 24 30 14 38 51  - 58 11  -  - 36 28 57  - 34 50 41 31  -  -  1  -  4 46 22  -  3  8 13 29 26 12 44 42 17 32 48  -  9  - 40  - 10 27 15  -
 39  -  - 38 49 32  - 50 42  - 43  - 20 26 59  7 58 36  1  - 30 52  - 27 11 24  -  8  - 44 25  - 53 41 15 48 16  -  - 55  - 22 54 17 28 14 40 45  -  -  4 29 31 35  2 10 60 23  6  -
 13 28 27 59  5 46  1 40 33 48  -  8 50  - 20 54 31 52 18 14 47  9 35  2 17 25 34 29  6  3 30 37 16 60 53  -  - 32 11 26 39  4  - 43 41 45 19 58 36 44 49  7 15 55 38 21 12 10 51  -
 25 57  4 33  8 20 15  - 41 51 54  - 27 45 36  - 10 24  - 12 32  3 56 39 22 35 19 48  9 42 31  - 30  6 38 13  - 53 26 40  - 29 18 50  - 43 11 37  - 34 17 28  5  - 52 59  1  - 16 58
 44 10 14 39 30 24 50 33 17 42  - 47 28  - 15 59 45  - 54 37 18 12 20 19  1  -  3 31  2  9 35  6 21 22 16 41 27 23 48 46 55  -  - 49  8 57 58 43 34  - 36 32 56 51  - 52 40  - 25 13
  3 12  -  - 39 34 11  7 56 15 28 49 48 40 30 17  - 21  9 45  - 46 53 60 59  -  2  -  -  -  8 33 22  - 41 51 18 58 24 47  - 52 20 27 16  1  - 54 43 14  - 23 35 10  - 31 26 36 37 25
  4 17  - 48 21 19 27 31  1  9  - 39 40 35 58 26 22 18 25 53 59 29 28  - 46 30 42 14  3  6  7 23  5  -  -  2 12 10 20 37 54 38  8 34 51 47 43 56  - 49 57 60 13 45 50 44 41 24  - 11
 23  - 17  -  6 16 57 41 26 52 44  - 22 58  - 43 36  -  -  -  9 59 50 35 38 47 48 30 18 21  - 13 55  - 25 54 53  - 31 60 29 34 45 10 15 42 24  - 37  - 39  3 19  2  7 40 27  - 32 12
  -  - 26 28  - 21 41 23  - 50 29 60  -  8 10  4 54 45  6  2 35 38  - 30 34  7 40 53 47 17  1 36  -  - 19 46 25 57 43  3 13 55 58 44 42  9  -  - 31 39 20  - 18 52 51 48 24  5  - 16
