2880
  1  - 43 49 25 16  - 13 39 55 60 36 11  - 53 42 23 15 38 50  - 40 18 22 10  - 46  -  - 12 31 24 48  - 14 45  6 59  3 52  - 30  2  7 57 35 21 34 37  9 17  8  4 32 51 26 44  5 20  -
  -  7  -  - 56 50 37 60 13 11  - 28 40 47 58 53  -  -  -  1 29 31 41 32 35  - 27 57 23  4  -  - 39 21  9  - 45 17  -  5 59  - 14  -  - 49  -  - 22 48 24 42  6 54 12 38 36  -  -  8
 31 45 42 23  - 18  - 50  - 36 34  -  2 10 60  - 28  5 26  - 27 17 15 55 52  -  -  -  -  - 43  1 46 38  3 29 37  -  - 35 30 12 47 32  -  6  -  9 20  - 44 25 16 21 48 39 11  8 53 49
  -  -  3 47 30 51 22 49 50  - 28 26 52 14 24 46  6 48  7 18  1  - 36 11  -  2  9 59 57 33 29 41 42 10 56 23  - 15  4  8 45 31 16 44 53 25  5 39 12 27 40  - 34  -  - 13 55 20 60 37
  -  1 34  - 24 60 56 10  7 44  5 18  4  2 11 47 39 46 36  - 14  6  - 20 29 35 51 22 12 53  9 32 26 25 17  3  - 37 16 19 27  - 54 49 48 58  -  - 38 42 55 59  - 13  -  8 43 33  - 57
 53 17 29  - 35 56 47  - 43  5  2  3 28  - 21 38  8  -  6  -  - 23 59 15 19 45 18 33 39 25  - 49  - 58 11 44 48  1  - 54 22  7 12  4  - 40 50  - 46 16 20 57 26  - 55 34 27 31  9  -
 55  6 39 50 19 21 16 54 28 53  -  - 14 45 41 29 26 20 57  9  4 49  - 35  - 48  -  -  7 15 46 43 17 24 42  2  -  -  -  - 25 34 13  5 51 32 27 44 40  - 10 47 31 30  3 18 23 59 36  1
  -  -  - 21 42 52 18  7 41  4 20 49  3 34 35 13  -  9 31 39 57 10 27 56 16 50  -  6  - 55 33 60 58 44 24 17 32 29 40 37 53 23  -  2 54  8 12 45 30 25 48 51 59 46  - 28 19 15 14 11
 60 31 21  -  6 54 13  3 51  - 27 10 22 32 34 26  -  7 18 43 52 59  - 33 55 20 38 53  - 58 57 40 15 50 44  - 17 14 12 23  5  - 37 45 35 29  -  - 24  2 16  1  - 28  -  4 25  -  -  -
 44 15 49 58 17  4 46 42 38 18 31  - 30  5 52  -  - 53 48  8  9 13  - 41 43 23 29 11 25  1 26 33 14  -  - 39  - 35  2  7 55  - 21  - 27 50 16 60 32 57 47  6 12  3 19 36  - 54 56  -
 34 36 57 60 53  8  4  - 12 17 19 35 33  - 49 31 37 22 23 54 15 58  - 24  -  - 16 46 48  6  - 13 52  - 50 38  - 45 51 44 43 10  3  - 11 39  2 18  - 59 41 21  9 20  5 30  -  - 55 28
  7 24 17 38  -  - 50 23 46  - 29 11  -  - 25 56  -  4  3  5 34  8  2  - 59  - 21 16 53 13 42 36  - 43 12 37 26 10 55 20 54  -  -  9 40 51 44 48  - 19 49 30 47 58  -  6  - 35 31 18
 50 40 15 56 41 33 25  8  5 14 10  -  - 42 55 23 49 32 34 29 38  - 19 28  2 24 12  -  -  9 54  3  6 47 26 43 44 27 35 58  - 48 20 17 30 13  - 36 16 39 51  4 46  - 53 45 52 37 21 59
 46 59 27 18  - 47  8 56 34  - 13  - 20 35 26 45  2 42 15 52 50  - 11  6 14 57  - 21 24  -  -  4 31 40 43 54  - 16 32 28  - 22 44 38  -  - 53 37 10  5 19 55 60 33 23 17 29  3 39 25
  - 25 55  8  - 23 34 19 45 46 32 16  -  - 44 39 15 12 29 35 48  9  - 38  -  -  - 31 41 40  -  7 20  - 37 57 36 51 13 17  1  5 33 60  -  - 30 28 26 43 52 50  3 11  -  - 49  4 59  2
 40 50  7 46 33 13 31 20 36  - 17 21 57 22  -  6  1 34 56  4 32  2 37 48  5 38 43  3 14  -  -  9 29 19 30 10 24 23 60 26 15 55 53 11  - 16 28 51 45 35 25 52 41 44 58  - 59 18 47 12
  5 41 10  1 47 26 57 12 11 27  - 31 24  9  7 49 19 43 20 16 33 34 40 59 13 36  6  -  - 48  - 52 21 37  -  -  - 44 45 15  -  -  -  -  -  2  -  - 28 18 38 46 58  - 42 54  -  - 35 32
  - 21  - 15 20 45 41  4 42  -  - 29 25 17 30  1 60 51 28  - 43 48  -  - 40  - 49 50 35 57 34  - 16  3 19 14  - 46 24 10  - 56 22 12  2 36 54 52  -  6 33 58 38  -  -  - 47 27  7 13
 15  5 30 27 18 14 58 24 57 25  9 42 59 38  - 55 53 29 40  6 35 60 34 47  - 52 19 17  -  - 12  -  1  - 51 22  - 31 21 39 11 28 41  8 13 48 36 32  7 50  - 37 44 26  4  - 54 49 45 20
 49 44 16 45  9 38 10 21  4 31 33  - 23 57  - 24 34 41 47 55 42 35 32  -  1 12 30 40  2 14 18 25  8 13  -  5 15  - 56  -  7  - 29 46 26 17 58 50 54  - 43 36  - 48  -  3 37  6 11 52
  2 55  8  -  1 29 20 44  - 24 16 43 51 21 38 33 45 11 42 53  - 15 17 18  - 39 26 36 22  -  - 10 54 14 25 31 35 41  -  -  4 47 34  - 56 37 46 27 50 23 28  9 48  -  - 49 13 32  5 19
 17 12 23 25 49 27 38 33 47 20 14  1 42  -  - 36 56 18  4  -  -  5 21 40 53 26  -  - 28 34 37  6  - 35  -  7  - 50 59  - 46  - 31 24 19  - 29 58 13  -  - 22 55 51 30 44 48 10 16 60
 51  - 59  5 27 12 55  - 18  6 57 30  8  - 42 19 32 24 37 17 23 52  - 44  - 31  4  - 11  2 35 45 13 22  - 50  - 34 48 14 36  - 40 56 10 46 33 20 21  -  3 28 25  -  1 43 53 58 54 16
 56 10 20 35  - 30 28 51 31 38  7 54 41 53  5  - 58  1 21 42 60 14 52  -  - 11 37  2 55 19 22 48 12  - 45 34  3 47 23  -  8 15 18  - 32 27 40 33 29  -  - 13 49 24 59  9  - 57 25  6
  - 27 40 24  3 59 21  - 60  - 18 38 17  6 51 43 12 39 41 48 30 44 20  - 37  -  - 58 49 54 15 11 55 36 35  1 34 13  - 56 28  -  7 57 23 53  4  -  8  -  -  -  - 19 29 47 42 26 50 33
 33  - 37  6 10 20  - 46 49 22  - 23 48 31 12 52 42 36 11 26  - 55  -  3  8 21 17  -  -  - 24 58  - 18 28 25  -  2 43  4  -  - 59 54  5 15 45 35  - 34 27 53  -  -  - 32 57 60  1 56
 11 42  - 17 28 34  - 36 20 56  1  - 43 13  3 21 57  6 33 24 26 37  -  - 48 46 47  7  -  - 49 30 40 55 53 58  8  - 14  - 41 45 25 29 38 54 15 31 27  4 22 16 19 39 35 52 10  - 18 44
 42 28  -  4 55  7  2 16 24 32 54 17 27  3 40 48 31 50  - 15 13  - 30 23  -  1  -  - 18 20  - 19 11 33 46 12  9  6 37 38  - 58 49 43 34 45 35 14 59 10  -  -  - 36 26 53 21 39 41  -
 26  - 36 41 59  2 23  5 16 47 25 46 38  -  - 20  3 10 17 60 28  1 35  - 24  -  - 34 45 56 27 31 44  -  - 40 13 42 11 57 51 50  9 14  4 33 32  - 58 29  6 43  - 22 49 48 18 12 30 15
 35 33 51  - 26  - 53 37  - 29  - 41 15  - 59 32 21 54  -  -  5 19  - 10  - 22 28  9 60 49 50 57 45 42  - 36  -  -  8 16  -  - 56  6 39  3 47 30 17  -  - 23 11 12 38 14 40 55 52 58
 37  9  - 33 40  3 42  - 52 12 47 50  6 30  - 10 41 49 54 36  7  - 44  -  - 34 48  - 17  5 45 15 56 20  - 11  - 21  -  - 14 24  4  - 60 26  1  - 18  8  - 19 23  - 25 51 38 28 13 27
  -  - 28 53  - 40 26 47  - 58  - 37 32  - 16  9  - 55 35 11 44 46 54 42 30 10 20 48 52 27  6 12  -  5  - 13 19 38 31 60 21  - 45 25 59 41 18 22 51  - 36 34 24 50 15  1  -  2 43  4
 16 58  - 20 50 57  5  9 15 33  - 24 19 48 29  - 54 60 55  - 31 39 47 12 45  6 25 49 46 28 13  -  7 56  8 42  1 26 30 18 34 38 51 21 43 44 52 23 36 53  -  2  - 10 37 11  3 22 32  -
 32 57 46 16  - 10  - 58  3  - 11 44  - 50 17 35 55 52  - 51 22 56 49 30 38 29 59 24 13 42 39  8 34 31  - 20  - 18 54 33 12  1 43 23  -  -  -  7 47 45  4  5 53 25  2  - 15 41 40 26
  - 37 22 19  -  9 24  6 32 34 36  - 45 59 23  - 14 31 39  -  - 18  -  2 49 60 52 35 50  -  -  - 43  8 38 21 28  4  - 13  -  - 55  - 33 57  - 40  -  1 56  - 15 27 54  5 30  7 29 47
 25 20  - 12  - 44 39 15 53  7 55 58 60  4  - 22 43 59 16 38 49 54  8 34 33 47 14 42 36 45 48  5  -  1  -  -  - 56 29 40  6  - 32 27  -  - 24  -  - 21 26 17 18 37 57 23 41 30  3 50
  - 14 56 11 46  - 49 59 19 60 35 13 21 58 22  - 17  2  1 31  - 24 53  - 41 37 32 55 34  - 20 23 47  7  4  8 51 43 25 36  -  -  -  -  - 38 57  6  3 54  - 12 52 18 27 33 45 40 48 42
 43 23 24 42 13 19 11 17  -  -  - 22  5  - 14  2 36 16 12  - 40 25 39 57 32 59  -  8  6 46 30 44 53  9 31 47  -  7 15 34 33  - 50  -  1  4  -  3 35 49 60 27 20 56 52  -  - 21 10  -
  -  - 13 59 31  -  - 55 33  - 49 20 50 51  -  3 27 45  9 21 56 57 42 25 26  8  2  - 54 24 23 22 41 48  - 15  7 11 28 47 52  -  - 53 18  5 19  - 34 60  - 29 37  - 40 16 17 46 12  -
 20  - 38 13  8  - 33 27  -  - 23 57 55 26 15 50 30 25 51  -  - 12  4  -  6  3 10  -  - 31 60  -  - 45  - 24  - 28 44  - 18 36  - 39 14  9 49  2 53 40  5 48 43 29 16 59  1  - 19  -
 28 16 18 57 32 42 19 11 48  2 45  - 31 44 47 34 50  3 59 46  6  7 26 43 54 25  - 37 20 23  - 53  5 39  1 27 60 58 49 55 35 13  8 52 21 22 56  - 15 51 30 33 29  4 36 24  - 14 17 10
 24  2 50  - 44  -  6 53 14  - 39  - 35 43 10  7 48 38 32 40 45  - 25 58 23  4  8 19 59 18  5 16  - 11 52  -  -  - 27  -  3 29 46 13 12 34 17 54 57 47  1 60 51 15 33 20 22  9 37 41
 45 30 41 39  - 24 54 43 55 15 38 48  -  -  - 12 35  - 46  - 20  4  - 50 36 33 23  1 21 16 32 47 27 26 34 60 42  8  - 31 13 57 28 51 17  - 22 53 19 11  - 10  - 49  -  7  2 44  6  -
  -  -  1 55 21 11 52  -  9 23 53  - 26 29 20 14 16 37  5 30 39 38 57  -  4 13  7 45 27 43 36 46 24 12 47 18 50  - 10  3  - 40  -  - 25 19  - 59 44 15 42 49 35  2 22 41 56 17  - 31
 39 26 48  - 52 37 60 30 54  - 51 15  - 55 46 28  9 56 27 20  -  - 50 36 57  5 31 23 33 47 16  - 25  - 49 32 18  3  7 12  -  2 35 19  6 11  - 43 41 58 45 38  - 17 14  -  4 42 22 24
 27  4 60 10 29  -  3 52  - 28 46 55 44 16  2 58 20 33  8  -  - 53  -  5 25 43  - 47 30 36 14 56 57 23  - 59  - 19 26  9 48 54 17 31 22 18 51  - 39 32 21 45 42  7 34 40  6 38 49 35
 12 34  5 14 48 46 15 41 25 50 42 19  - 54  - 59 18 26 44 27 47  - 60 13 21  - 39 38  4 22 51 37  - 17  6  - 52 40  9 49 23 53 36  3 45  7 10 29 33  - 11 24 56 31  - 57  -  1  - 43
  - 52 54  - 34 58 44 45 22  3  4 25  -  8  -  - 46 14  - 10  - 33 51 19 56  - 11  - 37 35 21 17 23 41 13 48 20 53 47  1 40  -  6 59  - 31  7 49  - 30 29 26  - 57 39 15 28 24  -  -
 30 18  6 32 37 22  9 39 21 57 52 47 34 41 33  - 59  8 43  7 25 45 14  - 31  -  - 44 40 60 19 27  -  2 55 53 12  5 36 50 38 51 26  -  - 10 48  1 56 17  -  3 28 35 24 42 58 11 23 29
 48 54 47 40  - 39 45 29 17 16  - 33  7 60  4  - 52 44 13 28  - 20 55 14 46 30  - 10  - 51 58 18 19 57  -  - 22  -  -  -  - 32  - 15  - 59 42 25 43  -  - 41  1 23 21  - 35 56 27 34
 19 13 12 26  -  6 48  - 35 39 59 27 16 46 57 41 47 23 22 56 21  3  9  - 60 53 44 14 10 32 38  - 37 51 40 52 25  -  - 24  -  - 15 20 36 42 31 17  -  7 34 18 54  8 11 58  5 45 28 30
 38  3  - 29 22 36 17 14 23 35 50 52 54 19 18 11 33 58 53  -  2 51  6 37  7 40 15 43  -  - 28 42 32  4 27  - 41 24  - 30 44 21 10 26 55  1  - 56 60 13 31 39 45 34  9 12 46 47  -  -
 29  - 19  -  - 28 40 35 10 42  3 32 13 12  6  - 44 57 45 37  - 26  5  8 39 14 22  - 58 21  1 55 18 59 15 30 56 52 38  2 49 27 23 48 47 24 34  -  - 33  7 20 36 41 31 50  - 43  4  -
  -  - 33  9 12 53 59 18  -  -  6  - 49  7 48 60 24 28 10  - 37 27 45 54 17  - 35 30 15  3 56 29 38  -  5  - 47 57 19  - 16  - 39  -  - 23 55 11 31  - 58 40  2 14  - 25 20 50  - 21
 57 29 14 54 15  5 12 40  - 43 58  - 47 20  9 51 10 17  -  -  -  - 48 21 28  - 56 25 38 44 59 26 49 30 18 19  2 36  6 27 42  -  - 55  - 60 37 46  - 31 53  7 39 52 45 22  - 13 33  -
  - 51  - 28  - 55 35  - 30 54  - 40 10 25 32  4 13 27  2 57  - 29 43  - 50 58 34 20  - 11  - 38 59 60 23  -  - 22  - 41 24 46 19 37 15 21 26 12 42  3  -  - 33  6 47  - 39 52  - 14
  - 35 44  3 38  - 30 57 40  9 22  - 37  - 36 25  - 21 58 13 51  - 24 45  - 17 53  - 42  8  2 54 10  6  - 41 43 49 18 48 20 11  - 33 29 55 59  5  1 56 32 14 50 60  - 19 34  - 26  -
 59  - 45 34 36 48  7 25  -  1 24 60 46  -  - 27 29  - 52  - 55 30 38 31  9 15 33 18 44 26  4 28 51 49 21 56 14 32 39 11  -  8 42  -  3 20  - 41  - 12 37 54 57  - 10 35 16 53 58  5
  -  - 32 22 23 41 43 34 27 13  - 39 56 18 45 54  - 47 14 19 17 50  - 49 20 51  -  - 26 52 11  - 35 53  - 55 58 25  1  -  -  6 57 42 28  -  9 24  4 44  8 15 10 59  7  2  - 36 46 38
 13 60 31  7 51 43 29 22  6 30 21  5 12 56  1  8 38 35 49 41 36 11 58  4 27 54 57 39  9 37 53 34  2 15 32  - 59 48 20  - 50 16  - 40 46 47  -  -  - 55 18 44 17 45  - 10  -  - 24  3
