2880
 43  3 14 12 55  - 58  -  -  - 37 51 19 16 50 56  2  8 60 52 44 35 57 22 29  - 48 21  -  6 36  1 54 32 18 26 39 11 10 30 42  - 34 49  - 13 40  - 33  5 59  7 47 24  9 31 15 23  4  -
 44 25 47 15 39 23 17 59  4  - 46  - 27 36 49 21 56 31 19 12 51  5 37  7 28 57 11 60 42  8  -  - 16 14 13  -  3 24  - 35  2 52  1 45 50  6 54 29 38 48 40 18 10 33 34 41  - 26  9 20
  2 43 20 56  - 15 33  4 31 39 28 11  -  8  - 25 37 50  - 26 58 17 60 10 42  3 13 35 44 45 34 48  -  1 29 27 55 46 18 14 16 30 59 40 47 12  - 38 52 57 36 24  5  - 51 54  -  6 21 41
  3 37 52 34 16 39  -  - 55 31  - 17 46 60 33 59 23  - 40  2  - 42  9 45  - 25 12 28 29 18 21  - 47 27 54 38  4 49  - 56 36 48  - 30  - 32 24 13  - 35 41 20  6 57 14 50 51 22 26 15
 27 21 31  - 43 24 57  - 39 11 20 26 47 49 36 54 15  - 53 59 32 22 23  - 48 17  - 51 18  - 50  5 28  3  6  - 37 55 16 52 58  8 42  - 19  -  -  9 14  4  -  1  - 41 30 25 10 29 60 35
  5 46  - 32 11 51 41 54 22 57 31  2  4 37 39 45 59 58 16  3 52  - 14  -  - 38 55 47  7 42 33 28 36 60  -  1 24 44 35  -  8 43 19  - 49 18  6 40 30 17 27 23 25 56 15 29 26 34  - 12
  - 38 35  -  9 48  4  - 42 23 12  6 41 24 27 15 34 13 54 28  -  - 29  - 56 55 10  - 26 37 18  -  -  - 19 25 53  1 49  - 50  - 39 22  2  8  3  - 36 20 51  - 57  - 16  - 32 45  - 31
 26 32  - 36  -  -  3 42 34  2  - 50  - 15 35 24 46  - 18 19 59 57 38  - 25  - 45 14 12 40 39 27  5 56 11 30  8  9 60 28 13  - 31 51 33 43 52  4 10 44 58 47 37 17  - 20  - 16  7 22
  1  - 54 16  -  -  - 26 30 55 33 43 40  5 22 19 29  -  - 11 46  - 32  9 23 44  - 20 28 13  8 37 31 35  - 45  7  6 57  - 59 42  -  - 12 41 56 34 53  - 47 15  - 18 60  4  3 58 24 10
 49 56  -  8 13 27  - 15  - 50 35 10  - 39 26  -  4 29 34 16 53 36 47 14 12  -  2 46  - 11 42 43 20  - 44 21  - 38 52  - 51 57  - 24 40 54  - 23  -  - 18 32  1  -  7  9  5 25  - 48
 38 54 24  - 36  5  -  - 16 45 44  7 52 31  -  6 47  -  3 49 19 32  -  -  - 41 18 43 22 29 55 51 11 28 10 23 21 27  - 39 37 46  -  -  -  - 17 60 59 30 25 33 15  - 12  2  -  - 40 56
 55 59  -  3 30 38 22  - 45  -  - 16 32 26  9  - 11 17 23  -  7 54 20  - 18 36 41 29 14 15  1  2  -  4 25  - 10  -  - 57 56 53  5 39  - 52 31 50  - 49 34  - 48  8 28  - 60 35 33  -
 50 33 25 53  2  3 54 17 41 56 55  - 58 20  6  - 49 57  -  - 23 59 15 12  8  5  - 38 24  - 16  4  1 30  - 52 45 13 43 44 31  - 18 35 21 14  - 36 27 42  - 48 19 32 10  - 40 51  - 28
 28 11  5  -  - 34  7 46 26 52  3  1 23 54  -  -  -  - 43  - 27 30  8 15 37  -  - 58 50 59 17 12 42  9 56 14 47  2 29 25  - 24  - 48  - 38 20 39 32 18  - 40 36  -  4 44 16 49 55  -
  4 50 53 52  - 35 32 40 14 51 45  5 13 25 15  1  - 19 28 34  -  7  -  6  - 46 20 59 58 44 22  - 21 12 30 37  -  8 31 16  - 29 60  -  9 10 27  3 18 56 54  - 11  - 43 39 38 57  - 55
 19  7 28 35  -  - 27 21  2  8 51 41  - 47  1 12 42  - 33 60 26  - 59  3 57  6  - 48 23 20 10 32 25 58 17 36  -  5 34  - 24 13 15 14 52 50 22 49 56 45  - 54 39 44 55 43 53 30 11  9
 36  6  - 27 38 53 31  2 43  4  9  - 56  7 30  - 50  -  - 23 35  -  - 54 52 42 58 24  -  - 19 13  - 33 16  - 49 59 51 34 55  - 26  - 18 25  5  - 11 10 57  3 32  -  - 14  1 28 44 37
  6 42 10 20 18 52 14 41 28 43 16 25 24  -  8  7 58 44 49  - 54  - 55  - 45 50 30 17  - 31  - 39 37  - 32 46  - 35 21  4  - 51 27 59  -  -  1  5 48 11 12  - 56 38  3 13 33 53 34 40
  - 23  -  -  4 47 18 48 20 27 22  8  1 55  - 36 38  2 51 24  - 53 30 17 58  - 28 44 25 49 45 59 29 43  - 42 34  -  7 26  5  3 54 10 56 21 46 33  - 14 15  6  9  - 32 19  -  -  - 52
  -  - 11 13 50 19 10 34 15 48 42 55  - 18 21  - 45 60  -  - 17  -  1 36 41 32 31 53  - 26 23 44  -  -  8  4  -  -  -  -  6 28 40  - 59  - 35  - 29 12 38  5 14  7 24  - 47  - 39  -
  - 16  - 11  -  6  - 33  9 47 15 36  -  2  - 30 57 34 24 45 37 41 56 59  -  -  -  1 55  - 12 38 32  8  - 53 13 54 25  5 14 22 50 27  - 42 49 10 28 51  - 39  - 26 35 60 44  -  - 58
 45  2  -  5  -  - 60 10  -  - 18 21 59 14 52  - 25 33 56  8 48  - 19 32 44 51  3  -  -  9 58 42 49 41  - 55 16 12  1 29 53 50 20 37 11  - 34 24  - 15 46 43 22  - 39  - 57  7  - 23
 17 14 45 31  5  1 25 58 38  - 24 27 42  9 46 53 16 10 22 57 30 18 51  4 32 35  7 15  -  -  - 47 13 52 60  - 43 56 41 50 21 23 33 54 28  -  - 26  8  2  - 29 44 39 11 55 19 12 49  6
 35 34  7  - 20 29  -  - 33  3 10  - 25 28 48 14  9 56 30 36  -  -  5 24  -  8  - 31 41 54 44 23 39 11 26 50 42 21 22 27 40  - 17  - 53 19  -  - 46  - 16  4  - 55 13  - 45 18 47  2
 54 45 46 23 34 14  - 36  3 10  - 18  7 50  -  5 24  -  - 48 40 44  - 28  - 12 43 41  - 53 60 15  - 49 38 29 17 58 47 42 33 35 25 52 16 30  - 19 51  - 26 55 20 31 27 32  2  4 59 21
 16 52 59  -  - 26 29 28  -  5 48 33 44 32 37 47 51 14 58 17 21  - 53 34 10  7 46 30  -  -  9 57  6 39  3  - 11 19 13 49  1 25 36  4 55 27 42 43 41 23 45  - 54 15  - 40 20  2 12 18
 13 31  - 48 44 54 40 52 51 60  -  4 16  - 29 27  3 39  7  - 25 43 21 53 17  - 49  -  - 28 47  - 30 26 34 33 36 22 32 12 38 19 24  8  5 23  - 15  2  - 42 37  -  -  - 18 58 20 14  1
  -  - 56 24 46 44 11 31  -  - 25 28 37 29 40 42 55 36  - 33  3  9 27 38  - 20 47 12 48 50  6 22 58  - 59 57  -  - 45 19 17  2 21 34 10 26 30 14 16  1  7 60 51  - 23 49 39 43 52  4
 30 28 17 42  - 43 39 44 40 16 54  -  - 38 59  - 22 11 12 21 13  8 41  2 19 29  9  -  4 35  - 49 10 55 45 47 32  - 37 36 27 20  -  6 23 58 26  1  -  7 53  - 52 51 33 48 56 60 50  -
 15  - 22 57  - 45 28 23 11 32 43 20 50  - 17 49 33 25  -  7  9 26 54  - 46 40 27 56  - 55  -  3  - 36  2 31 60 29 58  - 47  - 53  1  - 16 38  -  4 19 24 13 12 35  6  8 52 21 18 42
 12 44 23 21  -  - 37 49 50 18 47 39 11 34 24  -  5 52  - 53 31 29 43 30 35  - 26  4 33 17 41 60 19 42  7 56  -  - 46  8 32 36 48 20 27  2 16  - 15  -  6 25 13 54 59 38 22  9  1  3
 47 27 30 41 25 56 49 45 57 29 13 22 17 10 14  -  6  - 35 20 42 24  - 19 43  2  1 54 37 39 38 33 26  - 46  - 50 34 55 11  3 12  4  - 15 59 23 18  - 16  8 52 60 28 53 51 21 44 36  7
  -  -  - 54 58  4 26 27 13 14 50 31 34  6 44 17 12 35  - 29 36 48 49 33 55 52 37 18  3 30 57  - 46 53  5 43 38 45 59 23 15 47 11 56 24 51 25  7 19 32 28  - 42  9 40 21  8  1  2 16
 56 57  - 45  - 30  -  6 36 42 58 38 22 12 41 43 32 49 48  4 55 33 13 60  -  -  -  2 10 23 25 16 35 51 15 28 29 40 54 18  - 59  - 31  -  -  - 21 20 50  9 14 34 52 26 11 37  5 46 27
 34 58 40 22 47  - 15 37  -  -  - 49 57 17 55 13 31 59  -  -  -  3 25  -  9 60 24 26 54  7 28  8 52 38 21 48 33 53  - 20  - 11 30  5 32  -  2 56  1 43 10 42 35 16 44 23  4 14 45 36
 32 41 37  4  3 59 38 50 21  1 40 29 60 53  - 33 44 46  - 10  - 13 26 25 30 16 54 39  2 51 24  6  9 19 58  7  - 18 23  - 48 15 49 42 20 34 14 35 22  - 17  - 55 43  - 36 28 52 57  8
 11 29 57  - 31 10  -  - 49 26 30 12 51 45  - 39 21  - 37 18 22 56 50 55 15 24  5  8  1 16 54 14 33 46 23  -  - 52 38  - 34 27  - 25 44  7 41 42  6 40  - 28  - 59 20 35 36 32 53  -
 46 47 12 49 52 18 35  8 32 22  7  -  3  1 20 57 48  - 11 25 16 39 10  - 36 34 15 19  - 60 29  - 38 40 27 44 30 33  9  6 54  4 58  2 13 24 28 31  - 59 43 56 21 23 50  - 14 55  -  -
  - 24 51 14 32 33 42 19 48  -  - 23  -  -  7 44 30 43 46 27 38 34 45  8  4 47 36 55 49 10 56 52 18 13 40 12 22 25 15 41 20  9  - 21 37 39 60 53  -  -  3 58 28  1 57 16 11  - 54  -
 57 18  -  -  7  8 20  -  - 17 32 45 54 23  2  4  1 12 41  -  - 49 35 21 38  -  - 37 30 19 53  9 24 47  - 59 25 48 40 22  - 55 56 50  - 33 44 58 60 26 11  - 29  6 42 15  - 39 28 13
 33  - 58 18 59 16 45  7  - 46  2 34  -  -  - 41  8 15 13  - 39 19 22 37  5 31  - 10 32 24 30  - 44 29 55  -  - 20  4 17 60 26  9 28 35  - 53 54  - 36 23 51 38 27 52  -  6 50 43 11
 18 53  2 44 48  -  8 22 47 30 34 40 45  - 54  - 10 27 15 41 20  - 28 31  -  - 35  5  -  -  - 58 51  - 57 11  9 39 56 13  4  7 16 29  6  - 55 32  - 33 14 49 50  - 36 52 12 17 19  -
 41 19  9  - 24 20  -  -  - 33  4 54 38 40 51  -  - 30  - 46 56 47 36  -  - 15 57  - 35 27 52  -  7 25 42 34 44 16  - 53  - 18 28 32 43  5 48  8 26 58 37 45  -  - 21  3 50  -  -  -
  -  1 44 28  - 36 47  - 35 13 14 37 18 52 58 32 20 54  - 56  -  -  6 42 16 21 22  3  9 48 11 46  2 15  -  -  -  7 24 45 57  5 51 17 39  - 29 59 49  - 60 26 30 25 19 34 55 33 10 38
  9 10  4 19  6  7  5  - 54 40 11  -  - 46 25 28 13 47  -  -  - 20 16  -  -  - 38 27  - 57  - 29 23 48 36 32  -  - 42 58 52 60 22 33 45 17  - 41 50 34 30 53  2  3 37  -  - 59 15 24
 29  4 16  - 17  2  - 47 59  9  8 13  5  3 60 46  - 37 26 55 49 21 12 57 33 56 52  - 20 38  7 53 50 34 14  6 48 15 27 10 45  1 35 44 42 28 51 22 25 24 31 41 23 11 58 30 18 54 32 19
  - 36  -  7 14 46  - 38 29 24 23 58 10  - 43 51 54 16  6  5 60  -  3  -  - 18 42 32 11  2  -  - 34 20  4 49 12  - 30 15  - 40 57 55 26 56 39  -  -  - 50 31 33 37 25  -  -  8  - 53
 10 12 39  -  - 13  - 55 25 35 27  -  8 56 19 50 41 48 17 47 34  -  7  -  - 54 29 57 45  - 49 31 59 21  -  3 40 60 36 33  9 16 32 11  4  - 15 52 43 38  5 44  - 20  2  1 23 24 51 46
 24  -  - 40 22  - 55 14 37 21  6 15  9 27 32 10 52 28 45  - 11  2  4 43 54 59 39  -  - 47 31 50 41 57 35 58  - 23  -  -  - 49  7 19  - 29 33 51  - 13 20 34  -  5 18 56 17 36 16 26
 37  8  3 60  - 28 16 51 46  - 26 35 15 41 12  - 40 45  - 32 47 58  - 52  2  - 25 11 21  1 13 20  4 17 33  -  5 50 19  7 43  - 55 18 22 48  - 57 54  - 44 36 24 29  - 10 59 42 38 14
 40  5  - 17 28  9  - 32  7 38  - 59 43 42 53 58 60 55  - 30 57  -  - 35  - 23  - 36 16  - 51 34 15 50  - 10 14 37 12  - 19 41  - 13 31 20 47  -  - 25  -  8 26  - 46 22 24 27  3  -
 52 20 43 29  - 25 53 35  - 54  -  -  - 44 42  3 28  -  1 38 12 23 24 27 39 19  - 33 56 21 48 40  -  7 31  2 18  - 11 37 10 45  - 26 58 15 36 16  - 46 22 30 41  - 47 59  9 13  8 51
  -  -  6  -  8  - 52 29 12 49 38 19 35 33 34 16 17 24 36 58  4 55 44  5 26 22 40 45 15 14  2  7 57 10 51 18 59 28 48  - 41 37 23  - 54  9 50 30 31 39 56 21 46 13  - 53 27 11 25 32
 42 26  - 25 33 11 36  - 52  -  -  9 39 57 28 34 35 23 21 14  - 51  - 49  - 10  6 16  -  - 40 24  8 18  - 54 20  -  - 31 12 56  - 53 38  - 13 46  7 60  - 19  3  4 48 58 41 15  5 47
 21 55 19 30 45 32 34  - 53  - 59 46 33 43 31 35 27  5  - 54 29  - 40 50 20 49 56 25  6  - 14 18  - 16  -  - 52  -  -  9 39 58 38 23  - 47  -  2 44 37  1 22  - 48  8 26 13 41 42 57
 53 17 32 47  - 21 12 13 23 25 49 24  6 51  - 52 14 26  2 39 15  1 31  - 34 58  - 22 36 43  4  - 55 44 20  8  - 42  - 59 35  -  - 16  - 60  7 37  9  - 19 38 45 40 29 57  -  3 27 30
 14 15 42  9 12 50  6 39 60  7 36 56 53  -  5 11 43 20 38 40 28  - 58  - 51 27 33 23  - 52 59 21 48  2 49  - 31 47 17  1 25 54 10 46 57 55 18  - 13  3 32 16  4 30 45  - 29 19 41 34
  - 13 34  2 27 57  1 53 24 36 52  3 14 58 10  8  7  -  - 15 33 31 46 16  -  -  -  9  - 22 20  - 45 59 28  -  6 26  - 55 23 39  - 12 30  - 43 25 37 41 35  - 18 49 38  - 42 47 56 17
 51  9 55 59 23  - 56  1 44  -  5 32  -  4 45 48 19  - 42  - 18 25  - 40 22 33 21  7 43  - 46 35  - 37 41 16 26 57 20 24 28 14 13 15  8 31  - 11 47  -  -  2 58 60  -  6 30 38 29 39
 58 40 15 26  1 22 46 20  - 59 57 52 28 30 38  2  - 41 39 42 24  -  - 47 49  - 53 50 13  5 35 10  3 45  -  - 54 51 14  - 29 44 12  7 60  - 21  6 55  8 33 11 16 34  - 27  - 56 23  -
