2880
 51 53 48 40 59 50 44 23 11 35 38 41 45 17 12 20  - 58 34  5 18  1 24  - 39 32  -  3  2 16 30 14  8 22 42  - 36 21 60 26 46 31  -  - 28 54 25 47 49 27 43 33 10 52 56 19 55  -  -  4
  - 13  7  6 18  - 25  3 53 46 35 51  1  -  2 55  -  -  4  8 52 57 49 14 11  - 60  - 54 33 32 16 50 56 36  -  - 20 24 58  9 47 44 26 23 39 27 30  -  -  - 29 31 43 34 45 15 12  - 10
  6 34 36 23  2  -  - 19  7  3  - 42 48 50 54  - 46 37  - 13 51  -  - 47 35  - 26 44 25 14 11 21 16 59  - 20  5 22 52  - 49  -  4  - 27 43 18  -  -  -  - 10 33 17 57  8 38  -  1  -
 58 38 52 30  3 46 59  2  1 43 17 22 12 13 26  - 40 41  7 29 44 49 47 39 32 56 15 21 55  - 19  - 27  5 34 35 10 11 37 18 50 24  8  - 16 28 45 31 53 36 51 25  4 14 20  -  9 23  - 42
 37 32 30 48 17 15  - 29 42 44 16 11 20 10 24  - 54 23  8 33 49 50 56 41 14  5 55 35 45  9 13  3 28 19  6  2  - 47 39 57  7  -  1 60 43  - 52 34 38  -  - 36 27 40 46 25 59 21  4 58
 45 46 22 53 29 44 52 55 36 56 24  8  - 26 43 14 48  -  -  4  -  - 51 50  - 34 30  9 47 60 28  6 23 11 31 49  -  7 35 13  - 59 58  3 40 18 37  - 12 19 54  - 17 41  1 42 10 38  2 33
  1 29 59 27  - 54 15 37  - 26  - 38  3 28  - 50 33 16 52 55 11 46 30 48  - 22  9  -  7 56 14 25 24  - 57  8  -  - 19 32 47 18 41  - 20 12 42  6 34  - 58 13 35  - 60 44  - 53 39 23
 38 27 10  -  7 18  -  -  4 47 13  3  - 60  9 59 53 48  2 40  - 58 43 44 34  - 12  -  -  -  - 23 56 39 50  5 46 30 21 45 55  -  -  6  8  - 41 35 54 16 57 22 11 42 24 31 49  - 29  -
 47  -  - 15  - 45 10  6 37  9 56 40 30 12 46 13 23 33 24 38  8 52 36  - 29 54  3 11 14 49 34 44 58 18  - 27  - 43 55 28 16  2 35 39 19 31  -  1 25 48 17  - 26 60  - 59 57  4 50  5
 35 50 18 16 30 53 57 49 32 17 47 56  -  -  8  6  1  -  5  -  - 33 25  -  -  -  2 13 31 41 22 19 44 27 51  - 38 52 15 42 24  - 14 36 21 23 28 26 43 45 60 34 59  4  - 20 40 11 54 12
 57 21 24 39 38 12 33 47  - 34  - 23 49 53 19  - 17 30  - 15  2 41  5 27  -  - 22 51  - 42  4 13 10 31  - 44 18  6  -  - 26  - 56  8  1  -  - 52 46 40 14  -  9 37 11  3  -  - 16 28
 53 24  3 59 34 27 38 17 21 23  - 31 10  - 55  4  7 44  - 54 39 11 13 60 56 51 32  6 41  1 37 28 40 26 15 12 58 29 48  - 25 33 30 45 36 50 20 22 18 46 42 52 16 57  9  -  8  2 35  -
 27 22  - 47 55 16 48 45 14 52 21 46  -  - 59  9  5 29 50 34  -  - 26  8  2 60  - 20  1 44 10 58 18 43 37  6 25 53  - 56  - 51 24  4 30 38 32  3 31  -  - 41 28 35  - 40 36 33 17  7
 30 60 58 10  9 32 31 48 19  -  -  7 34 14 50  - 49  -  - 11 16  - 22 38 25 18 35 54  -  -  - 42  - 12 24  -  - 26 57 37 20  - 45 56  - 44  6 29 17  1  -  -  - 55 41 13  5 52 27  -
 34 40  -  2 14  - 39  - 38 25  5  - 11 47 60  -  4 57 26 41 59 23 15 19 55 48 21 53 22  - 24 54  3 10 56  - 33  - 46 16 52  8 51  - 13 27  - 44  - 37 35 58  -  1 49 43  6 31  - 32
 14 42 50 49  4 48  - 58 35 33 30 25 43  - 36  - 10  3 20  -  5 37  - 22 28 16 27 57 19 39 54 47 51 32  - 38 52 40  - 12 31 15 53 11  - 45 60  - 26  - 18  2  -  - 59  1 17 46  7  -
  - 18 25 38 10 24 26 34 41  7 31 57 17 39  -  -  -  - 60 16  - 28 44  5 30 50 59  8 53 19  1  4 22  - 55 11  - 27 20 33 14 43 49  - 58  - 48  - 47 15  2 51 54  3 12  9 52 45  -  6
 11 57 56 17 31 39  - 24 52 60 34  1 15  8  -  -  - 54 30 14  9 53 27  - 49 42 46 23 16  - 26 40  - 50 32 13  - 48  2  - 38  4 55 59 51  6 19  5  - 20 36 21 25 47 35 28 12 22 43 18
 41 30 54  - 11  - 19 60 26 14 29 47  -  - 23 57  6 18  -  -  1  - 40  - 15  2 25 38  4 37  - 56 42  - 22 31  - 51  - 52  - 46 17 32  7 53 50 33  5  - 13 16 45 49 58 39  -  -  9 20
  -  - 27 56  - 25  3 32  9 51  - 28 53 30  4  5 52 10  -  2 19 60 29 33 36 24 14 50 44 47 42 43  - 45 38 15 49 57  -  - 41 35 39  7 54  1 23 18 58 13 26  8 37 22 55 17  - 40 46 31
  - 54 19  7 42 14 23 46 59  -  4  -  - 49 28 56  - 22 45 50 12  6 32 40 43 47  8  - 33 10  9 24  - 20 27 57 34 25 36 48  - 52 31 51 11 58 16 21 41 26 15 53  - 18  5 55 44 39  3 30
 59 43 55  4  8 22 20 36 44  -  -  - 58 56 41 24 50 60 38 42 23 54  -  9  -  3  5  - 34 26  -  7 46  6 18 14 32  - 12 19 29 48 15 31  2 37 13 10 11 33 30  - 57 28 27  - 16 25 51 49
 56 37  - 43 53  -  4 50 13  - 52 30  - 22  - 48 24 39  - 57 38 26 45 34 18 20 41  - 23  - 15 31  7 36 17 60 27  - 28 54 44  -  2  - 14  9 58 25  1 10  6  3  - 21 33 11 51 16 59 47
 54  6 26 55 43 57 50  5  8 37  - 36 32  4 27  - 14 11  1 56 31 48 34 23  - 49 10  -  - 22  - 51 52 60 30 28 15 35  -  9 21 41 33 38 18 25  2 19 40 58 59 12 42 45  - 16  7  3 13  -
  - 16  -  - 37 49  6 57 31 18  1  9 51 36 29 10 26  -  - 43  7 12 39 55  -  - 58 24 32  - 38 22 17  - 60  - 30  -  5 40 35  - 59 41 45 13 47 42  2 11  -  -  -  -  - 27 25  -  - 14
  - 11 39  - 26 10  -  9 18  -  -  - 14  2  - 40 31 27 49 48 56 13 38 20 41  - 45 34  5  - 60 57 25 15 33 16 37 55 50  1  3  7 54 23  -  -  - 51 36 28  - 24 22 19 29 32 46 58 47 59
  8 35  - 21 32 31 60 13 29  1 27 10  - 59 42  - 16  6 23 49 26 14  4 25  7  -  -  -  - 45  - 11 38 53 20 18 39 12  -  2 54 40 28 33 55 56 51  - 52 30 22 48  5  9  3 50 34 15 41 37
  - 19 16  - 24 60 42 30  -  -  - 43 18  - 51  - 56 45 59 22 53  3 23  -  5 35 36 37 50 52 25 48 55 47  - 32 44 13 41  4  8 27 12  - 31  - 29 57 33 49  - 17 20  6 26  7 28  - 11 39
 23 15 53  - 47 37  5 11 56 13 10 32 16  - 40 58 12  - 54 44 17 59 35  - 50  -  -  -  9 27 39  - 34 55 28 29  - 33 43  3 45 25 52  - 41  - 21  -  -  -  7  6 51 48  4 49  - 18 38 26
 18 58 23 50 16  - 13  - 46  - 55 35 57  - 49 17 42 51  9 52 60  - 21 37  6 11  - 36 27 40 33 15 12  - 10  1  4  - 34 53 22 54  - 44 56 32  - 48  8  5 24  -  - 30 47 26 45 28 19  -
 10 14 45 22 39  3  9 25 55 41  - 27 50 43  -  - 59 15 40 26 34  - 57 11 51 21 44 12 24  8 18 32  5  -  - 46  - 58  - 36 17  6 13  - 60  - 31 49 35 52 20 28  -  - 37  2  4 56  - 29
  -  8 37 44 52  - 14 33 40  - 26 45 28 54 47 49  3 36 57 27  6  -  -  4  -  - 18 58 12  7 20  5  - 29 16  -  - 56  -  - 30 11  -  9 48 46  -  - 39 34  - 23  - 25 51 21  - 13 53 19
 26 48 57 46 25 58  - 53  5 50 41  4 44  - 16 52 28 38  -  3 55  9 31 42 33 39 51 30 56 59 40 37 14 21  -  - 23  1  - 10 12 34 60 20 22 19  - 17 15  7 47 35  -  - 18 54 11 32 36 27
 28  5 34  - 27  4 16 51  2 30  - 33  -  - 57 44 19 12 22 18 45 36 14 32 42 41  1 26 40 24 50  - 49 38 23  -  9 54 31 20 11 17  7  - 10 59 46 13  -  - 37 43 47 39  - 60  -  -  - 53
 31  2  8 11 51 41 17 22 57 36  - 39 13 44 56 46  - 24 10 23  - 43 58 29 12  -  - 45  -  - 53  -  4 35 25 59 26 60  -  -  1  9 18 19 32 55 54  - 16 21  5  -  - 50  - 33  -  - 49 40
 39  9  1 45 19 40 41 14 17  5 49 59 33 57 25  3 32 43 27 10  - 18  - 53 60  7  - 56 42 55  - 52  - 28 12 23 50  - 51 30 58 38  -  - 44  4 34 15 22  - 29 26 46 36 54  6 13  8 20 21
 20  4 42 58 57 55 32  - 33  -  8 48  2  -  - 45 43 56 35 37 30  - 54  -  3 27  6  - 17  -  - 59 19  1 47 36 11  - 14 23 10 44 38 21 53  5  7 12 29  -  - 60 18 34 15 46 22 24  - 41
  - 25 44  1  5  - 36 20 28 58  7 54 60 32 33 53 45 52 18 47 29 55 48 12 27 19 56 31 35 43  2 26 13 34 11  -  8 15 40  - 37 10  -  -  6 16 22 39 50 57  -  9 14  - 30 51 23 17 42  3
 50 28 13 19 21 33 18  1  - 31  -  - 29 35 10 26 22  2 16  9 25 45 46 52 53 14 37  7 11 51  -  - 57  -  - 43 55 24 32  -  6  - 40 42 38 17 39  4  - 41 56 59  -  - 23 30  -  -  -  -
 25  1 60  - 50 47 49 21  3 38 54 26 31 51 14 30 34  9 33 59  4 35 11 28 13 23  - 48 18 29  8 12 15  - 53 39 45 46 22 27  - 42 20 58 37  7  -  -  -  2 10 32 44 16 43 52 19 36 24 17
  - 36 11  3  - 51 43  - 39  - 37  2 42 33 17 31 57  7 25 12 35 56  - 16 52 46 19 49 60 54 41  - 48 14 13 53 21  8 27 22 23 55  6 28  - 29 44 45 59  - 38  - 24  - 10 34 20 26 58  9
  - 56 32 12  - 17  -  - 48  -  3 16 40  - 44 33 58 25 13 45  -  -  9 57 19 26 49 47 10 36 23 41 37 51  - 52  -  -  6  5 59  1 21 53 34 35 11  -  7 43  - 27 50 20 38  4  - 29  - 54
  - 26  - 24 13 56 28 10 22 19 23 37 59 48 18  -  - 35 47 60 58 20 42  -  -  6 52 32  8 31  5 39 53 30  - 51 16 34 44 17 27 14  3 43 25 15  4 11  9 54 40  - 49 38 36  -  - 55  - 46
  - 41 35 42 33  -  - 39 49 10 22 29 46  3 21 18 55 31 43 32 27 24 60 30  9 25 28 19  -  - 48 38  -  - 54 37  6  - 45  8  5 36  -  2 50 52 15 58 51  - 34 56  - 26 14 53 47 57 40  1
 33 23 47 51 44  -  - 56 15 48  -  -  7 34  -  - 25 59  -  6 42 30  - 17  4 12  -  -  -  - 58  9 26  - 49 40 41  -  - 24 60  - 11 10  - 36  8 46 13 32  -  - 53 29 16  -  1 27 21 35
 24 17  2 35  - 34 54 16 51 32 59 53  8  9 37 42 30 49  6 19  - 27 12  - 31 15 33  -  - 13  7 36 60 41 21 56 28  -  - 43 57 39 50 55 47  -  -  - 44  3  - 45 38 10 25 29 58  5  - 48
 36 45 28 13 58 43 11  - 16 24 25  - 19 29 20 35  9 46  - 53  3 38  -  -  - 10 17 55 57 15  6  1 30 49 40 47  2 37  7 51 48 21  -  -  - 60 59 23 32 56  8  4 39 27 44 18 31 42 34 52
 52  - 12  - 48  -  - 43  -  -  6 21 47  - 32 60  -  - 17 39 28 29 59  2 26  -  7 27 58  4 45 49 31 46  - 55 22  - 56 14 19 16 34  5 15 57  - 37 20 50  - 38 36  - 42 10 33 41  8 24
 15  3 31 57  - 20 12 38 50 27 18  - 26  - 22  1  - 21 53 35  - 42 28  7 23 30 24 29 43  5 16  2  9 37 59  -  - 49  4  - 32 13 36  - 33 51 56  8 19 17 48 11 52 58  - 14 60 44 10 45
  - 33  - 18  - 28 27 44 24  - 11 34  4 46  3 38 20 17  - 31 50  -  8 56 21 45 54  - 15 23  - 29 32 13  5 30  - 16 47 39  2  - 48 49 35 40  1 43 37 25  9  - 58 53  7 22 14  - 26 51
 48 44  -  5 35 26 40  - 10  - 51 60  6 20 34 16  2  1 21  - 54  - 37 46 58  - 23 18  - 30 29 17 39 25  - 19 13  - 53 50 43 22 27 14 24 41  - 38 42 59 28 15  3 33 31 36 32 47 55 56
  - 10 14 36  - 11 58 52  - 16 32  6 27 31  - 25  - 53  3 21 43  4 20 35 17 13 34  - 30 18 51 50 59 57 26 48  - 38  9 41 15 60  - 47 39  - 33 24 28 42  -  - 40  7 22  5  2 37 56 55
 44 12 51  -  - 21 53  7 20 39 48 13  -  - 15 43 27 50 36 58 37  - 19 10 40  - 31  - 38  3 35 18  - 17  4 54 29 28 49  - 34 26  - 22 42 24  - 59 45  - 55  5  -  2  6 23  - 60 57  8
  9 31  5  - 23  -  -  4 45 40 43 15 35 27 38 39 60 47 48  - 36  2  -  - 59 28 53 10  3 21 49 55  - 16 58 17  7 41 54  - 51 20 42 52  - 30 12 32 14 44 50  - 13 56  8 57 37  1 22  -
 17 20  -  - 54  -  - 35  -  - 19  -  5 16 48 37 11  - 51 28 40 25  - 26  1 59  4 41 36 32  - 27 21  2 14 58 57 18 30  7 53 29 10 13 52 33 38  - 60 39  3  -  -  - 45 24 50  6 15  -
 12 55 38  - 60 30  8 54  6 22 39  - 23 42 52 11 41 28 37 17 21  5  - 49 45 57 48 25 13  2  - 10 47  9  7 26 43 59 33 35 36  -  -  1 46 34  - 50 24  4 27 31 15 32  - 58 53 51 18  -
 16  - 41 37 28 36  1 27 23  - 60 58 22 45 11 34 13  4 46 51 47  7 17 21 20 31  -  5 48 57 56  -  - 52 29 33 24 44 26 25  -  -  9 15  -  - 10 54 55 53 19 14 30  8  2 12 18 59 32 38
  - 47 46  - 41 52 56  8  - 21  - 24 39 11 30 36 29 26 55 20  - 17 16 13 37 38 40  - 51 34 59 53 45 58 48 22  - 10  - 44 18  -  -  -  9  2  3  7  4  6 33  - 60 12  - 15  - 54 31 57
 46 49  - 14 12  - 29 18 25 55 44 19 41 58 39 27  - 20  -  1 15 34  7  3  8 33  - 59 37 53 43 45  - 48 52 10  -  2 42 31  4  - 22 17 57 47 36 60 23  -  - 40 21 24 28 56 26 50  5 13
 42 52  - 60  -  2 21 15  - 57  9 18  - 24 58  8  - 14 44  - 13 32 10 43 46 55  - 22  6 25 31 20 41  7  1 45  - 19 59 47  - 12  5 27  4  3 26  - 48 35 11  - 34 23  - 38 39 49 28  -
