2880
 33 10  - 45 26 14 32 23 60  4 56 27 25  1 13 42  -  -  3 24  7 15 59  6 31 38 58 52 21 53 48 29  -  - 43  - 40 35 57 50 30 39  -  - 22 17 55  - 37  5 47 20 44  2 34  -  - 11 49 41
 30 23  6 25 59  - 54 47  - 43 18  2 58 19 31 51 53  - 26 42 10 41 34 15 13 49  - 39  9  - 16 33 37 38 44 20  -  - 17  - 29  5 52 14  8 28  1  - 21 24  - 56 35  3 57 11 60 48 32  -
 57 18  -  -  - 43 13 29 33  2  - 44 47 46 17  - 59 32 20 26  1 45 16 27 25  8 55 14 19 30 24  - 54  4  7 22 11 53 42 10 35 51 39  9 21 48  - 56  6  - 23  3 52 28 36  - 37 41 50  5
  7  6 38  - 53  - 26 55 30 48  - 32 39 42 51  4 56 25  - 47 13  5 57 46  - 14 60  -  - 10 52 31 36  - 45  -  -  9 59  - 19 17 41 23  -  - 50 40 49  - 11 22  2 21 35 34 43 44 12 28
 46 51 14 16  9 31  - 49 25 56 28  4 20 39 38 22  8 13 42 58  6 19 33  1 48 57 17  - 53 54 26 27 11 29  -  -  5 45 43 55  -  7 60 47 32 36 35 18 24 59 37 12 23 40  3 41 52  - 15 44
 13  7 51 28 48 17 35 60 37 32  -  - 26  - 25 19 55 52  -  9 30 57 50  - 58 40  - 59 54 46  6 21  - 22  5  - 38 39  3  -  -  -  4  2  1  - 47 27 31 34 16 53 33 43  - 18 44  - 20 42
 26 22 52 35 21  - 10  1 31  9  8 29  - 43  - 23 44 49 17 13  - 60 41  - 56 32 14 55 39 15 36  - 53 28 33 30 34 59 11  -  -  6  2  - 27 40  5  - 50 46 48 19 24 37 20 51  - 12  - 18
 37 55  - 44  - 15 14  - 40 22 42 25 57  4  - 43 35  3  - 21 48 20 27  -  - 23 36 60 18  7  2 54  - 17 46 28 50  - 24  8 59  - 58 34  - 33  -  - 39 12  5  -  - 51 11  9 56 29 31 47
 22  3  - 43 12 36 21 10 15 35 50 16 23  - 58 45  -  -  -  6 40  -  2  - 11 34 52 51 28  - 42 41 25 37 31 46 47 49  1 39 17 27  8  4  7  - 24 59 48 33 20 30  - 26 44 14 18 13  - 54
 54  8 20 12  4 27  - 17 51  - 55 26 48 44 40 58  - 60 22 25 15  2 35 23  - 59  - 36  5  3  - 16 28  -  - 52 14 24 49 19 13 10 50  - 43  9 46  7 57 45 21 33  - 18 31  - 38 56 37 29
 32 17  -  - 43 47  6  5  -  -  - 21  - 15 37  8 20  -  - 41 14 35  -  - 49 11 23 31  1 55 10 45 58  - 30  - 29 52  9 16  - 54 28  -  2  3 60  - 26 39  4 50 42 22  7  - 53 27 46 13
 40  - 47 23  - 19 55  -  - 15 51 48  3 49  - 41  6 11 44 57  - 29  - 35  -  - 13  5 45 22 17 46 21  - 27 37  - 50 34  - 10  - 14 25 18  8 31 33  - 16 58  -  4 36 26 20 54  - 38  1
 25  -  9  - 24 48  - 43  - 60 15 11  5  - 52 56  -  - 28 33 50 36  3 29 41 10 12 19 55 59  4  1  - 44 51  7  - 46  - 21 49  - 17 58 40  2  6 14 45  - 30  -  - 32 39  8 47 37 53 23
  - 33 50 15  -  7 60  -  1 37  9  3 53 57 48  - 26 38 34  4 42 11  6 43  2 54  - 17 35 20  8 13 47 51 32 18 52 25 28 45 40 41 44 29 46 59 49 30 12 23 56 16 31 58 14 19 21 39 55 27
 38 47  7  5 32 55 46  8  - 44  - 52 29 16  2 53  -  - 11  - 12  - 39  4  - 58  - 22  - 21 25 40 10 30 15 59  - 43  - 28 41 35 54  3 17 56  - 13 23 60 14  - 19  - 37  - 27  6  9  -
 16 50  3 46 13 23 27 42  - 45 17 60 32  -  6 52 24 26  - 15 31 59 12 54 35 41 33 34  - 29 28  - 30  5 11 21  - 38  7  -  - 19 37 56 55  - 48 49 51  - 25 14 53 20  - 40  2 18  1  4
 23 16  - 27 44 60 45 37 19 11 43 30 49 59  5 18  -  -  8  -  -  - 13 40  6 35 26  4 46  - 38 56 12 21 17 58 20 33  2 54  7 28 15 42  -  -  - 52  - 53 29  - 41  -  -  - 32 50  -  3
 52 53 28 18 16 24 12 57 14  - 19 42  1 31  - 33  3 43 40 11 51 21 60 22 26  - 32 37 27  -  - 36  2 34 50  - 25  5 45 30 23  8  - 59 15  - 29  9  7 48 41 49 54 13  - 17 35 38  4 10
 31 39  1 56  - 12 57 11 58  - 47  5 34 17 35 26 52  8  - 59  9 51 43 48 54  2 28  -  - 23 37 22  3 36  4 19 13  6 18 41 45 50 29 40  - 53 20 21 27 42 60  - 16 10 46 55 33 30  7 25
 51  - 19 31  5 21 15 16  3  8 53  - 60  9 50  - 12 59 48 18 54 44  1  - 46 43  - 56 33 40 20 47 14  6 38 41 23 36 35 37 42 22 25  -  - 24  -  2  - 49  - 13  -  - 30  - 10 34  - 17
 50 54 53  - 17 38 40 22 36 27  1 18 42  -  -  - 47  -  - 12  -  - 52 34 20 13 31  - 25 45 43  8 44 46 26 57  - 23  -  - 32  -  - 30 10 35 14  - 56  - 39 29  -  6  4  5 11  - 24 19
 19  - 17 48 39  6  -  2 41  7 27 14  - 13  8 21 54  -  - 37 25 42  - 32  5 30  - 57 58 50 40 26  - 33  - 23  - 16 46  - 22  -  - 44  3  -  -  1  - 31  - 55 28 60 59 56 45  - 47 53
  -  4  -  1 18 42 52 25 54 49  6 40 21  8 29 24  - 48 57 20 35  3 14 37 12 53 27 11 13  2 32 17 23  - 47 39 22  7 44  - 43  9  5  - 50 51 45 38  -  - 19 58 46 30 15 59  -  -  -  -
  -  5 16  7 37  8 53 54 43 55 31  9 11 20 27 17 10  4 33 50 49  - 30 56  - 46 44 58  - 51  -  - 34  - 35 45  2 28 39  3 52 18 57 13 38 41 21 26 36 32  -  - 47 15 60 29  1 42 25 40
  - 20 46  2  -  5 24 14 38 13 33  8 27  -  - 47  - 22 45  -  -  - 21 58 42 60 16  6  - 39  3  -  - 15 57 25  -  - 54 32 36 48 19  - 30 29  - 10 44 37  - 52 18 31 50  1  - 53 28 59
  3 12 36 39 60 51 20 31  -  -  - 54 45 33 53  9  -  -  2 22 26  - 48 14 29 47  8  7 32 52 19 43 24 27 28  -  4 11  -  1 15 34 49 46  - 55 42 35 18  - 59 17 58 56 23 50  - 25 10  -
 44 29 24  6 45 59 17 51  - 41 32 35 33  - 23 57 60 18 27 40  - 54 49  -  4  - 38 30 42 31  -  2  7  9  - 48 53 12  - 26  5 15  - 22  -  -  3 37 14 20 43 25  8  - 28 10 55 58  - 39
  2 31  5 59 28  - 43 56 35 26 23 58 16  - 44 14 36 42 29  - 52 13 19 18 37 27 48 40 12 47 33 53 20 50 49 38 55  3 22 17 39  - 45  7 34 11  -  - 46  9 24  6 15  8 21 32  4  1  - 60
 55 32 11  - 29 35 51 18 27 57 39 38  - 47 24  - 46 10 21  7 43  8  - 19 22 20  - 13  - 42 30 52 50  - 58 54  3  4 26 34 25  - 23 37  -  5  2 36  9 17  - 60 48 49 16 53 59 14 33 12
 36 41  - 50 23 25  - 35 44 42  7 22 43 37 10 13 32  - 58  - 47 12 54 28 55 18  -  2 57  8  -  3 56 49 24 31  - 48 30  - 60 14 59 21 11  4 27 20  -  6 17  9  5 38 45 52  - 19  - 33
  1 25 30  -  8 32  -  - 22  - 26  - 35 45 55 49  - 20 38 46 36 50 42 13 59 51 37 33  - 16  - 24  - 14  - 17  6  - 15  -  2 12  3 19 58  - 52  - 40  7  - 44 43 48 53  4 23  -  - 56
  - 43 56 17 31 13 49  6 29 51 46 37 59  3 28 60 15 34  7 35 33 38 18 11 10  - 20 50 22 26 54 44 52 23 41  8 58 57 53 48  4 16 40 32 12 42 30 25 55 36 27  5  1 24  9 21 14 47  2 45
  9  - 37  4 30 28  8 34 18  -  - 56 24  2 42  - 45 31 19 27 20 22 47 50 38  - 40 10  - 44  7 23  - 55  - 29 48 15 25 13 26 59  6 52 54 39 17  - 35 11 53 36 32 16  5 49 51 60  - 43
 10  -  - 36  -  1  - 53 23  - 45  -  6  - 19  - 37 21 39 17 16 30 29 47  - 15 18 44  - 56 27  9  8  7  -  - 28 13 52  - 14 25 11 55 49 60  4 34 43  3 32 24  - 41 33  - 31  - 26 58
 59 44 27 51 19  9  - 20  -  - 24 15 31 29 45  -  -  7 16 28 18 47 22  3  8  4 46 26 43  1 53  - 32 48 60  - 30 55  -  - 37 40 13 33  6 50 23  5 17 52 34 10  -  - 42  - 58 36 14  -
 18 56 23  -  2  - 25 58 46 28 57 13 41  -  - 55 42 45 54 48  3  7  8 10 34  5 43 47  -  9  - 35  - 60 39 11 12  - 36  - 50 20 53 24  - 52 59  6 19 26 44 21 29  1 49 27 15 17 16 22
 27 59  -  -  -  4  7 30 53 34  2 45 10 50  1  5 40  - 55  3 57 58 38 16  - 52 22 43  - 17 21 25  -  - 12  -  - 41 32 20  8  - 33 31  - 54 18 51 29 28 42 23 37 46 56  6 48 24  - 15
 53 19 35 13 10 11 16 48 57 33 54  7 22 24 21 50 17 28  -  1 59 18  -  9  3 55  - 15 52  5  - 58 41 32 56 26 49 20 40 25  6 42 31  8 51 44 39 60 30  - 38  4  - 23  2 47 34 46  - 37
 41 40 33  -  3 29  -  -  - 53 37 28 17  5 47 15  1 54 43  2 24 16 25 30  7 31  - 18 23  4 59 38 55 35  9  - 46  - 14 51 11 13 26 10 60 32 36  - 42 22 57 27 49 12 52 58 39 20 19 34
  4  9 39 24 40 50  5  3 21 20 29 23 13 28 36 25 49  - 14  8 44 31  7 57 30  6 54  - 51 32 60  - 48  2 53 10  - 58 55  - 56 33  - 45 16 34 15 43 11 19 18 46  - 35 38 42 41  - 22 26
  -  - 44  3 54  -  - 46  - 36 11  -  7 23 18 27 38 58 32  -  4 33 37  - 16 17  6 24 49 48 39 10 60  -  -  -  -  - 41  9  - 21 34 50 59  - 22 53  5 15  1  -  - 19 25 45 29 40 35  -
 42  - 45  - 46 20 28 41 55 31 12 36  2 22 14 40 21  1  -  - 58 34 51 39 44 26 11  - 15 57  - 48 49 52 54  3  - 29 37  5 53  -  9 18 25 47  - 32 13  -  7  - 56 27 17 60 24  4  6  -
 49 57 59  - 41 52 58 32 10 30 44 31  - 26 11 16  - 35 50 39 38  6 53  - 23 12  -  -  -  - 22 18 27  3  1  - 17  -  5 42 55 24  - 43 29 25  -  8 33  4 51 37  7 45 13 15 40 54 48 36
 60  -  4 21  - 39 29 40  5  1  -  6 56 32  - 59  - 30 15 45 23  - 46  - 47  3  - 25 14  - 57  7 26  -  2  - 44  - 13 24 12 58  - 16 48 31 19 22 41 55 52 35 50 11 54 28 17  - 18 20
 43 15  - 26  - 33  -  7  2 39 48  - 52 55  -  -  5 14 51 53 29 27 28 41 60  9  3  - 16 37 11  -  6 59 23 13  1 40  - 31 18 46 24 20 57 45  -  - 10  - 50 34 30  4  8 38  -  -  -  -
  8 60 55 53 58 44 59 15 32 40  4 19  - 30 33 37 50 46 24 49 17 56  5  2 57 45  - 23  6  -  - 20 42 26 52  - 27 51 10 22 54  3  -  -  -  - 13 29 16 41 35 18 25  9 12 36  - 43 34  -
 28 49 32 34  7 10 50 24 42 38  3 43 19  6 57  - 23  2 31 16 27  - 44  - 15 37  9 45  4 18  5 59 22 58 25  -  - 60 20 11 21 56 48 35  - 14  - 39 53 30 33 41 40 47 29 13 46 55 17  8
 11 21 54 22  1  3 19 52  6 12 25  - 50  - 59 34 18 16  4 60  5 55 24 31 45  -  7 28 56 43 41 30 17 40 29  -  -  - 48  - 47 26  - 27 23 20 44 46 38 51 36 15 13 39 58  - 49  -  8  -
 58  -  - 41  - 26 56 38  -  3 13 46 37 48  - 35  -  6 18 54  -  9 23 33 39  7  2 12  - 24 44  - 59 11 42 27 45  -  -  -  - 43 36 15  - 19  -  - 47  8 31 28 60  -  1 22  5 32  -  -
  -  - 49 11 57  - 18 59 48  6 60 51 40 52 34  2 33 24 37 14 53 46 31 17 21 29  4 54 38 41  -  5 35 25 55 43  -  - 27 23  1  - 22  - 56 30  7 16  - 47 28  8 20 44 19 26 42  -  3  -
 24 34  - 20 14 57  9  - 52 19 41 49 55 36 54 30 58 56 23  - 37 10  4  - 28 22  5 46 11  - 15  - 18 39 48 32  - 17 29  6  3  - 12  1  -  7  8  - 59  2 40  - 27 53  - 16  - 35  - 21
  - 58 18  - 11  -  4  - 56 23 10 53 51 27 15 48  7  - 25 32 22 43  - 38  - 16 59 29  - 28 55 50  5 24 19 14 41 37 21 46 44 49 35 60 20  6 12  - 54  1 13 39 34 17 47  3  8  -  - 57
 17 45 42  - 27 46 37 12 34  - 40 47  - 41 22  3 30 55  -  -  8  -  9 26 51 28  -  -  7 35  -  6 15 56 36  - 32 19 23 58 48 60 21 39 14 10  - 24 20  -  2 31 57 50 18  - 13  - 44 38
 47  - 43 55 52  - 33 50 59  - 38 24 30 56 26 28 25 41 53 31 39 14  - 20 19  - 57 16 40 12 58 60  4 42 13  9 10 21  8  7 51 32 27  -  -  - 37 11  3  -  - 54  6 34 48 35 22 45  5  2
 21 48 15 38 20  -  -  - 26 25 59 57 36 60 39 46 43 17 30 34 56 28 55 45  9  1 35 32  8 27 50 12 29 53 16 49 31 47  - 44  - 52  -  6  - 13 41 58  2 18 10  - 14  5  -  -  7  3 54 24
 29  - 48 42  -  - 44 19 28 52 35 33 18 38 41 11 13 15  5 43 21 53  - 49 50 56 47  -  2 60  1 32 39  - 14  - 51 54  4 36 46 23 30 12 45 22 58  - 34 57  9  - 26 55  -  - 20  8  -  -
 20 36  2 30 42 34 11 21  - 10 22  - 38 14 46 29 27  9 13 44 41  - 26 24 53 48  -  - 50 58  - 28  1 31  - 56 54  -  - 60 57  - 18  5 35 37 16 23 32 40 12  7 55 33 51  - 19 49 43 52
 15 35 40 14  -  -  3 27  - 50  5  - 44 12  9 20 48 19  6 55  -  4 11  - 36 21 30 49  - 13 29 42 46  - 22  - 56  - 58 59 31  - 38 57 52 43 53 17 28 25  8 47 10 54  - 23 16 26 39 32
 34 28 41 57 51 49  2 33 12 24  -  1  8 58 60  6  - 23 46  -  - 25 10  - 18 36 39 48 29 11 35  -  - 47 37  - 15 42 56 53 16 44  - 17 13  - 43 50 22 14  -  -  - 59 27 54  -  9 52 31
 48  2 10 37  - 53  - 45  9 59 52 50 46 34 12 39 11 29 47  - 19 26 58  - 17 25 51 20 30 49 13 57  - 54 40  - 21 44  -  4 27  - 16  - 42 18 38 41  8 35 15  -  3  7 32 24  - 22 23 14
