2880
  9  -  6 21 13 34  - 55  - 10  - 60 39  - 33  - 18 17 23 24  -  - 32  - 50  - 35  - 30 41 42  - 48 46 19 52 31 26  8 15  4  - 12 11 56 22 44  - 58 54 59 38  - 53  - 20 40  -  -  -
  -  3 17 43 36 45  2 14  7 49 21 57 23 20  8 31 48  -  6 51 55  -  - 12  - 60  5  - 42  - 22 50 54 25  1  9 30 38 16 58 10 13 46 24 33 18 39 15  - 59 19 35  - 26 52 53  4 37 44 40
 46 38 14  - 10 52 37  -  2  1 28 30 41  - 12 45  - 20  - 43 17 19  -  9 35  -  4 16  5 26  - 21 18 31 47  - 11 56  - 44 23 39 32 51 15 50 60 40 33 58  - 27  - 59 42 22 36 34  -  8
 18 59  - 57 22 55  - 39  -  - 23 21 48 54 58 40 44 13 15 31 41  7 17  -  - 43 42 56 47  - 14  8 50  - 49 29  -  - 60 20 25 38 45 53 36 26 34 32  - 16  4  -  2 24  5  9  -  - 19 37
 17  - 15  5 23 50 47 42 38 14 48 16 24 45 52 60 33 19 54 53 13 46  3 41 43  1 51 27 57  - 44 25 10 26  -  -  -  4 30  - 32  -  -  -  7  - 55 56  - 22 35 58  6 12 59 31  - 18 34 11
 34 41 19 32 38  - 10  4 14 40 29 12 43  - 25  8 53  - 57 16 48 49 36  3 27 26 30 33 52  - 45 22 13 44 24 56 15 35 11 31  7 50  - 55 20 59 46 18 17 60 21 28  1  2 51 54  6 58  - 23
  3 22  - 31  - 17  - 40 36  2 16  - 21  - 34  - 26  - 32 23 15  - 29  -  -  - 58 13 41 49 33  -  - 57  9  5  - 46 44 55 56  - 27 42 59 19  7  - 25 20 47  -  -  1 35 48  -  4  - 10
 27 50  - 19  -  -  -  8  - 56  - 37  7 51  -  - 55  - 47  - 33 22 54  - 38 25 36  -  - 60 39  -  6 48 14 31 40 21  -  3  - 53 43 23 58 52 29  4 11 10 13  -  5 46 18  - 45 49 57  9
 21 23  - 47 43 36  -  1 24  7  2 38 49 52  -  - 25 54 29 56 51 12 35 31 18 11  9 17 58 30  -  - 22  - 37  - 39  8 40 28 59 41 20 27 26 53  - 10  -  - 44 34 45  3 46 55 32 60  4  -
 11  5 60 39 20 49 56 24  - 23 45 46  9 36 30 22  -  - 58 40 31 37  - 18 29 41 34 32 17 10 52  3 28 59 33 53 12 55 35 43 44  6 50 57  8  7  - 54 15 26  - 13 14  4  - 51 47 48 21 38
 24 58  4 60 16 30 15 48 23 12  5 31  -  - 51  - 59 18 44  -  8 38 22  - 54 10 37  - 29  - 50 27 32  - 46 26 25 13  - 40  -  1 57  -  - 49 42 55  9  6  2  -  - 43  - 52 14 17 56 33
  1 43 53 23 46 57 38 13  -  -  -  - 44  - 60 54 42 14 37 28  4 55 26 36 30 12 18 11 20  - 40 49 27  2 16  3 59  9 15  6 47  5 29 56 22  - 21  - 50 19 24 39 32 25 45 58 33 10 17  -
 42  - 45 26 33  -  - 44 32 39  -  -  - 60 54 30 10 16 40  - 12 14  1  8 41 23 17  - 34 31 56  -  - 11  5  -  -  3 55 13 35 49 58  -  4 29 25  -  7  - 43 57 15  6  - 21 51  2 20 27
 44  1 25 55 49  6 22 35 12 28 13  -  - 31 42  7 45 23 16 37  - 56 38 11 59 33  8 46 60 57  - 40  3 24  -  - 26 41  9 17 58 32  5  2 14 54 36  - 47  - 20 15  - 39  - 34  - 52  - 51
  8 31  -  -  6  - 25  - 47  - 27 48 17 38 22 39 35 50 41 14 21  9 45 60  - 56 46 55 28  -  -  4 12  7 36  - 10 34 20  2 29 42  - 19  5 57 49 44 37  -  -  - 33 23 11 40 59 13 16 58
 57 20 38 18 19 47 53 51 52  - 33 59 60  3  - 48  2 12 26  9 22 17 25 14  - 40 27  - 16  - 46 58 31  -  - 34 37 44  5 56 43 24  6 13 11  1 23 36 30  4 10  - 55 49 21  - 41  - 39 45
 26 39 49 33  - 60 34 31 18 46  3 41 35 27 28 52 40  - 55  - 58 21 30  -  - 24 13 15 54 23  5 11 37  -  - 20 44 59 51  1  - 48 25 10 38  8 45 29 19  -  - 17 42  9  - 36 43 50  2 47
 35 15 18 30  1 19  3 43  - 59  9  - 36 23 21  - 17  - 38 58 47 24 12 34 55 20 57  8  -  - 10  6 52 28  2 51 41 32 48 11 27  - 39 45 31 25 37 33 60 29 42 16 13  5 22  -  -  -  - 26
  -  8 59  - 52 40  - 29 27 24 49 25  3  4 36  -  - 58  - 13 10 32 51 37  - 21 31 60  - 46  -  -  - 18 42  - 22 17  1  9 20 16 55 47  6  -  - 45 12 30 50 54  - 44 33  - 57 19 11  -
  5 42 20 15  - 29  -  - 55  - 10 39 31  - 19 46 12  9  -  -  - 50  - 16 45 35  -  -  - 37  - 32 58 36 17 40  7 60 56  8  -  - 21  - 34  6 38 13  -  1 25  - 27  -  - 43 18 33  3  -
 53 40  1  6  - 46 27 56 20 26  - 28 34  - 47 23 24 29 31  -  7 35 57 43 36  9 60  - 48 59  8 45 21  3 11 44  - 52 38 42 41  - 33 25 16 32 51  - 13  2 15 49 39  -  4  - 17  5  - 19
 55 14 27 11 60 21  -  - 57 54 46  -  - 47 38 18  -  8 43 29  9 59 37 15  3 19 41 44  6  - 30 33 49 23  - 10  -  2  - 52 40 34 26 48 39  5  -  7  4 17 58 56 20 32 24  1 31 42 51 35
 13 17 50 54  - 56  9  - 35 22 14  -  4 33 37 51  3 52  2 42  -  5 43  - 57 55 11  -  7 58 60  - 44 38  - 16 20 31 59 41 53 40 34 15 48 27  - 39  - 32 23  1 25 21 49 26 28 47 45 46
 12 57 13  - 44  -  - 34  1 47  - 32 54 48 41 10 49  -  5 27  - 58 20 19  9  4 22  2 11 36  -  -  8  6 15 42 24 50 29 18 28 25 40 37 17 35 33 26 59 51 45 55 31  7 56 23 60 21 14 39
 48  -  - 50 11  2  - 15  - 41  - 29 55 58  5 34 21  - 19 57 49  6 56 54 16 52 32 22 43  1  - 60 17 20 23 25 35 40  - 47 46 31 28  - 13  -  -  8  - 33 39 10  7 42 26  3  -  - 27 36
  - 30 40 35  - 59  - 47 51 20 53 24  5 46 16 27 54 25 52  2 36  - 48 38  - 50  - 31 14 22  4  - 19 39  -  7 32 18 10 26  3  - 17  -  - 56 11 34  8 55 33 42 57 58 12 49  - 15 43 41
 49 34 46  -  2 13 36 18 43 27 35  5  - 56  1 15  - 55  4 17  6 52 21 30 58 54  - 25 12 45 11 28 47 32  - 60  -  - 31 19 51  -  -  7  9  -  3 57  - 24 37 50  -  -  - 33 48  - 53 59
  - 16 10 56 53 23 24 57 37  - 19 34 11 43 31 32  1  5 30 39 38 18  6 52 20 28 33 47 27 51 21 46 45  8  3 22  - 15  7  4 42 36 59 17 60 40 54 50 48 41  - 26 35 55 58 13  2 12  9 49
 47 52  2  4 31 10 41 58 59  -  -  - 46  1 49 37  - 34  -  7 50 57  - 35 60  - 26 20 55 21 16 17 11  - 13 45  -  6 43 53 36 19  8 44 42 28  5  - 40 27  -  - 22 33 15 56 25 39 29 54
 10 49 11 52 54 41 39 36  -  3 44 42 58  -  - 59  9 40 24 48  5 29  - 56  8  - 25  7  - 33 23 37  4 17  - 35 45  -  - 22  6 15 18 28  - 20  - 21 16  - 30 14  - 57 27 32  - 38  - 60
 59  - 44 10 34 37 57 52 21 18 32 50 40 41  2 20  -  1  7 54 19 39 16  - 24 27 12 43 33 56  9 53 60  4 25 58 49  -  - 51 17 11 23  -  -  3  6 35  -  5 38  8 48 28 55 45 15 26 31 29
  -  7 26  - 55  - 21 23 13 57 22  6  - 34  4 25 58 32 60  - 40 15  8  - 14 49 48  - 37 18 31 43 56 29 52 50 19 42 36  - 38  - 53  1 30  - 17  2  -  9 27 20 10 45 39 41  3 11  - 16
  - 12 51  9 27  -  - 20  -  -  - 58 53 26 17  4 52 56 34  - 28  - 49  5 22 29  - 59 38  -  2  7  - 55 54 47  6 25 18 32 30 33 42 36 24 10  - 19 43  - 31  -  8  - 13 57 46 23 48 15
  -  - 35  - 26 28  - 45  - 11 15  4  - 17  - 55 19 21  9 52 34 23  - 53 37  -  6  -  - 27 32 20  - 10 58 13 38  - 25  5  2 30 60  3 54 43 41 16  - 31 46 18 44 40 57 59 56  -  8 24
  - 37 23 44 35 58  - 19 46 38 47  - 13 24 43  9 56 33  - 50 30 26 10 29 11 32 53  -  2  4  6 36 14  5 45 17 27 20 39  -  8  3  7 40 57 42 18 49 41 34 22 25 59 31  1  - 21 16 55 48
 43  -  - 17 15 35 28 53 22 55  - 26 52 42 46 24 20  2  - 60 23 48  - 49 12 59  -  6  1 54 36 39 57 13  8 30  4 58 32 33  - 27 51 14  - 45 47 11  3 44 34  5 16  -  7 10 37 40 38 25
 36 26 34  - 59 38 58  5  9 16 54  1 22  - 24  6 57 60 48  - 56 43  - 50  2 17 20 51 23 28  7 29 42 15 10 32 55 12  - 45 11  8  4 21 44 47  -  3 31  -  - 46 40 37 30  - 19 25 33 18
 29 35 32 53 40  - 17  - 25  9 52 14 20  - 56 33  - 59  - 41 57  2 15  - 49 18 43 21 50  - 48 42 26 12  - 23  3  - 47 36 45 46 44  8 37 51  - 30  1 11 16 22  - 38  -  5 34 31  7  -
  -  4  - 42 39 53  7 32 58 34 60 56  - 11 13 50  - 31 20 22 43 28 41 44 23  -  2 49 10  -  - 47  - 27 18 24  8 54 33 46  9 17  1  - 25 21 48  5 35 38  -  - 29  - 37 14  -  - 59  3
 56 25 21  3 48 31 20 16 17 53 36  - 30  - 26  -  -  7 28 55 29 40 52  -  -  6 14 41 59  - 58 23  - 37 43 49 33 57  - 38  - 22 11  - 47  4  1 42 45 15 54 24 12 13  8  - 50 27  - 44
  4 53  7  - 29 14 13 49 16 33 55 27 18 39 23 17 41  -  8  - 52 42 28  1 15 48  -  - 21  -  -  -  - 40 60  6 56  5  - 30  -  - 24 58 51 37  9 25 26 12 36 47 54 50 44  2 35 20 22 43
 23  - 29 48 18 51 54 50 33 42  6 15 47 25  - 26 60  - 45  8  - 30 34  -  -  3 21  -  -  - 27  2 40 58  - 28  - 14 24 39 49  9 19 16 43 41 10 59 46  - 12 11 56 17 31 44 22 32 37 13
 28 45 48 22 25 54  - 33 60  -  -  7  - 16 40 44 27 57 17 59 46 34  - 20 51  2 39 50  8 43 29 13  9 52 35 12 58  - 26 49  1 18 10  5  - 36 31 37  - 23  6  -  -  - 53 15 55  - 41  -
 14 10 43 25  - 20  8 59  4 29 58  -  - 18  - 49 31 28 42  -  -  1 46 17 56 53 19 26 39  - 34 16 36  - 38  2 50 23  - 57 21  7  - 54 35 12 30  6 44 13 48 60  3  - 40 24 11  9 52 22
  6 48  - 40  5 16 23 37 30 58 12 43 15 55  7 56 46 45 36  -  2 33 31 10 39 42 44  - 32  3 28 26 25 14 51 57 53 22 13  - 50 59 38 34 49 11 24 41 52 35 60 19 21  8 17 47  9 29  1 20
 40  - 30 59 51  8  5 27 56 31 39 17  2 35 55 43  4 11  - 38 25  - 53 23 47  - 54 52 18 19 20 44 29 50  7  - 28  1 12  - 57 45  - 33  - 48  -  9 32 42 26 37 49 15  6  - 58  - 36  -
 30 19 47 28 42 15 14 11  -  -  4 33  - 32  6 57 51 37 27  - 59 20  - 22 44 46 24 35 31  8 55  - 23 54 34  -  - 53  - 50 39  -  - 41 29  - 56  - 18  -  7 45 60 52  - 38 16  -  -  -
 38 56  - 13 17  9  -  7  5 52  8 45  - 59 35 21 32 39 11  1 44 54 60 25  - 51 49 40  - 42 18 24  -  - 41  -  - 33  - 12  - 47 16  4 19 30 50 58 10  3 28 53 26  - 48  - 20 55 15 34
  - 44 41 38 58 42 35 30 29 25 43  8  -  7 11 13 28  - 14 12 20  -  4 26 40 22 52 37 24 16 15  -  1 34 27 46  -  - 54 21  - 51 47  -  -  9 57 31  - 48 17 59 18 10 50 19  -  6  5 32
 41  6 57  1 30 48  -  2 15 19  - 20  -  - 59 29 38 24 49 25 45 36  9 13 32  8 10  3  4 17 47 31 53 43  - 33 54 37 42 35  -  - 52 60 18 55 58 46 27  -  -  - 51  - 16 39 44 22 23 50
 33 29  - 36 56 44  - 38 53 43 26 22  - 21 15 41 39 48  3  - 35  4  - 46 31 34 55 42 19 20 54 59  - 49 57 37 17 51 50  7 16 12 13 18 27 23 32 47 24  -  5  - 52 11 60  6  8 28 30  1
 50  - 39 20 57 26 32  - 28 36 42  3  6 44 45  1  -  - 33 19 60  - 13 47  7  - 59 10 53  -  - 41  5 56 31 18  - 29  - 24  - 52 35 22  2  -  - 23  -  8 49  -  9 16 38 46  - 43 12 30
 20 32 33 27  -  -  - 26 31  - 40 18  8 37 57  3  7 46 59 44 39 45 23 21 48  5 15 38 25 53  -  - 34 60 28 11  1 19  4 10  - 54  2 50 52 58 16 12  - 43 29 36 17 35  - 30 42  - 49  6
  -  2 52  - 32  3 49  -  6  - 56 47 38 30 20 35  8  - 10  5  - 11 33 48 17 44  1 18  -  - 57 51  7  - 21 39 23  - 45 29 13 37  - 12 40 16 59 28 54  -  9  - 43 36 41 25 27 53 50 31
 19  - 42  -  - 25 59 12 50  5 57 44 33 15  3 53 37 49 18 46 16 27  - 32  1 39  -  9  -  6 38 35 20  - 26 55  -  -  - 54 48 10 31 43 41  2  8 60 23 56 40 29 30 22 34 11 24 51 58 17
 52 60 28 12 41  7 43  6 40  8  - 51  1  - 18 58 50 47 22 26 11 10 24 33 21 16 23 19  3 25 49  - 30 45  - 59 34 48 57 14  - 29  9  - 53 15 13 38 39  - 55  - 37 27 20  -  5  - 46  4
  7  - 37 29 24  4 33 22  8 50 25 53 32  -  9  -  6  - 46 10 14 31  - 39 19 15 56  - 40 47 17 57 16 30 44  1 51 11 21 48 52 35  - 38  3  - 27 20 55 28 41 23 58 18  - 60 13  - 26 42
 31 33 22 46  -  -  4  - 39 17 20 11 45 57 14  -  - 10 50 34 24  - 44 40  - 30  - 23  9 13  -  - 55 47 59 19 21  - 49 25 15 58 56 26  1 60 52 53 29  - 32 48 41 51  2 37 38  7  6  5
 60  -  - 58  -  5 52  9 48  4 18  2 29 40 10 42 22 38  1 15  -  -  7  6 25 47  3  - 26  - 59 34 46 41 53 21 36 49 19 16 12 14 54 35 55 33 20 17  - 39  8 51 28 30 43 27 23 45 32 56
 22  -  3 37  - 11 29 17  - 45  - 49 59 10 39 47 15  - 56  4 26  - 40 55 33  - 28 14  - 52  -  5 38  - 48 43 57  7 58 23 60  2  -  6 32  - 35 27  -  - 18 31 34 20 19 50 30  8 42 12
