2880
 14  8 52 38 44  1  - 30 35 50 22  -  -  3 41  - 18 24  -  2 48 53 40 21 39 12 31 45 57  -  - 59  - 54  -  4 55 15 20 16 36 46  9 13  6 25  5  - 19 29 32 51  - 43  7 28  - 60 34 23
 25 27 36 21 48 13 17  - 29 59 20  5  - 39 55 44 47  -  - 24 26 16 52 49  7 38  - 57 28  - 53 18  1 11 41 35 60  2  - 45 42 31  4  - 19  6 46 30 14 34  -  - 23  -  3 33 40 54 32  8
 46  -  - 53 27 19 30 50 56 42  8 40 51 28 15 22 11 14 21 31 57 59 32 10  2 54 58  3 23  -  9 41  -  -  -  -  -  -  - 35 43 16 44 24 55 47  7  4  - 48 36 25 29 37  - 13 52 18 20 39
  - 17 50  5 58 55 28 16  1 43  - 20 39 46 10 54  -  -  9 47  - 18 59 33 24 42  - 12 11 26 32 53 29  - 36 27  - 19 49 38 60 30 52  - 37 14 51 40  3 35  2 45 22 44  - 57  6 31 21 13
 39 29  9 57 32 40 52 19 60  - 50  -  - 13  - 45 33 34  -  - 58  -  2  - 30  - 23  1  - 21 37 31  4  6  5 51  - 56 47 42  3  8 28 17 46  - 44 10 41 26 43 49 20 12  -  - 18 53 22 54
 41 52 48 27 21 17 16 38  - 23  5 56  2  8 57 39  7 18 50 20  - 32  9 24  -  -  - 44 40  - 22 36  - 12  - 49  1 46 15 53 59 42 54  - 10 45  - 43 47 11  - 55 33  - 29 60 35  - 13  -
 12 51  - 55  2  -  - 48  - 28 21 35 25 50  9 60  -  -  -  -  - 40  - 46 36 53 29 19 58  1 10  -  - 44  - 41 47 22  7  8 33 54 49 52 45 32  - 11 20 16  - 57 24 15 38 37  - 30 26  -
  - 47  3 19 53 22 58  1 42 48  - 28 18  - 59 15 39 31 45 49 35  - 50  -  - 52 41  -  8  - 27 55  - 32 11 38 54 24 26 21 44  -  -  - 57 29  9  - 30  - 13  -  -  -  - 20  4 33  - 34
 29  - 11 40 56 37 19 12 43 60  -  -  7 57 31  -  8  - 16  4 21 48 36  - 28  2  6 26 42 27 14 35  9  - 17 55 39 13 44 18 54 10 50 49  -  1 45 53 22 15 34 30  - 51 32 52 23 24  - 41
 26  -  - 13 59 60  - 39  2 18 32  - 20  1  -  - 43 36 22  - 47 12 53  8 38 11 25  - 49  4 48 23  - 29  - 56  - 51 55  -  5 24  - 27 16  -  - 34  -  3  -  6  -  - 58  - 42 35 28 52
  -  2 16  6 15 39 48 28 19  9 31  - 35 29 21  -  - 32 42  5 14  - 45 12 54 51  - 53  3 46 43  - 27  7  4 13  8 33 23 59 22 40 25  - 18 24 34  -  - 47  - 44 57  - 11 49 60 17 37 56
 16  3  1  - 14 30  - 58 33  - 35  6 28 11 38  9 41 50  8  - 24  - 31  5  -  -  2 10 44 48 60 22 37 21 43  - 15 17  - 25  - 49 51 59 56 36 32 27 12 19 46 26  - 13  -  - 57 39 23  7
 45  -  - 58 50  - 36 25 52  - 19 48 54 18  7 46 31 42 39  - 43 51 29  2 15 14 20 55 47 44 41  - 11 60  - 21 53 49 12 13 35 56  8  - 22 30 37 24  - 38  -  9 26 59 34 23  5  4  - 17
 48  7  - 39 42 41 45 14  - 16 11 55  - 30 33 19 23 43 57  6  - 29 27 36 32 10  3 35 20  8 56  9 28 25 59 31  5  - 53  2 46 15 22 50 49 18  -  -  - 37 21 17 52 60 13 40 47  - 51 24
 32 19  - 22 30 38  4  7 18 37 57 23  - 51 14 29  -  - 27  -  8 28  6  - 17 40 46 47  - 16 25 13  - 24 10 20  - 50  - 43 26 34 55 12 36  5 42  2 48 53 52 11 58 41 33  9 21 45  - 60
  - 44  4  - 40 50  - 36  6 29 10 31 38 25 53  - 26 16 19 17 60  - 35  1 37  -  7 28  2 15  8 33  - 23 48 24 42 20 32 47 51 57  -  - 59 22  -  - 13 12 39 34  5 54  -  - 58 27 11 55
  -  1 44  7  - 45 49 27 36  4 41 46 14  -  - 57 37 48 20 35 11 17 10 51 47 59 32 33  5 23  3 34 40 56 26 28 24 38 39 55  2 60 53 21 29  9 19 16 25  - 22 12  -  - 50  8 43 58 15  6
 18  -  -  - 57  - 53 21 16 36 30  -  -  4  3 38 20 55  - 28  2 52 54 58 27  - 45  6 10 42 23 56 26 46  - 48 35 44 33 39 11 43  - 40 50 41  -  - 17  -  9 13 37  -  - 51 59  8  - 14
 43 58 53 33 13  8  9  - 48  -  - 12 42 52 22 21 24 57 38 10 51 44 46  6 16 25  1 11  - 50 49 15  - 59 45  -  -  - 19 54  - 29 31  - 34  -  - 32 55  2 40 18  - 20 47 36 37 56 14  -
  -  -  - 47 39 25  - 20  - 40 18  2 30  5  - 12  6  9  - 11 19 54  - 29 55 35 52 38 31  3 44 60 34  - 15 57 58 45  - 32 28 48  1 16 42 13  - 41 59  -  - 24 21  -  8  7 33 23  4 10
 11 53 10  - 16 47  1  9  3 54 39  8 56 36  - 27 28 58  7 60 40 50 43 13 46  5 26  - 48 55 21  - 17 35 24 52  6 34 31  -  - 18  - 51 44  2 30 23 57 33  - 19 14  - 25 32 41  - 29 37
  - 32 38 10 20 42 54  - 22 11  2  -  4 12 36 49 40 39  5  - 46 26 47 16 59 27 55 23  9 56  - 37  3  - 19  6 13 53 21  - 15 44  7  1  - 17 60 57 29 25  - 31 43 34 24 45  - 48 52  -
 52 23  7  - 34 54 47 24  - 22 12 11  3  -  2  - 13 59 51 26 33 31  -  - 14  -  8 46 21 40 55  5 48 18  -  - 10 35  6 50 39 36 27 57  4  - 49 56 60  - 29 16  -  1 44 25 38 32  -  9
 51 50 34 16  - 58 26 46  - 14 53 19 22 24  5  6 32 45 49  - 36 37 25 31  -  -  - 41 35 20 18  8 39 43 47 11 29  3 10 60  - 12 42 38  9 27 57 15 23 13 54  1  4 28 48 17  2 52  - 30
  3 38 25  4 29 11 44 31  8 55 54 50  1 22 17  - 60 15 26  - 41 24 30 57  - 58 28 34 52 12 47 51 45 16  - 19  - 43 13 14  7  5 18  - 21 48 35 42 56 49  - 10 39 23  6  2 46 37 59 27
 19 15 39  1 52  -  -  - 46 51  -  - 59 17 40 43  4  - 25 18 32 47 11 55 20 49 30 50 37 35  7 57 21  8 60 42  -  -  - 56 16  - 58 26 41 23 10  5  - 22 44  2  9 48 12 27 54 13  6 29
 59  6 45  -  - 35 40 54 14 52 51 10  -  -  - 55 50 28 32  -  - 38 49 42 60  -  - 48 25 53 36 29 33  4  - 22  3 57 27  7  -  - 23 31  - 58 16 37 39 18  5 56  8 11 26  - 30 47  - 19
 27 43 23 36  1 57 29  3  -  - 47  - 33 54 45  - 58  - 60 50  5 49 51 26  9  - 22  -  - 34 40 30 14 28 16 10 20 18 38  -  - 11 21  2 39 46  - 17 37  8 59  - 44 35 53 55 24  7 42  -
 24 45 47 49 28 23  5 32 34 46 60  - 58 31 42  8 36  -  - 30  -  - 18 39 33 26 54  -  6  2 50 48 44  - 35 59 19 10 37  -  4 55  - 11  - 40 29 20 15 51 56 52 25  7 43  1 27 16 38  3
 34  5  8 54 49  -  - 17 20  - 14 47  - 60 48 58 38 22 43 52 10 36  3 56  1  - 21 51 59 24 16 28  - 41 53  - 18 12 30 33 29 45  - 32 15  - 27 19 26 44 37  7  - 40 55 50 39  6 46 25
 33 24 22 59  5 15 60 44 32  -  - 30  -  6 49  - 52 29  - 58  - 43 55 23 50 21 53 14  -  - 42 40 57 37  8 16 48 11  - 28  1 39 19  -  - 26 20  -  7 17 31 47 27 56 45 54 36 41  2  -
 47  - 51 12 35  5 38 13  4 49  - 54 60 15 23  1 27  -  - 59 50  - 16  - 29 55 11 20 33 41 57 42 25 40 52  7 43 48 58 34 17 19 45  6 53 56 39 28  - 32 24 21  -  - 31 18 14  - 44 46
  - 39 18 25 17 48  8 49  - 21  - 44 27 53 35 23 45 51 58 13  - 10 15 40 42  - 24 36 34 60 20 52 32  3  2  1 50  - 16 46  -  4 47  -  - 19 41 26 31 57  7  - 28 38  9  - 22 59 43  5
 56  - 57 11  -  -  3 22 24  6  4  - 17 35 28 13 34  - 12  - 20  - 44 48 52  - 33  - 38 45 31  - 55  9  -  - 14 21 25  1 53 50  - 46 51 16 15 49  8 54 27 23 19 39  - 43  7 10 30 36
 57 35  - 24 60 28 37  -  5  - 52 45 12 41  8 26  -  -  6 40 15  -  -  - 53 16 34 22 51 36 59 11 10 31 42 17 38 29 54  3 32 33 13  - 48 49 43  9 21  - 55 27  - 14 46  - 25 50 58 20
  5 31 33 51 43  - 21 40  -  - 29 34 24 58  - 32 19 37  4 39  -  2 17 53 48 13 12 54  1 18 30  6 41 42 14 50 56 59 11 57 25 27 38 22 23  8 55 52  - 45  - 20 15 47 28  -  9 26 35 16
  9 59  - 20  - 31 15 29 54  5 27  7 37 49 50 17 10 19  - 53 16 39 26  -  -  - 51 13 30 43  - 14 47 52 44 60 46  -  2  6 21 25 24 34 32 12 58 35 38 55 11  - 41 18  1  4  - 40  8 57
 21  - 15  -  4 16 22 37 44 39 13 24 46 32 27 35 14  - 54 34 17  -  8 41  6 60  5 49 36 59  -  - 23 55 50 12 52  -  -  -  - 26 56  9  - 38 28 18 58 20 47 29  7 53  2 31  -  - 45 42
 50 49 32 60 10 53 12  -  - 56 48  4 11 16  -  - 42 44 28 29 34 14  - 43 41 46 35 40 39 30  2 21  8  -  6  9 51 26 24  - 47 37  3  7  1 33  - 25  - 52 23 59  - 57 18  5 19 22  - 15
  -  - 30 35 54 34 24 59 51  - 15  1 53 21 58 25  - 27 13 22 31 41 60 50  5 57 49  - 43 37 46  7 19  2  9  8  -  - 56 36 48 47 33 44  3 20 40  - 10 28  -  -  6 52 23 29 55 38 18 26
 23  - 19 37 45 52 46  2 41 20  6 42 47 14 13 51 30 53 40 55  4  3 48  7 22 44 15 27  - 32 12  - 24  1  - 18 25 60  9 26  8 28 36 39 58 21 11 59 34 50 38  5  -  - 16 35 17 57 56 43
  1 36 14 31 24 56 39 26 21 15  -  - 32  -  - 34  9 47 17 57 30 23 37 45 35  - 38  4  7  - 52  - 22 10 18 43 40 28  - 49 41 51 60 53  -  - 54  - 42  6 20 46  -  - 27 59 13 12  -  -
  - 56  - 42  8  6  - 51  - 57  -  9 19  - 26  -  - 21  3  7  - 25  -  - 43 36 14 17  - 49  - 39 59 47 40  -  2 37 60  4 50  -  5 15  - 11  - 48 32 30 16 53  - 22 20 24 29 44  - 31
 49  -  2  9 25  -  -  - 17 32 55  - 40 45 56  4  -  6  - 37 52 27 57 44  8  3 50  7  - 14 26  1 18 38  -  - 12 58 35  5 24 41 39 42 47 34 13 29 11 43 28  -  - 19 21 46 15 20 31 22
  - 54  - 41 47  -  - 57 15 13 56 39 55 37  -  2  - 60  -  - 28  4 33 34 18 23  9 30  - 11 19 27  - 17 58 14 49 16  1  -  6 20 26 43  8 42 31  3  - 21  - 40 36 32 52 22 45 46 48 38
 44 22  - 23  3 21 51  4 37 35 24  - 29 27  1 47  2  7 31  - 59 56  5 15 12  - 39 16 14 28  6  - 53 26 25 45 11  - 42 20  -  - 48 18 54 52 17 46 49 60 19  8  - 33  - 34 10 36 55  -
  2  -  - 50 36 20 43 33 23 41  1 57  -  7 19 14 21 40  - 16 22  5 58 27 51 15 59  - 17 52 34  4 12 30 54  - 28 42 45 11  - 13  6 47 25 37 24 55 35 39  -  3 32 31 56 26 48 29 60 49
  4  - 59 14 51 36 41  -  - 47  - 53 31  9  -  7 16 46  - 48 49 19 21 25 56 37  - 42 13 38 15 45 43  -  3 30 27 54 22  - 18  - 29 55 26 50  1  8  5 40  - 39 35 17 10  - 32 11  - 44
 37  - 13 45 12 24 59 11 39  1 42 49 43 44 54 30 35 52 34  - 55  6 56  - 58 22 18 29 50  -  5 46 15 57  -  3 21 23 14 48 19 32  2 25 60 28 33 36 40  - 26 38 10  9 17 53 16 51  - 47
 53 48 55 52 23 27 13  -  - 30 59 16 15 26  6 56 57  - 47 32 45 42 34 35  -  1 36  - 41 54 28  - 50  -  - 29  -  7 17 37 20  9 40  - 31 10 18  -  - 46 25 33 60  2 22 11  -  3 19  4
  - 14 29  8 38 51 55  - 47 44 17 21 52 33 18 16 22 11 35  - 12 34 24 32 31  9 57  - 45  5 39  - 49 27 13 58  4  6 50 19 37 23  - 10 20 15  - 60 46 36  1  -  2  3 41  -  - 28 40 59
  - 60 17 28  -  - 11  -  - 12 40 37 21  - 16 42 53 33 24 46  - 35  - 52 57 34  - 32 26 13 54 25  - 58  - 36 45 47 29 41  -  7  -  8 14 43  4 22  1 56 51 50 18  5 39 44 31  -  9 48
 55 10 60 29  -  3 50 56  - 27 36 59  -  -  -  - 12 23  1 33 39 15  - 47 13 45  - 58  - 51  - 16 52 48 37 32 26  5  -  -  9  - 34 30  - 35  - 14 18 24  8 54 11 42 57 21 44  - 49  2
  - 28 40  - 11 10 27  6 50  - 49 22  5 47 43 24 51 20 18  - 25 45  4  9 19 17  - 60 56 29  - 44 36 39  - 34  -  8 57 15 23 52 37 48 33  - 26 31 54  1  - 35 16 46  - 30 12  - 53 21
 40  4 28 26  9 44 20  5 49 58  - 29 16  - 39 36 25 56 52 41 23 11 14 38 34 18  - 31 53 57 24 12 54 19  -  2  - 27  3  -  -  - 46 60 17 51  8  - 33 10 48 42  -  -  -  -  1 15 47 32
 22 42 20 56  -  -  -  - 53 26  7 52  6 23 51 50  1  8 55  -  9  -  - 59 11  - 13 18 29  -  4 49 60  -  - 25 37 31 41 40  - 17 16 36 24 54  2  - 28  -  - 32  - 21  -  -  -  5 12  -
 60 30 35 48  - 46 25 18  9 24 44 27 36 20 32 11 29 26 41  - 42 13  1 22 23 43  -  - 19 39 33  2  - 53 34 37 59  -  8 12 10  3 57 56  -  - 21 54  -  4 58 15 49  - 51 38 28 14  -  -
  - 13 37  - 33 26 32 60 57 17  - 14 45 48 47 18 15  2  -  - 56  8  -  - 49 31 16 52 22  - 29 24 20 36 51 44 30  9 40 27 58  1 35 23  -  -  -  6  4 59 12  - 55 10 42  3 50 21  5 53
 15  9 24 44 19 14  6 34 45  8  - 32 57 56  -  5  3 30  2 25  - 21  7  - 26 39 37 43 55 10 35 17 31 13 28 46 23 41 36 29  - 22 12 20 52  4 48 33  - 42 18  -  - 27  - 47 53  - 50  1
 31 55 21  2 37  7 57 53 11  - 43  3 23  - 30 33 49 54 48 12 27 46  - 60  4 50 17  8 16 22  1 26 13  - 56 39 32 40 18 24 52 59 14 29 35 44 47 38  6  - 42 28 51 25  5 58 20 19 36 45
