2880
 22 52 43 33 12  -  9 49 23 24 13 16  4  3 14 15 48  - 42 44 47 40 21 28 55 59  - 29 32 60 25  - 17 50 26 18 37  - 41 20 34 46  2  8 45  -  7  -  - 39 53 56 36  1 11 51 38 54 19 35
  2 27  - 11  -  - 44  -  -  7  - 52  - 20 23 39 37 34 18 47 56 15 49 16 46 12 43 45  9  - 26 38  - 32  - 35 59 19 10  - 29 58  5  - 33 21  - 22 50 55 60  -  - 48 53 25 40  -  -  -
 58 56 46 19 42 31 12 55 43 38 14 59 13 53  - 60 17  - 39 49  9 30 26 40  7 45 11 24 22 23 29 52  - 47 44 50  6  -  - 35 33 20  - 16 27 41  - 54 36 34  -  -  1 21 57 10  -  2 15 51
 26  7 45 46 23 35 31 43 25 30 59 37 40 21  - 53  -  4  - 39 42  1 60  8 32  - 55  2  - 27 19 33 57 15 48 17 20  - 11  - 22 41 44 28 38  3 49  5 56 36 10 52 18 14 29 54  - 34  - 58
  - 32 30 21 57  1 48  6  - 56  9 55  - 31 59  3 38 50 13  5 53  4  8 22 27 60  - 40 37 43  7 14 45  2 33 58 44 52 26 49 42 39 36 10 17 20  - 24 51 41 15 46 11 28 18 29 23  - 16  -
 33 22 48  -  8 52 26  2  -  - 55 57  7 35 45 17  - 21 49 20 34  - 36  9 18  5  - 16  - 38  6 28 10 30 23 60 27  4 54 15 56 40 43 47 51  - 29 31 37  3  -  - 13 39  - 12 58  - 44 46
 18 24 44 58 41 27  - 20  7 49  -  4 12 34 47  - 40  - 56 16  3 53 55  1 57 17 10 59 30  - 28 37 35  - 13 38 19 14 22 52  - 15 46  -  - 23  -  - 39 43 36 45  -  -  5 50 51  - 42 32
 11 26 42 52 16 47 37 39  - 59 38 50 57 25  - 18  2  - 12  -  - 13 30  7 49 10 41 36 54 29 21 53 20 22 35  -  4  -  1 58 46  - 51 14  9  - 19 45  8 48 17 28 40 43 44  - 15 31 23 27
 17  - 29 55  7 41 43 35 22  -  -  - 38  - 52  - 46 10 24  - 54 28 34 15  -  -  -  1 47 26 33  4 50 59 51  - 12 27 21 18  6 45  - 32 19 11  - 53 42 20 30 25 49 58 37 16  - 36 31  5
  - 34 14  - 37  8 41 47 40 60 46  - 52 39 44 10 30  5  - 59  - 57 58  -  - 54  - 28 20 49 16 26 42  -  - 25  - 35 48  -  -  1 45 33  - 24 51 56 21  7 27 38  2  6 50  -  4 43 18 13
  -  1  - 10 35 28  - 33 15 13  - 47 20  - 34 51 25 46 22  4  - 16 54  - 40 43 29 41  -  6 45  8  - 42 11 37  -  -  -  -  5 60 53  - 32  2 23 19 18 14 59 31 44  9 48  - 27 57 50  -
 34 54  3  - 14 60 11 48 45 15 58  - 29  - 40 37 27 12 32  8 24 22 25  -  6 20 38 19 39  9 56 57  4 49 30 31  2 46  5 53 26 17  -  - 52 10 16 43  -  - 28  1 50 18  -  7 13 44 55  -
 24 50 11 26 15 57 34  - 27 41  - 45  -  4 48  9 53 47  5  -  -  - 22 13 35  - 51 60 55  - 49 46 56  -  8 52  -  -  7 28  3  -  -  - 16 33 30 59 44 10 18  -  - 23 19  -  6  1 20 42
 29 41  - 56 20  -  1 27 24 17 52 48 26 58 25 12 44 22 15  9  7 38 45 32 37 35  - 53  5 40 18 47 14  - 55 59  - 54  2 39 16 13 60 23 43  - 42 46 34 19  -  3 30  -  - 57 49  -  -  8
  4  9 36  2  - 37 28  3 33 18 39  - 42 44 58 56 45  7 25  - 14  - 40 53 17 48  5 11 59 15  1 16 41  - 60  6 13 43 12 29 24 47 10 34 30  - 31 50 27 35 21  - 46 32  - 19  - 20  8  -
  7  6 17  -  - 42 29  8 36 22  - 18  - 11 60  - 35 37  3 10 41 49  1 12  5 56 15  - 52 47 32 23 34  -  - 20  -  - 58 38 19  2 48 50 54 43 26 13 28 46  - 14 39 31 30  -  - 27 21  -
 30 47  1 37 11 20 14 22 28  -  -  7 25 18 49 54  9 59 31  - 58 52 50 46  3  -  - 42  - 48 17  5 51  - 19 21 60 55 23  8 36  6 56  -  2 57  - 16 13 12 39  - 33 38  4  - 53  - 27  -
 23 59  6 36  4 10  7 16 32  8 12 24 31 46 30 38 49 44 19 22 51 45 14 56 13 33 18 58 15 35  3  - 53  5 17 57 11  -  - 60  - 26 41 39 25 47 21 40 48  - 29 50 28 55 54  2 52 42 34  1
 54 42 40  1 21 44  - 26 16 23  - 30 49  - 15  -  - 43 51  -  -  - 41  - 10 11  4  -  3  8 48 58 13 17 45  9 25 53 39 46 37  5 12 59  -  7 50 18  - 56  -  - 52 57 35 33 28 32  6 14
 55 20  -  - 60 23  - 28 51 45  - 33 34  8 13  - 19  1 43  -  6 46  -  -  2  4  - 52  - 36 39 25 38 58 22 30 32 50 56  7 53 57 21  - 40  - 44 37 35 27 14 48 47  -  9 18  5  -  3 11
 38 21 57 14 18 49 54 23 26 34 30 56 44  -  - 13 22 42 40 11 35 37  2  5 60  6 39 10  - 59 31 19 47  -  - 15 17 32  - 45  - 29 24 55  - 16 20 25  -  - 50 51 48  3 27 53  -  - 58  9
 31  - 39  -  -  - 25  - 38  4 56  9  1 45 29  - 58  6 53  3 40 54 59  2 16 13 37 47 60  7 51 11 15  - 20 36 23 42  -  -  -  - 55 18  -  - 12 14  5 49  8 10  - 46  -  - 57  - 26 41
 41 14 53 28 46  -  6 21  9 11 27  - 45 12 38  7 55 51  - 36 50  3 17 37 43  8 22 31 58  - 30  - 19  -  - 34 10 25 13  4  2 18 54 42 24 49  - 20 26  -  - 60  -  - 40  - 47  - 59 33
 27  -  2  9 39 22 16  - 56 52 20 15  8 30 57 35 36 14  - 58 21 55 24  -  4 53  - 43  -  - 12  -  6 54 37  - 34 11 45  5 31 42 49 26  - 48 17 51 46  -  3 40 19  -  1 28  7 33 47  -
 42  2  - 60 29 16 27  9  -  - 21 26 15  -  1 23 34 25  7 18 17 59 47 50  8 38 20  4 46 51  - 24  - 35  - 39 28 58 43  - 10 30  - 57 44 12 40  - 33 54  - 13 41 53 45  6 36  - 52 48
  - 58 47 30 22 55  - 17  - 21 50 29  5 28  - 41  8 13  - 31 12  - 51  4 26 25  - 33 14 54  - 49  - 46 34 24 53 60  6 16 18  7  -  1 20 59 39 57 40 32  - 19 45 37  - 15  9 23 11 56
  9  -  - 23 28  -  5  - 48 10 22 25 58 16 31  2 47 27 45 50 43 24 15 30 52 46 49 38 57 33 55 36 11 37 21 29  7  - 59  6 44 32 19 35  - 42 34 26  - 18 54  -  4 12 14  - 20 39 17 60
 45 16 23  8  5 21 35 41  -  - 10 53 37 50  2 31 39  - 52 46  - 14  - 43 51 32 19  - 28 24 59  - 55  1 29 42 22  9 33 34  - 48 11 58 49 18  3  7 38 40 44 20 57 27 12 56  - 47  -  -
  8 18 33 39 49 30 13  - 20 53 47  -  - 57 41 40 26 54 59 52 48 35 43 29 36 16 44 14 27  -  -  7 46 45  - 55 51  -  - 17 50 34  9  4  5  - 58  -  1  -  2 24 25 56 10 60 11 12  -  -
 37  -  -  5 40 45  - 38 21 27 18 13  2 49 43 32  - 24 36  - 31 25 33 11 50 58 60  - 34 19 35 22 54 28  7 44 47 57  -  - 39  9 29  -  4  1 41  6 14 15 55 12 23 10  - 59  - 26 30 20
 28 10 49 54 33 38 57  -  -  - 53 23 11 59 46 29 32 41 34 21  - 31  5 52 47 50 24 37  - 42  9 56 16 55 14 51 48  -  8  3 13 44 40 20 39 30 35 60 43 25  1 22 17 19 58 27  2  6  - 15
 40 25 34 16  - 32 59 19 46 14  - 38 10  - 35 20 29 18  1  -  5 43  4  - 12 26 56 51 44 39 54 21 52  6  - 41  -  - 47  2 58 33  - 24 60 27  - 15  -  8  - 30 42 22 28 55 45 48 36  -
  1  -  - 49 54  3 40  -  2  5 16 34 28 17 32 25 41  -  - 13 27 48 39 45 56 51 23  7  - 46 47 55 33  - 38  - 30  8  - 24 12 31  6 53 15 19 60 44  9 58  4  - 59  - 36 35 18 50 57 37
  - 30 12  -  -  - 52 40  1  -  2 51 32  - 18  -  3 56 17 42  -  - 38 59 19 27 33 49  - 53 11 15 60  7 46 54 50  - 36 26 43 23 34  9 10 39 24  - 55 45 16 44  8 13 31  5 21 28 35 25
 60  5 50 44  3  7 58 15  - 26 54 41  - 19 51 59 20 30 21  - 16 56 23 10 24  -  - 39  -  - 46 34  8  4  - 43  - 45 40 11 49 12 13 52 42  - 28  - 53  - 38 36 31 17 55 14 32  9 33  -
 15 39  7 45 19 48 46 36  - 32  1 14 30 26 17 11 10  9  -  6 60 34 31 24 42 22 28  - 18 16  8 20 59 53 54 40  -  2 29  -  -  - 37  5 58 13  - 12 25 44  - 33  -  4 21 38 55  -  - 52
 25 23  - 42 36  - 49 29 10 55  3  6 60 38 12 19  - 16 47 43 46 33  - 58 48 31 53 50  2 52 40 59 44 20  5 14  -  -  9 27  1  - 15 37 26 45 13 30  - 57 51 18 34  8  - 32 22  - 24 21
 44 13 54  -  - 26 18 10 19 28 15 12 35 29 22 57  4  2  -  - 36 51 20 17 25 52  -  - 23 50 42  - 39  - 47  8 24  7 27 41 30 59  - 48  -  5 38 55  6 21  9  - 53  - 34 40 56  -  - 45
 13 43 55 20 25 59  - 12 57  -  5  1 53 10  - 49 14 28 16  - 52 36  -  - 39  3 21 46 51  -  - 31 58 18  - 19 38 15  - 37  9 35  4 29 11  8  6 17 60  -  -  -  7 54 41 45 24  - 40  -
  3 11 26 18  9 19 56 44 37 29  - 40 24 15  - 34 59  -  - 38  - 12  - 39  - 42  8 48 41 57 52 50 25  -  1 53 58  5 35 30 54 27 28 17 14  6 36  -  -  4 43 32 60 51 47 49 33 13  2 55
  5 55 38  - 47  2 50 56  8  - 48  - 41 37  -  - 33 60 44 30  -  9 10 27 54 21  - 12  4  -  - 17  - 24 42 28 16  1 31 43 57 25  - 11 18 51 15 29 52  6  - 59  - 40 26 34 14 53 45 39
  - 36 16 43 32 46  - 58 53 40 31 49 59 41 54  - 21 20  8 23 13  -  7 34 15  - 50 44  6  1 24 27 18  - 10  5  -  - 55 25 17  - 38 22 37  - 45  3 12 29 33 42 56 52 60 39 26  4 28  -
 52  -  - 57 56  4 36 45 31 39  - 11 48 54 21 14  7 15  -  1 37  2  3  - 58 40 47  - 33 20 53 44  - 34 41  - 42 24  - 23 38 19  - 27  6 55  - 35 16 59 13 29 43 25 32 17 30 51  5 10
  -  - 24 40 34 12 38 53 11 25 60 32 50 51  - 36 52 31 26  2  4  6  - 55 23 29 16 21 45 58  -  9 43 48  - 33 18 49 19 44 47 54 42  - 41  -  8  1 57 28 37 17 20 30 13  -  -  5 14  7
 19  - 60 50 52  - 23  - 42 43 34  - 18  - 20  6  - 55 11 29 10 26 48 35 14  - 17 56  -  3 37  -  - 21 24 32  - 40  4 54 45  -  -  2  7 53 33  8 47  5 12 49 27  - 15 44 16 46 41 28
 10 45  -  7 53 18 39 54  - 50 28 42 46 23 26  1 16  3 37 17 55 58  - 20 31 41  -  - 24  - 14  6 30  9 32  -  - 48 51 57 60 36 52 40  8  - 27 33 22 13 34  4  5 47 59 11 29 15 12  -
 32 46 10 15 45 54  -  -  3 33  4 36  9 56 39  - 28  -  - 27 18  7 42  6 38 57 30 13 50  2 43  -  - 52 53 11 14 59 24  1 20 21  8 49 34 35  5 41 23 60 26 47  - 44 25 31 19 16 37  -
 51  -  - 24  - 43 15 11 41 54  - 10  3 33 55 52 56 26  - 45  - 21  - 48 59 47 27  - 19 25 36  - 23  - 58  - 31 13 50  9  -  -  -  6  1  - 46 39 32 38  -  5 16 42  8 20 34 40 53 29
 56  8 35 12  1 39 45  7  4  - 19 20 47 32  - 16 42 40  6 60 25  - 37  - 34 30 58 23 21 55 41 51 48  - 57  -  - 31 53 33  - 49  3 13 29 46 54 36 15 24 52 43 10 50 22  -  - 38  9 59
 59  - 13 47 30 36  -  5 18  - 17 54 22 43  -  -  1 39  - 15  8 11 53 25 21 55 14 20 49  - 34  3 26  -  - 48 52 12 46 40  4 28  - 41 57 44  - 38 10 23  7 35 58 60  6 42 31 37 29 16
 14  - 56 17 44 33 51 46 29 58 24 43 39 42 53 28 15 19 55 26  2 27 11 57 41 34 45  9 10 18 50 40  3 16 49 13  8 38  -  -  - 52  -  - 12  - 37  4 59 47  - 23  6  - 20 36  1  - 22  -
 49  4  8  6 17  9 21 50 35  - 11  -  - 24  3  - 43 45 60 25 19  -  - 47  - 15 40 54 31  - 13  - 12 56 39  7 36 23 38 22 14  - 20 44 59  - 32 28 30  -  -  -  -  -  -  -  - 58 46  -
 36 37 19  - 31  6  - 57 14 46  -  - 55  5 24 33 11 29  2 35 20 60  9  -  1 18  7 26  8 30 10  - 28  - 12 47  3 16 17 51  - 22 25 21  -  4 59 48 54  -  - 41  -  - 49 52 43  - 13 50
 43  3  - 34 55 15  - 30 39 47 23  5  - 40 11 21 13 38 46 33 32  - 52  -  - 28 54 25 42 12 60 35 29 36  4  1  - 56 57  - 41 16  7 19 50 17 53 10  - 26 49  6 37 24  2 58 44 18 48 22
 50 28 37 51 48 58  - 60  - 44 42 31 19  1 56  -  6 33 14 12 59 47 29 54 20  9  3 18 40 11  - 41 27 13 52 45 26 34  - 36 25 53 17  7 55  -  - 32 24 22  5 16 21 35 39 23  8  - 10 43
  6 51 20 25  - 29 10 14  5  1 44  - 23 27  - 30  - 58  -  - 15 50 32 41 33  -  - 34 53 45 38 13  - 60 40  2 55 21  - 47 28 56 22 12 48 37 43 11  7  - 46 39 26 36  3  8 42 52 54 17
 57 49  5 59 10 17 53 18 13 31 33 60  - 55  9 58 23 35  - 28  1 32 12 26 30  7 48 15 43 14  -  2 21  8  6  4  -  -  3 19 51 24 47 25 36 40 52  - 29 16 56 11 38 20 46  -  - 45 39 34
 46  - 21  4 13 51 60 25  - 12 43  - 56  2  - 27  -  8 30 41  - 42 35 33 29 37 52  - 36  - 23 45  9 40 18 26  1  - 49  - 59 38 16 54  - 50 48 58 11 17 20 34 22  - 24 47 39 55 32 31
  -  - 31 13  - 24  - 34 58  - 35 28 36  - 37 50  - 53  -  -  - 17  - 49 22 19 59  - 56  4 20 18  - 39 15 16 21 44  - 10 23  8 26 43 46 29  -  - 45 11 40  7  9  2  - 41 12 60 25  3
  -  - 15 27 26 53  - 31  - 42 51  8 17  7 36 24  - 49 48 54 11  5  6 21 28 39 32 57 13  -  4  1  - 25  - 12 46  - 20 55  - 10 33 38 22 58 18  -  - 30 41  9 14  - 56 37 35 59 43 23
