2880
 43  -  8 16 12 41 27 15 29 47 51 24 11 28 38  - 10  9  5 59 22  1  - 25  4  - 36 58  6 30  -  - 34  -  - 46  3 17 26  7 33 60  -  - 42  - 57  - 20 14 23  - 18 55 50 52 19 37 39 31
 58  -  - 44  - 59 53  - 22  5  9 50 30 25 54 27 46 34 40 36 29 51  -  - 33 49  - 28  - 56 41  6 26  - 23 21 15 12 55  -  - 14 52  4  -  - 18  8 48 39 57 19 11 38 42 37 43 32 60  2
 23 20  - 55 40  -  5  6 27  - 36  - 13  - 21 50 41 53 58 18 26 37 45 47  2  -  - 59 29 60 15 17 43 28  -  -  - 48 19 46 38 52 32  3 34  4 22 56 11 25 12 16 39 14 30 42  -  9 35  -
 13 48 24  -  5  1  6 23 33 19  - 43  - 47 32 34 54 56  -  - 16 42 17 14 27 44 39  2 12 57 22  8 58  9 38  - 51 11 50 49 25 53  4 21 45 10 36 30 46 60  3 52 59  - 15 29 35 26  - 41
 46  - 14 20  - 35 52  1  -  9 18  - 21 42 22 32 31  5 49 56 44 23 10 58 59 25 19  7 13 45 29 37 27  -  8 41 17  2 48  - 16 36 28 15 24 43 55  3 34 33  - 53  4  - 60  - 30  - 12  -
 16 37 20 25  -  -  - 46 38 43  -  - 31  8 23 56  - 58  - 45 19 11  -  6 35 18 22  1  - 14 24 29 42 32 30 53 41  5 60  2 26 47  -  - 36 51 17 12  - 10  - 40 50 21  3  -  -  - 54 28
  7 34  - 59 41 40  - 42 32 39 60  3 14  - 30 18 50 29 19 38  - 52 28  -  6 31 27  8 46  - 16  - 56 58  9  - 35  - 43 25 48 12 26 37  - 54 45 17 57  1 33 49 44  - 20 55 23  -  - 22
 20 57 47  9  - 42 22  - 49  7  2 44 34  -  4  - 23  - 31 16 32  - 39 24 53 43 29 36  -  3 27 52  - 60 56 25 46 30 40  -  1  - 38 45 12 17 19 55 54  - 10  -  6 18 59  - 15 11 21 33
 18  8  1 38 55  - 12  4 42 57 52 19 41  -  - 46 21  6 15 51  -  5 25 43 36 29 50 30  - 32  -  - 35 22  3 26 48  - 24 31 40  2  9 59 60  -  7 27 23 58  - 20 34  - 53 54 37 13 33 11
 25 30 40 12  - 45 57 22 47 29 33 15  - 35 56 17 11 54 27  3  6 41 36  9 42 32 48 26  2 44 38 39 49 43 46 59 55 28  - 60 18  - 16  - 21 31 37  5  1 51 58 10 53 13 24  8  4 34 14 19
 49 46 56  3 22 26 55 14  - 50 21  -  -  2 25  -  - 31 41 43 34 48 51 28 40 60 45  - 37  5 59 24 53 30 11 27 20 15 32  - 12  - 33 23 17 18 44 42 29 38 19  8 47 10 35 36  6 54 57 52
  - 19 36 24  - 49 25 43 51 26 10 48 18  - 47  1  8 16 57 42  2 17 20 21 55 40 12 39 34 33 54  -  -  -  - 32 53  -  6  - 15 56  - 46 50 22 23 60 14 28 31  - 52 35 41 11 27 30  7 38
 11  - 23 42  - 32 37 47 34 45  - 49 60 57 29 31  -  - 48  2 21  3  -  - 51 14 20 55  -  -  1  -  7 52 59 18 50 24 56  - 54 38 27 17 44 39  5  9 26 43  6  -  - 30 25 33 40 53  -  -
  - 56 33 52 46  5 23 24 39 58  6  - 35 49  - 37  - 43  -  1  - 54 26 36 48  -  9 53 45  - 19  - 41  7  - 40 16 29 28 50 22  3  - 18  -  - 59 34 55 31 17 13  8  2  -  4 38 60 27 25
 52 40 30 23 57 25 60  - 28 49  -  6 58 56 10 59 29  7  1 19 38 14 21 12  - 48  8 27 31 54 39 55  -  -  - 47 13 50  5 16 53 11 34  - 43 26  - 20 41 24  - 36 33  3 46 45 18  - 22  -
 60  1 39 50 56  4 13  - 53 52 47 36  8  -  3  -  2  - 25 44 12 46  9 57 54  - 30  -  - 59 34 41 15 18 28 10 11  6 22  - 51  7  -  - 27 49 29 26 35 45 43 21 42 48 33 40 17 31  5  -
 38 28  3 33  1 18 35 21 41 42  -  - 39 12 50  - 19  - 45  9 11 27  6  5  7 53 55 44  -  4 52  - 40 49 31 16 14 32  8 24 46 25 48 10 13 59 30 58  2 20 15 57 56 29 36  - 22 51 23 54
  -  6 57 53  - 48  - 18  9  - 15 17  3  4 58 41  - 12 20 60 35 22  8 44 19 10  1 29 26 34 43  -  - 11 37  -  5 55 16 30 42 21 56 39 49 52 31  -  -  - 36 45  - 27  7 51 54 40 47  -
  - 43  - 57 29 21  3 36  -  - 16  -  - 60 15 12 35 27 42 41  - 38  4  - 56  -  - 19 48 49 26 32 25 46 24 45 10 33 30  - 23 59  -  9 18 50 52 28 31 55 51 54 13  6 11 14 47 22  -  5
  - 14  -  1  - 37 42  9  5 54 50 25 12 27 33  - 58 17 56 32 24 59 29 41 34 13  7  - 49 47 55 31 57 44 16 23 52 20  -  - 39  6 11  2  8  - 10 40 22 46 60 38 19 51  - 48 28 35  - 26
  6  -  -  -  -  -  -  2  8 31 22 28  5  3  9  - 34 26 36 10 47 15 42  - 30  - 53  - 60  7 18  - 13 37 17  -  - 44 11 58 57 51 45 38 20 35 56 52  - 59 48 55  - 50 21 25 46 19  4 23
  -  -  - 21  4 17  - 56 25  - 24  - 19  - 53 57  9 11  - 54 46 34  5 32 16 59 33  - 42 40  - 50 30 48 43  -  - 35  -  8  - 39  -  1 26  - 47  - 37 41 44 15 60 58  - 13 36 52 49 45
 39 10 52 56  - 54 33  - 14 30  4  -  -  1 44 28  -  -  2 29  -  - 19 27 17 23 60 24 11  6 45 42  - 53 50  - 40 36  9 38  5 18 46  -  - 34 25 31 12  3 21  7 15 59 22  -  - 48 16 55
 31  3 25  - 26  -  -  5 56 18 29 34 47  9 60 49  1 30 52 21  - 19 11 40  -  -  - 45 36 43 23 33  -  2 39 51  8  -  - 14 13 46 42  7 15 57 35 38 32 17  - 59 55  -  - 16 44 28 37 12
 55 42 49  - 21 34 16  -  - 56  -  1 36 30 12 10  - 24 50 15 54  - 18 26 45  - 46 25 40 31  2 19 44 29  6 20 23 59 33 37 52  - 51 11 38  5 32 53  3  7  4 48 22  8 47 60 57 41 28  9
 24 32 55 28 59 11 51 50 43 16 12 39 44 38 34 21 20 60  6 49 17 53  1 23 47  -  - 42 14 29 58  -  3 45  - 37 26  - 41 56  8 15 36  5  9 13 27 33  - 52 40 31  2 46 57 22 10  7  - 18
  - 39 28 40 49 55 18  - 52  3  - 47 38 31  6 30 51 14 10  7  -  -  -  - 22 46  5 33  - 23  - 43 60 56 21 15  1  - 57 11 29 19  - 54 59  2 26 25 27 35 41 17  - 34 13 32 42  - 24 44
 26 18 46 34 16 58 40 12 57 21 25 52  9 37 17  6 45 19 38 50  - 55  - 30  - 47 11 20 33  8 32 36 39 24 54 29 43 31  - 13 10  -  - 60 35 14 48  2 28 44 49  -  7  4 56 53  1  5 15 59
 57 60 41  4 18 15  8 34 59 35  -  - 46  - 40 26 16 32  9 28 30 20  - 13 11 38 56 43  -  - 42 22  - 12 49 31  - 54 10  6 47 27 37 48  -  3 39  7  -  5 29 50  - 44  - 23  - 24  - 53
 53 21  9  - 25 50 41 11  - 33 56 16 57  - 37 14  7 51  4 46 55 12  -  -  3 30  - 40  5 18 28 45 48 15 29 17 60 19 39 42 24 13  2 22 23  6  - 44 47 36 26 34  - 52 31 27 32  -  1 20
 19 38 60 46  2 43 32 30 18 36 54 12 45  - 41  -  3 55 22  4 56 29 40 48 49 35 59 17  - 28 37 26 16  6  7 52 24 10 47  - 44 31  - 58 14 11  1 51 50 53  8 39 20  9  5 15 21  - 42  -
  - 31  - 43  - 22  - 45 23 10 40 55 26 44 35  - 14 41 39 17 15  9 49  8 46 11  - 47 30 36 50 25 54 33 13 12  - 52 58  5 19 32  6 29 53 27 42 59 16 57  - 51  1 20 28  - 60 18  2  7
 59  4 22 15  -  7 14 40 35 13 28  -  - 21 52 55 38 45 30  - 27  - 50 20 39  - 51  -  3 42 53  1  - 31 26 54 37 60  - 36 56  - 19 34  - 29 24 43 58  -  2 25 48  - 23 46  - 47 32 49
 40 44  2  - 60 20 15 35  4 34 30 33 49 24 11  - 43 18 59 23 48  -  - 55 29 52 38 16 58 22 31  -  - 50  -  5 54 13  -  - 28 26 53  8 19 12 21 41 10 32 46 42 27  1  9  - 25 39 17  6
 29 47 34 32 38 19  - 52  3 41 46 35 50 40  -  - 13 36 43 14  5 24 23  - 31 55  - 56 18 27 25 21  6  4 60 49  7 57 42 15 59  1 20 51 37  -  - 48  - 22 53 33  - 11  - 26 58 17  8 30
 56 41  - 17 30  6 48 60 58 11  - 29  - 55 59 42 36 23 14 13 25 28 54  -  -  5 24 37  - 19  8  4 45 10 52  9 57 43 12  - 34 16 44 32 33 21 46 22 51 50  -  3 40  -  - 20  - 49 18 47
 44  2 45 26  3 31 28 53 48 22 11 10  4 32  - 15  5 40  - 34 57 36  - 52 37 56 21 35 59 51  - 20  1 41 55 39 47 42  -  9 17 50  7  - 25 33 54 19  8 49 24  - 38 23  6  - 29 14 46 43
  - 17 26  - 51  - 54 33  6  8 35  -  -  - 42  -  - 13 24 27 49 60 57  - 12 15 28 11 43  - 40 18 20  1  -  - 21 56 59 19 30 34  - 36  7  - 50 46 25  -  -  9 45 53 16  - 14 10  -  -
 30 51 42 45  - 60  9  3  - 59 13  2 17 20 43  8 44 25 23 35  - 16 56 18 10 28  - 50  1 21  7 34 46 36 19 38 22 26 54 48 32 40 41 14 52  -  4  -  - 37 39  5  - 12 58 31 11  6 29 15
 34 45  - 47 53 57 46 44  2 32  -  7  - 10 26 35 40  -  -  6 50 33 48 38  -  9 37 52 55 39 14 51 18 23  -  -  -  8 49  - 31 24 30 13 41 16 60 54 15 12 20  4 58  - 29 17 56 25  3 21
  - 49 17  6 28  - 21 38 44 14  3  - 25  - 31 40 53 33  7 48 42 13  - 19 50  8 34 51  -  -  - 27  - 57 12 43 30 18 37  -  -  - 58 16 55  9  -  1  - 54  - 11 29 60 26  - 24 45 56  -
  - 26  -  2  -  -  4 54 15 25 37 42 55  -  8 11 49 39 34 40 36 43 30  1 14 24  3  - 56  9  - 13  -  - 47  6 58  7  - 52 27 10 12  - 46 28 53  - 45 21 50 22  - 16 38  5 48 29 44 60
 36 59 10  8 47 28 20  -  - 12 31 53 56 26 24 52 42  - 33 22  9 30 60 45 18  6 35 15  -  - 13 48 14 39 34  -  -  1 38  - 58 41  - 25  -  -  - 21 40  -  - 46  -  -  - 44  -  2 11 50
 17 36  - 27 10  - 47  -  1  -  - 46 42 19 48  2 59 52  - 39 60 50 12 29  - 33 54  5 21 53  -  9 38 55  -  8 44  3 20 40  - 22 18  6 11  - 49 32 43  - 30 35  - 45  4 28 16 23 26  -
  - 52 13 58 43  - 44 16 17  1 57 11 54 39 18  -  - 22 47 30  -  6 35 51 38 41  - 46  8  -  - 23 36 21  -  4  2 27  - 53 37 48 50 12 32  7 34 29 33 26 55 60  5 49 10 19  -  3 59 42
 50 23 27 10  9  2 30 37 45  6 20  -  - 11 51 22  -  4 46 52  3  7 44 42  5 36 18 12 15 24 49 54 21 26  - 19  - 14  - 41 60 55 43 53 28 25  - 35 39  -  - 32 57 47  - 59  8 58  -  -
 12 33  -  - 31  9  -  - 60  4 34 27  2 18  - 51 52 15 35  -  7 21 32 11  8 20 14  - 22  -  6 58 47 40 10 28 38  - 45 44 50  - 17 55 56 53  3 23 13 16  5  - 24  - 49 39 41 42 43  -
 35 58  - 60 11 52 17 49  - 46  1  - 48  - 20 38 12  -  8 57  - 10 59  7  - 50  - 13  - 26  - 16 29 34 18 22 42 53  3  - 45  4 24 44  6 40  -  -  - 27  -  - 30 31  -  - 55 15 25 56
  1  9 50 54  - 23 34 31 21 27 48 38 24  -  7 60 32 44 17 25 13  - 15 53 57 26 47  - 16 20  5 49 33 59  - 30  - 58 35 55 11 29 14  -  - 42 12 18  4 40 28 56  - 37 19 43  -  8  - 10
 45 55 18  - 34 47 31 41 40  - 39 32  -  -  -  -  - 28 54 20 51 25 13  2 21 19  -  - 44 17 12 53  -  8 48 42 33 49 29 59 43 37  - 26  - 36  -  -  6 30  - 24 14  -  - 10 50  1  9  3
  4  5  7 35 58 12 38  - 11 23  -  -  - 50 28 44 15 20  3 37 59 31 52 34 25 27 42  9  - 41 30 14 19  - 36 33 45  - 13 39  - 49 60  - 29  -  6 16 24 18 56 43 54 22 48  1 26 46 55 17
 10 11 51  - 15  - 58 55 12  -  8 18 33  7  5  4  - 59  - 53  1  - 46 54 23  3 13 48 41  - 47 57 28 25  - 60  - 16 21  -  - 17 49 42 39 20 43 45 56  2 14 30 37 36  - 24 34 50 19 32
  2 54 12  - 42  - 36 48 20 17 55 56  - 22 19 24 28 38  - 33 52 39  - 49 60  7  - 34 27 25 44  -  -  3  -  1  6 46  - 21 41  - 29  - 10 45 58  -  -  -  - 37 43 32 51 35 59 57 30  4
 15 24 37 13 23  - 11 59 46 38  - 54 53 29 45 48 25 21 12 47 18 26  - 56  -  - 52 60 28  - 51  7  8  5  1 57 32 22  2 17 49 43 10 31 30  - 33 36 44  4 35  6  3 42  -  -  - 16 41  -
 41 29 53 51  6 30  - 39 50  - 45  9 59 17  - 20 57 35 26 24 43  -  -  - 15 22 44 23 52 58  3 46  - 16  - 11 28 38  1  - 21  5 54 19  4 60 14 10 36 34 25 18 32 33  8  -  -  - 13  -
  - 16  5 19 44 29 59 57 30 51 23 58 15 36  2  - 60  1  -  -  - 56  7 22 13  - 40  - 32  - 21  -  - 27 53 50 39 34 31  4 14 28 47 33 48  - 20 24 42  6 54 41  - 26 17 49 12 43 38  -
  - 53 21 36  -  3 26  7 10 37 58 30  - 48  1 33 22 49 60 12 31 32  -  - 28  - 15 54 57  2  9  - 24  -  - 34  4 23 52  - 55 45  -  - 40 19 38  - 17  8 18 47  -  - 39 50  5 44  - 29
  - 27 31  -  8 46 45 26 19  2  - 22 29 53 36 16 18  3 32 55 20  - 24 60 52 37 23 41  - 12 11 28 17  -  - 58 25  -  -  -  6 44 21 40  - 15 13 49 30 42  9 14 10  7  1  - 33 56 50 48
  - 25  6 11 50  - 19  - 31 53 42 60 40 45 55  - 26  - 13  - 28 44 43 59  9 57 41 49 54 16  -  - 52 35  5 48 18 39 46 33 36 30 23 56  1  8 15 37 38 47 22 29  - 17 32 12  3 20 34  -
 22  7 38 41 32 53  1 29 24 20 27  5 51 43  -  - 17 50  -  8 37 35 55  3 44 42 49  6  - 46 48 59  -  - 45 56 31  -  4 47  9 33 13 28  2  - 40 39 60 15 34  - 26 54 12 30  - 21 10 57
