2880
 10  - 36 54 34  -  - 50 60  -  - 45  5 19  6 40 31 42  9 24 57 28  - 37 58 26 46 25 51  -  2  -  4  -  1  - 39 47 13 59  - 14 33 27 23 18  - 17 11  -  7 43 52 48  - 22 56 29 35 32
  4 39  - 37  - 23 55  - 19 31  -  - 47 41  - 43  9 40 28 44 51 10  7  - 12  6 11 52 53 27  -  1 15  -  -  - 21  - 54 56 60 45 58  2 22 49  - 30 33  5 14 38 13 29 36  - 46 16 20 26
 48 16  9  - 56  - 38  - 52  -  5 12 33 32  - 26 35  - 40  - 31  3 15  8 41 45 13 18  - 24  - 50 55 17  - 11 54 36 43 30 34  - 10  - 47 21  1 27 23 39 29  7 20 57  -  6  - 60  2 49
  -  - 15  - 40 19  - 60 56 54 47 51 42  - 12  - 24  - 14  7 17 39 49  4 10 38  - 33 55  -  - 58 13 29 18 52 25 37  1  5 53 59 44 31  - 11 27  9  2 28 32 20  -  - 41 35 30 48 23  -
 36 18  -  - 39  -  - 34 16 20 51  - 54  8 52 24 17  -  - 37 53 22  -  2  4  -  - 49  - 35 50  - 48 28  9 32 45 19 57  -  -  -  3 60 25 40  -  -  - 44 41  - 10 21 33 30  5 23 29 46
 51 24 43  -  7 26  9 46 31 16 23 39  - 30  -  1 58  5  8  -  6  2 14 53 48 34 27  - 50 45 12 37 11 54 59 13 18  - 44 25  - 22 21  4  - 57 10 42  - 49 38 55 60  -  3  - 36  - 52 40
 41 35 54  5 59 27  1 48 57 10  8 43 25 47 26 23 14  - 19 33 18 46 32 56 36 42  -  -  7 29  9 17  -  -  - 37 40 31 45 21  -  -  - 22 34 55  -  - 13 51 12  - 28 30 24 15 58 49 38  3
  - 30 17 43 42 10 45  -  4 53 21 22  7 54  - 52 49 24  - 29  -  -  - 48 14  - 44 16 11 18 32  - 36  3  - 41 19  6  2 57 59 50 13 58  - 37 40  8 34 46 60  9 35  - 31 55  1  - 15  -
  6 14 60 52 19 30 57 40 38 29  1 23 12 58 10 20 47 49 16 42  -  - 22 18 11 35  - 31 37 59 41 54  3  5 24 28 27  4 56 45 46 32  7 53 15 43  - 21 17  9 51 33 34 26  2 25  8 44 55 48
 14 45 13 50 31  - 37  -  8  5  -  -  1  -  -  9 15 60  - 43  2  - 24  - 27  - 51  - 36 16  - 19  -  -  3  - 35 33 28 18 47 55 29 12  - 30 22 34  7 52 39 58  4  - 54  - 59 53 56 20
  3 46 25 14  -  - 54 11  - 34 17 31  - 28  -  -  7 32  2 23  - 57 10 12 13 55 56 42 27 60 49 51 41 15 26  -  4 43  - 19  -  5  - 35 53 33  -  1 45 30 36 44 47  8 21 24 38 52  - 39
 26  7 50 22 11 45  -  - 23 48 18 28  -  5  1 17 52 16 32 59 54 53 19 49  - 20 42 56 14 30 57 15 25 43 35 46 29  9 34 38 55 10  - 36  4 13  - 41 51 33 37  3 44 24  8 27  2 58 47 60
  - 43 47  -  - 18 25 55  9  - 11 21 44  7 29  8 23 56 38 58 35 17  5 57  - 53 60  - 54 42  -  4  2  -  -  - 31 28  6 51 10  - 45 20  3  1 46 40 36 37 27 12 30 14 34 32 49 26 33 24
  - 32 56 34 60 29 33 22 47  -  - 50 26 23 15 59 10 11 48  4  7 13 46 28 53 39  - 19 30  8 36  - 51  2 21 45  - 40 27 41  9 57  6 16 20 52  -  -  -  -  3 31  5 43 18  -  -  -  1 14
 27 49  - 46 33  - 19 28 51 32  3 44 20 24  - 12  1  - 41 54 14 29  - 31  -  - 18  5 35  - 56 13  6  7 52 57 53 50  8  -  -  - 22 38 40 39  -  - 43 48 59 26  - 36 60  -  9 10 45  -
  - 22 32  3 35  -  - 53 20  1 36 11 27  2 48 54  4 58 46 19 44 60 29 23  - 18 45 57  9 50  - 31 10  -  7 55  - 34 17 26 33 24 12  - 41 42 28 56  5 14 49 30 40 52  6 43  - 13 39 38
 25 48 37  9 43 16 24  2  3 11 28 10 15 35  - 31 38 22 18 49 39 55 59 19 50 27 20 36 52 23  1  -  - 44 58 56 60 42  4 54 57 29  - 47 13 41  - 33  - 34  -  8  - 40 32 51 45  -  5  7
 24 20 14 56  - 51  -  - 11 21  9  4 19 50 39 28 30 38 54 27 13 52 60  - 17  - 10 45 18  - 55 25 53 59 57  3  2  - 58 34 12 40  5  8 31  7 16 36  -  -  6 42 37 15  - 23 26 46 32 41
  -  -  - 44 21  2 58  -  -  - 24 34 56 45  -  -  8 33 39 50  -  -  3 26 20 31  7 10 57  1 60  6  -  9 13 53 30 22 49 48 36 23 38 54 16 59 43 19 32  - 15 47 27 35 37 29 55  4 40 18
 34 52 38 10  8  - 26 59 28  3 37  5 39  - 16  -  - 19 45 57 40  - 42  - 47 51 21 55  - 56  - 46 24 30 20  -  - 15 31  -  -  - 18 14  - 50 32  - 29 54 44  - 33 23 49  2 35 27 53  4
 11 36 24 17 15  - 51  9 34 57 45 56 29  - 14 27  3 18  - 60  -  5  8 16 49 33 52 53  -  - 42 55 37 31  -  1  - 23  -  2 35 30 46 43 38 44 26 20 19 59  -  4 50 25 12 10  - 39 28 54
 38  - 41  6 13 42  7  8 24  - 60 36 10 29 54 18 25  3 31 30 43 11 57 55 39 49 34 47 15  9  - 59 56 27  4 16  -  - 32 20 26 17 48 51  5  -  - 44 40 35  -  - 45 50 28 37 23  - 46 52
 32 34  - 11 44 33 10  - 14 28 55  - 45 27 20 56 18  9 53 39 19  - 35 13 54  7  -  - 46  4 48  - 31 38 41  5 57  - 52  1 16 60  - 40  - 17 24 49 21 15  - 25  8 58 29 12 47 43 36  -
 16 47 27 53 17 55  5 13 35  - 29 46 38 34 11 10 26  -  7 40 50 15  4  -  1 54 14 51 28  2 43 33 52  6 60  -  - 58 12 44  -  - 39  -  8 25 30 31 22 20 19 45  - 32  9  -  - 56 48  -
 49 44 48 31  - 34 14 27  - 19 59 33  6  4  9 32 57  7 30 35  1 21  - 42 60 47 50  - 45 46 54 56  8 36 16 29 55 51 10  - 22 52 28 13  - 26 38 18 25 12  - 15 24 17 20 39 43 41  -  2
  - 51 20  - 12  6 18 54  - 14 39 19 34 56  2  3 16 28 58  - 25 24 37 38 43 40  - 23  - 49 47 44  - 10 42 59  1 48 33 60  8 21  -  - 30  - 52 11 53 50 45  -  7 41  -  4 15 36 27 29
 33  4  3  1 10  - 41 24 48 45 20 29 37 26 25 39 44 46 51 17  - 43  - 34  -  - 15 60  - 14  5 16 49 18 56 12 52 55 50 58  -  - 36  6 27 23 35 22  - 32 57 53 21 47 30  -  - 31 42 59
 28  - 10 25  4 12 17  5 40 56  - 24 36 52  - 57 37 13  -  - 32  - 58  -  - 15 53 34  -  -  - 38  -  - 49  6 46  - 35  3 50 20 26 18  7  8 48 23 14  - 21 54  9 59 22 45 27  2 30 33
 17 60 57 42 18  - 53 49  - 44  2 25 58  3 32 46 56 52 50 14 27  -  6 21 51 48 16 37 47  - 19 40 33  - 30 31 22 13 26 24 15 43  - 45 59 38  5  7 28 29 35  - 11  -  4 36 54  9 12 10
 58 21 46 33 41 53 13  - 29 24 27 15 16 44 55 42 34 50 57  -  3 36 28 30  - 52 37 11  2  - 31 23 32 14  6  - 38 10  5  9 56  7 43 26  -  - 20 12  - 47 17 59  -  -  1 60  4 40 51 45
  - 11 28 12 25 38 60 30 22  - 31 53  4 13 51 55 21 54 33  - 29  -  - 10  - 24  -  -  -  - 45 36 57 58  - 15 23 52 20 49 14 19 50 44  -  2 56 35  1  3  9 27  -  - 16 46 48  - 34  5
  - 56 33  - 30  1 23 52 45  - 35  -  2 39 50 60  - 44  - 15 49  - 54 22 16 17 38 29  6 25  -  8 40 13 28 42  -  - 36 47  - 51 57  - 11 58 19  - 46  - 10 18 55 53 48  9 20 59  4 12
 30  - 22 28 27 59 46 45  5  -  6 18 55 17 33 58  - 15  -  1 56 42 21 36 44 60 24  9  3 51  - 32 47 23 31  - 13 16 19 43 52 12  - 37 26  -  - 48 38  2 34 35 41 10 11  - 39 57 50 53
  - 19 49 20 22 17  - 31  - 51 43 47 28 46 58  - 36 37  1 34  8  - 53 52  2  - 41 14 60 39  7  5 42  4  - 35 44  - 18 23 27  - 30  -  -  -  - 24 26 13 54 40  6 55 57  3 50 45  9 21
  -  3 19 48  1 36  6 17 42 33 56  - 53  -  5  - 51 23 24 32 45  - 26 14 35 13 31  - 20 28  - 34 16 49 55 21 11 57  - 22  - 38 27 30 46 54  - 50 59 41 58 37  - 12 44 40  -  7  8 15
 22 31 29 30  -  5 11 57 39 17  4 27  8 40 23 47  - 26 49 20  - 56 48 41 34 32 36 24 42  -  -  - 12 50  2  -  -  3 38 35 19  - 54 25  - 53  9 58 52 21 43 16 46 51  7 13  -  1 60  6
  5 42  8 35  - 11 12  4  -  - 10 17 40 60  -  - 48 30 43 52 23 38 55 50 21 16  6  7 33 34  - 27 14 26 45  -  -  - 24 32 29 36 49  9  1 47 44  - 58  - 31 13  - 56 59 54 22  3 41 37
 54  - 40  - 50 46  - 56 32 43 49 20 24 42 57 16 19 48 47  6  - 35 25  1  -  4 30 12 29 13  -  9 27  - 15 33 36 26 60  - 38  - 31  3 14  - 17  -  -  8 55 22 51  -  - 21 41 37 10 58
 60  -  -  4 37  - 35 41  6 13 16  1 51 59  - 38 54  - 15  2  - 48 11 44 55 57 33 27 56 31  -  - 22 45  - 20 14 24  - 12 32  - 19 10 17 36 42  - 50 58 25  - 43 46  - 52  - 18 26  9
 57 33 52  -  -  - 44 19  7 50  - 32  - 16  - 35 60 17 37 12 55 41 31 27  5  -  - 21  8 40 26 29 43 53 11 24  9  1 46 10 30 48 15 59 36 20 45 38 47  6  2 49 54 42 51 18 14 34 58 22
 20 29 26  - 58  - 49  1 36  - 40 42 17  - 37  5 55 51 21 28 48 33 41 54 45  -  3 22 24  -  -  7  9 32 14  -  - 60 23 52 39  - 34  - 44 10  - 59 57 19 56  - 38 16 50 31 13  -  - 35
 19  - 53 15 32 24  -  - 25  9  - 49 30 31 44  2 28 41 27 10 59 58 56  5 33  -  -  -  - 57 18 45  - 52 43 60 48 54  - 39 20 47 35  7 51 16 36  -  - 26 42 21 23  1  - 11  - 12 22  -
  -  5 45 57 26 31 39 29 43 49 38  8  - 53 41 48 12 34  - 21 16 47 30  7  - 50 40  1  4  -  6 52 44 60 27  9 17 14 11 37 54 35 32 55 28  3 59 46  - 36 20 51 58 13 42 56  - 15 18  -
 44 13  1 23 49 22 30  7  - 36 41 60 43 11 59 51  - 55  - 46  - 19 38  6  9  8 58 48 16 26 17 47 18 21 32 40 12 35 14  4 45 34  2 33 24 31  3 15  -  -  -  - 25 54 10 28  -  5 37 56
  1 38 44 40 54 50  -  - 30 55 33 35 60 14 53 19 43 45  - 26 24 32  - 46  8 36  5 58 22  - 27 20 28  -  - 34  -  - 41 17 13  2  9 49 18  4  7 47 39 31 48 10 57  3 15 16  -  6 21  -
 39 40 12 49 48 37 22 10 26  7 53 13  - 15 43 44 50 14 34 16 21  -  - 24 46 19 47 59 32 58 29 30 35 33  5 25 20  -  - 36  -  3  - 23 52  9  -  2 27 55  8 17  -  4 38  1  -  -  - 57
 13 53 11 26 47  - 32 43 33  4 22  - 31  9 24 15 46  1  -  5 41 45  - 29  - 28  -  8 38 36 40 48 20 12  - 30 59  - 51  6 21 49  -  - 39 34 57  - 55 16  -  - 42 44 27 50  3 25  - 19
 40 41 34 38  - 35 16 36  - 52 57 26 59 22 13 49  - 20 44 53 60 14  2  9 18 58 48 28 23 43 37 39  - 46 51 27  8 21 15 50  4  6 24 29 55 56 54 10 42 17 11 19  1  7 47  5 25 33 31 30
 46 37 21  2 38 14 34 58 17  6 42  -  -  - 56  -  - 12 36 45 26 59 13 15  - 44 19  -  5 52 23 43  - 40 54 50 16 30 47 53 49 33 25  - 10 27  8  -  - 60  4 57 29  - 39  7 18 28 24 55
 52 59  4  - 57  -  -  -  1  -  7 16  - 55  -  -  2 27 11  - 33 12 51 40  - 37  9  - 13 10 58 35 26 56 44 54 32 25 39 42  5  8 53 41 21 15 18 29  3 45 24 48 31  6 46 19 28 30 49 34
 43 27 16 18  - 20 52 15 49  - 58  9  -  -  -  7 13  - 29 11 28 37 12 45 32  2 54 39 34  5 51 21 59 35 33 26 50 53 40 31  -  4  1 17 57  - 23 55 48  - 46 41 36 38  - 42  -  8 19 47
 59  -  6 55  5  4 21  - 10  - 46 54 32 49 38 36 20 35 22 13 30 34  1 47 19 43 29 15 39  - 11 57  7 41  -  2 26 45  -  -  -  - 56 50 60  - 25 28  - 27  - 23  - 33 40  -  - 14  3 16
  7 57  - 16  - 48  2  - 46 35 13 40 18 36 21 33 27 29  -  8  9 54  - 32  3 11  1 30 10 38  - 24 58  - 34 47 43 17 55  -  - 41  4 19 49 22  6 53 60 56 26  - 12 31  5 14 52 20 25 44
 50 58  - 24 20 28 47 21 53  - 19 59 23 43 27 45  6  - 13  - 15 49  9  -  7 30 32  4 25 55  - 22  -  - 48 10  - 38 16 33 42  - 60 39 29 12  2 57 56 40  - 11  -  - 52 44 34 51 17  1
  -  - 23 51  - 54  - 33 44 60 14  3 52  6 30  -  - 59 26  -  4 20 47 58 38  5 49  -  - 21 28 12  -  - 40  - 34 56  - 46 18 15 37 48 35 24 55 43 41  7  - 32 22 11 17 53 10  - 57 31
 56  2  7 27 28 13  4  - 59 23 12 52 46  - 31 30 53  8 20  3 34 18 50  - 15  1 25 38 58  - 24 42 60 57  -  - 10  - 21 16 48 44 47  - 43 29 41  - 35  - 40 14 19  9 45 26  6 55 54 17
  9 50 31  - 36 39  -  -  - 25 15 30 35 38  8  - 33  4  - 47  5 23 44 43 40 29 57 13 21  - 53 60 34 55  - 58  - 49  3  - 37 46  - 52 48 32 11  -  -  -  1  - 59 45 14 17 12 24  -  -
 53  -  -  - 16 32 50  6  -  - 48 37 49  1  7 29 42  -  4 41 12 44 17 51 57 14 35  2  - 22  - 18 38  - 46 23  -  8  9 15  -  -  - 28 56 45 31 52 30 10  - 34  - 60 19 20  - 21 13 27
 45 25 55 13  - 43 56 16 21 27 52  - 57 33 60  6 40 31 12 38  -  4 34  - 42 41 17 54  - 15 35 10 30 22  8 18  3  - 48  -  7 26 11  1  2 28 51 39 37 23 47 24 32 19  - 59 53 50 44 36
 47 10 18 29  -  -  3 25 50 22 26 55  9 20  - 21 41  -  5  - 37  - 36 60 56 23 43 40 44 32 38 14 54 39 17  8  - 46 30 11 58 31 52 24 33  6 49  - 12  4  -  2  - 27 35 34  7  - 59 13
