2880
 45 38  -  5 39 30  3  2 33 17  1 51 29 41 52  7  - 37 25 21  - 34 15 57 58 14  - 20 32 56  9 60 36 18 12  - 13 31 50  - 35  - 53 46 27  - 26 48 43  8 28 10 49  - 54 11  - 42  - 59
 25  - 18 16  - 17 51 38  8 45  9  - 40 44 34 52 53  - 10 48  - 39 31 35 24 27  - 11 19 13 37 32 59  -  - 22 50 47 57 46 54 60 28  3  - 15  5 49  - 33  - 20 30 23  6 58 55 43  1  7
  -  - 13 46 54 52 34  - 47  - 29  - 49  9 59  6  8 38  - 40  1 23 24 17  7 21  - 50 55 28 10 57 14 31 26 51  - 25 11  5 36  - 33 32 16 30  - 41 12  - 27  3 42  2 53 19 22 44  - 48
 11 56 17  3 53 27  7 39 22 59  - 25  - 36 44 16 57  - 24 15  - 47 58 33 21 50 43 42 51 31 19 55 32  -  4 13  - 18  - 30 12  9  8 48  6 23  - 38 49 14  -  5 41 29 37  2 46 60 28 20
  -  - 55 21 32  -  - 31 48  1  - 28  6 58 30 12 52 19 49 24  7  - 50  2 53  - 41 17 15 60 39  - 23  - 35  5 43 26 59 11 38 45  -  - 54 14 34 47  9  -  - 29 56 22 33 27 51 18  - 25
 28 45 57 50 13  7 42  -  - 46  - 33  - 19 15  - 18 27 35 12  8 20 34  - 48 29  -  9  - 53  -  - 10  - 52  4 44 43 51 31  3  - 16 54 59  - 30 17 21 24 11  - 23 36 55  6 49 39 37  1
 19 22 39 53  -  - 48  1 26  - 51  8  - 47 12 54 50 40  -  -  6 29 16 60 20 49  2  - 37 11 25 58  3  - 14 57 32 33 52 43  - 35 41 59 15 42 56 10 38 30  - 17 24 28 46 44 34 23 31  -
 53  6 32 24 57 60  4  -  - 55 31 12 15  - 14 30 54 39  8 11 43  1 18 44  -  -  - 22  2 27 56 29 49 42 17  - 19 13  - 59 16 21 48  -  -  - 20  - 51 10 58 52  - 26 28 35  7 33 47 37
 40 49  4  - 60 43 10 33 46 23 54 14 18  7 20  -  3 22 11 28 44 27 37 41 13 51 56 26  -  - 31  - 19 30  -  9 39 12 47 21 45 36  -  - 53 25 42  2 15 35 57 59  - 38 24 16 50 52 58  -
 51  - 45 11  - 24  8  - 25 35 48  6 58 52 16 40 34  -  2 50 41 14 26  4 27 59 47 28 54  3 49  7 13 36 31 21  - 39 29 60  - 55 10 33 18 43 53 32 46 17 30  -  1 19  -  5 20 57 42 12
 43  - 10 18 17 12  -  4 49 29 27 58 55 28 45 36 48 20 53  9  5 16  -  8  2 40  1  - 44 52  3  - 25 37 46  6 60  - 33 34 56 13 22 38 23 47 24 59 26 19 51 42 50 54 15 31 39  7 11  -
  - 21 44  - 31  -  -  -  - 47 50 46 53 60  4  -  - 24 54 58 12 45  -  - 29 15 17 56 33 51  - 52 38 25  8 36 42 23 34 13 55 59 43  7 14  3 19 35 22 18 49 27  5 37 20  - 28 32 57 40
 30  5 23 42  -  - 35  -  9  - 44  3 10 57 26 37  - 29 51 52 31 15  4  - 46 48 55  1 47  - 45  -  - 24  2 60  - 17  -  8  -  - 19 22 25 50 12 34 40 41 32 11  - 21 43 14 58  - 18 13
 48 46  1 28 11 23  - 17  - 12 34 32  -  4 36 53  - 31 26 29  - 60 10  -  3  -  -  6 20 35 21 15  9 19 43 52 37  5 18 16 51 24 42 44 39 33 45  8  2 58 14  - 13  - 27 38 59 54 40 41
 31 15  6  - 19 16 43 18 14 36 49 34 37 46 40  4 22 13  5 47 11 41 35  - 38  2 39 25 17 26  - 44  -  - 45  - 57  - 54  - 48 29  1 28 51 59 33 52 42  - 12 58  - 27  - 21 30  9  - 56
 56  8 50  9  1 29 14  - 32 13 28 54 35 15 42  - 45  - 55 39 60 10 53 51 23  -  -  -  - 36 46 40  - 22 27 19 24 11 12 17  4 57  7 34 47 16  2 18  -  3  - 33  - 25 49 52  - 31 48 44
 21 11 41 38 34 54 44 36 60  - 25 50 42 18  - 33  - 23 59 26 48 24  - 12 31 35 14 52 39 46  - 13  - 17 57 43 51 37  - 49 28  -  3 58  -  2 40 45  4 47 55 53  9  5 30  -  - 15 27 10
 18 37 53 48 29 55  6  - 36  2 19  - 44  - 32  3 49  - 46  -  -  - 38 20  -  -  - 31 23 57 17  1  -  - 58 42 14 59 10  - 34 33 27 26 30 52  4 21  5 16  - 40 28 50 35 54  -  - 43 51
 36  - 37 19  - 31 32  - 11 27 39  7 30 45 29 22 24 52 33 20 21 28  9 10 18  - 46 14 34  - 41 12 17 53 13 56 38 51 15 55 60 25 40 35 44 57 49  -  - 59 16 43 26 48  1 42  2  - 54  -
 52 43 54 14 38 41  - 46 24  -  - 30 17 50 37  2  - 16  - 35  - 31 13  7 44 20  -  - 60 45 34 33  - 59 49 48  -  - 25  - 15 51 47 23  -  - 11  - 28  5 22 36 12  9 57 39  1  6  4 29
  3 26 42  - 37 51  - 56 27  -  - 29  - 31 49 18  2 11  - 59 46 50 17 36  4 19  - 47  9  8 43 30 24  7  5 10 23 28 39 54  - 44 12 13 35 32 22  1  - 15 20 41 48 58 45 53 33 40 34  6
 55 59  -  8 22 47  2  - 12 20 45 44 26  3  - 60 21  9  - 16 35  6 25  -  -  - 27 15 57  4 51 24 33 41  -  -  - 53  -  -  - 48  - 39 28  5  - 58 56 40  - 31 32  7 10 30 52  - 50 38
 14 42  9 47  - 33 58 32 56 40 23  - 22 53 51 15  5 60 31  3 20  4 43 38 39  1 44 45 49 29 54  - 46  - 55 59 30  - 28  - 10  2  -  - 36 26  - 12  7 11 17  - 18 57  8  - 16  - 13 24
 20 16 19  - 44 49 22 45 38 28 58  - 51  6 23 47 60 14  -  - 17 42 27  - 50  -  7  2 21  - 15  -  - 40 25  -  - 30 37  - 32 43 35  -  9 48 39 55 24 52  5 57 46 41 13 34 54 59  - 33
  -  1  3 33 12  - 23 52  - 10  -  5  - 20  - 13 32 30 28 38  9  2 54 26 56  - 59 51  7 41 27 37 45  - 40 50 18 19  -  - 58 46 11 42  - 21  - 53 44 60  - 15 36 17 14 49 25 16 35  8
 10 60 15 22 25 13  -  -  2 33 16  -  1  -  9 59 58 34 19 53 39  - 14 55  5 28  3 43  - 21  8 47 57 49  - 27 36  -  7  -  6 41 52 37 45 40 51 42 18 44  - 23 20 56 26 46  - 48  -  -
 33 13  2 58  3 19 24  6 10 41  - 45 39 49 38 11 35 47 43  -  - 32 60  - 52  7 12 46 40 42 23 59  8 54 29 28 34 48  -  - 22 16 25  1  -  4 18 14 53 26 44 50 31 55  - 51 56 30  - 15
 49  -  - 27  - 40 60 15  1 54 22 35 41 24 53 55 20  - 12  6 57 30 59 50 51  9  -  5 18 25  - 38 44 34 32 23  7 14  8 52 29 56 26 17 48 46  3 11  -  - 45  - 43 10 42 47 31 37 16 39
 29 48 52  - 14 35 50 20  -  8 24 10  - 39  2 28  -  -  - 57 15 19 11 27  1 47  -  7 59 18 36 16 40 44 33  3  9 22  5  -  - 34 55  6 58 38 32 23 54 31 21 60 37 51  - 26 42  -  - 53
 37 29 24  2 52 25 17 57 31 22  - 27 19  8  3 51 42  - 14 32 26 54 36  - 40 56 21 48  - 55 60  -  4 28  - 34 59  9  - 50 47  1 30 15 41  - 35 44 23 38  - 45  - 13  7  -  5 12 46 11
 15 41  -  - 24  - 29 53  - 43  - 19 33 22 54 14  - 42  4  - 25 21  - 46 37  - 58 16 12  7 57 45  -  - 10 39 27 38  3 28 40 11 59  -  2  - 23 30  - 49 56  1  -  - 34  8 13 26  - 52
  -  - 31 25  - 10 40 16  - 49 60  - 50  - 22 38 11  5 32 19 14  8  - 42 36 45 37 29  4  6 44 54 43 15  - 20 52 58 17 27 24 53  - 41 34 39 13 26 35 56 23 28 57 33 51 18 48  - 55  3
 46 25 26 49  5 18 39 22  - 31  - 38 21  - 35 19 14 57 60  8  - 17 32 59 30 11 24  - 27 16 20 28 47  -  - 44 12 41 58  3 23 52 36 29  7  6 43 51 50  2 34 48 54 15  - 37 40  1 33  4
 16  -  -  - 36  5 59 10 52  4  8 17 12 32  7 50 15 26 21  - 18 25 48 58 43 57 54 41 14 20 42 53  - 23 39 33 35 49  - 51  2 31 38 60  -  - 47 27 30 13  9  6  - 46 40 22  3  - 45 19
  7 18 21 15 16  1  -  5 58 19 11  - 38  - 33  - 44 46  - 30 37 43  -  9 17 32 42  4  -  - 52 34 12 29  - 47 55 40 13 45 41  3 51  - 60  -  8 56 10 36  - 39 22 35 50 25  - 28  2 49
 42 47 14  -  - 46  - 30 54 57 21 36 43 27 28 44 37 50  7 34 32 26 23 13  - 53  -  -  8 58 11 18 52 10 60 38 29  - 24 25 59  6  5 49 33 20  - 22 45  9 48 16  3 39  2  4 35 17 56  -
  -  - 29 26  - 14 56 28 19 11 41  -  9 37  6  -  - 17 48  7  -  - 55 22 10  3 31 35  1 59 12  -  - 13 20  -  - 34 40 36 53  - 58 43 50 45 16 46 25 42 52 21 39 47 44 15 60 24 38 32
 35 52  -  -  7 48  -  - 20  -  2 47 16 30 50 23  -  4  - 45 19 51  1  -  - 10 38 53  - 40  6 36 29 58 59  - 28  - 31 37 18 49 34 57  8  - 41 25 32 12 54 13 14 42 22 33 43  -  - 21
  -  - 60 51 18 21 13 37 44 52 53 40 28  - 24 29 12 25  - 56 59  -  -  - 35 26  -  -  5 39 33 11 20  6  7 14  - 36  4 38  - 23 57  -  - 31 58 54 47 48  - 30 10  - 16 55 32  3 19  2
 22 31 48 34 43  8 26 12 59 25 30 23 52 51 39  - 38 54 29  5 47 57 28  - 14 16 33 55 53 15 24 42 60 32  -  - 49  2 46 35 21 27 56  -  -  9 36  4  1 37 40  -  6 20 41 17 18  -  7 45
  5 27 25 40 28  4 21  3 37 26 35  - 31 34 47 17 43  -  9 23 13 12  8  - 33 52 57 44  - 19 22 10  - 55  -  - 48 56 20  -  7 42 50  - 49 54  - 16  6 53 46 32 38  - 59  - 36 58 39 14
  - 36 51 54  - 58  5 60  3 14 13 49 45 55 46 21 26 35 18 17 34  - 56  - 57 33 11 59 29  - 53 48 41 50 28  - 16  6 22  7  - 20  - 19  1 12 10 39  8  -  - 37 15  - 52  -  - 25  9 30
 32  - 49 13 33 37 47 58 30 39 59 16  - 17 60 57 51  2  - 54 28 53 12 19 45 25 23  3 31  9  4 26 56 48 22 35  1  7 38  - 43 50  6 20 42 41 21 15 55 34  -  8  - 44  5  - 24 46 14  -
 54 53 34  7 41  6 52 29  4 37 17 43 56 14 25 45 33 15 27 46  - 13 19 31 16 22 20 36  - 32  1 23  - 51 50  - 47 42 55  2 49 26 60  9  3 10  - 57 48 28  8 24  - 40 18 12 11 21  5 58
  - 34  -  - 48 22  - 27 53 30  6 18 59  - 43 35 31  3 17  4  -  - 39 49  - 54  - 40 56  5 29  - 26  2 38 58 33  1 36 23 50 14 46  - 12  - 57  - 37  - 42 51 60 52  - 45  9 55  - 28
  -  - 46 35 50 28 54  -  -  9 52 56  2 21  -  - 36  6  - 22 33 55 47 40 59 31  - 58 11  -  - 49 15  - 30 12  -  -  - 19  -  4 18 51 24 13 25 37 29 27 60  - 45  -  -  -  - 38 32  5
 39 51 12 23  - 53 38  - 55 34 33 41  -  5  - 43  4 56 58 10 24  - 49 37 28 46  - 19 30 54  2 27 21 16 18 15  3 29 60  - 57 47 44  - 40  1  -  9 11 50 26  - 52 31 25 59  6 14  -  -
 44 17  -  -  2 15  - 25  7 50 18  -  - 43 58 46 41 36 22 14 54  - 51  - 26 23  -  - 42  - 32 31  - 56  3  - 20 21 19  1 13 30 24 12 38 34  -  -  -  - 59 55  -  6  - 57 47  8 53 27
  2 40  - 56 45 38 37  7 39 42  -  - 32 12  - 27  1 48 15 49 22  - 21 30  8 17 50  -  - 47 59 41 16  3 24 55  4  -  - 44  5 54 23 14 52 19  -  - 34 46 35  9 25 60 29 28 53  - 51 57
 23 32  -  - 26 42 18 44 43 48 40 52 47  2 27 39 30 58  - 36  -  - 29 25 12 41 15  -  - 38 28  - 51 35  9  -  - 50 14 33  1  5  4 53 37 11  -  7 13 22  - 54 16 34 31 10  - 56 21 60
  - 24 11  4  - 34 20 51 15  3 38 55 27 13 18 31 59 41 50  - 45 56 40 28 22 39 35 60 43 49  5 46  -  - 23 25  - 52  - 57 33 17  - 47 29  8  - 36  -  7 37 26  2  - 32  - 21 53 10  -
 59  3  - 30  8 56 25 34  - 24 12 37 23 16 19  -  - 51  -  - 49 58 44 11  - 18 53  - 28  2 40  9 55 14 41 32  - 60  1 26 52 39 17 50 21 29 27 13 33 54 15 38 35 45  4  7 10  -  6 31
  - 33 22 44  - 26 12 55 51  - 56 20  - 11  - 42 40  7  6  - 53 52  5 39 49  8 36  -  - 43 38 25 34 47 21  - 41 27 32  4  - 15 31  - 57 60 48 28 58 29  3 14 19  1 23 50  - 13 59 46
 38 28  7 57  - 32 31  - 34 60 15 26  5  - 56  9 47  8 41 25  -  3 45 48 55 44 49 39 13  - 18  6 53 33 54 46 11 16 23 10 42 12 21 30 19 37 14 20 52  - 50  2 17 43  - 24  -  -  - 36
  -  - 43 12 21  -  9 11 45 16  7 15 46  - 55 41 17 32 37 44 23  5 57 52 47 30 13 54 22 34  - 35 27 39 48 31  6  4 26 58  -  - 20 56  - 28 38 29  - 25  - 18 33 53 36 60  8 51 49  -
 60 44  -  -  -  2 28 41 29 53  3 22  - 48 21  5 13 55  - 31 58 38 52 34  9  -  - 27 50  1 35  - 42 12 15 37 10  - 49 32 20  8 45 18 56  -  - 33 17 57 24 46 11 59 19 23 26 36 25 43
 27 54 38 59 51 20  - 21 50  - 37  2  3 33 57  -  - 18 30 60 10  9  - 23  6 43 28 13 16 12 48 22  1 26 34 53 40 45  -  - 44 58 49 11  -  - 46  - 31 55 25 47  8 14 39 32 29  - 52 17
  1 35 40  - 47 11  - 42  - 32  - 60  -  -  5  -  6 10 44 13 29 59 46 24  - 36  - 30  - 17 58  - 37 57  -  7  - 55  2 53 19 38  - 31  - 18  9 50 27 39 33 34 51 16  -  3  - 22 41 26
 41  4 30 45 10 59  - 19 35 15 46 11 24 40 13 25  9 53  - 27 52  - 33  1 32 37  - 23 58 14  7  3 31  5 42  -  2 44  -  -  - 28 39 55 17  - 50  - 20 51 47  - 29  8  - 56 38 49 36  -
 50  7 28 29 55  9  - 14 16  -  5 48 20 26  1 34 56 59 42 33 27  -  3 32 15  -  - 21 25 30 47  -  - 11 44  8 54 46  - 39 17  -  2  - 31  - 37 40 57  6 36 49 53 18 12  - 41  4  - 23
