2880
 57  7 48  5  9 51 46 30 20 19 36  - 32 45 22 41  - 37  1 40 44 25 55 50 60 24 21 49 58 42 54 53 13  - 31 28  4  8 43 10 16  3  6 33 35  - 11  -  - 29 23  - 17 18 34  -  - 59  2 15
 44 16  - 18  - 22  -  - 41 60  -  5 55  7 29 26  - 57 17 49  -  6 14  -  4 56 15  - 39 10  -  1 36  2  8 45 27 48  - 40 38 37 11  - 51  - 13 46  - 42  -  - 32 28 20  9 35 21 23 34
  3  -  -  6 57 13 23 44 27  -  5 41  1 26  -  -  - 15  -  -  - 19 11 38 51 59 42 47 29 12 14  -  -  -  - 50 22  -  -  - 49 46 34 31  - 21 55  - 32  - 16 28 18  7 43 36  - 20  4 25
 29 42 51  - 21  4 10 47 37  8  - 22 20  1 35 25  - 33  6 13 38  5 44 11 19 31 60 55  -  2 12 24 59  9 49  -  3 50 23  - 52 34 53 41 17 30 40 14 57 45 43  - 15 48 56 28 27  - 18 58
 60  - 36  3 33 16 51 11 39 28 10  - 59 24 19 46 21  7 38 22 56 31 12 55 58  - 34 18 14  - 43 49 52  1 20  -  9 13  4 47 32  - 23  -  - 15  - 37  5  - 45  - 57 53  6 40 26 41 54 30
 37 36 13 53 42 24  - 60 38 58  - 34 46  -  - 16 33  9 51 52 29 43  - 18  1 45 23 32 11 56  4 47 17 14 21 22  7 55  6 57 12  - 50  5  8 27 10 44  -  - 28  3 26 49  - 20  - 39 48  -
  - 55  -  - 44 40  -  2 12 53 41  -  8 54 20  6  - 24 23 38  - 48 29 14 34 57 30 56 46 51 35 19 22 60 26  - 58 17  7 15 11 18 52  -  3 45 39 16 36  -  9  - 33 50 31  5 21  -  - 37
 35 32  - 59 22  - 25 14 45 11  -  - 48 28  3 58 17 56  5 41  - 34 38  8 52  - 47 44  - 43 42 30  - 50 40 23 15  9 33  - 29 54 46 19 39  -  - 49  - 13  -  - 60 20  7 26 31 55 24  6
 45  - 59  - 31  9  -  - 32  - 33 14 51  2 47 17 52 42  7  6  - 38 50 43 57 28 39 15 56  -  - 26  - 55 34 18 12 19 20  8 13  - 27 60 41  - 54 58 25 37  5  -  -  -  - 22  3 30 44 11
 52 38 11 39 56 34 21  - 49  -  - 18 50 27 43 53  -  -  3  1  -  - 36 44  8  - 24  -  - 41 48 20 58 10 47  9 51 42 25  -  - 31 37 57 60 14 29  2 12  -  4 19 40  - 22 45 32 35  - 33
 10 49 43  -  -  - 28 36  - 31 45 54 33 16  - 11 40 20 53  -  5  - 26  - 30 14 27 34 15 25 17  6 29  -  - 37  1 60 21  2  9 23 57 13 22 24  3  - 41  -  -  4 46 55 52 35 18 58 42 12
 21 52 30 42 18 58  4 29 11 41  3  - 14 59 49 32 16  - 60 48  - 23 33  5 31  -  - 19  1 45  - 55  - 12 24  8  - 47 27 44 40 15  9 54  - 37  - 35 34  - 39 36 43  - 26  2 25 17 22 51
  7 40 23  -  1 32  8 37  - 20 60 31 47 55 50 24  2 27  -  -  -  - 49  -  - 25 17 51 54 29  - 33  5 21 16 38 43 34 18 22 48 44 36 46  -  - 35  6 11 30 13 15 42  -  -  -  -  3 56 45
 53 39 14 22 29  -  - 27 50 54  - 33  -  - 58 23 41 44 15 34 32  7  9  - 20 12 52 40 10 55 11 57 51 25 43  6 45 49 19 59  - 17 16 38 56 36  -  1  2  4  8 47 35 60 13  - 48 24 21 46
 42 43 41  - 28 30 34 20  9  - 15 38  - 18 51 13  - 53  -  -  -  1 54 22  - 58 50 29  8 32 46 59 49 37 12 26 48  7 35 16 17  - 33 10  2  3 23 31  - 40 52 21 39 24 19 57 45  5 36 55
 16 27 49 52  - 29  -  8 44  6 25  7 28  - 10 19  -  2  - 55  - 33 60  - 15 11  5 39  -  1 34  -  - 59 57 14 56 35 46  - 43 41 26 36  - 20 32  -  - 23 58  - 51 31  - 12 30  4 38  -
 14 15  - 50 53  - 22 31  -  1 43 10  - 11  8 27 44 55 39  7 51 18 47  6 56 19 20 45 28 33  -  3 40 38  9 24 16 23  - 41 59  2 42  4  - 17  5 25 35  - 12 52 21 58 30 13 36 60 29 48
 19 47  -  - 26 11 36 10 35 40 44 28  - 32 34 52 12 16  4  -  - 39 53 25 50  9 55  -  7 48  8 43 31 42 33 30 23 29 37 20 56  -  3 58  1  5 57 18  - 22  -  6 49 54 59 46 14  -  -  2
 31  - 32 57  -  1 30 26  -  9 34 47  5 14  - 36  -  6 42 43  8 15  - 10  - 46 49 25 59 35  - 40  - 22  - 17  - 39 58 27  7  -  2 28 33 12 24 50 52 41 21 20 54  -  - 18 56  - 60 16
  8 28 16  - 39 26 56 25  -  7 46 53 36 50 12 55 38 54 37 20 42  9 45 58  3  6 44 41 30  - 32 14  2  -  1 11 59 10 49 48 22 52 31 18  - 23 33 47  4  - 35  - 13 51 24 60  - 43 15 19
 41 12 10  - 27  -  5 43 60 17  -  3  - 57 30 38  - 32 21 35  9 24 40 47  - 44  - 13  - 15  - 31  1 51 29 52  6 53  -  4 23 36 22  -  - 34 50 59  -  - 37 46 56 14 45 16  - 19 20 26
 22  3  - 44 59  -  - 17  2 42 58 23 30 39 14  - 56  - 32 26 33 10 13 51 40 47 28 52  - 46  7  - 19 54 25  -  - 24 16 45 60 21  5  - 55 35 53 43 49  6 18  - 11 36  - 15  -  - 12  1
 18 54 22 16 46 36 27 58 25  2 59 39  -  - 15 51  1 38  -  - 23  - 20  4 12 26 41 50 57  - 37 56 34 13 48 10 19 30 11 33 35  9  - 21 53 40 42 52 17  - 14  -  8  - 44 29  -  - 28 43
  -  1  -  - 40 47 26 38  5 15  - 46  2 58 13 30 37 60  9 23 22 29 17 52 32 35 45 31 49 21  3  8 57 36  - 43 10 16  - 50  6 20  - 25 27 19 44 12 24 55  - 51 34 42 18 41 53 56 33 14
  5 50 35  1 48 44 60  - 55 16  - 24 21  6 32 56 53  -  - 37 34  -  3 49 46  - 36  4  - 30 29 17 41 19 23 59 18 38  9 39 25 51 20 45 12 54 58 57 33 31 11 13 52 15 14 43 28 26  - 10
 30 10 24 15 43  6 39 16 40 48 38 59 19  - 28  - 46 34 31 21  4 58  5  -  -  - 26  2 50  9 41  -  - 57 18  - 55 52 51 13  8 14 29  - 45 25 47 42 56 60 32 49 12 33 11 54 23  - 17 22
  - 57  - 41  -  - 11  -  - 50 20 35 34 13  7 22  - 19  - 27 10 36 31 54 21 18 43  8  - 16  - 52 56 32 15  - 47 33  3  6 42 60  -  9 59 55 49 24  - 17 46 44 53 12 40 48  4 51  1 23
  1  -  3 55  -  - 49  - 30 57  - 45 24 21  2  -  9 25  - 29 20 41 28 39 18 17 19 14 40 54 56 38 12  4 35  -  8  6 60 42 33  -  - 11 23  - 43 22 53 16 10  -  - 27  - 34 15 48 31 13
 20 33  - 40  - 53  - 48 42 59 27  - 45 37  4  - 55 36 35 56 14 46 30 17 41 15 18 24 60 22  - 16  6 49 38 19  5 21 13  -  -  8 25 51  -  7 52 11 54  9 50 57  -  -  1  3 29 44 47  -
 36  -  4 25 34 54  - 41 26 30 24 58 52  9 56 18 39  - 20 44 49 51 37 29 17  -  2  - 12 23  6 13 50 53  3 46 57 11 14 19  -  - 55  -  5  8 48 21 42  - 15 43 31  -  - 10  -  - 59 60
 43 53  6 32 41 19 20 13 18 35  1 17 25 56 38 47  7 29 14  - 39 52  - 34 16 22 59 60  -  - 31 23 33 15 58  - 46 44 30 28  - 11  8 26 21 42 27 48  - 51 54 37  - 45 55 50 57 49  5  -
 27  - 29  7  2  - 18 40 59 32 56 50 38  8 57 28 51 39  -  -  - 21 58 46  - 10 48 11 17  4  - 12  3 43  - 60 14 26 24 36 47 19 30 44 31 52  - 33 55  - 20  9 16 25 35 49 22 42  - 54
 34 31 54 19 13  - 12 51 47 52 55 48  - 53 16  -  8 18  2 36 46  4 15 42 11 20 38 10 22 49 50 58 21 23 60  1 41 57 45  3 44 43 14 35 28 32 59 26 40 25 56 33 27  - 17  -  - 37  6 24
  - 25 28  - 35  3 44 34 15 29  - 55 12 48 59  - 50 11 45 53 52 27 51 60 49  5  9 58  -  -  1  4 18  8 42 57  2 22 41  - 21 38 56  - 20  - 30 10 37 14  6 26 19 43 46 24  7 23 16 36
  - 44  9 38  3  - 16 35 36  - 21 26 22 33  -  4 43  - 29 17 55 54 27 37  5 42  6 20 41 34 59 48 15 28  - 40  - 51  - 30  - 56 18 23 13 57 19  8 60  -  7  -  - 10 58 53 49 52  - 47
  - 24 19  2 23 50 57 46 53  -  -  - 31  3 33 60 22  - 40 14  - 35 56 13 42  1  -  6 52 39 10 15 20 44 59 29 54  - 26 25 18 16  - 47 32 28  - 55  9 36  - 17 41 38 37 58  8 34 49 27
  6  - 12  -  4 18 41  9 24 47  8  -  - 25 31 20 60 52  - 50 13 26 46 28 55  -  - 30  -  - 40 21 42 16  - 15 35  - 48  -  -  - 17 37 19  -  - 29 45 11  3  -  2  - 38  1 33 22  - 44
 25 46 42 27  - 23 32 33 31 34 49 29  -  - 45 15 19 40  -  8  -  - 52 16  7 39 57  9 18 53 21 44 47 26  - 54 20 59 28 11  2  5 12 43 24 41 36 30 13  1  - 48 14 22  4 51 10 50  -  -
 55 21 45  9 47 17 29  -  4  5 23 11 54 46 41 49  -  -  8 15  -  - 59 12 38  - 25  -  2 24 36 34  -  6 28 33 13 18 56  -  1  -  - 53 37 10  -  7 39 58 31 35 44  - 32 19 52  - 27  -
  -  - 58 56 51 42 38 45 13 43 22 57 41 19 24  -  - 12  - 60 21 11 39  9 47  8  -  - 44 52 27 54 26 33 36  5 34 20 10  7 37 35  -  1  - 29 28  3 23 59 55  2  4 17  -  - 46  6 30 53
  - 59 20  -  - 60 24 19  8 21 39 51 18 40 53  9 13 26 52  -  -  - 43 35 10 16 22 28  6  - 55  - 44 45  - 41 36  3 34 17 57 29  7 48  - 46 38  4  - 49  1  - 23 37 54 56 47  - 58  -
 39 14  - 12 60 25  9 57  6  - 13 42 53 29  - 21 18 23 43 46 31  -  -  - 28 36  - 38 45 11 16 51  - 35 52  3 33 32 47 26 30 55 15 59 49  2 37 34 22 20  -  8  -  1  5 44  - 54 50  -
 13 26 38  - 16 10 43 50 57  - 51  4  - 36  - 45 30 46 11 18  - 47 21 31 35  7 14  - 34  3  -  - 48 40  -  - 49 37  -  - 39 58  - 29 54  -  - 60  1  - 42 12 55  2  -  - 59 25 19  -
  -  4 31  -  - 35 13 49 33 36 37  8 40 20 27 29 42  3  - 16 28 44 19 48  6 55 54 57 53 60 51  - 46 18 10  - 21 45  - 38  -  - 39 52 34 43  9 17 14 56 22 30  7 59 50 11  1  2 26 41
 56 58 26  -  - 49  1 12  -  - 11 15 43 34  - 54 28 59 10  - 18 16  2 57  9 40 13 48  4 27 39 42 32  - 41 21 24 36  8 52  - 22 35 50 38 53 60  - 19  7 25 31 45 46  - 23 51 29 37 17
 48  - 15 45 52  - 58  6  - 49  2  - 13 10  1  3  - 17 25 11 27 30 22  - 33 37 16  - 35  7  -  5 54 20 56 42  -  - 57 31 14  -  - 24  4 38  - 40 29  - 53 55  9  - 12  - 50 36 32  8
 58  8 52 49  -  - 15  1 17 37  6 21 56 35 46 33 54 41 19  2 36  - 24  - 29 32 10  -  9 28 45  7 14 30 53 31  - 27 42 60 51 59 48 22 47  - 20 23 16 38 40 11  5 34 57 25 13 18  -  4
 24  -  -  -  5  -  6  - 54 51 14 25 57  - 42 37 45 50 13 32  -  - 34 15 27  -  3 35  - 58 26 18  - 46  - 16 28  - 38 43 19 40 47 55 30 11 56  9 20 39 49 41 48 29  8  7 44  - 10 59
 40  9 44 20 50  - 14 28 48 27 57  1  -  4 54 42 15  -  - 10 12 59  - 24  - 60 35 37 19 47  5 45 55  3  - 53 25 41 22 29 34 33 13  8 11 16  2 56 21 52 51 18  -  6 36 32 17  7 43 49
 26 20  8 30 11 48  3 21  7  - 47 44  9 23 18 50  -  - 34 28 54 49 42 45  2 33 32 27 36 13 38 37  - 52 39  -  -  - 53 12 41 57 40  - 46  4  - 15 31  - 24 58  -  5 16 55 43 14 51 56
 17  - 50 46 19 20 55  - 52 45 31  - 58 43 23 14 35 49 16 47 37 57  6  2 36 30  8 33 26  5  9 29 25 27 22 48 60 54 40 18  4 39  1 12 42 13  - 38 44 28  -  7 59 11 51 21 24 10  3 32
 54  - 55 28  - 46 37 56  3  4 26  - 44 49 36 12  -  -  - 31  - 13 32  1 48 34 51  7  - 17 52 50 39 11 19  - 53 15 29 35 58 25 38 20  - 22 18 41 59 10 57  - 30  8 21  -  - 45 40  5
 38  2  5 31  8 39 17 23  - 14 16 36 15 47  - 35 58 45 55 57 59 37 18  - 43  - 29 21  - 44 53  - 28  - 50 27 30  - 52 51  -  - 54 40 10 60  4 13  7 24 19 56  - 41 49 33 34 46  - 42
  - 34 27 24 17  - 47  - 58  3  9  - 16 51  5  2  - 31 28  4 48 42  - 40 53 23 37 54 25 19 60 32  7 41 55 49 29 14 44 21 50 26  - 56  -  - 12 45  - 15 33 22 36 52 10  - 20 13 11 39
 12 56 18 34 54  - 35 39 28 38  - 13  - 15  6 43 20  - 57 33 16 22 10  - 45 51 31 53 37 26 44  9  8 29  7 55 42 58 59 24  5 47 49  2 40 48 14 19 30  -  -  1  3 21 25  - 41 11 46 52
 47 11  - 35 37  -  - 15 22 18  -  - 17 52 21 57  4  - 54 45 24 32  7  - 25 50  - 59 42 38  2 46 30 39  - 34 26 28  1  5 55  -  -  3  - 51 31  -  - 48 44 14 20  9 23  8 58 16 41 40
  4  - 53 29 49 15 33  3 56 26 12 20 42 38 17  8 34 30 27  - 58  - 16 32 13 52  1  5  - 50 47 60 11  7 54  -  - 31 55 23  - 24 41 14 18 44 22  - 43 46  - 40  -  - 39 59  6  - 25 21
  - 37  -  - 20 14 45 55 16 25 35  - 39 41  9 40 26 51 48 54 19  3  1  7  - 49 12 36 24 18 58 10 38  - 30 13  -  - 15 56 27 53  4 42 44  6  - 28  - 57 59 50  - 32  - 31  5  8  - 29
  - 30 47 10  - 21  - 54 46 13  -  9  4  -  -  -  - 35 12  -  -  8 57 23 59 41  - 43 55 37 33  2 45  - 27 58 40 56  - 34 20  1  - 16  -  -  6  5  - 44 29 60 50 19 42 39 11 15 52 38
  9 17  - 37 10  - 52 42 23 56  7 40  -  - 55 59  5 21 44 58  1  -  8 27 24 29 46 22 51 20 57  - 43 31  2 32 50  - 12 49 53 48 19  - 16 47 41 36 28  3 26 54  - 13 60  4  - 33  - 18
