2880
 30  - 53 21  - 20 59  5 43 15  - 11 18  1 27 45 58  - 32 19 16  -  - 36  - 34  8  9  - 12  - 25  - 13 48 22 49 39 52  6  - 37 14 40 33 35 56  7  - 17  - 60  3 51 10 44 38 24 31  2
  2  -  - 10 51 40  7 58 15 28 32 46 53 47 38 21 31 13 18 60 48  6 35  -  - 12 22 19 17  - 33  4 26 50  -  5 45 55  - 34 52  - 29  - 16  - 57 24 20  9  - 25  - 41 59 39 36 30  -  -
  -  - 52  - 54 56  - 29 16 35  9  - 43  - 57 39 26 60 58 44 41 55 11  - 38  - 18 25 45 36 10 13 48 34 20  8  -  4 23  3  2 47 32 59  -  6 15  -  - 42  - 46 12 30 37  1 40 22 14 17
 39  - 57 30 28 59 50 20 12  -  -  4  5 10 54 31 35  - 56 32  - 48 18 58 13 29 33  - 16 45  - 36  - 49 17  - 11 53 60  - 15  - 19  6 55 34 38 41 52 22  - 27  -  -  8 43 21  7 47  -
 37 33 29  -  7 31 27  - 35 22 41  - 15 60 55 43 17 42 38  -  - 12  4 46 19 45  9 47 44 26 57 30  -  2  -  -  -  -  6  8 16 34  - 49 39 58 40  -  - 32  - 53 36 20 24 28 48 50  -  -
 11 26 20  1 25 58 32 14  -  4  - 49 24 12 44 33  -  -  9 42 27 34  - 40 46 54 57  7  -  6 13 31 52 35  2 60 29 45  - 55 41 36 50  8 17  5 37 18  3 53  - 16 51  - 30 59 43 28 56 10
 56 10  -  9 44 27 12 38 14 43  2 50  6  4  -  -  1 21 40 52 51 16 58 24 48 17  5 49 30 42 60 20  3  - 53 59 37 36 32 28 45  8 31 41 35  7  - 55 39  - 26  - 46 57 25 18 34 13 22 29
 45 42  - 48 43 17 11  -  - 31 34 13  - 38  9 24 59 52  3 54 39  -  - 14 57 22  - 58 27  1 47  - 30  8 18 12 53 21 28 41  -  - 55 51 32 40  6 50  5 56  - 44 20 23  -  4 49 16 37 33
  8 19 21 60 59 29  2 52 28  3 17  - 41  - 56 58 13 10  - 30  9  - 34 25 15  - 39 27 36  5 48  7 47 31 55 20  - 37 42 51 40 54 44  4 53 26 18 45 50  - 14 38 49 16 12 35 24  1 32 22
  - 49  - 45 15  2 22  -  7  - 46 41  - 37  - 56 19 26 25 31 36 53 30  - 42 48  -  - 12  8 23 35 14  - 57 51 44  1  9 38  3 16  - 11 20  - 58 34 32 27 40 47 33  -  -  6 52 21 59 28
 26 24 37 49  4 38 56  -  3 10 16 20 12  2 31 18 57  8 15  - 60 17 23 54 58 44 46 52 47 13 28  -  - 25  7 36 39 30 14 42 11 48  5 32 59  - 53 40  -  6 22  9  - 29 51  - 35 55 34  -
 28 13 54 37 53 42  - 30 46  - 60  5 47 55 49  9  3 19 33  -  - 14  - 26 35 57 25  -  - 38  8 44  7 52 51 16  6 48 15 10 31 23 59 43 36 27 24 17  2  4 58 12 41  - 32 40  - 20  1 11
 27  -  - 51  3  - 14  - 59  -  -  -  - 30 60 29  8 17 34 39 20 25 19 13 41 32 38 16 52 10  - 15  - 55 36 53 21 23  -  - 48 57 40  - 42 50 49 33  7 44  - 24 45 35 54 37  -  9  - 31
 46  - 10  - 33 24 42 13  - 19  -  9 25 36 12 23 48 22  5 47 11 45 27 38 16  3 40 60 34 41 58 39 51 18 28  6  1  7 59 52  - 35 15 44 29 30  2 26  -  8 43  - 31 32 17  - 54 53  4  -
  4 39 32  - 41  - 47 35  - 14  6 24 34 45 40 59 21 27 46 49 44  - 56 50 20 10 31 42 15  - 53 54  2 57  9  1 28 52  - 23 37 51 25 33  -  3  8 13 43 36 29  - 60  - 38 17  - 11  - 16
  -  - 23 40  -  -  - 18  - 26 38 53  - 32 51 57 60 14 17  6 47 35  1 45  8 15 42 31 56  -  - 11  4 29 58 46 16 34 49  - 55 50 43  - 27  -  - 12  -  7 28  -  - 52  5 21 25 10 54 19
 48 41  6 16 47 10  - 40 13 30 28 55  8 58  1 34  - 29 54 27 38 18  5 21  2 60  3  -  -  - 24  - 32  9 35 45 23 20  - 26 33 19 11 52 51 31 59  - 12 46 25 39 44  -  -  7  - 15 50 49
 20  - 49 24  - 54  - 47  8 42 14  7  2  - 32 36  - 15 31 23 40  - 60  4  - 28 27  5 59  3 38 21 37 22 39 43 41  - 34 16 10  - 33 29  - 25 26 30 18 12 52 51 48 45  - 50  9 19 58  -
  - 15  -  - 29 57 51 56  - 25 31 35 49  -  3  1 24 50 55 20 26 40 14 10 32 16 17  -  6 43  7 12 54 53 60 38  4  - 13 18 28 30 39 42  - 37 41  -  8 59 19 22  2 34 36  9 33 48 45  5
 23 18 55  6  - 44  4  7  -  - 22 42 52 40 45 48 46 25 47 34 50  - 39 29  3 31 37  8 33 28 15 19 36 32 54  2 17 60 27 14  - 59 10  - 30 51  - 35  1 21 53  - 24  9 58 20 11 41  -  -
 49 17 30  4  - 35  3 12 58  - 40 10  - 59  7  6  - 18 36 43 46 15 26 16 45 51 44 20 32 29 25  5 27 48 41 24  - 56 38  1  9 60  - 39  2 22  - 37 33 57  - 23 28  - 42  - 50 31 55 54
 60  9 27 55  6 49 21 22 50  - 11 34 44 26  - 20  - 36 29  -  - 38 37 57  7 42  - 54 24 51 12  -  - 15 33 32  - 10 46 30 59  -  - 56  - 43 48  5 58 16 45 31  - 25 35 41 19 14  -  4
 29 25  - 15 50  - 60 59 19 39 20 48 42  - 11 17 49 34 30 12 56  3 57  7  1  - 24 55 40 46 37 22  -  - 13 31  -  2 51 33  - 43 28 21 38 41 44 58 23 14  9 32 16 47 52 10  -  -  5  -
 44 48  7 39  - 28  6 34 60 27 36  8 40 43 10 50 54 33 51 26 55 37  - 19 18  - 52 22  - 20  3  - 45 21  - 23  -  -  - 32 29  - 41 14  - 13 46 31 15 58  1  2  5 59  9  - 16 38 17 25
 55  - 13  - 10 22 49 15  -  8 33  - 32 31  -  -  - 11 28  9  -  -  - 34  - 59 16 17  - 19 45 24  5 30  3 52  - 40 20 56 57  -  6 54 26  -  1 48 38 39  2 29  - 44 21 53 14  - 60 27
 21 53 45 38 32 34  -  - 30 11 39  - 57  8 50 15  - 12 60 55  - 54  6 43 29  -  -  -  - 37 36 49 16 46  5 44  - 47  2  -  -  -  3  -  1  9  - 27 22 19 18 56 52 42  -  -  - 51  - 13
  - 40 58 31 11 14  8  4 20 38 25 56  - 19 37 28 23  2 43 17 10 21 16  9 54 13 36 51  -  - 52 41 35 60 45  - 46 49 26  - 18  6  1  -  - 32  7 29  - 50  - 59 27 22  - 55 47  3 15 53
  - 29 38  - 48 37 33 53 11 34 10 15 28 22 35 55  - 58 52  - 49  -  - 31  4  7  -  - 20  2 16 32 13  - 25  - 60  8 57 36 42  5 23  - 47 14  -  - 46 51  -  6 50  -  1 30 45 43  - 41
 22 14  - 36 55 33 53  8 26 46  3 40 51 28 41 19 44  1 39  2  5 10  9  6 25 27 59 48 42 56 43 57 60 11 30 34  - 38  7 50 17 13 47 45 58 52 32 16 31 24 15 21 18 37  4 54 29 49  - 20
 25 37 56  - 12 48  - 39 38 45 44 60  3 33 18 49  -  - 57 14  8  - 20 27 11  1  - 41  2  - 32 43 46 40 50 47  5 35 54  - 22 26 58  9 23 15 17 53  - 52 24  - 55 13 28 29 51  -  6 36
 41 35 11 56 36  1 38 45  - 55 48  -  - 18 23 44  -  4 26 15 59 24 25  - 14 37 30 43  8 60 39 52 34 27 47  - 10 19 31 53 13  -  -  -  - 16 33 51  6  -  7 58 40 50  2  5 57 32  9 42
 38 12 16 43 37 19 15  9  - 60  - 44 11 34 22  - 51  6 59  3 42 20 17  - 27  8 28 56 54 23 14 50 39  - 46  - 40  5  4 57 30 41 48 55 24  - 36 49 29 47 31  -  - 26  - 33 58  2 52 32
 19 36 24 42 26 12  5 21 25 50 53  -  -  -  - 16 56 49  -  8  6 51 46  -  9 55 11 14 43  7 22 33  - 23  -  3 34 32 29 37  4 44 30 31 52  - 10 15  - 28 38  - 54  - 27  2  - 47 39 18
 16  5 28 17  -  7  -  6 42 54 23 22 36 44 21  3  - 43  8  - 12  1  -  - 26 50 15 39  - 49 59 48 10 14 32  - 38  - 41  4 34 31 45 24  - 46  -  2  - 25 60 35 29 27 11 47 30 52 20  -
  1 59 17 12  - 32 28 50  - 58 35 27 48  - 14 46 45 30 24 41  -  -  2 55  -  -  4 15 25 21  -  - 49 37  - 29 19 11 44 20  6 38 53 16  9 42 54 57 47  3 34 40 10  8 33 23  -  - 13 60
  -  - 14  -  5 50  9 27 57  - 26 32 23 21 47  - 42 56 41 28 15  7  8 60 40 11  2 24  3  - 17 16  - 58  4 37  - 33 18 49 12  - 22 34 44 29  - 25  -  1 20  -  - 54 43 48 55  6 46 30
  - 57 31 20  8 52  1 26  - 13 27 19 17 29 33 30  - 47 42 11 23 28 51 12  6  - 48 44  7 35  5  9 50  - 43 49 22  - 24 58  - 21 34 53  -  -  - 32 37  -  - 10  4 46 15 45  - 60  3 56
  -  - 22 53 56  - 10 57  -  7 49 18 59 50 16 42 30 31 21 45 25 41 32  - 23  - 20  1 58 40 35  - 33 36  -  4  9  6 47 27 39  2 13  3  - 44 34  8  - 29 55 52 11  5 46 19  -  - 12  -
 57 27  4 41  - 47 30 31 24 48 54 23 29 20  -  7  -  3 22 38 58 32 49  2 60 21 19 18  5 25  -  - 28 26 44 39 13 16 33 45 53 46 37 15 50  -  - 59 11 10  - 36  9 56 34 52  - 35 51  -
  6  -  3 23 21 46 20  - 44 52 42  -  4 17 48  - 18 55  - 40  -  9 41  -  5  -  - 53 60 59 11  - 12 45  - 27 26 28  1 43  - 14  7 37  - 36 19  - 25 13 30 57 56 10  - 15  - 58 16 51
  -  6 39 26 60  -  - 42 21  9 55 30 45  5 29 52  - 46  1  -  2 59 10 37 53 18 41  3  - 31 44 38  - 56 15  -  - 22  - 47 23 17 36 58 19 20 16 43 49 54 12 48 14  -  - 25 28 34 27  -
 50 20 35 33 46 21 26  - 17  - 45  -  - 14 36 40 15 59 37 10 19 58 13 23 51 24 54 38  - 57 29 18 42 28 27 11  - 41 43 31  5 32  9 22  8 49 52 47 60  2  4 34 39  7 53 16 12 44  -  -
 53 58 41  5 52  - 17  - 36 12 30 21 56 23 34  8 55 45 27 48 37 47 33 32 50  2 49  -  -  - 46 26 40 24  -  7 59 13 10 39  - 11 38 35 25 28  3  - 16 20  6  -  -  1 31 60  4 29 18 14
 12  - 34 25  1 23 52  -  - 37 50  6 27  - 43  - 14 38 19 51 53  - 21 22 10 35 13 33 29  4 20 58 31 44  8 56 42  - 17 40 24  - 16  5 48 59 28  - 30 18 47 55 15 49 41 26 46 54 36  7
  3 43 18 14 30 39 16  -  - 23  - 58 22  9  - 26 50 44  - 59 32  2 24  5 55 19 56  6 41 17 54 10 20 47 31  - 33 27 53 25 51 45 49 60 34  4 12 21 28  -  -  8 38 11  - 42 13 40 29 37
  7  - 48 57  9 26 44 55 49 20 21 38  - 56  -  4  - 32 10  - 22 31 43  - 59 14 45 12  1 47 51  6  - 19  - 58 54 25 16 11  8 40 27  2  - 17 13 42 53 33 46  -  - 36 39 24 41 23 35  -
 14 11  2 28 58 43 34 60 56 32 37 36 31  - 20  - 52  5  6  4 30  - 54  - 33 25  - 45 53  - 42 55 24  - 10  - 47  -  - 46 26 18 51  1 41 23 27  9 17  - 16 49 13 40  -  8 15 57 21 39
 43  -  - 46 49  -  - 37 29 33 59  -  7 39 25 10 16 28 20  - 52 56  - 15 36  9 51 32  - 54  1  3  6 38 42 21  - 31 40 48 44 55  - 47 11  2 50  - 13 60 27 45  - 58  - 22  -  5 53 34
 51  4  - 47  2  - 36 28 39  -  - 54 33 42  5  - 25 48 49 37  -  - 22 52 56 30 55  -  -  -  - 53  1  3  6  - 12 44 45 15 60 58 24 20 10  - 35 38 34 40  8  -  - 21 16 46 32  - 26  -
 36 16 47 22 42 30 29  - 34 17 51  - 60  7 59  - 11 53  -  1 33  5 52  - 39  -  6 37 23 58 26 27 44  - 40  9 55 43 25 35 14 28  2 46 15 56 31 20 21 45 57 50  8 38  - 32 10  - 19 24
  - 52 25  2 27 51  - 19 10 57 58 26  - 16 15  - 32 41  -  - 54 43  -  - 12  - 29 28 49  9 34  -  -  1  - 17  -  - 30 60 50 24 18  7 37 33 55  6  4  5  3 14 47  - 20 13 22 56 38 23
 10 56 40  - 18  -  -  -  1 16  5 37  -  -  8  -  4 39 45  7 21 36 31  - 30  - 58 23 26 55  9 60 43 17  -  -  2  -  - 54 20 49 57 50 28  - 42 52  - 34  - 41 32  6 22  - 44  - 33 38
  9 38 50 58  -  8 48 16 40 44 24 47 26 57  6 37 39 51  2 36 34 29  - 33 52 20 32  - 13 18 21 42 59  7 23 14 43 12  5 17 54 56 35  - 31 55 60  1 27 15 41 19 30 28 49  - 53  4 10 46
 31  - 59 34  -  3 54 33 55  - 12 51 38  - 26 41 36 16 53  - 14  4  - 20 22 52 47  - 50 48 27 37 11  5 24 30 18 17  - 13  - 15  - 57  -  1 29 10  9 43 23 28 42  - 19 58  - 45  2  8
 33 23 60  8 45 53 46 11  4 51  - 16 10  6  2 38 20 54 44  5 13 22 50 42  - 47  - 35  9 34  - 59 57 39 52 28 32  - 36 29 21  7 26 27  - 48 30 56  - 31 37 18 58  3  - 12 17 25 49  1
 15  -  -  - 31  - 43 23 32 41  8 39 37  - 30  - 33 40 50 35  -  - 48  1 17  5  -  2 19 44  - 34 58 42 16 10 20 57 12  9 38 52 54 28 45 47 21 22 55  - 13 11  6 24 14 56  7 46 25  -
 18  -  8  3 38 60 25 48 54 40 52 57  1 49  - 27 12  9  -  - 29 26 59  -  - 39 10  - 46 32  - 28  -  - 34 50  -  - 55 19  - 22  - 13  6 11  - 36 44  - 35  - 17  4  7 51  - 37  - 45
 52 44  - 32  -  5 18 46 31 53 47  2 16 13  - 54 29  - 12 22 57  - 28 30 49 41  1  - 55 14 56 51 25 20 21 40 36 26 39  7  -  3 42 10 43 60  - 11 19 37 17 33 35  - 45 38  6 59 48 58
 58  7 26 44 57 16 40 17 45 36 13 28 20 53 24  5  -  -  - 18  - 50  - 41  - 33 60 10  - 52  - 23  -  - 59  -  - 14 37 22  1  9 12 19  -  8  4 46 56  - 32 54 25  2  6 49  3 39  - 47
  - 22  1  - 14 18 58  2  6 56  4 52 19  - 28 32 34 20 16  - 35 39 38  - 31 23 12  - 10 50 49 45  -  - 26 55 25 51  8 59  -  - 17  -  - 24  9 44  - 48 54 37 57 53 60 36 27 33 40  3
