2880
 38 35 49 18  7 14 22 31 39  6 13 54  5  2 45 57  -  1 30 59 32 26 23 25 56 52 44 21 34 10 42  - 20  9  - 43  -  -  8 40  4 58 36 37 19 48 11 24  - 16 51 17 28  - 33  - 53  3 50 55
 56 52 15 32 49  - 34 41  6 12  4 58 27  - 13 10 47  - 19 42 48 33 38 28 60 11 53 14 26  - 50 57  - 55 30 20 36  - 44 46 37 18 59 51 54  -  2 31 45  5 23 16  - 22 39 24  -  1  9 40
 14 44  6 54 48 43 60 29 27  8  - 50 17 21  -  - 40 45  - 38 39 51 47 13 23  - 33 10  - 28  3 56 55  1  -  -  - 12 24  2 57  5 25  - 49 16 32  - 53 46  - 58 59 35  4 36 41 34 11  -
 46 54 51 50 14 60 33 57 45 29 10 13  - 42 26 11 21  4 41 32 37 24  -  -  6  - 55 52 58 18 56 23 19 39 34 40 25  - 48  -  -  7  - 30  3 49  - 35 22  2  - 53 36  -  5  - 44 31 17 20
  6  - 43 34  - 39  - 26  -  1 35 17 48  - 38 30 51 58 15 60 55  -  -  5 31 32 18 29 40 36 49 47 14 59 45 28 10  -  - 25 21 20 57 41  -  -  4 44 33 27 19  - 24 54  -  - 42  9 53 46
  7 27 45 11  5 48 19  2  3  - 54  - 13 24 49 46  - 12  -  4 18 16 41 17  - 55  - 37  - 56 35 34 25  -  - 32 14 33 30 60 26 59 50  6 53 40  - 21 15  -  9 29 43 39 47  - 22 20  8  -
 23 25  - 60 21  5 16 24  - 40 51 12 45 28 48 42  - 32 56  2 53 57 50 49 55 36  - 34 18 17 13 44 10 33  3 47 38  8 22 19  - 37 54 27  -  6  - 26 31 35 30  1 52  - 29 15  - 46 41  9
 31 37 12 48 38  1 42  - 25 49 40  4 56  -  - 47 34  9  - 41  -  7 54 57 59 45 26  - 19 58  -  - 50 36 52 11 33  2 20 43 44  - 28 18 23 24 30  5  - 22 21 14 46 10 53 16  - 15  3 39
  1 57 17  - 10 21 43 47  -  5 56  8 53 58 34 40  - 51 13 15  -  - 49 55 42 50 29 16  - 19 23  - 44  - 26  7 20  4 12 35  - 54 22 33 60  2 45 18 27  3 11  - 31 24 52  9 48 38  6 28
  9 20  - 19 27  8  - 35  -  2  5 47 15 40 59  -  - 55 34  - 51  - 56 54  1 29 60 28  4 23  6 36  - 12  - 21  - 10 58 13  7 11  - 25 30  - 37  -  -  - 53 45 18 14 38 39  - 22  - 33
 12 60 30 16 19  - 18 59 31 54  -  7 57 27 21 32  1 38  - 47 44 10 46 20  9  -  8 15  - 48  5  6 29 40 53 14 51 42 43 49  - 13 23 56 11 41  -  -  -  4 24 50 17 26 28  -  - 37 52  2
  - 40  - 44  2 16 25 51 29 15  - 32 41 20 56 38 39 59 53 28 23  9 12 26 46 57  7 55 47 54 31  4  -  5 27 33 24 22 45 42 10  1  - 36  - 35 58  6  - 48  3  - 50 19 18 13 43  - 37 49
 47 13 56  9 26 28 41 44 24 55 50 49 32  8 52  - 59  -  4 39 10  - 57 34 36 27 21 48 33  7 45 20  1  - 46  -  - 43  3 53 14  - 35  -  - 29  5 37 23 25 58 54 22 17  - 12  -  - 38 51
 44 36 14 57 23 32  - 42  8  3 39 11  - 18 50  9  7  - 31 45 13 22  2 21  - 16  6  - 28 59 43 26 58 56 48 60  - 20 49 37  -  - 55 15 33  1 51 38  4 10 29 19  - 40 17 30 54 25 24 12
 57  9 20 39  6 30 58  - 55 37 59 45 14 44  - 15  3  - 35 23 25 46 18 32 22  -  1  - 56 47  -  8 21  -  7 38 54 51 31  5 28 10 41 11 29 42 27 16 36 40 50  - 49 13  2 26 12 24 43  -
  - 47 39  - 33 13 49 12 58 53  2 14  - 25  1 27 15 28 54 51  -  - 31 56  8  3 42 50 36  -  7 52 16 11  9 41 40 21  -  - 55  - 60  - 37 38 17  -  - 26 48  - 10 44 32  6 19  - 57  5
 53 33 36  8 43  - 15 48 28 22 41  - 42 59 23 14 37  -  -  6 21 38  9 35 26  - 56  7 20 16  -  3  - 19 24  1 52  - 17  - 60 29 31  - 45 54  - 39  - 18 40  2 57 58  - 55 51 32  - 11
  -  - 10  4 28 22  - 19 40 38  7 42 29 49 27 56 26 23 33  - 47 34 24 31  -  1 45 20 41 46 48 50 35  -  -  -  - 18 57 51 53 14  - 21 36  9  8 32 25 37 43 13 55  - 58  5  -  - 15 44
  - 51 24 37 42 26 21 28  7 32 43 10 19 22  - 16  -  5 55  - 49 30 45  8 34 58 46 41 54 31 33  - 11 47  - 27 60  3  - 44  - 15 12 23  -  - 18 59 13  -  2  4 38 50 35 52  6 57  1 29
  - 39 31  - 22  -  - 17 11 52  - 20 33 56 58  -  -  - 24 13  5 41 43 59  - 23 15  2  7  - 28  - 49 44 32 57  1 36 18 16  - 12 47 42 46 51  9  - 14  - 34 38 30  6 40 19 26 35  4 54
  - 18 11 15 54  3  -  7 43 28 14 39  - 12 55 36 17 56 42 48  -  8  5 10 30  2 22 38 21  9 59 46 53 49 57 26 13 29  - 58 32 45 19 35  - 37  - 51 52 33 47 34 41 31 27  4  -  6 40 23
 29  -  4  5 16 59  - 13 56  - 17 37 43 15 10 20 30 27 44 25 38 53  -  -  3 19  - 42  9 57  - 14 36 50  - 24 49 23 35 52 45  - 58 54 26  8  - 41  -  6 32 31  2 11  - 28 47  - 33 22
 59 12  9  -  -  4 29  8  5  - 49 53 54 60 19 52 18  -  - 56 14  - 44 48 20 46 36 11  - 15  - 31 22 30 37 51 45 13  1 39 17 50 27 40 35 21 16 58 24 42 33 43  6  -  -  7  - 47 55 38
 24 45 37 36 44 20 53  -  4  -  9 30  8 33 14  -  5 16 32 34  - 15 52 43 21 39  -  3 48  - 54 59  2 25 55 58  -  - 13  - 47 35 11 29  - 19 23 57 18 31 10 42 56  7  -  - 50 41 28 60
 51  8  - 43 46  -  - 45  9  - 22 19  2 30 28 44 49 24  - 53 36 50 40 33 29 21 20 54  - 32 55 12 56  -  -  - 23  5  - 47 41 48  7  1 14 18 60 27 57  -  - 10 35 15 59 38  4 17 58 42
  - 34 57 40  - 47 11 23 35 41 32  3 18 29 42  - 50  -  - 49  6 60 33  9 51  -  4 26 52 30 27 22  - 46  1 17 12 48  - 15 54  - 14 53 31  7 28 19  - 45 38  - 20 16 13  -  - 59 25 58
  -  7 53 22  9 54  4  - 15 48 30 40 38 10  2 13 58 33 16  - 12  3 20 36 44 51  -  - 45  8 47 29 27 32  -  - 28 46 11 21 52  - 42 17 43 57 56 14 39 24 41 35 19  - 60 59 55 26 34  6
 54  -  -  6 37  - 30  - 57 16 36  - 49 26 46 33  -  7 12 19 60 29 21 24 10  4  2 25  -  1 44 27 34 43 14 42  - 56  - 45  - 39 20 28 22  - 48 53  9  - 13 32 47 52  - 11 31  -  -  3
 45 15  - 53 36  -  - 46 16 19 21 25 44  -  9  - 24 11  1 52 22 17  3 38  -  - 27 59  -  - 32 39 26 29 43  6 57 54  - 33 18 28 37  - 12 47  - 50  7 56  - 40  4  8 49 48 23 42  - 14
  - 59  5  - 35 51 40  - 46 45 23 38 12 43 32 54  - 30 22 31 17  -  8 53  4 18  - 24 15 20 37 41 60 27 47 49 34 55 50 26  6  - 33  -  9  - 57 29  - 21  7  - 44  - 42 58 10 28 14 16
  - 53 55 10 20  9 32  4 33 24 52 15 28  - 18  - 31 46 39  -  2  -  -  -  -  - 57 36  - 26 30  - 12  8  5 23 42 11 41 22 56 16  -  -  - 60  6 54 37 38 35  3 40 59 45  1  - 13  - 34
 36 23 26 42 25 46 10  -  - 33 47 31 21 34  7  - 11 57  -  3 58  - 59  -  - 53 38 22 24 13 14  5 48 45 19 39 30 60  6 17  1  4 15  9  - 52 20  - 16 41 54 55 37  2  - 32  8 49 29  -
  -  - 27 55 59 58  3  - 18 46 60 57 26 37 24 34 45 47  - 22  9 25 35 11  -  8 49 32 13  5 16  - 15  4 28 50  6 19 21  -  2 51 10 44 38 33 43 36 12 30 14 41 23  - 20 56 52 39 42  7
 32  - 38 14 17  - 23 16 41  -  - 56  -  9 47 18 60  -  - 20  - 58  - 45 43  6 40 53 11 39 26 21  3  -  - 36 29 59 55  -  - 24  2 52 10 34 22 25 42  - 37 44 48 28  - 54  - 27 31  4
 55 28 32 58 51 25  1 43 36  - 38 18 59 31  -  - 42 53  -  8 54  - 34 19  - 47 48 60  3 24  - 49  -  - 22 35 37 44  2 30 13 26 29 20 21  4 12 46  -  - 45 27 39  -  7 14 15 11 16 41
 17  3 29 12 11 10  - 55 19 57  - 59 36  4 35 28  - 40 23  -  -  - 22  1  - 49 50 44 60 14  9  - 31 13  8  2  -  - 52 24 27 42  - 39 41  - 54  -  6 51 25 33 58 38 16 45 32 43 56  -
 18  6  -  - 50 42  - 34 44  - 26 35 51 46 16 58  4 43 14 29 59 31  - 39 19 56 30  - 10  - 22  1 38 24 17  9  5 41 33  -  8  - 40 45 28 13 21 12  2 53  - 36 15  - 55 37  - 48 49 47
 34  - 50 51  1 15  -  - 32  9 16 48 47 41 29  7  - 22 38 10  -  -  4  - 53 25 17 12 31  - 39 35  -  6  - 13 59 45 14 11 23 56  5 19 42 44 55 40 58 49 46 26  8  -  3 57 18 36 27 21
  5 10 21 38 56 44 55 36 59 42  6  -  3 45 33  - 57  -  9 54 19 18  - 29  -  7 52  - 17 11 60 24 23 15 41 37  8 40 27 28  - 53 13 48 20 30 14 49 50  -  4 47  1 32 43 22 35 51 12 25
 35  4 18  - 45 34 57  3 47  - 44  9 52  1  5 26 16  - 37  - 24 27  -  7  - 38 43 51  - 22 53 10 42 28  - 46 58 32  - 48 20 49 56  - 13 31 19  - 55 15 36  - 14 30  6 40 33 21  -  8
 28 21  - 49 18 11  -  9  -  -  -  2 16 38  -  8 33 17 50 36 26  6 30 44 45 12 13  - 14 27 25  - 32  -  4  - 55 37 60 34  - 57 24 58  1 43 53 52 35 39  5  - 54 41  - 29 59 56  -  -
 43 55  -  - 34 18 31 15 42 39 53  - 40 17 22 48  -  - 10  -  3  5 14 46 12 37 28  8 23  -  -  - 13 41 56  4 16 57  9  - 11 33 52  -  2 59 29  1 47 19  -  6 51  - 26  -  7 50  -  -
  - 38 33  - 15 41 59 14 34 58 28 26 35  5 36  -  2 49  -  7 11  -  - 50  - 54 16  - 27  -  8  - 45  3  - 56 22  6 47 20  - 30  1  - 57 17 24 55 48 23 60 46 42  -  9 10  - 19 44  -
 27  - 28 24  - 19 12  - 13  - 25  5 60  - 37  - 41 35  6 50 34 47 42 52 33 59  3 18 43  2  - 48  4 54 21 55  7 58 10 29 15 46 38  - 16 39  - 22  - 44 56  - 11 49 57 53  1  8 45 32
 41 58 44 45  4 37 48 56  - 17 29 22  - 55 25 43 23 36 59  - 15 54  7 51 38 31 24 30 35 53 20 60 18  2 16 10  9 39 19 27 34 47  8 46  5 12 40 13 21  -  6 28  - 42 14 50 49 33 32  -
 26 41 42 20 32 38  - 25  - 60 48  - 22 11  3  - 13 50  - 27  8 12 29 58 14  - 37 45  6 51  - 17 47 10 23 30 43 31 28  4  5  9 16 57 55 15  - 33 19  7  1 59 34 46 54  2  - 44 39 35
 10 46  3  - 29  - 35 38  2  - 42  6  4 19 20 50  8 14  - 11 52 49 53 41 37  - 54 58 57 40  - 16  9 22 13 59  -  7 23  1  - 25  - 26 24  5  -  -  - 47 28 30  - 18 36 34 39 55 21 15
 33 14 47  -  - 57 37 54 60 35  - 27  - 53 11 22  6 48  8  9 29 39 19  4 24  - 59 23 42 41  2  - 46 16 51  - 32  - 36 55 30 52 44 38 58  - 13 15 49 20 17 56 12  1 34 25  -  - 18 43
 22 43  - 17 53 55 27 10  1 36 12  - 25 13 60 23  9 20 51 40  - 19 15  - 16 42  5  - 44  - 46  - 37 48 11 18 26 24 29  - 33  -  4 47 34  3 52  - 38 32 39 49  7 21 50 35  2 58  - 57
 15  - 25  - 58  -  9 60 38  -  -  - 37 47 30  - 54  6 45 43 16  1 17  2  5 44 39 49 59 42 36 28 40 18 35  8 21 14 51 10  -  - 48  -  7 23 41 56  - 13  - 20  - 33  - 31 57 12 46 19
  - 32  -  3 55 24  - 50 21  - 57  - 31 39 53 59 52 26 36  - 46 37 28  - 13 48 41 47 49 29  - 40  6 20  2  -  - 15 54  7 43  - 34  4 56 14  - 45  1 12  -  -  9 23 19  -  - 10 51 17
  -  -  1 35 52 53 50 21 10 59  - 44 39 16  6 41  - 19 20  - 43 36 27 42  - 33 47  9 25  4 18 51 17  - 12  -  -  - 40 38  - 31 46  2  - 58  7 60 34 54  8  - 45 55 11 23  -  - 48 13
 42 19  8 52 47 33  - 40 12 21 27  1 58 54 57  3  -  2 48 35  - 23 55  -  - 10  -  4 16 49 24 45  - 14 31 44 50 38  -  - 51 43 18 60  6  - 59 11 32 36 22 37  5  - 46 41 34 53 13 56
 21 42  2 47  3  - 26  6 49 50  -  -  - 48 54 29 38 18 25  -  1 13 36  -  - 24 10 17  -  - 15 19 41  7 33 45 11 52 46 56 16 60  9 55 32  - 44 20 59 43 12  -  -  4 31  - 37 23 22 27
  - 30 22 33 13 49 20 52  - 34 24 23  - 32  8 45 14 41 11  1 35 28  6 16 15  9  -  -  5  - 40  -  - 53 36 31 39  - 42  -  3 27 51 10 17 26 38  4 54 29 18 12 21 56 44  -  -  7 59 37
  8 31 19 28 57  -  - 11 50  -  -  -  - 35 43 39 55 15 47  -  4 42 10 23 41 30 32 46 53  6 12  -  5 52 18 48  3 25 38 54 58 34 45 49 59 56 33 17 40 14  - 21 13 37 22 27 60 16  2 36
 49  1 52  2 60  -  -  - 20 27 18 43  7  3 44 19 29 25 46 17  - 55  - 37 11 14 34 39  - 21  - 33 54 31 10 16 35  - 32 41 22 38 30  8  -  - 47 23 51 28 15 24  - 45 48 42  9  - 36 59
  4 17 40 13 39  - 38 18 37 47  - 55  - 36 41 31 22 42  - 33 57 44 60  3  -  - 35 43  1 12 58 11  - 34 25 54 48 49 59  - 24  - 53 14  8 45 26 10 28  9  -  - 16 27 23 21 20  5 30 50
 16 56  -  - 24  2 14 49 54 31 20 60  1 50 39 12 48 21  7  -  - 59 32 22  - 35  9  - 46  - 11 13 51 38  -  -  4 53  - 18 42  -  6 43 47 10  3  8 30 55 44 15  - 34 41 17 29  - 19 26
  - 11 13 23 30 35 28 33 52  -  -  - 20 57 12  4 19 29  - 55 42 45  - 18  - 34 14  6 32 50 41  - 59 21 44 53  -  - 37  3 31  - 17  - 39 27 46  7 26 58 16  5 60 48 56  8 38  - 10  -
