2880
  - 31 13 51  3 33 58  -  - 22  8 52 36 26 54 24 37 42 14 30 21  -  -  - 34 35  - 60  -  -  - 15 16  5  1 48 38 27 28 12 55 18 49 43 40  7 39  - 53  - 17 44 19 25 56  4 50  9 29 45
 25  - 32 21 18  -  -  -  -  5  7  - 37 30 33  - 16 48 29 17  6 59  - 50  - 40  -  - 14 53 38 23 12 45  - 31 58 41  - 52 10 44 13  8 22 57 56 11  4 26 54  3 20 47 34 36 19 39  - 43
 20 29 30  - 45 55 26 21 31 42  1  -  5 58 27 54 43 38  9 48 47  -  8 15 46 13  2  - 32 57 35  6 10  - 23 40 12 36 17 50 59  4 44  - 52 56  7 28 22 14  - 19  - 51 60 18  - 33 49 25
  7 49 22 60 20 29  -  - 57 15 34 30 17  3 35  - 42 56 46 50 48  8  2 25 44 31 45  - 33  4  1 39  - 19 59 27  - 51 18  -  -  9  - 21 47 41 24  6 28 55 14 36 37 13 26 58 32 10  - 53
 44  - 58 26 47 17  4  - 36  -  3  2 13 16  -  - 24  1 15  - 28  - 42 51  - 18 55 11 45 25  6 27 32 57 53 59 40 60 31 56  8  7 52 12 54 20 23 35 29  - 37  - 30 43 19 34 21 22 39 50
 41  9 20  - 19 46  -  - 11 43  - 16 27  - 24 35  - 49 48  - 42 14 32  - 31 37 59 23 55 18 52 58  - 38 30 10  - 45 12  - 25 39  3 28  4  - 60 36 40  8 13  2  1 22  - 33 44 57  7  6
  -  - 56 40 31  - 59  9 17 45 27 28 24 11 30 14 15 58 25 37  - 44 34 39 19  - 43 46  - 49 42  - 29 22 41  3 52  - 53  2 23 26  -  - 33 21  5  -  1 20 51  - 12 18  -  - 10 13  8 48
 36 56 35 43 54  -  - 12  7 30 10 38 25 55 11  -  - 18 60  - 40 19 13 32 59  - 17 26 58  5 44 51 42 14 37  - 45 48 50  - 39 16 53  1  2  4 33 49  8 47  6  - 31 29 28 57 41 24 23 52
 23 17 33 25  7 37 30  - 44 26 14 15  6  - 52 51 36 53  3 31  -  -  1  - 60 32 42 12 22 43  8 10  - 59 46 38 49 54  - 35 29 50 45  5 48 19  - 21  - 13  -  4 11 27 40 39  - 47 57  9
 43 28 19 17 26  -  - 18 22 48 15 40 39 47  - 13 33 29 42  - 56 49 24 38 10 20  6  1 46 31 55 41 36 27 16  - 60  -  3  - 53 37 12  - 11 58 32 34 51  - 59 45  9 44  -  -  4 35  -  -
 49  - 44  -  1  -  - 19  - 38 31 35 40  4 39 21  - 27 59 13 36 57  - 52 22 43 26 58  7 46 50 11 30 47 54 15  - 23 33  3  9 60 25  - 24 10  -  -  - 41 16 18  5  8 37  -  - 28 14 12
 58 59 34  6 15 28 11 14 12 32 26  1 42 46 10 33 44 41 24  - 13 27 18 21  - 52 20  - 51 47  - 57  -  -  3 39 25  7  -  9  5 48 36  - 53  -  -  - 23 40  2 60 45 54 16 49 29 17 37  -
 37 18  1 28  - 40 16 11 24 19 35  -  - 49  4  - 31 33 57 54 44  2 53 23 12 48  8 43  - 39  -  - 45  - 50 52  - 22 10 51 36  5 20 27 26 14 34  - 30 25 58 15 41  9  -  6 42 29  3 21
 55 42 11  - 33  -  5 25 52  - 43 19  3 13 59 27 35 22 34 32 38  -  9 44 37 49 15  -  - 56 39 16 57 50  - 18 26 12 60 10  2  - 58  7 41 54 53  - 48  6 21  8 23 36 31 51 46 40 24 47
 33 15 10 54  - 34  8  -  - 60 58 46  9  6 44 30 18 52  1  - 45  4 57 14 48 21 50  - 35  - 40 36  3  - 55 16  -  5 29 17 24 59 23 49  - 12 28  - 47  - 31 53  2  7 11 37  - 42 41 20
  9  - 48 47 51  - 60 56  - 16  - 26 57  -  5 59 17 10 53 39  - 22 20 45 28  - 24  -  2  - 14  - 21 23  6 34 37  - 36  - 58 41  8 30 35 29 54 50 18 38 25 40 49  4 27 11 43  -  - 42
  4 11  - 18 14  5  - 36 45  8 53 12 38  - 31 34  - 37  7 20 30 25  - 46 47 41 27 10 56 54 17 49 39  - 15 23  -  1  - 55 43 52 35 57 60  2 16 29 33  3  -  - 22 21 48 28 26  -  - 44
 30 35  -  4  - 18 41 49 47  - 36  3 29 60  1  7 32 28  - 27  - 46  -  -  - 26 56  - 31 14  5 13 23 12 58 42 54 37 15 43 50 38 48  9  - 45 44 57 39 33 22 21 34 59  2  -  - 19 20 55
 48 19 43 33 21  4  - 50  1 27 22 60 44 23  - 15  - 39 52  6 29  -  -  2 41 36 37 57 34  - 56  - 17  9 12 25  -  - 13 46 54 45 55 11 30  8 20 47  - 18 24 14  - 38 42  -  - 49 16 28
  8  - 50 35  5  - 25  -  - 18 42  -  -  7 56 46 38 44 41  - 51 47 43  3 45 17 36 39 21 12  9  - 48 15 32  4 30 28 23  - 52  - 24 60 29  6 11 55 58  - 10 22  - 49 33 13  1  - 34 19
 46  7 25 24 30 22 21  1 13 47 40 34  8 12  - 41 48  2 35 43  - 37 49  - 53 14 10  - 50 27 29 45  5 36 17  - 55 20 54  - 44 31 51  - 39  3 57 38 52 60  4 26 32 28 58  -  9  - 18 16
  3 41 37 30  - 35  - 45  5 31 44 43 47 40 53  - 34 17 33 58  - 23  7 18 55 42 25  - 57 19 20 38 26 28 49  - 10 39 16  6  - 29  2  -  -  1 21 52 14 54 48 12 13  -  -  - 27  8 60 22
  - 25 39 58 29  - 23 60  - 33 28 24 15 50 14  -  1 20 18 57 54 48 47 31 11 27  - 44 43 30 37  4 22  -  - 49 51 13 35 53  6  2 42 34 12 32 45  -  - 16  7 17 21 41  -  8  - 55 40  3
 50 24 28 23 37 47  2 41  4  7 19  - 43 44 21  - 51  5 39 42 11  - 10  -  8 12 58 53 30  - 49 40  1 35 38 57 20 46 25 54  -  3  9 18 34  - 14 59 27 29 55 13 52 33 32 45 48 56  - 26
 34 57  9  3 52 16 43 53  8  4 50  - 23 20 49 17 29 21 44 59  7  - 60  5  6  - 18 25 48  1 41 33 19  - 13 54  -  - 58 40 22 27 32 42  - 35  - 12 11 39 36 31 38  -  - 26 28  2 51 37
  5  - 17  - 39 11 19 44  -  6 41 22  - 29 12 28  - 46 43 60  8 34 30  7  3  -  4 52  - 37 31 35 27  1  -  - 18 24  - 23 42  - 14 16 25 59  - 45  - 36  - 49  -  - 53  2 13 51 38  -
 52  - 31 19 50  -  7 23 39 53  9 11 46 22  6 18 13  8  - 45 55 36 38 57 35 24 16 42 15  2 43 37 59  4 44 28 27  -  - 33 14 32 21 58  1 49  3 40 20  -  - 56  -  5 54 25 12 60 10 29
  - 47 38  5  - 19 34  - 18  - 54 53  - 28 26 40 21 15  -  4 14 12 39 11 30 56 31  - 20 45 57 50 37 60  -  - 22 42  -  -  7 25 27 24  3 52 35  - 13 58  8 41  -  2  6 55 59 46  - 36
  2 21 23 10 27  6 36 29 15 56 49 42  - 31  3 58  - 24  5 35  4  - 54  -  - 60  -  - 18 28 19  - 55 34 47  7 17 26 11 45 48  8  - 44 13  - 37 39  -  - 50 52 53  - 22 41 38 20 33 46
 39 26 54 27 40  3  6 52 21  -  - 50 58 45 48  - 19  4 13 41 53  9  - 37  5 25 47 33  1 36  - 59 43 42 18 24  2  -  -  - 20 46 22 35  - 51  -  - 15 17 60 29 56 14  7 32  8 34 30 57
  - 33  5 52 25 38 46 59  3 58 45 48 49 39 37 47  2  7 36 29 10 41 14 35 56 57 13 34  - 21 54 44  - 32 43  - 15 40  4 27 28  -  - 26  9 18  -  8 60 22  -  6 51 42 50 19 55 23  - 30
 22 43 21 31 55 49 12 58 30  - 20  4 11 54 29 19 27 32 56  -  - 53 41 59 24 34 39  -  -  6 25  5 13 52 60 44  7  3 51 42 35 47 40  - 38 50 15 18  - 45 46 57 48  -  8  9 14 37  - 23
 31 38 26 16 12  - 55 43  2 28 11 29 19 51  - 10  - 40  - 25 60 50 37  - 18 30 35 45  - 33 48 34  -  - 27  5 24 44 22 15 13 36  - 23 32  - 41 46 54 53  - 39 47 56 14 21  6  7 52  4
 40 55 15  9  - 48  3 30 28 41 29 45  - 14 20  - 60  - 21 26  - 32 22  - 42 19 11 17  - 13 23 24  2 44  8 51 35  -  1 39  -  - 18 47 49 36 50 53 43  -  -  -  4  - 52  - 54 31 12  -
 47  -  -  - 16 57  -  8 35 39 51  - 21 24 46 32  - 23 17  3 37 31 40 12  - 15 33  2  4 59 10 25  - 58  - 13  - 53 34  - 19 49 60  -  7 38 29 14 50 42 11 28  6 26  1 56 36  5 27 41
  - 12 40 37  - 27  -  4 34 14 18 17 50  - 57 29  6 45 30 33 41 10 25 53 23  - 28  5 52  -  - 42  7 26  9  -  3 16 47 20 32  - 15 31 58 13 36 51  - 44 38 55  8 46 49 54 39 59 19 60
  - 22 29  -  8 39 32  -  - 37  -  -  1 38  - 23 41  3  4 24  - 54 16 36 57 11  - 31 42 44 53 14  - 18  7 55 59  - 27 28  - 19 17  2 20 47 46  -  - 56 52 43 60 12 15 40 58 50 21  -
 27  - 47 59  9 53  -  - 41 10  -  - 33  - 38 26  7 19 50 22 31 39 17 49 14 29 32 21  5 42 15 55  4  - 56 12  -  - 52  - 37 11  - 51  6  - 43 60  3 23 40 58 36 24 57  -  - 48 45 18
 15 34 46 11  - 31 40 37 43 52 59 25 45 27 42  1  4 12  -  9  2 20 35  - 36 47 54 55 39  -  3 28 38  - 29 19  - 30 21 24 57 14  6 53  - 23 22 48 44 51 32 33  7 58  - 16 49 18 50 56
  -  - 51 41 35  - 42  3 25  - 17 49 12 37 55 11 52  -  -  5 19 29 56  1 58 54 44  - 26  - 22 60 53 13  - 43 32 50  2  - 18 20 31 40 59 46  -  - 57 15 45  7 27 34  - 24 47 38  9 33
 19  3 12  1  4 25 51 26 20 57 32 59 48 10 60 43 28 13 54 36  -  - 27 47  9 46 23 18  - 24  -  7 35  -  5 37  6 21 41 11  - 33 16  - 45  - 38 15 31 30 39 34 17 55  -  - 53 44 56 14
 24  1  7  -  - 10 29  - 58 13  6 47  - 15 45 22 12  - 32 51 52 17  -  - 49  - 46 20  -  - 33 18 44  - 40  - 11  - 57  - 34  - 19 50  - 53  8 30  - 35  - 54 28  3 23 14  - 36  5 39
 57 37  6 38 11  - 56 55 53  - 60 58 34  -  -  - 22 35 12 18 20  1  - 40 25 39  5 49  -  - 51 21  -  7 24 33 41 59  -  4 30 43 50 13 16 31  -  - 36  9 29  - 54 23 44 15  - 32 47 17
 26  - 49  - 59  - 18 33  6 21  - 20  4 32 16  - 14 47 10 44 12 58 23 27  7  -  1 15 17 55 45 48 54  -  2 22 36  -  5 41 31 35 28  - 50 40  9 19 42 52 43 37 46  - 13  3 34 30 53 24
 14 52  -  - 46  1 17 27 23 54 13 21 26 56 32 36  - 57 22 12  - 38  3 42 20  -  - 28  -  - 60 31 15 53 51 29  -  6  -  8  - 40 47 41  - 33  2  - 37 49 30  9  - 45  5  - 18 25 44 11
 18 46  -  8 60 52  -  7 19 25 33 13  - 36 17  - 45  -  2 21 39 35 11 28 15  -  - 41 54  9 32 29 24 49  - 50  - 58 55  -  3  1 56 10  5  - 59  4 12 37 27  -  - 57 30 53 22 43 26 34
 35 40 60 50  - 24 33  - 48 23 52 31  2  -  - 45 39 54  -  - 22 43  -  8 29 38 21 47 59  -  - 30 46  6 57 53 34 18  -  7 56 13  5  4 44 26 42  1 17 11  3 51 55 19 10 12 25 16 36 58
 42  -  3 49 22  - 35 20 60 24 30  7 56 53 28 12 11  - 37 15 43  - 31 13 27  - 29  - 25 23 46 52 51 21 36  8 19  2  - 44 40  - 54  - 10 39 26  9 45  4 18 48 57  1 47 59 33 58  - 38
 54  - 41 53 17  - 57  - 38  - 21 10 32 42 43 39  5 31 55 52 15 56 29 34  4 51 22 19 11 40 30  9 14 16 48 36  -  - 45 59 33 58 26 25 23 37 27 24 49 12 47  - 50 60 18  7  -  -  6 35
 59  5  -  - 48  7 13  -  - 50 12 33 18  -  -  - 55 30 11  -  - 28 46  - 21 53  3 38 37 52  2 54  - 24 31 45  8 43 49 26 27 23 34 20 36 60 25 16 41  1  - 47 42 35  - 17 15 14 58 10
  - 54 18  -  6 13 37 57 16 51 25 23 52  2 47 50 10 34 45 19  -  - 36  - 32 55  - 27  9  - 28  8  -  -  4  - 21 15 39 14 11 22  -  -  - 44 49  3  5  -  - 59 33 53 20 30 56 26 35 40
 51  2 59 45 28 21 27  - 40 29  - 57 41 35  - 16 49  - 38  - 18 52  5 48 50 33 53 37 36 17  - 56 34 30 25  1  4  -  7 58 47 12 46 54  - 11 55 22 24  -  9 42  -  6  - 44 20 15 43  8
  -  8 53 42 44 43  -  - 27 12  -  - 30 57 50  - 26 11  6  7 33 45  -  4  1 10  9 14  - 60 59 46  - 55 34 35 28 49  -  -  - 21  -  3 56 15 18  5 16 32 20 24 29  - 25 52 23 54 22  2
 28  4 27 22 23 36 31  - 37  - 16 39 54  8  2 48  - 55 19 47  -  3 21  6  - 58  7 29 12 50 24 43 25 11  - 60  9 14  -  - 45 15 33 56 42 34 40 41 46 10 57  5 18 20 51  - 30  - 59 32
 56 23  - 46  -  - 44 38 32 55  -  -  - 17 36  8  - 43  - 10  3  - 45  - 13 50 14 40 53 15 34 22 49 20 52  - 33  9  - 48  - 51  - 37 18  -  6  - 19 28 35 11 59 39  - 60  7 21 42  1
  6 48 45 15 41 12  -  - 50 20 24 54 28 25  7  -  8  - 49  1 27  - 55 29 26  2 52  9 13 58  - 53 11 39 14 46 43  -  - 18 60 10 57  - 21 16 31 17 56  5 34 30 44 40 38 23  -  3  4 51
 12 30 36  7 58 51 47  -  - 34 38  - 20 59 25  3 23  9  - 46  5 18  4 56 54  - 41 13 16 11 21  - 33 29  -  6 57 52 32 60  - 28  - 19 43 55 17  - 10 24 49 50 39  - 35  -  - 53  -  -
  - 50  - 44 42 54  -  6  -  2 56 18 60  - 22 53 30 36  - 28 34 13 33 19  -  7 51  -  - 26  - 32  8 48 11 14 31  - 20  1 21  - 39 15 57  9  - 58 38 43 23 16  - 17 45  - 37  4  - 27
 60  - 14 39  2 20 53 17 54  -  5 27  - 33 58  9  - 26 31  - 59  7 50 30 51 23  -  -  3 34 18 12 47 41 42  - 16  -  8 37 38  6 10  - 19 28  4  - 55 21 15  1 24  - 46 29 57 45 25 13
  - 60 57 36 10 23  -  5 51 59  2  9 22 34 18 42  3 50 27  8  - 21 12  -  - 28 40 54 44  -  7  -  - 33 19 58  1 11  - 47 26 30  4 29 15 24 13 37  6 48 56 25 14 16 43  - 31 41 32 49
