2880
 12  - 21 36  -  - 56 28 37  - 42 19 23  9 51 47 27 31  7 49 29 45 20  -  -  -  5 58  8 10 26 14 44  -  4  -  2 16 48 57 30 55 33 54 22 59 40 53 38 43 25 13 52 35 18  3 50 32 11  6
  - 42  -  - 27 14  6  - 18  - 38 54 39  -  9 21 15  7 13 19 43 51  -  -  3 55  - 33 30  - 52  - 57 37 36 11 59 35 40 17 34 50  -  -  - 25 41 31 49 45  - 28 53 47 10  - 12  1  - 26
  5 57  3  9  - 49 39 46 17 31  1 11  6  - 44 58 16 38 32 53  - 60  -  4 30  - 24 55 59 23 15 42 51 40 41 43 36 25 50 19 20  -  8 21  -  - 48 52  -  7 37  - 45  - 27  -  2  - 13 35
  2 53 52  - 45  -  1  - 56 58 12 27 59  - 21  - 44 50 37  -  9 55 38 24 23 18  - 39 36  - 49 57  - 34  - 48 22 41  - 40  6 13 51  -  - 60  - 17 11  -  - 16 46 31 20 26 19 30 33 14
 34 44  - 43 20 33 49 21 47  - 54  - 26 36 52 12  -  - 19 25  - 13  3  8  2  6 23 40 50 15 16  - 42 11 46 55 51  4 14 35 56 10 30 24 29 22 28 57  1 39 31 48 58  - 60 27  7  9 41  5
  1 10  -  - 40  - 27  9 53 41 26 13  - 57  8 29  6 36 11 30 35 47 55 25  - 14  4 21  5 17 46 50 33  - 59  - 42 34 20 38 44 45  3 31 60 16 51 32 22 23 54 39 37 12 19  2 56  -  - 18
 10  3 39 47 21 55 34 44 42 49 27  - 24  7  5 11 32  6 25  2 19 12 14 59 58 36 13  - 48 45 41 37 30  - 17 35 26  -  8  -  -  - 60  -  -  - 54 20 15 16  - 31 57 28 23 46 38 18 22  -
 23 17  - 39 60 28  - 31  - 11 18 15  - 19  - 36  - 55  - 12  - 44 58  - 16 34 32  4 21 22  - 46  5  8  7  -  - 38  2  - 37  3 27 42  - 30 59 43 35  - 49  1 50 56 13  -  - 20 10 41
 27 24  5 55 39 46  -  -  - 16 50 37  -  -  - 32  7 48  - 42 12  2 19 10 38  - 56 23 35 57 43 31 22  -  9 30 54  3 11 45 26  4 18 33  8 52 17  - 53 21 14  - 25 59  - 28 36 49 51  1
 43  - 35 37 36  2 47  7 58  - 53 41 60  8  - 16 17 39 28  - 52  6 11 45  5 25 19  - 51 54 50 10 18 56  3 21  4 40  - 13 57  - 44 20 23  - 34 14 26 46 30 49  -  9  - 38 24  - 15 32
 33  4 36  -  - 30 51  1 52 56 48  -  5 47 59 22 54 16 41 10 26  - 60 12 27 58  - 11  2 20 24 17 49 38 13  -  9 55 25 44 46 37 45 19 28  6 50 35 42 14 53 32 43 23 31  7  - 57 34 40
 17 33 48  - 16 43  4 13 12  - 22 18  - 37 31  9 10  - 24  6 57  -  - 30 54 29  3  5  - 49 27 41 19 59 23  7  -  - 55 11  8 28 25 53 45 38 47  1 58 32 35 15 36 51 46 34 60 40 50  -
 46 18 34 53  4 36  7 39  -  - 41  - 13 38 16  6 40 21  - 51 10 19 59 26 56 42 30 49 55 11 58 23 17 50 60 54 47 22 57 48 27  9 24  - 32  8 12 25 20  3 28 44 33 37 45 52  5 15 43 31
  -  9 29 22 19  5 31 10 16  1 39  - 43  3 41 30  8 23  - 48 44 27 32 58 14 57 49  - 60 34  - 40 24 26 42 17  - 47  -  6 50  - 21 25 33  -  - 28 59  -  - 53 15 38  - 54 52  - 12  -
 37 47  8 60  5  - 22 15 27 59 19 31 21 54 35  3  - 18 53 45 28 46  - 55 43 51 12 48 41 42  2 20 38  -  -  - 11 33 56  1 29 30  - 16 44 24  - 58 50 17  - 40 10 49  7 32 25 23 36  -
 11  6 23 57 50 51 28 18 54 32 40 35 12 55 33 45  - 37  8 31  5  - 13 15 46 19 43 30 42  -  7  - 56 52 48 14 44 27 26  4 41 21  - 34  9 36 29 47  -  -  2 25 49 53  -  -  - 17  - 16
  -  1  2 10  -  - 52  - 13 35 44 45 27 16 47  - 25 49 58 17 15  - 51 31 11 20 37 22 23  6 55 34  - 32 38 28  8 39 41  -  -  - 12 26 48 14  -  9 19  5 36 59 18 43 24 50 33  4  - 21
 56 39  - 34  -  -  - 20 45 40 10 23 57  - 38  - 14 25 31  4 48 18 22  3 19 24 59  - 58  8 47 51 32 13 11  - 21  2 12 29  -  - 36 46 26 27  - 33 52  - 16  - 28 30  5 35  - 37  - 44
 29 52  - 14  2 44 59  - 43 19 17 46 49  - 28 53  - 41 36 58 21 57 25 42  -  4  - 20 27 37 39  -  3 51 55  5 34 12 18 23 22 54  -  9 24 31 60 15 32 11  - 56 35 13 50 16 10 33 45 47
  - 21 10 33 11  - 45 50 24  8  - 55 20 48 25  7 23 59 51  - 30  - 57 29  1 26 60  -  4 28  5 16 53 43 49 46 19 37 22 12 31 14 17  -  -  -  2 13 36 18 34  6 38 40 35 15 42 52 44 54
 50 19  - 21 42 10  3 24  - 46 58  7 48 30  - 43 22 17  6 57 36  5 34 54  -  1  - 35 15 47 33 28  - 49 56 37 29  - 51  2 39 32 16 41  - 55 52 18 25  -  -  8 40 26  9 13  - 53 59 12
 16  - 31  - 46 13 37 57 20  3  - 51 53 60  2 40 29 43 22 47 54  - 36  -  - 27 33 12 14  - 42 18  8  4 58 25 28 32  9 30 52 11 55 15 10 39 26 24 44 19 50 17 56 34 49  1 45  - 35  -
  6  - 16 12 22 41 55 25 35 57  3  4 31 58 36 13 49  -  - 32 60 40  -  - 48  9 38 51 45 24 19 11 23 33 43 29  - 53  1  - 15  -  7 10 39  -  8 44  5 59  - 47 30 14 52 37 34 46 54 50
 19 16 12 24 10  -  - 36  -  - 59 30 28  2 46 57 39 45  - 37 50 34 41  1 20 49 47  - 29 21  4 33  9 14 44 27 55 56 23 22  - 35  -  -  -  5 58 42 31  -  -  7  -  8  - 18  6 51 40 15
  9  -  -  -  - 40 18  - 46 43 24  2 37 35 45  - 52 57 20  -  3 33 12 11 41 31 51 38 39  1 14 47 48 10 30  - 15  - 59  -  7 27 42 23 50 17  -  6  4 49 32 36 60  - 28 22 26  - 25 34
 59 32 20  -  - 12  -  - 55 33  - 40 18 31 22 25 37  - 21  3  - 54 30  - 42 53 10 17 56  4  -  8  - 16  1  - 46  7 52  - 11 15 29 44 34 13 27 26 39 24  6 51  -  - 38 19 57 14  - 60
 38 59 51  - 43 15  2 12 44  - 31 42 45 23  4 14 18 22 10 55 53  - 40  5  - 48 11 54 34  -  - 52 46  - 39 41 30 36 35 26 58 20 50  -  -  - 37 16 13 57  9 33 17  - 56  6 28 25  8 19
  7  - 41 58 29 11 20 54 23 14  - 32  - 53 43 48 34 46  - 39 25 36  -  - 15 17  -  8 13  -  - 44 52 27 31  -  1 28 47 33 24  2 49 30  -  - 16 10 40 42  5 38  3  - 21 45 35 59 26 55
  3 55 56 59  - 50  - 49  8  7  4  6 41 25 30  - 28  - 39 13  2 35 16 40  - 37  -  - 18 31  - 60  1 57 53 51 33 15 44  5 43  - 54  - 52 20 45 29 21 27 38 23 47 19 12  - 22 11 32 58
 32 40 55  - 57  - 23  2  5 37 51 39 25 33 42  1  - 26 44 14 17  9 28  - 60 15 16 45 31  - 10 24  4 47 35 56 48  - 54  - 19  -  6 13 11 50 22 38 29  - 41 21 27 46 30  8 53 36  -  7
 18 45  - 44  - 26 46 17 22 55  5 47  -  - 56 42  -  - 50  1 23  8 10 39 24 40  9 34  - 53 37 36  -  -  2  - 43 51  -  - 14  6 13  7 57 29 31 41 16 60 52 20 59 11 58 48  - 28  - 49
 42 28  -  - 55 59  -  - 30 34  - 49  3 21 14 26  4 15  1 24 56 22 43 35  - 50 48  - 12 27 36 38  - 19  - 20  5 45  7 16 32  -  2 39  -  - 33 46  - 13 11 52 44 18  -  -  9 58 53 10
 24 58 44  - 14 17  - 38  7  2 15  8 36 22 48 37 45  1 18  -  - 53 50 52  -  -  - 26 32  -  3 59 40 20 10  - 23 43 46 34 51  - 31 11 55 42  9  4  6 33  -  - 21 25 29 57 39 41 28 13
 15 41  - 35  -  - 60  -  3 36  - 26 14 32  6 49 42 51  -  5 55 23 31 17 37  8 25 44 20 39 34 21  2 53 28 58  - 52 29 54 48  - 11  -  - 18 38 22 24  - 13  - 16 57 59 43 27 19 46  9
 31  7 27 38 13 18 10  - 21  6 29  -  -  - 53 23 41 47  -  - 11 26 35 28 33 44 52  - 24 48 32 12 58 25  -  8 49 59 15 60 54 57  - 40  2 37  - 19 17  - 56 46  9 42  3 55 51 34  4 30
 51 46 33  6  - 37  - 34 41  - 11 24 32 17 20 31  2 52 49 28 39  1 45  -  - 54 26  7  9  - 21  -  - 35 40 59 12 50 58  8  - 42 19 14  - 57 53 60 18 15 22  5 13  - 44 30 48 27 29 56
 14 34 38 13 52 19  - 35 28 30 16 48  8 40  1  - 58 11 59 15 27  -  - 23 18 47  -  -  7  9  - 26 21 44 25 32  -  5 10 53 12  - 46 57 17 33  3 50  -  - 51  -  6 55 37 41 29 39  - 36
 45  - 42  -  1 29 38 55 59  -  - 16 35 50 17  8 31  9 52 20  - 49 53  - 22  7 18  -  6 46 12  -  - 60  - 15 56 14 24 10 21 51 57  5  - 34 32  -  3  -  - 11 41  - 47 33  4 13 23 25
 58 31 26  2 59  - 11  - 25 50 20  9 33  - 15 35 48 60 30 41 16 38 52 46 55 32 42  - 37  5 28 56  - 22  - 40 45 10 36 39 53  -  4 12 43 19 14 54  -  1  - 18 24 44 17 49  3  7 57 51
 52 54  4 41 28 25 17 32 39 24  - 22 56 11 34 19 60 10 57 40 45 15  - 47 13 21  - 18  3 51 31 27  6 30 33  - 58 48 16  9 55 38 37 50 49  2 20  -  - 29 26  -  -  5  - 12 23  - 14 46
  - 49 59  - 48 22  - 45 15 42 37 56  7 10 60 39 51  - 47 11 33 32 44 19 26 52 57 46  -  -  -  2 55  6 12  - 31  - 28  -  - 53  -  - 40  3  4 34 14  -  - 27 23 58 54  - 13  -  - 17
  - 12  -  - 44 32 43  - 36 21  8  5  9 56 19  - 35 54 14 52 34 25  - 33  - 45  - 15  - 50 20  -  7  -  -  -  3 58  6  -  -  - 38 51 42 47  -  - 46 53 23 41  2 60 40 31 30 26 16 27
 47 26 43  4 17 53  -  - 11 13 33 25  - 46 32  -  5 34 27 29 40  3  6 41 59  - 58 19  - 12 30 15 45 23 22  9  - 31 38  - 28  - 35 49  - 10 42 55 37 20 39 54 51  1 14 60  8 50  - 52
  - 51  6 46 32 27 50 58 26  9  - 12  - 42 39  -  - 53 29  - 14 59  5 60 34  - 41 37 44 43 40 13 10 28 24 57  7  1 49 52  - 22  -  3 16 35 55  -  - 30 20 19 48  -  - 36 31 45  2  -
 55 36 50 17  -  - 58 40  -  - 14 59 52 18 27  5 43 19 16 54  6 10  - 13  - 23  1 29  -  - 11 53 37 12 34  -  - 20  - 21 35 41  9 47  7 44 57  3  - 25 46  -  4 33 39  - 15  2 38 24
 22 35 47 45 49 56 33  - 60 25 13  1 19 41  - 50  9  8 48 26  - 20 18  7 40 10 44 59 28  - 51 54 43 24 57  2 38 46 39  -  4 23 34  6  5 11 36 21 55 37  -  - 42 27  - 14 17 16 30 53
 49 56  7 28  -  8 41  -  2 17  -  - 10 59 37 15 50  - 40 16 58 52  - 57 32  5 29  9 46  - 38  1 12  -  6  - 27 19 30  - 25 60 53 18 20 21 44 48 45 26 33  4 39  3 34 51 55 22 42 23
 60 27 46 42 18 35 15  -  9  -  2 52  - 39 10 41 19 28  4 59 38 11  1 50 51  - 53 16  -  -  -  6 31  - 29  - 24 17 33 37 49 26 22  8 54 32 23  5 30 58 47 12  -  -  - 21 40  - 20 45
  - 50 49 31 25 20  9  - 48 10 60  - 42  - 26  - 36 33  -  8  1  - 29 53 44 12  -  - 17 40 13 35 11 45 21 52 41  6 43 18 59  - 15 38  -  - 24 37  -  4  7 22 34 39 32 23 47 54 56  3
  -  - 24  - 38 42 29 16 50  5 21 44 34 15 40  4 57 12 26  - 31 17 39 22 53  3  7  - 33  -  1  - 27 36 14 45 25  - 32 49 18  - 58 37  - 43 13  8 41 55 60  - 11  6 48 47 46  - 19 28
 57  - 15  - 30 16  8 41  6 52 46 17  4 29  - 18 11 13 33 35 20 56  - 21 28  -  -  - 40 14 53  3 50  2  -  - 39 44  - 42 36 47  -  1  - 48  -  -  9 51 24 37 12  - 26 59 43 55 58 22
 48  8 53  3  -  - 14  - 51 22  - 57 46 28  - 59 55 30 35 43  7 37 27 49 12 56 20 36 47 29 44 19 16 17 18 10 13 11 21  -  5  - 40  -  6  9 39  2 34 41 15 42  - 32 33  4 58 60  - 38
  - 29 17 20 37 23 42  - 32 38  7 53 11 13 24 10 56  2  - 22 51 28 49 16 35 60 21 50  1 19 25  5 59 46  - 12  6  -  - 14 47 43 26 52  - 58 30  - 33  - 57  9 31 54 41  - 44  3 55 48
 41  - 19  - 58 39 32 53 57 48 28 10 40 14 18 52 21  4 38  9 49 31 15 27  - 33 54  - 26  -  -  - 36  -  - 13 16  8 60 51  3  - 59  2 46 45 35  7 56  - 42 34  - 20 55 11 37 12  6 29
 13  -  9 30  6 38  - 37  - 28  - 34 29 24 23 27  1  - 54 60 46 50  4 18 25  2 45 41 49 52  - 32  -  - 19 44 53 26  -  - 17 48 43 59 35 15 10 51 47 12  - 57  7  - 16 39 11  8 21  -
 25 37  -  7 47 21 12 19 31 27  - 33  1  - 49 28 59 29 56 34 13 43 46  - 10 35 22  3  - 36 54  4 39 42 15  6 40 57  - 55  2 44 32 60 38 23 18  - 48 52 17  -  - 41  8 58 16  -  9  -
 44 38 32 11 54 45 40  -  - 53 34 28  - 49  - 51  - 35 55  -  -  -  -  6 39 43  -  - 19  - 48 30  -  - 16 36 57 60  - 20 10 31 56  -  1  - 46  -  2  - 59 26  -  - 42 25 18 29 52 37
 26 14 57 15 12 24 53 60 19 45 32 29 30  1  7 33 47 40 17  - 18 48 54 56 52 59 50 43 11  -  6 55 34 31  5  - 35 42  -  -  - 58 10 36 13 51  - 23  8 28  -  3 20 21  2  9  - 38 37 39
 40  - 13 32 34  6  -  - 10 51 56 21 47  - 29 20 46 44 23 38  8 24 26 37 50 39  -  - 25 16 59 48  - 18 54  3  -  -  - 27  1 33 28  - 41  7 49 30 12 31 45 58  - 52 43  5 14 42  -  2
 35 25 18 56 41 31 19 59  - 15 23 60 38 52 58  - 12 20  5 50 42 30 17  2  -  - 39 53 54 33  8  - 14 29 26 47 10 13 37 32 45 16 48 28 21  4 11 27  - 40  3 24  - 36  - 44  1  6  - 43
