2880
 46 58 56 43 21  -  - 18 50 38 39 26  - 10 44  1 20 32 48  9 14 28 11 53 47  - 40 54  - 15  5 55 35 12  - 37  - 49 31 52  6  4 17  -  - 45 36  7  -  - 34  -  - 60 41 51 13 59  2 19
 16  -  - 57  - 44  1 49 32 34  8  -  -  4 53 60 12 42 52 18 37 11 54  - 24  5 45 22 26 56 20 38 29  - 21 50  -  - 58 17 46  7 27 13  - 41 47 48 36  2 33  - 15  -  3 28  -  -  6 31
 18 15 32 52  2 30 54 26  - 24  - 45  - 53 19 11 44  3 36  - 35 22  - 31 58 56 37 38 16  6  7  - 50 59  - 46  5 29 25 34 55 17 14 33 20 10 60 23 27 40  -  9  4  -  - 39 47  -  - 51
 40 28 45 18  5 51 15 21 36 23 16 47 14 22 42 12  -  2 59 25 44  - 52  7 48  9 49  - 31 50 26  - 13 38  -  -  8 39 43  4  1 57 54 53 46  - 27  6 29 35 17 19 56  -  - 24 33 30  - 41
  4  - 53 16 11 34  - 35 49  - 46  1 38 40  7 36  -  - 45 15 17 25  3 28 39 54 52 51 50 31 33 60 30 18  2 29 24 32 19  6 13 42 44  -  8 59 56 21 41 10 23 48  - 27  5 55 14  - 58  9
 21  -  1 59  4  3 38  - 16 11 40 56  6  5 52 23 33 37 17 45 12 42 32 41 28 29 35  9 58 34 25 46  -  - 24 30 47 55  - 27 49 43  - 26 18  8 51 31  7 36 50 22 14 54 13 57 60 19 20 10
 51  -  -  3  - 56  -  -  1  6 38  7 11 15 55 18 48 44  - 39 31  - 43 19 27 52 16  - 25  - 24 35 23  4 59 26 49 21 17 57 50 12 36 22 40 34  - 53  - 54 28 45  - 13 47 58  -  5 37 46
 38 34 58 27 30 41  -  - 47 44 21 40 49 56  1  3 17 36 20 11  7 52 46 14 50 33 15 60  6 13 43  -  5 19  8 59 55 25 42 39  4  - 48 54  -  -  - 29  - 24 45 53  - 51  - 35 18  2 23 32
  - 17 55 46  - 53 51 43 54  5  - 27 35 32 39 38 26 50  -  6 24 60 58 33  7  - 25 42 57 12 21  8 48 23  - 13  -  -  - 47 41 10 30 11 22 14  3 20 59 52 18 40  - 44  -  9 16 15 29 28
 35 11 60  8 38 33  - 57  9  -  - 52 32  - 56 13  - 28 41  - 29 14 47  - 21 10 54  5 23  -  - 53  - 45  4 31 37  - 20 19 42 44 40 15 49 55  - 22 50  - 43  - 34 59 36 27  - 58 46  -
 52 38  - 11  3  - 31  6 15  -  - 24  1 16 23  - 19 13 12 33 21 54 50 45  5 18 34 56 41 32 55 58 14 39 17 22 53  7  - 10 60 36 25 46 37 28 30 44 40  4  2 49  -  8 57 42 29  - 35 59
  9 40  4 36 53  - 47 54 60 31  - 51 24 35  2 52 59 20 21 30 43  - 45  -  8 17 29 14  -  7  - 37 26 15 57 16 13 22 46 41  - 50  - 32 38 18 23 33 25 55  6 28 11 34  - 10  1 27 44 49
  - 30  -  - 40 12 44 56  -  1  6  - 60 39 11 49  -  - 27 24 51  - 29 22  - 35  - 45  -  2  - 52 34 32 31  9 20  8 57  - 58 15 37  -  -  4 19 43 48 59 53 17 18  3 46 47 26 21 13  -
 15 41  2  - 10 20 27 37 11 54 57  - 53  - 59  - 39 58  -  5 28  -  9 50  6  - 42 30  -  - 46  1 24  - 23 56  - 40 12  3 48  - 49  - 31  - 44 60 21  8 51  7 17 33 45 13  - 29 22 43
  6 26 50 23 31  7  - 14 27  9 59  - 30 37 49  - 40  8 51 10 46 13  - 17  - 25  - 34  3 16 19  - 42  5 22  2  1 45 38 60 52 24  - 39  - 35  -  -  - 41 15 56  - 58  - 54 32 12 28 21
 23 32 26 40  - 17 52 24 33  - 34 22 56 27  - 19 31 10 43  - 53  - 30 58  4 47  - 46 36 18 48 15 37 35  - 51 16 11  3 49 45 25 55 59 29 12 13  2  - 38  1 54  -  7  6 21  8 50 14  -
 50 10  - 51 17  -  - 52 12  - 29 59 54 45 46 21  8  -  5 57 42 35 34 27  -  -  - 25  2 28  - 19  - 60 33 40 23  - 14 58 24 13 22 16  9 20 31 56 32 30 26 44 41 53  4 49  7  - 43  6
 48  7  -  - 16  - 60  2 39 49  -  -  5 28 32 10 23 54 31 12 40  8 20 43 53 27 41 24 17 59 14  -  -  - 46 18 51 30 29 21 37  -  3 57 58 44 34 13 38  1 52 35 47 55  - 36 56  - 19 45
  -  3 54 58 51 46  - 44 24 59 60  8 33  - 35 47  - 39  9 56  2 45 55 15 13  6 12 50  7 49  - 31 18 52  - 27 41 16 26  - 28 30 42 29 53 40 20 25 14 21  4  5 36 57 43  - 23 34 11 38
  5  - 35 53  - 43 39 22 37 56 33  - 18  3 41 48 55 30 26 59  - 44 60  8  - 49 58 27 10 25 34 13 52 28 51 38 31  - 15 12  -  9  - 40 19  -  1 11 45 47 29  2  7 21  - 14 57 54 42  -
  2  - 20 17 42 49 41 36 18  -  - 48 44  - 22  7 45  6 38  8 13 29 59 35  1  3 47 11 52 24  9 30 60 37  - 32 15  -  5 46 51 39 34 50 55 56 10 26 43 33 31 57  - 23 14 12  - 16 27 54
  - 13  -  7 35 29  - 11 23 10 26  -  - 43  - 54 30  -  2 22  8  4 53 16  -  - 36 58 39  - 60 56 57 31  - 42 28 33  9 55  3  6 45 20 27  - 49 40 17 19 59 21 12 38 52 44  - 48  5 24
 56 55 17 33  7  8 12  3 22 60 10  - 26 18 47 34 32 52 19  -  - 31 39 36 40 13 50 28 15 29 53 59 20  - 16 24 43 48 27 44 14 49  - 23  2  -  4 51 30  6 46 42 45  -  9  -  - 41  1 35
  - 54 31 60 20  1 43 46  -  2  -  - 16 17 48 44  - 24 23 19  -  -  - 18 38  -  - 41  5 53  - 21  - 50  - 35  -  - 47  - 34 40 11 52  4 37 25 10 15 32 55 26 59  -  -  6 51 13 45 29
 12  - 30 20  6 18 36  -  - 19 50 29 21 38 34  - 60 25 24 17 27 23  4 46 15 44 13 57 42 45 51 47  -  - 32 48 58 56  - 43  2 31  - 35  3 52  - 14 22 11  8 10  9 28  - 41  -  - 49 16
 54 45  -  9 27 57  - 40 20  -  -  - 41 21 38 24 58 33  3 46 34  -  -  - 16  - 19 47 59 44 23 10  - 43 12 25 18 60  1  8  7  -  - 49 14  - 52 42 28 26 36 55 53  2 31  - 22  -  - 50
  -  6 25  - 34  - 35 50  - 28 53  - 39 36  9 30 24 45 11 13  5 37 44 47 26 46 51 16 48 43 12 54 56  - 27 52  2  -  8 29 40 33 15 17 32  -  - 19 20 57  3 31  - 10  1  4  - 49  7 14
  -  - 12 41  - 25 45 19 48 15  - 42 55 13 26 53 10  -  7 23 38 34  6 51  - 58 32 29  - 30 47 40 22 56 37 49 44  -  -  1 11 14 60 21 28 39 57  8  - 46 35 20  5  - 27  - 43  -  4 17
 14 27  -  4 36  9 25 55 53 20 22  - 17 33  - 51  1  -  - 54 47 30 13  - 11 50 56  - 24 10 59  2 15 57 26  - 19  -  - 40 39 48 31 43  5  7 29 46 35 28 12 32 38 41  8 23 21 37  - 60
  - 52 46 38 41 21 49  8 31 30 27 35 13 25  4 56  5 19 28  - 48 15 26 34 45  7 59 23 55  9 11 29  2 42 40 58  -  - 36 16 54 32 53  - 57 33 43 47 51  3 10 12  6 17  -  - 37  - 60  -
 24 12 57 25 33 13 19 42  - 47 30 17  - 52  -  -  - 34 35 36  -  1  - 11 54 38  - 21  - 48 31  -  7 58  -  - 10 43 55  - 26 46  9  - 41 60  - 45  4 23 39  -  8 20  - 59 44 40  -  2
  8 57 43 42  -  -  6 27 46 32  3 58 29 11  -  - 25  - 55 35  4  -  -  9 12 20 39 10  - 60 41  - 16 30 34 54 45 50  - 15 53 21 23 36 33 47 28 52 56 48 14 59 22 19 44  2 49 24 31  1
 32 14 19 31 22  6 10  5 52  8 55  -  4 44 51  -  9 41  - 47 45 12 49 39 46 23  -  1 29 35  2  - 38 33 20 43  -  3 37 30 36 53 57  7 17 48  -  - 34 27  - 16 21 42  - 40 11 60 59  -
 39 44 22 54 45 10 56  -  6 14 15  3 46 55 40  2 49 21  - 51 60 26  7  - 29 41 31  8  -  - 42 57  -  9  - 19 27 52 11 32 25  -  1 30 50 43 53  - 33  5  - 24  -  - 35 34 12  - 18  -
 53 37  8 55 44 14 33 28  3  - 13  - 19  6  - 16 41  - 57 58 50 40 15 24 36 22  7  - 18 42 30  4 49 51  - 39 60  5  - 38 23 59 20 12 34 21  -  -  2  - 27 43  - 32  -  - 52 56 54 47
 59  - 34 56 28  2  -  - 10  4 19 60 40  7 14 31 18 53 29  - 52 17 57 26  -  1  6 13  - 51 49 39 47  - 15 41  - 35 54 11 43  3 33 55 16 22 42 50 37 58 20 27 44 36 38 45  5 25 30  8
 49 59  - 10 57 28  - 58 14  -  7 30 47 20  -  8 34 29 33 53 25 46 12  - 56 51  2 15 38 19  6  - 17 48  - 21 32 37 35 54 31 45 50  4 52 36  -  - 60 44  -  3 27 11 22  -  - 42 41 40
 44 43  - 48 12  - 58 17  - 52 51 11 22 42 36 27 50 15  -  2 20 49  - 30  - 21 55 31 40 46  -  - 32 13 45  1  9  4 41  7 29 16 10  3 23 57 59 54  - 39  5  -  - 14 60 19 35 38 47  -
  - 22 28 44 23 55 24  -  - 50 54 41 20 47 27  4 37 57 32 48 16  9 25  2  - 43 33  6  - 40 52 17 12 46 19  5  -  1 21 35 10  -  8 34 60 26 15  - 13  - 56  - 49  - 29 31 53 45 39 30
 10 18  -  5 29 50 17 32 13 57 52 16  - 49 60 22 28 31 46  7  - 36  1 54 14  8 38 39 20 41 44  9 25 47 42 34 21 27 56 53 35  -  6  - 11 15 58 37  -  - 19 30 24 12 40  -  -  -  - 26
 42 39 38 15 37 19  8  - 21  7 58 53 36  9 10 57 35 16 25  - 55 32 22 29  2  4 60  - 56 26 13 11 41  - 54 44 40 20  -  - 33 51 52 47 59 27  -  5 24  - 49 50  1  - 18  -  - 46 17 23
 41 42  -  - 60 36 28 45  7  - 24  5 23 30 37 39  - 56  1 34  - 21 38  3 44 57 17  - 32  4  - 51 27 11  - 33  -  - 49  - 12 20  - 31 26  - 48 55  - 18 47  -  -  9  - 29  2 53 10 52
  - 49  7 39  1 37  -  -  2 17 42  6 25 31 45 46 51 22 14 52  3 18  -  - 57 48  - 19 30 11 29 36 53 55  - 10  - 15 59 26  - 60 24 38 56  - 21 27  - 13  9 41  - 43 34 50 20 33 32  5
  - 46 18  1 24 32 55 59 56 27 41 43  -  - 17 29 21 60  - 16 39  6 14  4  -  2  - 53  9 52  -  5 19 36  - 15 50  -  - 13 22 11  7 51  - 31 45 12 49 34 57  8  - 26 28  - 10 47 38 25
  - 24  - 47  - 59  2 13 29  - 28 19 31 41  3 33 11 46 10 40 54 43  - 38  - 16 20 49 12  5 39  7 45 27 50  4 57 26 44 25  -  -  - 48 36  - 17 30  6 22 60 14 32 15 51  - 34 18  - 37
 60 51 15 29  - 39  5 53 35 13  2  - 45  8 28 14 47 17 22 20 41 57  - 48 55 31  - 40  4 36 54 34 46  1 30  7 42 38 16  - 32 56 43 10  6 19  - 59  - 49 25 58 50  - 12 52 27  3  9 44
 11 50  6  - 47 45  7 48  - 46 23 49 42 14 24 58 52 43  -  1 10 19 16 21  - 37  9 20  8 33  4 41 28 17  -  - 38 51  -  2 27 26 32  -  -  5  - 34  - 29 40 60  - 22  - 56 15  - 36 57
  - 53 36 22  8  5 13 31  4 16  -  9 34  2 29 40 46 23 44  - 26 51 24 60 30  - 57  7 21 38 58 27 33  - 14  -  -  -  - 48 18 28  -  1 15 49  - 41 19 43 32 47 37 25 54 11 39 10 56 55
  - 35 33  -  - 15 34 51 58 25  - 50  7 54  - 41  - 27 49 37  1 55  - 59  - 39  -  4 60 22  -  - 10  -  3 12  6  9 52  - 44  - 47 14 45 42  2 38  5  - 21 13 23 30 11  -  - 32 57 56
 55  - 37 24 43 42  4 41 34 22 35 20 15 57  6 59 36 14 58 44  -  - 56  - 23 19  - 12  -  3  - 45  1 16  5 47 46 28 30  -  9 54 21  2  - 50  - 39 53  - 38 29 40 52 10 60  - 17 26 11
  -  - 21 37 54 16 14 38 26  - 47 55 48 50 33 25 15  4  8 49  -  -  5 20  - 12 11  - 51  - 45  -  - 10 18  6 34 53 23 28 19 41 39  - 30  1  7 32  - 56 22 46 35 29 17 43  3 31 40 13
 31 60 51  -  -  -  - 25 30  - 37 38  - 24  - 20  -  -  6  -  - 27 21  - 41  - 46 48 35  - 22 12  8  2  - 17 33  - 18  -  - 34 29 56 43  -  -  - 54 45 44  - 57  4 32  7 36  1 16 39
  -  5 44  6 46 35  - 20 55 18 49 34 52 29 50  -  7  9 16  - 30 53 42  - 59  - 10 33  1  - 56 24  4  8  - 14  3 23  - 45 17  - 38 19 21  2 41  - 47  -  - 51 26 40 15 25 28 36 48  -
 17  4  -  2 13  - 16 60 19  - 25  - 10 34 30 32  -  -  - 43 33 47 41  - 35 24 27 44  - 54 38 49 21  - 52 23 14  -  6 42  5 18  -  -  7 29 50 28  1  - 37 36 39 31 59 20 58  8 51 22
 37  2  - 13 15  - 26  9 57 33 56 12  8 46  - 45  4 35  - 60 49 50 10  5 52  - 48  - 22 27 40 14  - 21 43 36  -  - 51 18 59  1 41  - 25 54 16 17 58 20  - 38  3 39 23 30 19 44 53 34
 29 36 49 34  9  - 23  - 44  - 14 46  2 59 12 50 16  - 53 55  -  -  - 13  - 26  -  3 43  8 10 25 40  -  - 60 11 54 32 56  - 38 28 27 42 17 35 24 39 15 30  4 48 47 21  5  6 20 52 33
 45  - 27 35 59 22 42 47  5  -  -  4  - 60  - 37  2 48 40 29 36  7 31 10 49 14 53 18 34 39 28  3 43  - 58 57 26  - 33 20 30 19 12  6 13 38 55  9 23 50  -  1 52 46 25  8 17 11 24  -
 25 16  5 32 49 52  9  - 45 40  -  2 27 19 20 28 54 12 30  - 56 24 48 57 37 53 21 59  - 47  - 43 31 29  7  - 17 44 60  - 38 23 51 58 39  - 46 15 26 14 41 34 10  6  - 22  - 35 55  -
 43 29 23 45 50 47 22 34 17 36  -  -  9 51 58 26 42  7  4 38 18 59 19 52 25  - 24 37 53 21  -  - 54 41  6 55 35 57 10  5 20  8 16  -  1  -  - 49 46 31 11 39  2 56 30 32 48 28  - 27
  -  - 10  - 55  - 50 16  - 37 17 31 58 48 21  - 14 38 39  - 11 56  2  - 33 36 28 26 44 23 57 32  3 49 35 53 29 34 24  - 47  5  - 41 51 46 22  1  - 60  7  6 13 45 19 15  - 52 25 18
