2880
 39  8  - 26 57 58 47 51  2  7 21  - 18 43  - 38 28  -  - 41 34  -  - 17 32 50 27  - 22  - 11  9 29  - 45 20 54 55 49  4 42 30  - 53 40 15 36 59  3  -  -  -  -  -  1 52  - 16  - 48
 15  -  -  8  - 18  1 14 60 13 27  - 34 36 10 16 56  - 11 12 59 25 54 55 58 44 23 47  - 53  4 38 19 17 35  6  7  3  -  5  - 32 33 29  -  - 52 22 42  - 41 49 21 26 51 39 28 43 30  2
 43 39 32  - 33  8 16  - 55 18 38 44  - 35  - 17 52 21 60  -  6  4 28 34 26 54  - 20 49 14 51 13 31  - 59  5 37 41 48  -  -  3  -  7 46 45 47 58  - 30  2 29 10 42 24  -  1  -  9  -
  -  - 41 49 14 15 38 39 20  9 30 34 16 40  - 21  - 35  4  1 46 33 55 57  - 31  3 11  8 56  - 22  - 59 54 48 44  - 28  - 37 43 42 52 23 29 12 51 60 53 18 36 24 50 25  - 17  - 58 45
 46 16 50  9 47 33 17  - 51  - 23 26 35 12 55 37  2 32 15 49 20  -  1 43  8 42 41 18 53 27 44 56 58 22 52 21 13  - 11  -  3 31  - 28  - 54 45  4 48 34  -  7 19  - 39 10 14 57 59 24
  6  - 14  -  - 12 18  - 19 21 52  - 26 41 45 30 49 54 27 56 32  8  - 33  7  - 11 16 10 55 60 34 51 53 46 35 29  9 42 31 43  - 23 40  - 57 28  1 24 20 22  5  -  4 36 15 13 59 44 37
 59 37 33 46 23  1 25 58 54  4 56  - 17  -  3 35 10 42  - 38 16 53 36  -  - 45 12  - 47 32  9  -  - 19  - 11  - 13 21  6 27 34 26 18  2 14 30 57 20  -  - 60 44 29 15 28 31  -  8 39
  - 30 51  - 26 48 33 28 31 59  9 36 12  2  -  1 18  - 39  7 23 20  5 52 14 10 24  4 15 41 27 53  -  - 22 57 34 47 38 21 49 56  - 35 60 40 37 44 32 42  -  6 50  8 29  - 54 25  -  3
 37  - 39 41 11 28 42 56  - 32 50 60 59 55 58 29 57  -  9 13 47 35 12  3 44 17  2  -  6 22 45 40 24 30  - 49 33  4  - 26  8  - 43 48  1 38  - 36  - 16 15 20 54 19  7 31 52 27 10 18
 30 50 27 37  1 44 24  4  7 28  8 52 11  - 60 32 42  -  - 15 12 39  -  5 20  3 43 49 48 16  - 51  9 14 18 54 59 34 31 35  - 26  - 45 58  -  - 19 29 10 47 46 38 55 33 40 57  - 25 36
 13  1 35  2  -  - 44 46 30 25 22  6 55 14 57  3 11 19 21 28  5  - 40 23  4 41  -  7 54  - 29 16  - 24 31 33 52 36 10  - 50  - 27 17  8 60 51 48 37  - 53 15 58 18  -  -  9 56  - 32
 22  - 21 39 36 38 35 15 42 46  6 10 31 34  - 33  - 57 37 45  - 58 19 54 30 55 49 40 18  - 23  2 56 12  8  - 25 16  3 20 48 44  - 47  9 17  1 29 52 50 26 43  - 27 14 60  - 24 28  -
  4 13  - 57  -  - 11 18  -  - 51 16  - 54 46 53 58  - 55 26 17 29 10 60 45 25 22 19  - 23 14  -  8 44  2  7 42 35 12 40 36 37 20 41 34 32 31  -  - 48  9 30 49 24 52 56 27  1 47 59
 51 35 53  - 40 14  8  9 37  -  3  - 13 11  - 18 31 33 41 42 45  - 23  - 15  - 48 56 43 59  -  - 20 39 28 16  1  7  -  - 21 36 12 32  4 19 44 47 30 55 34  2 60 54  - 57 25  - 46 50
  7 47  9  -  5 46 23  1 58 31 15 45 29 48  - 10  - 59 43  - 27 11 50  4 33 36  8  - 14  - 25 37  2  -  - 41 18 44 60 22  - 42 54 49 16  - 32 35 55 13 28 53  3 21 12 34 26  - 39 19
 40 18 43 16 19  3 21 36  - 37 31 11  -  - 30 49  - 60 38 34  8  -  - 15 29  1 50 32 59 57  - 55  -  - 13 23 17 56 45 25 33  - 35 12  - 46  5  - 22  -  - 51  7  2 58 27 48  - 52 44
  -  2 16 28 42 31 56 48 24 30 57  8 27 17  -  -  - 46 13  -  - 10 52 21 23  - 39 15  - 43 58 33  6 38 25  9 41 40 29 34 53 50  3 36 49 37 59  7 44 26 55 35 22  1  - 20 11  - 51 47
  2  - 15 21  - 19  - 30  - 34 59  5  1 29 41 36  - 43  - 58 26 14 53 35 39 49  6 60 44  -  -  - 52 47  9 24  - 22 51  - 57 16 40 33  3 28 27  8 11 46  -  - 42 45  - 23 55  - 56  7
 35 54 24  - 30 23 58 32 48 41  - 15  - 31  6 60  9 16  - 19  - 49 33 56 47 12 21 39  - 50 43 18 37 34 29  1 11 26  4 46 45 13 10  -  5  7 42 52  - 25 38 27 55  -  -  3 59 22 36  -
 33  - 58  - 59  - 19 57 13  1 32 25 23 45 43 39 46 31  2 51 18 47 60 26 38 20 53 42  7 49 37  - 44  - 12 50 55 21 35  - 15 54  - 14  -  - 41 24 10 27 40  -  -  -  9  - 22  -  6  4
 29 53  - 51 49  6 31 40  - 54 13 14 19 59 33 20 15 48 50 44 56 28 39 22 34 37 58 26  4 35 52 11  -  - 17 18 36  - 32 47  -  9  - 60 25 21 24 12  7 23  -  -  - 57 42  -  - 45  -  -
 54 12  - 30  - 21  - 47 52 55 19 32  - 57  2 15 14 24  - 27 35 59 58 28 41  4 40 48  -  - 20 50 18  - 16 25 49 45 17  - 44 29 34 56 36 11 10  6 26  -  - 39  5 53 38  -  -  - 42 23
 44  4  -  - 32 16 53 34 17 12  - 50 39  3 36  - 29 55 26 57  -  2 48  -  -  -  -  - 11  7 35 21 30 54 10  - 60 20 15 37 41 51 22 19 27 59  8 38  - 24 33 42  9 23  -  5 56 58  -  -
  - 34  - 48 38 41 12  - 56 17 33 24 50 58  5  6 32 44 14  -  -  -  -  -  2 53 36 46  -  - 40 60 39 43 27 26  3  - 47  - 52  8 29 15 21 10 55 25 16 18 42  - 30 22  -  7  -  - 54 51
 17 31 49 60  - 53 13 45 21 27 10  3  -  4  -  - 30  1  -  - 22  -  - 14  5  - 16  - 36  - 12 54 26 46  - 59 39  8 41 58  - 18 51 20 57 47  9  - 38 52 37 50 23  7  - 55 33 42 35 34
  1  -  7 34  9 22 15 59 32 53 49  -  4 16  -  - 55 41 42 10  3 24 29 48 57 56 30 27  2  - 33 52 50 35 38 28  - 51 25 18  6 46  -  -  - 12 43  - 47 44 60 17  8 11 23 54 37 13  5 20
 50  - 30 53 34 20  - 10  4 29  - 35 41 52 18  -  - 27 28 21  9 12 37  6 16 40  -  - 51 45 47 24 38  -  - 58  - 14 36  - 22  7  1 59 55 39  -  2 56  - 19 31 15 25 44 11 23  -  3 42
  - 42  - 27 53 54  2 24 23 52 45  1 56 46 38  7 25  -  - 35 31  - 59 16 22 18 51 30 55  3  8  - 34 28 14  -  9 10 40 48 19 11 47  -  - 43 33 15 41 36  5 26  - 60 49 21 32  - 50 29
 56 22 44 13  -  - 57 42  6  8  7 21 20 27 14  2 38 29 16  -  1 52 47  -  - 28 37 59 34 36  - 25 15 26  - 46  - 32 23 19  - 24 48 51  -  - 11  - 53  3 35 10  -  5 17  - 43 39 12 54
  3 57 17 42 43 50  - 20  -  - 37 46  -  7 23 19  - 25 18  - 48 36  - 53 10 29  -  6 35  - 34 32 60 45  - 38  - 54  - 41 51  -  2 58  -  - 49 56 59 15 27 11  1 12  -  - 47 31 55 14
  5  -  -  7 44 32 45 43 25 22 12 39 38 10 29  - 41 26 35 53 49  -  8  9 56 51 47 24  -  2  -  4  - 48 37 36  - 23  - 17  -  1 50 34  6  - 60 13 27 57 20 19 59 33 11 58 30 15 21  -
 48  - 37  - 60  4 28 16 27  3 20 40 44 22 39  5  - 47  1  -  - 13 30  - 52 11 54  - 42 10 26 23 41 55 33 51 32  - 59 36 56 14  -  2  - 58 21  9 46  6  - 34 53  - 19 49 29  8 38  -
  - 25 18 47 45 56 32  -  - 51 36 30  - 20 16  4 53 28 54 29 33 60 13 58 31 38 46  3 57 42 21 43  5  7 48 12  - 17 14  2  -  - 49 50 22 26 39 37 19  8  - 52 27 44 34  - 24 55 23  1
 42  9 12 33  - 57  - 19  5  2 35 53 60  8  - 40 20 14 10  6 43  - 44 30 37 58 34 36  3  - 15  7 54  -  - 47 50 27 56  - 18 49  - 22 39  4 46  - 28  - 31 55 13 48  - 45 38 51 26 25
  -  3  - 15 54 47 36 17 18 58  -  -  - 53 35  -  -  -  -  - 24  - 38 25 51  8 57 41  9  -  5 30 33  - 11 52 12 59 20 23  - 27 21 10 50 44  - 31  4 19 39 16 29 56  -  - 40 48  1 28
 28 15 38 36 18  7 41 60 35 43  - 33 24 42  9 22 44 58  -  - 51 54 57 19 12 34 25 52  -  4 59  5 16 10 47  - 48 39  6 29 13 40  - 23 37 31  - 27  1  2  - 45 20 30 53 46  3 50  -  -
 25  -  6 29 31 55  7  2  1  - 11  - 42 21  - 52 26  9 33 48 39 51 22 45 53  -  - 12 46 18 49 15 32  - 57  4  8 58  - 56 30  - 19 27 14  3 20 41 36 60 16 23 35 28 54 24 10  - 34 40
 47  -  1  -  - 36 60 23  9 50  4 49 10 25 34 58 24 39 46 54 37 22 14 11 35 16 26 29 28 17 48  - 53 20 55 30 19 12  7  -  5  - 13  6 32 18  2 45 40 59  - 57 33 52  3 51  8 41 15 38
 23 45 47 52 24 25 55  7 41 15  - 51  - 44 22 13  - 10  8 32 28  - 49 27 36 19  - 21 40 38 31  3 48 18 58 60 20 42 26  -  1  - 39 30  - 35 16 17 34 11 46 54 37  - 43  2 50 12  4  -
 21 41  - 18 15 35 52 27 22 24  - 29  -  9 40 23  - 37 56 31 60 34 42 38 54  - 44  -  5 11 39 17 12  8  7 19 46 49  -  - 32  2 53 43 13 36 14 55  - 47  -  1 57  3 20 59 58  - 48 16
 24 28 59  - 13 10 20 55 49  - 25 47  - 60 15 54 12 45  -  5  - 27 35 18 42  -  - 37 29 21  2  8 36 58 30 34  - 52 19 14 31 23  -  -  - 41 48  - 50  -  - 22 17 46 16 44  6  3 57 11
  - 46 23 45 48 11  -  3 38 39  -  9  - 24 12 59  - 52 47 18 42 50 34 44 27 60 56  1 41 33 30  6  7 40  -  8  4 28 37 57 55 20 15  5 54  -  - 16 43 31 32 14 25 58 35 53 49 19 13 17
 27 23 36 14  - 51 50 26 11  -  5 43  3 19 21 45 48 12  - 17 25 30 31 42 59 47 33 28 39 40 55 20 57 41 53 29 16 24  -  -  7  4 38  8 44 34 56 60  - 32 54 58  - 49 13  -  - 10 18 46
 36 10 25 35  - 49  6  -  3  - 53  7 48 23 20 42  -  - 34  - 52 15  - 13  - 59  -  -  - 39 57 47 17 16 56 31 28 11  - 44 38 19  9 37 45 55  4 46  - 29 58 24 43 41 50 18 21  5 22 60
 32 17 48 22 16  - 49  - 14 19 55 41  7 18  - 44 43 34 58 47  4  -  - 40  3 23  -  - 25 26 13 57 21  - 50 42 24 53 30  - 46 60 56  9  -  8 15 10  5 39 29 37 28 59 27 36 12 20 33 52
 38  7  - 23 56 29 14  8  - 44  - 31 51 15 49  -  - 18 12  3 30 57  - 39  - 46  1 58  - 28 42 45  - 25 41 55 27 19 52 43  - 59 60 13 10 20 50  - 33 22  4  -  - 47 21  - 53  -  2  6
 12 60 28 20  -  9 29 38 15 11  -  - 46 30 51 34  -  4  5  - 36  - 27 49  -  - 18 45 50  8  1  -  3  -  - 10 53 48  - 33  - 52  - 31 42  - 57 26 58 41  - 21 56 37  - 47 39  -  7 43
 14  - 56 25  3 26 54  - 39 42 60 27 45  1  8 31 23 49 22 20  -  5 16 36  - 57  4  - 58 48 41 10 11 52 19 15 51  6 55  - 40  - 44 38 47 24 18 53  2 33  7 12 32 13 59 30 34  - 29  9
 16 49  5 43 52  - 34 53 46 20 42 17 15  - 13 51  4  8 19 37 54 26 24  7 25 27 10 50 23  - 56 29 59  9 40 44 21  1 57 45 58  6 18 55 41  - 38  3 31 12 36 47 11 32 30 35  2 28  - 22
 26 11 45 19  - 43 10 29 16  - 40 59  8 49 24  -  - 20  -  -  - 41 25 32 28  2  -  - 30 52 17  1 23 21 36 27 15  - 34 13 60 12 31  3 53  5  -  - 57  -  -  - 18 39  4 42 46 47 37 33
 60 51  -  - 37 30 39  - 29 10 18 48 14 38 31 47  3 11  7 43 13 46 45 12  6  - 35  9  - 25 50  - 55 49  4 32  -  - 16 15 34  - 59 24 26  -  - 20  - 54 21 41 36 40  5 19 42 23 27  -
 34  6 29 44 50 42 27  - 40 48 26 18  2 32 47 57 60  -  3 24 41 16  7  -  9  - 20 53 56 51 36 14 45 33 43 22 35 46  1  - 23 58  - 25 19 52 54 21 49 28 10 59 39 15 37  -  4 11 17 55
 53 44  -  4 28 24  - 49 45 60 58 12  - 50 56 26  8 30 29 46  - 48 20 37 21 32  5 31 27 54 19 36  1  6  - 40 57 33  2 55  - 22  - 42 35 23 34 18 39 51  -  - 14  - 10 25  - 52 16 41
  8  -  2  -  4 40  - 13  - 23 41  -  -  5 25 24 27 38  - 16 44 18 26 47 19  - 15 34 12 31 22 46 14  1 42 45 58 50 43  3 39 57 52 54 51 53  7 49 17 35 11 32 48  - 55 33 20  - 60 21
 57 20  - 10  - 52 51 41  - 16 39 55 37 26  1 27 21  - 53 33 58  - 43  2 49  7 28 22 19 47  3  - 25 29 60 56 23  5 24 59  4 48 11  - 15  - 40 42 54 14 12  - 31 34  -  9 45  - 32 30
 41 14 19 32 22 60 48  - 33 45  1 54 57 47  4 55  6 15 59 39  -  7 17 51 24  - 31 38 37 46 10 42 28  -  3  -  2 29 53 16  -  -  - 11 56 49 23 30 18 43  8 25 34 20 26 50 44 36 40  5
 52 26  8  5  - 13 30 21 53 40  - 57 58  - 11 41 16  3 45  - 55 42 32 59 18  -  -  - 24 15  - 27 22  - 44 14 31 43 39  7 47  - 25  -  - 50 19  - 35 56  -  9 51 38 46 17  - 60 49 12
  -  - 31 59 10 27  -  -  8 36 16 20 30  - 42 56 45  -  - 14  - 21 18  - 48 33  9 54  - 44 46 12  4 15 34 37 47 60 58  - 35 55  - 39  -  -  -  - 13  7  - 38 40  -  - 43  5  2 19 26
 11 36 40 54 55  - 46 44 57 26 48  4  - 39  -  9 47 53 30  - 29 19  6 24 43 35 59 13 20  1 38 41 42  -  5  3 22 15  - 12 10  - 28  -  7 27 25 32 21  -  - 56 45 51  - 14 18 49 31 58
 55 19 42  - 29  - 40 22  - 57 17  -  -  - 48  8 35 23 49 36 10 45 15 20 11 21 38  5 33  -  -  - 46  3 39  2 43 18 54 32 26 41 14  4 52 51 58  - 25  - 50 44 16 31 56  6  - 30 53 27
