2880
  2 16 33 49 53  -  - 60  - 55 34 39 10 44 54 37  -  4 29  3 32 38  - 18 30 17 20  -  - 41  -  - 26 48 22 42  6  - 24 47  8 45  - 15 12  9 59  - 31  -  - 52 51  -  - 19  - 46  -  -
 50  - 40 21 42 28  - 34 18 39 48 58 57 14 11 13  2 54 23  8 60 24 38 47 16 49 36 52 41 43  9 17  6 19 32 46  4 27 53 30 33  3  - 25 10  -  5 31 44 51 56 20 26  7 12 22 45 35  - 59
  7  3 38 23  - 18  - 31 51 50 59 27 49 20 60 55 13 57 46 29 22  - 43  5 48  1 25 44 39 26 11 58 40  4  -  2 37 32  -  - 47 16  - 21 42  - 30 45  - 17  - 12 28 56 24 14 33  9 15  -
 16 11 58 60  2 25  - 27 57  4 36 59 43  - 53 54 19 24 45 26  -  - 42  - 32 23 10 34 46 14 31 56 28  -  7 52  9  3 18  5  1 29 51 55  - 38  6 13  - 33 47 35  8 15 37 20 39 22 17  -
 15 19 21  - 24 14  -  - 37 47 26  1 45 40 52  - 10 53 16 43 56 35 59 41 57 12 55  2 54 38 18  5  9  -  - 13  - 42 50  - 58 36 33  - 39  3  7 46 30 23 17  6 44 31 34  4 49  - 27 20
 45  5  9  1  6  - 39 36 25  - 22 30 46  -  - 19 35  - 10 58  - 21 12 54 43 20  7 29 57 11  -  3  -  -  - 26 17 51 15  - 31 34 47 42 53  -  -  - 60 49  4 59 33 24  - 48  - 55 56 38
  1 35 29 43 54  -  -  8 21 32  - 50 41 10 55 22  4 45 53  - 24 13  -  6 37 11 38  -  5 34 27 46  7  2 51 30  - 44 26 20  - 23 42  - 25 39  3  9 36 52 12 14 47 19 15 33 58 48 59 49
 12  9 59 34 40  - 48 42 14 57 46  2  1  5 13  - 51 18 20 32 15 52 54 30 60 25 53 38 47 19 50  6  3 43  -  - 44 45 23 35 39 21 16 33 36  7 31 49 17 26  - 37 56 27  - 11 28 24 22 58
 27 42 13  6 43  5 26 54  -  -  - 57 19 41  -  - 11  - 47 52 25 18 45 59  - 31 34 51  7 20 53  8  - 28  - 49  - 24 44  1 55 33 58 32 22 40 14 23  - 30  - 38  - 21 39 16  - 12 37 15
 30  -  -  - 48 47 45  - 12 56 13 41  - 46 27  -  - 10  1 40 17  -  - 55 35 15 22 42 32  6 37  - 58  - 21  - 26 60 34  -  -  4 57  2  8  - 54 59 14  5 31 28 52 38  - 39 20  -  9 18
  - 58  4 16 45 30 33 13  - 15  9 22 31 29 21  - 54 44  6 57 51 27 32  - 52 48 46 35 17  1 23 59 34 56  8  - 42 50  2 41  5  -  - 12 26 11 53 20 47 24 38  - 25 49 18  -  - 60 40  -
  - 43  - 20 44 51 52  3 36 28 27 14  4  - 42 41 39 49 38  - 47  -  -  2 19 16 54 60  9 13  - 53 30 34 37 50  - 11  - 32 23  6  - 48 46 22  8  -  -  1 35 55 40 29 45 18 12 57 25 31
 52  - 53  -  - 37  - 24 20 44 58  3 17 57 38  - 30 23 14 56 19  4  5 27 36 42  -  - 13  7 47 40  -  - 16 48 25 55 32 28 46 41 11 22  6  - 43 34 54 45 50 29 39  8 21  - 59 10 33 51
 59 57  -  4 39  -  -  -  - 46  - 33 60  8  - 32 21 20 15 34 43  - 35 17 55 51 13  3 26 47 12 28 16  - 30 45  - 14  - 50  - 18 31  5 38  - 48 10 11 41 37 25  2 40 23  -  -  7  - 42
 55 27 46 59 21 35 56 38  5 60  -  -  - 51  -  - 44 40 25 41 11  1  - 14  -  3  2 18  - 24  -  9  - 47 23 58 20 10 22 54  - 32 37 19  -  - 29  8 13 42 36 50 30 16 33 45  -  -  4 39
 29 20  - 32  - 58 51 37  -  5 49 21 59 36 47  2 46 28 41 39 16 50 57 10  8 60 30 14 55 15 38 35 33 45  9 19  -  -  6  - 22 11 23  - 52 34 25 17  -  3 54 24 42 43 48 31 13 18  -  -
 28  8 39 27 14  4 42 56 34 33  - 15 36  -  1 16 40 38 52 30 44 19 53 25 23 24 26 22 10 59  - 32 17 54 49 21  7 47 51  -  9 12  -  -  3 60 35 55 48  - 13 18 31 50  - 58 46 37 43 57
 43  - 26 36 47 49 23 52 40 20 44 16 35 38 48 24  5  - 50  -  - 57 14 21 51 30  -  - 28 33 59 11 18  -  2  - 45  - 39  - 10 53 29  7 17 13 46  1 55  - 19  -  6 32 60  - 27  -  8 41
 58 44 10  7 57 11  - 20  2  -  4 37 12 54 46 28  3  - 60 15 49 40 41 34  5 35 47 45  - 21 39  - 19  - 33  - 22  - 27 13 32 56 48 38  - 14 23  6 16 31 59 51 53 42 17 52  8 43  -  -
  - 15 51 46 19 43  1 55 29 14  -  4 34 47  - 12 31  8 58 17  -  5 26 38 11 13 39 53 21  -  - 20 23  - 25 60 33 22  -  3 37  -  6 41  - 30 44 40 52  7  - 36 49 10 32 24  - 50 35 27
  - 54  - 29 17 60 59 57 39 51 41 44 38 13 49  -  -  -  -  2  4 11 36 45 42 58  - 43 22 31 14  7 47 55  - 25 24  - 56 10 18 46 12 30 33 26 40 28  -  -  - 21 48  6 20  9  -  - 16  3
 24  6 42 37 30 45 44  2 54 23 31 47 32 59  - 57  7 16 12 14  - 29  8  -  -  - 60 46 18 58  - 33 25 13 39 40  -  -  - 55  3  - 17 10 20  5  1 35 19 50 51 22 38 52 53 36  -  4 28  9
 26 10 48  -  - 41  8 14 55 52 57 35 18  - 16  3  -  1 56 46 27  -  4  - 29  7 23 36 59 53 19  - 31 38 47  -  5 13  9  6  - 58 39 40 54 28 50  - 12 21  -  2 20 22 51 17 43 33 44  -
 25 37  -  9 26 59 43 12 17 31  -  -  -  - 18 35 34 33  3  -  5 44 20 46 58  2 32 47  - 49  1  -  - 39  -  7  - 56 55 57 48 52 60  4 11 51 38 27 40 29 15 10 16 53 36  -  6 21 41 22
 21  -  -  - 41 12  3 33  - 53 29 25 54  7 26  -  1 46 24 18 58 32 17 23 14 22  4 39  -  - 35 34 11  6 57 44 28 43 30 37 59  - 19 47  - 36  -  2  - 40 20  -  5 60 55 15 52 49 10  -
 39  - 36 51  - 34 31 40  - 59  7  - 37  - 30  9 58 26 13 50 52 56 60 29 25 55 24 57  8 22 20 43  1  - 14  5 49 28 38 19 12 27 10 35 15  - 16 44 45 47 23 17  - 33  4 21  2  - 46 54
 46 40 31 50  -  - 58 59  8 30  - 51 47  -  - 42 41 25 11  -  - 10 21 35  7  5 44  - 15 17  4 52 32 23 38 56 39 34 37 18 19 54 13 14 48  -  2 24 53  - 16 43  1 28 22 60  - 45 49 36
 33  -  - 38  5 27  - 11 52 43 47 29 30  - 20 48 15 13  - 31  -  - 37 58 50 36 35  9  - 25 44  4  -  -  -  -  - 39  - 16 24  7  - 18  2 42 51  3 22 55 53  - 17 26 56 57 34 59  - 60
 19 29 12  5  8  - 54 10 47 24 39 34 20  9  2 38  - 32  - 25 36 43  - 50 33  - 52 16  1  -  - 15  4 53  - 11 59 48 40 49  - 51  - 23 57 27 60  7  6 13 21 26 14 55 30  3 56  - 31 37
  3 56 20 52  -  - 25  - 27 11 14  - 50 33  - 34 42 55 40  5  7  - 29 37 17 53 12 54 44  4 24 47 60 18 19 35 16 31  - 51  -  2  -  9 21 32 58  -  - 22 46 39 36  -  1 26 41 38 30  8
 41 31  - 22 52  -  - 15 11  6 32  7 24 26  - 14  - 36 48 42  9 53  -  8 27  - 18  - 34 16 55 23 45 50 13  -  3  - 49 46 57 37 21 54  4  -  -  - 43  -  - 58  - 25 47 59  1 51 39  -
  6  - 44 17  - 19 38 41 59 25 43 53  5 58 33  1  -  -  -  - 54 26 34 39 31 40  3  - 27 57 28 42 49  9  4 18 48 36 60 11 21  8  2 50  7 55 24 56 35 14 10 15 46  -  - 13  - 32 12 29
  4  1 18 47 50  -  6 53 35  7 15 46  - 30 40 17 24 34 19  9 57  3 56 28 22 10  -  - 48 29 33  - 59 44  - 54 12  8  - 42  - 14  - 43 51 21  -  - 38 37 58 23 27 41 31 49 60 13 45 55
 47 23 37 41 15 57 35  - 16 12 21 55  3 17  - 11  - 58 44 48 30 54  -  - 20  - 50  6 60  -  5 13 36 25 52 43 27 59  - 31 42  1  4  - 34  - 33 51  8 28 39 49  9 18 38 56 22  - 26 53
 51  - 17 33 56 53 21 26  - 19 35 48 13  - 29 45  8 59 39 12  - 16 11  7 44 46 15  4 52 23  - 14 24 57 31  9 18 41 25 38 43 47  -  -  - 10  -  - 20  -  1 40 50 58 27 55  - 36 42  2
  -  - 34  8  -  - 32  7 26 10 17 49  9 22 19 20 37 43 31 44 45 25 47  3 13  4 28 23  6 18  - 50 55 33 29 15 30 46 21 36 14  5  - 27 60  2 41 16 39  -  - 54 24 59 58 38 35  1 57 12
  - 24 14 39 60 50 30 58  - 49 54 52 29  - 15  - 55  6 28  -  -  9  - 32 12 41 27  1 31 48  7 16  - 51  3 47 10 19 35  - 20 38 18  - 37 43 42  4  2  -  - 13 22  - 11  - 53  -  5 56
 13 59  -  -  9  -  7  5  - 36 24 40 48 60 44 52 47  -  4 38  1 39  3 57 46 28 42 27 50 30  - 12 10 58 45 17 32  6 11 21 53  - 20  - 19 33 26 25  - 35 18  - 54 37  2  8 14 16  - 34
 53 33  -  - 55  -  2 45 41 35 10  8 27 31 59  -  - 12 26  4 38 42 39 22 34 43 58 17  - 46 15 60 29 21  6 28 47 52  5 40 30  9 36 49 14  - 13  - 24 25  - 44 37  - 57  - 32 23 18 16
 35 49 22 30 23 44 29  6  9 38 19 60 21 48 14  -  -  5 43  7  8  - 31  4 56 34 17 58 53 12  - 57  - 46 18  - 11 37 45 52 25  -  3  - 40  - 55 33 28 39 27 16 10  - 50 42 24 47 36  -
 22 52 16 28 38  -  -  - 44  1 55 32 15 25  -  - 14 60 57  - 29 59  2 42  -  -  9  -  - 56  8 21 51  - 53  - 23 54 48 33 34 49 40  - 24 45 11 12  - 36 30  - 13 47  - 46  - 17 20 10
 49 34 25 19 58  3 57 30  - 37 28 12 44 16 45 31 26  - 18 24 20 17  1 33 40 52  - 21 42 32 10 51  -  -  - 38 55  2 14  9 27 59 53 39  - 29  - 47  7 43 41 60 35 36 46 54  4  6  -  -
  - 46  -  2 33 38 14  -  4  3 30 23 52  -  - 36  - 29  -  -  - 22 48 13 15 32 16  8 37 40 42 18 21  1  -  - 41  9 58 43  - 60  - 11 31 59 45  - 57 19 28 47  7 39  - 44 25  5 34 24
 34 17 35 24  - 10  - 16  -  - 51 18  - 39 28 44  -  9 37 19 53  - 27 52 54 33 40 48  - 55  -  - 43 12 56  - 29 26 20  -  4 25 49 60 50 46 21  - 32 15 57  8  - 14  7  5 36 42  6  1
 18  - 41  - 46 48 17 22 43 16 23 56 39 53 37 59 29 50 33 10 21  - 49 24 28  9  - 55 20  5  - 38 15 31 60  - 13 58 54 12 52 30  7 26  1  - 19  -  4 44  8 57 32 34 40 25 42  -  2 47
  5 22  - 10  3 36 46  4 32  - 53 13 51  - 39  - 57 52 17 11 31  - 18 20 45 14  6 33 43  - 21  - 50 27  1 59  -  7  -  -  2 40  9  - 23 49 37  - 42  - 25 34 29 44 16  - 15 26 60 28
  - 26 30 58 29 46 55 39  -  - 42 24  8  6 50  5 53 19  2 22  -  - 23 48 49  - 59 28 38  9  - 31 14 37 40 36 34 20 16 15 11  -  1 52 43 44 12 60  -  4  3  7  - 45 25 51  - 27 21  -
  8 30 11 44 28 32 34 35  - 17 25 54 33  - 41 27  9  2  7 55  -  -  -  - 18 38  5 40  4 52 51 39 20  - 59 16 15 23 19 24 60  - 45 31  - 47 10 48 37  6  -  1 21 57 49 53 29  - 13 14
 11 39 27 25  -  6  4 44 10 45  - 42 40  - 32 47  -  -  9  - 55 60 30 53  - 26 49 24 33 50 36 37 57 15  - 51 58 29  8  2 54 13 38 59 35 31 34  5 41 48 14 56 18 23  3 28  -  - 19 46
 44  -  - 35 11 54  -  1 28 42 50 20 53  -  7  6  -  - 34 59 26  - 16  -  9  - 29 15 25 27  3 45 37 49 55  4 19 17 47 39 13 24 46 36 58 23 22 14 18 60 32 48  -  5  8 41 40  - 38 33
  - 25  1 26 34 16 60 49 50 27  - 45  6 37 24 10 48  - 59 47 18 46 51 56  4 19 33  5 23 42 43 41 39 29 36 20 31 38  - 22 17 44  8 13 30 53 57 21 58 54  7 32 11 35 28  2 55  - 14 52
 54 13  - 18  7 26 49 48 53  9  5  - 55  - 36 23 27 47 21 60  -  - 19  - 38 59  - 32  - 37 57  - 22 20 42 14 50 35 17 56 40  - 30  - 45 25  - 52  - 46  - 33  3 12  6 29 31  8 58  -
 60  - 15  - 59 20  - 25 23 22 18 19 42 34  - 21 49 48 36  -  -  - 13  -  - 47  -  7 45 35 52 27  -  5 26  8  2 33 31 17  - 43 28  3 16 57 39 53  1 10 44  4 12 54  - 30 38 56  - 40
 40  2  - 45 32  9 16 47 30 48  - 17  -  -  - 58  - 31 54 37  -  -  -  -  1 21 19  - 24 10 60 44 13  - 20  - 52 57 43  - 35 50  - 34 55  8 36 18 25 56  - 41  -  - 59 12  3  - 53  4
 37  - 19 57  4 55 11 21 31  2 33  - 58 15 35  - 43 41 32 49  6 20  -  - 39 29  8 13  3  - 25 48 38 52  - 23 46  1  - 45 56  - 50 24 44  - 27 54  5  - 34 30 59  9 14 40 51 53 47  -
 32  4 47 56 27  -  - 17  - 40 52 36 23 18 22 30 16 35  5 21  -  - 55 11  3 54 45 10 14  8 58 29 44 59 48 39 43  - 57  - 38 19 34  6 41 37 28 42  - 20 49 53 15  1  9  - 26  2 51 25
 31 28 57 53  - 42 12 46 15 18 37 38  2  - 23 43 36  7 22 20  3  - 44  1 41  - 21 19 11 39 48 26  - 14 10 33 60 49  - 58 29 17 59 56 32  4 47 50 51  9  -  5 55 30 54  - 16 34 52 45
 36  - 55 12 10  7 13 28 48  - 40  - 56 19 43 33  - 42  -  1 14  - 24 26  -  - 57 59 49 60 30 22 46 35 58  -  8  5  4  - 15  - 27 16 29  - 20 38 23  2 45 11 34  3 44 32 17 25 54  6
 56 41  7 40 31 24 28  - 45  - 11  5 22  4 12 25 38 39 27 23 35 33  - 51  2 37 14 50  -  3 32  - 53  - 17 57  1 16 10 34  - 55 26  - 59 58  -  - 49  - 52 19 60 13 42  - 47 20  -  -
  - 45  - 13 22  -  - 50 24 34  - 31  7 11 25  - 60 14 49 51 39  -  6 19 59  - 43 12  - 36 29  1 56 17 28 53  - 30 33 23 41 42 44 57  - 20 52 37  9  - 55 46 58  4 26 10  5  -  - 48
