2880
 15 42 16 51 44 38 56 40 18 47 45 25 24 31  7 19 58 34 27 29  5 50 59 49 22  -  - 36 41 37 55 43  1 48  - 54 13 57 35  4  6  8 14  - 53  2 26  - 20  - 23 46 28 60  -  9 21 33 30  -
 44 37 18  5 29 32 25 13 21 16  1 51  - 38 53 54 30 39  -  4 34 48 24  - 59 55  7 17 28 43 57 36 47  8 46  - 27 49 31 56 40  2 15 20 14 12 22  -  - 19  -  - 58 50 33 35  6  -  9 11
 60 18 34 57 50 16 54 15 17 14  -  - 31 58 42  - 25 49  1 20 55  4 38 29 48  - 35 27 24  - 21 33 12 43  - 53  5  8 28 19 41 36 10 46  -  - 59 45 26 30  - 22 39 23 56  6 13 44  3  -
 55 39  4  - 18 22 48 20 27  -  - 45 13 19  5  - 14 30  -  9  8 26 17  - 34 10  -  3 15  -  7 42 60 52 50  2  - 24 29  -  - 56  6 11 46 37 12 54  1 41 28 33 44 38  - 36 16 35 47 21
 38  - 37  - 57 47 58 23 44 53 13  1  - 14 17 22 16 11 46 39  - 12 40  7 55 28 50  6 25 26  - 29  - 10 24 42 21 52 45  - 48 15 54  5 59 35 60 19 30 56 49 34 43  3  4  2 36 31 20 41
  - 57  - 36 28  -  3 41 48  - 53 49 20 54  - 42 35 25 37 55 58 51 19  8 33 43  - 11 60  5 24 21 50  - 13 15  2  - 30 17  9 31  7 44 47 59  1  - 14  - 40 18  4  -  6 26 23 38 52 32
 27 31 40  -  - 54 38 30 19  4 28 12  6 59 55 13  - 46  -  -  - 22  8  2 17  - 45 14  5  3 47 20  - 16 25  - 18 51 36 10 44 41 32 24 56 11 53 33 48  -  7  1 50 58 52 60 26 15 49 39
 22 14  7  3  8  2 39  - 46 36 57 16 32 48 40 28  - 12 44 31 41 24 27 19  -  - 52  - 54 15  - 51 13  1 33 21 38  6 25 50  - 55 35 60 20  -  - 43  4  -  - 53 29 26 37  -  - 30 42  -
 24 22 50  -  6 33  - 57 23 31  8 14 30 21 49 45  - 54 52 18  -  7 60 48  - 34 15 43 16 35 13 17 20 55  3 12 47  2  5 37  - 26 58  1  - 28 19 25  -  4  - 11 10 51 53  - 38 56 27  9
 12 26 51 46 60  8  7  6  5 23  -  - 34 42 43  1  9 50  -  - 27  - 20  - 41  - 53 48 21 56 40 24 58 35  - 55  - 47 49  -  - 59  4 57 10 15 36 39 45 52  -  - 19 17 32  - 37  - 33 31
 47 55  5 26  - 28  - 19 41 37  -  - 52 32 10 20 17 38  2 44 13 46 14 54 25 53  - 50 49 60 51 59 34 22  -  7 40  - 12 27 57  3  - 48 21 42  -  8 15 23  4 16 18 29 58 24  9 39  -  -
 30 48 36 20 34 12 28 37  8 25 47 22  - 44  2 35 32 10  - 42 38 60 53  -  - 59  9  -  - 41  -  -  -  - 52 17 33 40 23  -  - 13  3  -  1  4 51 24 18  5 19 56 31 55  - 14 54 58  6 46
 39 38 35 37 30 48  4 46  - 58  -  -  8 12 13 44 15 41 59 14 60  5 29 53 52  - 26 10 20  -  3  1 22 18 23 49 11 34 57  - 42 19 31 47 24  7 54  6 33 27  - 21  - 28  -  -  - 16  - 45
  5  4 32 56  1 17 22 28  3  - 18 13 57  - 11  -  8  2 42  - 16 34  - 12 31 41 19 29 59  - 54 52 39 58 20 27  - 48 26  - 51 46 50 33  -  6  7 60 37 55  - 15  9 44  - 47 45 10  - 25
 49 50 33  8 12 10 20 31  6  3  -  - 28 52  -  - 23 55 32 45 15 35  - 58  -  -  2 21  - 39 41 27 44 13 30  - 59 22 34 57 11 54 53  -  -  - 46  - 24  -  - 43 36  - 47 56 18  -  1 40
  - 11  - 34 56  1 23 33 13  - 51 52 40 43 32 16 37  - 12  -  - 20 46 22  - 39  - 55 45 54  9 14  -  -  7 58 31 19 41 36 18 50 30 26  8  - 47  5  - 28 27 38 59  -  - 53 44  6  4 49
 19 29 30 25 40  -  -  9  1 39  -  3 53 16 36  6 24 27  - 58 23 55 57 32  - 18  5  -  -  - 43  - 41 21  - 48 49 37 11 59 56  - 45  2 52 31 33 28  - 15 34 42 12 13 14  -  8 26 54 20
 53 46  6 30 11 60  2 51  - 42 54 32 50  -  4 17  -  5  -  3 26  8 15  - 28 48 55 44 14  - 18 25  - 31 12 38 24 45 10 58 27 29 21  - 41  - 57 34 43  - 22 40  - 56  9 52  - 49 59  -
  4 16  8 38 19 43  - 36  -  -  3 17 22  - 57 30 13 26 45 28  6 47  - 18  -  -  -  -  - 29  - 53 35 15 11  5  - 59 60 25  -  -  - 27 37 49 41 23 52 40  9  - 24 39  - 33 51  - 56 58
  -  1 27  - 43 15 50 25 36 12 42 40  5 29  8 60  - 32 20  - 31 49 13  3  7 23 17  - 30 11 44  -  4 28 35 24 55 16 54 52  - 34 38  -  9 41  6  -  - 10 56 26 51 57 39 46  - 45 37 18
 29  - 60  - 46 31 32 11 22 50  - 15 25  7  -  8  -  - 30 21 39 33 51  5  -  1 20 18  - 36  - 55 28 57 48  - 16  4  - 23 54 38 52 56 19 24  -  - 13  - 42 14  - 45 10  3 59 41  - 47
 16 41  9  - 45  4 24 17  - 11  - 57 26  -  - 32 36  -  - 37 25 44 12 60  - 31  1  - 46 58  8 23 52  - 53 28 10  - 48 13 21 43  - 51 15  -  3 20  7 18  - 29 40  -  -  - 55 27  5  6
 14  -  2 17 59 49  - 21 43 22 37  -  - 11 52 38 28 16 15  7 10 58 56 47 13 33 60 32  - 19 46 26 30  6  - 39 29  - 18  5  -  - 36  8 27  3 40  - 50  1 20 12 42 48 34 57  - 25 31  -
 17 20 12 10  4  - 13 56 51 18 46 39  3 36 35 23  7 21 54  2 44 14 49 15 30  -  6 25 47  - 42 32 45 29 55 19 52  1 58 34 53 22 57 41 33 16 27 59 40 43  -  - 38 37 48 11 31 28 26  -
 57 45 59 19 32 18 27 29  - 28 26 47 10 35 24 11 46 36  - 16  9 30 34 56 44  5 13 52  7 12 15  6  - 38 21 14 48 54 39 53 55  -  8 49 25 50  - 40 41  3 17  - 20 43 42 37 22  1 58 51
 35 54 45 13  -  - 46  8 28 32 49 18  - 37  - 41  - 52 48 43  -  9 30 14  4 56 39  -  3 21 19 40 36  - 10  - 12 38  2 22 26 24 60 15  6 53  - 27  5 44 50  -  1 20 17 23 34 59  7 55
  9  - 17 28 31 25 45 52 50 26 44 34 16  - 18  4 48 58 56 41  3 43 47  - 37 20 24  - 13  - 36  8 23 12 14 59  - 21  6 46 32 57 22  - 55 10 42  - 19 29  - 35 54  2 27  1 33 11 60  7
 32  - 46 11 27 58 41 54 55 10  2  5  1 57 51 49 31 18 34 17 36 19  3  - 47  7 30 24 22 14  -  - 38 23 45 37  8  - 43 60  - 53  - 42 50 29 21  - 12 48  - 44  - 52 26 20 40  - 15  -
 18 36 15  1 38 37 30  -  9 34 48  8 47 56 45 58 52 44  - 57 43  3 10 24 32  - 51 60  - 28 23 11 17 42  - 41 14 31 59  -  4  - 20 55 39 40 49 46 54  - 33  7 27  - 13 29 50  - 25 22
  - 23  1 44 15 24 11 45 59 20  - 35 49  2 34 36 54  8  - 50  - 29 55 25  -  -  3 26  - 30  - 18 46 41 40  -  - 17 51 39 60 33 28 43 31 14  - 48 53 47 32 19 56  -  7 12 57 13  - 27
  - 59 28  -  -  - 19 44 16 24 12 53 11 10 47  - 45 48  5 30  2 27 58 31  - 13 14  - 29 33  6 39 32 17 42  4 57 43  -  1 34 20 41 38 40 51 56 55 25 22 60 37 23 46  8 49 52 36  - 15
 37 44  3  - 23 45 16  -  7 55  - 42 27 15 21 12 19 47 18  - 48 54  - 50  6 46 34 53  1 52 17 56 40 49 41 57  9 35 33 51 38 28 11 31 22  5  - 30  - 20  - 25 60 10  -  - 58 43 39 29
  - 15 43 24 10 53 18  3  - 51 39  6  9  - 27  -  2 19 35 47  - 45  -  4 11 12 57  -  - 25  - 41 49 36 56  8  - 50 40 31  -  7 13  -  - 26 48  - 29 42 46  - 55 54  1 21 32 34 17 14
  -  - 47 60 13  3  - 43 52  5  -  4  -  9  - 33 22 29 58 27 54 15 39 41  1  - 21  - 32 16 25 50  - 34  - 11  - 46 14 12 45 44 23 59 26  - 31 51 10 37  -  - 48  - 18  8 49 42 24 56
 34 13  - 15 48 59  8 12 32 21  - 10  - 18  - 31 38 14 47 19 53 28  1 27  5  - 49 30  - 42 29  - 16 25  - 45 37 60 56  - 52 11 17  - 51 46 55  2 39 24 43  -  6 33 40 58  - 23 41 57
 36 43 53  6 42  - 60 27 34 30 40 46  - 23 15 24  - 35 11  8  - 57 37  9  3 58 16  - 10 49 20 47 18 54  1 25  -  7 52 33  5 45  - 14 28 17 38 41 44  -  -  -  - 12 22 55 48 50 19  4
  - 47  - 31 53 39 15 35  2 17 34  - 54 24 30  -  - 37  4 60  -  - 41  - 14 40  - 45  6 27 28 16 21 19  5 10 23 33  -  8 43 52 44 12  - 58  9  -  -  -  3 32 57 18 55  - 29 51 22 50
  - 52 42  -  -  5  - 34  -  - 21 59 39 17 50 47 11  - 38 36  1 16 31 55 53 35 43 56  8  -  - 37  - 60 49 13 25 29  7 48 15  - 27 40 18 30 20 22 51  - 41  9 46 19 24 54  2 57 14 44
 10 51 20 23 21 57 37 58 15 59 36  - 14 60 22 43  5 31 19 49 56 38 48 30 26  9 54 12  - 55 53 46 42 40 32  -  -  3 13 28 25 39  - 45 34  - 29 17 47 33 24 52  -  4 11  - 35  2 50  -
  1 58 41  9  7  - 44 32 57  -  - 24  - 53 26 10 21 22  - 56 33 59  - 28 49 60  - 47 19 34 35  - 29  5 37 40 42 14 38 55 50 18 39 36  - 20  - 52 11  -  6 30 15  - 43 31  4 54 45  3
 58 21 38 29  - 46  -  - 14 49 41 20 44  - 48 27  3  - 24  - 18  - 23 37 39 36 47 22  -  6  - 13 25  - 28 60 50 11 55  7 10  5 26 30 32  8 43 56 16 59  2  - 34  - 12  4  - 17 57 19
 31 25 19 27 20 21 57 14 29  - 59  - 35  3  1 53 50 15 26  - 52 32 42 51  9 37  8  2 40 46 39  - 43  7 18 56  4 23  - 16 36  - 55 17  5 22 24 49 34 11 38  6  - 41 28 45 60 47 10  -
 33  - 54  - 14 27 40 42  - 38 52  -  - 25  - 29 18 24  - 53 51 56 32 20 36 11 59 34 39  1  - 19  2 45  4 50 26 55 46  3  - 58 49  - 60 48  8  -  6  7 12 41 16  5  - 44  -  9 35 17
 52  - 39 53 51 11  6  4 12 15  -  -  - 40 44 26 49  9 55 34 50 23  - 33 35 57 22  -  - 48 58 38 59  -  8 20 54 28 32  - 16 60 47  3  - 13  -  - 27 21  1 24 41  -  -  - 17  7  2 10
 23 34  -  -  -  - 26 39 11  -  6 48 55  4 54 51 60  1  - 10 47 36 35  - 15 24 37 57  9 59 52 30  - 14 43  - 19 20  - 38 49 17  - 28 12  - 18 31  - 16 45 50  2 40  - 22 27  3  - 33
 59 27 48 50 39 52 33 24 25 41 31 60 36 49 58 46 44  6 14 51  7 37  - 34 20  8 40  - 17 53 38 54 56 47  2 18 45 15  1 30 22 35 16 10 23 19  - 13  9 57 55  3 21  - 29 43 42 12 32 28
 43  - 57 40  3 35 49 38 39  - 14 50 56 41  -  5 55 13  6  - 17 31 18 23  - 27 58 20 37 45 12  -  -  4 51 47  - 36 15 32 33  1 24  - 16 52  -  - 28 34 11  - 22  9 59 42 30 53 21 48
  8  3  -  - 36 42  1 48 60  - 16 31  4 39  -  2 43 57 41  - 49  6 50 52 51 44 33  - 38  -  - 15  7  - 34 26  -  -  -  - 14  9 40 29  - 54 30 18 59 25  -  - 11 24 20  -  5 19 23 53
 51 32 49 54 16  -  - 53  - 29  - 44 12  - 60  -  4  7 33  - 59 10 52 35  8  3 42 37 50  -  1 57 31  2 26 46 56 58 20  - 28 30 43 18 48 55  -  -  -  9 15 23  - 34 41 38  -  - 40 13
 26 10  - 33 58  - 17  - 47  1  5 56 43 50 41 37 12  3 57 24 30 21 22 44  - 49 28 15 18  2 34  9 11 59  - 51 20  -  8  6  7  - 25  4 35 39 13 32 46 45 29  - 14 36  - 27 19 60 53 38
  3  - 56 59 22 41 14  -  -  - 38  - 58 28 20  - 42  - 16  - 45  - 33 13 24 19 44 49  2 47  - 10  8 51 57 43 53 25 21 29 30 27  5  -  - 18 32  1  - 36 48 31  -  6 50 39  7 46 11 37
 50 35 14  2 17  6 29  - 24 43 55 36 60 45 28 25  - 56 49 11 40 41  9  1 12 15  -  -  -  8  4 34 26 20 38 22 30  5  3 21 31 32 19 39  - 23 52 37  - 54 44 58  - 47 16 10  - 18  - 59
 41  9 25 42 49  - 52 10  - 56  - 54 23  - 19 55  1 53 31 22 12 17 43  - 57 45 46  8 36  - 48  2 14  -  - 44 15 18 16  - 13 40  -  6 58 60  -  -  3  - 59 47  7 21 51  5  - 20 28 24
 40  5 23  -  -  - 53 50 35  - 32 41 48  -  6 56 29 60  -  1  - 25 54  -  - 30 38 31 34 44 11 49 37 26 17 33  - 27 47 18  8 12 59  9  3  - 15 42 21 51 57 39 45  - 46 19 24 22 16 52
 45  6 55 48  -  - 47  2 53  - 60 33 18 46 39  9 10 59 36 15 24 13  4 17 50 54  - 42 11  - 27  - 51 44 29 16  - 41 22 49 20 37 34 35  -  - 14 57 38 12 21  - 30 25  -  -  3 32  8 26
  2 33 24  7 54  - 43  5 20 57 29 30 59 27 56 34 41 45 17 46  -  -  - 39 18 32  -  - 55 13  - 58  -  -  9 36 28 12  4 15  3 42 51 16 38 47 23  - 31  - 26 10 52  1 35 25 53 37 44 60
 25 24 22 52  5 36 34 47 26 19 30  2 33  - 31 18  - 20 39 48 29 53  6 21  - 16 41  - 43 57 56 60 55 37  -  1  7  - 17 54 12  4  9  - 11 38 58 50 35  -  8 49  3 59 15  - 28  - 51 42
 11 30  - 47 55 20  5 59 10  6 15  - 38  8  - 39  - 33  7 54  -  2 45 36 43 21 18  - 52  - 14  4 57 24 58  -  - 26 19  -  - 49  - 50 17  9 28  -  -  - 25 51  - 32 44 13  1 48 46 16
  6  7 26 22 24 51  -  - 54 60  - 19  2 55 33 50 57  - 40 59 46 11 25 45 56  - 36 16  -  - 30 44  - 39 15  3  1  -  9 41 47 21 48 32 29 43  -  4  - 31 52 27  - 14  5 17 12  8 13 34
 13  - 58  - 41 44 10 22 49 52 56  -  - 26  - 57 33  - 29  6 19 39 28 40  - 14  -  - 35 18 60 31 48 53 59 30 34  -  - 20 23 25 46 37 36 27  -  7 32 38  - 55  5  8  - 15 11 21  - 54
