2880
 16 59  4  - 26 21 25 11 45 60 54  - 43  8 34 37  7 33  - 22  -  6 29  - 51 41 58  - 55  - 14 17  2 49 18  - 52  -  - 20 23 40 35 50 42 38 31 47 57 46 32 44 13 27  - 12  1 39 19 30
  -  - 60  - 25  - 56  - 57  - 27  - 52 41 31  - 20  6  -  1  4 18 42 35  9 17 48  - 43 24 50  - 11 13 28 53 10 23  2 38  - 46 55  -  - 12 32 40 39  7 37  8 51 49 47 21 14  - 45 26
 12 11 27  3 18  -  - 20  - 13 22 47 57 28  - 40  - 37  5 33  8  2 50  - 46 53  - 60 38 39  - 25  1  9 16 34  - 51  - 52 59  4 21 36 58 10 43 32 17 30 15 45  - 41 44  -  - 48  - 56
 24 14 29 28  - 51 50  8 59 30 21  - 33  1  5  -  - 12 45  7 38 37 11 32 49  -  - 20  9 46 26  2  - 36  - 23 58 39 19  - 13  -  - 35  - 18  - 57 60 53 56  - 52 22 17 25  4  -  -  -
  - 12  - 59 43 42  - 53 58  - 56 17  -  3 38 33 15 24  6 41 37 36 52 26 50 23  -  -  - 18  5 44  9 39 14 47 34 54 22  - 57 21  - 25 60 35 46 30 49 11 13 10 48  - 16  -  -  2 27  -
  -  - 57 37  2  - 21 17 47  - 12  - 20 14  3 26 46  - 49 51 39 10 44 33 29  - 43  - 27  5 11 38 28 54 25 32  - 58 36  6 56 50 60 34  - 42 24 13  - 35 45  9 16 59 31 22  -  7 18 55
 20  4  - 14 32 36 16 48 35 10  - 40 59  -  1  8 60 51 52 57 24 39 43  6 37 34 38  9 25  - 31 11 26 27  - 18  - 21 45 22  3 15 13 19  7 46  5 12 53 23 41  2 44 29 33 49 50  -  - 58
 50  2 31 13 15  - 35 57 48  - 51 44 19 52  - 39 23 47 11 10 17  -  6 34 22  -  -  1  5 26 28 29  -  - 21 12 60  9 43  - 27  8 38 54  - 24  - 59 40 14  - 18 42  - 25 16 53 33  - 41
  1 18 54 38 52  -  2 16 23  -  4 36 26 39  -  - 42 40 28 34 21 15 13 58 20  - 10 29 35 51 24 49 41 43 19 46  - 25  - 45 11 31 47 56 27 22  - 37 32 55  6 53  5  9 48 59  - 12 14  -
  2 45 49 34 38 47  3  - 40 24 28 43 12  6 15 19  -  - 57  - 31 14  - 10 32 27 20 17 16 56 18 37 51 21 44 42 41 29 26 36 53 30  -  9 23 50  7  5  8 58  - 35 55  - 22 13 46 52 33 59
 10 29 17  9 19  -  8 60 51  1 47  -  -  4  - 27  - 32 12 16  7  -  2  - 34 42  -  -  - 40  - 28 13 15 11 30 24 41  5 21  -  3  -  -  6 26  - 50 54 38 18 23 25 43 37 52 55 53 44 39
 56 10  -  - 24 49  5 47  - 43 38  2 32 34 11 15 54 53 60 29  - 21  - 40  7 28  9 55 17 50 45 16 23 37  - 19 59  -  - 18 39 48 22  6 33  - 20  1 58 41 27  - 12 52  3  - 44 30  - 36
  3 23 56 39 29 33 12  - 43  8 10 19  -  - 24  -  - 34 41 52  1  -  9  - 58  -  7 42  6 47 51  5  - 18 32 31 13 46 15 40 60  -  -  - 20  - 36 55 35 50 54 57 49 45  2  - 21 28 17 53
 52 24 40 43 22 41  - 34 37 32  -  -  3  7 50  6 38 21  - 35 59 44 26  - 25 56 39 57 14 28  - 19  4  2  - 36 29 33  8 51  -  5 46 58 17  - 49 23 45  9 42 11 47 55 12 27 48 18 10  -
 22 46 52  8 31 58  - 55 39 54 19  - 38 26 10 12 53  - 36 24  6 42 49  -  5 43  - 35 45 14  7 56 47  1 30  - 51  4 44  3  -  9  - 20  - 48 60  - 50 17 21 32 57  - 23 29 13 11 28 33
 23  - 21 35  1 25 53  - 56  - 40 29 11 50 17 24 39  -  -  - 54 51 16 18 12  -  -  - 31  - 34 27 45 14 46  8 44  6 13 41  - 10  -  4  -  -  9 60  - 26 28  -  - 38  - 47 57 20 59 19
 11 47 58 44  - 38 30 26 52 59  - 33 10  5  - 35  8 18  - 21  9 16  1  -  - 14 40  - 34  - 41 12  - 32 13  6  - 60  3  4 50 51  - 45 36 37  - 27 28 22 25  - 39 54 57 56  -  - 29 48
 13  - 35 19 34  5 33  -  - 49 43  - 15 37  -  2  -  -  8 39 46  - 53  3 21  - 17 54 58 55  - 20 59 44  -  -  1 18 38 50 40 41 30  - 48 51  4 36 31 52  - 60  - 26  9 14 47  - 24 32
 17  8 25 23 10  6 32 51 12  -  9 37  7  - 52 56 28  2 42  - 19 54 46  - 59 24 45 43 41 20 33 34 44 60 36 26 30 27  1  - 21 38 40 55 35  3  - 49 48 16 22 29  - 13 39 11 15 57  -  4
  8  - 43 31  - 37 45  4 10 55  - 20 47  - 39  - 18  - 27  - 44  5  - 12 48 32  1  3 52 49 23  - 34 50  - 22  6  7 40 29 24 54  - 59 46 60 38 14 11 42  2  - 41 21 30 26  - 51 15  -
  - 48 33  - 21  - 43 29 13  3  7 56 14  - 45 11 50 15 51  2 18  4  - 36 54  - 57 10 40  - 16  - 53 46  - 37  -  - 24 35 47 25 28  - 59 55 22 58 38 12 52  - 20  - 34  6 49 42 39  -
 35 17 13 27 56 32 23 33 19  - 14 52  9  - 44 45 29  4 38 36 12 30 41  - 53  1 18 46 26 37 21 57 50 25 49  5  - 11 47 16 54 55  6 24  2 59  3 48  - 15 40  - 60 58  -  8 22 34  - 51
 49  - 55 51 12  - 26 13  - 15  - 22 54 40 46 21  -  -  - 20 28  9 59 56 18 25 11  - 10 43 32 31 19 17 39 45 47 14 41 24 29 34 36  - 38  - 42  7 30  1 50  5  8  - 35 58  - 60 57 27
 33 31 42 40 50  8 55  -  1 19  - 60 36  -  - 10  2  5 18 12 23 52 38 22 13 16 44 56  - 30 39 35  -  7 53 49 46 57 54 47 17 14 27 43 51  - 29  - 25 37  - 34  6  4 59 48  - 58 11 15
 32  - 37  6 51 11 59 23  7 16 34 27 30 31  8  1 41 17 48 13 53  - 19 38 39  9  4 50 54  2 10 40  - 29  - 24 21 15  - 60 43 44  -  - 18  - 45 22 26 33 35 56 28 47  -  5 12 14 49  -
 45 54  - 46 37 34 36 19  -  7 41  -  -  - 40 30 16 59  - 23 57 27 12  - 10  -  6 32  - 25 42  - 21 58  8  -  4 47 53 15 18  1 50 29 11 56  - 31 14 48  9 22 38 44  -  -  5 26 51 49
 14  5  - 22  - 17 18 49 54 37  -  7  4 29 13  - 21 38 20 53  -  3 31  - 35 11 60 45  -  1  - 41 46 33 24 15 28 44 48 42  -  -  8 47  -  - 40  - 52 59 39  -  9  - 36  - 27  - 26 34
 29 37 38 21 54 35 10  6  -  4 24  -  -  - 59 28 49  9  - 14  -  1  3 11 33 22  8 39 23 48 12 52 16 40 56  - 53 19 32 58 26 36 17 41 55 34  -  -  - 25 47  7 30 20 43  - 42 31 60  -
 42  7  3  2 11 52 48 10  8 46 58 45  - 25 37 57 24 35 47 19 49 53  -  4  - 31 27 23  - 32 59 15 18  -  6 28  -  - 29 43 38  - 26 51  5 16 34 20 56 40  1 39 54 14 21 60  9  -  - 44
 39  9 19 33  -  -  - 22 32 45 20  -  - 24  - 13 25 50  3 48 58 34  7 46 36 12 54 14 51  - 55  - 29 56 35 40 16 26 23 57 42 47 49  - 30  5 44  4 21 28 31  1  - 11 15 18  -  8 53 60
  -  3 20  - 41 19 49  -  5 51  - 31 24 55  2 43 45 26  -  -  - 47 23 52 56 29  - 34 59 22 15 13 58 48 40  1  9  -  - 33  4 53 18 32  8 14  6 44  - 39 38  - 11  - 27 54  - 36  - 57
  5 16 48 56 44 29 19 59 27 21  - 51 13 36 33 20 35 58 40 43 55 23  - 42 26 46 50  2  - 15  -  1 22 57 37 10 18 52  -  - 45 32 54 11  - 53 28 38 41 31  - 25 14  -  -  9 17  6 30 47
 44 49  7 58 36  - 57 46 17  -  - 54 60  - 42  - 19 11  - 25 14  - 48 30  - 18  - 47 37 41 56  - 52 38  2 27 15 16  -  1  5 28 43 33 39 21 51 24 22  3 34 12 53  6  - 55 32  - 50 20
  - 55 14 50 20 22  - 35  -  9 36 39 41 59 26 34  3 10 56 30 15 28 17 60  1  8 16  - 47 27 49 42 38 53 29  4 57 43  - 37 31 58  7  -  - 23 25 52 18 51 44 48  -  2 45 40 54 32  - 24
 53 43  2 54 40 50  9 30 55 44  1 21 46 56 29 25 17  8 58 26 47 41 27 13 23 15 36  - 60 45 20  - 48 31 12  - 49 38 57 34 35 11  - 18 22  7 37 10  3  - 19 33  4  -  5  - 52 16 42 14
  9  -  - 45 48  -  1 39  - 53  6 13 55  - 56 52 59  - 44  8  - 32 24 57 43 47  - 26 22 19 38 33  5 20  - 14 42 49 58  - 34 29 10 37 12 36 23 18 27  4 60 41 46  - 50  3 25 35  7 21
  - 58  6 57  - 14 24 32  -  - 29  3 40 38 18 36 12 52 46 42 27 49 37  5  - 51 13  8  - 33 43 45 39 41  - 50 11 59 17 26 25 22 34 23 10 19 21 54 47  - 48 20 31 35 53 15  2  4 55  1
 41  - 26  - 35 18 52  -  -  - 30 28 42 60  4  7 36 20 29 31  - 17 51 44 55 39 12 15 53  - 47 46 54  6  - 11 37 13 14 59  - 16  -  3  -  - 58 25  - 10  8 21 43 57 56 34 45 50  2 38
  4  -  9 42 30  - 27 18 16  -  8  6 29  - 55 31  1 60 26 15 45 59  - 51 41  2 22 44 39  - 52 53 37  - 34  7 38  5 35 11 12 33  - 40 28 43 48 21 46 56 17  - 32  - 58 20 36 10 54 13
 59 42 15 52  - 40 22 28 44 33 13 35 23  9 21  - 26  3  - 27 16 25 47  2 19 57 29 53 18 38 60 32  - 45 51  - 12  -  - 55 37  - 48  7 14 17  - 46  5  6 11  4  - 56  1 36 34 54  8 31
 26 39 59 10  3  -  4 45 21  - 32 50 16 33  - 51 34 56  9 11 41 31 40  -  6 49  5 25  - 42  -  -  - 55  - 20 14 12  - 46 15 43 53 13  - 28 30 17  - 27 29 38  - 37  -  - 23 44  - 18
 18 35 12  7 16  - 54 21 34 42  - 10  6  - 25  5 27 49 15  - 30  - 14  - 38 40 56  4 50 29  -  - 33 24 58 17 36 48 59  9 32  - 52 57  - 13  2  8 23 47 55  3  - 28 20 31 39  - 41 37
 38 44 18 30  5  3 28 24 42 12 37 58 48 20 36  - 47 54  - 32 11  -  - 27 14  - 21 59  1 35 25 51 31  -  - 41 26  2 34 49  6 60 45  8 50 57  - 39 19 43 53 15 23 10 40  4  - 56 22  9
 31  - 24 11 45 28 38  9 30  - 46  - 25  - 27 17 37  - 33 59 20  - 15  1 57 26  3 48  7  - 53  4 60 42 54 43 50 22 21 13 44  2  - 14 52 39  - 56 34 18 36  6 58  5 49 19  - 40 16  -
 57 30  - 55 39 60 46 50  3 52 45 53 35 48 20 23 13 16 14  9  - 11  -  - 31 58  -  7  4  - 37 24 43  - 47 38 19 36 51 27  8 56 29 15 54 25 12 42  1 49 10  -  2 34 18 32 26 21  - 40
 47 34 36 48 13 27 39 38  - 29  - 26 50  - 51 60  - 46 54 44 52 35 32  7  4 45  - 58 19  6 17  - 40 28 23  -  - 42 31 56  - 37 41  2 15 49 59 53 16 24 20 30  1 33 11 43 10  5 21  -
 25 56  -  -  - 12 13 27 22 47 48  -  - 53 35 38 33 43  - 28 10 20 39  - 24 37 52 41 44  - 36 23  3 19 59 60 31  1 16  2 14  6  -  5  -  4 54 26  - 45 46 42 21 17 55 30  - 15 32 50
  6 32  8 53 14 10 15 31 38  2 35  - 44  -  -  -  5  7 24 37 40 48  4 50  3  -  -  - 42 13  - 58  -  -  9 21 45 28 27 23 33  -  - 22 19 29  - 16  - 20 51 17 34 60 41 46 43 49 12 52
 51 22 46  4  - 56  -  2 28  - 15  -  1 21 12 32  - 13  - 49  - 58  - 47 27 33  - 31 29 60  6 54 57 35 50 48  - 30 11 39  7 42 59  - 26 44 18 34 43  8  5 40 19  - 24  - 16  -  - 17
 40  - 45 29  - 39 51 15 41 38 52 16 18 12  - 54 43  - 59 58 35 50  - 17 44  6 23  -  - 53  9 10  7 34  1 55  5 56 37 25  - 49 24 42  4  - 47 33 20 36 14 13  -  8 26  2 30 19  - 11
 37 20  5 47  - 46  7 36 14 28 49 41 53 54 43 48 40 19 55  -  -  - 58  - 60  4 32 13 15  8 27 21 24 23 22 56 25 35  - 12  1 52 31 30 44  9 10 29  -  - 57 26 17 16 51 38 11 59  -  3
 15  1 41 26  6 55 47  7  4 58 33 34 56 11 19 22  - 23 32 54  - 13 20 31 28 60 25 38 24 21  - 18  8 12  5 39  - 53  9 14 52  - 44 49 57  - 35  - 37 29 30 46 10  3 42  - 59 27 48 16
 58 19 32  -  -  - 44  - 53 18  5  - 34  2 23  - 30  - 31  6 60  -  -  - 15  - 49 28 57  - 29 14 12 11 55 35  -  -  7 48 51 45  9 39 56 47  -  3 59 21 33 52 27 25 46 37  -  -  -  -
 60 25 34 12 28 53  -  5 15 27  -  - 31 10 57 18  - 14  4  - 48 43 36  - 42 44  2 33 46 11 58 50 49 51 38  - 32 55  - 30 20 35  3 17  -  - 19 41  9 13 24  - 26  7  -  - 56 29 52 23
  - 41 10 60  4  - 58  - 20 11 16  5 37 32 53 47  - 25  2 40 26 22 56 24 52 21 55  - 33 36 46 39 14 30 45 29  - 34 50 54  - 12 57 28  -  8  - 35  - 19  3  - 15 42 38 17 18  9 43  -
 43 26 30 20 27  - 34  - 36  - 31 24 49 19  6 53 32 41  1 55  -  - 21  - 47  7 28 18 11 44 22 48 15  5  - 51 35 40 12 10  2 59 39 60  - 54 16 45 42 57 58 37 56  - 29 23 38 17  3 46
 34 13 22 32 33 30 14 56 26  6 25 57 39 46 16  - 55 44 17 38 29 24 60 49 45 50 41 27  3  7  2  - 35 52 43 54 48 31 18  - 58  - 12 53 21 15  -  - 36  5 23  - 59  -  8 10 37  1  4 28
 21 60 47  -  8  9 29 58 24 39 50  -  - 22  - 49  - 28 25  5 56 26 18 19 17 35 37  - 36  -  - 59 42 10 52 57 20 45  -  - 46 23 32  - 43 41 27 11  - 34  7 54 40 15  6 33 31  -  -  2
 54 21 53 15 46 16 41  - 31 26 57  -  2 49 22 55 58 42  - 50  -  -  -  9 40 38 35  5  - 34  -  7 10  - 20 44  - 24 30 17 48 18 19 52 25 11 13 51 29 60 59  -  -  1 14  - 33 43 47  6
 46 38 23 36  - 20 42  - 50 25 44 18 21 15  - 14 10 45  -  4 34 19 30 39  -  5 24  - 28 59 48 55 27  -  -  - 40 17 49 31  9  -  2  -  -  - 56  - 12 54 43  - 29 32 13 53 51 22  1 35
