2880
 18 29  - 56 10  1 49  - 20 24 40 25  - 17  -  - 32  - 28 27  -  -  4  - 39 58 33  -  - 12 41  -  5 37  3  - 48 50 47  - 21 59  -  - 36 22 43  -  - 15 51 55  - 34  6  -  8 52  2 11
 29  9  2 43  - 22 12  - 54 11 59 44 55 51  - 28  8  -  - 52 53  1 17 42 45 19 27 46 31 38  3 32  - 49 50 47 20  7  - 41 56 60 33  - 18  - 58 25  - 34  4 23 14 48 39  -  - 24  5 57
 21  6 37  9  1 24  - 55  7 16  8  - 52 25 48 20 34 27 14  - 26 60 44 41 42 43 58 18 13 32  2 57 11  3  - 38 15 40 56  - 31 19 22  - 51 36 49  5 45 10  -  - 30  - 53 47 29  - 28 12
 45 44 57  - 48 54 52 22 10 55  1 37 42 28 15  - 25  - 18  -  -  - 40 38 31 56  -  - 33  - 47 16 29  9  - 50  6 36  -  -  5  -  -  -  7  -  - 19 13 23  -  4 12 49  8  - 11 51 14  -
 56 30 10 33 15  7  - 38 11  -  9 39 22 44 28 57 60 34  -  1 50 31 51 46 35 37 53 47  - 26  - 45  -  2 19 55  -  - 41 58 17  - 24 21 20  8 23 18 54 25 13  3 48  - 36 29 49  - 43  5
 57 18 28 12  - 48 59 35  - 36 14 55 41 16  5  1 15 10  8 49 11 26 39  - 58 23  - 34  4  - 25  3  - 17  2  6 21 53  -  - 27 13 50 45  - 40 19 31 20 42 44 46  - 32 47 22 43 30  - 52
  -  1 51 41 55 60 46 57 23 27  - 45  - 32 43 48 13 44 52  -  5 12 25 20  8 50 21 49 56 47  9  4 14  - 33 36  - 39  6 26  2 31 54 22  - 11 29  7 28 17 59 19  3 42 24 34 53 18 40  -
 52 15 46 11 47  -  - 29  - 40 26 35 56  1 16 30  5  2  3 59  -  8 14 50  9 12  - 41 18 17 23 58 24 42  - 45  - 49 31 43  - 44 25  6 33 13 22 39  - 48  - 21 19 27 20 36 34 38  7 28
 34 16  9 50  2  3  6 52 56  8 37  - 47  -  - 55 11  -  - 19 46 38 31 27 20 24 41  4 26 22  5 42 25  -  -  - 17 29  - 30 10  - 49 60 15  7 44 58 32 51 21 12 57 23 33 53  1 28 48  -
 15 54  - 39 44  -  -  5 27 57 43 29 51 37 25 58 14 46  -  6 32 40 23  8  - 18 50  9 21 31  - 11 38 33 22 17 45 52  - 49 59  -  1  3 28 16 41 55 47 35 30 42  -  2 34 48 10 60 26  -
 35 56 31 54 42  -  -  3 18 50 36 13 37 22  - 32 38 48  - 15 59  - 27 30  - 57 49 39 16  -  6 44  - 19  - 12  - 55  7  8  1  - 29  - 58 21  4 28 40 41 60 10 23  - 14  9 46 33 47 34
 49  -  5 13 14 26 35 51 40  -  - 19 24  3 22 60 17 39 16 12 10  4 46  -  2 53 11 43 47 59 34  -  1 58  -  8  - 33  9 45  - 30  6 37  - 28 15 56 29 27  -  7  -  - 23 54 55  - 36 25
  - 48 25 36 43  -  3  -  - 10 24 15 38 13 18 12 27 52  4  - 16  5 53 26  - 44 55 29 49 23 60 20 33  -  -  - 46 17  - 21  9  6 51 30  - 54 40 35  8 22  - 56 37 58  - 39 31 41 11  1
  5 53 16 51 34 55  - 45 46 26 48 22 33 19 23 59 35 60 15 54 31 28 21 44  -  -  - 20 10 39  - 50 37  4 47 42  1 12  - 56 11  - 58 32 40 14  -  8 57 36  - 30 38  -  -  - 27  6  3 49
 36  -  1  -  - 59 14  2 25  -  -  7 46 10 38 41  -  - 53  - 29 27 18 47 43  - 56 58 42 48 20  6 34  5 52 23 44 51  - 12 39 11 28  -  - 37 31 22 35  3 16 26  8 15 54  - 60  9  - 55
  2 34 27 25 11  9 39 59 52  - 19 46 35  7  - 13 33 20 57 37  - 32 49 36 41  -  1  6 23 55  - 48 58  - 16 53  4 31 29 18 43 47  3 28 38  -  - 12 50  -  - 54 17 56 40 26  5 14 10  -
 37 42  4 24 17 34  2  6 21 28 60 30  - 53 47  7 12  - 44  -  - 49 57 45  5 52 31 15 22 20 26 40 32  -  8 41 38  1 14  - 25 35  - 33  3 50 13  -  - 16 29  - 46 55 51 56 23 48 27 54
 54  8 42 49 25 10 16 36 26 30 33  5 23 57 60 56  - 21  - 48  - 20  2  6 14 22  9  - 39 15  -  7  - 11  - 28 40 41  - 53 12  - 55  4 32 19 18 13 31  - 35 50 44 51 17  3 52  - 37 27
  7 12 17 31  - 43 11 40 36 35 29  8 50  5  3 45 19 38 42  2 37  6  -  - 49 26 28 48 34 41 55 56 47 59 53 46 58  -  4 10 15  1 27 16  9  - 25 20 23 32 18 51  - 22 60 44 39  - 33 14
  3 35  6 26 28 16 60 53 38  - 18 17  - 48 44  - 52 43 34 42 14 19 15  -  7  5 47 56  2 13 32  -  - 40 49 29 10 46 12 25 51 33 23 54 24  -  -  - 30 11 41  8 31 39  - 59 22 55  - 50
 46  - 29  - 56 58  -  1 19  - 22  - 10 26 13  - 24  - 55 44 34 17 28 48  -  8 32 36 43 21 14 52 18 54 51 30  -  - 59 31 33 15 39  -  -  4  5 57  2 45  9 37  - 40 16 35  7  3 50  -
 41 43 52 46  3  - 34 26 28 44 38  2 48 18 42  -  -  - 37  4 33  -  - 13 50 36 39 35 14 45  - 59 10 20  9 57  5 60 16 19 58  -  7  - 22 15  - 30 53  - 31 24  - 47 56  - 17  8 55  -
  - 14 30 15 54  4 45 37 29  -  - 23 18 11  - 44 57  - 43 36 12 52 34 31 10 48  6 59 24  1 13 35 41  7 27  - 39 22 33 46 47  - 38 58 49  5 28 51 26 50 42  - 20 19 21  8  9 40 17 60
  - 25  - 18  8 44 26 58  9 20 46  - 29 43 36 51  - 12 47 39 49 56 11  5 60  -  - 30 19 28  -  2 53  - 17  - 54 23 27  - 48 32 34 40 14  - 21 41 33  6 45 57  - 37 22  7 38 35 24 15
 44 32  7 29  5  - 56 21 12 47 27  - 40 59 45  - 48  3 60 22 20  - 33 39  - 49  -  2 36 14 57  1 13  - 10 19 37 18 15 50 30 28 16 34  4 51 26 53 55 24 11  9 43  -  - 52 54 23 41 17
 14 22 54 53  9 25  8  - 50 51 20 10  4  - 17  - 44  5 35 47  6  - 55 18 13 28 42 45  - 19  7 15 30 31 59 32 29 37  3 57 36  - 56 39  - 23 33 34 43 60 26  2  - 52 38 12 48 27 46 24
 53 58 20 47 57 15  - 42  - 18  - 27  - 12 14 49 45  4 23 46  - 33 35 51 22  - 26 25 48  - 52 38  7 29 31 44 59 24  5 13 32  3  9  - 41 39 56  2 34 30  -  - 11 54 28  -  - 36  -  -
 27  -  - 32  -  6 13 31 33 17 52 57  - 24 35 46 59 15  7 26 55 11 41 34  - 29  4  - 12 49  8 21 39  - 42  -  -  - 44 47  3 23 45 18 43 56 54  - 25  - 48 60  9 53  5  1  - 10  -  -
  6  2 33 58 41 51  - 32 39 22 12 59 43  -  8 21  3  9 27 57 45 47 10 14 18 30  -  - 60 37 17 23  - 34  - 13 52 19 42  5  - 55 36  - 46 31 24 40 56  -  1 25 29 20 11 38 28 53 49  -
  9 46 55  - 40 20  1 43 58  3 30  4 19 36 12 42  -  - 39 41 48  - 38 10 59 17 29  7 44 57  -  - 49  -  6 56  8 45 37 34 54 50 14 25  -  -  - 52  - 26 33 13 53  - 18  - 47  - 35  -
 43 17  -  7 32 50  - 34 37  -  - 21 28 27 11  3 54 23  - 33 40 59  6 60 51 38 22 52  9 16  - 29 36  - 58  - 49  -  - 48  -  -  - 13 12  1  8 15 42  - 47 14  5  - 55  -  - 45 53 26
  - 23 39 14 18 12  - 50  8 41 28  - 59 58 56 17  - 42 31  5 44 13 45 25 52 27  - 53 20  6 36 26 15 60 21 40 34  3 54  -  - 57 11 49 55  -  7 46  1 38  2 33 35 10 48 32 19 43  -  -
 11  - 38 44  4 46 22 54 32 59  3 12 45 20  -  9 16 56 36 60 47 34 13  - 28  1 23 21 57  7 42 18 52 48 14 15 26 30 53  -  8  - 19 35  5 29  6 10 37 55  - 31  - 43  2 49 51 50 58  -
 39 55 14 45  7 29 25 28  5 31  6 18 12 52 33 50 20  - 46 11 35 10 58 24 40 47 15  3 53 54 44  -  - 26  1 49 23  - 51 32 16 37 17 56 48 59  -  9 60  2 34 27 13 36 57 43  - 22 19 21
 20 57 18 40 51 52  - 16 43 38 25 34 58 14 46 19  9 49 33  - 36 37 60 15 53 35  3  - 30 27 28 39 31 50 23  7  2  - 17 24 55 48 12 11  8 32 45 26 59  - 54  - 56  6 42 41 44 29  1 47
  - 13 35  -  - 36  - 41  3  - 10 11 31 33  - 39  2  - 29 45  -  -  - 59  - 14 16 54  1 53 43 22 60 18 57 21  -  8 25  - 19  9 20 55  -  - 47 24  7 46  5 32 51 50 30 58  - 49  - 56
 12 33 23  5 19 30 44 47 13  4  - 36 17 39  -  - 55 29 10 38 56 35 37  2 24  - 46 51 41  - 50  -  - 53  - 31  - 57  8  9 22 45 15 59 34  - 14 49 21 40 43  - 58  - 27 20  - 26 52  -
 30 60 49 10 38 41 17 48  - 37 35 28  2 31 55  - 39 19 11  -  7 46 50 29  -  9 51 44 52 36 33 12  8 21  -  -  3 43 45 15  -  - 53 57 42 24 20 54 22 56 25 58  -  5 59 40 13  - 16  4
 17 19 48 16  - 13  5  8 47  -  2 51 30 35 21 14 36  -  -  - 38 41 24 11 57 46 45 23 37  -  - 49 43 55 54 34 25  6 60 22 52 40 26 31  - 42 12 44  3 59 27 15 50  1  -  -  4  7 39 18
  - 36 11 38 45 23 43 30 41 32  - 56 25  4 31 22 47  -  -  - 57 55  -  - 29 20  - 19  7 40 37 34  - 15 13 14 51  2  -  - 28  -  - 52 26 33  - 16 10  - 12 18 54 60  3  6  -  5 44 46
  4 47 43 37 39 32  -  9  - 13 51 31  8 34  - 38  - 25  - 53 15 22 54  - 19  3  - 24 45 42 30 14 55  - 46 33  - 11 52  -  7  -  - 27 23  - 50 17 44 28 40  6 36 59 26 18 16 56 29  2
 60  5  - 52 50 35 27 14 49 54 31 26 13 42  9  4 40 28 22 58 21 51 32 19  - 55 24  8 17  - 45 37  -  1 44 11 36 20 39  7  6 16  - 15 25 43 53 48 38 18 56 29 34 33 46 23 41  2 57  3
 48 50 21 57 53 33 36 20 44 43  -  9 26  - 52 29  - 30 32  7  2  -  5  -  - 45  8  - 28 35  -  -  - 22 38 18 12  - 46 40  -  - 31 47 60  - 16 27 15 14  6  -  -  3  - 55 25 34 51 59
 47  -  -  - 52 38 28 10  - 14 32 48 39 56 58  5 30 17 49  -  1 18  - 22 21 41  2 50  - 24 54  - 23 12  - 25  -  9 26 16 45 53 40 36 59 35 37 42 19  - 55 43 60  4 44 51 15 46  6  -
 38 51  3  1  - 28 19 56 31 29 49  6 57  -  - 27 10 36 12 18 58 14 42  - 16 39 13 60 50  - 35  - 22 23 26 52 47 59  -  - 40  5  8  9 45  - 11  4 46 20  - 41 55  -  7 30 33  -  - 44
 59 31 60 21 35  - 38 17 15  2  7  -  -  6 37 33 50  - 54 32  -  - 22 57 11 42 12 40 29  5 39 55 26  - 24 16  - 56 34 14 53 25  - 48  - 49  3  1  9  - 46 52 18 28 10  4 20 44  -  8
  - 37 44 55  - 47 31 46 45  9  - 38  -  - 19 54 53  6  - 56 30 24 36  7  3  2  - 33  5  - 40 28 50  8 60 22  - 34 43 29 23  4 59 20 13  - 48  - 41 39  -  1 15 16 52 11 12 21  - 10
  1 24  -  3  - 21 29  -  2 42 16 53 49  - 39 36 28 58 45 50 23  7 26 40 37 60 14 38  -  4 27 10 51  - 56 35 55  - 19 59 34  - 48 41 44 17 30 43  6  9 57 11 33  - 15 46 18 20 12 32
 42 59 47 35 33 57 58 18 22 23 17 49 11 46 53 31 26 45 30 14 24  3 12  -  4  - 25  - 55 50 51 19  - 56 40  -  7  - 20  2 60  8 41  - 29 48 34 36 39 52  - 16 10  9  1  - 21 37 32  -
 33  3  8  -  -  - 32 60 53 56 11 14 16 29 50 15 41 22  1 43 52  -  7 54 17 34 40  - 35  9  - 51  2 46 20  5 24 26  - 27 13  - 57 44 31 45 39 47  - 37 23 28 21  - 25 19 58 42 59  -
 16 27  - 59  -  - 54  4  - 34 23 47  5 38 41  2  - 11  - 25 13  - 20  - 33 21  - 31  - 29  - 30 42 10  - 37 19  - 28  -  - 51 44  8 56  -  9  6 52  1 36 45 26  7 12 24 35 57 18 53
 23 41 59 19  - 31  7 33 51  -  -  - 53  2 29 52 43 32  -  9  3 42  -  1  - 25 18  - 40 11 15 36  - 27 37 10 14 47 22  6 57 46 30 17  - 34 35  -  4 21 49  - 28 26 45 16  - 12 56 38
 40  - 41 23 59 42 53 27 34 39 50 32  6 21 49 47  7 24 26 30  - 29 56  - 44  - 20 22  8  - 48 17  3  -  -  9 28  - 58  -  - 36  -  2  1 25 60 38  - 43  -  5  - 45  - 14 37 13 15  -
 19 26 15 30 21 39 23 12  4  7 41 24  -  9 57 18 29 55  6 34  8 54 43 53 48 33 35 42 51 58 16 46 17 25 28  2  - 44 32 52 37 56 60 14 50  -  1 59  -  5 20 49 47 38 13 45 40  - 31 36
 58  - 19  - 12  - 57 39  -  -  - 33 27 47  - 11  - 18 51 40  - 44  - 56 54  -  5 14  - 34 22 24  6  -  4 60  9 28  2  - 38 29 46 23  -  - 10 50 36  7 32 35 41  8 43 31  - 17 13 20
 31 10 58  6 36 14 18  -  -  5 13  1 54  -  4 43  - 57 56  8 39 21  9 37  - 16 52 55 32 60 29 47 40 28  - 48 53 27 23 11 20 26 42  - 19 38  -  - 24  -  7  - 22  -  -  2  - 25  - 35
 25 39 36  - 24  5 21 11 48 58 55 43 34 40 51  -  -  -  2 31 18 50 19  - 56  4 44 27 38 30 10  9 46 32 12 26  - 16 13 35 49 22  - 53  - 20  -  - 17 54  3 47 59 29 41 57 45 15 60 23
 24  - 45  -  - 19 41  - 16  - 15 20 32 55  6 35 37  1  - 17  - 57  -  - 47  - 36  - 25  8 56 53 21 52 30 43  -  - 50 44 42 54 13 26  2  9 27 29  - 33  - 38  -  - 49 10 14 39 34  -
 13 45 50 27  -  - 40 24 30  - 47 52 60 23 10 26 18  8  5 51 42  - 48  - 36 54  7 11 59 44 46 25 12  6 34 58 32  -  1  - 41 43  4 29 53  3  - 21 49 57 14 20  2 35 31 17 56  - 22 39
 28  -  -  2 49 17 50 13  -  6 34 41  7 60 59 10 21 31 24 55 22  9 47  - 23 40  - 32  -  - 18 54  -  -  5 20  - 58  - 51  - 38  - 43 16 27 57  3 12  -  - 36 39 30 37 42 26  1 25 33
