2880
 21  6 18  3 22 60 53 49  - 34  2  4 43  7 17 47 55 57 28 30  -  -  - 51 59 48 19 46 33 40 45  9  - 56 20  -  1 52 54 11  - 32  -  5 42 50 13 37  8  - 16 39  - 14 10 29 23 35 26 58
 32  -  5 54 19  6 39 37 28 21 51 27 34 20  - 31 52 50 35  2 53 13  4  - 29 18  - 43  - 36  1 17 56 15  8 10  - 23  7 40 44 57 59 24 26 45  -  9  - 46 47 12 48  - 25  - 33  - 41  -
  - 58 22 49 37 14 29 26  8  -  - 21 18  -  9 35  - 54  -  - 28 46 38 50  - 60 17  - 43 32  -  6 12 19 27 55 52 57 23 53 33 42 56 41 59 25 24  3  - 16 48 11  2 20 39  - 31 15  1  -
  - 44 10 32 45 59  -  -  - 18 52  -  9  - 25  -  -  - 46  -  8 48 16 42 38 26  6  2 40 27  5 33 17 21  - 19  -  3 13  - 41 49 37 12  7 51 57 15 54  - 53 28 14  -  - 23 20  - 34 29
  - 22 28  8  - 46 15 12  -  6 30 16 47  - 45 55  - 52 57  - 56 24 29  9  2 50 49 39  - 11  - 59 25 13 21 18 54 31  1 33  7 26 19 20 36 17  3 58 32 41 38 27  - 44 42 40 53  -  5 14
 54 29 34  9 10 15 25  1 39  4  5  - 42 24 55  - 35 12 56 32 20 45 41 37 53  8 36 26  2 57 13 28 44 52 33 16 11 43 18 47 38 48 49  - 19  -  - 46 22  6 31 30  - 50 58 27 21  - 59  7
 47  5 49 34  - 21 17 52  2 12 48 58  - 19 10 28 42 41 37  - 60 15 24  6  - 36  -  - 56 20  - 18 40 46 54  - 16 35 39 44 45 25 30 22  8  - 50 23 27  9 43  3  1  7 29 38 11  - 33 59
 13  -  -  - 55  - 59 53  -  3  -  - 21 15 37  - 32  7 24 25 44 28 47 26 18  - 34 36 42  5 22 40 23 49  - 30  6 29 35  2 54 50 38 46 12 43  1 41 56 45 20 57 33  9  - 48 27 31  - 10
 60 27 53  - 49  - 16  - 11  - 47  9  -  1 39 15 21 25 58 36 18  3 42 34  5 32 41 12 44 52  - 43  4 20 22 33 28 51 26  - 30 14  -  8 55 54 29  7 48 59 24 46 17 10 50 37 57  2 31  -
 41 38 44  -  -  9 60 47 21 20 13  5 36 26  2  -  - 24 33 23 58 32  - 57  6 52 48 19 10 18 40 53 43 59 15 31 37 49  -  - 42  - 14 45 22  - 12 25  - 11  -  -  - 55  8  4 34 39 27 51
 59 36  - 44 11 50  - 20 17  -  4 52  - 42 22  - 56 13  - 45  - 29 37 32  - 31  9 18  6 12 38 16  - 24 26 49  - 33  5 55 19  - 48 25 35 30 46 28 10 14 51  - 39  3 23  - 54  -  8  -
 55 21 26 48 20  - 44 56 45  5 39 57  8 11  - 38 23  6 41 47  -  - 17  4 15 12 25  9 28 50  - 29  2 60 37 27 22 30 51 19 59  - 40  - 46  1 34 14 18 33 54 32  - 24  7 58 10 36 43 53
  8 41 16 31  - 39 35 34  - 42 19 10 58  - 24  -  - 20  9 29 49 50 25  7 28  2 22 45 47 33 48  -  -  1 32 53 26 14 27 46  5 30  - 37 21 15  -  4 52 54  -  - 13 23 36 17 12 38 57 44
  -  2 51 19 15 20  - 18 42  -  - 47 60 36  3 29 40 16 22 33  - 27 21 17 55 46 43  - 52  -  4 39  - 30 25 35 23 56  - 58  - 31  -  - 32  6 41 48 38  - 12  -  9 34 45 14 28 26 54 11
  - 57 37 53  4 43  - 17  - 13 32  3 51  - 44 50 45  - 52 21  - 18  5 60 20 54 26 38  -  - 10 55 30 12 59 40  8  - 48 34 14  - 46 29  2  -  - 36 23  -  - 24 41  - 33  - 15  - 22 25
 34  - 54 26 25 31 49 45 30 32  -  8 52  5 29 10  6  - 19 24  -  4 59 48  9 16  2 55 27 51 21 60 41 50  - 39 17 53 12  - 36 11 42  -  - 18 43  1 37 58  - 38 46 28 35 44 47  7  - 33
  5 31 35  - 41  - 26  - 16  - 45 13 44 10 50  - 12 40  - 14  - 52 54  -  8 27 51 42 25 47  - 46 59 37 23  7  - 18  -  - 28  9 22  2 58  - 53 38 55 34 32 48 30  - 49 19  - 33 21 56
 46 37  - 42  - 17  4 36 52 10 41 44  -  8  - 48  -  - 55 53  9  - 43 38 32  5 21 54 23 28  - 24 20  - 19 15 13 58  - 18  -  - 39 49 50 11  - 27 12 25 34  - 16 29 60 45  7 22  3 31
  -  - 30 28  - 24 46 15 37 47 25 33 29 22 58  7 34  5 20 26  2  - 51  - 10  - 54  -  - 49  9 13  -  -  1  6 40  8 17 35 50 56 32 16 27 21  - 12 41 52 60 44  - 31 59 42 45 55 36 18
 50 56 15 43  - 10  7  5 33 59 37 32 49 17  6 12 26  - 51 18 48 44 35  - 14  - 23 20 39  - 19 42  -  - 55  2  - 46 11 45  8 28 31  - 41 47 25  - 53 27  4 22  -  -  - 54 60 52 29 57
  -  8 45 41  5  2 21  7 50 27 34  -  - 48 20 23  - 32 43  - 17 33 10  - 58  - 29  -  -  - 54  - 46 16  - 42 30 22 56 25  -  6 47 26 38 49 60 51 36 35 19 40 28 13 31 15  1 44  -  -
 38  7 41 39 16  -  1 14  -  - 22 29  - 40 32 34 31  4  2 56 36  5 18 46 12 35 30  3 57  6  - 21  - 23 49  -  - 59 10 42 48 20 27 19 51  - 55 43  - 53 15 54 58 33 17  8 50 45 25  -
 23 12 32 27  6 48 52  4 46  1 24 41 37 45 33 26 25  9 59 58 22  2 50 31 36 51 60 30 29  -  - 44 42 38 40 21 10 55 47 54 57 19 28 18 17  - 35 16 20 39  - 49 11 56  - 13 14 53  7  -
 29 32 13 37 58  1 14  - 34 46  - 26 38 31 23  4 49 59 25 16 27 30 36 39 57 33 40 56  - 41  - 35  5  - 12  - 19 10  - 48 60 52 17 42 15  7 51 11 43  3 50 45 47  -  -  9  2 54 18 21
 28  1 17 40 26 34  -  6 12 31  - 23 59  2 54 39 19 36  -  - 35  - 11 14 51  7 57 41 24 48 58 56  - 29 53 25  - 38 55  - 37 44 21 47 45 27  5 49  - 22 46  - 18 42 30 10  - 60  9 16
 14 54 52 25 18  - 31 44 24 57  -  -  - 33  4 46 43 21 53  9 23 17 28  2 60 20 37  - 41 13  - 26 51 45 16 29 49 27 50 38  -  -  7  - 10 58  -  8  -  1 42 55 19 12  5  3 48 56 11 32
 57 15 60 17 23  5 11 28 55 39 53 38 41 13  -  -  9 46 50 40 33  - 19 49 22 37 16 34 20  - 14 31  - 18 45 36 56 48  - 43  1  -  8  - 54 10  7 29  4 42 58  - 26 35  6  - 52 12 44  -
 25 45  - 21 30 37 57  2 38 58  - 48 40 12  -  5 51  1  - 20 11  - 15 29 19 56 24 22 32 55 27 50 54 43 34 23 31 39 14  6 17 59  9 28 13 44 18 33 49 26 52 35  - 41  - 16  4  - 10  8
 20 55 43 52 42 35 30  9  - 25 40  - 56  -  - 32 33 37  6 11  - 53  - 22 54 15 58 48 46  - 60  3  -  8  -  5 36  - 16  - 26 23  - 17 14  -  4 19 24 12  -  -  -  2 47  - 59  1 45 38
  - 26  - 59 47 18 20  - 25 22  8 37 39  - 28  - 16 27 60  7 43 19  3  5  - 17  -  - 49 23 57  - 35 48 10 14  - 15 21 41 11 55  2 53  -  9  - 44 29 36 30 34 42  - 54  6 13 40 12  -
  9  3 21 30  8 25  - 13 48 15 11  -  2 55  - 49 41 28 17  - 45 51  7 16 46  1  -  - 14 38 37 10 53  - 18 59 33 36  - 23  4  - 26 27 39 22 31 34 42 43  -  - 29 54 56 50 40 47  - 52
 30 20 48 36 51  4 38 25 22 35 54  - 16 59  -  - 53 18  - 50 34 41 56  - 21  - 45  - 58  8  2 27 49  - 43 46 60  - 44 15 55 13  3 33  - 28 19 52 57 23  -  -  - 26 37 11  -  5 32 39
 17 50 59  6 35 32  3  -  - 44 31 28 19 38 34 36  - 26  -  -  -  -  1 24 33 39 27 58 22 42  - 37  8  -  - 12 25 45 29 16 10  4 52  -  - 48 54  -  2 13 23  9  -  5 55 43 49 46 40 41
 36 51 46 38 12 30 54 23 60  - 27  - 45  - 42  - 29 10  3  6 13  -  2 33 41 57 56 11  1  - 24  - 15 55  -  - 53 32 20 59  -  -  4 58  - 14 37  - 40  - 28  - 21 48 19  5 35  8  - 22
  - 49 55 13 43  -  - 51 58  8 18  7 25  9 56 45  -  -  - 10 47 20 60 36 16  - 42 21 54  2 31 30 50 35 48 24  -  - 15 17 29 38 12  - 34  4 22 57  - 19 41 14  3 52 32 33 26 59 37 28
 43  - 14 50 54  - 23 22 18 30 16  - 20 27 48 21 36  - 11 59 55  1  - 58 42 10 15  - 31 56  8  5  9  - 38 32 44 60 28  -  -  7 51 40 37  -  - 24  - 57 45 41 25 19  - 49  3  - 46 47
 51 19  6 18 29 56  - 42  7 50  9 45 23 49 57 25  4 22 36 41 31 58 20 59 43 47 46 16  3 21 17 52 26 33 60 28  -  - 24 12  -  - 10  1 53  5  -  2 14 40 27 15 54  8 38  -  - 13 35 34
  - 16 12  - 36 58 32  3 26 52 38  -  - 47 40  8 48 49  -  1 14  - 23 28  4 55 59 50 11  - 33  - 34 25  - 37  5  -  - 21  - 41 53 54 44 46 20  6 30 17 18  - 45 57  2 56 29  - 24 35
 53 23 11  2 24 41 27 16  - 55 12  - 46 57  1 33 54 14 44 42  -  6  8 18  7  4 20  - 30 34  - 58 60 32 35 26  9 19  - 10  3 40 50 13 52 38  - 59  5 29  - 56 22 25  -  - 43 21  -  -
  - 13  - 14 38 12 50 30 32 16 42 54  -  - 51  - 27 33  - 28  - 40  - 35 45  6  - 49 17  - 46 25 47 22 24  9 21 34 41 29 58  - 60  - 18 59 48 56 11  8 37  - 43  - 57 20 19  4 23  2
  - 24 39  1  - 33 42  - 56  9 50 15  - 30 14 40  - 44 38 48 46 55  -  8 23 25 12 53  -  4 49  - 52 54 58 34 27  6 36  3 16 18 29  -  - 37 10  - 45 20 59 26 31 32 13 57 41 17 28 60
  - 48 27 47  -  -  5  - 59 11 15  - 26 53 19  3 39 58 45 12  6 49  - 44 25 14 10  8 18 37  -  - 31 42 28 54  - 17 22  9 20 60 13 52  4 29  2  - 21 50 33  1 57 43 41  7 24 16 51 55
  - 34  7 24  - 52 10 32 57 19 55  6 50 37 35 54  - 51 23 17 26  9 30 47 49  -  8 15  - 44 39 36  -  - 29  -  - 25 43 31  -  - 58  -  -  -  - 20  -  4 11 53  5 60  - 21 46 14  - 12
 15 25 29  - 14 51  2  8  1 26 21  - 32  3 30  - 13 38 49 34  - 12 48 56  - 45 28 35 59  -  - 57 33 27 17  - 42 41  -  - 47 22 36 55 23  -  -  5 16 60  -  7  4 53 43 31  - 11 39 40
  -  - 19 23  9 26 41 54 20 51 57 50 30 28 15 13  - 11  -  3 24 34 14 43  - 58 47 60 53 29 16 48 36 39  7  - 45 21 40 32 35 12 33 10  1 55 49 31  6  - 25 18 59 37  - 46 38 42  - 27
 12  - 57 22 17  - 55 27 19 33 35 18  -  - 53 20  - 42 31  - 50 16 26 41 48 28  5 23  7 30 52 47 11 10 56 60 58  9 34  8  - 29  6 15 25 40 44 45 59 32 13  2 37 36 14 51 39  -  4 24
 49 10  -  7  -  -  9  - 35 14 44 59 22 58 21 16 46 29 32 52  4 26  - 30 11 34 33 17  -  1 43 41 45  -  - 48 57 47  2  - 31 24 23 38  - 42  - 55  - 15  8  - 12  6  3 39 37 18 20 19
 48 47  2  - 32 53 51  - 31 54 43 34 11 50 49 37  -  -  5 46 29 59 40 21 30 19  -  - 38  -  7 22  - 17 36 45 12  4  - 56 23 27 25 44  3 13 14 42 39 55  1 10  6 18 26 41  8 28 16 20
 52 11  4 20 44 57 33  -  - 37 26 56 17 54  7  -  2 43 12 49  - 23 58 53 35 30  3 13 15  -  - 45  6 14 46 47 29 24 31 50 21  -  1  -  9  -  -  -  - 38 36 25  8  -  - 18 22 19 55 42
 26 39 38  4 52 28  - 60 23 45 58  1 14 16  -  -  8 15 10  -  - 21  - 12 31 13 11 40 50 25 59  - 29  3  2 56 24  - 57  - 34 51 54 43 33 36 47 35 46 49  6 37 53  -  9 32  5 41 17 48
 58 17 20  -  -  7  - 33  - 28  - 46 35  -  - 53  5  2  - 19 54  8 27 55 44 23 18 29 21 59 25 14 16  -  - 38  4  - 32 57 52 43 45 51 40 24  -  - 31 56 26 60 50 39 11 30 42 37 49  9
  -  -  -  - 33 11  - 41 29 53 49 30 28 25 52 27  - 47 54 22 39 35 12  - 13 44  1  7  - 17 50  8  -  2  -  3 59  -  -  5  - 46 57  - 31 16 21 60 58 48  -  4 15  - 51  - 36 24  - 43
 11 30 31 46  7 45 24 21 41 29 60 55 54 14 38  9 17 48 16  5  - 10  -  - 56 22 13 28 12 35 42 23  -  4 52 44 50 37 58 36 39  - 18 57 43  3  - 40  -  -  2 33 32  - 20 53  6  - 15 26
  - 28 24  5  3  - 45 35 44  - 46  2  - 29 11 43 47 19  -  - 32 22 57 27 50 59 39  -  - 53 20  1  -  7 41  - 15 54 25 26 13 10 16  4 56 33  - 17 60 21 40 23 55 58  - 12 51  9 42  6
 33 60  9 15 59 22 43 40 53 23  - 39 27 56 36 24 14 17 21  - 38 54  6  -  -  3  4 25 16  7 47  2 28 58  - 57 41  - 37  - 12 45 20  - 49  - 52 32 19 10  5 31 44  1 18  -  - 48 50 46
 27  - 25 12 50 38 58 31  -  - 20  - 55 46 60  -  3 53 34 37  5 36 52 23 39  - 44 47 19  - 41 51 10  9  4 43  7  - 33 24 49  8 11 48 29 57 32 26  - 28 14 13 35  - 40 59 56 30  6 17
  -  9  - 33 53  8 12 29 15 56  - 19 10  - 43 11 59 39 30  - 57 37 45 20  3 42  - 44 35 60 32 54 48  - 50 58 55  2  -  - 18 17 41  6  5 34  - 13 47 51 22 21 38  -  - 52 16 25 14  1
 19 33  3  - 39  - 37 59  6 41 56 14 31 32  8 30  - 45 29 15 40 11 34 54 27 38  - 10  5 46 12  4  - 44 51  1 48 20 42 49  9 53  - 36 47 23 28  - 26  7 35 58 24  - 22  2  - 43 52  -
  - 59 36 11 46 55 47 38  -  - 14 49  - 39  5 42  -  - 40 35 25  -  9  - 37 41  -  1 34  - 53 20 22  6 30 51 18  - 52 60 27 15 24 23 28 31 56 50  -  2 29 43  7 21  - 26  - 10 13 54
  - 46 50 45  2 42 28 10  5  -  3 40 13 41 59  6 11 31  4 43 37  - 33 19  1  -  7 27 36  - 29 34  -  -  - 52 32 26  - 14 25 16 15 56 57 12 58 54  9  - 55 17 51 38 21 24 18 20 30 23
