2880
 48 58  6 46  - 41 26 28 35 36 14  - 11 16 40  - 34 25  - 38 23 12 50 51 44 43 49 53  - 59 47 52 19 54 42 37 31  -  7  3  9 20 22 30  - 21  4 57  8 27 18 15 17 39  2 24  -  - 56  -
  8 22 18 21 14 55 52 29 25  - 10 49  3 53 54  7  - 44 31 43 50  - 46 16 17 34 48 33 59 26  - 40 42 32  - 24  1 57 11  6 12  5 20 41  9 56 27 58 35 45 51 36 13  -  - 28 39 37 60  -
  1  - 60 59 56 51 15  6  - 47  8 43 57 48 23  4 32 39  5 35 17 27  2  9 29 20 52 16 12 10 24 46  7  - 58 21  3 38 40  - 14 36 49  - 18  - 26  -  - 55 54 11 42 37  -  -  -  -  - 53
 16 49  1 57 23 35  - 45  3  - 43 55 10  - 51  -  - 54 56 22 59  7 25 52  -  2  - 42 47 50 32 31 34  -  4 15 40  - 39 11  5 29  6  -  - 18 38 24  -  - 21 14  -  -  9 37 46 12 53 33
 50  5 36 17 20  -  - 54 58 57 30 27 34 22 38 28  1  - 46 31 25  -  - 13 45 19 60  - 10  -  - 33 55 47  8 51 49 15  -  9  3  6  7 29  - 26 37  - 43 16 53  4 18  -  -  - 35 11  2 42
 11 18  - 29 13 21 56  - 32 35  3 57 30  -  6 42 52 31 40  - 16 28 47 27  -  1 39 20  - 22  9  - 48  5 33 53 14  - 34 60 26  7  8  - 25  - 46  2 54  4  - 59  -  -  - 17 45 44 12  -
 32 37 19  - 18  -  -  -  - 28 36 21  - 44 26 20 40  2 34 29 13 45 33  - 50 59 31 57 11 25 39 17  -  -  6 56  9  - 54 49  - 55 52 23 15 48 42 51  -  3  1 35 27  8  5 41 47 10 22  4
 34  4  - 41 44  - 43 38  - 45 42  -  - 29 25  - 11 16 53  2 52 49 37 18  -  6 51  -  3 30  - 57 54 10 56  -  - 31  - 59 58 50  - 13 46 19  5  - 17  - 47  - 12  1  - 55 21  - 40 20
 46 36  - 55 17 31  2 15 50  - 53 51 54  - 27 45 60 21 24 10 39 57 26  - 59 41 33  - 18  4  1 14  3 30 35 40 48 49  -  - 22 16 32 11 34  5  - 13 37 44 19 38 29  9 20  8 25 42 52 56
 37 57 55  - 42 49  1 35  6  - 39 47  8 50 22  - 21 28  -  - 58  9 36  - 48 24  - 54  - 32 56  - 25 38 53 59 44 12 17 10 33 41  - 31  - 40 23 52 51 18 16 13 30 46 45 60 29 43 15  -
 23 32 21 38 22 29 27 40 47 33  9  - 16 57 37 15 58 13 20 12 60 31 55 46 10  3  -  2 17  -  - 44 50 36 43  6 53 25  4 18 39 56 35 19 59 41 49  5 48 51 30 42  - 24  8 26 52  -  - 54
  - 59  8  - 29 37  - 39 16  4 54 31 33  9 34 32 12  -  - 50 49 24 11 10 28 53  - 36 55  1 42  - 14 17  - 13  -  - 48  2 23  - 46 45 40  - 21 35  - 57 25 19 26 27 58  7  -  - 41 43
 17 16 52  -  -  - 38 47 42 48  - 23  4 18 19  - 53 40  - 57  9 21  - 30  2 49 56 55  7 34 37 45 26 59  - 20 60 44 33 31 36 10  - 28  -  -  3 15 50  -  - 58 32 22 11 46 41 54  -  5
  9 54 45  - 33 15 23 53 36 25 24 41 37  8  - 40 27 56 60  1  5  - 13  -  - 58  2 17  -  - 50 42  - 19 22  - 10  - 49  - 48  3 31 47 14  - 20 12 21 35 55 43 52 11  - 30 18 51 46 28
 31  2 48 19  - 42  - 11  -  - 51 44 17 34 60 41 59  -  8 20 35 14 10 15 56 46 36 12 45 23 33  1  4 40  - 28 37 54 18 38 49 43 16 27 32 47 13  7 57 21 50 52  -  - 55  - 53  - 25 30
 56 44 20 52 35  - 33 21 11  - 28  - 19  -  3 48  4  5 25 23 43 42  - 31 34  -  - 27 54  -  7  -  -  - 47 50  - 26 46 15 60 59 51  - 53 16  8  - 30 38 22 32  1  6 17 13  - 14 29  -
  - 21 49  5 15 59 35  - 44 52 37 32  -  1 41 51  -  - 26 30  - 33 58  8 20 14 19 11 57  -  - 25 16  - 13  - 12  7 24 17 34 28  3 43  - 60 10  - 40 48  2 18 22 55  4 53  6 23 45  -
 35 34 58  6  3 18 29 50 20 55  7 33  1 47 49  -  -  -  9 19 15 13 43  2  5 22 46 32  - 48 17 51 60  - 12  - 56 52 26 28 11 39 59  - 31 37 30 25 36 42  - 44  - 53  - 54  -  8 10 40
 52 40 10 23 30  -  -  -  -  - 21 56 32 13 48 43 55  8 12  -  -  1 45 42 18  9 50 41 37 39  - 11 49  - 16 58 57 14 44 33  2 15 47 59 35  - 60  -  - 53  6  - 46 28 51  - 34  4 27  -
  6  - 25  - 28 40 34  - 18 23 44 12 48 15  8  - 46  1 19 53 14  - 52 17 13 37  - 49  - 21  - 29 10 35  3 22  -  4 51 20 45 32  -  - 58 42  9 43 11 31 60 30 57  7 39 47 26 27 54 41
 26 46 22 47 25 28  7 37  - 10 38  - 35  6 43 55 48  - 11  -  -  2  - 60  4 51  -  5  - 33 57 21 30 49  - 41  -  8 27 58 24 19  9 12 54 34 36  -  1 52 44 29 40  -  -  - 23 20 42  -
 55  - 34 30 49 33  - 36 37 14 60 35 31 11 39 27  2  - 54  4 12 53 23 44  -  - 58  1 51  5  -  8 41  - 59 17 22 43 47 21 32 18  -  7 48 45 29 56 38 50 28 46  6  - 40 10 24 19 26  -
 51  9 30 24  - 11 17  -  -  -  5 46  - 12 18  8 14 36 22 41  1 19  7 47 40 21 53  - 42 35 27  4 58 37 50  - 20 29 43 39 44 45  - 48 57 38  6 10 49 32 33 16 56  -  - 52 31 28 23  -
 19  3 57  8  - 13 40 22 46 41 47  - 45 60 42 49 23 27 43  -  - 37 17  - 39 28 18 29 44  2 38 55 36 25 48 16  -  - 30 54 21 31  5 50 20 59 24 26 15  1  - 51 35 12 53  - 33 32  9 11
 53 14 26 36  1  -  4  3 55  6  - 48  - 41 21 33 42  7 18 45  -  - 24 12 54  -  - 35 15  - 10  - 31 29 17 11 16  - 50 46 52 40 19  - 37 30 34 38 60 56 13  8 23 59 43 57 27  2 58 51
 38 42 51 60 48  - 50 52  - 22  - 40  9  7 17  -  - 33  2 14 37 39  - 19 21 16 24 13 30 28 53 15  1 11 54 57  - 41 20 36 43 44  - 56 45 27 59 46  -  8 34 25 49 10 26  3  4 55 31 23
 45 10 38 50 21 53  9 59 23 31 56  - 52 55 46 16  3 17 39 54  -  - 48  4  -  - 13 43  8 60  - 34 33  - 19 12  -  - 36  - 15 14  - 18 51 57 25 44 29 41  -  - 20 58  1 49  - 22 24 37
  4  -  -  - 10 48 32 26 31 12  -  - 29 56 33 39  6 38 58 44  -  -  - 35  9 57  - 46  - 45 49  - 59  -  5 47 21 28 22 23 41 34  - 55 43  1 51  -  -  - 24 50  - 42 18  - 19  - 20 16
 43 47 28 26 24 16 57 10 38 56 48  - 44 14  1 13 41 20  7  - 19  6 60 32 31 15  -  - 36  8  - 37 27  - 55 49  -  2 52  -  -  -  4 22 11 53 35 59 39 17  3  9 33 54 25  - 51  -  5 21
  -  - 40  -  -  - 58 57  - 15 18 54  -  -  - 17 36  -  -  - 11 20  9 49 47  - 37 39  - 13 14 22 38 24 60 48 30  1  3  - 59 25 45 21 29  6 50 34  2 10  - 31 28  - 19 56 44 41 51  8
  3 50 24 37 53 22  - 43 52 32 12  -  7 19 55 58  -  - 45  - 54 59 39 41 42 18 40 47 16 46 31 35  - 21 28  -  8  - 29 56 30 13 26  -  -  9  2  1  - 25 27  - 15 49 57  - 38  - 33 10
 10 53 50 27 59 56 51  8 34  5  - 20 60 32  7 54 45 58 57 40 31 25 28 11 30 48 41  9 49 19 43  -  - 23  1 29  6  -  -  - 55 21 36  2  - 52 44  - 26  - 17 33 14 18  -  -  3 47 38 22
 29 27 32 45 60 52  - 25  - 34 59 14 13 31 44 26  9  - 41 28  - 46 15 58 22  - 42 19  - 56 21  - 17 48 57  - 54  - 38  -  4 33 10  1  -  3 18 49 16  - 12 37 55 47  7  5 20 36 11  2
  5  6 17 32  -  - 54 49 24 21 33 26 40 43  - 52 56 53 29 55 28 41 44  - 11 10 34 15  4 18 19 12 47  8  7  1 45 22 25  - 20  9 23 35  2 50 48  -  3 14  - 27 51 16 59 36 13  - 39 38
 44  - 39  - 11  1  - 33 53 40 29 18  - 27 56 57 10  4  6 42 51 22 34 59 23 36 32 50 28 43 46  9  5 55 52 60 38  3  - 19  7  - 37 15 30 49 54  - 45 26 31 20 41 21 24 12  - 58 17 25
 25 52 42  - 12 60 55 23 28  7  - 36 47  - 35 31 33 24 51  -  8  3 27 22 57 26 38  - 58 20  6  - 53 13 37 46  2 17  9  - 56 11 43 54 16 29 19 50 44  5 39 21 59 41 10 40 15  - 48  -
  -  -  -  - 37  7  - 32  - 59  6 38 46 21 15 23 13 55  1 33  3 34  - 24  8  - 10 51 53 52 16 47 11 31 44  -  - 50  2 43 27  4 54 42  - 20 41 14 56 30 26 49  - 45  - 19  - 29  - 18
 20  1 46  2 19  5 31 14 45  9 13 34 53 30  - 21 39  - 10  - 40 15 54 26 33 12 23 38 50 17 25 56 35  -  -  - 47 11 60  8 42 37 57 49  - 51 43 28 27 29 36  -  4  - 52  -  - 16 55  -
 24 29  -  9 27  - 30 55 13 18 50 19 22  - 36 11 43 14 49  8 26  -  - 45  6 52 47  4 38 42  - 54 12 58 20 31  - 23 10  5  -  - 28  -  3 17 40 48  -  - 56 39  2 51 44 16 37  -  1  -
  - 23  - 31  -  2 11 24 48  1 49 13 39 52  4 12 29  - 33 51  7 38 56  - 60 27 55 25 46  - 20 26  - 45 18 34 17  - 19 42  6 54 44  -  -  8 22  - 32 40 10 41 58  - 15 50 36 53 59  -
 22  7  -  - 26 10 53 30 57  8 34  - 15 49  -  - 35  3 21 47 42  - 31 48 43 56 54 24 13  - 45 27 29  - 40 32 36 60  - 52 17 46 41  - 38 11 33 18  - 58  4 28  9 25 37  1 16  -  - 39
 58  - 29  - 52 19 49  - 54 16 40 59 25 39 24 50 17 47 27 11 41  - 38 43 32 55 26  -  6 12 23  7  9 33  - 36  - 48 35  - 37  1  -  3  -  2  - 20  -  - 46 53 45  - 34  - 30 13 21 57
 30 35 54 39 57 32 18 44 21 24  2  4 51 40 13  - 22 12 36 46 27  5 49 20 26 33  -  6 56  3 58 48 52 42 11 14 19 45 15 53  - 47 55  -  - 28  1 16  -  - 59 23 50 31 41 38  -  9 37  7
 27 17  - 56  8  4 24 60 12 30 57  1 21 20 14  2 44 51 16 39 55 26 42  3 15 38 11 23 25  -  5 58 22 50 29 54  - 35 31 37 10 48 40 52 19 46 32 36 59 49  - 45 47 33 28  -  9 18 43  6
  -  -  -  - 40 58  - 16  1  2  - 30  -  5 11 35 49 29 52  6  - 23  4 28  7  8 14 59 21 38 54 60 18 27  - 33 55 19 13  - 53 12 56 37 42 31 15  - 22  -  9 10 34  3 47 20  - 17 57 45
 15 26 12 51 38  - 10 18 22  - 16  - 28 42  -  9 20 35 47 60 44  8 40 56  1 23 21  -  2 36  4 39 45 52 49  3 46 24 41  7  - 27 11 34 55  - 58 17 53 59 14 57  5  - 48 29 32 33  6 13
  -  -  - 10 34  -  - 17 33 53 23  - 12  3  2 56 19 37 59 52 46 30  6 55 25 50 35 26 32  - 13  -  - 43 31 18 51  9  1  - 54 22 38 60  -  7 39 29 28 20 45 47 16 36 14  - 11 40  8 48
  - 30 14  - 36 54  8  9 51 17  - 39  - 24 45 59 50  -  - 21  2 43 20  1 58  - 22 10 23 53 12  - 46 18 32 19 15  5 37 48 28 42  -  - 41 35 56  4 33 34 29  - 38 52 31 11  7 25 49  -
  - 41 13 43  - 25 20  1 27 42 31 22 49 37 10  -  - 52 50  - 48 60 19 36  - 30  9  - 34 51 55  -  - 14  -  -  - 39 56 32 40  - 53  -  - 24  -  6  - 47  -  3  7 17 35 59 58 38 16 29
 41  - 16  4 50 20 13 31 43 51  -  - 56  2  9  3 47 49 28 59 57 18 53 21 37 54 15  - 22 29  8 23 39  -  - 30  7  -  5  - 19 38 25  6 26 32 11 33 10 46 52 40  - 48 42 27 12  - 14  -
  7 43  -  - 31 36 47 34 56 37  - 42  6 26  -  -  - 23 32  3 38 16  - 54 53 29 17 45 48 55 11  - 21 51 30  -  4 18 28 22 50  - 39 40 27 10 57 41 20  9 15  - 60 14 33 58 59 35  - 49
  -  - 43  - 16  -  - 48  - 54 41 24 27 25  - 60 30 46 44  7 56 29 51 33 38  4 57 34  1 37 35  3 32 20  9 42 11  -  - 26 13  - 12  - 21 23 17  8 55 28 49  6  - 19 36 22  - 15 18 52
 60  8 15 54 46  - 37  - 59 29 58  5 42 38 47 10  - 11 48 24 45  - 22 25 49  -  4 30 20 41 36 53 23 28 34 55 32 40 57  - 16 17  1 51 33 14 52 39  9 12 35 56 19  - 21 18 43  6  - 27
 49  -  2 42 54  -  5  -  - 44 15 17 18  -  - 53 37 10 13 32 34 36  3 38  -  7 43  - 35 11 41  -  -  9 46  -  -  - 21 57 51 60 29 39 28 58 47 22 31 33  -  1 25  - 16  - 55 56  - 59
  - 55 56  - 41 17 22 27 49 60 11  - 24 35 20 37 31  - 38 34 30 10 16 50 51 32  5 40 29  - 59 43 28 53 21  2  - 36 58  - 18 23 42 26  - 44 14  9 46 39  - 48  8 13  -  - 54 52  4 12
 36 51  - 58  -  6 45 20  - 11 55  - 41 10 32 46 57 42 15 16 33 17 12 29 52 44  7  - 60 40 18 38  -  3 25  9 43 27 14 50  1  8 24  - 23 39 31 30  4 19 48 22 54 26 56 21 49  5 34 35
 14 11  7 49 32  - 28  - 19  - 20 29  - 54 59 22  5  - 35  9 10  - 21 53 36 60  6 52 33 31  3 18 51 57 15 43 24 56 16  4 46 58 34 25  1 13 55  -  - 37 38 12  - 44 30  2  8 26  - 17
 21  - 31  3 39  8 44 13 15 49 19  6 20 33  - 30  7  - 37  - 18 54 35 40 14 45  - 56  9 47 28 24  2  - 27  4  - 51 42 41 25  - 48 17 10 12 53 55 23 11  - 60 43 50  - 32  1 46 36 58
 13 31  4  -  2 26 59 12 41 27 22 53 50 51 28  -  - 30  -  - 21 58 18 34 55 42 25  7 39 57 60 10 56 44 36 38 29 46 45 40 35 49  -  -  -  - 16 11  -  6 20 54  -  5  -  9 17  -  -  1
 18 33 11 16  -  3  -  -  7 46 35  9 38 36 29 14 24 60 17 48 20 56  1 57 41  -  8 44 19  - 51 59  - 39 45  -  5 30 23 55 47  - 21 32  4 22 12 27 52  2 37 34 53 15 50 43 42  -  - 31
