2880
  - 52 18 27  - 57  - 37 24 10 60 12 28 19 33 14 34 45 48  1 51 20  - 40  5  - 26  3  -  -  -  - 32 30 47 59  8 16 54 58 44 11 50  2  - 17 35 53 31  - 25 15  -  4 36 56 43  6 22 23
 42 44 56 16 31 29  -  3 39 22  - 17  5 58 45 57  4 20  6 36 40 12 28 14  -  8 53 41 59 50  -  -  - 37 24 55 49 48  - 52 27 13 26  9 46 54 34 43 33  - 51 11 60  -  - 23  - 38 18  -
 30 35 60 23  -  6 48 12  -  - 18 52  - 16 31  - 25 36 17  - 42 39 38  - 29  -  1 46  4  5  8 55 22  - 51 19  7  3 14 49 54 43 58 40  9  2 45  - 37 15 11 32 21 20 13 44 34 41 50 53
  - 16 23 26 41 27 34 17 31 24  -  - 25 37  8 36 28 29 50  2 52  - 57  1  - 54  7 33  5 48 46 49 45  3 44 60  6 55 10 21 18 53 43 20 47 22 12 14  - 39 30 19 42 59  -  9 13  - 58  -
 34 21 12  -  4  - 53 52 18  5 14  3 30 20 55  8 35 25 27  -  - 57  - 39 31  - 16  7 28 42 50 15 26  - 56 17 41 44 24 23 40 22 48 49 36 13 11 38 51 59 37 29 19  6 32 10  9  1  - 47
 18  1  3  -  9 48 10 42 38 12 52 11 45 39 17 21 30 13 23  - 29 16 22 53 47  - 50 44 55 19  - 20  -  - 41  7  - 58 26  8 46  -  - 59 14  5 31  - 40 49  -  - 57 15 54  - 56  - 37 28
 58 41 53  1 52 10 16  - 55 25 35 20 26 54  - 30 19  6 44 39 47  - 17 50 57  - 46 49 21  3 15 18 29 12 42 32 56 13  - 11  - 14  - 23 22 59 33 28  5 43 31  - 37 38 34  8 48  2  - 60
 59 25 14  7 49 28  2 43 60 41 22 58 39 42 46 26 33 30 13  - 31 24 52  5  9 55 11 47  1 56 12  - 51  - 10  8 54 57 48 15 34  4 45  6  -  - 29 32 35 19 53  3  - 44 38  - 20 17 36 27
  7  - 16 34 23 52  - 22  2 38  - 31  - 26 30 55 10 19 20 13 58 48 14 24 36  - 17 12  - 39 57 35  -  9 60 41  -  - 32 53  6 37 42 18 27  - 25  - 44 29  -  -  - 28 33  -  -  - 11  -
  -  8  - 24 19 56 44 35 17  - 11 51  7  1 23 34 39  - 38 48  5 49  -  -  -  -  - 16 25 57 55  2  4 31  - 37  - 54 45 28 22  9  - 13 10 58 47  -  -  -  -  -  -  - 60 53 15 20  3 14
  4 40 31  5 45 55 33 49 15  2 42 29 18 12 10 17  - 60  - 23 21 46 34 30 35  1 59 58 56 27  - 51 36 20 25 16  - 14 37 41  7 39 32  - 11 38 24 57 50 44  6  9 13  - 26 19 28 47  8  -
  -  -  -  - 11 16  -  - 42 58 40 44 29 53 18  - 43  - 25 47  2 51 32 35 48  - 56  -  6 31 19 46 50 33 37  5  - 36  -  - 49 30 10 54 60 55 38  - 28 24 23 20  1 21 22  - 12 57  7 17
  2 36 37  -  -  - 23 48 40 54 21  - 13  -  - 20 38 44 39 57  - 35 45  -  - 52 32 14  - 43 56  3 16 60  7 27 25 42 29 50  - 12 51 17 59 26 49 15 41  - 19  6 11 30 18  - 22 46 10 33
  9 28 57 13 16 15 31  - 43 30  6 33 59  4  5 45 44 56 12 49 27 37  -  7 41 46 24 48 42  - 14 34 58 39  - 50 11  2 23 18 47 17 54  -  - 60 32 22 20 55 26  8 40 29 53  -  3 36 52 21
 48 12 39 20 14 19 57 60 13  -  - 45 23  8 29 54 49 38 41 35  7 21  -  -  -  - 27 30 37 15 16  -  -  2  - 44 10 56  - 22 43 55 36 34 51  3  - 17  -  -  -  5  9 40  1 50 47 53  6 59
 14  - 35  3  -  - 29  8  - 13  -  1 49  - 50 10  -  - 52  - 17  7  - 22 30 44 39  2  - 41 20  -  - 24  - 15 31 46 16 33  9 42  - 37 56 19  - 25 48  -  - 26  - 11 59  -  - 34  - 57
 37 55 54 33 21 59 46  9 29 44  - 22 57 47  6  5 14 11 19  - 16  3 48 15 49  2 13 56 24  - 58  - 31 43 32  - 28 23 12 38 20  8  - 36  - 53 51 52 27 18 42 25 35 60  7  1 45 10 41 39
 36  - 15  - 40 39 38 59  - 20  - 26  8 22 28 43  - 57 18 54 41  -  -  2 56 16  9  - 32 17 33  1  7 46 23  - 44  4  6 25 24  3 21 35  -  - 13 49 11 34 14 47 29 42  - 30 51 55 12 52
 31  4 42  - 34 20 47  -  - 26  - 24  - 57 48  7  - 52  1 28 15 14  -  - 33 38 44 25  - 54  - 22  3 11  - 35 12  6  - 59 17 60 46 32  -  - 55 27  - 51  - 45 56  - 30 40 49 50 19  5
 33 46 30  - 37  -  - 58 54 39  - 25 27  7 57 32 15  2  8  9  - 17 43 41  4 18 36 52 11  6 31  - 60 16 26 20  - 59 38 35 51 48 55 47 28 45 40 44 56 10  -  -  - 34 23  - 50 12 53 42
  - 24  4 55 30  9  3  - 37 60 19 40 16 41 22 46 26 23 58  6  - 13  - 29  - 49 38  - 39 47 34 54 57 36  - 10  5 33  - 51  - 18  8 50 31 15 52  1  - 12 17 48 20  - 11 45  -  - 43  -
 38 33  1 37 51 53 50 20 49  - 10 60 34 55 16  -  - 26 36 40  4  -  7 44 19 13 58 17  - 59  - 48 14 22 54  -  -  - 27 32 41 57  - 12 21 24  -  2  - 25  - 39  -  -  - 18 46  8  -  9
 23 20  - 59 38 49 39 24 33  8  1 43  9  - 47  - 53 54  -  - 35 25 12  -  6 50 18 34 60 16 27 13 56  7  2  - 45  -  -  -  -  5  - 14 42  - 36  - 26 32 55 22 15 46 31 28  4 11 48  -
  8 56  9 48 13  4 17 29 19  - 45  - 53 31  1 51  -  7 59 42 28 33 54 26 15  3 35 21  2 30 49 10  -  6 39 14  -  - 41 12 38 44 27 11  - 40 22 20 57 47 34 46  - 58 25  - 23 37 60 18
 51 14 28 44 15 11 43  - 57 49 58  2 42 32 35 60  6  - 45  -  - 52 50 33 21 23 30 38 20 36 54 59 48  -  -  3 18  7  5 31 56 19 13 24 16 37  9 29 53 22 12 34 26 47 39 27  - 40 46  4
 29 17 26  -  - 43  4 34  -  - 54 55 24  -  - 31  - 32 15 53  - 44 39 60 12  - 52 10  - 20  6  7 19 41 30 13  9  - 50  -  1 36 23 48  - 42 21  8  2 58 28 38  - 18  - 46 35 16 59 11
 44 37 51  -  7 25 26 33 47 31 55 23 11  5 36 24 32 18  2  -  1  -  4 13 16 39 14 28  - 10  - 53 35  - 52 54  - 29 22 56 50 27  -  3 58 12  6 34  - 38 48 30  - 43 21 49 40 60  - 45
 60 38 20 41  -  -  -  - 28 17 56 30 54  9 21  2  8 16 47  - 49 42 55 46 44  - 51 11 40 22 48 23 12  -  - 53 35  - 39  4 13 25 19  5 37 43 59  7  1  -  - 58 14  -  6 57 26 24 15  -
 27  2 29  - 12 60 21 25 35 36 51  -  - 40  9 42 55 43 22 45 10  -  5 19 14 34 37 24 48 11 17 52 54  - 18  - 30  - 49 47 16 28  1 53 44  4  3 23 13  -  7 59  6 50 20 15 57 58 38 41
 52  -  - 38  - 58  7  1  -  -  4  - 44 50  - 13  3 59 51 31  -  -  - 32 23 30 49 18 16 53 26 42 37 54 11  9 40 47 46  - 60 15 12 57 25 48 41 33 24 14  -  - 34 36 35  - 27 45 17  2
 17 19  7 12  1 21 25  - 16 56 24 18 47 51 54 49 46  - 11 50 44  -  9 34  - 26 20  -  -  -  - 57 55  - 58 30 22  - 42  6  3 52 15  - 35 36 43  5  8  - 39  - 41 10 27 37 38 32 31 29
  1  - 52 57  - 17  -  - 30 21  - 48  - 24  -  9 18 10 37 19 43 47 20 27  - 11 42  - 45 13  -  -  6 23 49  4 55  -  - 34  -  - 44 41  -  - 50  -  - 35 40 12  8  7  3 36  -  - 54 31
  - 43  - 30 54 14  - 15 36 46  3 27 20  - 52 50 21  -  9  -  - 53  8 59 18 10 48  6 12 28 32  4 38 45  - 47  2  -  - 42 31 41 39  - 34 25 57 60  - 26 49  1  7 51  - 17  5 29 23  -
 55 31 44  - 35  - 60 23 11 15 53 49 41 18 20  - 57  8  4 37 46 54 19 38  7 14  3 22 34 45 39 58 27  5  -  6 47 10 25  1 59  -  9 28 52 21 26  -  - 13 56 50 17  2 24 29 33 48 30  -
 12 13 48 17 46 37 42 11  - 34 23  - 15 59 51 25 58  - 29 38 50  -  - 20 27 60  4 26  9 55 44  - 41 49 22  2 24 39 43  - 36 10 30  7 45 31  - 35 19  - 52 28 54 33 57  3  8  5 21 32
 41  3  8 49 28  5 59 53 51  -  - 50 31 56 15 40 52 21 54 29 30 58 11  - 24 20  6 43 33 12  - 39  - 44  4 48  - 17 60 26 35  -  - 27 32  7 14  9  -  -  -  - 38 19 46  -  2 22 25 55
 15 39  2 35 48  - 37 44 56 52 41  6 60 38 59 53  1  3  - 14 18 23 24  - 55 40 28 19 30  4 51  9 21 32  5  - 34 20 33 27 42  - 22 58  - 29 16 36 47 46 57 54 12  8  - 11 10  - 45 43
 47 51 34 10 24 30 58 26  6  -  5 38  - 27 56  - 54 28  -  - 14 22  -  - 42  - 23  - 31 32 45 11  2 53 35 36 37 43  9 60 52 21 16 33  - 49 46 50  4  - 44  7 48 13 41 12 29 19  1 15
 45  - 49 25 22 32 14  6 59 43  9  - 37 36 53  4  - 46 24 55 54 19  -  -  8  5 60 50 47  - 28 29 42 35  - 57 48 30  - 20 26 56 33 31 18  - 15  -  7  3 58 44  - 41 17 21 16 39 13 12
 53 42 17 15 43 34 12  2 21 35  - 37  - 60  3 44 20 27 31 46 23 41 13 49 58  - 57 51 52 26  7 32 47 50 19 11 29  9 30  - 39  - 18 10 24 56  - 54 22 33  5 14 36 25 48 59 55  4 16 38
 25 15 36  - 59 38 20 27 41  - 49 54 56 11 42 58  9  -  - 26 37 55 16  - 45  4 22 35 50 51 30 12 33 47 21 39 53  -  -  - 10  - 24 52 43 32  - 40 34  6  - 31 44 57  -  - 60 23 29 48
  5  9 25  4 58 45 52 39 53 32  - 59 12 49 38 28 51 24 43 11  -  1  - 16 17 42  - 36 44 46 29 56 23 15 31 22  - 50 21 54 19 35 41  8 26 30 48 37 14 27 18 57 33 55  2  7  6  - 47 20
  3 49  - 52  8 44 36 47 12 53 57 16 10 30 25 15 50 39 21 34 11 56  - 37 22 51 31  - 17 18  1  -  5  - 28 24 13 38  - 40 33  7 35  - 48  -  2  4 45 60 41 55 58  - 43  - 54 26 20  -
 56 59 32 50  - 12 49  5 23  - 33  -  - 29  2 38 27 40 16 15 13 43 31 21 60 19  -  - 46  -  4 30  - 51  - 28 20 34 55  7 25  6 11 39  3  - 17 58 54  - 22 36 47 52 10  -  1 14 42 24
 10 34  -  6  - 23 24 57  1  - 39  8 51 17  4 29 41 15 60 25 48 38 33 36 50 59 54 55 14  - 40 44 13  - 43 21  - 22 52  5 53 49 28 46 20  - 19 12  9 30 47 42  -  - 45  2 31  7 27 58
 26  - 38 45 32  -  - 14  7  3 47 41  -  - 19  1 22 34  - 27 60 29 44 57 51 24  -  4 10  - 53 17 25  8  - 46 15 12  -  9 55 23 31 56  6 20  -  - 58 37  - 21 28 39  - 33 11 49  5  -
 24 27  - 58  - 33 35 19  - 28 25 53  - 23 44  3 42 31  -  - 26  - 46  6 13  - 21  5  7  9 41 16 10 55 29 34 51 32 20 17 12 38 59  4  1  - 60 45 52  -  2 18 49 22 15 43 39 30 56 54
  - 57  -  -  - 54  -  -  4 55 26 32  -  -  - 59 17 50 33 41  - 34  - 47  -  -  2  - 19 38 24 27 44 48  -  1 46 60 31 43 11 20 53 51  5  - 58 13 30 23  9 35 18 45  8  6 37 42 14  -
 49  6 55  - 47  - 27 46  9  - 12  4 14 35 34 41 11 51 57 32  -  -  1 10  - 25  - 54 36 24  5 45  - 28  -  -  3 40 56 13  2 16 37 60 15 33 44 48 29  - 21 17 39 23 52 58 18 43 26  -
  6 47  - 18 50  -  -  -  -  -  -  -  - 33 43 19  - 17  5  -  8 10 30  - 11 22 29 59 35 34  -  - 39 40 15 23 27 25  3 37  - 51  2  1  - 57 56 31 38  - 46 53 52 49 28 48 42  9 24 13
  - 11 33  - 18  7 15 38  3 48 59 57  - 14 58  -  5  - 56  - 36 32 47 31  - 41 55  8 53  -  - 24  9 29 45  - 19 49 13  -  -  2 25 26  -  6 10 30  - 16 50 51 46 27  4 20 17 44 40 34
 54 48 24 43 42  -  6 50 52 11 20 28  1  - 12 16  - 35 46  5 33 15 36 18  3  - 40  - 29 60 37 19 49 14  - 51  - 27 47 57 32 26 56 25  - 34 53  - 17  4 45 41 22 31  9 55 30 21 44  8
 28 23 13  - 44 41 54  7 34 33 50 42 22  3 11  6 45 58 32 20 55  2 56 43 53 21  5  - 27  - 38 26  - 59  - 40  1 37 36 48 15 31  -  -  4 51 39 19  -  9  - 60 10 12 16 24 14 25  - 46
  - 29  -  -  3  8 19 45 22 51 44 36 38 15  - 56  - 48 35 58 12  9 23 54  - 27  -  - 18 49 59 43 24  1 20 42 17 28 57  - 21 47 14 16  2 46  7 11 10  5  4 37 25 53 55 39 52 13  - 26
 35 58 43 51 60 40  - 31 25  4  2  -  6 46 13 39 37  -  -  7  9 30 53 56 59  - 34 15 57  8  3 47 20  - 33 52 26 45  1 29  - 32  5 42 19 11 23 24 12 41 38 27 16 17  - 54 36 28 55 50
  -  -  - 60 17 22  9 54 10 45 30  -  4  6 32  - 59  - 42 43 38 36 49 12  2 28 15  - 26 44 13 25 11 52 34 31 14  8 40  - 29  -  - 21 57  - 20 55  - 50 33  - 27  -  5 35 24 18 39 51
  -  -  5 29  - 35  -  - 44  - 36 39 46 34 60  -  - 22 49  3 57 26  -  - 37  - 12 42  - 21 23 41 53  -  - 43 33 19 28  - 30 54  4 38  8  - 27 47  6 17  1 16 50  - 58 31  7 59  2 56
  - 54 22 36  6 42 30 41  - 40  8 14 19  2 26 47  -  9  -  - 59 45 37 11 10  - 25 13  3 58 43 31  - 27 48 49 39  5  7 24  4  -  -  - 17  - 18 46 21 28 20 23 51 56 12 60 32 15 35  -
  - 30 21  -  - 50 28  - 27  7 34 13 17 44 37 48 24  - 14 56  - 60  3 25  - 12 19 39  -  2 35  8 46 10 55  - 57 11 51  -  - 59 29 15  -  9 42 41 49 45 16 52  -  1 40 26 58 33 32 22
  -  7 59 11  -  - 51  - 46  - 15 10 21 43 27 33 12 55 28 22 39 40 60  - 26 31 47 20  8 14  -  6 17 38  3 56 58 41 34 19 48  - 49 44  - 35 37 18 23 36 54  2 53 32 50  - 25 52  -  1
