2880
 24 39 18  9 12 23  - 51 48 19 44  - 13  5 27 10 40 33 29 34 35  - 38 11 54 26 53 58  4 56  1 46 52  8 42 47 41  6  7  -  -  - 32 16 25 21  3 31 36 28  - 37 20 22 57 49  - 60  -  -
 22  - 54  8 13 48 39  - 60 56 55 37 29 10 44 42 45  9  - 59  - 31  -  2 51 41 17  -  - 20 11 57  - 47 33 28 58  4 18 27 40 19  - 35 21 43 24  - 25 12 34  - 16  7  6 14  - 53  1  5
  -  -  2 24 31 14  - 59 10 46 49 51 11 29  - 17  9  5 19 20 21 37 23  - 41  7 54 45 27  8  - 13 30  - 38 48 44 12 32 40  1 15 52 47 56  - 26 53 57  - 28 60 43 58  -  - 22  - 25  -
 13 38 28  1  - 18 47 22 58 48  - 26  5 23 15 24 32 52 37 11 40  3  - 27 34 17  -  -  9 44 55 10  - 19 31 29 16 49 60 43 51 53  6 56  - 59  4 45 42 33 12  - 14  - 20  - 54 25  7  8
 10 55 15  3 40  -  - 46  - 17 53  - 31  - 47  - 48  -  6 14  5 51 35  - 28 59 58  - 50 27  -  -  9  - 25 44 24  1 22 57 18 33 19 13 43 26 30  7 60 49 16 56 41 45 29  4 42  - 52 21
 47 44  8 37 38  6 14 57 17 34 43 29  - 54 33 59 30  - 28 31 60 18 56 48  -  - 27 16 10  - 26  - 36 49 58  -  4 25 50 32  -  7 22 42  3 13 35 11 40  -  -  1 39 41  - 24  - 20 53  -
  9 46  - 60 50 25 12 45  - 29 23 55  -  8 59  - 34  - 17 26  -  -  1  - 37  -  2 35 11 41 53 15  -  -  - 56 21 19 31 14 52 18 39  3  -  - 10  -  -  - 32 33  - 47 36  - 51 43 22  -
 44 29 59  -  5  - 53 16 39  - 21 13 41 45  - 15  1 31 26 37 28 43 30 34 49 46 33  - 19 14 17 35  - 51  7 54  3 22  6 42 56 48 36 52 10  - 20  -  2 50  - 11 60 32  8 40 57 47 23 12
 30 28 25 26  3 57 22 24 21  9  - 19 59 12 35 14 60 32 53 36  8 29  - 45 42  4 51 56 54 55 27 58 17 23 37 11  2  5 49 18 44 34 10 43 33 46  - 39  - 41  - 47 40 52 38 16 15  - 20 50
 50 21 41 15 11 22 20 60 57  8 47 31 36 59  - 44 39  - 38 43 16  2 37  - 10 23 46 25 12 32  5  - 34 27  3  4 33 18 17 58 48 30 29 40 49 35  - 56  6 24  - 14 54  -  - 45 19  7  9 26
 36 24 17 34  - 28 60  - 12 30 29 50 32  2 38  - 18  - 51 25 53 39 11 49 47 44  - 10 58  - 22 41 13 43  - 15  8 45  1 20 57  5 46 21 27  - 54  - 55 31 33  9 42 19 16  7 59  - 14 23
 27 50 42 51 57 30  2 36 18 12 13 59 33 55 23 58 44 38 24 49  4  7 43 25 46 32 60  3 47 53 40 54  -  6 21  8  - 35 29 31 10 16  - 34 39  -  9  5  1 19 17 22  - 11 26 28 37 56 45  -
 43 11 31 48 54 33 40  - 14 45 60 30  8 41  6 47 56 15 34 38 12 16 27 32  5 35 18 36 55 19 28 21 26  - 24 52 59 46 42 22 23 51 20  - 44  1  2  - 37 25  - 10  3 39 49 53  - 13  -  9
  6  3 44  - 24  - 41 10 47 14  - 52 35  -  4  - 21 30  9 51 37 58  7 40  8 28 20 32 23 18 36 59 57 15 54 13 49  - 53 55 12  - 42 11 22 29 33 16 48  -  -  -  5 34 19 17  - 50 27 39
 29 42 38  7  - 27 52 43 54  - 12  -  3 14 48  4 59 40 55 46 11 47 33 13  2  - 10 17 30 51  - 22  1 20 60  - 56 53  8 28 50  - 49 26 15  6 39  - 58 37  5  - 23 24 32 31 16 44  - 57
 58 16 50 32  - 40 56 31 20 55  - 22 15  - 54  6  7 60 42  - 59 17 25  3 18 39  9 38  - 23 10  - 43 35  5 14  - 30 36 46  - 49  8 24  -  2  -  - 21  - 52 41 47 48 12 51 45 11 33 29
 12  - 39 40 52 32 51  8 45 59 50  7 18  - 22  9 54 16  - 28 20 60 57 53  6  - 35  -  -  -  2 43 10 31 34  - 55 21  - 37  - 13  -  - 29 38 23 24  5 11 36  -  1 33 27 26  4 30  - 44
 42  4 47 41 48  - 28  -  -  1  -  - 46  6 55  -  -  3 43  - 13 33 21  8 60 29 40 12 34 36  -  2  7  - 51  5 23 50 35 39  -  - 31 22  - 30 38 59 16 54 37 53 57  - 52 18 49 58 56 15
 48 26 10 44 35 34 58 40  -  - 37 57  - 50 41  - 20 42  7  -  - 45 54 36 14  -  - 60 32  - 23 29 33 21 46  3 47 31 39 53 30  - 18 27  9 11  5  - 52 38 24 12 22  4 28 13 43 51  - 59
 51 52 33  -  -  - 46 21  4  6 11  - 10 40 60  - 31 53  1  - 14  - 32 16  3 22 30 39 45 13 34 24  2  - 26 49  7  8  9 29  - 36 54 57  -  - 15 55 59 20 44 48 35  -  - 25 41  5 19 42
  - 60  - 56 20  - 59 53  5 50 26  - 52  - 17 38  4 51 30 41  - 54 22 42 16 15 24  - 18 37  - 33 12 14 48  1 28  - 44  7 13 57 25  - 31 39 40  2  - 58 10  3 34  9 21 29 32 46  - 43
 37  1  3 45  - 24 11  9 30 21 41 54 17 18 32  5 29 10  - 23 55 14 42 33 53 38  4  - 28 50 48  - 59 12  - 40 57  -  - 51 35 60 16 49  7 31 25  - 34 44 47  2  6 15 43 56 20  - 39  -
 17  2  5 29 42 16 50 19  - 33 31 21 47  - 43  - 10 45 15 55 44 46  6 14 39 49 32 51 35 12  - 25 28 18 30  -  - 59  - 41  8 37 11  1  4  - 22 36 20  -  - 38 56 27  - 57  -  9 26 58
 28 58 55 13 16 43  4 35 52  -  7 42  1  9 46 29 41  - 48 39 10  -  -  - 27 12 23 49  -  - 21  - 54 30  - 59  - 51  - 25  6 11 33 15  5 50 14  -  -  - 22  -  2  - 60 37  - 26  8 56
 52 41 11  4  -  7  - 18 26 16 15 12 53 49 28  - 13 27  -  - 56 40  - 29 22 33 31  -  - 54 39 17  5  -  - 51  - 44 38  3  - 58  -  9 47 42 46  - 43 34  -  - 32 21 35  1 30  2 48 55
 19 13 21  - 26 31 44 42 56 10 54 45  -  - 34 23  - 29 60 27 48 32 28 38  -  - 41 47 22 57 15 50 49 33  - 58  - 36  2  4 55  -  9  - 30 51 11 46  - 39 43  - 53 25  - 59  6  - 37  7
 14  6  - 42  - 12 57 26 55  - 19 49 58 48 13 37 11 46 59 30  - 38 20 31 52 51  - 54  5 10  3 39 25 53 15  -  9  - 40 24  7 28  2  4  - 22  -  - 32 23 45 35 21  - 41 60  -  - 44 18
  4  8 19  5 46  3 18 29 41 42 36 40 12  -  - 30 38 47 14 32 45 20 53 43 59  - 52 28  -  - 50  6 35 44 17 10  - 15 11  -  2  -  - 37 55  9  - 25  - 16 48 13  7 23 39 33  -  - 58 31
 31 25 14 53 60 54  9 34 37  - 45  - 57  -  - 43 33  - 50 35 24  1  - 52 56 20 36  7 59  6 38  -  3  4 16 12 18  2  - 30 41 44  5  -  8 28  -  -  - 32 42 51 55  - 13  -  - 15  - 11
  -  -  -  - 43 44 13 17 24 28 58  1 48 27 56 21  - 37 31 12 47 30  -  - 11  -  5  6  -  - 54  - 38  3 40 19  - 10 33  2 39  9 57 32 35 49  - 23 45 22 50 18 51 16  - 55  -  8 34 36
 20  -  - 50 29 45  - 39 49 57 59 15  4 58 36 40  2 28 23 10 52 56  3 22 38 53  - 55 43  -  -  9 14 37 18  -  1 32 25 34 33  6 51 19 16  8 60  - 11 48 35 44 46 13 17  5 31 42 21 54
 35 10  - 14  -  - 55 32  8  - 34 60 51 24 37 19 43  1 45 42  - 21 48 59  -  2 44 29  - 22 33 31  6 26 52  - 12  7 47 54 16  - 23  - 18 15 36 49 53 13  - 46 17 30  4 38 39 41  3  -
 53  - 22 10 55  - 25  3  -  - 17  -  9 11 50  - 27 54 57  6 33 26 39 21 35  -  - 40 16 47 43  5 60  -  2 32  -  - 41 13 15  4 14  - 46 56 37 48  - 36 18 34  - 59 23 19  1 24 29 52
 32 51 57 19  - 60 38  7  1 26 56  4 22 31  8  - 25  - 33 40 34  - 55  - 15 24 42 23 39  - 44  3 50 54 14  - 13 43 28 59 58 46 21  - 53 45  6 17 35 10 49 16 12 29 11  2 48 52 30  -
 39 20 27 18  -  8 32 12  -  - 46  -  2 26 21  3  6  - 56 24  - 11 45 50 29 13 57  1  -  - 58  7  - 48  9 16  - 23  - 33  - 25  - 55 60  4 44 42 19 51 15  5 28  - 34 41 35 10 47 53
 25 30  1 39 47  9 24 54  -  - 20  - 26  7 12 51 37 22 35 60 18 41 44  5 36 16 11  - 52 34 14 53 31 32 29 50 15 42 55 48 46  8 13 17  6 23 19 58 28 45 56  4 49  -  - 21  -  3 59 38
  1 35 34 33  - 11  8 55 46  - 16 10 20 42  - 22 58 14  4  - 23 52  -  9 32 27 56 59  - 28  - 48 47 41 50  - 37 39  - 49 43  - 53  2  - 19 17 26 51  6 29  7  - 18 25 44 24 45 57 40
 59  - 58 57  -  1  - 13 53 15  - 23  - 25  2 49 55 20 32 47 22 44 17 10  -  -  3  - 37  - 52 40 21  5 41  - 46 38 34  - 19 45 48  - 51  - 43  6  4 30  9 26 27 12 31 50 56 36 54  -
  - 59  - 28 14  5 21 33  7  -  4 41 56 17  - 34 46 19 27 50 32  - 49 18 44 25  -  8 31  - 35 47 16  9  - 45 54 57  3  - 26 20 40  - 24  - 13 51  -  -  - 42 37 53  -  - 60 29  - 30
 21 56 46 22  6  - 23  - 33 53 51  - 34 28 39 60  - 18  - 52 54 49 40 19 12 11 47  -  -  4  7  8  - 10 45 30 43  - 37  - 32  3 44 48  - 57 55  1  -  - 59 25 29  -  2 42 14 17 24 35
  5 17 45 46  4 49 31  -  - 13 30 24 55 38  - 39 36 44  2 22  3 15 16 35 21  - 25  -  - 42 37 28 29 52  - 41 51 54 14 23  9 32 50 20 11 58 34 12 26 43 27  8  -  - 10  6  7 57 60 33
 38 14 40  - 51 35 36 20 15 58 22  8 30  -  -  - 53 56 16  3 19  9 52 12 23 37 48 41 46  - 57 45 44 59 39 43 25 13 24 26  5  2 47  -  1  -  - 32 33 42 55  - 50 60  -  - 27  6  4 49
 26  5 49  - 36 15 16 14 35 60 33  - 43 44 58 31 28 23 52 48  -  -  -  7 40  - 13  9  - 59 30 42  - 39 32 20 22 37  - 56 38 29 27 54 50 53  8  - 12  -  -  -  -  -  1 47 21 18 10 45
  - 40  - 47 41 59  - 48 16  5 38  - 27 35 45  - 23 24 22 17 42 53  -  1  7  -  8  -  2  -  - 60  - 57 36 55  - 34 56  9 37 39 28 33 19 10 50 18 44 46 21  - 31 54 30 11 13 32 12  6
 33 43  6 54  7 42  -  2  3 27 57 28 39 21 30 11  - 50  5 29 31 22  8 58  -  - 16 37 36 48 25 49 45 56  - 38 35 24 51 10  - 41 34 53 23 20 52  - 17 15 13 55 44 46 59  9 26 40 18 32
 41 54 43 20  2  - 26 30 11 38  9 33 23 36  - 57  3  7 25  - 17 59 51 60 58 34 22 27 48 15  8 56  -  -  6 24 42 47  - 21 45  -  - 46 14 12 53 13 50 29 19 40  - 28 44 32 52 49 31 10
  -  -  - 23 10 26 17  -  -  4  - 46 28 43 11 35 57  - 49 44  2 36 19 30  1  - 14 53 38  7  - 55  - 40 47  - 29 56  -  - 31 50 24  - 45  - 16 54 22 21 58 15 48  6  5 20 33 12 51 25
 57 47 35 16 53 20  - 58 28 51  -  - 45 39 14 46 22 43  3  -  -  6 59 26 25  5 15  - 13 33 60  -  -  2 19 31 32 55 30 12 42 52  7  -  - 44 56  - 27 18  -  -  -  -  9  -  -  - 40  4
  2 45  - 59 44 13 15  4 38 31 40 43 49 20  3 41  - 25 18 56 36 19 47 39 55 57 21 33  7  1 46 51 27 29  8 22  6 11  - 50 17 26 12 10 42  - 58 30 23 60  - 28 24 35 53 34  - 54  -  -
  - 32 52 36 33 46  -  -  - 23 25  5 54  - 26 13 51 39 47 53 29  4  - 24  -  -  7 21 57  - 56 34 42 17 28  6 50  - 10 44 14 55  - 38  -  - 48  - 18 35 20 49  -  1 45  3 12 27  -  -
  - 53 29  -  - 37  5 56 51  -  - 32 14  - 57  1 19 58  -  -  7 34 60 55 26  - 59 31  -  - 24 18 11  - 49 25  - 48 43 17 20 54 15  - 12 47 28 44 46  8 39 27 45  - 42 36  2  4 35  -
 40 57 53 35 15 36  - 49 25  - 18  -  -  4  - 54  8 21 11  1  - 23  5 56 50 31 45  2 33  9 51 30 55 16 44 42 10 14 20 38  - 22  - 39  -  - 32 60 29 17 41 43 19 26  -  - 28 59 13 34
 45 36  -  2 22 53  1 38  9 52  5  -  - 13 51 56 14  4 20 58 39 25  -  6 31 30 34 44 15 35  - 23 32 11  - 33 17 40  - 47  - 42 37 59 28 60 12  - 54 57  - 24 26 10 18 46  3 55  - 41
 49  - 48  - 59  4  -  1 32 41 52 34 40 51 10 25  - 12 54  - 26 35 15 44 43 50 28 13 29 39 47 14 56 46 55 18  - 20 19 16  - 23 45 30 36  5  7 22  9 27  -  - 33 31 58  8 38  - 42  -
 46 34  - 30  - 52  - 28  6 36 24 47 50  - 31 33 15 41 40  7  9 13 14 23 57 55 37  5 42 21 29 20  8  - 59  - 26  - 12 19 49 27  4  - 48 25  -  -  3 53  2  - 11 44 22 43 58 38 32 51
 18 31  -  - 49 51 33  6  - 37  - 25  -  1 29  -  5  - 58 54 15 50 41 46 20 10 19 22 40 43  - 16 48  7 11 57 52  9 26 60  - 12 55 14 13  - 45 35 47 59  -  - 38  - 56 30 44 23 28 27
 56 19 60 31  - 17 34  -  - 35 14 53  7 30 20 45 16 49 12  5  - 42  9 47 48 43 50  4 24  2  6 27  - 13  -  - 39 29  - 15 54 59 58 44 32  3 21 33  - 40 26 57  8 55 51 52 23 28 38  1
 34  7 24 58 32 21 45 23 59 20 42 39  6  -  -  -  - 11  -  9  - 48  - 15 30 60 43  -  8 26 16  -  - 22  - 35 38  - 54  5 28  - 17 12  2 33 41 29  - 56 40 52  - 51 47 27 36 31 55 19
 60 22  9 17 28  - 10 25 50 11 39  3 44 33  - 27  - 55 21 19 46  8 18 51  -  -  6 52 26 45 59 38 53  1 56  2 34 58 57 35  - 47 30 23  - 32 42 41 15 14  7 31  - 20 54  -  5 16 43  -
 54 23 51 49 25 10 27  5 29 32  6  9 38 60 52 26 17  -  - 16  - 12  2 57 24 58 55  - 56 30 20  - 19 42  4  - 45 33 21 11 36 31  1 18 37 41 47 28  -  7 53 59 15  3  - 22  8 48 50 14
