2880
 16 11 33 51 48 45  - 29 22 39 53 52 12 31 18 37 26  5 42  - 56  9 20  - 50  -  - 27 60 25 54  - 57 15 47 36  4 19 46 38 17 28  - 40 55  - 30 43 35 23 24  1  - 44  8  7 58  -  - 32
 45 57 36  - 46  -  7  2 18 19 38  6 20  - 54 16  3 58 14 21 47 11  - 35 37 59 17 40 15 32  - 30  9 13  -  - 22  8 55 51  - 29 31  - 10 48 25  -  -  - 41 12 52  5  -  - 50  - 42 24
 20  8  6  -  - 24 25  - 15 32 28 30 47 36 34 53 44 31  -  - 52 39  - 46 29 37 45  - 49 22 17  4 42 27 48 41 59  1  -  7  -  9 50  -  3 14 43  - 12 60 56 21 33  - 10 55 16 51 26 58
  -  4 42 54 31 35  2 20  - 44 29 14 19 25 60  - 23 48 15 59  6 18 28  9 41 47 13  1 53 12 51  - 11 36  -  -  - 32  - 55  -  7 27 16  8 56 21  -  - 38  3  5 43 30 40  - 45  - 37 39
 30 21 28  - 23  8  - 47  3 34 13 40 29 45  5 60 19 46  1  - 33 27  - 25 43 53 24 50  4 55 38 54 31 10 36 11 12  -  2 41 26 49 32 58 42 15 39 22 56 52 35 57 37 20 18 14 51 48  - 59
 33 59 14 21  - 12 36 45 35  7 25  -  - 53 37  - 54 50  8 22 57  1 30 39  3 58 23 10  - 47 55 18  4 17 32  - 26 56 29 15 38 19 51 48 31 43 13  2 49 27 60 40  5  9 16 46 24  - 44 42
 38  - 40 55 28 26 14 58  - 47  - 27 54 48  1  - 37 19 35 20 60  - 24 45 46  - 15 11  - 51  - 42 44  -  5  4  - 10  9  - 43 16 34  - 41 17 23 12  7  - 32 59 30 39 57 13  - 22 21  -
 26 13  - 11 49  2 42  -  - 40 43 46 24 35 19 57 33 29  - 10 28  - 51 31 60 15  - 30 12 56 36 39  5  8  4 16 18 59 52  - 21 27 37  6  - 55 53 44 14  3 25 23 22 54 41 47  - 45 20 17
 17 60 34  5 47 32 19 24  4 52  8 13 18  1 50 36 51  - 55 56  2 29 41 10 58  - 33  7 25 28 20  - 27 53  -  6 57 14  -  - 23 43 22  - 40 30  -  9 11 26  -  -  3 38 35 12 39 37 46 49
 37  1  - 53  - 29 40  - 43 49 50 58 14 11 46 54  - 33 22  - 35 28 38  2 16 56  5 21  - 17 42 10  -  -  - 23 34 12 31  - 25 15 24 45 57 26 52 51 32  4 18  -  -  3  - 19  9 47 30  7
 28  - 11  - 19 37  5 39  1 31 22 24 45 43 57 52  9  - 33 40 58  - 53 47 36  - 46  - 35 60 29 44  8 16 56 21  - 49  6 59 51  2 14 13 54 42 20 27  3  7 26 15 10  - 34 25 18 30 55  4
  - 41  - 37  - 10 17 44 57  - 42 18  1 23  -  3 35  - 16 50 24 53 29  - 32 51 34 28 46 59  7 38  6 21  - 19 52 43 54  8 56 30 26  - 25  4 27 13  5 47  -  - 48  - 20 60 31 40 12 45
 55  - 21 57  7 40  - 25  -  -  - 26  3  6 31 13 43 20 54 19  8 47 52  4 34 38 56 22 10  5  -  - 30 29  - 15  2 27  - 36  - 14 39 42 16 35 32 23 17  9 33 37  - 60 24 45 28 12  1  -
 21 10 16 50 11 28 13  5 44 12 34 36 42 55 58 32  - 39 45  4  - 17  2 19  -  -  -  - 48 43  1  - 15 54 38  -  9 30  -  - 52  - 25 41 51 47 49 35 37  - 40  - 57 26 56 18 14 33  - 60
 41 19 46 48 50  - 60 36 55 54 11  7 35 47 28  9 14 22 39 57 15 31 32  -  2 29 20 24  - 42 27  1 51  - 21 56 13 53 40 37 58 33 30 43 44 18  4  - 26  5 16 45 49 23 12  6  -  -  -  -
  - 32  - 52 60 30 44 40  5 33 16 19 23 41  8 39 55  1 21  3 46  - 50 53 49 13  9 57 27 36 15 37 26 56 20 51 11 58 10 34  6  -  - 31 45 54  - 47 43 14 12 24 17  4  - 38  2  - 59 48
  -  - 20 10 22 57  -  9 31 16 47 39  - 54 55 41 45  -  7 38 21 19 14  - 33 48 60 35  8 29 12  3 43 28 42 34 51  - 15 50 13  - 18 46  5  1  - 11 36  -  - 26 23 40  - 59  - 53 32 56
  -  6 50 59 56 58 51 54 30 23  2 43  -  -  - 27  - 35 26 53 19  - 18 49  9 10 12  - 32 24 48 47  - 20 39  -  - 57  -  - 40  4 11 25 52  - 41 17  1 31  7  8 28 34 21  -  -  -  5  -
 58  - 27  2  1 41 55  - 28  9 37 17 40 16 32  4 53  - 20 15 51 22  - 54 52 18 21 31 33  8 35 50 46 14 19 59 10  6 60  -  -  - 42 57  7 25 34  - 45  -  5 47 56 49 29 36 23  - 38 43
  1 37  - 26 33  - 41 22  -  5 51 56  2  8  7 12 47 49  -  9 32 54  6 58 19 44 28 14 55 40 45 59  3 30 23 46 53 42 36  - 34 60 52 35  - 50  - 21 31 11 39 17 38 16 15 27 43 24 25 10
 23  - 52 49 18  - 34 42 19  - 24  - 30 44 53 25 48 59 40  2  9 12  -  - 56  - 58  6 17 39 33 45 60  -  7 13 31 36 51 46  5 50 38  - 26 11  - 55 20  - 22 14  8 37 28 21 54  - 47 35
  - 27 10 40 38 56 47 53 36 51 20 42  8 59  - 31 28 30 48 58 49  7 44 18 45  -  2  - 34  9 25 19 50 57 41  - 32  - 37 24  -  5 12 26 13 23  - 39 55 17 54 43 21  1  6 52  - 11  3  -
 59 12 53  - 42 23 29 14  - 27  -  -  9  - 25 22 15 51 13 28 30 58  -  - 18 36 37 48 57  - 16 34  7  - 11 17  - 44 26 54 10 20 35 38  2 31 40 24  8 55  6  - 60  - 32 43  5 50 41  3
 44 18 26  - 41 19 54 30 59 29 27 38 15 57  - 35  5  3 43 37 55 23 48 24 17  8  4 25 52  6 31  9  1  - 16 45  -  2 39 10 28  -  - 14 47 32  7  - 21 40 53  -  - 51 49 34  - 13 22 50
  -  - 60  1  -  - 39 43 20 46 58  5 22  9 23 24 18 37 29 45 27 25 40 33  - 50 16 42 51  7  - 13 59  4 53 12 54  - 30 49  - 17 21 47 34 19 57 56 10 44 55  - 26  -  - 15  - 14 48 41
 19  -  - 38  - 13 57 48 25 21 23  3 55  - 20  - 56 15 59 29 37 46 17  - 14  -  -  4 16  - 49 58 53  - 44 27 42  - 35  2  - 12 60  - 24 10  6 32  - 45 36 34 54 52 31  - 30  8 40 18
 29 36  - 35 17 44  -  3 14 50 12  - 28  7  - 47  - 40  - 43 54 45 22  - 55 39 30 51  - 34  5 16  -  -  6 42 41 48 56  4 31 10 20 37  1 59  - 52 60 53 57  2 11 27  -  9 25 32  - 23
 47 46 19 44 58  -  -  -  6 60  -  - 31 34 56  -  - 18 25 55 38 40 12 21 11 43 49 52  - 15  -  - 10 45 14 54  - 16  - 32  8 39  1 59 23 29 50 53 48 57 13 51 27  - 42  3 17 35  -  9
  6 31  - 42 34 18  4 28  - 56  7 32 11 58 43 33 50 47 57 16 39 15  - 48  - 23 59 26 44 38 22 35 45  1 60 37  - 21 14 29 53  - 41  - 19 24  2 20 30 36  8 46  9 13 17 49 10  - 52 54
 11  2 32 27  - 36 31  8 58 53 26 23 50 15 29  -  - 42  3  - 14 37  -  6  1 45 39 13  - 49 47 20 54 60 59 43 56 18 33 35  - 21 44 28 22  - 38  -  - 24 10 25 51 12 52 40 55 16 17 57
 54 34  1 20 37 47 48 51  -  2  -  -  - 17  - 43 11  - 27 33  5  - 36 13 24 25 53 39 28 26 59  - 16 12 18  - 35 40 32 19 42 45 15 23  6  8 10  3  9 21  - 56 14  7 22  4 57 49 58  -
  -  - 17 22 53 21  -  - 10  - 55  -  - 12  - 45  - 36 30  1 40 57 59  - 27 20 11  - 13 35 34 43  -  5 37 44  3  4  -  - 19 23  8  - 39 52 46 18 42  6 50  7 16 41 33 29 15 25  - 14
  - 56  -  - 36  -  3 35 37 20 45 53  5 13  4 42 22  - 12 14 43  - 10 52 21  6 27 23 59  2 44  - 34 18 49 58 28 26 41 11  - 31 47 50 33  - 19 46 40 25  - 29  1  - 51 17 38  - 60  -
 39 48 41  - 27 53 43  - 11 57  3 10  - 52 21 49 16  2 51 26  -  - 42 38 23 35 19 34  -  - 50  5 47  9 24 32  - 13  8 25 14  -  4  7 12 28 59 33 18  -  - 22 20  -  -  1 36 17 31  6
 40 54 47 29 51 14 59 60 24  - 10 31 44  3  9 26  - 45 23  - 50  2 39 20 57 33 22  - 18  4  -  - 38 37  1 55 36 35  -  - 48 53 19  -  - 49 56 41 15 16 42 32 13 25 30  - 34  6 28 12
 56  3  - 23 44 11 33 10 49  - 31 51  - 29 13  2 52 57 46 60 25 26 54 37 47  7  - 20 24 19  8  -  - 22 45  -  5 38 17 18  - 55  6 15 32 16  - 34 41  - 27 28 40 43  9 58 53  4  -  1
 50 52  -  - 24  1  8  - 42 22  4  9  - 20  3 28 31 53  -  6 34 14  - 44 10 11 48 36 40 13  - 17 21 33 51  - 29 15  - 39 57 59 56 49 27 46 12 16 25 18 38 60 35 58 37  -  7 54  2 55
 27  7 48 17 25 43 18 37 33  3 32 45  4  - 35 51  - 41 34  -  -  - 31 16 13  -  1 47  - 57  - 40 52  - 55 50 38  - 12 30 20 42  - 60 49 22 28 15 39 29  - 44  - 21  -  - 19 23  -  5
 34 30  - 56 35 60 20 15  - 43 14  2 26 21  - 44  -  -  - 13 23  5  -  - 42 31  - 16 29 53 46 48 28 59 17 25 19 22  1  3  7  6 49  - 50 37 45  8 27 41 47  - 58  - 55  - 52 36 33 40
 43 39 31  6  3 54 53 34  2  8 49 44  - 27 42  5 17  - 60 41  - 59  - 56  - 22  7 12  - 58 14  - 55 19 40 18 47  - 48 52  - 38 16 36 28  - 15 25  - 35  9  -  4  - 11 32 37  - 45  -
 15 17 44 25 32 16 22 33 46  -  9 59  7 37 52  - 30  -  6 24  4 36 27 50 28 55  -  - 58  1 53 56 29 23 12  -  - 41 18 14  - 34  - 19  -  5  -  - 47  - 20 39 45 48 13 54 40  - 11  2
 12  - 37 28  - 42 30 38 48 35  - 47 32 26 11 59 25  - 49 52 20 43 58 34  -  5 40  - 45 33 60 31 56  - 10  9  7 50  - 16 18  8 36  -  - 27 44 29 54  -  - 55 41 15  - 51  3 19  - 53
 51 25 57  -  -  5 16 27 39 15 44 48  - 33  6 19 49  4  - 23  1 41 60 32  7  - 55 18 47  3  9 29 40 52  - 24 58 34 38 13  - 35 17  8  - 45  - 54 59 28  -  -  -  2 43 20  - 21 56  -
 46 20  7 58  - 51  1 19  - 10  -  4 27 30 40 14 24 28 53 17 18  -  - 42 15 54 47 55  9 31  -  - 39 32  - 26  8  5  - 56  - 25  - 21 29  2 22 48 23  - 49 50  6 59 45 57 13  - 35 34
  5 14 35 36  6 48 12  - 17  - 54 60 25  2 15 18  7 23 41  - 16  - 56 26 59 19 44  9  - 45 10 32 37 40 52 33  - 31 57 21 50 13 55  - 30  -  8  1  - 34  -  4 24 42  - 28 27 29 43 20
 32 53 58 45 30 52  - 21 41  - 57 34 59 19 27  8 40  - 10 12  7 56  -  -  -  9 38  5 14 18  4 60 24 35  -  - 48 55 25  - 49 37 23 29 46 13 54 50  2 20  -  - 42 31 36 39 47  1 16 28
 53  - 18  -  4 22 56  - 47 55 41  - 21 14 12 30  -  6 52 35  - 51  1 28  8 34  - 58 31 44 32  - 33  -  2 40 49 60 50 20 29 54  7 27 43  3  9 37 46 48 45 13 36 57 38 16  - 42 39 19
  8 47  - 18  5  9  -  - 32  4 56  - 43 46  - 34 21  -  -  - 17 24 37  - 31 41  - 15 39 10 13  - 19 49  - 30  - 33  - 23  2 51 54 22 20 40 60  - 29  - 44 35 50 28  3 42  1  - 53 26
 42  -  3  - 12  -  - 52  - 37 15 57  - 49 41 29 59 56  5 54 26 20 34 40 38  - 31 32 43 48 23 27  - 50 25  2 33 47 19  9 60 22 45 10  - 44 58 14 16  - 28 53 18  -  1  - 11 55  - 30
  -  9 56 14 13  - 10 16 54  - 35 22 49 28  2 50  - 55 47  - 48  -  -  - 40  - 36 60 37 30 18  - 32  - 29  1 43 11 58  - 59 57  - 20  -  -  5 19  6 46 15 27 39 24  4 31 42 52 51 44
 52 40 13  -  - 25 15  1 38 11 59 54 17 42 30 46 41  -  - 47  - 50  - 14  4 57  -  -  5 23 39  6 20  3  -  - 16 29  7 58 44  - 48 56 53 34 55  - 28  - 51  9  2 45 60 22 33 18 24 21
 60  - 30  -  -  4 45 50 26  - 21 37 16 51 39 38  2 10 19  - 42  6 13 41 48 40 14 54  - 11 56  8 49 24  -  - 46  7 28 47  9 36  - 17 18  -  -  - 52 32 34 20 15 55  - 53 29  - 57 25
 48 38  -  8  2  3 28  -  - 30  6 55  - 10 17  - 29 60  - 46 53 35  - 36  5 14 32  - 11  - 26 33 23 34  9 52 44  - 16  -  -  1 40 39 59  - 31  - 13 22  - 18 47 56  7  - 12 20 19 27
 36 55  -  3 21 59 23 49 16  - 60 41  - 50 10 58 46 43 28 42 13 52 15  5 54 32  8 45  - 27  6 25  - 31 34 20  - 39 53 40  1 24 57 30  -  - 11  7 22 56  4 38 29 35 14 44 26  -  9 47
 14 42  - 15 54 55 26  - 40 24  1  8 10 18 47 23  6  7 56 36 31 60  5 43 25 52  3 29  - 21  2 53  -  - 33 35  -  -  4  - 32 41  - 12 17 39 37 45  - 51 19 16 44 11 59 30 20 34 49 13
  - 15 23 39 55 31 35  - 50 13 52 12 37 40 24 10 60  8  - 34 36  3 45 17  - 21  6  -  - 14 57  - 41  - 28 53  1 20  - 27 16 58 59 33 38  9 26  4 51 49  2 19 32  -  5 48 46 56 29 22
  - 35  5  4 45  - 46 13  -  1 17 16 52 24 48 11 38 14 50 18 10 32 33 29 44 30 51 56 23 41 40 28 25 55  - 39 21 37 20 22 27 26 58  2 60 12  - 42  - 59 31  3  7 19 53  8  6  - 15 36
 13 45 54  - 20 46 38  -  8 42 33 28  - 22 49  - 39 17  - 32 44  -  7 57  6  - 18 53 41 37  - 36  - 48 43 10  -  -  - 12  - 47 29  -  -  - 35 59 34 30  1 52 25  -  - 11 21 27 14 51
 18 43 49  9 15  7 32 59 23 25 40  - 48 38 14  6 57 21  - 31 41  -  - 55  -  1  - 44 42 16  3 22 35 51 30 47  - 45  -  5 39 52  - 34 56 20 33 28  - 12 58 36 19 53 50  - 60 10  - 46
 57 16  4 47 29 50 52 46 45 28 19 35 36  - 59 55  1 34 18  - 22 21 25 12 39 49  -  3  - 20 24  - 14  - 27 38  6  - 43  - 37 56 53  9 58 60  - 40 44  - 23 11 31 33  -  2  -  - 13  8
