2880
  3 41 20 48 34  -  1  - 19  7 23 60 14 46  -  - 36 33 58 37 52 26 24  6 13 30 45 47 43 40 21  -  5 28  - 29 17 55 57 27  - 31 11 18 15 32 25  4 12  2 49 50 39  -  8 35 10 42 54 22
  - 20 17 59  - 46  - 12  3  - 42 48 60 19  -  - 54  - 50 29 36 25  - 13 22 27 28 18 24 38 55  1 43  - 34  - 16 32  4 40 10  -  -  -  8 39  7 41 30 37 26 21 47 56 15 11 45 31  5 35
 55 19 35  - 15 40  - 33 57 27 52  - 26 13 47 10 50 30 42 49  -  - 54 29  7 23 43  3 44 60  8 18  - 53  -  2 25 11 12  1  - 58  9 39  - 16 56 45  5 41 31 32 46  6  -  - 38 21 34 59
  6  -  - 20 25 58 60 35 45 54 10 51 50 59 32 49  - 17 22  - 43 11 37 16 29  9  7 53 26 57 14 19 31  1  2  - 40 28 33 24  3 44 36  - 12  8 48 30 39  -  -  - 21 52  - 27 15  4 23 13
 18 23 10 43  3 47 39 56 27 55 33  - 57  - 19  -  1  2 30  - 54 58 29  - 20  -  - 38  7  6  -  9 15 13 48 45 36 41 42 46 53  8 24 37 60 25  5 22  4 12 28 11 34 14 16 59 49  - 21  -
  -  - 60 19 37  - 46 22  7 23 51 16 29 44 41 17 42  - 36  6 20 47  - 26 10 28 35 27 11 30  - 58 49 39 56  4  9 25 59 32 55 15 14 33  5  2  - 18 21 54  1 48  - 43 31 40  8 50  - 34
  - 10 12 36 40 33 56 53 44 50 21 35 24 31 39 23 29 48  8 55  -  1  5 28  -  -  9 45  - 26  2 34 54 59  - 52 27 17 51 11  - 19 57 38 16 20 37  -  7  6 18 13 49  3 42 41 22  - 47 46
 12 11 43 53 33 13  9 15 23 40 59 24 30 36 49 37 38 25 10  7 51 17 42 20 56 21  - 48 41 22 16 55 35 50  - 28 58  -  - 52 44  -  -  5 45 19  6 46 31 27 14  2  - 29  3  -  - 47 26 57
 20  - 58  - 18  6 59  4 28 13  -  - 15 54  - 53  7 24 32 56  -  5 44 33  -  - 21  - 49 17 42 30 11 45  - 31 47 12  1 26 34  - 52  9 29 46 36 51 10  3 60 41 50 25  - 55 16 43 37 38
 57 50  8 51 35  5  - 23  - 28 31  7 18  -  -  1 24 38 53 44 11 49  - 59  -  - 13 26  3 41 17 20 42 27 16 39 30 34 14 37 40 43 25 47  - 10 58 12  - 60 32  9  - 22 19 15 33 56  4 52
  4 25 13 47  - 24 38 48 17 49  9  - 19 14 36 30 33 43 60  3 59 54 21 12  8  5 18  2 56 44  - 29 23  7 15 42 37 27 10 57 51 16  - 26  - 22 40  - 52  - 45 55 31  - 35 39  - 34 11  1
  8  - 23 34 57 39 21 20 60 42 45  -  -  6 33 16  - 50  - 12 41 27 30  -  2 49 48 29 35  - 10 47 56  -  -  1 53 15 25 18 46  3 38  - 22  - 24 40 59 26 13  -  - 37  4 32  -  -  - 36
 40  2  5 32  - 57  3 47 11 10 13 22  - 58 35 56  -  - 41 54 28 14 48 36 44 37  - 42 33 55 59 39 53 12 31  - 52 30 15  6 43 18 16 20 50  - 17  9 38  - 21 29 27 23  - 34 51  -  7  8
  - 47 41  8  - 49  -  6 43 48  -  5 38  9  -  - 21  -  1 11  -  -  - 25 55 58 32 39 51 45 29 44  - 15  - 17  2  4 37  - 16 26 22 27 24 13  - 19 54  - 10  -  - 31  -  7  -  -  -  -
  -  - 19 30  -  1 23 26 51 14 57 46 21 49  3 25 47 59 52  - 45  - 33 10 27  6 50 54 38 35 36  - 17 20 40  - 22 43 56 15 13 55 28  4 48 44  9  8  - 31 12  - 18 11 53 24 60  - 41 32
  2 48 22  9 36 14  5  1 42  - 54 49 46 20 11  7 13 45  6 24 25 31 51 18 34 29 23 56  4 10  -  - 58 33 32 30 15 16  - 55 27 21 40 12  - 59 26 38  3 47 37 53 43 28  - 19 17  -  -  -
 15 49 32 29  -  8 54  - 40 47  - 19 51 60  - 42 20  1 43 16  - 41 27 30  4  - 22  9  - 11 26 28 39 18  - 21  -  -  7 35  - 52 17 59 25 31  -  -  - 53 46  - 48 33 57 38  - 12 55 45
 52  6 11 57  - 41  -  -  -  4 17 20  8  3 12  -  - 42 28  -  - 45 26 37  -  -  -  5  -  - 53 14  2 48 29 19 49 22 54 31  - 46 47 60 59  1 44  -  9  7  - 33 25 32 43 23 56 18  - 51
 60  4 40  -  - 27 42 43  5 31  - 39 45  7  6  9 22 57 20  - 37 36  3  - 50 32 41 12 53 33 56 21  - 24  -  -  - 29 35  - 11 30 10  - 34  - 18 26 17 58  - 15  - 48 47 46 23 19 52  -
 59 33 49  -  - 56 43 45 10 15 26 34  -  4 52 19 53 41  - 27  7 23 31 35  -  -  -  - 20 18  1 42  - 40 36  6  - 60 46 28 24 50  8  - 21 29 30 58  - 13  5  -  9  - 44  - 11 37  -  -
  - 34 15 58 24  -  7 13 18 32 38 23  3 29 44  8  9 55 17  - 39  -  - 31 12 45  - 14  2 21 40  -  6 25  -  - 20 51 60  - 47  5 56 41  4  -  - 52 36  -  - 28 37 50  - 43 53 30 22  -
  5 59  - 42 54 37 24  -  -  1 44 38  - 11 22 60 28 53  4 47 57 15 41 51 46  8  6 40 58  3 50 43  9 36 23  7  - 31 19 33 52 12 49 21 18 30 32 13 48 10 34  - 55  - 45 56 27 14 17 20
 45  5 46 50  - 15 22 16  - 57 35 44  2 10 18 26 59  3  -  -  9 55 43  - 28 17 19  - 31 20 11 36 12  -  4 25 23 52 58 49  8 32 37  - 40 38 34 54 13 24 56 14  1 30  - 29 48  6 33 39
 23  - 48 26 38  -  -  - 46 16  - 21 22 18  -  -  - 36  - 30 34 19  1 56 11 12  - 59 27 52 28  - 40  - 35 44 60  5  9  - 29 13 33 43  3 45 47  - 14 20  6 49 42 51 41 58 54 10 32 24
 22 45 57 31 14 32 27 41  - 19  - 25 33 42  2 58  5 47  - 34 35 60  6 44 16 56 15 52 17 24 51  - 38  4 30 23  8 59 29 48 54 37 39 36 26 50 13 53  - 18  3 10 12  1  - 21 43  9  -  7
  -  -  6  - 51 30 47 27  - 58  - 17 40  2 46 45 37 23  - 28 19 13 56 53 39  - 11 25  - 59 33  4 34 38  - 57 32 20  - 43  - 54 41 10 42  -  -  7 35 22 55 24 15  5 29 60 36  -  -  9
  -  -  -  - 22  -  - 24  - 34 16 45 11 26 54  4 31  - 48 32  8  6 36 43 38 60 53 57 29  -  3 52  - 21 17  -  - 39 13 56 19  7 12 15 51 18 41 50  -  - 33  -  2 42 55 28 44  1  9 10
  1  - 18 39  -  - 11  - 56 29  7  - 53 43  -  -  - 49 35  - 60  2 50 34 26 44 36  -  - 42 24 41 55  -  - 15  - 19 31 47 37 20  5  - 17 33 51 59  - 32 57  8  -  4 14 16  - 54 58  -
 47 37 26  2 21 10 35 39  8 53  -  1 41 22  - 15  - 28 45 31 46 24 60 27  - 11  -  -  9 16 23 13 50  -  - 18 42  - 52  4 30 17  - 32  -  - 38 43 33 56 51  -  - 40 59  -  - 36 49  6
  -  8 42 33 45 21  - 17 38 26  -  -  4 55 31 34 18 37 24  9 16 59 28 14  1  - 49 60 25 56 43 40 47  - 50  5 44 46 11  -  7 22 51 23  2  6 57 48 15 52 36 39 30 12 58 13 35 32  - 19
 14  7 52 11 58 45 16 55 53  9 50 10 12  -  4 22 44 27 46 35 23  -  - 32  -  - 20 28  - 19  - 57 30 26  - 43  3  6 36  8 31 29  -  - 37 56  2  - 24  - 15 18  5 49 13 33 47 39  1  -
 42 60 37  - 31 29  6 49 33 21  - 56 54 51 48  - 15  8  - 45  5  4 46 40  - 13  3  - 34  9 12 17  - 47  - 32 55  2  - 25  - 57  - 11  7 24 39  - 23 16  - 27 19  - 30 50 20 58 35 18
 17  1  9 56 28 34 55 60 39 46 43 37 36 52  - 38 25 22  - 18 26  7 11  -  - 31 44 49  5 53  6 10 20  - 24 33 12 13 40 16 45 41 42  - 27  - 54 23 51  4 29  - 59  -  2  8 50 48  3 15
 25 53  - 13 20 42 14  3 22 43 37 33 49 39 28 12 32  - 26  8 56 52  2 38 15  -  4 58 19  1 47 16  - 57 46  9  - 21 24 17 18  6 29 55 41 40  - 35 11 34 27 23 45 44 48 30  -  5  - 54
 34 52  1 35  -  2 28 29 36 39 32 59 31 33  - 43  8 58 16 42 47 56 18  - 40 14  - 55 54 46 38 24 10  - 27  -  - 37 48 21 41 53 60  3 23  - 15 25 22 30  4 51  6  -  -  9 19 49 45  -
 19 43 29  -  8 16  - 42 59  - 58 28 27 17 60 35 11 39  5  - 14 18  - 21  - 53  - 30 45  - 52  - 26 56 13 50  - 48 41  - 57 24 20  6 47 12 31 33  1  9  -  4 23 34 49 36 40 55 44 37
 10 27 21 46  6  - 49 50  - 56  - 13  5 48 58  - 45  - 19 59  -  - 17  - 37  - 33  - 60  2 54  - 41  - 18 51  - 47 39 38 22 23  - 57 28 43 16 11  - 40 20 30 44  7 36  1 32  - 31 42
 24 38  - 54  - 48 33 25  9  - 46 52 47 56 16 29  - 40 37  -  - 12 35 58 21  7 42 31 10 51 20  - 60 41  6 55 11  - 53 36  - 27 13 50 57  - 43  -  -  -  8  - 22 19 26  5  1 15  2 28
 35  -  3  6  9  - 19  7 50  8  2 41 16  5  - 44 26 46 31 43 30 33 25  1 24 39 52 13 28 12  - 23 36 10 42 40 59 53 32 20 38 34  - 14  -  -  - 55 56 48 17  - 11 18  - 49 29 27 60  -
 54 58 44  -  - 31 25 36  1 35 41 42 56 45 37 20 19  - 33 15  4  -  8 23 18 55 14  - 48  - 39 50 24 43 49  -  -  - 30 59 60 28  3 13 38 53 52  -  - 11  7 16 40 46 17 57  2 22  - 21
 28 55  7 18  -  - 34 31  6 24  1  8 39 16 38  -  -  - 54 26 53 46  4 11 35 19  - 51 15 25 48 32 33 52 45 13  - 56  - 14  - 49  - 44  9 41  - 57 50 43 58 60  - 36 21 10 37 20 27  -
 32 44  - 28 29  3  2  -  -  -  6  - 17  8 10 31 57  - 51 48 27 39  -  - 47  - 26  - 36  - 58 60 22  9 19 46 56  7 23  - 15 42  - 16 33 52 49 21 34 59 53 38 20 35 54 45 41  -  - 43
  7 51 56 60  4 55 13 10 26 52  3 50 23  - 21  - 27 34 25 36 17 44 40  9 57 42 47 35 37 31 30  6 29 46  1  - 43 24 38  - 28 45 18 58 32 11 19 15 41 49 48 22 16  - 33 12 39  - 14  5
 21  - 33 15 32 25 57 54  2  - 36 30 52 28 43 11 35  - 34  1 10  - 16 45 60 48 59  - 55  - 18 53 19  - 51 58  5  -  - 50 20 38 31 22 44  - 29 39  - 17  9 46  - 24 56 42  3  -  6 12
  - 29 34 44  2  -  - 46 49 20 19  9 55 23  -  5  3 31 59 51 40 16 10 42 36 38 58 17 18 54 15 25  - 11  8 56 57  - 27 60 21 47 45 48 52  -  4 28 43 39  -  - 41 13 37 14 26 24  -  -
 16  - 24  - 41 35 53 32 15 17  -  - 37 57  - 13  - 56 12  4 29 50 59 39 25  - 40 11 21  5 34  -  1 55 38 10 48 36 28  -  -  - 44  7 30  -  8 20 49  - 47 58 51  9 46  6 52  3  - 31
 27  -  -  7 44  - 26 51  - 22 34 15 48 41  1  -  - 16  2  -  6 40 39 49 43  - 60  8 50 58 25 46 18  5 21 11 31 10 20 53 32  - 59 28 35 36 42 29 55 19 23 37  - 45 24 52  - 17  - 56
 36 32 53 12  - 43 45 14  -  5 29  -  7 24  9 48 41  - 23 22  - 28 57  8 59 16 55 50 39 49 27 56  4 31 47 37 33 44 21  - 26 40 35  - 13 15 20  2  - 51 42  - 10 54 38  3 25  - 18 30
  9 57 50 37 13 28  - 34 54 18 48  - 20 27 55 14  - 32  - 17 33  -  - 41  5 59 16 15 40  - 31  - 52 19  7 24  4  -  - 22 23  - 43 35 49  -  3  6  8  - 11  1 56 10 39  2 42  - 25  -
  - 28 45 49  - 38 36 52 21  3 25  -  1 30 17 24 23 14 57  - 58 35  9  4  - 34 51 37 12  8  - 27  7  2 20 22 10 54 16  5 39 48  6 40 55 47 46 56 18 15  - 43  -  - 11 26 13 59 29 44
 29 21  - 17  -  -  -  -  - 60  - 57  - 34 42  2 52  - 56 20 38 53 32  7 49 22  8 36 46  -  - 15 13 14 28 12 24 45  5 41  1 10 19  - 11  -  - 47 27 50 39 44 33 55  - 48 31 35 16  3
 49 39  4 14 30  - 51  9 37 33 18  - 13  - 53 47 10  - 15 60 42 20  - 24 52  - 29  -  -  - 22 48  - 34  5  -  - 50 43 23 12  -  -  8  6 21 35  3 19  -  2 31 58 57 25 17 46 45 56  -
 43 17 28 23 53  -  - 11 25 36  -  - 10  - 27 41 34 15  -  - 49  - 58 52 19  4 39 20 32 47  7  - 16 54 33 48 18 38 45 30  2 14 21 24  - 42 12 37 40  1  -  3 13 59  5 22  - 51  8 26
 37 56  - 55 23 52 20 18 34  6  4  - 58 15 59 51 16 26 44  2 21  - 38 46 45  1 25 24 47 13  9  - 14 22 57  3 41 42 17 54 35 11 27 19 10  7 50 36 53  8 40  5 28 60 32 31 12  - 43 48
  - 16 36 41 52  - 31 30 32  -  - 27  9  1 26 50  6  - 29 40 13 22 55 48  - 15  - 23  -  4 19 54  3 37  - 47 46 35  2  -  - 25 34 49 43  - 59 44  -  -  - 20  8  - 28 53 18  -  - 11
 50  - 51 16 19 20 58  - 48 30 40  - 43 38  5 18 17 11 27  - 24 37 47 54 41 25 57 46  - 34 13 22  - 42 10 35 21 49  -  9 36 56  2 29 14  - 33  1 60  - 52 12 32  8 23 44  -  7 15  -
 48 36 27 22  1  -  8 37 16 38  5 12  6 50 24 28 14 35 13 41 18 10 23 15 31  2 56 33 30 32 46  7 21  - 43 26 19 40  3 39 25  9  - 45 53 49  -  - 20 42 54  -  - 17 52 47 55 57 51 58
 13  - 55  1 43  7 10  8  - 25 11 47 34 12 51 39 46  -  - 14 32  3 19 60  9 26 37  6 42 48  5 33 59 16 52 53  - 57 50 58 49 36 15  -  - 23  - 27 29  - 41 54 24 38 22 18 21  2 20  4
 44  9  - 45 60 36 41 28  - 11 47 32 42 37  -  - 55 18  3 19 31 48 22 17  - 10 30 43 52 39  - 12  8 58 59  - 54  -  6 29  5 35 23 56  1 14 27 16 46 57 25  -  -  -  7 20 24 13  -  2
 11 24  2  4  7 12 15 19 13  - 20 18 28 47 40 32  - 21 49 25  3 43 52 22 42 35 38 16  8 50 37  5 48 30 39  - 14 23 34 45 33  1  - 53  -  9 55 17 57 29 44 56  -  -  - 54 59  - 10 41
