2880
 45  1 40  - 39  8 59 57 28 25  - 33 37 55 11  7  - 13  - 54 42  -  - 38 49 15 27 53  5 56 19 51  2  - 48 36 29 22 20 17 14 16  - 34 12 21  -  3  - 47  - 26  6 58 46  9  4 52 50 43
  1 48  - 39  -  -  2  -  3 23 44  -  - 60  - 43 12 33 50  7  -  - 20  9 13  - 40 21 18 19 16  -  -  - 51 26 58  -  -  5 32 38 37 27  -  -  -  4 14 56 59 49 35  - 28 45 15 22 53 24
 36 14 51 55 56 28 54 17 10 59  9 20 21 23 33 41  8 37  3  - 35 29  - 45 26 49  -  - 19  -  1 43 34  4 58 52 47  -  - 25  - 40 15  2 50 42 22 13 32  6 48 24 18 12 27 60 16 57 46 11
  - 36 21  4 33  - 56  6  -  3  8 34 42 32 29 37  2 15 30 11  -  - 13 16 38  - 53 58 14 46 31  - 25 57  - 47  9 50 51 22 27 48 49 24 44 43 12 28 55 17 40 60  -  7 10 52 26  5 19  -
  - 33  -  - 14  - 42  -  - 34  - 41  4 15  - 54 16 18 25  -  -  2  - 35  -  9  7 17 43 51 47 24  -  -  -  1 38 32 37 23  5 56 21 45 11 30  6 60  8 39 46  3  - 52 53 13 48 28 57 27
  - 15 49  - 41  2  8  -  - 39 30 31 33 54 34  -  - 35  - 44 38  4  -  -  - 21 37  - 48 58  5 47 27 25 16 53  1 60  6 32 29 55 50  - 17 36 28 59  3 43 22 13 10 42 26 51 46 12  7 52
 44 22  5 21 42 54  -  7 48  - 26 27  - 51 10 47 58 34 41 57 18  -  - 30 36  -  -  -  9 55 14 28 20  - 56 29 11  8 39 50  - 53  -  -  - 59  -  - 33 35  - 19 25  4 13  3  - 40 15  -
  3 39  - 28 24  - 16 21  - 42 34  - 36 11  - 46 22 31  -  - 26  - 52  - 27 37  - 51 50  5 15 17 53  -  2 33 13 23  -  8 60 43 44 29  -  - 49  -  1  - 10 55 14  -  - 40 47  7 41 57
 25 24 47 19  2 44 13  4 60 27  - 46 23 35 59 45  5 42  - 51 39  9 32 43  6 58 14 36  7 10 54 40  - 41 38  3 26  - 52 48 53 12 11 49  - 15  -  1  - 50 56 29 17  8  - 30 34 55 22 18
 57 26 59 48 12 53  - 38 17  -  4  5 52  -  3 34  1  - 56 10 54 22 55 51  7 45  8  2 49 21 43  6  - 14 44  - 40 15  - 33 11  -  - 25 32 41  - 58 28 18 30 37 60 16 23 36 50 35 24 31
 43 23  - 33 15 56 36 31 27 11 59 18 47  8 25  - 34  3  -  9 20  -  - 44 39 55 51 57 10 45 60 53 58 12 24  5 41 30 35 28 46  - 26 52 29 16  2 54  - 19  -  - 49 50 40  1 37  4  6  -
 41 32  - 13  8 22 58  9  - 60 49 38 12  5  - 27 48 24 18 47  - 42 26 15 43 23 39 50 40 37 52 16  - 46 30 28  - 57  -  6 59 33  4 11 36  - 55 29 45  -  3 44  1 25 14 35 31  - 34 21
  - 60 46  - 17 45 22  - 57 56 32 23 30 48 37  -  - 43  - 55 19 12  2 50 20 14 13 38  -  4 18 54 41 39  - 49 34 42 44 26 58 36  -  1 33 40  3  -  - 11 29  7 47  9  -  5 28 24  -  -
 53 43 29 47 48  -  3 45  2 46 38 57 50 24  -  6 51 25  -  5  - 49 10 56 55 16 41 52 33  - 23 32 59 11  - 34  - 28 60 35 17  9 12 39  7  -  1 15 26  4 19 18  - 20 36 21 58 54 14 42
  7 13  -  9 32 16 21  -  4 17 60  2 27 53 47 22  - 49 29 38  - 25 15 58  -  - 10 37 35 52 12  1  5 48 45 23  6 54 24  - 26 31 41 44  - 46 20  - 19 34 14 36 40  -  -  - 42 11  8 28
  -  - 37 11 36  -  4 24 18 48 14 13 17 42 44  5  -  - 20 59  - 28  - 34 22 57 12 55  - 33  9 38  - 10 50 32 46 35  8 15  7  -  -  3 27  - 41  - 60 45 53 47 31 21 30 58 54  - 39 19
 42 29  -  - 55  5 24  - 37 36  3 10  -  -  -  - 19 46 54 56 47 53 33 27 25  2  - 30 44  - 32 59 28  - 12 50 48 40 22 43 34 52  - 23 31 20 51 35  -  8  - 16  4 38 57 41  7  9  1  -
  4 45 11 42  - 47 32 14 13 49 10 44  - 21 22  - 43  7 17  1  - 57  -  -  9 48  - 19 37  -  2 41 46 30 27 31 55 59 28 60  3  - 38 53 16 50 34  - 12 23 58 33  - 24  - 18 51 39 35  -
 34  - 52 10 11 57 33 47 29  5 35 28 54 40 38 60  -  - 53 41 48 27 46  3  8 32  -  - 15 12 50  - 19  6 43 18 24 55  - 13  4 25 20 26  - 37  - 16 44 31 45  - 42  -  -  2 49  1 51 23
  - 12  - 15  - 21  9 10 38  - 22 16 53 20 51  3 30  -  -  -  -  - 56  -  - 13 31  - 24 49 57 23 39  8 35 55 50  - 46 45 19  7 47  - 25 28 11 40 48 29  - 17  -  - 60  -  1 36 52  4
  9 46  -  - 45 40 30 28 14  7 41 58 11 57 13 24 10  6 49 18 23 55 60  -  - 38  5  -  - 20 37 12  - 17 26 54 36  - 50  - 21 29 25 47 42 48 44 33 52  2  1 39 51 59  8  -  - 32 56  3
 14  3  2 27  6 33 11 56 31 30 40  7 16 43 48  - 60  - 13  -  1 36  4  - 47  -  9  -  - 15 29 21 54  5 18  - 17 52 57 37 50 51  8 55 26 38 39 10 23 58 12  -  - 34 20 32 19 41 42 49
 13 11 23 40 52 46  6 36 12 45  2 29 51 41  -  - 27  - 31 21  7 37  - 25 32 50 54 43 16  - 48 60 33 28 20  -  4 26 55 18  8 35 14 42  5 39  9 56 47  3 24  - 38 57 49 19 59 34 17 22
 22  5 38 59 18  - 23 33 50 51 56 48 60 29 31  - 17  - 15 39 37  3  - 57  - 42 45 24 25  7  -  - 21  9  1  - 19 13 36 52 30 26 43 54 40 55 53  - 41  - 16 35 20 14  -  6  8 46  2  -
 21 54  4 44 23 48 47 46  7  - 17 45  2 38 58 39 29 26 43 53 31 34 24 28 42 19 60 40 59 32  - 36  -  -  -  - 56 51 18  1 13 41 16 12  - 57 35 11 37 30  9 52  -  -  6  8  - 14  - 10
 32 27  -  3 22  1 29 52  9  -  - 39  - 17  - 56 45 41 21 49 12  5 47 42  - 51  2  -  6 31 24 48 38 13 28 16 59  - 19 58 15 20 30  7 53 34 50 23 10 54 35 11 37 60 44 33 36 25 43 40
 27 37 54  1  - 12  -  2 52 40  -  6 41 34  - 57  - 10 45 32 28 48 44  - 53 59 24 20 55 60 17 56 11 26 19 14 35 16  - 47  - 13  - 51 58 18  7  9  - 42  - 23 21  - 25 38  -  8 30 29
 26 42 57 43 49 50  - 12 40 53 16 21 45 31 39 58 28 47 24  - 17 15  - 46 37  1 18 48 27  - 55 22 23 54 32  4  - 20 11 29 44  2 56 35  9  5 30  7 13 14 51 25 36  3 38 59 52 10 33  6
 30 21 45 50 60 43 41 27 16 54 48  8 57 36  - 49 13  - 58 52 56 24  - 32  - 40 33  - 38 18 22  4 15 51 59 37 44 29 12 39 31 42  3 46  -  7 14 25  2 28 34  1 26 53  - 55 10  -  5  9
 37  - 34 12  -  3 45  - 19 33  -  - 18 28 26 53  - 38  1 27 13 35  -  2 46 31  - 49 47  -  8 30  - 32 57 15 25 10  -  - 22 24  9 59 60  4 42 21 56 36 23  - 29 44 51 14  - 20 11 48
  -  8 27 29 21 18 19  - 30 26  5 37 35  - 49 48  -  -  - 46 22  -  6 47 12 36 17 60 54 39 34 15 14  - 52 42  7  1  2  - 40  -  - 50  4 24  -  - 16 25 28 41 53 13 58 10 33  - 31 32
 48 17 53 45 58 36 37  1 25 13  - 60 29 14  -  4 35 39 57  6 32 54 16 24 19 30 11 47 22  8 38  3 50  7  - 43 31 44 10 49 28 15 34  9 23 51 40 55  -  -  - 12 52 27 42  - 56  2 18 46
 29 49 10  5 53 13  - 59 55 28 20  -  3  -  2  8 26  -  - 16 50 58 51 14 31 35 56  1  - 48 36  -  9 34  -  -  - 45 54  - 12  4 60  -  - 32 24  - 40 44 57  - 30  - 11 22 17 33 38 47
  - 51  3 38  - 52  - 41  1 22 47 19 58 10 36 30 53  - 26 24 11 16 40 39  -  6 29 34  - 17 42 25 31 20 54  - 28 49  -  -  9 50  7 56  -  - 18  -  - 15 33 27  2 32 48 44 21  -  -  -
 16 57 24 46  -  7 44 18 23 43 45  4  - 56 52 31 50 40  - 42 60  - 39 33  3  - 28 29 17 14  - 26 10 58 22 25 12 38 47  9 20 54 55 48 34 35 13 49  - 32 36  -  8  - 21 15 11 53 59 37
 11  - 28 34 26 10 52 44 33 24 51 32 40  - 18 50 15 54 39  8  - 13  7 17 41  -  4 45 23 57 53  9 30  - 55  - 22  5 25  - 36 46 42 38  -  6  - 12 49 16 21 48  - 29  -  -  2 31  - 14
 38  4  - 24 51 34  - 13  5 18 58 47 25 16 41 23 49 55 42 20 40 11 54 21 30 12 48 22 60  2  7  -  8  -  6 35 33 14 17  3  1 32 53 31 52 29 19 39  - 59 43 28 27  -  9  - 44  -  - 45
  8  - 33 54 10 27  - 35  - 37 28 42  - 12  - 18 31 30 47 22 25 40 59  - 56  - 55  - 34  9  -  -  6  3  - 39  -  4 21 16  - 19 29 17 43  1 48  - 58  - 38 57 32 36 50 46  - 60 26  -
 17  - 36  - 59 19 48 39  - 44 24  3  - 50 40 55 37 51 60  -  - 14  -  - 23 46  -  - 31  -  - 27 49  2  -  - 53  - 42  4 10 30 57 22 28 52 29  8 20 33 26 54 15  -  - 34 38 56 16  -
 10  - 56 26 31  9  - 48 58  - 11 12  5  7  - 20 25 52 55 36 30 23 14 54 21  - 43 41 39 44 40 42  3 22 29 46 32 34  4 24 37  -  6  - 45 53 47 19 38 49  - 50 33  -  1  -  - 27 13  2
  - 18  -  - 50 42 31 29 43 47  6 59  -  1  9  - 21  4  7 17 51 45 38 26  -  - 36  8 12 40 28 33 35  - 11 57  3 53 58 10 56 49 54 32  2  - 37 22 39 41 25 34 46 19  5 48 27 30 55 20
 47 34  - 37 27 35 40 16 42 38  1 50 28  4  -  9 32  - 52  - 46  - 49  - 60  - 26  - 30 24 45 44 13 23 25  - 54  - 15 21 48  8 19 10 57 33  5 41 51 12 55  - 58 22 59 53 43 17 36 56
  - 44  1  -  7 37  - 19 11 52 42 51 49 39  8  2 46 57  - 34 14 56 36 12 33  - 15  - 32 23 30  - 24 35 17 41 43  - 13  - 45 47  5 60  3  9  -  6  - 38  - 40 59 28 18 31 53 26 58 50
  - 56 32 36 35 23  - 54 53  4 13  - 48 22 50  1 52 60 46 28  8 26 27  5  - 20 16  - 41 47 59 19  - 37 31 44 42 43  7 38 55  -  2 57 30 25 17 24  - 21 49 51 34  - 45 39 40 15  9 58
 28  9  - 58 37 60 53 40 47  - 29  -  - 27 12 51  - 17 22 43  6 19  - 48 18 39 57  -  - 25  4 45 26 21 34 56 14 46 49  7 24  1 31 33  - 10  -  -  -  5  - 30  3 41 54 42 13  - 20 35
 55 10  7 57 38  6 60 32  - 20 52  - 46 44 30 14 42 50  4  2 21 17 34 36  - 22  3 28 45 43 33  5 12 31 49  8 16 11 41 53 35  -  -  -  - 47 54 27 25 13 15 56  9 37 39 26 24 23 29 59
  -  -  - 56  - 39 14 22  8 50 46 53 44 25  7 21  - 48  2 35 36  1  -  - 54 26  -  - 13  3 51 58  - 27 41 40  - 17 59 19 42 45  -  -  -  - 52 34  -  - 31  4 16  - 24  - 29 43 60 33
 59 35 25  -  -  - 18 34 39 19 12  -  -  9 17 36  -  - 33 37 55 60 41 40 50 56 46 32 52  6 49 11  4 47  - 27 15 21  5  - 23 14 13 16 48  2 45 31 42  1  7 53 57 10  - 43 30 58  3 26
 40  - 16  -  - 24 17 26 45 29 53 35  - 59  - 44 55 11  - 50  - 41  1  - 14  7 42 33  4 38 39 10 52 56  -  - 57 58  - 54 25 34 23 43 49 60  8  -  -  9 27 31 28 30 37 47 12  - 48  5
  5 53 12 32  9 17 51 15 44  6  - 56 34 46 28 29 33  - 38 23 58 50 37 10 52  3 25 54 42 59 35  -  1 49 39 11 45  2 31 30 43 57 48  8 14  - 26 20  - 24  -  -  - 40 47 16 41  - 21 36
 60 25  -  6 16 55 10  -  -  2 57 30 22 33 56 26 44 53  - 45  - 21 18 49 17 28 32  -  3 54 20 52 40 50 47 48  5 12  1 34 38 23 36 58 51 13 27 42  9 37  8  - 11 31 41  7 14  -  4 39
  -  - 35 53  -  4  7 51 32 57 27  - 26  - 24 17 38 59 19  - 49 39 50  - 40 43  1 56  - 16 44 13 45 42  9 10  - 47 48 36 33 58 52 14 41 11 31  2 34 55  -  8 23 46 15 54  3 21  - 25
 51 31  -  8 57 14 28 20 46 32 50 43  - 30 23 33 39 22  5 48 16 10  3  -  -  - 34 42 29  - 56 37 44 40  4  2 21  7 26 41 52  - 35 19 54 45 15 36 24 53 11  - 55  - 12 17 18  - 47 38
  - 16  8 52 47 51 57  - 56  - 33  - 39  3  6 28  - 23 32 26  9  - 25 55 15 10 35  - 58 11 21  - 17 53  - 30 20 19 45 12 54 37 40 13  1 27  - 50 29 46  4 42 48 18  2  - 22 38 44  -
  - 40 13 60  - 15  - 42 36 10  -  - 43 26  - 35  -  5 34 12 41  8  - 37 28 53 38 31  1 29  - 57 47  - 21  - 52 25  9 27 16  3 39  4 46 49  - 14 54  -  2  6  - 23 55 11 20  - 32  -
  2 55 31 49  - 32 43 50 41 21 15  -  7 13  4  - 24  8 35 58 57 52 45 59  1 34  - 25  -  -  6 18 16 19 37  - 39  -  - 11  - 28 46 30 22  3 38 17 53 10 54 14  - 48 33 29  -  - 40 12
  - 50  -  7  - 38 15  -  - 35 25 40  9  2  - 11 20 14 48 31 27 44  -  - 29  - 19  - 26  -  3 34 60 16  - 24  - 56 43  - 18 10 17 36 47 58  4 30  -  - 37 45 22 54 32 12  5 42 23  8
  - 41 43  2 28 29 39  3 26 31 54 11 56  -  - 25 14 16 12 15  4 33 35  1 51  5  - 27  -  - 13 20  -  - 42  9 30 24 40 46  6 22 10 21  - 44 36 48 17 60  - 38  - 49  7 23 32 18 45 53
 24 20 14 25 40 49  1 23 34  - 43 55 19 58 21  -  - 56  8  - 53 38 42  4  - 41  - 39 11 35 26 31 48 15 60 17 37 36  3 57 51 44  -  - 18 22 10 46 27 52 13  - 54 47  -  -  9 45  -  -
  - 19 58 30 34  -  - 37 15 16 31  9 10  6 53  -  -  - 36 29  5  7 43 41 24 11 20  - 56 42 46 50 18 52 13 38 51  3 27  2 57  - 33 28  8 17 60 44 22 40 39 32  -  -  4  - 23 48 54 55
