2880
  - 25 19  7 55 39 46 10 24 21 32 16 54 26 59 27 34 11 35 50  - 17 57 53 15 40 36 31 44  1 41  - 38  3 29  - 37 58  6 18 56  -  2 30 60 43  -  4  9 14 28 12  -  5  - 33  -  - 20  -
 37  -  -  5 14 50 47 25  4 13 48 34 58 41 20  3 17  - 27 42  -  6 54 33 45 44  - 51  -  - 26  - 56 39  -  - 32 29  -  - 52 16 19  7  - 30  - 10 57 43 46 18 35  2 60  -  - 24  8 22
 17 53  9 22 25  - 24 16 46 57 19  - 48 36 12  - 40 41 32 18 33  -  -  -  4 51  8 10 47 29  - 26 30 14 45 49  -  -  -  7  - 28  -  5  - 52  - 20 21 59 55 56  3 27 11  - 54 31  - 60
 53  -  2 37 30  7 26  9 40  -  -  3 15 34 49 59 47  - 29 39 32 22  1 42 17 55 14  -  4  5 20 11 31 45  6 19 41 51 36 60 21 18 12 50 57 10 27 16 54 33 58 13 56 24 38 25 23 52 28 43
 57  - 15  - 53 21  4 35 51 27 11  8 12 37 17  - 48 30 46 49  - 31  - 38 33 16 19 43 13 55  9 56 45 60 24 42 40 10 50  3 54 41 23  2 26 47  5  - 34 29 25 14  6 58  1 39 18 44 52 28
 18 15 54  - 59  3 10 56 48  - 47  - 34  1  6 17 55 51 23 13  - 38  -  - 11 19 40  - 60 27  - 58  4 41 36 24 53 20  5 12 28  2 49  -  8  - 16 30  - 45 50 57 52 29 14  - 33 22  7  -
  8  -  - 30 54 59 57 60 26 56 43  - 24  5  7  -  -  9 31  2 35 41  - 11 25 29 46 28 51 49 53  - 36  1  3  - 10  -  - 40 38  -  6 21 44 16 50 13 19 15 22 20 55 45  - 42 39 12 34 37
 28 12 56 40  6  - 60 18 32 53 29 50  7 47  -  -  - 38  - 52 19 33 30  - 41  5  -  1 26 59  3 51 23 58 37 43 16  -  - 24  2 39  4  - 46  - 10 21 55  - 44 49  -  8 57 17  - 34 36 15
  - 17  6 53 56 30 37 57  - 34 20 14 18 46 40 33 16  -  2 47 45 50 11 35  - 27 24 21  - 43  8 29  - 31 54 59 23  - 22  1 60 58 25  -  9 38 52 51  5 19  -  - 41  3 12 49 13 32 48  -
 45 46  - 10  - 17 18  2  - 36 57 19 51 54 16 52  - 60 13 31  5 58  - 20  1  - 30  - 23  7 21 22 37 33 14 40 25  -  -  -  -  -  - 49  -  8  3 55  -  9 39 34 12  - 48 53  - 28 41 27
  3 48 27 51 50 57 25 11 19  5  8 32 38  - 39 12 42 31 49  - 26  - 55 40 14  - 53 23 59 52 16  4  7 37  1 34 46 30 20 43  - 36 45 60 18 15 24  9 22  -  - 28  - 44 54  2 41 35  6  -
 44 36  4 60 21  - 54  -  2 55 49 52 47 10  - 46 45  5 15 28  - 51 42 50 18 32 25 24 19 31 57 39 22 48 27 33  - 56 58 34 17  8 29 13 12  -  - 59 23 30  9 37 53 40  - 38 16 11  - 26
  1  - 35 59 42 44  - 50 29 22  9 49 19  8 32  - 39 53 56 37 15 46  - 24 38 13 43 34 45  -  -  - 47 40 18 54 12  4 48 21  7 14  3  - 28 58  - 33  - 11 26 55 20 41 30 27  -  -  -  -
 10  2 18  4 12 22 15  1 17 52 51  - 53 16 24 60 43  - 25  - 37 36 38 14  -  - 32 11 57 41 40  7 26 20 49  8 56  6 34 50 39 47  - 31 19  - 46 48 58 27  - 35  9 59  5 55  -  - 54  -
 41 45 50 42 35 34 14 37 57 44 39 22 49 52 43 19 12  - 59  - 20  - 25  - 31 58 29  - 48 21  - 33 18  - 17 47 30  - 11  9  8  - 27  6 36 55 38 40  1  - 13 46 24 23 10 26  -  2  4 53
 52 31 59  3  -  - 56 58 20  8  5 21  9 30 57  - 37  -  6 11  - 44  4  - 49  1 41 55  7 32 19 12 24  2 16 51 17 48  - 39 13 26 33 43  - 54 60 15 46 23 18  - 47  - 42 36 45  - 29 35
  9  6 39  - 34 60  - 48  3  -  7 58  - 35 18 57 29 42 44 33 11 32 56  - 16  - 15 36  - 28  - 23 46 24  8 25  - 41  - 45 20 43 31  4  2  - 55 53 50 37 51 10  - 22 47  - 52 27  1  -
  - 26 58 54 52 24 41 59 44 49  - 55 28 42 23 36 60 37  9  - 13 14 39 15  8 12 50  - 16  3  5 20 53 29 30 11 48 22  4  2  1 45 43 27 31 40 32 56 18  -  - 51  - 10 17  6 38 21 25 57
 42 51 30 55 28  -  3  - 49 15 34 33 26  7 46 14  - 43 17 27  2 54 12 56 47 52  -  - 41 58 37  - 19 10  -  - 21 44 24 11 35  6  - 16 13 57 53 18 60 25 45 36  8  9  - 32 29 39 23  1
 20 43 24 15  - 54 45  - 50  - 38 36 32 11 25 47  3  4  - 12 16 21 35 41 34 14 26 19 31  6 60  1 57 49 53  5 22 59  -  - 10  - 55 52 37 27 44  2 29 51 33 42 40 39  -  -  7 30 58 48
  -  - 32  - 37 46 16  8 45 35 26 17 27  - 33 48 38  - 60  - 57 12 28  2  - 20 22 25  9 36 18 40 58 42 39 10  - 24 54 49  -  - 15 19 47  6 34 23 52  1 30 43  5  7 29 14 50 41 11 21
 16  8 34 19 32 51 17 45 39 38  4  - 42 14 37 11  9 44 55  - 28 24  - 12 30 36  5 47  6 60  - 18  1 26 22 53  -  3 29  - 25 15 52 59 35 21 43 57 10 13 23 41 54 48  7 20 46 50 33 31
 58 20 43  6 38 15 52  4 23  - 28 42  5 45 30 55  - 35 34 21 49 26 46 18 13 41  2  3 27 47 44 14 10  - 11  - 19  - 31 25 16 57 50 32 59 60 56  - 33  - 53 24  - 12 39  -  9  - 17  8
  - 29 45  9  - 53 42  -  - 32 23 31  - 48 15 56 28  - 57 16  8  1  - 55 21 54  7 22 30 12 33 24 40 35  - 17 34 25 46  5 37  - 58 41 43  4 49  -  - 50  3 38 39 52 26 60  -  - 44 36
 27  7  3 50  1 10 29 20  - 31 21 12 40 32 54 35 33  - 58  - 59 25 41  -  5 45 37  2  - 16  - 43 28  - 60 39 18  -  - 19 30  - 51  - 11 17  6 42 38 57  - 23  4  - 46 48 49 26 13 24
  - 21 22 25 33  - 32 54 37  -  - 24 43 15 44  -  -  7 51 36 50 10 59 48 27  - 56 45 39 38 14  3 52  5  9  -  -  2 57 29  - 42 13 12  - 34  1 11 26  -  8  -  -  4 55 16 20 46  - 19
 39 16  - 20  3 12  6 29 22  - 53  -  8 49 19 10 30 17 36 41 40 23 52 46 24 57 45 18 34  - 28 25  2 27 38 21 47  -  - 51 26 33 60 48 50 59 35  - 14  4  7 15 37  - 44  -  1 43 56 58
  4 47 11 58 36 42 20  - 28 33 45 57  - 25 34 31  -  - 54  5  7 39 50  -  9 46 27 26  -  -  -  - 44 21 55  -  - 14  3 48 19 12 17 37 38 41 15 35  -  6 29 16  1 43 51 40  - 53  - 18
 35 42  - 11  7 13  8 38  5  - 60 40  -  -  - 34 31 39  4 55 21 52  - 45 32  - 48 27 36 22 58 41 50  9 25 44  - 19  - 20 18 49 10  -  3 51 29 17  - 46  6  2 33 26 43  - 53 37 59 54
 11 40 38  8  5 45 48  - 16 58  - 27  -  - 21  4 10  6  - 22 53 29 15 51 46 17 39 57 32 24  1 37 14 50 47 60  - 36  - 33  9  - 59  - 55 23  -  - 56  - 43 54 44 34 28 35 42 25 19  -
 56 58  5 47 11 52 28 12  - 20  6 38 44  - 13  - 25 57 50  4  - 45 37  - 59  -  - 49  - 19 55 53 43 51 42  1  -  8  - 41 34 60 32 22 39  7 14 29  2 48 17 40 16  -  9  -  - 36 15 23
 48 38  - 21 15  2 13 27  - 30 55 45  - 59 51  5  - 16 39 17 14  - 40  -  -  4 31  - 35 18 24 44 34 12 57 23 36 33 52 22  -  3  7 20  -  -  - 46  - 32 41  1 25 50 19  -  - 47 43 42
  5 30 17 12 46 55 51 15 33  1 41  -  - 24 47 21 26 52 14 59 39 19  7 25 37 28 11  9 58  - 50 48 60 32 13  - 35 43 27 16  -  - 54 18 20 36  8 44  3 22 57 29 42 31 40 34  4 45 53  -
 34 33 41  - 20 37  -  - 30 11 22 47  - 13  -  - 35 50  1 43  3  2 26  6 52 49  - 58 38  - 48 60 54  - 32 55 28  9 39 14 51 24  -  8  7 18 17 27 45  - 42  - 57 46 53 31  - 29 40 56
 19 27 12 45 43  1 33  - 15  -  - 37 22 40  3 42 41 29  -  - 47 20  -  - 50 35 18  - 11 34 30 32  - 36  - 46  6 28 13 56 24  -  - 10  -  2  - 38 31 55 48 44 23 51  - 52 57 59 14 49
 51 14  1 44 49  -  - 46 43 19 50  7 30  -  - 39  - 58 11  3 52 27  - 47  2 31 12 40 42 45  - 16 33  - 28 13  - 34 26 59 55 32  - 54  - 56  - 41 48  8  - 17  - 57 25  - 24 23  - 38
 29 54 14 56  4  5 12 34  - 26 58  -  - 39  9 44 22 45 41 32  -  - 17 37 20 42 60 15 18 33 47  2  -  8 52 57  7  - 23 28  - 51 24 38  -  - 59 31 53  - 27  - 50 49 35 11 55  6 21 25
 43  - 23  - 58 40 36  - 38  - 52 53  -  4 27 45 18  1 37 34 29 59 51 49 39 22 33 35 50 56 42  - 55  - 46  7 20 17  -  - 57 25 48 44  5 19 28  - 32  - 31 11 15 47  - 54  -  -  9  -
 54  5 37  2 47 25 58 33  -  3 44 41 50  6  - 18 57 15  7 56  - 34 19  - 35  9 28  -  - 42 38 49  -  -  - 16 39 46 10 53  - 48 40 14 32  1  - 36 43 52 60 26 31 13 27 12 11 17 22 45
  - 13 47 33  - 23 59 21 52 40 10  -  4 28 53 49  -  - 48 30 43 18  -  -  -  2 58  7 17 37 25 55 41 19  5 20 29 38 60  -  - 31  8  - 15  - 36  - 51 12 35 32 27  - 34  9 14  1 24  3
  2 50 25  - 26  -  - 13 11 46 37 54 29  - 56  9  - 33  - 23 17 49  8 21 28  - 57  - 53 10 45 42  - 18  - 36 51  - 59 31  - 35 30 55  4  - 47 19 27  - 12  6  - 60 15  -  -  7 39 16
 60 18 52 31 41 56 39 19  - 16 13 46  - 44  2 54 49 21 10  1 38  8  - 17 42  -  3  4 33 14 29  6  - 47  - 48  5  -  - 55 27  - 20 15 40 32 11 12 35 53 24 22 30 36 23 58 34 57 26 51
  -  -  - 16  -  -  - 53 10 41  -  6 56  - 26 13 44 27  - 57  -  9 23 34 60  - 17 37  2 20  -  5 29 11 48 14  4 49 18 32 46  1 47 25 30 22 31 52 12 21 15 45  - 28 33 24  8 55 42 50
  -  1 49 46 16 33 55 43 12  4  -  - 60 57 58  6 59 26 21 48 41 28  -  5 29 15  - 17  - 53  -  8 27 52 40 50 13 31 51 42 22 23 14 39  -  9 54 24 30 38 20  3 18 37  2 45 25  - 47  -
 21  3 46 26 31 36 23 41 54 24 15 20  -  - 55 16  6 22 47  - 25 60  2  - 40 43 38 48 28 51 10  9 17 59 12 35 11  - 44 30  - 27 34 45 42  -  - 58 13 39 32  8 49 19 56  - 37  - 50 52
 59 22 44 27  - 49  -  5 14 45  1 13  - 43 48  8  2 20 30 24 55 37  - 57 23 60  - 50 40 26  6 52 35 54  - 12  - 47 15  - 31 19 46 53 25 29 42  - 39  - 38 58 34 32 18  4  -  3  -  -
 22 55  8 38 45 27 30 49 25 51 42  - 39  - 11  - 24  - 26  - 48 13  3 31 53 47 20 16 14 17  2 28  - 34  - 32 57 60 37 15 58 40 56 46 52 35 33 50 36 44  - 21 29 54  6 43  5  4 12  -
  - 34  7  - 13  - 43 39 27 60  2 51 14 33  8  - 20 59 53 54 12 40 29  - 58 56  - 52  1  - 46  -  - 38 44  - 31 15 17  4 50  9  5 24 22 28 37 25  -  - 19 30  - 21 45  - 10 16 49  -
 36  - 33 18 57  9 31  3  -  - 24 35 55 17  -  1 11 28  -  7 30  4 49  - 51  -  - 32  -  - 43  -  6  - 56 15 50 21 12  8 14 22 39  - 29 46 13 34 59  -  2  - 38 20 37 47 19 48  -  5
 38 39 16 41 17 58  - 22  - 43 54 18 25 60 31 53  1  - 33  -  6  7  - 59 48 24 42 12  5 13  4 45  3 57  - 28 26 23 56 27 32 30  - 29 49  -  -  8 47 34 37  9  2 55 52  - 40 20 51  -
 13 10 51  -  -  6 53 32 36  2 14 60  1  -  - 30  - 34  5  - 18 42 58  - 19 26 54  - 49 44  -  - 12 17 23 29  3 11 47  - 59 37 41 33 45 48  4 22  - 24 16 52 46 56 20  - 43  9 55  -
 15  9 42  - 22 19 44 23 55 18 56  - 37 53  -  -  4 49  -  - 51  3 43 36 54  7  6 14  -  8 39 34 48  - 33  - 24 52  - 10 41 20 21 47 16 12 57 26 40  2  -  5 58 17 31  - 32  -  - 59
 14 23 60 39 24 20  -  - 53  - 27 43 52  9  - 29  - 46 40 35 44 11  - 13 22 18 55 54 12  4  - 17  8  -  - 56 38  - 41  6  3 21  - 58 51 49 30 37 16 31 47 48 19  1 59 15 26 10 32  2
 25  - 20 14 44 32  - 30 13 39 33 28 36  -  -  -  - 40 24  - 23  -  - 10 12  - 52 53  8 15  - 46 51 43  4 26  1  -  - 57 47 34 37  9  6  -  2 60 41  7 54 59 45 16 50 18  3  - 27 17
 30 24 13 48 10 26 49 55 60 50 18 15 31 22 52 40  - 32 19 44 54 53  5 27  7  8 21  6 29  -  -  - 16  - 58  9  2 39 25 46 45 11  1  3 23  - 41 47 20 28 14 33  - 38 36  -  - 56 57 34
 26 57 10 29 23  4 27  - 18 59 16 48 33 50 35 41 15  2 12  8 56 55 60  1 43 11 34 13 37 30 52 36 32 46  - 58  9  - 21 44  - 54 22 42  - 31  -  6  7 49  - 53  - 25 24 19 47 38  3  -
 12  - 55  - 48 11  -  -  - 25 59 10 35 58 28 32  - 24 22  -  - 15 47 19 57  6  - 20 43 46 13 31 49 16  2  3  8 37 42 52 53 29 18 51 14 45 40  - 44 36  5 39 21 30  4  7  -  - 38 33
 24 11 29  1 27  8  2  -  - 17 25 26  - 23 38 51  - 48  -  -  4 57 32 54 36 10  - 41 46 39 34 35 42 28 19 52 45 18 14 37 12 55 53 40 21 50 22 43  -  - 59  - 13  - 49 56 30 33  -  9
 40 37  -  - 19  - 38 24 56  7 12  -  - 31 36  - 54 25  -  6 60  5 48 43 10  -  - 29  3 50 59 27 15 23 35  2 55 57 53 26 42  -  -  1 33 14 45 39 28 20 49 47  - 18 41  - 58 13 30  -
 33  - 57 28 60  -  7 44 34 37  -  9  6  - 14 43 13  - 20 53  - 30 45  8 55  - 49 46 22 54 27  - 21 56  -  4 42 12  - 38  - 50 26 17  1 39 23  5 24 16 52 25 11  - 58  -  - 15  - 29
