2880
 39 27 43  - 58 51 47 59 32 42 56 60 55  7 24 28 30  -  - 38 26 29  -  5 19 18 12 22 10 20 13 57 31  6  9 34  - 16 25  - 50 41 37 49 48  4 14  1  2 46 54 17 52  3 36 44 40 45  - 33
 11 17  7  -  3 30 43 34 29  - 52  1  6 23  - 12 59 42 55 57 38  4 32 49 47 53  8 60 19 22 44 58  - 56 35  -  -  2  - 46 33 48 21  5  - 25 13 28 45 16 27  - 14 41 39 36 10 51 26 18
 28  4 15 48  - 54 40 25  - 30 41 23 24 35 46  -  -  5  - 31 47 57 13  2 18  - 53  7 36 45  - 37 34 58 10 21 59 17  - 22 39 33 27 26  8  -  - 20 55  - 16 38 29 50  6 51 49  - 12  3
 40 60  8 46 37 15 18  1 44 38 55  -  9 54 39 21 17 59 51  - 30  - 49  -  7  - 41 13  - 31  -  -  5  -  - 35 58 12 52 26  - 45 20  -  4  2  - 47 32 29 42  -  - 56  -  - 57 36 33 11
 56 41 11  9  - 60 38  8  6 21 40 47 52 43 59 26  5  - 14  - 53  -  - 13  -  - 35 45  - 51 24  1  3 36 15 17 20 57 22 48 18 39  - 46 31 49  -  - 27  2 34 58  - 29 12  - 25 50 16 19
 37 57 21  - 16  - 20  - 15 48  - 17  -  2 26 11 38  8  6 43 24 41 33 42  - 59 13  - 50  4 47  - 10  - 12 22  3  -  9  - 55  - 36 39 60 35 31 27 53 58  - 45  5  - 44 14 32  - 19  1
 45 35  - 47 15 40 42 39 28 34 51 56  - 22 29 58 33 19  - 21 25 30 26 10 41 44 38 54  - 36  4 43  -  - 31  - 27 37 60 20 53  7  9  8 46 12 11 32  6 13 52 16 59 48  5 50 14  2 17 23
 34 55  - 54  9  - 10 57 14  6 43 15 53  -  3 38  1  2 47  -  - 58 45  7 48 50  - 28  -  -  - 19 30  - 26 33  4 49  8 16 41 29 59 12 13 51 24 22  -  - 40  - 35  - 37 17 44 52 23 60
 47 49 29  - 41  6  8 45 42 33  -  - 23  - 44 59  9 43 24  7  2  - 54 32 16 58 39  3 46 13 40 18 57  -  - 14 50  -  4 52 35 15 22  1 37 55 17 36  5  - 11  - 28 60  - 27 20 25 10 12
  4 24 52 34  1 55 31 17  9 59  - 18 25 11 47  8 36 58 22  -  -  - 27 38  - 12 44 41  - 21 16  6 29 60 33 26 35 45  - 15 46  3 23 54 57 42 53 48 49 40  2  7 39  5 30 32 28 19 50 20
 27  9 10 15 31 48  - 29 57  -  8  - 54 42 21 25  - 22 38  - 45 36 60 50 17 30  - 56  - 18 34 52 11 20  - 12  - 53 16  7 28 26 58 24  - 19  2 14 59 49 39  1 40 44  - 41 37 47  5 35
 48  - 35  2  -  - 32 52 49 25 39  - 15 50 11 14 27  -  4 58 59 43  8 21 23 40 46  -  -  - 28 10  - 26 37  - 16  9  - 55  - 13 57 17 44  6 30 33 29 60 31  - 18 12  - 54  - 56  7 42
 44  5 26  - 54  - 30 24 33  9 60  - 22 14  2 48  8 34 20 17  4  -  - 52  - 29 59 46 37 15 11 51 36 19 50 25 53  7 27  - 40  6 13 56  - 18 23 16 47 21  1  -  - 28  - 31 45 42 58 49
 50 16 57  -  2 39  - 12 30 28  -  - 19 27  7 56 34 51 46 59 37 35  6 25 45 33 58 32 14  - 53 55  4 21 24  - 18 38 44  3  1  -  - 22 23  - 60 40 26 52 20 11 15 49 41 42 47  5 13 29
 33 52 50 56 43  1  - 31 26  3 34 25 51  -  -  5 58 39 54 15  - 16 57 37 20 55 22 19  9 38  8 30  2 42  -  4 14  6 40 47 44  - 18 45 12  - 36  7 35 28 53 49 46 11 13 48 29 27 41 24
 38 58 19 27 17  -  - 26  - 53 15 37  - 41 33  7 18 31  - 49 55  - 44 14  9 34 21  - 35 25 50  - 52  - 39  6 43 46 11 32 12  - 40 28 47  -  5 29 48 57  -  -  - 20 56 45  2 13  8 30
 31 11 46 24 10 52 60 42 45 19 44  - 13 55  - 47 48 53  -  -  3 20 35 18  - 49  1  2  - 30 51 29  -  - 28 15 40  - 50 25  7 27  -  - 59  5 22 57 37 17 38  -  9 26 43  - 21 32 54  -
  - 10  - 33 47 17 39 51 60 55 30 42 56  - 49 50  -  4 37 41 35 27 24 57 21  - 54  - 13  9 46 40 23 15  5  - 34 59  1 36  -  - 31 48  - 44  7 58 52 53  - 32 16  8 29 25  3  - 43  -
 32 34 38  5 21 53 11 46 39 54 23 55 18 31 30 35 24  1  - 51  - 28 14 27 29  - 43  -  8 52 10  -  -  2  - 37 25 36 17 12  3 49  - 20  - 56  - 19  - 50 45 22  4  6 47 58 13 16 40 26
 16  - 54 32 36  - 55 35 24 11 50 38 26  5 60 31 39  - 25 28  - 13 53 34  8 37  -  -  4  7 15 22 12  - 18 52  - 10 47 51 30 43  6 44 29  3 58 49 23  - 21 20 17 33  2 56 59 57 45 48
 12 26  9 17 35 32 44 27 18 22  3  8  - 15 16 20  -  7 41 46  - 38 29 19 39  4 37 24 49 50  1  2 56  - 40  - 21 60 57 54 10 42 33 36  6 45 28 59 30  -  - 14 34 43  - 47  - 11 25 51
 18  - 56 41 45 12  6 48 37  -  9 16 59 52 57 54  - 36 34 29 14  -  2  3 40  8 55  -  5 58 23  - 42 24  4  - 51 50 49 19 15 21  7 38 27 26 20 35  - 31  - 33 53 46  1 28  - 17  - 25
 23 14 53  6 28 35 54 50 51 12  - 36  8 40 17 46 55 13 10 19  - 52 30 11 59 32  - 18 47  - 43  5 16 39 57  2 42  4 21  - 56 37 15  3 24 34 25 38 31 26  7 44 27  9 45  1  - 20 22 58
  -  - 55  - 22 20  2 44 23 32  - 39  -  6 48 24 11 56 30 13 36 17 47 35 49  -  - 58  -  - 54 59 51 10 46 42 41  1 28 31 29 50  5 53 26 52 40 34 12  - 18 19 38 16 60 15  8  -  -  -
  3  - 40 13 26  - 12 58 50 10 36 28 33 30  - 57 42  - 16  6 44 23  -  - 11  - 18  5  - 35  - 20  - 32 45 38 19  - 29 49  4 22  - 41 25 21 27 37 51  -  -  2  1  7 14 24  - 60  - 47
 29 38 48 59 50 13 53  9  - 46 14  -  - 32 42  -  7 33 44 18 17 12 16 56  -  3  - 31  1 19  2 45 26 54 52 58 57 28 20 21 43 30  4 25 39 27 55 51 34  -  - 10 47 40 49  8  5 23 11  -
  -  2 30  - 55  3 45  -  - 14 53  5 36 56  -  - 12  6 50 52  - 39  - 29 27 15 26  4 58 57 32 49  - 59 54 43 13 25 48 11 21  - 24 40 35 38  -  - 18 22  - 34  7 10  9 60 16 44 42  -
  -  -  - 50 11 33  -  2 27 23 49 53 60 58 34  6  3 14 57 20 16 47 19 54 55 31  9 26 51  8  5 41  7 52 29 32 12 42 38 17 22 10 43 37 56 40 15 44 21  -  4 30 45  - 24 46 48 28  - 39
  5 46 16 45  -  - 13  3  -  1  - 32 50 24 54  4 14  - 35  8 23 15 40 28 26 42 27 34 30  - 25 44 20 38 51 18 29 39  7  - 36 58 10 11 43 31  6 60 57 55 22 52 49 47 48 21 19  - 56 59
 25 20  - 57 49 56 15 10 58 37  - 21 27 13  - 40 46 55 11 24  -  - 48  1 12 22 50  - 45 17 19  - 53 41 23  3 32 30 14 59  - 31  2 29 52  -  8  9 36 42  5  -  -  4 38 16 43  - 47 34
  - 33  6 51 39 25 16 13 34  - 37 14  - 38 10 42 26 29 17  - 48  2  1  - 15 28  3 36 44 12 56  - 21 57 43 59 60 19 46  -  5 52 49 55 11 54 45 23 50  8  9  - 20 31 22 53 35  4 32 27
 30 12 51 42 57 58 48  - 56 36 35 19  - 37 45 41 47 18 53 34 33  9 50 16  - 11 17 49  2 29 60  - 32  8 27  7  5 44  - 39  - 25  - 52 14  1  - 13 24 20  6 55 22  - 40 26  4 43  - 10
 60  1 13  -  8 44 19 23 41  - 24 45 43 16  5 33 37 47  9  - 40 48 18  - 32 17 30 59  - 53  - 36  - 29 14 55 22 20  - 34  2 38 39  - 10 15 42 50 11 12 25  4  - 51  7 52 56  - 21 28
 24  - 45  -  - 36 17 22  -  7 48 58 11  - 51 13 25  - 18 56 34 10  3 55  -  - 33 57 15 59  -  4  - 12  1 20 30 32 37 44 54  9  - 14 19 47 38  - 16 43 35  -  - 21 42  2 52  - 29  -
 21 47  - 26 19  2 57  7 38 40  - 49  -  -  - 53  - 60 32 39 18 25 11  - 22 10 29 52 54  1  -  3 14 43 41  -  -  - 45  - 24 59 46  -  - 16 37 56 15 35  -  5 55  - 50 30 12  6 51 17
  -  - 20 60  -  -  4 56  2 31 11  - 40 51  - 49 21 48 58 22 29 26 38  6 44  5 45  -  - 28 30 15  - 47 55 27  - 54 35 57 32 19  - 43 16  -  3  - 13 37 12 39 33 34 23 59 17 41 18  8
 26 54 36 16 13 14 49  6 12  -  - 33  4 28 43 45 23 52 19 50  - 40 17 41  - 21 20 11  - 55  -  - 35 30 22 46  8  3  2 38 31 56  - 58  7 29 57 24 25 47  -  9 44  - 59 34 51 15  - 32
 42 25 31 30 48 47 37  - 36 44 19 51  1 53  - 29  -  3 15  - 46 22 10 26  4 13 34 20 60 27 49 21 55  5  7 40 17  - 56  - 58 12 52 16  - 32 39  -  9  - 43  -  6 24 18 23  - 59  -  -
  2 56 60 21  - 16 26 41  - 43  5 12  3 29 55 39 54 24  - 42  - 44 51 30  - 23  4 38 20 49 45 28 15 31 48  - 11 47 59  1 17  - 34 50 40 53 32  8  7  -  - 36 58 57 19 13  - 33 46 14
 20 53 27 49  4  -  1 28  3 41 18 13 12 44 31 52 16 26  2 47  7  8 36 46 54 60 24 15 29 32 59 17 50 33  - 19 38 14  - 56 25 34 51  - 42  -  -  5  - 10 57 43  - 23 58  -  6  - 35 45
 10 30 14  -  -  - 28  - 21 57 47  9 35  4  8 44  6  - 60  2 42  7 59 40 58  - 52 39  - 56 20 31 49 37 13 54 48  5 34 41  - 24  1 15 18 17 50  - 19 11  3 23 26 22 25 33 27 53 36 16
 49  3 22 44 53  -  -  5 52 17  -  - 14 12  -  2 19  - 33 32 11 60 42  -  -  - 57  - 23 48 36 46  - 40 38 56  - 21  -  8 51 47 50  - 45 28 10 54  - 24  - 37 30  -  - 29 39 58  -  -
 13  - 33  1 30 45 22 43 47  4 17 46 39 57 36 27 29 28  5 11 50 19  7  8 42 38 25 21  6  - 58 16  - 53 56 51  - 52  - 24  - 40 41 10 54  - 12  3  -  -  - 35  - 59 31 20 60 55 34 15
  - 29  5  - 52  4 23  - 20 45 12 26 31 18  - 43  -  - 27  - 51  1  - 47 50  - 42 17 34 46 48 32 59 35  - 28 39  - 10 30 14  - 11 21 41 33 56  -  3 54 19 57 25 38 53  -  -  8 24 13
 17 45 12 37 14  - 52 11 22 15 54 48 38 59 25  - 13 27 29 53 20 32 58 33  1  7 51  - 42 10  3  - 39 16 60 31 49 43  - 40 47 44 19 57  2  8 26  - 28  5 36 24 56  - 34  - 23 18  - 46
 41 37  - 58 29  -  5  - 46 35 45  4  7 47 56 22 50 21 12 40 57 18 31 60 34  -  6  - 59  2 55 11 48  - 44  - 36 15 32 28  9  -  - 19  -  -  - 52 39 25  - 26 10 17 16  - 33 38  -  -
 15  - 28 18  - 23 25 55 43  2 27 44  -  3 50 37 35 16  - 33  -  - 34 20 24 41 36 48 11 42 29 38 60 22  -  - 54  - 51  4  - 57 30  -  5  7 47  6  - 32 14 12  8  1 17  - 53  - 31 52
 19 36  -  - 20  - 35 21 53 39 32  -  - 45 15  1 60 30 13 44 28 54  - 12 33  9 16 14  - 23 17  8 22  7  -  - 10 24 58  - 52 55  - 27  - 37 34 18 41 38  - 51 48  2 46  4 50 31  6 56
 59 13  - 14  7  - 29  - 16  -  -  - 32 17 19 34 10 23 26 45  6 31 52 48 43 35 56 25  -  -  - 12 38  1 53  5 47  - 24 60 11  4  8 30 58 50  -  2 46 27  - 18 36 55  - 49 42  - 28  9
 53  7  3 10 25 27 58 30  - 20  - 57 28 39 23 18  - 41  8  - 31  - 37  - 60 52  5 29 16  - 21 33 40 48 36 47 26 35 13 14 34 32  - 42 38  - 51  - 17 59 55 46 50 19 15 22 24  9  - 54
 55 59 17 40  - 21 34  - 13 27 28  - 30  1  - 15 41  - 36 26 52 24 56  -  5 19 10  9 18 16 57 25 58 44 49 23  7 48 12 50  6  8 32 51 33 20  - 42  4 45 29 53 43  - 54 38 11 46  -  2
 43 28 39 38  5 29  - 60  -  8 16 22  - 26  -  - 20  - 48  -  - 34 41  -  - 46  - 37  7 11 33 50 13 45  -  -  - 18 53  6  - 36  - 59 17 23  - 31 10  3 30 27 32 25 21 35  9 12 15 44
 52 22 34 36 32 37 14 16  7  - 46 59  2 25 53  3  - 54 56 23 15 42  5  -  -  - 49 35 48 40 38 27 41 55  8 44 45 11  -  9 13  - 17 47 21 43 29 12 33 19 50 60 24  -  - 18  1 10  -  4
 51  - 41 55 56 31 27  - 19 58 59 29  - 36 38 16 57  - 28 14  -  5 25 17  -  1  2 50 32 47 26 13  - 49 30  - 33 22 54 43  - 11 12  -  - 46  -  4  8 48 24  6 42 39  -  9  7 34 52 40
 46 40  1 22 23 38  - 36  8  - 20 54 34 48 13  - 44 17 45  -  - 14  - 43  -  2 11  6 31 41 35 26 33 50  - 30  9 29 15  - 37  -  3  4 28 58 18 39  - 51 49 47 19 32  - 57 55  -  -  -
 58  -  -  3 34  5 33 38 59  - 42  2  - 10  - 17 40 35 43  9 12  -  - 45 36  -  - 51 25 24  7 53  - 11  6 39  - 27 55 18 60 14  - 31 49 57 48 30  - 44  -  - 41 37  -  - 15 29 20 50
 54 44  - 53  6  7 51 15  - 29 58  - 49  -  - 32 22 46  - 36 19 55 39  - 35 47 28 23 57  3 12 56  -  9 20 41  2 13 42  - 48 16 25 60 30 24 59  - 43  - 33 21 11 45 52  5 34  - 27 38
  -  6 59  4 18  -  - 19  - 56  - 20 29 34 37  - 15 25  - 10 43 49 21 23 46 45 14  - 12 44 41 35 24 17 47 36 52 40 33  - 57  5 38  2 51 13  1 53 58  7 48 50 31  -  - 11  - 30  - 55
 57 51 37 35  - 19  7 18 48 50 26 11 42 33  - 23  - 49 59  5  -  - 20  -  2 25 47  - 17 14  - 60 43  -  -  - 55 34  - 13  8 54 45 32  -  -  4 41 38 39  - 29 21 52 28 12  - 40  - 53
  - 48 32 12  - 26 50  - 40  - 57 52 17  9 58  - 53 38  -  3 56  - 28  - 25 39 15  8 24 43  - 14 27 18 42 29  1 51 23  - 16  - 35  7  -  - 19 45 44  - 60  - 13 54  - 10 46 49 37  5
