2880
 32  - 33 59 34  - 45 11 27 28 29 50 57 36  -  - 14  5  3 48 15 46 37 58 42 54 43 16  - 17  9  8  - 39 52 10 41 18  - 23 24 40  - 31  1 35 51 22  6 26 53 49 30 25  2  7  4 12 38 47
 10 19 31  - 44 32 50 59 53 20  - 52 25 33  9 55  3 11  - 43 26  6 54 12  - 23 29  -  -  7  -  -  -  1 60  5  - 17 30 40 47  -  -  4  - 24 45 36  8 14 22 48 42 18 35 16 49  - 21 58
  1  3 15 17 55 38 37 53 31 19  - 32 46 26 34 35  7 43  -  - 57 41 16 14  6  -  - 22  -  9 33 39 24 23 51  -  -  - 29 44 20 10  8 18 36  -  - 59 50 12 25 40  - 47 45  - 56  4 30 42
 33  8 10  - 46 36  -  - 43 25  - 18 13 32  -  - 53  9 59 12 41 30 56  - 51 26  -  - 22  4  - 23  1 50 40 37 29  6 47 17 38 34 57 48 39 27 19 16 28 49  - 54 24 15 14 60 35  7  2 44
  - 40  - 35  - 51  - 44 23  - 57  -  - 29  - 13 52 33 54 26  - 25 50 37 53 45 11 41  -  -  - 36  8 31  - 30  3 28  7  - 43 42  - 19 22  4 48 46 56  -  9 39  -  6 49 58  - 47 18  -
  - 53  - 29 48 54 44  - 26 10  - 38  - 39 60 33  -  7 18 28 13 59  - 57 19  - 55 15 43  -  3 52 46 40  1  - 27 41 16 49 12  - 17  6 32 30  5 25 36 45 20 35 31  - 24 42  -  - 34  2
 24  - 17 25  1  4 43 48 32  5 54 57  - 53 37 26 18 31  - 41 12 33  8  - 22 10 42 38 56 39  7  -  - 19 23 15  -  9 45 11 60  - 35 27 51 59  - 30  -  - 44  -  6 34 58 36  3 40 49  -
 51  2 32  -  5 40 19 54 25  4 11 55 22 46 26 57  - 35 47  - 33 24 14  9 15 28 12  7 17  - 16 20 56 41  - 53 38 48 59 18  - 52 43  -  - 39 30 60 31 37 49  6  - 58 44 23 10 45  - 34
 46 48  1 30  7  3  - 32 16 37 55 14  - 18  6 23 56 12  - 25 39 51 59  - 40 21 52 31 26 36  8  - 34  -  4 58  - 35  -  - 41  - 28 29  - 17  2  - 15 10 43  -  - 27 54  - 60 33 42 22
 52 24 54  5 19  - 25 49 58 38 12  4 27  6 14  - 33  1  - 30 56 53 60 18 29  -  - 55 59 13 48 21 47 26 45  2  -  - 34  7 22 37  -  - 23 40 16 15  9  - 46 36 35 17 28 50  -  3 32  -
 22 42 35 55 11  8 46  2  - 49  -  - 33 54  - 34 43  - 17 31 29 58 27 15 32 57 16 30 19 38  -  6 12  -  - 36 21 40  4  - 44 39 14  -  9  7 37 52 13 59 23  5 18  - 51  - 20 24 45 41
  - 13 18 57 53 17 40  5  8 33 22 27 29 31 38  -  - 21 26 36 59  9 44 19  - 46  4 11  - 58  -  3  - 35 49  7  -  -  2 56  6  - 45 37 42 48 23 41 20 55 52  - 25 24  -  - 34 28 47 39
 11  - 36 51  6 44 31 26 13 29 23 54 12 57 15 25 55 10  - 33 22 14 34 24 38  9 50 27 47 40 58  1 28 42  5  4 35 19 20 46  2 18 53 39 48 45 49 56  3 21 59  8  7 41 30  -  - 60 16  -
  9  - 55  - 47 25 27 12  5 36 38  -  - 43 21 30 59 34  -  2 45 17 42 40  - 29  1 52 58  - 39  -  - 53 54 44 51  7  - 32 13  - 26 20 33  -  -  - 60 22  - 46 41 35 31 18 15  6 11  -
 20 12  -  - 35 57 15  -  - 59 33 31 42  -  - 41  - 26 39 37 32 13 28 55 60  - 53 34  - 45  -  - 44 16 46 17  4  1  9  - 14 54 29  - 27  - 10 24 52 47  -  - 40  - 19  3 43 58  8  6
  4 55  5  - 23 26  2 40  - 42 13  -  - 11  - 16  9 59 50  8 36  -  - 53  - 47 41 44 60 15 34 32  - 25  7  - 12 27 49 28  - 43 46 38  - 29 18  - 24 54  - 37 39 52  - 31  - 21 20  -
 19 60 44  6  -  5 34  - 41 51 43 10 50 24 13 40 58 27 11  - 16 26  9 49 36 39  2  - 46  - 59 45 18 17 28  - 52 15 32 14 55 48 22  - 29 21  8 20 12  3 30 42 33 56 57  - 54 25 31  4
  - 51  3  7 40 27 10 57  4  6  -  2 56  9  - 44 19 46 25 49 55 21 22 29 34 17 47 24  - 32 41 50  5 58 35 18  - 43 15 48 52 26 36 12 31 28  -  -  - 30  8  - 59 42 33 38 37  - 13  1
  -  7 41 49 33 22 42 38 28 13  -  8 59 21  4 46 35 57 45  -  9 11 48 36 54 24 27 60 32  1 47  - 19 56 10  -  5 52 50 12 37 53 23 16 26 18 34  6 29 40 17 20  3 30  - 15  2 44  - 51
  - 54 42  - 59 33 13 19  - 30 48  - 20  - 45 49 39 36 37 35  1  - 38  - 58 51 44 14 11 24 23  7 50 22  - 55  6  3 43  -  -  -  2 17 40 60 29 27 46 18 15 28 21  -  - 34 32 52 10 53
 40 10 30 27 57  9  - 29 47  3  8  - 31  5 43 17 34 39  -  - 24  - 58 32  - 12 56 18 55 42 53 35 21  -  6  - 23 25 36 52  4 14  - 50 45 41  - 37  1  2  -  - 28 22 13 49 38 59  - 60
 58  -  -  - 45 42 24  7 39 48  -  - 37 50 54 28 25 52  2  5  8 16 43  - 33  3  - 53  - 12 26  - 49 59 15  -  - 30 60 10 17 56 40  -  -  - 27 31  -  - 34  - 20 51 11 55 29 35 23 18
 30  - 49  - 41 58  6 56  9  -  -  3 15 14 57 53 37 25  7 42 27 18 35 60  - 33 40  1 29 47 28 48 36 12 31 50 26 55 44 22  - 24 10 34  2 11 17 23  -  -  5 51  4 59  - 46 45 20  - 54
  - 59 29 28 15 18 20  -  -  - 34 43 40  -  - 22 45 30 56 24 37  - 46 33 31 41 51  -  6  - 10 49  4 48  - 57 25  - 39 55 50 21 19 14 44  3 47  - 26  8 38  - 52 13 23 12  - 42 17 11
 18 52  - 19 56 14  8  6  - 43  9 16 35 58  -  - 13 23 27 32 31  - 49 46 47 20 38 39 57 10 29  -  - 60 17 59 22 45 53  -  -  4 30  - 15 36 41  -  -  5 40  3 51 21 42 33 28  -  -  -
 29 58 23 42  - 24 57  - 50  - 18 34 16 55 12 54  - 13 38 52  - 37  1  - 17 49  - 56 15  2 11 41 22  - 14 32 33 46  6  - 19 59 27 45  - 20 43  -  - 60  - 44 48 53  4  -  - 31  3 21
 14  -  4 37 16 52 55 41  2 23  - 21 60 45 33 39 10  3 44 40 11 20 29 43  -  - 15 28 18  - 49 17 25 34 38  -  7 26  - 50 51 47  1 56 46  -  9  8 27 13 32 58  - 12 48 30 59 19 22 24
 15 41 47 13 60  - 32 39  - 21 27 30 51  4  - 43 20 45  -  - 19  3  - 35 24 44  -  - 42 14 52  2 57 54  -  -  1 53 38  8 46 33 56 28  6 25 40 58  -  - 29 22  5 26 55 11 18 16  -  9
 53 57 52 50  - 12 33  1 11  - 16 22  8 30  - 15  2  - 51  - 44  - 36  - 46 48 32  - 25  6 38 60 42 14 27  - 45  - 40  9 59 35  4 58 34 10 55 26 21 31 41 17 37 54  7 47 24 13  - 29
 42 33  -  - 58 13 35 18  -  - 32 46 28 10 29 56 44 14  -  - 49 60 47 17  -  - 48 26 36 27 43  - 31  3 21 40 24 16 41 38 23  - 52 57  5  -  7  1 19  4  2 59  -  - 39  - 53  - 54 20
 31 35 60 39  - 53 47 50 57  7 30 48 18  - 36 37 12 19 41  4 38  8 26  3 28 34 17 20 40 23  - 13  - 21 43 25  2 42 52 27 58  1  -  - 10  -  - 45 44 29  - 11 16 46 59  -  -  9 51 15
 36  - 57  - 25 41  4 58 45 34  -  -  - 15  5  - 24 37  6  - 40 38  2  - 26 22 60  - 27 19 44 31 10  - 55 28 42 11 48 43 49 46 33  1 56 50 53  3 47 35 39 30  - 14 17  - 51 29 12  -
  8  5 56 34 54 23 53  - 22 55 45 29 32  - 46  -  - 40 21 14 52  - 39 20  - 59  3  6  9 18  1 11 26  4 33 41 28 31 27 58 16 17 60 30  - 43 35 19 57 48 37 24 13 36 12  2  7 50 44 10
  - 14 21  -  -  - 28 10 52 31 19 13 43 42 50  1 47 18  8  - 58  -  - 22 41 35 33 48  - 20  - 44  -  7 11  - 60 12  5 51  - 27  -  2 55  - 25 29 39 56  6 34 49 38 32 24  - 36  -  -
 37  - 53 18 49  6 12 55 15 58 24 23 34 60 42  4 46 48 30 54 47 19  5 56 52  -  - 21  7 26 14 27  -  - 29  -  - 44 22 13  3  - 11  -  -  - 38 10  - 28  - 41 43  2  -  -  -  - 40 35
 13 18 39 46 22  7 52 34 56 53 44 40 24  - 25 14 41  -  5 10  - 27 19 48  9 15  - 45  3  - 60 42 51 49 47 23 17 20 12  - 35 58 38 43 57 37 33  4 16 11 26  -  2 31 36  6 55 32 50  -
 16 11 25 43 21  - 51 30 19 47 31 36  3 22  - 52  4 29 40 27 10  2 24 44  -  6 23 57  1  - 37 12 53  9 18 20 56 32  - 39 28  5 50 13 60 42 15 38 33 34 58 26 55 45 46 59  8 14  - 17
 28  4 37 41 10 43  3 33  -  - 26  - 54 47 24  - 29 53  1  - 30 31  -  - 59 18  9 51 13  - 27 19  - 15 12 16 55  8 46 57 45 36  - 21  -  - 39 17 35 42 56 38  -  - 40 32 22  5 52 48
 25  - 58  - 42 50 16  4 35 12 14 51  5 48 39  -  - 24  - 38 17 22 23  2  -  7 34 29 45  - 40 33 55  6  8  - 15 54 11 59 18 49 37 10 19  9 52  - 30 36 13 60 47 20 53  - 46  1  - 26
  - 56 45 23 30 37  -  - 18 60  - 11  - 12 22 10 54  2 32  - 20  - 51 47 21  5 24 59 34 28 42 57 35  - 53 38  9 50 17  - 40  8 48  - 43 58  3 33 41 19  7 25 14  4  1 44  -  - 55 13
 23  9 43 58 32 34  7 17 38 39 40 33 21  3  - 11 30 50 42 16 60  5  -  - 37  - 49  2  8  - 36  -  - 28  -  - 57  - 31 45 53 20  -  - 52 22 46  -  - 44 35 15 29 19 56 41 14 48  1  -
 57 34 40 10 13 19 17 28 36 22  - 35  - 20 47 29  - 55 31 50 48 12 52 23  4 56 46 43 49  -  2 24 41 37 59 54 30 60 33 42 11 32 25  3  8 14  6 18 53 58 16  - 15  7  5 26 44  -  9  -
 27 22 28 54 37  - 58 31 30 16 56 26 53 35 44 51 57 41 29  1 21 10 45 52  - 36  6  - 12 60  4 25 15  -  9 19 40 38  3 24  -  2 55 42  - 32 13 39 34 23 11  - 46 43 50  - 48 17  7  -
 49 38  9 47  -  1 29 21  - 41 17 39  6  - 59 27 16 54 22 11 50  -  - 25 45 37 58  - 30 44 31 26 32  5 20 13 36  -  -  -  8 15  - 60 12 53 57  -  - 46 48 52  - 33 10 35 40 55  4 14
  - 39 46 33 12 15 48 14 55 40  -  1 38 59 17  - 50  - 19 60 18 23 41 42 16 13  -  -  -  3 24 53 30 52 25 43 34 56 58  - 26  6 51 54 11 47 28 49  - 57 45 31 32  -  - 27 36  - 29  7
 43 46 59  2  -  - 30 25 17 24  6 19 45 27 49  5 28 44  4 47  - 40 11  7 23  1 13 12  -  - 21  9 16 38 42 14 18 58 10 31  - 41  - 52 35 26 22 48 32 33  - 56 53 57 34 29 50 54  - 36
 60  -  7  -  4  - 18 27 29 54 46 42 41  -  - 50  - 58 16 19  6 47 20 21 12 40 45  5 23 11 51 28 59 24 36  - 13 34  - 30 56 38 15 35 37 44 32  2 10 53 14  -  8  3 26  - 57 22 33 52
  - 37 27 56 52 35 49  - 14 50 53 12  1 34 31 45 22 32 58 20  7 44 30 38  5  - 39 13 10 46 17 40 29 55 48 60 54 33 42 41  9 28  - 11  3  6  - 21  - 25 51  - 57 23 43  4 26 15 59 16
  -  1 26 60 28  -  - 23  - 15  3 17 49  - 35 58 48  6 36 59  4  7 40 54 57 43  - 33 16 31  - 51 38  2 56 45 37 10  -  - 34 12  -  5 47 52  -  - 55  - 27 18 22 39 29 19 11  - 46  -
 44 23 19 40  2 28  - 35 10 45  4 20  9  8 30 60 31 47 48  - 43 49  - 27  - 14 21  -  - 29  6 15 58 33 16 11  - 37 25 26  7 51  - 22 24  1 36 42 17 38 12 50 34 55 52 57 13 18 39  -
 59 21 48 45  -  2 23 52 33  - 50  6  4 40  - 42 49 15  -  7 34 57 53  8 10 60  - 37 51 25  5  -  3 46 41 12 19 14 28 54 36 55 39 32 20 38  1 13  -  -  -  9 44 16 18 43 47 26  - 30
 47 16 20 12  -  - 22 24  6  - 35 60 23 52  1 32  -  4 46 34  -  - 55 59  - 19  - 40 28 43 15 38 11 30 44  -  -  2  - 33 57 45 42  - 58  - 31 51 48 39 18  7  9 49 21 17 27 10 41  -
  - 30 24  8 31 39  - 43 40 57 42 28 47  - 18  -  1 16 60 45  3 15  6 26 14  - 37  4 33 48 19 55  - 20 58 35 32  - 21 34 27 23  5  - 53 49 59 11 51 41 50 13 12 10 22 54 17 56 25 46
 48 27  - 26 17 29 56  -  3 32 28 41 30 25  8  9  -  - 55 44 53  -  7  - 39  2  - 36 35 49 22 14 40 13  - 21 47  5  - 20  -  - 58 15  4  - 12 54 23  - 24  - 38  - 37 52 19 46 57 31
 12  - 50 36 18 60 39 13 24 35 49 45 48  1  - 47 32 38 28  -  - 34 57 31  8 25  -  9  2  - 46 59 20 43 30 22  -  4 51 15  - 44  7 33  -  - 11 40  5 27  3 55  - 29 41  -  6 23  - 56
 34 43 16 21  - 45  - 20 44 46  2 15 11 37 19  - 36  -  - 29 25 55 17  6 18 38  7 35  -  - 13  - 54 57 39  - 48 22  -  4 31  3  - 40 41  - 14  9 42 24 28 10 60 50 47  - 12  8  - 27
 50  -  2 48 20 46  -  - 21 56 59  9 36 38 16  - 40 42 52 22 35 54 13  - 55  -  - 25  - 33 12  - 39  8  - 51 14 49 37  - 32  - 41 23 17 34 44 53 11  - 10  4 26 28 27 45 30 43  - 57
  3 50 34 24  9 10 36 16 42 26  7 44  2 19 40 48 51 28 15 53 46 32  - 39  1 55  - 17  4 30 45 18 33  - 22  8  -  - 14  5 54 25 31 47 13 57 20 43 37 52  - 12  - 11 38 56 41 49  -  -
 21 15 13 31 29 59 14  9 46  - 25 58  - 17 20  7 27  -  - 56 42 52 33 30 49 16  - 50  -  - 35 34 37 45 32 48  -  - 26 19  - 60 12  8 18  5  - 47 22  6 54 53 11 40  3 10 39 41 28 38
 45 28  8  - 36 55  5  - 34 44 37  - 26  2 52 20 11 17 33 18 23  4 12 41 43 42 31 10 21 22 57 58 48  - 24 27  - 13  1  6 39 30  9 59 54  - 56 50  -  7  -  - 19 32  - 14 16  - 35 49
