2880
 43 11 33 23 17 10  6 50 53 54 40 12  - 35  2 45 37 31 55  4 19  - 25 51 28 52  - 42  5 49  - 59  8 27  - 44  -  - 13 15  -  3 57 29 41 47  - 36 16  - 20  7  -  - 18 38  - 56 32 39
 23 57 42 39  4 36 58  - 24  -  - 26 10 18  8 49  -  -  -  5  6 17 51 45  3 27 20  9 19 55  1 31 30 13 25 38 11  - 48  -  - 32 53 12 40 21 47 50 56 15  -  - 52 41 60 16 29  - 44 59
 13 45 49 46 21 34 40  -  6  -  9  4  -  - 32 20 15 48 43 14 55 53  3 16 17 51 27 31 44 52 22 28 41 37 42 57  8 29 26  - 54 19 39 60  -  7  - 10  5 25 38 24 59  - 47 12 50  - 58 33
 28 30 38 50  - 49 14 42 40 34 53  - 15  7 17 56  - 52 37 12  4 33 46 44 36  -  3 20  2 27 54  - 13 59 26 22  - 47  6  - 21 16  -  8 31  5 25  1 58 41 55 45 10 43 19 23 51  - 35 11
 36 38 44  5  - 32 25  - 35 33 29 24  -  - 12  - 57 26  1  - 52 50 16 48 51 23  8 28 47  -  4 18 56 46 58  -  -  3 30 17 20 22  - 49 55 27  -  2 42 59 37 15  7  6 54 21 40 39 11 41
 24 25 18 56 23 20  3 11  8  - 17 14  - 26 40  1 34 32  - 41 59 37 57 43  - 21  5 60 28 44 45  - 31 49 12  9  - 10 27 51 53 52 15 58  4 39 55 46 47 50 36 30  - 16  6  2 33 48 19  7
  - 40 17 14 31  - 22 19  -  -  4 30  - 39 16 60 45 38 36 51 56  2  5 57  - 32 35  7 34 25 46  - 26  6  9 12  3 43 59  - 50  - 48 54 23 13 37  - 18 27 49  - 15 52 11  1  - 28 21 20
 41 51  - 58  - 27 55 53  1 45 42 47  -  - 36 29  6 12 28 38 50 46 54  - 11 13  - 34 35 40  3 26 60 33 21  5 15 57 20 39  - 43  - 37 17 48 22 59 52 14 23  8  9  -  - 49 31  - 56 19
  4  - 58 33 43  - 26 31 28 30 14 56 36 24 60 23  - 18 20 22 27 55  9 40  -  5  2 12 29 38 16 51  -  -  8 45 53 44 50 42 39 35 25 57  1 37 41  - 34 49  - 47 21 19 48 59 11  3  6  -
 37  8 25 32  6 46 42  - 16  - 22 44 20 27 47 10 60 40  7 13 45  4 39 59 55 57 28 33  - 30 52  9  - 21 23 54  - 11 34 50 49 36  - 18  -  -  -  - 51 56 26 31 58  -  - 29  - 12  1 35
 60  - 52  6 24 14 33 32 51 31 12 59  - 54 25  -  4 53  9 18 28  -  8 26  - 46 57  - 40  - 48 50 38 36 39 47  -  7 56 45 13 42 43 35 44 23 19  - 22  1 11  -  -  2 21 15 37  5 29 10
  -  -  -  -  5 52  -  -  - 43  - 13 12 42 29 53 50  -  - 31 44 58  - 60  - 19  - 17 27 33 14 16 37  9 22 39 10 54  1 47 32 41  6 23 24 40  -  - 49 46  - 59 18 55 57  - 35 30 25  -
 40  4 24 15 18 26 37  - 23  -  - 27 49 56 59 16  2 51 44 19 47 32 28 41  - 30  - 25  7 11 50  3  9  - 48  - 43  5 21 34 52  -  8 13  - 53 39 57 17  - 54  6  -  -  1 55 20 58 10 31
 12  2  - 37 38 24 48 10 39 47  - 43 17 36 50 32 58 45 49 11  - 51 56  - 25 29 30 41 57  6 33 23 20 18 46 34  1 55  9  7 28 60 27 16 59  - 42  - 21 22 53 35  -  -  -  -  - 26 52 44
 32 34  - 30  2 22 47 17  - 59  -  7 54 43 45 41  -  - 25 46 20 14 36 13 21 58 31 37  3 53 51 56 42 50 10 28 12  - 15  9  -  - 24  1  8 52  4  -  6 16 29 55  - 26  - 19  -  - 18  5
 34  -  1 57 35  - 56  - 15  8 51 28 23 12 46 58  - 13 32  9 39 44  6  -  - 54  - 49 36 47 29 60 22 30 41 33 59 50 55 27  5 21  -  7 52 26  -  4 37 53  - 43 40 25 14  -  - 19  2  3
 55  - 11  9 46  -  - 33 52 50 43 18  7 47 23  - 53  - 27 37 26 35 20 39  -  - 48  1 60 45 13  8 10 16 17 32 38 25  5  -  - 44 49  - 36  3 51 19 54 40 59  4 42 29 56 30 34  6 41 57
 14  - 54  4  -  - 36 40 38 53  -  -  9 30 57 25  -  -  - 24 33  7  - 12 48  6 52 26 42 58 32 19  1 60  - 21  5  2 10 16  -  - 47 20  - 50 28 39  - 23 13 29  8 45  - 35 18 17  3 46
 19 41  - 40  1 33  7 23 46 10 26 17 28 53  - 15  -  - 35 49 32 30 22  5 31 56  -  4 39 12 25 20 14  2 37  -  -  - 24  8 18 54  3 11 57  - 21  - 29 55 34 44  6 60 38 47  9 51 50 58
  - 47  -  - 55  2 17 18 50  - 41 16 32  4 28  -  - 39 15 52  - 36 38 19  6  -  -  -  - 31 57 48  -  - 33 59 42  9 35 23  - 25 14  3  - 49 12  8 10 13  - 54 51 40  7 53 58 34 27 43
  -  3  - 28 44 60 27 29  - 14 21 19 51 17 37 43 25  5  -  6 36  -  1 22 30  - 39 13 56 15 26  -  2 57  - 16  - 53 32  -  9 50  7  - 34 55 45  - 20 52 18 40 11  4 33 54 24  - 12 38
 27 60 45 17  -  5 31  -  -  - 59 33  - 11 10  3 32 46 29 48 34 52 12 18 15 44 41 35 37 42  - 40 23 19 55  1  - 51  8 28 47  - 13 24 49 38 50  - 39 57  9 22  4 21 36  - 43 53  -  6
 38 31 60  - 11 25 39  - 26  -  8 54 45 16 43 14  1  - 22 20 40 56 33 49  -  2 13 32 24 51  - 30  4 53 57 58 18  -  7 21 19 34 59 17  -  - 52 42 36 10  6 37 12  9  3 27 55 46 15 50
 46  - 48 36 26  9 53 14  - 40  1 31  - 33 20 21 18 24 12  -  -  -  - 38  -  - 47 29  - 54  -  -  7 10 19  8 41  - 43  3  - 58  - 50 28 34 23  -  - 11 27 25 13 22 17  -  - 52 16  4
 25 55  - 21 15 53 35  - 19 58  -  3 47 14 24 46 49 56 30 50  5 38 41  - 18 42 12  - 11 43  - 27  - 40  4 52  - 31 54  - 29 33  - 10  - 32  9 45 48  -  8 36  1 57 44 34  - 37 51 22
 51 16  - 25  - 19 41  -  -  5  - 48  -  - 11  7  - 22 24  - 35 42 15 23 32 45  4 47 59 37 43 49 29  - 14  - 13 33 36 30  1 18 44 21  -  6 60 53  8  - 39  3 50  - 27 17  -  9  - 54
 10 13 39  2  8 41 28 54 43  -  3 37 60 40 21 59  - 20 23 56 49 29 18  - 19  -  - 51 50  1  9 17  - 25 24 35 33  4  -  -  - 11  5 14 22 57  7 52 27 31 45  - 48 15  -  - 26 44 46 32
  - 10 31 52 13 58 16 38 45 56  - 32 41  5  4  - 36 50 34 15 23  1 19 54 27 33 37  6  -  7 11 12 39  3 53 48 46  -  2 59  - 26 42 28 29 44  - 22 40 18 24 20 43 14  - 60 25 57  9  -
 11 19  - 41 32 37 50 59  - 46 36  1 24  -  -  - 56 43 31  - 15  8 58  - 26 25 38 57 52 22  - 54 18  - 60  - 51 23 44 49  - 47 21  4 27 20  - 34  2 48 16 10 17 53 39 45 42 33 55 12
 42  - 37 18 16  8 49 26 57 39 23  2 35 10 15  -  -  6 47 54 11 25 32 27 33 41  - 53 51 28  -  7 21 14 31  3 34  - 22 29 12 46 40  - 13 58  1  -  9 24 43 60  5 38 30  4  - 55 59 52
  5  7 41 35 57 13 23 49  - 52 18 53  - 38  1 19  8  4 50  -  -  - 47  9 45 10  - 48 32 16 39  6  - 55 15 46 56 40 17 20 37  2  - 22 42 60 26  - 44  - 31 34 54 11  - 24 36 14 43 27
 21 24  3  7 33 54  2 58 29 32 37 35  - 49 38 51 40  9  5  8  - 16 31 25 57 34 23 56 20  - 42 52 28 45 18 17 47 15 41 44 26  - 55 36 11  1 48 60 13 30  - 12 27 39 46 22  4  - 53  -
  -  - 57 27 42  - 52  1  -  -  - 49  - 13 41 12 46 58  6 36 29 60  - 14  7 28 54 55 30  9 38 22 32 31 16  - 37 19 39  -  - 23  - 43 47  8 11 21 26  5 40 50 25 10 35 33 59  - 45 24
  - 54 10  -  - 40 15 46  9  - 45 22 18 60 42  6  3  -  - 27  7  - 34 20 29  - 25 44 26  - 24 38 43  8 50 31 19 41  -  4  - 12 36  2  -  -  5 13  - 33 35 14 53 51 49 57 48  1  - 16
  - 43 32 16 59  7 57 44  - 36  5  - 22 55 19 35 54 27 58 25 31 15 10 50 47  - 26 18 17 23 60  - 33  -  6  -  4  1 51 13 56 39 41 40  - 42 38  -  -  - 14  -  - 28 53  -  - 24 30 21
  2 21  - 12 34 29 44 35 17  - 58  -  5  - 53 37 28 33 57 59 18 20 14 52 42 43  -  -  4 19 56 46  3 41  - 23 22  - 40 32 38  -  1  6 54 31 15 47 24  7 50 11 49 13  9 26 39  8 36 30
 50  5  6  8  -  - 19 27 32 60 39  - 25 23  3 52 42 30 11 44 48 12  -  2 46  4 10 14 55 57 35 58 34 24 20 56 29 45 28 18 59  - 38 41  9 22 36 31 53 47 33  - 37  - 26 13 16 15 17 49
  - 33  2 45  - 39 59  - 36 41 15 38 43 28  - 50 48 44  - 30 21 57  7  -  9 18 49 11 13  3 27  - 54  -  1 26 60 24  -  - 55  8  - 52  -  - 40  - 19 20  - 56 23 32 12 37  - 16  - 29
  -  - 59 42  9 48  8  - 41 18 52 58 21 19 51 38 31 29 53  1 13 49 55  - 40 22  -  - 46 17 34 44 50  -  5 15 27  - 25 35  - 28 60 45  - 10  6 26  - 36  2  -  -  7 20 43 14  4 24 23
 33  1 30 47 39 21 34  7 42 25 11  - 48 59 35 26 51 14  8 23  -  9 40  -  -  3  - 45  -  2 18 43 46  4  - 53 52  - 49  6 36  - 29  -  - 54 58 15  - 12 32 13 20  -  - 56  -  - 57 17
 59 42  4 43 14  - 21  8 13 29  - 15 39  - 33 40 19 36  2 53  9 11 49  1 56 16  -  -  -  - 55  - 17 44 47 41 35 12 46 52 48  - 31 25  6 51 30  - 45 60  -  -  3 50  -  7  -  -  - 18
  - 14 16  - 20 44 46  9 27 19 25 57 56 51 49  - 21 60 48 33  -  6  4  - 50 31 24  5 10 13 23 29 47 43 54  - 39 18 52 58 40  - 28 55 12  2 59  7  3 32  1 17  - 34  -  -  8 11 38 15
 58 27  9 22  3  -  -  - 60 37 32 46 19 41  -  8 33  -  - 47 24 40 35 15 54 26 17 59 23  -  - 11  - 20 51 14 45  - 29 55  7 13  2 38  - 36 18 43 25  6 44 39  - 12 42  - 57 50 49  1
  -  - 53 49  -  1  -  - 56 17 24 23 34 58 55  4  - 42 13 10  8  - 60  7 20  9 19 43 33 39 44  -  -  - 32  - 40 26 57 14 46  6  - 59 51 11  - 25 38 35  -  5 36 27 37  - 15 21 47  2
 39 53 12 34 47 45 51  6 31  -  - 25  - 48 30 54 35  -  3 17 57 26  2 55 52 36 15  8 43  -  -  1 59 58 38 24  - 27 60  - 22 56  9 44 33  -  - 28  4 37 21 42 14 49  -  5 32 13  7  -
 45 26 56  - 19 57 12 39  5  2 10  - 58  6  - 31 22 11 14  - 46 18 21 37 24  1 40  -  - 20  8 25 35 32  7  4 44 49  - 43  - 17 50 53  3 16 29 23 55 28 15 51  - 47  -  9 13 59 42  -
  8 17 47 20 49 23  4  2  - 13  - 50 29  - 58  - 52 55 39 45 38 43 59 21 60 53  - 15 14  5  - 33 44 28 36  6 25  -  3 40 24  1 11 34 16 19 57 56 41 54 42 27 31 46 51 18 30 35 37 26
  -  9  - 26 54 15 43 45 49  1 46 40  - 20  7 57 47  8 60 16 17  - 24  - 35  - 55  - 18 36 41 14  - 39  3 11 50  - 12 19 58 10 22 33 21 30 32  - 59 44 56 38  - 23  4 25 27  -  - 48
 48 37 28 24 27 43  - 16  7 51 54  6  4  8 14 18 38  - 40 32 22  5  - 31 41  - 21  - 49  - 36 13 19  - 11 30 20 58 45  - 10 15  - 39 25 46 53  9  1 42 57 52  2 17 55 44 23 47  - 56
  7 59  - 48 45  4  5 47 44 42 57  - 31 15 39 33  -  - 56 55  1 41 13  -  2  - 18  -  -  -  - 53 51 38 52  - 21 46 37 11 23 29 32 30 35 14 27 24 43  8 12  - 26 58 40  -  -  - 60  9
  - 48 22 31 29  6 54 25 37 57 20 60 44 34 52 47  - 10 16  -  - 19 50  - 13  7 53 23  9 46 28  - 58 11 56 27 24  -  -  1 17  - 12 42  - 35  8  - 33 43  4 21 32 36  5 39 49 38 40  -
  6  - 50  -  - 47 13 28  3 22 44 36 52 21 34 42  -  2 18  - 16 54 26 58 53  8 14 46 38  - 49 39 11  1  - 37 17 20 31  - 51  4 35  9 56 43 10 30 15 45  - 57  -  5  - 32  7 27 33 55
 52  - 29 13 41  -  9 21  - 27  -  - 57 50 54  2 30 25 38 58 43  - 53  - 37 14  1 24  - 18 17 42 36 15 40 55  6 60 23 22  8  - 34 48  7  - 31  - 46 19  3  - 44 35 59 10 47  -  -  -
 18  6 34 11  - 16 20 15 54  3 30 29 46 45 31 44 10  - 19  -  2 27 23  -  -  - 36 52 41 21  -  5 55 48  -  -  -  8  4 57 42 40 56 51 14  9  - 58 35 26  - 49  - 24 32 50 60 25 22 53
 22 52 23 55 28 50 38 57 18  -  6 11 30 29 44  - 43 15 54 26 42 10 37 46  4 17  9  3 12  - 58 41 49 51  - 25 14 39 19 56 34 27 20 32 45 59 33 16 60 21  5 48 47  1  2 40 53 36  -  8
  -  - 21 60  - 55  1 34 59 49 27 42 33 52  - 30  - 19  4  3  -  - 44 28 23 20 51 40 58 56 53  -  6 17  -  7  - 22 11 10 31  9  -  5 15 25 43 38 14  - 46  2 24 48 50  8 41 45 26 37
 57 36 43 44 25 18 45 24 22  - 50  9  - 46 26 34  5 35 51 39 53 13 17  3 59  - 16  -  - 48 40 37 27  - 28  - 55 21 47 31 41 14  -  - 32  - 54 49 30  4 10  - 56 33 58 42  - 20  8 60
 53 23 55 38 52 59 32  -  -  - 13 45  1  9  - 39 16 28 41  -  3 21 27  - 49 48  - 58 31 10  5 36 40 56 29  - 30 17 33 24 43 51  -  -  2  - 44 14 57  -  -  - 35 20 25 11  -  7  - 47
  1 49 40  -  -  - 29 36 14  9 35 20 55 44 56 27  - 47 45  7 25 24 52 32 34 39 43 16 53  - 30  4  -  -  - 60 26  6 18  -  3  5 51 19 37 28  - 48 50 17 22 33 38 59  -  -  - 41 13 42
  9 39 15  3 53 35 18  -  2  4 33 52 37 32  5 11 27  1 10 29 14 22  -  - 43 40  - 38  8 60 20 21  - 34 30  - 36  -  - 41 57 31 26 46 50 17 56 12  7 58 51 19 55 44 24  - 54 23 48 25
