2880
 45 22 15  5 19 57 17 34  1 28 16  2 36 26 44 43 59 56 32 52 38 50  -  - 13  8  -  -  -  4 42 53 35 31  7 29 14 46 11 27  - 40 37 24 25  - 10 23 48 47 55  9 41  -  3 39 60 49  6 30
  -  8 17 42 37 44 46  - 55 34  3 59 54 39 49 30  1  - 15 28  - 47 11 23 24 60 16  7 13 18 53 21  2 48 50  5 40 43 58 35 20  - 57 32  -  - 14 26 38 52 25 51  - 41 31 36  6 29 19 27
 12 42 16  - 14 30 39 35 37 32  -  - 53 52 23 38 21 22 34 59  - 56  - 54 40  - 57 28 58 46 25  9  - 18  -  1 41 45  - 51  5 26  - 31  - 17 33  - 36  6 13 15 10 48  2  -  -  8 27 11
 27 17 31 38 50  - 48 45 54 29 37 30  4  1 58  - 32  -  - 56 16 52 47 43  -  - 11 26 44 36 18 24  5 46 33  7 59 28 35 42 53 15  3  9  - 25 40  -  - 49 34  - 57 60 20 23 14  6 12  8
 44 50 20 29  8 37 16 57 26 48 39 14 17 53  - 59 13 11 51  5 56 54 33  -  1  - 21 32  - 35  - 52 60  6  - 28 31  7 15 24 41 12 45  -  4  - 23 19 43  - 42 36 58 46 10  - 47 40 55 22
  9  - 36 30 45  2 14 28  - 35  6 25  - 13  - 40 23 24  - 20 42 19  - 51 27  - 10 52 34  5  8 18 47 21 43 17 12 37 55 26  - 56  1 60 50 57 54 31 16 32 59  -  - 11 46  -  - 48 41  3
 39 47 35 32 29  - 41 14 11 45 15 51 52 30 24 48 56 37 36 40 57 16 34  8  -  - 53 33 23 17  -  6 19  2 18 12 49  5  - 58 38  - 59 22 31 28 13  7 21 26 43  - 42  - 25  -  -  9 60  -
  -  - 11 48 46  - 54 55 47  3  - 31  1 25 14 18 22 15  -  - 44 40 10  9 26  2 35 17 41 39  5 56 32 45 24 21  8 20 33  -  - 42  6  - 29 59 53 36 28 43 52 16  -  4 37  - 23 13 49 51
 53 48  - 37  - 15  - 40  - 27 29  -  - 47 42 32  2  1 35 12 49  - 38 46 23 51 28  -  - 41 34 14 54 20 39  4 33 24  7 18 36 25 10  8 21 56 50  5 31  -  -  6 55  - 45 19  - 58  3 60
 49 37 42 22  9 36  4  2 51  -  - 55  - 27 32 41 34  -  7 35  -  - 28 58 44  -  -  6  -  -  -  - 11  -  8  - 43 30 19 40 16 17 47 59 54 52 60  - 14 57 38  3  -  5 13 12 50 33 20 39
 37 11 51  - 38 28  - 15  -  4 60 40 32  - 29 56  - 25 48  3  9 35 45  1 53 59 49 16  5  - 30  - 23 58 14  - 27 22  2  - 19  - 33  - 24 43 47 34 18 36  - 31 50  - 42  7  - 39 46  -
  4 45 32 41  - 19 22 11  - 20  - 56 34  - 26 25 15 40  8 10 14  5 18 59  - 58  - 23 37 28 21 33 42 16  3 31  6  9 27 39 52  - 36 54 30  7  2 46 55  1  -  - 48 57 12 49  - 24 13 35
  -  - 40 18 57 49 35  -  2  -  - 33  6 24 45 37 39  4  - 14 19  - 25 32 30 46 27 60 59 44  7 51 21 17  -  8 20 23 42 38 26  5 58  -  -  - 22 55 13  - 36 43 11  - 56 47 34 10 54 29
  3  - 50  -  7  - 20  4 36 14 48  5 40 22 59 57 58  - 49 26 34 51 27  - 35 29  -  2 30  - 32  - 13 38  - 56 60 54 18 44  8 37 12 28 19  1  - 10  9  - 31 47 39 25 17  - 33 11  - 52
 55 52  -  7 23 11 58  5 24  2 40 28 30 41 36 33 37 35 12  -  4 42 59  -  - 15 60  - 26  - 43 54  - 25  9  3 57  - 51 13 31 14 18 20 46 22 19 50  6 10  1 27 56 47 21  - 16 45  -  -
  2 26 27 56  -  - 18 25  - 46 13 11 33 20  - 24 51 38 30  -  8 43  - 19  -  - 12 55 32  -  - 15  - 41 10  -  - 57 17  - 37 53 21 50 36 60  - 45 29 58 28  -  -  - 52 54 48  -  7 47
 28  1 52  - 21  - 25 37 44 49  - 32  - 43 15 58 47 14 18  - 41  3  - 30 50 54 22  - 60 57 20 40 33 13 45 36 24 26 38 55  - 19  -  5 35 42 11 59 27 56  6  8 31 39  - 46  2 23 29 53
  -  6  - 34 31 56 19  - 58  1  2  -  7  - 13 16  - 60  - 29  - 23 48  - 28 52 42  8 40 54 47 26 53 49  - 14  -  - 30 37 17 50 24 10 59  5 57 38  - 12 41 18 32 33  - 45  -  3  - 20
 47 55 29 49 10  -  - 31  - 58 59 21  - 14 53  6  - 23  5 33  - 41 42 57  - 28  -  - 46 50 26 37 51 27 52 30 45 44 54  2 60 32 17 40 48 39  - 13  8 24  - 11 36 15 22 34  7  -  4 19
 30  - 48 50 24 17  -  6 34 59 53 19 39  -  - 11 41 49  -  2 12  8 52 31 14 16 38  1 55 58 54 57  -  - 40 25  9 27 22  5 29  3 28 47 60 26 20 15  7 18 37  - 23 51 33 21  - 32 10  -
 43 58  3 28 18 39 29  -  - 21 27 54  - 34  7  - 30  - 47 11 26  2  - 12  6  5 13 24 36 40 56  8 55 42  - 45  -  -  - 50 57 10  9  - 23 48 37 44 60 20 14 25 22 53 59 38 49  - 17 31
 13 34 59 23 43 58 10  - 50 52  -  8 14  2 20 42 29 18 57 17 60  -  - 16 36 41 33 25 11  - 37 31 46 24 48 49 53  - 28 47 44  7 39  1 56 21 26  6  5 40 15 35  - 45  - 27  - 22 30 12
  - 40 44 16 20 50  1 48  3 10  4  9  5 38  - 51 43 30  6 32 52 57 54  - 55  - 37 41  - 49 29  - 18 26 56 58 35 53 21 28 27 22 13 36 15  2  - 11 25  7 60 12 24  - 47 14 45 19 59 33
 16 20  - 57 33 48  5 32 14  - 28  1 25 44 55  9  - 29 53 30 54  - 36  6  8 23 40 49 18 42 46 13 59 60 37 51  7 10 39 56 50 27  - 43 17 35 31 52  - 41 11 45 34 19 58  3 26  4 24  -
  6  - 13 24 36 10 55 26 56 60  5  - 43 37  - 46  - 21 17 45  - 33  3 25  - 39 48  - 27  - 14 28 12 47  -  -  1  2 31  8  -  9 23 44 58 49 41  4 35 53  - 52  7 40 57  - 54 30 42 15
 18 16 33 20  - 52 57  - 59 37 11 46 38  3 34  - 26 28 55 13  6  -  7 41  5  - 45 56 21 14 15 27  - 19  4 40 36  - 32  1 47  - 54 23 44 29 17  9 10 39 48 50 30 22 43 35 12  2 31  -
  - 53 34  - 32 38  8  - 42 36 45  4  -  -  - 44 55 51 31 22 28  - 50  7 41 18 30  5 24 52  -  - 14  3 35  - 29 12 25 11 46 21 40 16 57  -  6  - 20  - 19  - 47 13 39 15 59 54 43  -
 14 10 26 58  4 29 33 59  -  - 35 15  3 45 19 36 27 47 37  9 50 34  - 44  -  7  - 57  -  - 60 39 48 40  1 53 54 13 41 20 56 18 22  -  - 24  - 43 51 21  5 42  - 16 23 17 11 46  2  -
 41 38 18 14 17 47 36  -  - 30  -  - 31 42 50  2 10  - 56 21  -  - 13 49  - 43 24 35 48  -  9 32 40 54 53 59 25 19 37 33 23 52 44 12  1 58 15 29 46  -  -  5 45 55 51 22 57  - 28 16
 11  9 24 59  - 23 53 18  - 55  1  - 58 50 51 31  8 27  - 36 21 46 26  4 45 44 20  - 28 48 52 41 16 14  2  6 13 29  -  -  -  - 25 19 39 40 30  - 47 54  - 57 60 32  5  - 37  7 15  -
  - 56  - 55  - 32 15 12 28 39 24 17  - 33 37  3 54 26 23 41 48 30 60  -  7  6 29 38 47 43 27 36 52 59 31 50 16 49  -  4 13 45 53 46 20 14 21 58 34  8  -  2  -  9 18  1 10 57 22  -
  - 41 37  8  - 53  - 19 33  - 22 18  2 10 16 60  - 57 29 44 55 17 51 21 46 30  -  - 45 34  -  -  9 15 25 38  - 56  1  6 42  - 26 13 32  3  - 49 12 59 24 20 27 14  - 40  - 50 11 43
  1 46 56 17 53  - 50 51 22 19 52 42 29 23 31  - 36 10 54  - 58 44 40 37  -  3  4 13 35 47  - 20  6  9  -  -  -  - 57 12 43 11  7 45 16 15  -  2 30 34  - 14 21 26  -  - 25 18 39  -
 33  5  - 39 30  -  - 23  - 43 57 58  -  - 21  - 46 16  - 50 18 31  9 27 17  - 36  - 38 13 40  - 15  4 47  -  - 48  - 22 12 29  - 42  - 20 55 60  1 37 45 59  8  6 14  2 28 51 26  -
 25 23  -  9 54  - 13 42 57 41 56 35 60 32  -  1  4 46  - 48 20  -  6 22 21 19 31  - 29  - 39  2  7 34 51 11 58 50  - 10 14 59 16  -  8  - 43 12 17 30 47 24 49  - 55 52 40 37 18 44
 34  - 43 45 12 25 32 29  8  - 19 37 16 21 28 17 35  2 24 18 15 49  1 56 31 57  - 40 14 22 41  - 10 53  - 27 51 33  4 52  9  - 60 11 42  - 48 47  3 23  7  - 38 36 26 30 13 20 44  6
 24 28 25  4 60 31  -  - 27 13 23 16  -  -  1 26 52 42 19  - 33 18  - 35 20 53  6 46  8 38  - 12 30 11 54 10  5  - 59 36 21 51  -  - 34  9 44 39  - 15 57 32 43  -  - 56 55 17 47 41
 21 43 22 47 59 16  2 44 15 18 33  - 24 12 48 20 60  5 41  7 39  - 56  - 29 11 51  9 52 30 50  - 49 35 17 34 10 58 13 19 32 28  - 26 40  6  - 27 45 31 23  -  3 37 54 57 46 42  1 38
  - 39 38 11  -  - 24  - 48 51 18 23 41  7 35 28  6 52 10 25 59 21  -  - 22 34 44 19  9 15  1 43 20 50 13 47 56 17 26 31 45 33 42  4 37 46 29 14 57  - 54  -  2  - 16  5  3  - 36  -
  -  -  - 13  1 60  - 36  -  -  9 44 27 55  - 54 42 33 14 46 11 39 16 47 59 10  - 21 12  - 24 25 43 28 32 35 52  4 50 30  -  2  -  7  -  - 51 37 15 48 20 41 17  - 29 58 31 38  -  -
 48 27  7 52 58 46  3 60 53 16 14 34  - 15  4 10 45 36 22 47  - 24 43 38 54  - 23 30 56  - 57  - 31  5 12  - 50  -  9 41 59  -  - 49 33 51 39  -  - 29 17 26 35 44 28 13 18 21 32 25
 20 32  - 31 52 26 37 47  9 25  -  - 57  5  6 19 14 54 21 38 40 27  2  3 39 22 18 29 53  - 51 60 24 36 44 16 15 11 12  - 58 35 55 41  - 13 59 42  - 33  8 46  1 49 34 10  - 28 50  -
  - 49  9 36 34 54 30 41 32 47  -  6 23 58 10 45 25  - 42  1 46 26 22 14  - 17  2  3 39 59 16 11  4 33  - 44 37 18 60  7 28 20 19 52 12 31 27 53 24 35  - 13  - 38 15 55 29 56  - 57
  - 44 28  2 55 43 27 49 29 11  - 41  -  - 60  - 24  9 59  - 17 37 23 50 18 20 14  -  1 53 19  7 25 12  - 13 39  6  -  - 51 58 31 57  3 16  -  8 52 22 35 48 15  - 30 26 32  - 33 45
 59 57 54  - 22  -  -  - 46 38 26  3 18  6 41 12 49 39 27 55  -  -  4  2  - 48 52 58  -  - 23 10  -  - 34 37 21 31 36 53  1  -  - 56 51 44 16 20  -  9 32 17 13 24 19 28  - 60 14 40
 42 19  8  -  6  - 40 53 35 17  - 29 20  - 27 14  -  - 13 37 45 11 46 39 16 26  9 54 57  - 33 55  1  -  - 60  3 34 44 43 48 23 32  2  - 10  7  - 50 25  - 38 18 31 24  4 22 36 58 56
  -  - 46 54 47 45 60 13 49  -  -  - 26 56 30 35 53  -  9  -  1 28  5  -  -  - 15  -  - 27  6 34 37 29  - 23 17  - 48  - 18 38 20 39 11 55 24 40 42 14  2 21 12  8  - 50 41 52 57 58
 52 59  2 12 13 42 28 46 23  - 25 48 50 35  8 39 11  7  3  -  -  6 29 20 47  1  - 15  - 21 58 17 26 51 60 19 32 38 10  -  - 31 56  - 41  -  - 54  -  - 44 40  5 27 49 43  - 14 45 36
 57 29 12  -  2 59  9 21 39  7  -  - 35  8 56  -  - 13  - 19  -  -  - 53 37 42  - 45 49  - 38 16 17 55 58 22 26 47  - 14 24 48 27 51 18 54  - 32 11  - 30  4 52 28 44  6  5 41 23 50
  - 21 58 53  - 18 26  7 10 12 47 43 28 48  - 27 33  - 45 24  - 60 41  -  -  - 17 31  -  1  3 49  8 44 57 46  - 35 14 25 55  -  -  -  2  - 52  - 23 42  - 34 37 29  4 51 39 16  9  -
 50 36 60  3 41 33 34  -  -  - 58 24 46  - 12 15  7 45  2 42 43 13 44 26 51 35 55 47 10  - 17  5 39 32 20 57 11 21  - 59 49  1  -  - 22  8 28 18 19  4 40 30 16 54  9  - 27 25 38  -
  - 14 41 51  -  -  6 24 12 56 42 39  - 49 11 55  -  - 40 23 35 38 20 29 57 33  7 36 17  -  2 22 34 10 26 48 30 60 47  3 15 44 43  - 27  4  - 25 32 28 18 37 46  -  8 31 53 59 52  9
 32  2  - 35 48  8  - 38 18  - 30 50  -  - 25 13 12 58 26  - 36  - 55  - 52  4 19 37 43 45 11 29 27  7 42 24 47  1 56 60  - 57 46  3 14 53  - 21 49 44  - 23 20 59  - 41 17 34 16 54
 58  - 21 27 11  - 43 54 41 24 31 47 48 40 52 29 17  3 20 60  - 55 12  - 19  9  8 44  6  2 13 50 38  - 59 42 22 39 23 45 10 16 30 35  7 32 34 57 26 51 49 33 53 18  1  - 36 15 37 46
  7 60  1 19  -  6  - 33  5 53 54 52 55 17  - 50 57 48 44  -  - 32 39 42 25 21 56 20  3 23 45  - 36 30 16  - 38 41  -  -  -  - 34 14  - 37 12 28 58 11  -  -  4 35 27  8  9 47 40 18
 60 13  - 26 40 20 47  -  -  - 46 49 42 18  9 23 48 17  - 39 53  - 37 45 56 12  3 14 19  -  - 30 28 57  6 41 34 55  8 15 25 24 52 38  -  - 32 16 54 50 27 22 51 10 11 29  -  - 21  -
  -  - 55 46  3 13 11 17 21  9 34  -  - 19  -  8 44  - 33 57 31  1 24  - 10 56 39  -  - 60 12 23  -  - 15 43 18  -  - 32 30 36  - 27 28 45  5 48  4  -  -  -  6  7 50  - 42  - 35 14
 17 24 23 40 39  - 21 10 16  -  - 57 47 54 43 49  - 44 46 53 32 45  8 11 58 50  - 42 20  9 59 38  3  - 36  2 28 52  6 48  4 34 29 18 26  - 35  - 22 13 12  - 14  1 60 33 30 31 25  -
 19 12  -  1 27  7 49 52  -  -  - 10 44  -  2 22 18 43 11  8 51 20 30 34  - 14 47 50 31  - 36  3 57 39 46 15 23 40  -  -  - 13 48 37 38  - 42 35  -  -  9 28  - 17 53 32 58 55 56  4
  -  7 14 44 28 21 59 20  - 42 50 22 37 51 54 52  - 31  1  - 13 53  - 24 15 55 41 27  - 10 35 45  - 23 49  9  2 25 16 46 11  -  5 34  6 47 36 17 39 19 58  -  - 30  - 18 38  - 48 26
