2880
 32  6  7 16  -  9  - 33 23 52 25 41 14 15  -  8  -  2 51 45 56 35 26 31 59 13  - 12 17  - 37  4  - 27 39 53 58 28 60 49 40 10  1 30 20 55 34  3 46 50 36  - 43 44  - 21 57 54  5 47
 48  - 44 42 19  - 56 49 36 16  7 60 55 46  9 32 29  -  6  - 17 18 34 13 30  1 45 54  - 12  - 23  - 43 20  - 40 38 47  8 57 37 41 24 31 15  4 33 21  2 26  -  - 53 35 51  - 14 27 28
  - 37 43 17  - 39 16  3 44 56 20 42  - 19 26 31 58 48  - 52  - 38  - 18 24 50 53 22 45 34 40  5 41 49 27 32 10  1 35  2 14 59 29 12 30 33 25 21 28  -  - 23 60  - 15  - 51 47 55  -
  2  -  - 12 20 29 11 59  8 15 56 47 53 28 30 34 40  3 39 42  - 14 55 54  7  -  4  -  -  -  -  - 10 21 38 37  -  -  -  -  - 22  - 58 24 46 27 16 43 13 49  5  6 32 48  - 52 51  - 33
  7  - 55 29  - 45  1  - 22 47 60 21  - 56 39  - 18 19  2  -  4 40 16 24 12  - 33  - 42 25 51 26 13 28 43 38 17 53 36 32 11 50  9 20  - 14  - 37 34 57 15  - 27 49 52  8 59 30 41 31
  - 30  9 39 44  4 49 15  -  - 29 51  1 60  6  - 56  - 38 11 10 47  8 53 18  - 14 43 16 28 52 21 45 22 13 35  5 31 59 42 17 24 12 25 57 50  -  - 54 27  -  - 48  - 58  3 34 40 26 23
 40  7 27 20 43 35 58 21  4 29  - 49 59 38 53 14  3 39 44 41 33 15  9 16 31 26 28 48 22 30 34 17 50  -  1 13 11 45  2 37 47  5 19 54 56 36  - 46  -  6 55 60 23 42  8  - 10  - 25 51
  3 39 21  6 33 18 57 13 45 27  5 38 50 40 41  - 32 51 34 48 47 46  1 14  4 43 30 19 12  - 29 54 15  2  8  9 16 11 25 10 26 42 52 36 49 44  - 56 23 20 24 22  7 28 55 17  - 58 59  -
  - 13 22 51 57 59 37 14  1 19 55 30 24 25  - 46 48 60 16 12  - 20 15  4 54 53 35  -  - 39  2  -  - 11  7 52  - 47  - 40 21 32  8 17 23 38  5 58 42  - 34 50  -  - 41  -  -  - 36  -
 29  3 50 49  8  5 15 52 58 10 14 18 33 23 60 12 39 43 41 20 45  -  4  - 26 57 36  - 48 38 53 19 55 13 21  2 28 35 17  1 51 44  - 11 27  9 47 30  6 46  - 54 32 25  - 59 56 37  -  -
 51  5  6 23 12 42  - 43 11 18 54  - 25 30  -  - 14 41  - 33 46 57 38 49 45 31 16 10  -  -  -  1 28 59  - 17 60 40 48  -  8 19 32  7  2 56 29 34 24 44 47 27 55  - 21  - 50 15  3  -
 43 54 57 52  6 15 19  -  - 48 23 17 30 45 38 11 41  - 21  - 13 55  - 46 20  5 24 53 58 10 50 47 26  -  3 16  - 32 12  - 31 35 51  1  8  - 44 42 27  - 25 34 56  -  9  2  4 36 28  7
 28 50 23 36  -  - 51 55 27 53 31  7 13 33  - 18  2 45 15  8 42  4 29  - 49  3 57 32 24 11  6  -  - 25  - 54 38 19 44  9 56 52 60 26 47  - 58 39  - 59 30 37 12  1 14 34 43 16 40  5
 34  8 17 46 54  - 25  5 49 24  6 32 38 43 33  3 15  - 23 53 19  - 44 56 40 28 21 55  2 50 10 52 47  -  - 27 51 18 57 45 29  - 35 14 36  -  -  - 58 39 42 16  -  - 60  1 48 26 11 59
 42  4 26 34  - 32 54 47  - 39  - 35 17 37  - 21 25 28  - 46  -  7  - 50  - 12  - 44 53 58  -  6 40  5 56 19 52 43 51 36  1 60 16  8  9 48 23 57 33 38 11 49 18 59  2  -  - 10  - 22
  -  - 60 14 52 26 10  1  -  - 37 29 40  4 13  7 22 20 31 28 36 30 27  - 11  - 46 33 34 18  -  - 12 16  - 21  - 58 38 55  6 45 47 49  -  5  2 15 56 48  -  9 42 50  - 25  - 59 39  -
 16 41  2 11  3  - 42 25 60 43 35  - 57 27  - 23 59  4 50 51 30 32  5 39 38  6  8 47 37 52 17 44 21 53 22  -  - 20 26 15 24 31  - 56  1 13 48 55 19  9  - 36 29 34 49 33 45  7 10  -
 15 34 52 48 17 25 53 40 59  8  - 24 27  -  - 37 31 23 36 57  -  6 13 32 16 41 44 26  3 21  -  7 29  - 49  - 30  -  - 54 39 38 14 43  4 18 11  1 10 28  - 58 22 19 50 47  2  - 12 60
 18 17  1  2  - 11 33 23 43 30  - 15 37 36 40 49 54  6 55  - 28  3 45 34  9 56 12 38 52  -  - 60 48  8 29  - 13 16 39  - 10  - 50 42 58 53 26  - 41 14 32 20  - 24 47 27 46 31  - 44
  4  - 13  5 41  7  - 45 47 55  -  1 39 18  - 53 26 56  - 30 23 21 43 25  2 17 32  - 15 46 33  -  9 38 50 29 35 48 49 12  -  8 10 16 34 59  - 51 37  - 28 14  -  -  - 42 44 60 22 54
 39 43  - 45 59 53 27 42 18  - 15 56 12 31  2 22 44 55 14 60 11  5  -  - 21 58 20 52 57  -  - 13  - 34 23 48 47 49  -  7 37  -  4 19 46 51  -  -  -  -  - 30  3 40 33  - 29 28 32 38
 59  1  - 19 60  6 34  4 16  5  8 33  -  - 51 35 20 44 24  - 32  - 23 28  - 22 18 50 56 48 14  - 27  7  9 30 53  - 58 29 46 26 21  2  -  -  -  -  3 31 41 47  - 39 11 40 49 13 38 42
 13 49 47 37  2 38 35 16  - 57 50  5 56 32 34 30 17 21 26 25 24 10 11 55 52 19 58 40 14  3  8 27 51 54 15 43 31  6 23 18 60 33 28 59 12 22  7 53  9 42 39 45  1 29 44 36 41 46  4  -
 53 56 45 28 50 37 46 18 40  - 21 26 23 10  -  - 49  8 59 47 34 42 48  2 15 54 60 11  -  -  - 14  -  1 35 51 24 30  4 38 32 25 33  5  -  6 55 17 22 19  - 41 58 27 39 52  - 57 13 16
 35  - 59  3 56 52 45 57 30 11  -  - 22 48 25 26 43 36 37  - 39  -  - 17 13 10  -  8  -  - 44 33 19 14 40  6 46 50 28 24 18 34 53  9 38 31 15 20 51  7 23 12  - 47  - 49  1 21  - 55
 21 18 29 31 22  - 24  9  -  7 45 34  - 39  -  5 46  - 56 26  3 41  -  1 37 47 25 51  - 49 55 12  - 44 58 42 36 17 15 52 59 57 20 35 48 23 60 40  - 33 43  8 30  2  6 13  - 50 14 11
 57  - 51  -  -  -  - 12 38  - 58 43  - 13 14  -  1 27  3 54  6 36 37  -  5 60 34  2  4  - 18 20 42 32 41 11 49 15 16 19 44 46 26 40 22 10 56 48 59 55  7 28 53  9 30  - 23  8 33 50
 58 46 42  - 45 30  8 44  -  4  - 16 54  7 11 39  - 24  -  9 15 51  -  - 17 14 50 34  -  -  - 35 57 48 36  3  6 33  - 27 43 12 55 53 26 49 41 28 47 56 13  - 40 23 59  - 25  5  2  1
 23  - 30  - 35  -  4 46 10 14 57 39 20 29  5 40  - 50 42 31 37 53 25  - 19 32 26 49 41  - 36 58 33 18  - 34 44 27  6 28  -  9  -  3  -  - 17 24 48 15  2  - 38 22  - 55  - 12 21 13
 31  - 33 41 13 51 20  -  -  - 17 50 58 52  - 48 12 11  - 27 59  1  2 23 14 35 22  -  -  - 16  -  -  9 10  - 55 46 54 34  7 53  5 57 39 43  -  8 40 37  4 44 21 30 42 60  3  -  - 32
 55 26 38  1  -  - 52 36 42 54  -  - 48  5  - 58  8 33 22 32 18 56  - 60 51 16 13 24  - 14 41  9 37  - 28  -  2 57 40  - 49  -  - 50 19  4 46 35 25 43  - 29 15  7 27 53 20  - 31 10
 12 29 39 57 55 36  7 31  -  -  -  - 18 53 32  9  4 22 25 24 48 49 41  - 27  2 10 60 46 51 56 11 16 47  -  5 14 54 34 33 50  1 23 15  - 52  - 43  - 30  - 59 35  -  3 19  -  - 37 40
  1 16 46  -  - 58  6 41  - 37 26 52 31 17 12 47 11 14 33  4 35 27  - 15  8 48  - 45 49  - 57 38 24 36 42 55 59 60 29  5 25 39  2 21 32  -  - 44 30 23  3 43  - 56 34  9 28 22 53 18
 25 24  - 26 14 57 21 11 28  - 27 23  5  6 43  2  9 47 40 17  - 29  - 52 10 20 41 59 38 45  4 16  -  - 60 33  1  7 37 35 53 30 42 48 44  3 36  - 13 34  8 39 46 55 32 12 58 18 51 56
 36  2  5 59 51 49  -  - 12 28 40 22 11 24  - 10 50 29 58 55  7  9  - 41  6 27  - 39  - 20 38  - 23 52 30  4 43 25  1 44  - 14 15 60 18  - 31 45  -  8 37 32  - 35 13 16 21 48 42 19
  - 15 24 18 42 27 32  6  - 59 33  - 34 11 31  - 21  -  -  7 52 22 53 58 60  -  -  1  - 40 47  -  2 12 25 49 48  5  3 23  -  - 30 39 17 35 57 26 20 29  - 38 44 16  - 14 13  - 54  8
 20 23 10  8 36  - 30 38 25 35  9 40  - 22  1 45 33 59  -  - 16 58 49 29 44 39 42  -  7 55  - 31 56  - 54 41  4 51 11 43 12 17 27 37  - 21 14 60  - 47 57 24  -  - 26 50 32  - 19 34
 41 25 32  -  1 55  - 34 17  - 42 31 36 35  8 19 51 16  5 13 57 45  - 43 58 15 23 46  9 27 60 49 30 33  -  7 21  - 52 26 38  -  3 28  6 47 40 59 14 22 54  - 37  4 20 10 24 11 48 39
 38 28 34  - 16  - 50 17  -  - 11 25 41 59 57  -  - 30  - 18  9 23 36 12 46  -  -  6  - 32  1  - 14 58 44 22  - 29  8  - 55 13  - 47 15 26 52 49 31 60  - 51 10  5  7 20 40  - 35  -
  -  9 37  - 53  8 55 24  6 17 36 54 46  - 50 42 27 15 10  - 12  - 28  - 25 23 56 16 19  - 48 40 49 29 59 20  - 22  7 51 13  4 58 52 35 32  - 14  -  -  - 31 39 60 18 30 38  -  1 45
  9 52  - 25 23  - 38 48 55 58 43  - 15 20 16  -  - 54 53  - 14 26  -  5  - 29 27 31 40 47 30  2  8  - 34 46  - 39 10  - 33 11  -  -  3  - 49  -  -  - 51 35 59 18 19  - 12 44 45 17
 30 33  - 58  - 43  - 27 19  3 12  - 49 50 29 51 16 26  8 37 53 11 17 59 23  -  -  - 39 42 15 36 34 41  4  -  - 14 32  6  - 18 38 44 52  -  1 13 60 10 20 21 47 54 57 24  - 56  9 25
 49 21 58 44 38 19 40 30 52 34 10 48 43  - 47  - 13  - 60  -  2 28 39 51  -  7  9 35 20  1 11  - 46 50 12  - 18  8 42 57 27  6  -  - 55 54 33  -  5  3 31 17  - 14 25 29 15  4 56  -
  - 19 20  - 37 48  - 39  - 40 46  -  4 44 59 33  -  - 47  - 27  2 56  -  1  -  -  - 21 16  - 15 58 30 14 60 32 13 22  3  - 43 31  6  7 45 28 12 52  - 18 26  8 57 24 54 17  9 23 53
 50 32  4 35  - 17  - 10 31 36  - 55  9 26 45  1  - 53 43 19  -  - 51 33 56  8  3 13 59 44 21 42  7 60  5 39 20  - 27  - 41 58 24 46  -  - 37  - 18 25 14 57 54 12 29  6 11  - 30 15
 19 48  - 21 46  -  2 20  - 51  -  6 60 12  7 17 23  -  -  1  8 59 54  -  - 18  -  9  -  - 49 25 44  - 32 26  -  4 33 39 15 41 36 55 14 11 24  5 29 35 27 40 31 38 45 37 42 34 47 58
 47 42 56  - 39  2 23  7 46  - 53 37  6 58  4 13  - 40 57  - 44 54 33  - 43 25  - 30  -  8  - 24  1  - 52 50 34 10 14 41 48 27  - 18 59 12  9 19 16  5  - 15 11 51 36 28 22 55 20 29
  - 14  -  7 26  - 17  - 34  -  - 19  - 57 48  - 36 25  9 16 60 39 58  8 47 44 38 37 51 59 13 29 35  - 53  1  - 42 41 56 45  -  - 22 33 20  3  - 11 54 10  4 50 15  - 23 30 43 18  -
 10 40  8  - 47  -  5 50 32  9 18  -  2 14 49  - 34 35 52  - 58  -  3 19  - 38  -  7  6  - 31  - 11  - 46 15 39 59  - 25  - 21 37 33  - 42 30 54 45 16 22  -  - 43 53 44 55 24 17 57
 14 11 19 13 15  - 59 28 50 26 44 57 42 34  -  -  -  9 20 43 40 24 22 36  - 49  7  4 29  -  3 45 32 56  -  8 37  -  - 30 58  - 17 23  -  - 18 38  - 12  - 48 51 46  -  - 53  -  6 52
  8  - 14  -  - 54 47  -  - 21 39 59  7  -  -  -  - 49 46 44  5 34  - 40 33 30 37 29 25 22  9  - 18  - 24 57 41 52  - 50 19 20  - 27 45  - 16  - 12  1 35  2 13 48 10 58 60 23 15  3
 33 57  - 30 32 44 18 22  2 46  - 53  -  3 55 15 60  -  7 59 51  8 24 47 34 40  6 21 23 36 28  - 54 37 19 10 56 12  5 14  4 48 11  - 42 27 20  9 17 26 29 52 41 45 43  -  - 25 50 49
 22 27 40 32  9  1  -  - 15 38  -  4 51 49 58  -  - 34 30  - 55 17  -  - 36  - 59  - 13  - 43 18  - 26  - 14 23  - 20  -  5 56 57  - 11  - 50 31  2 24 45 19  -  8 12  - 54 53 44 37
 37 53 35 55 34 33  - 60  9 12  -  - 44 16 42 43  6  5  - 40 29 50 52 21 41 45 15  -  - 57 58  - 38 31 17  - 26 56 19 20  - 47 25 32 54 24 39  -  -  4  -  - 36 10 23 11 18  1  8 48
 60 12 11 43  - 40 36 51 29 13 34 28  - 55 54  - 10  -  1  -  - 25 47 44  -  -  - 56  -  - 46 37 17 20  2 31 19  9 18 58 30 23  7 41 50 16 21  - 39 45  6 42 49  - 22 48  -  3 52 27
 54 55 18 10 49 22 12  2  5 60  4  3 29 47 37 57 53  1 45  - 43 48 59 20 35  - 11  -  - 13  - 30 52  - 26 25  - 24 50 46  - 28 39 31 40 34 51 27  - 32 21 33 14  6  - 15  - 17  - 41
 26  - 15  9 28 56 14  8 41  - 13 12 16  2  - 54  -  - 17 50 31 37  -  - 48 59 39 57 44 33  - 10  -  - 55 36  7  - 53 47 42 49 34 29 25 58 32 11  -  -  - 18 24 21  1 43  6 20 46  -
 56 31 49 27 18  - 26 19  - 33 47 20 10 51 22 55  5 17 32 23  - 60  -  9  - 34 54 41  1 37 12  8 53 45 16 24 50 44 30 13 28 15  6 38  - 40 59  - 36 11 48 25  - 52  -  7 39 35 58 46
 52 45  3 15 58 24 60 37 33  -  -  9 47  8 21 29 57 31  4  6 50 19 30 27  - 11  - 20 36  - 26 59 25 42 51 44 12 23 56 17  -  - 48  - 10 39 54 18 55 53 38 13  - 41  - 22  7 32 43 14
 17  - 41 33  4 46  - 58 13 32  -  8 26  1 20  - 30 10 12 39  - 44 18 48 50 21 40 14  - 23 45 22 59 55 11 56 15 37  - 53 16  2 54 51 60 57  - 47 49 52 19  7 34 36 28 35 27 29 24  -
