2880
 52 18 59  2 44 38 24 53  - 42 45  - 48 55  - 16 36 37 29 17 40  7 56 43 10 26 15  - 47 27  1  8  9 46 58  - 13 14 34 22 11 20  -  5 41 32  3 31 19 50 12 23  4 57 25 49  6 21 33  -
 35 33 10 56 53 57 18 39 41  9  -  - 43 59 37 42 45 34  - 19 28  6 40 36 22 31 20  - 15 25 17 50 58  -  3  1 47 11 44 54  -  2 27  8  -  -  - 32  4 46  7 60 14  - 38 55  - 29 13 52
 33 20 15 38 45 23  - 47 40  4 30  8 36 11 50  - 43 51 57 37 41  5  - 54  -  -  7 35 42 44 14 16 59 56  2 25 24  - 21 26 17 49 28 58 13 53 39  -  -  - 27 12 52  6 34 32 10  3 46  -
  - 16 35 59  - 52 34 12 37  - 14 54  - 20  5 45 44 24 55 36 11  -  - 10 42 15 39  - 31 22  -  2 17  7 46 13 60  3  -  8  9 38 21 23  - 26 49 57 56  -  -  - 41  1  - 19 32 53 51 47
  -  2  - 10 30 40 22 17 26 57 31 45 11 19  8 35 27 54  6 15 44 53 16 58  -  9  3 39 23 42  - 43 46 55 47  -  7 20 56  - 14  -  - 60  4  -  -  - 38  -  -  1 24 37 13 51 21 32 49 34
  - 19 14 21 57 44 43 35  - 36  - 13 28 15 54 56 24 55 32 52 59 46 53 37  - 45 27 50  9 11  - 18 42 47 16  7 51 22 41 23 38  5 49 20 33  3 17 10 29 48 40  -  2 12  8 34 30  - 60 39
  7 25  - 26  - 48  -  4 34  - 24  6 40 38  -  - 28 41  5 27 50 37  1  - 57 36 47 58 13 45  - 12 30 39 23 15  - 32 14 43 35 51  9  -  8 42 33 46 31  - 53  - 22 18  - 17  3  - 19 10
 44 48 11 16 20 49 58 19  6 15  8 59  5  - 29 37 60  -  -  1  - 30 23 32 51 24 56 55 52 26 31 22 54 17 21  - 12 38 10 39 25  - 34 45 46  - 47  2 40  3 14 53 33 36 27  - 57 41 42  -
 31 53 25 40  -  -  3 51 10  - 34 11 21 43  - 29 15  -  4 30 13 55  -  - 17  2  9  - 14 50  - 36  5 22 48  - 42  - 49 44 47  6 18  - 37  1  - 60 33 56 45 39  -  - 58 38  -  7  - 26
 17 22 45 39  - 58 44  6  7 60  9 25  4  8 46 52  - 11 30 38 35  3  - 24  - 37 18 34 43  - 15 40 33  1 14  -  5  -  - 31  2 36 48 12 10 16  - 42 51  -  - 55 57 19 28  - 54 20 23 49
 46 36 30  1 54  2 14 18 33 21 29  7 26 56 60 51 52 38 31  -  9 35 58 28 44 11  -  8 24 48  - 27 37  -  -  - 20 47 32  -  - 41  - 16  - 34 13  6 53 10 23 25 39  3 59 40 45 22 12 15
  9 40 27 11  - 51  4 56  - 23 17  - 37  6 25  1 49  - 39  8 48 47 41  - 60 54 31 16 33 57 43  - 45  - 50  - 35 53 24  - 21 29 19 32  - 20  7  - 13 36  -  3 26  - 46 58 18 34  -  -
 59 46 53 25 22  -  - 32  - 38  - 47 24  -  - 54  - 48  8 50  - 16 31 45  9  4  5  6 49  3 21 37 34 51 60  - 11 30 26 18 23  1  - 39  -  - 27 55  - 15 42  2 40  - 14 20  - 13  -  -
  2 47  1 36 32 34 56 42  - 55 49 22 16 30 26 39 46 13 24 20  3  - 43  - 23 50 54 14 27  8 44  9 21  - 11 12  -  4  - 45  7 25 29 19 53 59  - 35 60  - 52  - 58 17 57 31 33 28  - 37
  - 32  - 45 25  - 50 23  - 48 46 21 41  - 28 47 56  -  -  2  - 18  3 29  5 10  -  - 26  4 30 35 39 16 31 40 49 51 60 11 13 52 33  9  6 14 59 34 24  7  1 42 17 43 12 54 15 37  - 58
  - 44 13 17 28 11 31 15 45 30 27 16 20  - 47 33  8 36 51 12 21  -  7  - 19 22 23  9  -  -  5 25 49 29  - 54 52 43 53  - 32 46  - 26 57 18  - 37  3 40 58 50 10 59  4 39 24  2  6 48
 12 21 28 47  5  - 33 34 24 14 53  - 31 58  -  - 29  8 10  - 51 25 11 50 13  1  -  -  -  7  4 48 44  3 22 35 54  - 52 27 39 42  - 41 17 23 19 43 49 20 32  9 37 45 26 15 46 56  - 38
  -  5  -  - 40 20 23 57 49 10 42 48 13 37 24 22 39 18 25  -  -  -  -  - 15 41 16 29 12  - 52  -  8  - 54 17 36 56 58 32 44  - 43 14  -  -  2 47 21  4 28 34 35 53  -  - 27  - 50 51
  -  - 44 13  -  1 21  - 47 34  - 20 17  -  7 27 33  4 58 10 49 24 60  8 45  - 42 30  -  - 22 46  - 15 25 59 29  -  5 53  6 43  - 35 39 51 32  - 28 52 26 38 23 16 18  2  - 19 57 50
 38 43 18 37  -  5 55 31  -  - 60 35 15 47 48 10 22 42 45 16 27  4 44 14 30 17 21 12  3 59 25 39  6 36  -  - 41 58  8 29 24 53  -  7 49 28 57 33 52 11 19  -  1 40 32  - 50 54  - 23
 37 31 39 15 10 36 40  9 16  - 28  2  -  -  - 19 38  - 41 44 52 23 32 18 55  8  -  - 20  -  -  3  7 33 17  - 58 12  -  - 59 48 46 57  - 29 56 54 14 30 35 49 21 27 22  -  4 47  1 11
 41  3  - 57  - 37 10 29 55  - 47 56 45  2  4 28 58 12 17 48  - 40 21  -  - 18 22 13  - 15  - 34 32  6 59 42  -  -  -  - 36 16 11  1  9 38  - 20  8 49 60  - 51 50 31 14  7 35 26 30
 29 59 60 54  - 46  -  1  3  - 15 10 44 23  -  2 26 14 35 24 36 33  - 17 16 56 52 45  4  - 58  -  -  - 30  -  - 41 38 28 18 32  8 50 55  -  6  - 27 34 57 22  7 11 53 47  - 49  -  -
 22 24 23 41 37 33 32 20  8  7 51 17 56 27 30 60  2  1  - 43  - 42  9  - 35 47 29 31  6 46  - 11  -  - 55  - 16 18  - 48 50  4 52  - 59 45  - 13 10 28 54 58  -  - 40 26  - 15  -  5
 57 26  3  7 56  - 47 49 14 41  - 23 60 21 39 17 54 52  9 51  - 27  6 38 50 30  -  -  8 20 28 15 36 11 37 55  1 35 25  -  - 33 59 29 43 12 53 22 32  5  2 24 13  - 10 42 19 16 40  -
 60 11  -  5 42 50  7 26 56 22  - 28 58 53 32  - 18 47 38 46  - 17  -  3 33 21 36  -  - 52 55 10 23 13  9  -  - 31 57 51 27  - 40 44 45 49 43 41 54 12  - 19 48 29  2  - 20  4 59 25
  6 23 32  - 21 26 59  2 43  8 54 12 46 49 20 41  3 56 11  7 14  - 25 16  - 28 58 44 22 29 45 38 24 19 53 34  -  5  - 42  -  - 39 48 36 27 40 17 30  - 15 18 31 55 33 60 35 51 10  -
 47 15  2 14 43 18 29  -  9 53 41  - 38 60 10 23 19  - 56 40 12 50 22  - 49 42 33 36  - 16 32 45 13 52 39 21  - 57 31 24  - 30  6 54  5 58 35  7 17 26 46 37  -  -  -  -  -  1  4  -
 11  - 33 30  3  -  - 13  1  - 57  9 51 44 22 15  5 39 21  - 46 56 29 47  4 32 53 38 37 36  - 26 31 49 41 27 10 19  7 16 58 60 17 43 50  - 20  8 18 23  -  6 55  - 42 25 28 48  - 59
  5 10 42 44 52 12 45 55 57 31 25 27 50 26 58 38 13 21  - 23 56  - 15  -  -  - 28 17 40 34  2 24 47 14 35  -  4 48 19 46  - 54 60 51 30 33  - 39  9 53 36  - 49  - 41  - 43  - 22 32
 36 57  - 53 34 32  9 28 22 46 21 52 33 17  - 20 51 43 40 42  - 15 54  7  8 49 10  5 16 13 48  1  - 41  4 23  3 44 18  - 31 35 56  2 25 11 30  - 59 55  - 26 47 58 50 37 60  - 27  6
  -  - 29 19  - 25 11  -  -  2 43 42  3 45 31 50 47  - 52  6 55 60 46 41  -  -  4 40 48  - 27 57 18  - 32 36 17 26  - 56  -  -  - 53 24  -  - 51 37  - 33 59 34 38  9  -  1 23  5  7
 30 12 20 29  -  9  - 44 27 16  - 31  -  -  - 59 23 49 26 35 32 28 37 42 14 39 57 11 19 21 54 47  - 58 33 22 18  2  1 52 53  -  7  - 56 10 24  -  5  6 17 46  - 60  - 43 55 38 25 41
 53 37  4 27  8 60 46 40 44 50 52 36  7 25 38 13 16 23  - 49 22  - 18 26 12 33  1  -  5 30  3 14 11  - 42 19 34 10 39 35 56  - 31 28 48 15 55  - 57  9 51 21 29  -  6 24  -  - 17  2
 58  4 16 55  - 31  1 60  -  6 11 19 10  -  - 32 34  5 18  - 20 39 59 22  7 48  -  - 41  - 13 21 29  - 36 52 57 45 46 49  8 23 37  -  - 30 28 15  - 43 44 33 38 56  - 35 42 26 54 27
 13  -  9 52  -  -  8  - 18 54  -  -  1  -  - 26 25 60  2 55 16 59  5 48 58 40  - 22 29 33 10 23  - 37 28  -  - 49  - 21 43 56 15  6 20  - 38  4 12 17  3 47 30 24  7 57 11 39  -  -
 16 55  -  8  6 39 19  -  -  -  3 40 32 10 18 30 14 26  7 60 37 21 34  2 27  - 49 54  -  1 46 58  - 44 12  - 53 50  - 13 15  - 24 33 22 17 31 38  - 29 56 57 36  - 43 23  9  - 45  4
 43 17 46 34 18 16 25 24 36 33  1 50 57 54 55 48  - 29 12  -  - 31 42  4 38  6  - 49  2 58  8 28 52 20 10  -  -  9 23  3 26 19  5 59 14 13 11 30  7 35 37 27 32 51 39 22 41 60 47 56
 20 56 12 46 24 54 15  -  - 32  2  1 27  - 14 31 35  3 37 33 58 19 57 49 48 23 59 52 44  - 53 29 26  8 43 50 40  - 17 47 55  -  - 30  -  - 36  9  -  -  -  5 18 25 45  - 34 42 28 60
 10 27 48 58 11 47 20 38  - 13  -  5 49 35 19  4 32 22 23 41 18 57 36 30 40 46 25  2 51 55 50  -  -  - 15  9  - 52 37 60 29 59 14  - 16  - 45 26  1  -  -  8 54 28 24 44  - 12  -  -
  - 45 43 28 19 15 41 37  - 47 59 58 12  -  3 11  1  7  - 39 60 22 17 53 54 27 38  4 56  6 16 44 14  5 29 48 31 33 55 25 46 10 23 49 21  8 52 40 26  2 30 32 20  9 35 18 13 50  - 24
  3 50 21 49 23 24 60  7 38 45  4  - 22 33 59  - 41 17 20 58 39 51 35 15 34 19 55  1  - 18 56  6 40 30  - 29 27 16 54 12 28 14  2 42  - 37  - 53  - 25 13 10 11 31  5 48  - 36  -  8
 42 51 37 35 47 13  5 25  - 59  - 18 52 14 49  - 55  2 34  - 26 10 19 39 24 43 11 53  - 32 12 20 60 50 27  - 23 28  9 57 33 22 45 40  7 21  8  - 36  1 31 16 15 48 56 30 44 46  -  -
 50 39 55 12 51  - 57  - 58  3  - 14  -  - 41  8  4 19 36  9 23 32  - 33  6 44  - 48 10 56 26 17 25 35  - 30  2 34  -  - 42 47 53 21 27  - 37 16 11  - 38  - 43 46  1  - 52  5  - 31
 45  -  - 43 59  - 39  -  - 29  6  4  2  3 44 46 30 58 13 28  - 38 52 34 41 12 35 32 50 47  - 31 10 26 24  - 15  - 11 40 60  8  - 56 19  - 18 36 25 14 20 17  9 23 55 21  5 57 16 33
 26 34 41 51  - 10  - 48 19  - 39  - 23 22 57 55  7 31  - 32  - 14  4 56  2  -  8 46 59 24  -  -  - 45  1 33 28 13  - 36  -  -  - 18 35 43 16 44 58 60 21 52 42 49 54  - 38 17 37  3
 23 13 47 42 33 29 49 10  -  1 55 60  6 24 34 36 11 59  - 53 54  - 28  - 26 51 48  7 21 17 38 19 57  -  -  3 14 15 22  4 30 27 32 37 58 50  5 18  -  8 25 41 16 35  - 52 12 45  - 40
  -  - 24 18 55 59  -  - 32  -  - 43 47  7 33 34 20  6  -  3  8 12 50  9  - 60  - 42 38 23  - 54  -  - 57  -  -  - 30 17  1 21  - 27 11  -  - 52  2  -  5 48 19 13 51 36  - 40  - 53
 21  7  -  - 31 27  - 33 30 28 12 24  -  - 11  -  - 32 53 57  -  8 14  - 56 34 40  - 58 43 19 59  - 54  - 39  - 23 16 41  -  - 38  4 15 47  - 49  6  - 18 36  3  - 60 29 17 10 48 55
 27 52  -  -  1 56  -  - 50  - 23 34 55 29  -  - 57 30  -  -  - 26 47 21 28  -  - 10  7 12 37  - 43 18 49  4 22 46  - 38 48 17 41 25 44 19  - 58 15 54  8 20  5 39  - 33  -  6  -  9
 28  6  -  -  7 42 30 43 52 18 40 53 35  4 23 44  - 45 60  -  - 58 27  1 11 16 24 59 34  5  9  -  - 31 19 41 38 17  2 37 54 26  - 15  3 36 50 56 39 32 49 51 46 22 29 12  8 25 21 14
  -  - 58 32 13  - 36 22 48 37 20 33 53 50  6 14 21 10 47 56 19 44 12 55 43 25  2  -  1 39 59  4 38 27 45 46  9 40  - 15 51 57 26 24 23 54 60  5  - 42 11 30  -  7 16  3 49 52 31 35
 32  -  -  6 15  - 38 16 25 40 36  - 19 39 17  5 48  - 50  -  - 49  2 13 59 57 46  3 54 28 20 51 56  9 52  8 33 55 35  7  -  - 58 22  1 41 34 23 43 47 10  -  -  - 37 27  - 31 11 21
 24 49 34  9  -  7 17 50 60 52 13  - 30 16 36 21 31  - 48 47  5 43  - 23  3 58 37 15 53 54 35 42 27 25  6 57 32  1 40  2  - 28 10 11  - 55  -  - 45 19  -  - 56 26  - 46 22  8 44  -
  -  1 17 33 26 43 13  - 46 20 18 37 14 34 15  -  - 53  - 11  7  2  - 44 39 55 41 56 32 35  - 52 19 59 40 24 30  - 36  9  4  3  - 38  - 60  - 45 23 21 47 31 12 10 49  5 16  - 29 22
 40  - 19 23 60 30 26  -  -  -  5 55  -  -  1  - 12  - 14  -  2 54  - 11  - 52  6 33 36 37 51  -  -  -  - 10 21  -  3 20 57 31 16 13 34 39  -  -  - 41 48  - 50  -  - 53  -  9 35 45
 39 60 36 24 12  - 42  5  - 17 38 46 34  9 27  3 37 57 15 22 47 52 51 40 32  - 43 20 45 31  -  - 48 23 26  6  8 21 13  1 49  7 44  -  2  4  - 14 55 33 41 29  - 54 19 50 59 11 30 16
 25 58  8 60  -  3 27  - 23 19 56 49 54  - 43 12  - 28 59 14 30 45  - 57  1  7 32 26 46  2 33 53 15 34 20 16 50 42  4  6 37 39 13 31  - 22 21 11 47 51 55 35 44  5 52 41 40 24  - 18
 14 38 31 50 58 21 28  8 54 49 32 44 59 52 56  7  - 40  1 26 17 36  - 51 46  5 12  - 55  9 39 41 16 24 18 11 48 25 42 30  -  -  4 47 60  2 22 19 35  - 34  -  6 20  - 10 29 33 15  -
 15  8 52 22 35  6 53  3 13 56  7  - 39 46 12 18 50  -  -  5 43 29 30  - 36 38 34  - 60  - 11 32  - 28 51 45 26 59 48 14 16 40  1 55 31 57 10 21 42 58  9 54 27 47 17  - 37  - 24 20
