2880
 10 50 42  2 35  - 17 11 47 55 14 53 36  - 49  -  7 60 18 41  5  9 46  3 40 19 27 26 45  8  -  1 20 31  4 33 24 54 58 25 34 43  - 57 22 37 44 59 56 23  - 51 32 30 52  - 48 21 39 16
 54  6 38  - 56  -  -  - 32 52 51 23 57 58 27  3  - 50  -  -  -  -  - 53 20 16 22  -  8 40 39 25 18  5 35 21  -  - 11  -  2 26 48 17  - 13 41 30  -  9  4 49 42  - 37  7 33 60 12 46
 26 60 43 58  - 34  - 15 38 18  -  - 50 14 24  -  2 29 48 23 44  - 20 51  6  7 55  5 10  -  8 28  - 52  -  - 21 39 17 42 27  - 16 54 31  3 12 25 36 49 40  - 35 53 45  - 13 59 57  -
  6 48 28 59  -  - 26 38 41 47 27  -  8 43 44 52 22  - 16 31 29 20 25  5 33  2  - 17 13  - 42 46 36  7 56 50  -  3 23 45  - 14 57 11 49  -  4 32 51 10 18  9 58 39 12 34  1 40 21  -
 44  - 25  6 53 11 31 23 42 51 57 22 16 34  1 29 40 19 20  - 46 39 32 59 15 13  - 27  9 17  7 30  5 37 21  3  4 47 49 54 52 12  8 33  - 18 55 43 28 36  2  - 14  -  - 38 45 26 60  -
 41 19 59 53  7 45  - 50  5  - 48 32  - 27 54 38 17 56 26 12  9 57 22 10 42 39 16 31  2  - 28 29  - 51  - 11 55  - 15 46  6  - 30  4 24 35 43 21  1  - 36 58 37 49  8 25 47 52 34 20
 50 57 32 43 55 58 54  -  1 21 12 40 23  - 42  -  - 52  5  2 19 29 13 56 60 33  - 20 37  4  - 41 25 22 30  - 44 17 51 34  9  6 35  - 16 39  7  - 11 26  8 38 31  - 48 15  - 18 46 59
 58 12 41 39 34 22 60 52  8  4 32  - 20 11  7 43 38 27 33 18  3 26 59  6 37 23 57 35 28  2 54 24 45 50  - 16  - 40 53 56  - 13  - 15  1 31  - 51 30 42 47 29 21 46  - 44 10 14 49 55
  9 26  - 42 11 54  2  - 24  - 20  - 47  - 17 31  - 58 43  - 34  - 27 28 14  8 29 57 51 16 12  - 30  - 36 23 18  - 46  - 32 56 15  - 60  1 59  - 41  - 50 13 33  7  -  - 39 49 55 10
 33  2 16 38 30 37  -  - 11  - 24 13 40 18 23 60  8 44 47 51  - 52 12 26  - 34 58 15  7  -  - 45 10 25 31 43 17 28  - 32 20 39  3 29 55  4 49 57 19 50  - 48 36  - 27  9 54 22  1 35
  - 36 34 46 31  - 37 56 33  - 29  -  3  7 57  - 12 42  - 40  - 14 15 58 41 26  - 25  -  -  - 35 48 55 54  4  - 53 20 11 16 27 47  - 52  6 30 10 50 28 22  8  - 43  - 23  - 17  - 39
 15 25 26  9 28  - 23  - 34 14 55  -  1  - 31  -  - 36  2 38 49 35 53  8 27 60 47 58  - 22 33  -  -  - 40 39 52  - 30 10  3  5  - 24  - 29 32 46  - 51 57 12 44 37 18 21 42 56 43 50
  3 17 50 56 42 38 13  5 48 37 53 24 22 59 47 58 44  -  6 10 18 40 14 57 34 15  - 12 36  9 25 27 16  4 51 46 28  8  -  -  - 52 49  - 30 54 29  -  - 55 11  7  2 20 39  -  - 32 19 31
  - 59 23 37 18 10 20  - 55 27 17  -  - 28  8  -  -  7 41  6 26 43 47  1  -  - 48 38 40  5 22 51  - 36 14 19 54 30  4 57 29 33  - 25 13 34 46 39 58 24 44 53 60  -  9 32 50  -  - 52
 55  4  2 44 50 47  - 35  -  - 58 51 26  - 45  8 20 54  -  1 43 38 28 37 31 52 49 41  - 18 57 32 53 56  - 29  - 16 22  3 60 30 13 36 23 48  9  -  - 25 27  -  7 17 10  5 12  6 24 40
  - 21 56 10 48 25  9 49  4 58 11 54  -  - 28 14  - 35  - 20 45  - 60 13  - 31 52 50 32 29 34  5  -  1 55 42  -  -  8 41 18 16 12  - 51  - 27  -  -  - 26 39 30 57 46 47 36 19  -  6
 57 15 49 54 51 30  5 27  - 24  -  -  - 20 34 53 26 28 39 60 55 56  - 25 58 29 35 42 23  - 43 10 11  6  -  9 32 33  3 40  - 50 59  - 18 21  2  7 48  - 46  -  4 22 36 31  8 45 37 14
  - 52 39  - 25  8  - 41 27 36  -  - 33 45  2 48 18  - 10 30  - 60 51 22 29 12  6  - 19  - 11 13 57 46 34 24 26  -  1 31 44 42 50 55  - 28  5  3  4 54 15 14  -  - 43 58  - 38 59 23
  - 34  -  -  - 52 51  - 28 56 54 27  - 29 14 13 23 12  8  - 35  - 33 50 10 38  9 48 46 36  3 44 31  - 41 18 20 19 39  5 21 25  -  - 40 15 24 47 17 11 49 37 22 26  -  2 55 58  4  -
 13 47 58 11 38  -  4  - 49  8 28  - 27 42 26 12  - 20  - 17  1 18 30 52 51  - 39 34  3 35 59  6 19 16 53 57  -  9 31 24  -  - 43  -  5 36  - 54 22 32 55 33 45 44  7 40  -  2 41 25
 11 10  -  -  2 50 43  - 60 57 59 20 55  4 18 51 36 40 52 53 13  - 37 38  -  - 14  - 47 21  - 26 24 39 46  -  3 49 56  - 54 32 31  6 19 25  1  -  - 22 34 28 29 42 35  - 58 30  - 33
 37 18  -  - 13  7 29 24 52  - 60  - 38  -  9 23 49 55 34 22 17 54 31  - 46  - 53 51 27 48 36 56 26 14 59  -  8  6 50  - 43 11 40 58 10 57 42 41 45 15 30 21  1  2  -  - 44  3  -  5
 51 41  - 12 60  -  8 17 19 23  - 30  - 57 58  - 10 21 15 49 14 53 55  -  -  - 40  7  -  - 38 50  4 28  -  -  1 26 33 27  - 46 52 35  - 24 31 11  - 29 16 36  - 32 34 59 18 47 44 37
 53  - 54 26 14 16 38 29 22  - 19 48  6 39  - 20 24 31 51 50 41  - 35  - 55  9 59 32 44 27 18  4 52 12  - 60 11 10  2 49 17 45 46  -  7 30 57  - 23 43 21 47  - 28  -  -  5 15 58  8
  - 11  - 13  - 28 49 21  7 30  -  -  4 38 22 32 60 16  -  - 23 44 41  -  2 37 18 54  6 12  - 31  1 10 24  -  - 45 43 55 56  - 42  - 20 40 25  5 39 47 51  -  -  - 26 57 53 50  3 17
  2 31 46 51 40 19 34 13  9  - 26 47 30 49  3  - 55 37 53  - 52 48 58 35 59  5  - 36  - 43 17  7 54 57 23  - 60 32  -  4  - 10 44  - 33 42 16 12 27 39 28 15  6 45 20 56 41 24 18  -
 52 14  -  -  - 20  - 45 10  7 34 42 17  -  -  5 29 46  - 43 51 16 21  - 11 35  3 39  -  - 56 40 50  -  8 47  9  4 26  - 31 60 53 18 44 22 15 55 32 19 38  2 54 59 58 41  -  -  - 12
 46 42  7 52 59 27 50  8 58  5  - 19 32  - 33 35 16 14 36  -  -  -  - 41 21 40 31 30 54 10  - 15  -  - 49 44 22 37  -  - 11 55 60 51 12 45 20  6 18 34 23  3 38  1 57 29 24  - 13 48
 27 51 36 20 43 26 32  - 56 10  - 50  -  9 21  4 42 57 25  5 30 47  3 40 28 44 33 59 49 39 14 54  - 13  - 48  7 15  - 16 53 23 22 31  - 55  -  -  - 52 37 18 19 11 24  -  2 29  8 34
 30 55  6 29  5  - 39 20  - 15  - 38  - 37  4 36 58  -  - 24 54 13 18 21  1 10  - 16 25 47 48 60 12  -  7 34 59 23 35 14 28  -  9 52  8 50  -  -  - 57 33  -  - 31 22  -  - 53 45 56
  4  8  9 14 17 57  -  - 30  -  6  - 21  - 52 55  - 13 46  -  7 41  5  -  -  1 12 53 59 42  - 43  - 15 11 45 51  - 40 36 24  -  2  3  -  -  - 18 47 58 25 35 48 23 54 20 22 10 50  -
  - 28 27 16 22 41 42  3 21 29  -  -  - 24 40  -  - 25  - 37 31  8 19 33 47 51 23  1 30  6  - 18  9 54  -  5  2 57  - 52  -  - 58 49 56 17 35  4 53  -  - 26 46 14 60  - 32 44 38  7
  5 27 35  -  1  2 48 10  - 40  3 14 56 30  - 45 13 38 44 55 47 25 54 11 53 36  -  6 16 58 41 12  -  9 33  -  -  - 37 50  - 24 39 22 26 49 18 29 21 59  -  - 43 51 19 60 57 34 28  4
 22  -  - 50 32 39 47  1 37 35 44 57  -  - 48 30 25 33  9 34 12 59 42 46  7 17  2 10 18 15 31 19 49  -  3 51 23 52 21 29 45 36 56  5 58 27 54  8  6 53 24 43 11 40 55 28  4 13 16 38
 38 39  -  - 16 43 53 54 17 34  -  8  2  3  - 46  - 22 40 13  -  6 29 55 18 41 32 33 12  -  - 37 56 42 27  - 57 60 52  1 30 31  7 45 25  5 50 24 26 21 10 23 47 58 14 51 59 20 11 49
 28 38  - 48 58 31  - 55 54 13 36  - 45 16 41 10  -  3 57  - 37  -  - 42  - 53 26 19  - 32  2 33 51  - 29 22 12 35  9 44 40 59 25 21 46  7 47  - 60  1 20  - 24  6 23 14 34 43 17 27
 36  9 15 40 52 33 25  6 53 42 35 55 48  5  - 19 21 59 45  3 10 32 24 14 39 46 28  -  -  - 60 49 47 38 57  1  - 29 18 22 26 41  - 50 54  2 17 58 16 44 56 34 12 13  4 11 27  - 20 51
 60  1 31 57  - 59 44 40  2 19 21 58 29 23  - 33 28 49 12 11 27 10 17 18  5 24 42  - 41 13 30 34 14  - 52 54 39 46  6 35  7 15 32 16  - 53  3  9 37  4  - 25 26  - 38 48 20  - 56 47
 19 56  - 49 45  -  - 14 36 59 46 39  - 54  - 57 50 26 32 16 24  -  7  -  4  - 44  -  -  - 23  - 40 47 15 13  6  1 41 21  - 17 33 38 53 10 58 22  2  - 60 42 18  9  - 27 43  5 52  -
 34 33 24  7 41  5 56  - 18 16 40  3 10 46  -  - 57 53 30  - 58 12  9 23 45 50  - 60  - 52 47 11 32  -  2 31 38 22 13  8  -  4 51 20 27 26 28  1 15  6 35 54 55 48 49 17  - 37 14  -
  1 49 29 28 20 60 18 32 43  -  -  2 58 44 25 37 33 48 14 45 57  -  - 54  - 56 46  3  - 50 55 52 21  - 13  - 19 24 34 23 47  -  4 26 11 41 38 16  - 12 39 17 59 27 15  6 31 42  -  -
  8  7 11  4  - 17  - 26 46 39 18 33 34 13 51 50 41 10 35  - 25 30 38 12 48  - 20 49  - 53 32 14 27 24 45  - 47 44 55 15  1 37  -  - 29  9 23  - 40 56  3  - 57  5  - 22  - 36 54  -
 14 37  1 60  - 51 21 28 13 11 23  4 18 19 35  6 15 47  -  - 16 55 34  2 43 30  5 24 22 31 26  9  - 29  -  - 25 20 12 38  -  3 36  - 57  8 39 49 52 40 32 44 53  - 56  - 17 41  7 45
 49 43 10 21  - 55 36  -  - 54  -  1  - 41 56  -  -  - 60 28  8 23  6  - 57  -  4  2  - 19 13 59  - 34  -  - 58 48 14 17 33 38 37 39 50 51 45  - 12 16  7 24  -  - 44 18 40  - 47 30
 25 32  3 23 29 46 45 33 57 22 49 56 24  - 38 47 53  2  - 52 11  5 50  - 12 18 15 43 17 14 58 55 42 20  - 27 40 36 59 39 10 48 19 34  6 44 37 13  8  7 41 31  9  - 28 54 30  1 26 21
  - 58 14  - 47  - 27 25  - 26 39 36 11 17 20 16 56 43 13 44 50 22 57 29  - 54 38  - 35  1 24  - 55 60 18  - 30 59  5 51 49  - 10 41 15 23 53 45  -  2 19  6 52 12 40 46  -  7 32 28
  - 44 21 22 39 12 41  -  - 49  5  - 53  8  -  - 54 15 29 27  -  - 11 17  -  3  - 18  1 26 45 20 35 33  6 38  - 51 32 60  - 58 55 28 36 59  - 31  9 46 13 10 56 19  2  4 14 48 30 42
 32 45 47 31 37 21 46 30  -  -  9 10 44  -  - 26 52  - 17 42 56 27 40 49 16 58 24  - 53 51 50 23 13  2 28  - 48 34 54  - 39  1 18  -  4 38  - 15 57 20 12 22  3  - 59  8 35 25 29 41
 21 40 53  3  9 56 24 44  6 12  8  -  5 52 50  - 30 23 49 58 15  - 39  4 22 43 25  - 48 33 51 42 38 19 37  7 29  -  -  2 55 54 20 10 17 14 60 26 13 35 59 32 34 18  - 45 28 11 31  1
 35 22  5  1  4  - 30 19 45 25 47 17 51 32 10 59  -  8 23 56  2  - 16 27 54 11 50  - 33 41 29 57 39  - 44  - 49  7 24 43 38 18 34  -  -  -  - 20 55 31 53 52 15 36  6  - 26 28 42 60
  - 29  - 32  - 14 16 39 23  - 15 46 52 31 60 49  - 18 59  8  - 11 56 24 35 22 30 21 38 57  - 47  7  3 17 26 53 58 25 13 19 28  1 48 42 43  - 44 54 27  -  5 50 41 51 10  - 12  6 36
 12  - 22  5  -  1 10  4  3  6 50  - 31 35 59 21 45 32  - 48 60 34 36 19  - 28 54 14  -  - 20 39 17 18 43  2  - 56 27  9 42  7 11  8  - 52 51 33 29 41 58 30 13 25  -  - 15 23 40  -
 20  5 57 19 12  - 11  - 29  9 10 18  - 22 15 44 35  - 55 26 42 50  4  - 32 25  -  - 58 54 52  - 28 23  -  - 27 43 60  - 37 47 21  1  2 56  8 40 34 14  - 45 16 24  3 36 51 46 33  -
 47 54 17 36  -  -  6  -  -  - 25 31 41 53 11 40 51  4 28  7 33 45 48 20 19 55  -  8 24 23 21 16  3 43 26 14 34 12 10 58 46  - 29 59 35 60 56  - 49  -  - 57  5 38 30 42 52 39 27  -
  7  3 12 34 54 32 40 58 59 60 43  6 39 50 53 18  1 45 56 47  4 42 23 44 26 49 21 29  - 30 46  - 37 27 20 17 31 25 28 48 51 57 24  2  9 11 14 36  - 33  - 55  -  8  -  - 16 35  - 19
 31 35 40  - 26  - 57 51 16  - 37 12 43 60 29 34  -  -  - 33  6 46  2  7  -  - 36 47 52 49 15 58  8 45 22  - 56 50 19  -  -  -  -  9 21 20 11 48 25 30  -  - 10  4 17 53  - 27 23  -
 43 16 20  - 10 40  -  - 50 17  -  -  -  2 46  -  - 51  7  4  - 28 45  -  - 32  -  - 26 56  1 36  - 11 42  6  -  5  - 12 14 53 54 27 34 58 21 37 24  - 31 19 49 33 29 39 23 57  - 13
 29 23 48  -  - 44 12 57 40  - 38 59 25 36  6 17 32 34 54  - 21 24 49  9 52 47  - 45 39  -  4  2 41 58 50  - 46 18  - 30 22 35 26 56 37 16 10 19 43  5 14 27 28 55 42  1 11 31 51  -
 16 30  - 35 46  3 52  - 44  - 33 21  - 55 12 39 14 24 31 57 22 58  -  - 25  - 51 23 56 11  -  -  -  - 10 49 41 42 48 18 36  2  - 32 38 47 13  - 59  -  - 60 20  -  1  -  7  -  5 15
 17 53 37 45 21 36  7 18 35  3 31 44 46  1 43  2  - 41 27 54 28 19 52 32  8 57  - 40 14 34  9 48 29 26  -  - 13 11 16 33  4 51  5  - 39 12 22 38  - 60 42 20 23  - 50 49  -  - 25 24
