2880
 38 15 32  8 35  -  3 24  5 18 43  7  - 29  -  - 60  - 30  4 13 42 58 22 59 46 44 37  - 36 10 11 40 51  -  9  - 23  6 53 28  - 54 34  2 57 16 27  1 19 12 17 21 47  - 26 56  - 49 45
 21 56  2 52 51 16 24  3 40 29  8 14 25 13 58  6 31 23  9 57 47 28  -  - 18 44 38 30 27  5 54 60 36 50 43 59 11 20 55 49  -  1  4  -  - 35 22 12 45 26 46 37 48 53 42 17 39 41  7 32
 51  1  - 44  3 21  6  - 56 59 29 37 31 12 57  - 22 53 39 58  -  -  - 26 13 15 46 33  7 25  - 19 14 41  - 52  - 47  - 32  4 34 50  - 45 23 54 24  2 20  - 49 42  8  - 40 55 38 11  -
 48  8 45 38  4  - 10  1  - 26 28  5  - 46 56 31  6 60 44 32 22 14  9 51 57 16 27 42 15 21 25 59 30  2 17 34 13 52 20 37 39  - 55 50 53 19 24  7  - 35 40  - 43 41 23 47 11  - 58 29
 36 16 43 37 58 29 26 53  7 41 39  9  -  6  - 59  - 47  - 60 19 52 15  - 35 30 24 20 28 23  -  - 32  - 56 27 45 51  - 38 55 18  8  2 40 44 17 33 31  1 22 14 46  - 10 48  - 25 42 12
  - 19  - 20 53 23  -  - 38 55  9 51 59 48  2  7 52  1 16  8 29 31 43 37  - 41 12 39 17 33  5 15  3 24 44 45  - 32  - 46 50 57 47 58 28  - 40 54 36 27 25 30 34  - 13  - 18 35 21 42
 55 47 20  5 30  8 37  -  - 51 49  1  3 35 29 24 10 15 34 46 21  7 39 18 50 14 31 54 42 59 40  - 26 60 38  -  6 25 53 28 57 58 17  - 41 52  -  - 33  2 16 12 56  9 32 43 44 45 27 23
 45 26 48 18  -  3  - 54 14 23 55  4  - 50 16  2 46 38  7 44 39 11 13 27  8 37 42  - 10 17  - 41 34 20 49 30  - 43 40 52 60 53 31  -  1 56 28 21  -  - 59 15 25 32  -  -  6 12  - 36
 19 44 53  9 57 59 45  - 34 52 38  8 55 26 43 46 54 25 18 28  -  6  - 21  - 10  7 35  4 58 20 32 24 33 37 49 16 14 30  -  - 48 56 27 42 15 47  - 22 23 41  3 40 36 17 13 12 50  5  2
  6 17 44  -  -  9 30 38 35 46  - 40  - 33 13 32 58 27 48  2  5 21 18  7 49  -  - 19 24 56 41  4 11 42 22 15 34 53 50 16 12 26  - 37 57  - 52 28  8 10 60 25  - 43 39 59  - 14 36  3
  - 34 50 36 43  6  - 30 27 25 14 12 45 51 38 49 20 42 53  - 59  - 17  - 58  2  - 16 35 26  - 44 18  - 52 21 46  9  5 55  -  - 15  - 19 47  4 40  3  - 24 28  - 23  7  1 10  -  8 54
 60  -  - 41 14 51 38 42 20 47  7 55  -  3 12 34  -  2  - 33 37 58  - 32 23  9 15 22 59 10 26 27 44 16 25  8  - 18  -  5  1 17 43 39 36 24  - 52 28 45 30  4 53 29  - 57 19 21 50  6
 28 30 35 55 10  - 16  -  4 60 41 11 54  - 50 37 27  - 51 34 52  - 49  - 20 24 47  2 19 40 56  5 48 32 29  6 25  - 43 17  8 44  -  - 58 18 33 15  - 36 57 21 12 22 45 39  -  -  9 14
 39  - 15 19 59 24  -  - 41  - 46 54 30  -  -  - 29 17 55  - 58  - 27 60  1 47 34 50 52  - 49 53 35  8  9  - 42  - 48 33 36 21 25 45 38 11 23 43 40 44  -  6 28 20 14  4  2 51 10 16
  - 57 24 50 31 36 54 60 21  - 17 49 58 15 42 53 56 20 37 23  -  5  -  3 44 11 39 59 48  -  1 30 29 18 41 55 32 13 52  - 34  6 40 16 10 12  - 46 43 33  2 47 51 45  4  8 27  - 38 26
 12  3 42 22 18 20 23 44 28 33 53  - 40  -  9 45 48 41  - 35 43 49 24  -  - 38 21 51 55 34  - 54  2 26  1 11 58 29 13 47  - 10  - 56 27 50  - 14 25 37  7 57 39  4  8 32  -  5 16 46
 35 13  -  7 60 37 27 50  3 43 32 29 38 53  - 40 24 19 42 14  - 34 51 55 16 39 41  - 31  2  - 58  - 15 59 12 54  8 17 56  - 36 45 26  -  9  - 25  - 47 10 48  - 46 22 18 21 52  - 44
  - 24 38 40 50  - 33  - 59 56 44 32 57 21 54  -  2 22 17 25 36 48 47 13 34 42  1  6  - 28 55  - 52  4 53  - 26 27 45 10  3 43  - 23  - 29  9 39 30  - 31  - 35 19 58  7 37  8 60 20
 20  - 57  -  - 11 21  -  - 12 30 13 44  - 39 33 23  - 54 26  7  - 52 59  - 53  -  1  2  -  9 28  - 10 60 24 55 50  -  -  - 49 16  -  - 43 25 41 48 15 34  -  -  5 18  3  - 42  -  -
 18 11 60 23  - 55 20 51  6 45 50 57 10 34 30 19 17 14 36 48  - 15 40  -  - 59 26 24 16  - 39 35 53 29 47 44 38  - 31 12  - 41 58  3  - 37  2  1  -  -  -  -  4 28 21  - 25 43 56  -
 43 28 12  - 25 19  1  - 10  - 36 58  4 14 22 23 41 46 33  9  - 24 59  -  - 31  - 38 45  - 53  - 13  - 32 60 35 55 29  - 44 47  - 54  -  8 34  - 15 56 26 40 17  -  2 51 49  3 57  5
 13  - 16 15 56 31  - 59  - 11  -  - 39  - 34  1  -  7 50 22  - 26 55 47 27  5  -  9 53  - 46  -  - 45 14 23 18 12  - 21  -  -  6 49 32 28 29 36 58 17 38  - 19 33 52  2 24 57 35  -
  -  7  - 49 17  - 47  - 60 42 13 48 36 23 55 28 32  - 11 21 24  -  -  6 19 52  9 46  1 53 34 25 50 59 20 58 44  2 57 54 27 14  - 35  5 45  3  4 26 12 43 31 16 15 56  - 51 22 41 38
 50 39  7  - 27 48 55 17 11  -  2  -  - 54  -  8  4 16  -  - 12 19 56  5 28 57 37  - 49 45 32 18  - 36  - 14  - 35 47 60 58  - 38 30 25 10 46 31 44 22 42 53 59 40  - 24  - 33 52 13
 59 55 23 21 15 28 11 25 18 54  5 46 41 32 31  - 57 36 12 40 16 37 26  - 14 35 17  -  - 22  - 42 58 19  - 33 27 10  1  3 47  8  9  -  - 49 20 50 56 24  - 13  2 38 53 52 43  - 51 39
  3  5 18 16 28 15  - 47 52  6 19 45  -  8 32 43 39 29 58 10 46  - 50 42 24  7 53 40  - 57  -  - 41  9  4 26  2  - 12  1 23  - 49 38 17 48  -  - 27  - 35 56 14 37 44 54 59 60 33 11
  1  2 41 60  5 44 46  9  - 19 24 53 33 39 35  - 40 57 38 59  3 55 36  - 56 49 43 18 54 52  -  -  - 37 11 25  4  - 28 13 20 31 34 14  8 30 45 32  7 51 47 50 22  6 16  - 58 26 29  -
 31 38 34 30 23 58 39 41 13 27 37 24  - 40  1  3 47  -  - 49 35  -  2  9  5 26  -  4 14 43  - 17  -  - 12 22  8  -  - 15 10 55 60 28 18 46  - 42  - 53 29 20 33 50  - 19  7 11 54  -
  7  -  - 43  -  - 17 12  - 38 33 20  8  - 60  - 37 59  5 55 41 27  6 15 48 18 49 23 46 47  - 57 54 56  - 50 22  3  4 36 30 28 11  - 16 53  - 44 35  - 52  -  - 21  - 10 26  2 34 24
 47 18  - 53 12 38 42  2  - 39  - 19  -  4 26 35 36  5  - 30 55  9  -  - 43 58  - 45 25 51 17 52 57 27 40 28 59 33 37 31 11 54 46 24 21 32  6 16 20  7  8 22  - 34  - 56 48 23  1 50
 46 40 30  -  2  7  8 31 32 16 52 38 37 44 51 26 43  - 27 15 54 17 29 28 21  -  - 11 33 50 18 22  - 47 23 36 41 34  9  -  - 39  3  5 56 13 42 49 19  - 58 55  - 14 48 60  1 10 53  -
  - 12 39  - 36 54 60 21 29 34  - 33  -  - 45 30  9  -  6 53 32 18 35 24  - 51 13 31 41  8  - 40 42 55  - 10 56 22 26 50  5 59  - 20  7 38 43 57 46  4  1  2 23  - 47  -  - 48 25 28
 25 42 49 29  - 17  - 45  -  4 20  -  - 59  8 22 28 51 13 56 50 41 54  -  -  - 32 44 58 38 36 33 31 14 18 47 37  1 15 11  - 16 23 57 30 39  - 19  - 21  3 52  9  7 46  - 53  6 48 43
  4  -  - 56 46  - 58 33  8 53 48 25 52 30 11  - 51  6 26 31 44 45 34 23 10  -  - 60  - 54 22  1 47 13  -  5 57 21 39 40  7 37 12 59  - 27 49 35 50 43 32  - 38 17 20  -  9  - 24 41
 44  - 27 24  6 60 59 58 17  9 21  2 47  - 37 10 50 32  4 13  - 39 57 41 11  -  3 25  8  -  - 20 49  - 33 43  -  - 23 34 52 22  7  - 51 16 30 53 14 42  - 26  - 55 15  - 29  - 12 35
 10  6 55 13  - 47  -  - 23 36 45 44 60 11 19 41 25  - 35  - 33 53 22 49 46  1 28 43 34 48  -  -  8 38  - 31 39 16 18 14 26 12 21 52  - 17 59  2 57 30  - 32  5 27 37 50  - 58  -  -
 49 54  - 59  -  1 19 37 36 21  4 52  -  - 33 44  - 26 56 20 31 25 45  -  7 40 29 47 43 42  8  6  - 23 30 18 53  - 24 35 17 27 22 60 12  - 39 11 41 58 50  5 13  3 38 16 34  9 32 57
 16 53 51  6 39 22  9  - 49  - 26 28  - 36 27  - 11  - 23 54 38  3 48  - 33  - 40 10  5 12 52  7  - 44 34  1 60 24 19  - 46 35 42 25  -  2  - 47  -  - 45 29 32 56 59 21 41 37  - 31
  - 52 29  -  -  -  - 55 50  - 11  - 23 43 36  -  7 45 47  5 42 44 32  - 38 21 16  - 18 30 14  2  - 49 58 13 19  6 35  -  9 24 20  - 22 33 53  - 10 59 39 60 41 57  -  - 28  1  - 40
  - 27  -  - 45  -  -  -  2  - 25 17 34 47 40 58 16  8 43  - 56 59 21 35 54  - 57 28 29 15 13 55  -  6  - 51 12  - 42 24 19  9 52  - 48 36  7 20 37  5 53 11 10 39 60 14 31 46 18 49
  8 14 31  4 34 43 18  -  - 15 35 22 26 49 17 52 53 13 59 39 28 40  - 16 32  - 30 12 57 44 37 47 46  7  - 48  -  - 51 41 21  5 36 33  9  6 58 29 11  3 55 54 27  1 24 45 60  -  2 10
  - 25 37 10 24 50  -  -  - 17 12 31 19 60  -  - 55 34  - 47 45 30  7 36  6  - 52  -  - 14 59  8  5 58  - 39 33 49  2  - 42 11  1 32 54 20 56 26 21 38  - 23 18 16 40 53  4 29  - 27
 34  -  3 32 29 52 40  5 55  7  - 16 53 10 49 25 18 58  8 24 15 20  -  4 47  -  2  - 50  9 33  - 39 12  - 57  - 48  - 43 41  - 37 19 11 42 27 59 38 28 21  -  -  -  6 36 35 54 22 60
 23 36  4  - 40 12 52 46  1  - 10 27  - 41 44 16 26 35  3 18 20 50 60  -  2 13 33 21  - 39 51 29 45 53  - 38 14 56 22  - 25 30  -  6 43  5  - 55 47 49 15 34 11  - 19  - 54  - 59 37
 14  - 17 26 20 39  - 29  - 44 22 42 18 27  - 36  1 21 25 52 57 23 38 33 12 43  5  - 47 16  3  -  -  - 51  4  7  - 54  - 32  -  - 15 13 58 37  - 34  - 11  - 31 24 49 30 50 56  - 19
  5 20  - 17  8 33 25  - 12  - 59 50 32 24  -  -  - 31 57 16 51 54 30 46 39 22  6 27 11 13  - 34 56  - 15  7 40 28  - 19 18  2 44 21 23 26 41 37  9 52 36 45 29 48  1 55 42  4 43 58
  - 32 33  - 11 57 22  - 46  - 42 30  5  2  3 13 12  - 24 50 34  1  - 58 25  -  - 56 44 49 38 14 15 40 10 29 51 45  7 27 35 19 53 55 31  - 18  8 17 48 20 41 26  - 36  6 16 39 23 21
 42 46 52  -  9  4 49  - 45 14 40 56 11 57 24  - 21 54 31 43 53  2 10 48 36 23 35 41 26 29 12  - 33 30  -  - 50 39 38  - 16 60 18 47 37  7 19 34  - 25 28  1 44 58  -  - 13 15 17  8
 15 21 26  - 38  - 36  7 57  3 23 41 51 18  - 20 14 56 46  - 40  - 12  - 55  - 48  8  6 60 16 13 22 43  -  - 31 37 49 58 59  -  - 53 24  - 11  - 39  9  - 44 47  - 50 28 33 17 19  -
  -  -  8 48  - 26  7 40 19  5  - 15 28 38 59  4  - 39  2 36 49 57  - 53  -  -  -  -  - 24  - 21 16 25 46 17 43 44 11 42 37 56 29 12 14  - 31  - 60 54 23 27  6  -  9 34  -  - 20 51
 40  4 47 54  1 34  - 27  9 24 31 18 29  -  6 21 49 44 22 41 48 10  8  -  -  3 58 52 38  -  - 56  - 17  5 35 28  7 59  - 53 15 39 13 46 25 51  -  - 16 33  - 57 26 30 11 14  -  - 55
 37 50 59  - 13 18 53 14 16 22 58 35 42  9 52 11 38 33 32  - 26 47 20 45  -  - 25  -  - 19 15 23 21  1 48 41  3 54  8  2 49  7 28  - 39 40  5 10 29  6  4 43  - 44 34  -  - 24  - 17
 54 60 58 45 21 27 31 22 37 20 56  3  1  - 47 57 42 10 52 12 23 38  5 43  - 28  8 53 40  4 50 46  9 11 39 16 49 59  -  6 24  -  2 48 55 14 44 17 13  -  - 35 15 51 29 25 30 19 26 34
 24 35  5 39 49 46 51 10 30  2 16 59  6 19 18 48 44  4 28  7  1 22  3 25 53 56 45 57 21 41 43 31 17 34 36 32 15 42 27 26 54  - 13 29 33 60  8  9 23 40 14 58 50 11 12 37 20 47 55  -
 53  -  1  - 26 30  -  - 54 13 57 39  - 25  -  -  8  - 10  -  4 56 46 52 51 12 50 29  - 31 58  - 60 28  - 42 36 11 16 45 14 40 24 43  - 55 38  6  -  -  - 33  7 18 41 23  3 27  - 47
  - 58 36 46 42 35 13 43  -  -  - 21 24 56  - 54  -  -  1 45 14 16  4 12 22  - 55 15 23 32  - 49  - 48  7  2  9  -  3 25 38 29 57 17 60 41 50 30 51 18 37 59 52  -  5 20  8 53 39 33
 52 59 56 27 16  5 28 15 31 57  -  6  7 55 23 47  -  - 20  - 17 12 11  - 45 33 51  - 13  1 24 39 43 46  8  - 21  - 58 44 48  4  - 22 50 54 26  - 42 41  - 10  - 25 35  9 32  - 40  -
 32 33 28 11 52 56 14 34  -  8  3 43 50 16 48 12  5 49 60  -  - 35 53 20  9 25 54 26  - 55  7  - 10 39  - 40 17  4  -  -  - 45 41  - 47  - 15 23 59  -  - 24 58  - 57 46 36  - 13  -
  2  -  - 28 44 13  - 36 39 49 34 47 46 17  -  -  - 24 14 38  -  -  - 40  4  -  -  -  3 37 35 43  7  5 57 53 52 58 33  - 51 20 27 42 26 59 10 56  - 50  9 19 54 12  - 41  -  - 31  1
  - 51 46  - 41 53 32  8 24 31  6  - 49  - 14 50 59 55 29 17  9 36 23 44 37 27 19  5  - 35 11 10  -  -  - 56 47 15  - 18 43 13  - 40  4  -  - 48  - 60 54  - 20  2 26 12  - 16  -  7
