2880
  8 29 19  - 37 13 46 53 52 33  - 31 36 10 35 43 11 57 56 54  1 22  - 16 49  9 24 18  7  4 50 28 20 30 26 48 51 25 47 40 42  3 41 27  - 58 32 12 23  5 45 39  - 44  2 17 34  -  - 21
 22 30 36  - 19 39  4 58 43 57 49 12 45 21  5 18 25 40 35 59 20  7 14  6  2 50 44  - 11 34 47 29  1 53 16 15 13  3 55  - 17 28  - 56 23  - 27  -  - 38  -  -  8 52 54 41 33 37 60 10
 55 15 51 54 52  - 13  - 22  7  2 32  1 40 37 57  3 14 46 24  -  - 33  - 27 25 30  - 34  - 18 17 29 48 56 23 19 49 20  6 26 35  9  - 41  -  5 38 58 53 39 50 60  -  - 12 43  - 16  -
  - 57 13 22 29 51  3 24 47  - 56 10  - 31  - 38 53 21 50 28 11  5  - 14 16 34 36 52  6 20 45 32  -  7 33 41  - 42 39 46  9  2  8 25 58 26  4 35 17 30 43 27 37  - 60 54 40  1 55 15
 21 16 32  7 20 59 56 51 10 53 46 22 26  9  - 37  - 31  8 29 49 45 12  - 54 23 34 58  -  - 27 11 13 24 50 57 30  - 52  -  4 25  -  2  -  - 48 55 47  -  1  -  -  6 33 19  3  - 44  -
  - 35  - 49 56 27 41 54 17  8  - 23 10 53 36 44 16  - 15 50 21 51  - 38 14  2  3  7 59 13 52 25  - 57  5  - 55 20  1 60 37 30 47  6 45  - 58  - 40  9 12 22  -  - 29 46 28 43  -  -
  - 46 14  -  - 21 26  -  - 15 36 39 25 60  - 34 57 10 59  9 18 16 11  - 41  - 54 42 28 29  2 50  5  - 55  3  8 38  - 33 48  4 13 43 37 24  -  - 27 56  -  1 32 31 47 20 12 19 23 52
 40  - 11  3 36 19 24  - 18  - 12 43 60 56  - 53 32 26 25 37 45 39 38 52  - 29 31 30  - 23 51  2 10 50 34 21  - 22 14 54 49 16 55 58 48 15  - 20 33 46 28 35  4  1 42  8 27  7  -  6
 29 32 35 31 16 49  - 23 54 51 43  2 48  - 33 42 44  -  5 60 55 20  7  3 39 56 50  -  -  6 37 30 27 47 11  4 40 26 18  8 45  - 58  - 13  - 12 53  1 22 15 21  - 28  -  - 46 57 41 25
 37 31 59 10 28 16 14  3  - 47 19 52 40 51  -  - 15 60 12 53  - 33 50  -  - 30 22 44 55 11  6  5  - 25 32 58 20 27 38 49  1 45 48 41  - 56 46  - 21 36  - 29 34 26 43 42 23  8 17 54
  - 26  9 30 39 60  - 27 32  4  -  - 16  - 58  - 59 52 23 46  -  -  - 22  3  8  7 21 36 56 48 49 17  - 43  -  5 50 45 55  6 24 57 20 42 54 28 41  - 12  -  2  - 18 11 13 44 35 34 14
 20  1 60 27 43  - 15 29 53 46 58 21  - 32  6 11 42 36  -  2  8 18 41 23  -  3 13 49  - 51 33  - 24 31 30 28 35 45 12  4 22 40 34 50 52 38 26 56  7 57  - 19 16  - 14  5 48 59  - 39
 12 56  -  - 42  6 16 39 21  - 18 15 57 14  4 47 27 20  - 44 48  9 54 28 59 52 55 40  - 30 41  -  3 29  2 13 24 60 17 34 38 10  -  8 22 35 53  5  - 32  - 31  -  - 37 33 26 45 36 50
 32  -  2 50 35 47 19 21 41 28  - 26 30  -  - 52 37 23  -  8 27 31 20  9 11 14 39 13 43  - 46  3  -  5  - 51 58  1 34  - 10 48 12 24  7 53 59 15 38  - 55  - 40 36 49  4 57 17  - 56
  9 51  -  - 34 46  - 59 12  -  7 40 20 55  -  2 36 42 27 38 39 17  -  1 37  - 16 31 21  - 13  - 47  - 45 11 41 19 22 15  - 56 14 29 44  3 25 24  6  - 26 60  -  8 50 32 10  4 58  5
  - 21  6 14 53 10 57  4 36  3 60  9 44 16 50 41  2  7  - 25 17 40  5  - 38 49 46 51 12 33 15 45 52 19  1  - 22 11 37 18 43 32 27 47 34 30  - 23 28  - 35 59 20  - 13 48 56 39  -  8
  5  - 40 18  8 30  - 45  - 39  - 33 43 25  -  7 60 27  -  4  -  1 53 47 26 37  - 28 42 50 56 34  - 15 13 52 32 48 59 44 24 19  3 11 51 21 23 57  2  -  - 16 36 17 46  6 49  - 12 20
  - 22 58 21  -  - 40 34 26  - 24  1  -  4 15 50 38  - 16  -  - 13  3  8 42 57 12 56  - 35  9 59  - 49 25 46 43 52 32  2 36  - 54  7 29 60 45 47 10 39 30  - 14 51 20 53  5  6 48 44
 25 41 39 45 46 29 37 15  - 16  4 36  9 33  - 27 26 13 60 12 38  - 47  -  - 10 20  -  1  7 59 18  - 11  -  - 31  6 21  -  2 49  - 17  -  - 22 51 50 14 34 48 19 32 23 57 30  - 24 42
 30 28 57 35 48  7 58  - 25 44 22 24  -  2 26 13  5 17 14 18 54 21 43 51 52  -  8  - 60 15 23  6  - 20  - 27 49 39 10 16 53  -  - 37  4 29 55 45 41 47 46 34 59 38  9  -  - 12 42  1
 17 10  - 52 13 50 39  8  -  6  - 16 24 37 11 23 30 44  4 33 35 48 49 42  1  -  - 26 20 60 57  - 32 56 40 29  9  - 31 45  3 58  2 28 12 46  7 34 36 59 47 51 54 14  - 22 41  5 21 55
 26 11 42 25 51  - 29 20 46  2  - 41 35 57 60  - 33 48 53 19 16  - 40  - 44 32 47 37 52 21 49  - 55  -  4 45 54 24 27 39 34 59  -  5 36  7 38  8 14 17 18  -  3 56  - 31  6 15 50 58
 58 52 29 17 18  - 32 31  - 12 25  -  -  - 47  -  8  - 34  -  3 42 22 45  - 38 21 57 46  -  1 35 28 26  - 53 14 44  -  - 55  7 20 33 40 16 10 39 43 60  -  -  2  -  5  -  - 13  - 27
 14 20 10 48 27 31 59 33 28  - 34  7  -  -  -  1 54 15  -  - 57 24  2 25  4 18  5 53 30  -  - 51 42 58  - 47 60  - 29 41  8 22 21  -  - 12 11 43 35  - 23  6  - 19  -  -  -  - 39 45
  - 19  -  1 12  - 53 40 29 54 30 35 17  - 43  -  6 16 39  - 42 59 37  -  - 45  2 27 13  - 55  8  - 21 46  - 23  - 51  -  7  -  5 18 31 47 33  - 20 49 36 41 24 15 32 50 25 56 10 26
 47  5  - 36 50 56 11 28  6  - 16 29 39 43 17  -  - 41  2 45 58 54  - 18 20 59  -  4 38 19  - 55  - 46 14 24 42  -  - 51  - 53 23  - 60 33  - 25 22 10  - 12 21 34  3  -  9 32 31 48
 42 43 22 32  - 53 17 19  9 45  -  - 12 50 41 39  - 29 28  - 56  8 46 10  - 16 49 38  2  1  -  - 15  3 37  7 26 33 57  - 11 31 36  - 20  5 18 40  4 34 54 30  - 24 48 60 59 44 27 51
 16  3 38 42 23 14 48  6 13 27 15 20 52 44 55 25  7 33 30  -  5 36 17 11 24 26 41 54 56 32 21  - 58  4 28 18 10  9  - 35 29 12 37  -  1 40 50 59  - 19  8 53  - 57 51 43  2 34 49 46
  - 27 37 26 40 48  6  - 55 32 13 46 21 12  - 58 45  -  -  -  4 29 51 41  -  -  -  3  -  - 60 16  - 34 20  -  - 53  2 43 39  - 38 30 25 52 31 50 59  - 11 15 33 23 22  1 42  - 57 24
  -  2  7  8 14  - 60  - 33  -  - 18 22  - 48 30 19  5 29  - 50  4 31 34  - 42 37 43 58 40 12 41  - 59  - 16 36  -  - 56 52 47 17 51  9 49  -  6 24 15  3 20 11 25  1 44 39 53 38 57
 15 33 23 24 44 26 52  7  5  - 47 59 51 34  8 40 22  - 19 41  2 35 21 49 46  4 27  -  3 31 38 36 18 13 60 54 29 43 50  - 20 14 30  1 56 25  -  -  - 45 48 17  6 12  - 37 58 28 11  9
 10 58 52  2 57 40  1 12 49  - 28  - 56 17 20  4 23 59 24 26  -  - 16 31 13 41 43 15 44 37 53  - 33 22 51 50 48  - 19  9  5 39  - 54 21 27 60  7 18  -  -  - 25 42 34  3  8 14 45 29
 48 17 50 60  4 15 30 18  3  - 59  8  -  - 25 56 43 12  - 35 23  - 42  - 45 53  6  - 33 27 40 21  -  - 49  2 52 54 46 57 41 36 10 26  - 20 29 13 39 37 14 11 22  9 55 58 47 31 51 38
  - 34 20  5 24 11  -  -  - 38  - 50 28  - 23 45 46  -  -  -  - 44 13  - 21 51 33 29  - 36  - 31 22 60  7 25 15  8  4 32 14 37 26 53 59  -  3  1 42  -  9 54 27 55 40  2 17 30 43  -
 31 53 41  9 26 54 55 46 23 59 39 49  5 22 34 19  - 38 33 20  - 14 57 58  - 21 52 11 18  3 24 47  -  - 35 37 17  - 25  - 56 50  7 40 16  8  -  -  - 28  4 43 51 45 10 27 60 42  - 36
 27 59 30 12 47  2  5 16 42 10 48 60 15 54  -  - 58 46 44 23 43 25  -  -  - 33  - 32 45  - 20  1 19 36 38 49  - 41  8  7 57  6  4  - 17  - 24 22  - 51  - 52  - 53 26  - 55 29 13  3
 51 24 28 57 60 35 22 11  1 52  5 37 18 20  2 54 39 30  - 56 12  - 29 27 19  7  -  -  4  -  - 58  6 23  - 36 50 17 41  - 32 42  - 55 53  -  - 21 15 44 10  -  -  3 38 26 16 33 47 13
  - 39 18  - 41  - 45  - 60 49  - 57  - 35 16 46 48  6 51 42 59 58 52 15 34  - 28 10 50 24  4 20 25  8 21  - 38 29  - 30 12  5  1  - 11 22  9 14  -  -  -  7 26 40 27 36 19 47 37 31
 18 40 16 41  - 24 27  - 35  - 23 42  6 59 38 21  - 25  -  - 53 12  - 37 60 44  1 48  8  -  - 33 39 55 29 19  - 32 56 10 58 13  - 14 43  9 47 28 34  - 57  4 45  - 30 15 52 50 46  7
  - 60 12  - 32  9 50  2 30  - 20 45 58 18  - 49 10 56  - 39  -  - 23  -  8 36  - 25  -  -  - 27  - 44 48  - 46 59 26 17 31  1  - 21 47 28 52 33  3 42  7 55 35 37  4 51 24 40  - 16
 56 49  - 15  -  1 44 48 51  9  3 25  7  8 46 35 24  - 45 34 14 53 32 20  - 27  4 22 17 18  - 40 59  2  - 31  - 13 43  - 23  - 33 12  6  - 36 42 57  -  -  - 50 60  - 10 29 11 19 47
  -  8 45 59  7 38 43 13 40 50 57 11 54 15  -  5 21  -  9 49 22 26 36 44 18 55  - 46 23 12 19  4  - 32 42 39 56 10  6 28 30 41 24 60 27  1  - 31 29 20 33  - 48 35 16 14 37 52  3  -
 53  - 15 33 49  - 36 37  - 26  - 17 29  7 40  - 28 43 11  3 60  - 45  - 31 48  -  -  -  - 10 54  - 12  -  9 25  - 30  1 47  8 18  - 38  4  - 52 16 23  -  -  - 59  - 39 13 27 32 34
 39  - 55 34  - 17  -  - 24 19 31  -  8  - 14 51  4  9  -  6 40 23 28 59 15  - 10  2 57 45 32 53 36 43  - 20 33  - 35  -  - 26 29  -  -  - 41  -  - 48 16  - 12  - 21 47 22 46  1  -
 11 50 47 46  6  8  -  -  -  1  - 14  2 39  - 59 18  4 55 31  - 37  - 26  - 20 17 23 54 52  - 60 35  - 10 30 34 12  - 27 51 15 16 22  3 45 19 58 13 21  5 40 43  7  - 24 38  9 25  -
 44  7 34 13  3  - 47 38 45 22 37 27  4  1 19 28 12  2 26  - 46  -  - 33 29  5 42 35 40 39 17 24 16 41 15 32 53 51 54 58 60  - 59 10 14  -  8 11  -  6 56  - 30 21 25 52 20 23 18  -
  - 48  - 39  1 37  -  -  - 34 53  - 50 47 22 33 41  3 32 30 24 27  6 60  - 58  -  - 26 59 28 23 51 54 12  -  2  - 16 20 15  - 56 31  8 19 35  9  5  - 42 46 29 49 57 25 11 36 52  4
  - 47 46  -  -  - 12 50 59 21 27  3 42  - 24 17 55  - 57 13 41 60  9 19 43 39 40  1 35 10  8  -  - 33 31 38 11  - 28  - 44  - 32  - 26 23 49 30  - 58 22  5  7 16  - 29 53 25  4 18
 19  - 25 38 10 33  2 26 50 31 40 54 49 48 12  - 34  8  -  -  - 15 60 32 36 28 23 59 16 46 29 44 11 35 47 17 18 56 42 14 21 43 52 39 30 51 13 37  9  1 27 24 55  - 53 45  7  - 20 22
 50 37  5 19  9 25 33 47  - 60 45  - 14  -  - 10 40 22 49 21 52 32  -  - 58 13 38  - 39  2  - 12 23 17 36 35  1  - 44 31 18 51 46 42 24 55 43 16 53  -  6 26 57 29  8  - 15 20  7 30
 43  6 48  4 11 12 54 57 16 20  8 44 27 28  - 55 29 50 21 40 25 46 10 17 56  1 59 47 53  9 14 38 34 18  - 22 39 58  5 26 13  - 45 35 15 36 37 60 19 52 31 23 42  -  - 49 51  - 30  2
  - 14 24 29 33  - 21 55 31 30 41  4 11 46  - 60 51 53 20 10 13 34  - 50 17  -  9 12 32  - 58 22 26 42 44  1 45 36 48 38 16 23 19  3  5 37 56 54 25 43 59  8 15 39  -  - 35  2  6  -
  1 23  3 20  - 22 28 36 19 40  - 55 46 41 31  - 50 24 43 58 51 10 15  5  7  6 29 34 25 48 35  - 37 38  8 12 21 47 53 42 27 52 44 49 39  - 17  2  -  -  - 33 56  4 45 18  - 16  9 11
 33 12  - 44 38  5 23  - 57 55 29  6 31 13  7 20 56 45 22  - 28 52 58 46  -  - 11 39 27 43 36  -  - 37 41 42  - 30  9 25 54 21 60 59 19  2 34  -  8  -  - 10  1  - 15  -  4 48 53 35
  3  - 56 40 22 41  8 43 37  - 35 51 47  -  1 16  9  - 38 27  -  - 34  2  6 60  -  - 31 44 30  7  - 39 24  5  4 55 11 50 46 29  -  - 54  - 21 48 52  - 20  - 53 13 59  - 18 58  - 33
 24  - 49 37  5 32  -  1  8 56  -  - 13 11 21 15  - 58 17 52 30 57  - 29 33  - 60  - 48 47 43 10 46 14 53 59 44  4 36  3 25  -  - 19  -  - 16 27 26  - 41  - 28 22  -  9  - 55  -  -
 35 36  - 53  - 55 34 30 15  -  9 47  - 42 13 31 14 49  - 11 37 41 18  - 12 54 26 20 29  5 22 56  - 27 57  -  6 16  7 23 19 60 28 48 10 32 39 46 45  -  -  3 44 43  - 38  1 51  8 40
 60 54 44 28 31  4 51 10 34 35 50 56 53 24 52  - 47  1 42  - 26  6 48 30 55 46 32  5 49  -  - 15  8  9 17 14 27 23  3 19 59  - 25 57 33 11 40 36  -  - 29 13 58  - 41 21 45 18 22 43
 57  9 54 47 58 43  - 52 38  -  - 13 32 36 27 26 20 39 48  1 34  2  - 12 51  - 53  - 37 49  - 42  4 45  - 56 28 31 40  - 35 46 22 16 50 59 15 44 55  - 19 18 17 30  6  7 21 10 14 41
 46 38  8  - 25 42 10 60 20 43 17 28 41 30  - 36  1 34 37  5  9  3 44  -  - 22 48 14 24  -  -  - 54 51 18 55 59  2 58 47 33 57 15  - 49 50  6 29  - 40 21  -  - 27 56 11 31  - 35 19
