2880
  -  -  3  - 48  -  8 36 54 13 57 55  - 10  - 50 23 12 31 26  -  - 59 14 56  - 24 15 22 28 30  -  - 39  9 38 20 40  -  -  - 53 44  -  - 37 47  - 17 41 18 25 29  1  6 33 58  4 42  7
 25 23  6  2 32 59 17 38 57  -  - 28  -  -  - 56 13 18  3  4 54 22 39 16 49 43  - 53  - 58  5 47 52 37 51 60  -  - 20 24 10  - 19 46 36 26 48  - 21 11 44  7 15 31 33  9  -  8  - 41
 21  - 15 17  2  - 56  5 25 12 44  -  - 32  -  1  - 38  8  6 31 24 53  - 37 19  - 60 26  -  - 58  -  - 34 14  - 33  9 48 50 13 36 20 49 52  - 29 51 57 30  -  - 47 54  7 11 10  - 18
 47  - 34  - 44  9  -  2 28  8 56 50  -  - 31 60 15 20  - 33 48  - 36 29 59 51 25 58 46  - 37 40 54  7 52 17  - 16 55 19 13 43 45 23  6 24  - 14 39 26 22 53 12 41 27  -  1 30  -  -
 42 19 18 43  6  4 37 28 21 26 35  5 60  - 27 25  -  -  1 45 47  7  - 10 40 55  9  - 24  - 32 29 20  -  -  - 41 57 39 52  - 36 38 12 13 15 17  - 22 16  - 14 46  3 34 30 48  -  - 51
 29 54 16 14 23 52 13 24  4  - 38 22 55 26  - 28 43  5  -  - 27  3  - 44 42  -  - 49  2 15 34 41  -  - 10 39  - 51  - 37 17 35  8 40  - 47  - 25 30 36 21  6 57  -  1 12 20 53 60 32
 56 48  -  - 40  8  -  -  3  9 15 16  -  - 18 58 12  - 19 21 59  - 17 53 29 37 46  - 52 38  7 11 27  -  - 31 50 26 47  -  - 44  -  - 32 30 43 20  1 55 45 36 22 13 23 54 49  5 51  -
 31 29 25 16 47 46 27 18  8 22 20 30  1 54 28  - 44 39 17 23 38  -  4 55 36 50 52 19 37 59  - 10 49 24  -  6 11 12  - 56 26 40  - 60 42 34 45 51 53  -  5 32  7 15  9  2  3 14 43 58
 36 41 56 27  8  - 52  9 10 15  - 35 28 29 26 22 46 32  -  -  - 34 48 57 38  5  - 54  - 40 31  6  3 55  -  4 19  -  -  1 11 42 60 21 47 59 49 33 37 39 24 51 43 17 18 25 44 58 30 14
 17 43 23 10 14 29 45 26  7 33 37  4 40  3 46  - 58 60 41 47  6 48  -  - 55  - 30  - 56 21  -  -  2 38  8 49 24  -  -  -  - 19  - 15 44  - 25 36 59 34  - 52 53 51 13 20 57 11 12 22
 24 35 47 26 49 38  - 15 56 43 13  - 54 23 55 14 45  - 20 29 50  1 31 59 44 39  - 22 16 46 36  7  -  6 42  2 10 19  4  9  - 60 21  - 58 48  - 37 12 30 40 17 11 57  5 27 52  - 28  -
 58 21 33 60 31  - 24  - 17 40 22 34  - 16 45 30  -  8 27 37 57  - 14 41  - 49  1  6  - 52 10 20  4 59 19 43 26  9 18 11 15 46  - 44 48 29  -  5 28 35 32 12 13 42 50 51  - 38  2 25
  1 17 11 12 43 16 48  4 53 57 10  3 37  -  - 54 31  2 30  5  - 58 26 34 14 46  8 35 33 20 22 44 51  - 60  - 25  - 28 27 36  -  -  6 55 49 23  -  - 29 19 18  9 59 39 40 42 56 21  -
 52 60 54 40 36 33 34  - 43 32  - 26  - 19 20 37  - 57 45  - 39 16 58 21  1  -  -  7 30 55 28 35 15 47  4  9 13 53  3 44 51  - 11 56  -  8 24 46 38 48  - 22 17 10 42 50 31 59 18  5
 30 18 46 45 16 60 14  - 22 38 32 42  7 52 57  5  - 24  6  - 55 43 35 39 20 26  - 21 29  9  - 37 34 40  1 54  3  -  8  - 12 48 13 58  -  - 59 19 10  - 17 50 36  4 53  - 28  2 56 27
  9  2  - 22  3 15 29 41 23 50 14 25  - 34 35  8  5  - 56 57 36  - 51  - 48 31 44 26  1 39 60  4 47 27 11 18  -  - 52 30 55 16 24  - 54  - 12 13 33 10 38 45 40 20 43 19 46  - 37 59
 13 12 59  4 22 24 26  - 14 11 55 43 25 41 32 38 28 16 36 48 56 40  9  - 27  7  - 45 23 33 35  -  1  -  2  -  -  - 37 31 46  - 10 34  - 51 52 49  - 50 15 42 30  - 17 39  -  - 20 60
 45 22  - 24 30 20  1  -  6  - 19 18 39 58 29 40 27 47 23 16 49  5 12 11 31 44 42 17 41 60 59  - 43  - 14 26  - 10  2 33 52  -  - 37  -  - 53  4 55  8 56 34 35 25 48  3  9 21  - 28
  - 56 12  5 60 19 51 30 15 42 21  - 38 37 23 43  - 45  - 11 25 29 33 28  -  3  -  9 40  - 47 24 13  - 26 53 31 27 41  - 34  - 57  -  -  - 16 54 49  2 46 20 48 52 35  8  -  6  -  -
  5  - 60 51  - 31  - 46 34 30 33 52 42  7 22  - 41  9 43 14 44 57  1  -  - 27 36 55  - 24 45  - 39 48 58 47 23 11 32 28 25 29  3 53  2 18 20 26  4 17 54 37  8  - 21 16  - 12 13  -
 26 45  8  - 35  2 39 44 52 60  3 59  - 49 24  - 32  - 34  -  9  - 16 36 12 29 19 47  6 41 40 17 42  -  5 15 37  1 54  4  - 30 20 48 33 14 27  7 31 43 57 13  - 55 46 58 50 23 11 38
  -  -  -  - 45 42  - 60 24  -  - 14 15 44 33 19 22 54 21  1 23 50  7 51 41 30 35 40  4 13 39 16 46 20 49 12 38  -  - 25 53 59 31  - 17  - 58 32 11  - 48  - 34 37 10 55 29 26  3  -
  - 27 14 37 42  -  -  - 11  - 34 60 13  6 56 36 25  -  - 24  3 54 38  - 47  4 39 59 20  - 52 57  - 51 18  - 35  - 19 12  -  - 55 16  - 41  - 15 40  -  - 58  -  2 29 48 26 43 50 30
  3  - 57  - 39 27 16 32 19 46  - 24 45  - 51 33 60 22 54 38 35 15 21 48  - 28 20 56 31  - 18  8 36 34  7 42  2  -  - 43 49 11 12 26  4  5 10 58 50 23 29 44 25  9 14 47 30  - 59  -
  -  - 19 38  - 50 47 51 40 58 28 31  4 25  - 46 59 17  -  - 21 18 45 54  - 13  - 43 57 49  - 33  -  5  - 27 34  -  -  - 56 24 37  8  - 22 15 10 60  - 20  1 39  - 30 53  -  - 32  -
  - 25 43 23  - 37 20 50 38 21  8  - 47 55 52 16 42 35 39  7  2 32 44 33  - 45 40  -  9  1  - 15 59 36  6 57 22 13 10 60 19  - 17 11  - 12 28 24 56 58 51 30  4 29  - 34 14 18 41 53
  - 15 26  - 53 13 12 11 58 59  9 36 34 46  8  -  4  7  -  - 18 27 25  - 52 38 41  - 19 51  - 21 60 28  3 35 48 29 40 17 14  -  - 31 20 10 33 39  - 56 55 43 16  6  - 49  2 42 24 44
 43 46  - 18 59 10 21 52 26 51  4  - 11 13  -  7  -  -  -  8 58  - 15 23 25 56  3 57  -  2 33 45 32 44 47 16 28 36 49 29 41 12 34 30 24 35  5 42  9  -  - 39  - 19 40 37 38 20 55 31
 54  7 42 44 58  - 28 49  -  - 29 15 21  - 40 52  9 13 38  3 10  - 41  8 18 25 57 20 34 11  -  -  - 12 39 59  -  - 60  - 37 22 26 50 45  - 56 47  - 33 53  - 14 36 51  1 32 17 19 46
 40  - 48 11 34 14 43 10 20  1 46 33  - 42  - 17 49 29 16 30 22 44 13  2 35 36 50  - 28 45  -  -  9 25  -  3 55 21  6 58 27 47  - 51 19  4 18  -  5 32 26 38 31  8  7 56 60 54 57 23
 60 36  9 53  - 51 49 27  - 56 50  - 26 14  - 59  - 11 55 28 29  - 47 17 16 22 13 30 15 18 42  1 57  8 12 46 32 35 33  -  6 23 41 25 38 19 37 48 58  - 34  -  -  - 52  - 54  -  -  -
 51 28 32 55 52  1 23 17  5 36 59 40 22 11 13 34 38 43 33 12  7  -  8 58 45 48 47 31 14 35 19 46  - 30 44 20  6 50 56 16 24 26  4  - 37 27 54 60 15 42 25 41  2 18  3  - 10  9  - 29
 57  - 38 20 11  - 50 12  9 54 17 10  - 21 44 51  - 26 42  -  - 23 46 35 22  2  5 16 47  6 56 14  -  1 37  - 39  8 29 41 31 15 18 55  7 43 32 30  - 19 49 28  3 60 36 52 33 13 40 45
 22  8 45  - 10 18 33 55 60 25 11 19 58 24  4 48 30 46  9  - 14  - 40 47  - 20 15  1 49 16 44  -  - 52 59 37 29  - 23  - 43 32  - 13 28 56 34  - 41  5  7  3 54 12  2 42  - 36 27 21
 59 55 13 54  -  - 30 29 36 18 58 11  - 20  9 15  -  - 26 10 60 28 50  4 51 16  -  -  8 22  6 52 41 53 48 25 44  2 38 47  -  7  1  - 14 17  -  3 42 49 37  - 27 56  - 32 19 35 46  -
 33 11 28  - 26 54 58  -  -  4  -  -  3  - 48 39 52 10 44  - 34 42 20 50 17 15 21  5 36 32  - 43 56 13 40 24 18  7 30 38  - 51 25 14 31  2  -  8  -  -  - 60 59  - 45  6 22 29  9 16
  - 32  - 41 29  5 60 57 55 53 31  2  -  9  6 23  3  -  - 54  - 11 37 38 26 14  4 24 18  -  - 49  - 35 45 58 52 22 50 34 48 56 30  - 21 20 13 12 36 28  -  - 19  - 15 59 51 27  1  -
 15 59 55  7 25 58  5  - 31 34 41  -  - 36 49 26  1 19 46 35 30  - 56  -  8 21  - 48 32 27 12 42 11 54  - 40 14 20 43  6  4  - 51  9  - 39  - 50  3 18 33 57  - 38 28  - 16 44  - 17
 38  9 52  - 12 44  3 58  - 48 26 57 19 35 54 11 55 59  - 17 37  -  -  -  5 53  6  - 21 31 25 32  7 10 30 36 56 60  - 50 18  4  - 22 39  1 51 27 23 40  8 47  - 49 41 28  - 46  - 33
 55  - 31 35 37  - 40 43 59 27 36  - 14 30 53 42 51  - 52 60  - 46  - 56  3  8  - 39 44 25 50 13 16 15 23 11 47 48  - 18  9 34 29 33  - 58  - 28 45  7 12 49  5 32 24 10  4 19 22 20
  - 49 35 58 28 22 41 48 29  5 45 12  - 31 17  -  -  1 15 18 42 59 52  - 11 47  7 14 10  -  9 30  - 19 32 21  - 55 24 20 60 54 46 57 50 53 26 38  - 37 16 40 33  -  - 23 13 51 39  8
 14 16  7 33 50 35 38 25 32 41 24 21  5 47 10 55  8 28  - 43  - 20 22 27 39  - 31  -  3 37  2 51 17 49 29 34 53 54 46 57 58  9 40 45 56 60  6 18 44  4 42 15 26 30 59 36 23  - 52  1
  4 30 44  - 13  3 59  - 47 52  1 51  2 22 42 18 20 41 37 58 26 33 29  - 50  - 38  - 25 57 27  - 40 31 36  - 15 39 53 55  7  - 56 32  8 46 19  6 48  - 60  -  - 24 16  -  5 34 54 43
 23  - 50 36 17  - 53  - 33  - 54  9 41 48 39 57 11 27  - 56 12 47  -  7  -  6 28 46 51 30  1  2 31 29 25 10 45  -  - 15 20  - 49 38  -  3 35 21 18 60  - 55 42 40 32 13  - 22 26 19
 34 47  2  -  4  7  -  3  1 28 27 17  9 56 14 20 33  -  - 15 11 35 19 32 53 54 60 18 39  -  - 48  5  - 21 30  8 37  -  - 38 58 52 29 57 16 36 44 26 22 50 59  - 43 25 41  6 24 10 12
 16 13  1 15 27 40 44 34  - 14 48  - 53 38  - 29 10 50 60 25  -  9 24 26 33 42 49 36  -  4 51 19 37  2 56 28  - 59 45 21 30 39 23  7 18 11 31 22 43 20 52 46 41 35 55  5  -  3  8  6
 46  - 29 47 21 30 15  - 27 37  -  8 48 50 25 41  - 58  2 22  - 10  5 31  4 52  -  - 12 19 17  9  - 60 35  1 42  3 34 32  - 38 14  - 43  6 44 56 57  - 36 24 23  7  - 11 39 45 16 26
  -  1 30 56 20 26  - 54 13 24  - 49 46  -  - 53 29 36 59 40 43 51  3 60  -  - 10  2 50 44 23 31 19  -  - 41  7 18 14  5 32 25  - 17 22 33 42  9 52  6  - 27 45 21  - 38 34 39 15  -
 12 50 24 57 19 47 35 31 46 20  6  7 36 39 21  - 37 23 51 44 16  - 30  - 60  9 27 33  - 29  - 38 10  - 53  - 58 56 15  2 59 41 32 43  - 40 55 17 34 25 28 54  - 22  8 26  - 49 48 11
 39 34 41  3  -  6 54 19  -  - 51 47 20 53 12 35  - 52 24 36 15  -  - 43 21  - 59  4  7 48  - 23 33 22 13  - 60 14 44 42  -  5  2 27  - 25  1  - 16 38 11  - 32 26  - 46 18 28 31  9
 49  -  -  1 57  - 36  - 48 35  - 46 16 33  - 47  -  -  5 59 24  - 28 37 54  -  - 27 17  8  - 39  -  3 31 22 21 58  - 45 23 10  6 18 52 13 50 43  2 44  9 29 55 34 60  4 53 41 25 42
 11 52 27  - 18  -  2 35 39 55  - 56 31  -  - 32 48  - 14  - 41 12 34 19 28 10 43  8  -  7 21 36 29  - 22  5 54 42 25  3 57 50 59  1  9 45 60 53 20 24  - 26  - 33  - 44 40 47 17 15
 10 37  - 21  1 45 46 39  - 23 12 53 57  -  2  9 19  3  - 52  - 55 42  6  - 35 32 41  5  -  4 25 26 17  - 56 16 30 36 22 54 33 27 24  - 38 11 34 29 59 47  - 44 14 31 18  7 15 58 48
 41 20  - 48 15 36 32 16  -  - 25 38 51 57  7 10 56 37 49 34 46  8  - 42  -  - 17  - 45  5  - 26  - 43 27 19 40  4 13 53 44  - 22 54  3  9  2  -  - 52  - 33 47  - 11 24  -  1  6  -
 53  3  4  - 56 57  6  1 50 49 39  - 44  -  5 24 21 25 29 13  - 19 55 15 10  - 11 52  - 36 46 60 38 26 17 32 12 31 42  8  -  -  9 47 34 23 41 16  7 14  -  2  - 27  - 35 59 33 45 54
 50 26  -  - 54  -  9 56  2 47 16 20 49  5  1 31 35 30  4 39  8 37  - 22 43 59  - 38 11 14 24 55 58 33 41 51 36  - 17  -  3 18 42 19 12 28 29 45 13  -  - 10 52 23 44 60 21 25  7 57
 35 31 20  6  - 49  - 53 30 39  - 13 18 51  -  2 17 42 28 46  - 26 32 25  9 57 12  - 43 47  3 59 44 56 38 29  - 34 22  - 21 37 16 52  -  7 14  1  8 54  4 48 58 11 19 45  - 60  - 10
  - 44 37  - 33 41 22  6 49  - 53  1 30 27 34 12 40  -  7 50 20 45  - 52 19 24 18 32 60  - 38  - 21 14 43 55 51  -  -  -  - 28 58  2  - 54  - 23 47 46 10  - 56 39  - 15  - 31 36 13
 20 53 17 52 51 25  7 42 41 19  5 44 29 43 11 49 57  -  -  9 13 60 27 24 34 58 33 10 38 12 26 18 50 23 46  8 59 15 48  - 35 55  - 28  - 32  -  2  6  1  3 31 21 45 37  -  - 16 14  -
  -  -  - 59  -  - 10 20 42  - 60 29  8 45 47 44  - 40 12 31 53  - 49  5 32 34 37  - 55 54 15 22 30  9 57 50  4 24 58 13  -  6 48 41 23  - 39 11  - 27  2 19 38 16 26 17 43 52 33  -
