2880
 37 30 31  8 26 56 34 60 12 35  6 39  3 15 33 50 21 57 51 40 29 18 38  4 20  7 17  -  - 47 44 32 19  -  1 24 11  9 13 36 48 41 28  2 22  - 16 49 43 14  - 10 59 42  - 52 53  5 58 23
  -  3  1 11 37 30 15  - 18 42 12 16  8  4 23 10  - 44 58 24 14 35 43 60 13 29  2 32 52 55 21  - 28  - 26  - 34 59 36 38 25 54  6  7 33 40  9 20 56 19 51 48 46 22 50 49  - 45 57 31
 12 34  2  - 54  - 10 35 27  - 38 41 20  -  -  8 51 37 60  - 16 23 49 11  -  -  6 13  - 57  3 26 56 55 50 19 44  - 17 39 43  1 14 58 53  4  -  -  5  7 28 40 25 30 47 24  9  - 36 18
 19 20  - 27  3 60 53 25  - 37  - 11 15 55  7 58 54 45 13 22 49 12 29  -  - 30 18 21 38  5  4  6 44  2  -  - 51 26 48 41 57  8  - 17 59  - 47  - 34 42 31 14 35 16 40  - 28  9 43 46
 43 45 60  -  5 57  -  - 30  7 40 26  4 25 59  -  9  - 37 38 10 47 14  - 12 22 15 51 55 49  - 16 52 58 29 48  - 42 23 28  -  - 54  - 50 53  3 21  6 17  - 35 24 11  8 36 18 56 46 41
  6  5 47 32  7  8  - 50 53 30  - 48 12 38 35 57 59 41 25  4 39 19  - 24 18  2 10 60 20 23 33 15 16  1 46 22 17 28  - 40 45  3 37 54 13 58 26 11  -  -  - 34 56 27 44 14 49  -  - 43
 29  - 17 10 59 31  - 24 48 26  -  - 41 46 22 55  - 53  -  - 30  -  -  - 16  -  - 33 35  - 34 42 47  6 15  7  5 37 32  9  - 18 40 57 25  - 44  8  3 49 58 56 19 13  - 23 11  - 21 60
 49  -  6 28 29  - 25 13  - 15 23  -  - 41  -  - 46 50 12 21 38 58  - 30 44  - 42 53 39  -  5 37 34 16 52  - 14 47 54 22 10 43  - 40 57  1  - 59 55 31  2  4  -  - 26  - 36 27  -  -
  - 43 33 16 48  - 31 53  - 45  8  5 25  - 55 46 23 56  -  - 37 59 19 58 54 39 20 52  3 35 11 41 12 27  -  2 21 50  4  6  -  -  - 18 38  - 32 24  - 34 15 26 30 17  - 40  1 49 42  -
 10 35  - 25 19  6 40  - 46  - 20  - 50 39 12  - 37  2 15  1  5 30 24 41 36 38 31 23 26 22 32 33 49 17 11 14 57  - 45 43  3 58 55  8  - 48 27 56 59  -  -  9 53 18 29 21 51 42  4 13
 50 38 37 40 20  - 13 47 21 51 43  - 22 35  5  - 28 46 53  - 19 48  2 49 56 41 60 15 12 30 42 52 33  4  9  -  7 45  - 26 31  - 32  - 34 29  -  1 10 44 55  3 54 25  - 57  - 36 39 24
  - 15 22 55  - 49 19 42 56 20 51  - 52 21 30 54  -  8 28  - 11 32 39 50 57  -  - 40 47  2 35 24 46 34 45 25  - 38  -  5 36 31  3 43 44 59  -  9 48 13  -  - 33  - 16 12 10 17 41 58
 17  - 48 49 23 47 24 12  8 32 27 30 59 50 37 26 18 55 40 13  3 22 60 29 15 42  -  7  - 31 16  - 25 38  5 11  1 53 28 10  -  - 58 33  2 45 14 54  4 35  - 39 21 51 36  -  6 43 19 20
 11  - 50  -  - 55 58 18 49  2  - 10  - 44  -  3  8 42  -  -  -  -  - 37 53  - 54 48 17 36  -  - 51  -  -  1 26 20 16 23 41 57  -  - 46  -  - 22 25  4 19  -  5 43 56 60 45 24  - 38
 33 26 11  2  - 41  - 21 45 24 18  - 37  - 36 23  -  -  4 56 53 43 48 22 28 27  - 16 44  -  - 12 57  -  3  5 58  - 40 42 17  9  -  1  -  7 13  - 20 46 14 25  - 59 54 50 60 10 34 35
  4 17  -  -  2 58  - 34 26 48 24 28  9 18 21 41 57 27  7 52 23 16  - 36 33  5 50  - 32 43 10  - 22 46 30 51  -  - 39 14  -  - 35  3 60 49 19  - 40  - 44  - 45 31 15 20 25  1 53 56
 34  - 41 19 53 35 33 23 29  5  - 44 48  -  -  2 26 18 20 11 56  - 42 46  -  6  1 30 28 24 25  - 10 22 13 36  9 39 21  - 60 27 45 59 43 47  - 38  - 50  - 37 16 57 58  8 55 52 12 40
 42 40  3 51 55 29 20  8  1 46 30 57  - 17  4  -  -  - 14 34 21  5 15 48  - 13  -  - 18  - 31  7 60  - 24  - 16 36 10 37 19  2  - 23 45  - 41 47 27 12  - 22  - 28 59 44 43 25 32 26
  9 59 57 12 46 42 17  - 52 28 14 18  - 30 54 15 33  - 19 60 20 51 34  5  7 49 26  - 37 13 40 10 39 43  4 38 35 24 53  1 55 45  8 36 58 25  - 41 11 21  - 31 29  3 22  - 44 16 47 27
  1 11 28 47 16  - 59 33  - 17 57 46  - 34  9  - 49 31 45 20  7 41 23 19 22  8 51 50 60  - 12 35 42  3 58 27 40 54  5 29  - 13 56 37 26 39 55 44 15 36 18 21 38 48 25 53  - 14 10  6
  -  - 44  -  1  - 18  - 55  - 60 25 34  7  -  5  2 16 43  8 17 39  4 14 47 58 56  - 22  - 30 27 26 57 33 50 36 10 59  3  - 35  - 12  - 46  - 51 45  6 23 53 48 37 20  - 21  - 49 42
 15 29 45 38 10 11 21  -  - 12 26 23 13 49  - 42  - 32  9 51 50 24 57 34 19 56 25  - 31 39 18  -  4 44 40 59  - 30  - 33  - 37  1 48  6 16  5 46  7  - 53 52  -  -  -  -  8 58  - 36
 32 42 54  - 39 10 60  2 47 18 16  9 24  6 51 44 12 19 27  - 45 53  - 40 35 33 11  - 36 46 43 25 17 48 23  - 28 56 58  4  - 50 22 55  - 41 21 26 13 57 49 29 15  - 34  1  7 20 31 52
  7 22  - 17  - 21 48 10 14 11 58  - 39 56 13  - 24 51  - 36 15  - 47 18 25 35 28  1 34 42 52  - 45  8  2 12  4 55 30 60 49 29 46 19 20 43 50  - 41  -  5 54 32 26 38  -  - 53 27  9
 55 24  - 45  -  -  6 48 51 25 21  - 27  - 43 49  - 54 41 18 44 14 58 10 29  - 47 56  4  - 28 39  -  7 42 32 37 15 52 12 26 22  -  -  3 11  -  2  8  5 40 30  1  - 35  9 31 46 50 33
 45 49 20 46 18 25 39  4  -  -  - 29 58 33  -  -  - 10 36 48  -  -  - 38  -  - 59 37 40 27  -  9  5  - 56 28  - 13 12 44 30  -  -  - 24 52 15 60  - 41  8  - 43 21  - 54  - 47 16 14
 54 37 15 36 41 59  7 14 57 34 55  3  -  - 48 16 58 21 52 12  -  1 50  6  4 25 38 47  2  - 49 23 29  - 28  -  - 60 18  - 46 30 43 53  - 10  - 31 26  - 27 42 22 33 19 17 56 35  -  5
 26  - 59 52 11 51 23 17  6 27 44 36  - 53 40  -  5  1 47 19 31 25 46 56  - 15  3  -  8 12  - 50 13  - 48 60 18  - 41  7  2 20 42 21  - 32  -  - 57  9  - 33 55 39 30 58 35 38 14 49
 21 14 58  - 34 48  9 37 31  - 59 33  - 32 52 53 25 39 35 49 40 38 22  2 10 45  - 12 24  6  -  - 18  - 54  - 50  7  - 57 47 46  4  - 36 30 43  3 19 16 56  - 23 44  - 42  - 13 20 17
 23 28 55 15 45 40 56 46 20 50 33  - 42  2  - 14  1 12 17 37  - 44 27  3 30 34 16  5  -  - 48  4 36 31 19 41 25 43 22  8 21  -  - 24 52  - 11  - 53 54 47 60 58 10 39 18 59  6 35  -
 57 52 27  - 17 16  -  -  - 19 50 15  - 59  -  - 44 13 38 41  4 42  6  7  2  - 37 31 14 34 20 60 30  - 39  - 32  3 47  - 28 24 33 22 23 18 25 36 35 10  1  8 40  - 55 43 46 54  5 12
  2 44 21 58 14  - 57 45 34  6  9 42 17 37 41 40 35 52  1 53 22 54 56 27 26 48 23 55 13  4  8  5 38 24 49 43  3 16 60  -  7  - 15  - 32 31 36 33 46  - 10 28 39 12 18  -  - 11 25 19
  - 33 12 43  4 13 41 49 38  - 25 24 57  1  -  6 53 17 30  - 54  -  - 35 32 40  -  -  7 15 50 58 20 42 34 21 48 19 29  2 37  -  5 11 31  - 60 27  - 59 22  - 10 46 23 45  3 44 51  -
 18 50  -  -  6 17 46  - 28 10 53  7 23  5  - 45 42 59 16 27  2 49 12  -  - 43 36 38  - 26 29 22 24 52 21 57  - 51 15 35  8 14 39  - 19 60 30  - 37 47  - 44 20 54  1 11  -  3 13 34
 30  8 16 39 15  7  3 26 42 38  - 21 18 23 46 31  4 60 10 17 55  -  - 43 34 44  - 41  - 59  9 48  - 20 53 35 29  - 49 32  -  - 12  5 51 24 57  6 14 56 25 19 37  -  -  - 13 28  -  1
  - 16  -  - 25  - 47  - 54 41 42 53 30 24 32 22 13 43 44  7 46  9 33  - 14 19 34 11 23 50  2  - 40 10  - 31 49  1  8  - 59 12  -  - 29 27 39 35 21 45 48 38  -  - 51 55  - 26 18 28
 25  -  4  - 52 44  1 57  - 22  -  8 14 42 26 60  6  - 33 46  9  - 28 59 27  3 32 24 43  7 23  -  - 21 16 49  - 48 19 18 51  -  - 50 37 56 10 53  - 58 54 12  -  -  5 41 34  - 30  -
 20 58 51 59 31  2 43  - 41 39 37 27  -  8 50  - 48  7  5  - 47  - 13 57  3 52 12 35 53 60 22  - 21 36 25 44 42 33  9 55  1  - 23 14 30  6 49 17 32 11  4 46 26 34 24 10 38  -  - 15
 46 21 35 57 47 53 14  - 60 58  7  6  5 31 34 17 52 24  3 30 43  -  1  - 39  4 13 27 33 45 55  -  - 23 41 15 20 49 26 59 12 42 18  9 48 44 38 40  -  8  -  2 50 56 28 32 29 51 22 54
  5 12 49 41 24 15  -  -  - 40 36 45  1 26 18  4 56 48 59 43 13 27  - 54  9 47 19  8  - 29 46 11  - 37 57 20 38  6 50  - 32 21 30 44 17 34 51 58 39 53  7 55  2  -  -  - 22  - 60  3
 59  - 26 20 50  9  - 19 32  4 39 34 46 14 10  - 30 36  -  - 28 31  - 13 48  - 53  3 29 25 58  -  7 41  - 16  - 22 57 51 11 44 52 56  5 35 40 23  2 24 38 15  6  - 49 27 33  - 17 37
 52  - 38  - 60 54 51 41 24  -  4  1  7 27 49  -  - 29 26  5  - 28  - 20 31 55  - 10 45 48 17 21  - 40 37  6 59 11 33 25  - 19 44 46 56 36 42 30 50  - 57 43 12 47  3 13 23 39  - 22
  -  6 34  - 30 14  - 29 19  - 45  - 54 28  -  -  7  - 42 47 36 56 32 51 41 10 52 17  5 53  1 57  -  9 20 58 24  - 43 16 15 23 60 31  - 37 33 39 12 40  3  - 18  2 48 46 27  - 38 11
 53  7  - 26 49 36  5  -  -  - 32  - 28 60  3 59 40  - 23  9 27  - 41  - 11 24 21 34  6  1  - 20 37 25 43 17 10  - 44  - 35 15 50 39  - 22  2 48 58  - 12 45 14 19 57 16 42  - 54  8
 44  2  - 22 21  - 26 38 15 31 46 20 40 10 53  1 17  5  8 58 25  6 11 55 37 60 29  - 48 16 47 56 32  - 12  -  -  -  - 45 14 51 27  - 28  9 54 50 24 33 30 36  7 49 52 34 39 41  3 57
  -  - 40 37  - 46 11  7 43 56 54 35 51 12 28 52 39 22 49  3  - 15 45 17 21 36  - 44 27  - 53 34 58 18  - 10  6  -  - 50 29 16 19 25 41  8  4 14  -  - 60  - 47  1 42  5 24 30  - 59
 22  -  - 29  -  - 16  - 25  3 35 52 26 40 17 47 31 15 48 10 58 37 51  8 38 12 30 36 21 33 60 53  9 54  -  - 56  2 20  -  -  5  -  -  1 19 34 28 18  - 45 24 49 32 46  4  - 55  7 50
 51 19 53 30 32 26 12 20  -  8  5  - 31 58 27  - 47  - 11 28 48 55  - 16 45  -  - 57  1 18  - 29  -  - 35  - 52 40 14 15 34 60 25 49 42 54 46 13 44  - 24  6 36  -  - 39 17 22 56  4
 27  - 10 35  - 23  -  3 37 49 56 50 53 57 60  7 15  9 24  2 42 40 26 31  1 16  5 39 58 52 41 28  - 14 55  - 30 21  - 17  -  4 20 29 12  - 45 18 54 32 36 51  -  6 43 59 19 48 11  -
 38 25  - 42 56 12  -  -  7 55 15 54 43  9 39 51 36 20  - 33 24  4  5 47 60 31 40 58 46  - 13  - 59 19  -  - 22 23  - 53 44  6 41 45 10 26 35 57 28 48 21  - 34 29  2 30 14 37 52 16
  -  - 30 34 12 24 35  -  -  1 41 49 60 29 44 43 32  4 50 54  8  3  - 26 52 57  - 46 16 51 37  - 48  - 59 55  -  - 31  - 23 10 11 38 18 21 22  5 47  - 42 17 28  - 53 19 15  -  6 39
 39 53  -  - 51  3 28  -  -  9 29 13 21 54 38 12 19 58  - 55 41 60 16 44 46 17 49 20 59  - 56  -  6  5 14 52  - 35 25  - 42 26 36  - 40 33 23 43 22 18 34 57 27 50 32  - 48  4 45  7
 24 48  -  7 35 19  2 44 59 23 22 56 11 45  - 28 10 14 57 29 12  - 52  -  - 37 41  -  -  3 54 43 31 30 27  9  - 34 38  - 18 36 21 15 55 42 58 25 51  - 17 16  -  8  -  6  5  -  - 53
  - 31  9  -  - 20 55 39  2 57 11 58 38  -  - 56 43  - 32 44  1 26 21  - 17  - 22  - 41  - 24  8 53 29 36 46 12 14 51 34 40 49 16  4 47 15  7 52 30  - 59  5 42 35 13 37 54 60 23  -
 58 51 29  - 13 52 54 15 16 43 49 12 36 22 42 24 14 47 46 45  - 17 44  -  8 23  -  9 11 40  - 38 27 60 31 56 41  5 34  - 39 25 10 26  7 20 53 19  1 30  - 18  4 55  6  3  -  2 37 21
  8 55 43 54 28 33 30  -  9 59 48  4 10  - 16 20 50  6 39 35 60 34  3 23  5 46  7  - 19 21 14 40  1 47 18 26 13  -  -  - 53 38  - 52  -  2 37  - 31 25 11 49 41  - 17 22  -  - 29 44
  3  - 24 14 42  - 49  1 33 52 17 60  6 48 58 27 16  - 55 15 59 13  8 21 51 18 46 25 57 44 19 36 54  - 22  - 31  -  7 20 50 28 53 10 35 38 56 45 29  - 39 23 11  4  9 26 37  -  - 30
 13 54  -  -  9  1 45 59 39 44  - 43 33 47  6 25 22 28 56 50 34 11 37 53 23 32 55 42 15 17 57  - 41 35 10 30  - 29 24 46  - 40 49 60 14  5 52  -  - 26 16 20  3  7 21 38  -  8  - 51
  - 56  5  - 58  - 27 22 50 16 10 37 29 43  8 38 60  - 54 57  - 21 18 42  - 26 44  -  - 28  - 13 35 15  7 23 46 17 11 19  6 48  - 51  -  - 24 32 33  - 20 41  9 14  -  -  - 31  -  -
 48 39 52 23  - 34  - 55  5 33 31 32 47 20  2 36 45 11 29 25 18 50 40  - 43 14 24 59 51 41  7  -  3 13  -  4 54 57  - 27 56 53 26  - 21  -  1 16  - 28  6 58  -  9 37 15 30 19 44  -
