2880
 20 53  - 52  - 41  - 29 38 33  - 40  5 35 37  - 55 23  -  -  4 48 13 22 19 10 27  -  8 34  -  -  -  - 42 46 49 57  - 17  2  - 31 47 15  -  3 59  1 30 43 36 50 39 32 45 44  - 11 25
 46 21 26 54  -  - 29 47  - 24 28  4  8 13  - 31  7  -  -  - 38 51 55  - 11  - 44 17 45 39  -  9  1 52  - 23 50 59 36 48 37 16 25  3 60  6 49 40 58 43 32 14 56 34 18 35 27 57 33 19
 47 50 29 53 43 38  6 36 21 27  -  - 52 28  9 33 60  -  - 51 26 24 39 32 45 49 22 15 17  - 46 59  - 11  1 41  - 16  -  - 13 58 44  -  4  - 23 20 34 55 54  8 57 48  - 18 56  2 37 35
 16  - 39  - 56  7 45 49 15 58 21 31  4 46  2  - 57 34 36 25 14 11 50  - 27 55 42  5  - 24 20 19 44 10 37 40  1 12  - 51 17  9 53 33  6 41 35 54  -  -  - 22 59 18 29 52  - 47 43 30
 38 23  2 19 29 15  -  8  - 34 45 44 54  - 24  4 56  6 40  - 53 49  3 39  - 20 48 41  -  - 33 12 46 22 13 16 25 30 43 55 35 17 42 26 11 50 51 47  7  1 27  9 52 57  5  - 31 28  - 14
  4 44 20 46 42  - 39 52  1 54 25 36  3 56  - 45  9 32  - 48  -  - 38 49 53  6 47 37 26  - 57 41 29 17  5 21  - 51 16 23 11 31 55 35 43 40 33 18 19 50 28 15 27 58  - 30  2 12  -  7
 58 42  -  -  - 24 30 21 46  -  - 14 22 57  5 12 18  -  -  7 13 47 59  3  6 25 53 43 39 15 19 29  - 51 27  - 26 44 45  - 52  -  -  2 16 60  -  8 38 32 23 20 40  4 37 34  - 11 50  9
 33  -  - 20  - 22  1 18 60 25 54 56 50 44 28  3 27 24 59 29 52 39 40 13 58 15 19 11  - 53 34  - 47  - 16 37  - 17 49 30 21 14  6  9 32 51  2 23  - 42 10 41 35  5 26 36 55 48 12  -
 15  - 16  8  -  -  - 39 48  - 11 51 24 19 23 44 35 22 47 18 31  - 53 40 30 32 36 12  -  - 21 52 34  7  -  4 60 46 25 29  - 10 49 58  1 17 42  - 20  5  9 55 26 13  -  2 57 27 54  6
  - 17 13  4  - 48 34 46 31 18 20 25 56 22  - 35 44 55 45  - 54 14 10  - 60 51 24  -  9 52  2 21 26  1  - 15 27 32 11 47 16  3 36 53 39 29  - 30  - 28  - 19  - 38 50 58 41  5 23 59
 11  - 28 44 35 14 49  - 40 39 50 47  - 52 53 56  4 37 25  3 59  -  - 58 23 46 60 24  2 20 13 10 32  - 54  -  8 33 15 45 19 18 17 30 21 42 55  -  6 41  5 12 22 16  -  9  - 43 38 29
 18 31 37  - 26 19 42 57 27 15 52  - 33 12 38 23 13 17  - 43  - 59 47  -  - 39  - 58 53 54 14  - 21 30 36 56  -  -  3  4  -  - 32 50  - 20 22 11 46 25 45 51 41 60 40  7  - 16  9  -
  - 56  -  - 46 60 58 32 16 35 33  - 37  3 11 40 28 13  2 55  -  - 49 21  -  1 34 26 48 27 52  8 53  6 43 50 42 23 30 25 51 15 24 36 38 18  7 19 45 20 31  -  4 10 12  - 29  - 44 39
 36 41  - 50  1 51  - 15 23  -  - 28 60  6 47 52  - 39  7  -  -  -  - 25  - 54 17 42 55 46 26 58 33 56  3 49 22 13 10  2 14 12 16 57 18 30 32 24  9  -  - 34 11 29 53 38  8 40 59 43
  -  6 58 15 19 21  8  -  -  -  - 23 44 36 34 54 48 14 11 17 22 30 24 41 35 26  9  7 50 55 43 37  - 20 25 52  - 29  5 13 39 47 18 28 42 10  - 33  3 49 59 46 12 40 57  4  1 45  - 38
  5  - 43 39 31 58 20  - 54 44  2  -  -  8  3 10 17 38  -  9  -  6 23 15 22  - 25 13  - 30 35 51 49 48 57 42 53 36  -  -  - 19  4 60  - 11 12  1 59 16  - 50 24 32 28 21 37 33 45  -
 25 40  9  2  -  - 11 54  5 16 36 10 20  -  4 49 59 30 42  1 27 43 12 48 47 28 35 39 18 44 58 17 41 38 34  - 21 19 60 32  3 29 52 15 51 55  -  6 50 14 33  - 23  - 46  - 24  -  8 37
 19 60 50 12 36 29 31  - 33 23 26 43 46  7 27 21  -  9  - 15 56  -  5 14 17  -  - 32 47 35  4 40 13 24 10  6 45  2 58  - 22 25  - 55 37  1 44 57 39 53  3 59 30 52  - 41 42 54 18 34
  8  -  - 31 25 18 26 30 24  -  6 59  - 16  - 60 22 42 51 34 39 55 19 44 40  - 33 45  - 32 41  - 23  4  - 14 56 50  - 37  - 27 43  7 29  -  - 36 15 47  - 10  -  - 38 53  5  -  - 58
 22  5 17 41  - 53 56 33  4  - 38 34 32 40 42  -  2 26 44  -  -  7 30 31 59  - 10  6 46 21  8  - 50 25 23 12  9  1 39  - 29 13 48 18 58 37  - 45 60 52 36  - 28 55  -  -  3 20 24  -
  9  2 30 29 48  - 57  - 42 40 24 37  - 20 59  1 26  - 56 11 28  - 52  - 43 31 51 36 44 23 22  -  -  -  -  - 18  5  4 19 60 41 45 32 50 47 53 46 54 38 16  -  - 14 39  - 12 58  -  -
 55  -  - 35 34  5 33 13  -  - 59  - 39 11  1 46 50 49 57 41 23  - 16 29  - 58 45  - 25 26 30 38  -  3 24  - 14 54 52 21 12  -  8  - 36 27 10 37 32  2 18 60  -  -  -  -  -  7  6 53
 52 55 14  7  - 11 43 42 37 45 57 17 16  9  6 50 53  1 39 33  -  3 20  4  -  -  - 34 32 28 10 26 25  8 44 18 23 21  2 36  - 24 58 22  -  5 29  - 49 51  - 56 54 31 27 19 47 60 30 13
 37 13 25 17 60  -  -  - 30  - 18 24 11  4 49  -  -  5  3 54 44 31 21  -  2 41  7 16 19 51 55 39  -  - 14 58 52  9 53 27  1  -  -  6 23 48 46 56 36 26  - 28 34 35 10 32 33 29 22 12
  - 16  - 32  - 55 54  4 28  1  -  - 59  - 14 48  - 45 22  - 57 60 35 53 51 42 31 50 34 10  - 33 24 37  - 13 12 39 29 49  5  7  - 23  3 36  -  - 21 19  -  6  8 25  - 40 46 41 56 47
 39 38 19 25  - 23 14  -  - 26 43 32 51 21 16  - 31 12  -  5 11 17 41 28 56 47 50 57 54  -  3  1  -  - 18  - 35 53 55 22 20 46 34  8 24  7  6  -  2 58  - 52  - 59  - 49 13 37 27 15
 35 46 56  -  - 42 28 20 11 30 53 60 36 49 55 43 16 44  6  - 15  -  1 10  7 27 59 22  - 25 24 48 14  - 47  3 38  -  - 26 45 52  -  -  8 23  -  4  5  - 34 40 21 50 31  - 17 18 51  2
 56 27  5  - 37 52  3 10 47  - 40  -  2 23 22 19 42 35 12 46 20  8  - 24 18 50 26 51  - 11 48 54 36 57  - 55 33 31 28  1 25 45 15 49 30 16 21  7 41  - 29 53 38 43 59  - 14 44 34 17
 29 49  - 30 41 32 35 28 25 22 46 15 45 47  -  -  -  - 27 10 51 26 48  7 52  4 23 38  6  -  5  -  -  -  2  1 34  - 50  3 56 60 59  - 53 54 40 31 33 17 19 13  -  9  8 11 16 39  - 21
 31 34 54 27 16 44 40 50  6 47  8 49  - 43 20 55 38  -  1  - 10 58 60 51 48  - 14 25 15  2 17 45 59  9 35  - 29  3 19  5 26 30 41  - 57 39 56 32  4 22 13 18 37 12 33 46 36 53  -  -
 44 36 47 28  -  2 55 25 34  -  - 41 19 48 50  - 10 53  -  8 17  -  -  -  - 24 37 18 14  - 29 23  4 13  - 26 46 43 12  9  - 39  7 54 40  -  1 60 51 27  - 30  -  -  -  - 59  - 49 22
 50 43 32 40  - 16 53  -  - 11 47 30 23 33  - 17 12 27 19 22  7 10  - 60  3 18 15  - 29  - 28 24 56  -  9 45  5  6 26 39  4  - 51 21 46 58 34  - 25 59 49 31  - 41  1 44 20 38 52  -
 40  - 15 57  6 35 17  7 44 20 39 55  -  - 29 18  3 11 46  -  - 42 54 16  5  -  1  9 23 31 37  - 52  - 19 59 41  - 22 24 28 38 60 12  - 26 48  - 10 36 50 27 33  8  - 51  4 30 14 49
 30 39 34 10 45  9 32  -  8  - 23 13 14  - 52  - 33 59 15  - 41 57 31 26  1 22  2  4 24 37 40 20 55 16 28  5  -  - 18 46 49 53 12  - 44 35  - 25 42 60  - 11 43 27 56  -  - 50 58  -
  1  - 18 22 57 49 50 11 41 14 31 26 42 27 35 24  - 58 16 38  - 46 43  - 37 23  -  - 52 56  9  7  2 21 39 53 40 28 32 10 15  6  - 45 59 34 30 51 17  8  - 33  - 44 55 12 25 19  4 48
 23 30 55  3 14  - 46 12 36  -  - 11 25 39 51 15 37 18 34  -  6 32 26  2  - 57  5 21 13  1 45 56 16  - 48 44 58 24 38 52  9 49 47 31 19  - 59 22  8 29 40 35 20 28 54 60 53  4  7 41
  -  9 53 18  - 40  7 22  3 60 10  -  - 25 46 41 11  4 32 56 29 44  -  1 21 19  6  2  5 12 49 43 58 42 31 39 47  -  -  - 33 51 13  - 28 59 37 16 55 35 26 38 17  - 15  8  -  - 57 50
 59 29 60 21 40 56  2 34 20  -  -  9  - 53 31  7 23 43  8 44 37 12 15 45  4 13 16  -  -  5  6 22 18 28 58  - 32 47 17 35 30 50 27 25 33 46 57 38  - 10  - 39 51  - 11  - 52  -  3 55
 12 54 45 23 55  4 22 38  2  - 13  - 28 41  8  5  6 29 53 35 18 33 25 11 16 36 52  - 10 49  - 50 42 14 51  - 17 40 37 56 47  1  - 44 34 57 60  -  - 15  7  -  -  3  -  - 43  9 19 20
 13  4 36  - 10 17  -  - 50 55  7 16  6 26 48 34 45 20 52 39 19 35 33 42 54 44 56 28 30 29 25 57  -  - 15  9 37  8  -  - 24  2 22 59  5 32 58  -  - 23  - 49 60 46  3  1 18  - 41  -
 43 22 52  1  - 33 25 53 55  5 14  -  - 60 40 11 51 56 20  - 21  - 46  6 34 37  3 35 49  7 16 27 39 41  - 10 19 18 47 44  - 54  -  4  - 24 17 58  -  -  2 48  - 26  - 42  -  - 31  8
 48  -  - 16 28 39 12 19  7 37  - 35 26 18 41  9 46 36 43  4  2  5  - 30  - 21  -  - 20 59 42 55  -  - 52 60 54  -  - 58 31 23  - 51 22  3 50  - 40 33  - 57 45  - 49  - 32  6 53 44
  -  -  6  - 13  -  9 55 49 19 51  8  7 38 30 59 15 25  -  - 33 36  4 23  - 52 58 31  - 60  - 44  3 39 22 43 28 34 14 12  -  5 54 41 56  -  - 29 27  - 57 45 32 24 47 50 35 21 48  -
  -  - 10 11 17  3 13 43 58 46 48 50 40  1 26 53 19 33 23 52 47 54 28 36 55  -  4  - 12 41  - 31 60 29  - 22 57 45  - 14 32  - 35 27  2  - 15 42 18 34 39 44 16  -  7 24 38 25  5  -
 28 33 40  5 44 47 51 59  9  3 41  - 10 24 17 32  - 60  4  - 58  2 14 35 12 30 11 55 43  6 54 42  -  -  7 34 36  -  8 57 23  - 37 56 27 22 13 52 53 46  - 16 39  - 20 26  -  - 29 31
  2 51 44 47 24 43  - 27 29 10 35 46 18  - 13 16 49 19  - 36 25 53 11 17 50  8 21 14 22 57  -  6 31  -  - 30 15  4 42 40  - 34 23 38 41 45 20  5 37  - 12  1  3 33  9  -  - 59 28 60
 60 57  - 59 47 25 18  - 51  - 32  - 48 17  7 30 24 15 37  2  8 40 45  - 26  9  -  -  -  -  - 14 27  5 55  - 39 20 54 50 10 44 29 13 49 33  - 28 16 21  -  -  - 22 34  -  6 36 35  4
  - 12 33 56  - 37 36 24 43 57  3  - 31 10 44 58  - 50 60 30  - 23  -  8 32 29  - 48 40  9  -  2 17 49 21 20 51 55 35 11 42 26  1  - 52 53 19  - 28 13 25  4 18  7  6  - 34 15 47  5
 24 25 48 38 11  1 10 26  -  - 34  -  -  - 45 28 39 16 35 37 30 18 17 55 15 12 40 33  -  - 47 49  -  - 41  8  - 60 57 43 46 32  3 19  7 44 52 21  -  6 51 29  2 42 13 22  - 31 20 23
 51 15 57  -  9 31 23  2 13 38 22 33 34 55 25 27 29 41 10 21 48 52 44 37 14 45  - 20 42 19 36 32 28 54  -  -  -  - 59  8 53 40 39  - 12  -  5 35 43 56 24  3  - 17 58 16 50 46 26 18
 21  - 31  -  - 13 41  5  -  7  1 22 27  - 18 39 30 51  -  - 60  - 58 52 36  3 57 44 59  - 23 25  - 34 40  - 43 49 46  6  - 56 26 29 48  -  -  - 11 24 20 54 10  2 16 28  9 17 15  -
  7 26  - 49 51 46 27 35 32 41 15  - 13  -  - 20  1 28 14  6 12 37  -  5  9 60 55 10 36 47  - 16 30 59 53  -  2 58  - 33  - 43 50  - 45  - 39 17  - 54  4  -  - 11 52 25 21  8  -  -
 57 10  3  -  -  6  -  - 12 32 30 20  9  - 58  2  - 31 50 40 42 16 29 18 39 59 38  1 41 22  7 13 35 19  - 47  4 15 33 54 55  8 11 52  - 25  - 49  - 48  -  - 36 51 24  5 28 56 46 26
 34  - 35  9  - 20  - 60 56 53 37  6 38  - 36 29  - 10  - 59  3  - 51 54  8 16 39 19  -  - 50  - 22 44 17  2 13 52  - 18 43 57 28  - 31 49 25 48  - 12 55  7 14 21 41  - 11 26  1 42
 49 45 21  -  5 36 59 58 35 51 19  - 29  - 39 22  - 54 28  -  -  1 27  - 25 17 32 30  3 50  - 47 20 53 38  - 11 26  -  -  8  4 46 37 55 15  - 43 44 40  -  -  7  - 48 13 23 10 16 52
  3 18 12 26 32 27  4  - 45  8 60  -  - 14 15  - 58 21  - 49 55 50  7 19 29  - 28 23 56 48  - 34  5 40  - 36 20 41 51 59 38 33 10 16  9 13 24 39 35 11 22  - 53  6 42 54  - 52 17  1
 53 37  8  - 39 28 38 48 59 29  9 52 15  5 56 13  - 46 55 47 50 21  6 20 49 35 41  3 51 17 60 11 57 31  4  - 44 22  1  7 58 36 30 43 26 12 16  -  - 18 14 23 25 19  2 33 40 42 32 27
 41  1 23  - 30 50 48  9 26 12 49  -  -  - 33  8 47  7 18 16  5 25  2 46 13 53 29  -  - 14 51 28 15 45 11  - 55 10  6 38 59 21 40 20 54 31  -  3  - 44  - 17 42  - 60 57 22 34 39 56
 54 28  7 51 53 12  - 17  -  - 16  3 57 50 32  -  - 47 13 60 49 38 56 59 41 40  - 52  - 43 31 30  8 46 29 27 24 42 48 15 34 11 19 10 20 14 26  2 22  - 44 21  - 23  4  - 58 35 25  -
 26 19 41 37 18  - 44  1 52 13  4 53 35 51  -  -  -  8 49 24 32  9  - 56 28  - 43 59 58 40 15 60 12 23 45 25  3 11 20 31 27  - 57 48 14 38 36 50 29  - 46  2  - 30 22 17  - 55 10 16
