2880
 37 50 28 32 49 12 56 45 25 59 43 10 48 16  8 57 33  - 18  7 31  -  - 21 23 30 60 51  3 46  5 42 27 58 35 36  9 47  -  1 14  - 13 41  6 26  - 11 55 34  - 38  - 53 19 15  2  4 40 17
 58  4  - 31 33 23  -  - 30 21 13 57 42  - 16 34 22 37 43  9 45  - 36  -  7 41  - 11 53  5 56  - 48 35 29 20 51 54 32  -  - 27 12  - 49  - 10 26 38 40 28 50 47  -  -  8 25 55 15  -
  -  -  - 17  9  - 24 22  2 40  - 38 32 37 47 55  5  - 45  4 20 16  - 56  - 49 25 21  - 31 23 53 34 28 44  6  1  - 27 54  - 35 18 33 12  7 15  - 39 59  3 43 50 11  - 36 19 10 46  -
  -  - 43 28 42  - 54 48  - 22  -  - 23 30 40 27 56  - 53 19  7  2  5 37  - 25 14 60 41 59 29  - 52 44 57  - 49  - 47 26 15 39  - 31 32 17 51  4  8 46 18 45  9  - 35 10  - 12 13 20
 10  -  - 39 45 15  5  -  - 41  - 25  - 18 26  7 16 20  -  - 14 22  - 58 27 56 44  - 35 54  2  -  1 36 50 60 32  3 12 43 59 55 47  4  - 19 13 51 57 29  - 53  - 52  - 37 23 24 21  6
 24 45 49 12 10  6 38  1  - 54  -  -  -  -  -  -  - 25 19 18 35 27 59 13 42 60 31 30 39 36 16 58  7  - 34  - 41 29 15 32 47  9 53  - 17 40 37 56  - 51 21 44  2  -  3 50 14 22 57 23
 43 14  5 60 31 27 50 20 36 37 58 24 46 12 54  - 51  - 32  3 29 38 25  - 15 42  1 59 56  - 45  - 21 53  - 33  4 18  - 35  7 28  - 23  2 30 57 22 44 26  9 13 17 40 55 19  - 52 47  -
 39  -  - 35  4 20  -  -  - 18 11 50  -  -  1  - 12  - 13 15 24 53 43 40 29  -  2 31 36 17 21 47 10  - 38 42  - 45 41  -  - 54 37 26 33 32 14 59 22  5 34 56 30  8 25 28 46 27  3  7
 11 24 13 47  -  -  9 15 53  - 17  1 20 32 44 37 58 45 52 56 10 55 18 22 14  7 33  3 31 12  - 26  4 59  -  - 38 28 40  - 19 21 57 42 39 46 34 49 25 41  2 35  6 43 48  - 29  - 23 51
 36 57 59  - 55  - 43 13  8  6 50 12  2 40 46 32  - 42  7 33 30  - 16 19 38 22 17 10  5 28 27 45  - 25 23  - 47 20 29 53  - 37  1 49 26 52 44 18 35  9 24 21  - 58 34 11 15 31 54 48
 52 39  3 13 29 43  - 14 12 24 34  4 17 47  - 28 30 35 51 40 41 58  -  - 21 53 23 27  - 57  -  - 31 15  - 11  -  6  1  -  -  -  -  - 46 56  5 32 20 45 36  -  -  9  - 33  -  - 49 18
 54 58 11  3  - 50  1 46  - 56 36  - 31 59 23 20  - 51 38 41  - 52  2 42  -  4 40  - 32 48  - 25  - 18 17  - 13 43  9 19 16 60  - 22 24  -  - 44 29 37 57  8 15 14  7  - 27 26 34 33
 14 16 47  - 58 19 22  7 34  3 40 39 21 46 45  -  -  - 57 55 42 30 35 12 59  - 11  8 20 24  4  2 56 32 33  - 29 15 26  - 37 41  - 18 36  -  9  - 51 25  -  6  1 44 49 54 60  - 43 10
  9 54  - 44 51 31 23  -  6  - 60 55  4 49 13 25 10 41  - 32 56 45  - 34 22 52 53 15 26 21  - 57  -  -  - 47 58 35 30 27 43 36 48 50 14 18  3  8 28 19 20 12 33 16  - 17 59 29  5 38
  - 27 30 58  - 53 25  8 41 50 55  2  -  - 43  - 59 34 39  -  1 54 20 18 45  - 35  - 11  -  - 36  - 48  - 24 56 38  7  - 22 57 26  5 51 16  - 42  -  6  - 17  -  - 60 46  - 15 37 12
  2 35 40  6 36 18  -  -  - 48  -  - 41 54 15 22 38 26  1 10  5 28  - 11 13  9 47 42 17 25 34 50  - 21 46 14 59  7 51  - 55 24  -  - 57 43 23 20 60  -  - 16 27  3 45 31  -  8 12 39
  6 28 36 46 44 29 18 35 32 13 22 47 34 57  -  -  -  - 50 17  -  -  -  -  - 14 15 53 55  - 60 43 25 19 20  8  - 56 11 23 27 45 52 48  - 24  - 41 10  - 30 33  -  - 54  9 49  1 51 37
 53  - 33 21 39  5  - 57  1 27 20 30 37 23 25  -  - 13 16 34 58  -  7  - 46  - 51 28  9  2 31 41 32  -  4  - 45 40  - 11 12  8  3 24 10 59  - 54  - 15 60 14 22 55 18 26 48  - 44  -
 19 21  - 50 12 14 13  -  - 60 38  - 35 58  7 59 26 55 34 31 53  4 42  - 33  5 22 36 24 47 15 32 11 54  1 10 16 44 52 57  - 30  - 46  9 48 20 39 45 28  -  2 43 41 27 29  8  6 56  3
  - 40 44 37  - 16 28 19 43 58 24 23 10  -  -  - 55 46 15 26 54  -  - 29 35 21  5 25 18  8 57 20 22 45 49  - 50  2  4 41 53  7 59 32  - 34  -  - 36  - 56 52 60 31 51 48 30 47 39  1
  -  - 38  -  -  9  - 11  - 57  - 15 50 21 20  - 39 31 10  - 43 14 52  2  - 23 27 37  6  - 22 44 49  8 26 19 33  -  - 30 13 18 29  7 40 55 28 45  - 36 46 60 34 48 56  4  - 32 59 24
 23 30  9  - 18  4 48 49 15 53 12 56 57  7  - 24  8 50 60 42 37 44 58  5 32 19  - 47  1 40  - 59  -  3 16 26 39 14  - 51  - 34 45 20 52  - 31 21 46 43 10 28 41  -  - 22  - 33  - 29
 30 13 58 43  - 44  - 60  -  -  4 35 33 27 41  9 18 36 22 38 48  - 54 24 51 29 12 56 50  -  -  7  -  5 45 32 57 21 10 17  1 14 11  - 31 49 25 37 42 52  - 34  - 28  -  - 26  3  6 40
  1  7 21 10 24 13  - 51  - 46  - 34 14  8 59 40  3  -  - 37 39 49 47 30 48 43  4 45  - 23  - 29 16  6 27  2  -  -  - 22 50 38 35 25  -  - 60  - 56  -  - 57  - 17 15 42  -  - 52  9
 51  -  - 52 15 24  -  - 19 47 29 44  - 50 28  8 36  - 25 46 33  - 21 17  -  - 41 14 59 37 48 40 39 42 12 35 26 27 60  7 45  1 56 16 53  3 32  - 49 10  5  9 18 57 38 30 22 11 20  -
 48  8 53 36  5  1 45 55 50  - 39 54 25 11 30 14 20 19  6 27 23  7 28  4 49 31 46 32 57 42 17  -  - 37 47 15  - 51 13 34  - 43 22 10 29 12 24  2 16  3 41 40 59 18 44 52 58 21 38  -
 60 59 26 24 38 35  -  - 28  7  -  -  - 56 58  - 54 23  - 48 13  - 34 39  - 40  - 33 49  - 44 37 50 41  3 25 42  9 46 52 21  -  - 17 22  6  8  1 27 16 12 19  -  4 11 32 20  5 18 15
 59 26 60 38  - 10 49 18  - 15 21 19 11 33 27 17 24 14 20 58 16 43 23 50 12  1  - 55  8 52 46 35 44 13 31  7  5  4  -  3  - 25  6  - 28 57 29  9 40 22 42 51 54 34 47  2 39 53  - 30
 38 22  - 45 56  - 46  4 44  -  9 17  - 51 18 58 11 21 31 30 34 36  - 32  - 24 48  7 23 43 26  - 13 39  6 28 14 42  2  - 20 19  5 60 27 25 52  3  -  1  - 59 53 47 57 35 41 16 10  -
 40 37 12 48 57  - 34 53 27 51 30 20 55  - 22 54  - 24 35  - 59 41 19  -  4 50  9  1  7  - 52  5 46  - 18 31  3 11 49 47 60 33 42  8 15  -  2 25  - 21 43 58 29 39 13 45 17 14 32 44
  7 18 20  -  3  -  4 27 58 28 49 13  9 39 51 15 52  1 48 57 21 19 22  - 44 10  - 54 12 34  8 38 53 14 40 45 31 50 25 37  - 32  - 43  5 60 30 24 47 35 59  -  -  -  6 41 11  - 36 46
  -  - 50 30 20 22 40  -  3 19 31 41  5 26  - 16 49 59 58  - 15 34 29 35  9 47 45 23 10  - 28  6 54  1  2 57 21  - 33 38  8 52 17 12 13 51 55 27  - 18 14 37  7  -  4 39 36 46  - 53
 56 53 41  1 34 26  - 25 59 42  2 37 30 48 52  5 31  - 46 14 27  - 45 55 19 36 16 44 40 15  - 13 20 10 21 23 11  - 17 58  - 29 54 28 43  9  - 50  3  - 38 49 35 51 22 24 47 39  4  8
  - 31 32 53 52 11 59 38 24  - 23  -  -  -  4 36 45  - 54 29  -  - 57 20  2 26 34  - 60  7  1 18 58  9  - 46 17  - 55 12 28  - 30 47  8 21 42 33 37 50 48  - 13 10 14  -  5 44  -  -
 57  - 55  7 23  - 26 21 40 45 47 58 27 13  6 46  - 48 37 39  9 31 15  -  - 12 42 22 34  4 20 19 14 24  8 44 28 17 50  - 49  - 60  - 30 10 18 38 54 32 51 41 16 33  5  - 35  -  - 56
 35  3 25 15 37 45  - 30 11 44 27  - 18 38 29 48  7  - 33  8 28 17  9 41 10  - 24  - 58 22 12 34 19 51  - 56  -  - 23  2  5 26 50 52 16  1 59 57 14 49  4 32 36 54 31  - 43 40  - 13
 31  - 19 34 35  - 10 28  7 36 25 52 47 17 32 60 44  5  8  -  - 48 11 27 56 59 39 41 13  - 14 30  6 16  - 29  - 57 43 40 58 23 46  9  4 54  1 15 24  2 33  - 37 21 26  - 12 42 45 50
  - 12 15 41 13 51 27 52 39 16  7  3  -  4 53 35  1 22 29  - 32  8 31 60 17 20 19  - 46 56 42 24  - 30 10  - 44 33  - 21  9 59 23 58 47 36 26  6  -  -  - 55 11 37 28  5 45 57 50 14
 45 44 37 51 40 32 42 59 14  4  -  5  3 28 48 31 21  - 47 52 38 11 55  - 41 54 58 17  2 20 50 16 26 27 30  - 10 39 18 24 34  6 36 15  7 13 46 60  -  8 53 29 56  -  1 43  9 23 35 25
 15  2 56  4  - 60 41 32 26  5 46  - 24 19  - 29 14 43  - 50 25  -  - 51 36  - 55  9  -  - 18  - 45 47 59 54 53 34 28  6  -  3 27 39 20  8  - 35 48 17 52  7 57 38 12 13 40 37 58 49
 32 46 27  2  7 30 15  - 13 29 45 28  -  - 19 51  9 40  - 22  6 37  - 54  - 34 20 58 48 18 43  3 24 17 52 49 35 53 31 44  - 42  8 59 21 47 50  5  4 39 55 23 25  - 10  -  - 41 16  -
 28 11 10  - 17 59 33 50 18 31 56  - 22 41 37 45  -  4 49 21 36 60 12  -  3 35 30  - 29 39  9 51 15 46 42 58 54  8  5 13 24 47  - 14 38 20  6 55 53 44 16 48 40  2  - 23  - 25 26 27
 50 20  1  - 14 38 35 29  - 55 48  -  6 52 39 12 41  3 17  -  - 10 32 46 34  8  7 26 44  - 30 54 47  - 37 16  - 19 24 49 18  -  - 53 11 22 40 23 13 60 31 15  - 27  - 56  -  - 28 21
 33 41  4  -  - 52 32  - 21 10  6  8 26  - 38 49 34 30  - 60  -  -  -  - 57 58 54 46 22 51 37 27  2 50 28 18 36 16 42  -  3  - 40 19 23 15  - 14 17 47 25  5 39  1 53  7 55 43 29  -
  -  1  -  - 60 40  -  6  4  2 37 53 52  - 36  - 32  -  9 20 44 25  - 28  5 11 43 39 45  - 47 46  - 26 22 30  - 58 57  -  -  - 51  3 48 23 35 31 19 14 17 54  - 56  - 16  - 38 33 42
  - 32  - 54 27 17 14 37 33  9 10 40 56 22 31 30 42  -  4 12  - 59  3 57 24 38 49 50 21  1  7  -  - 43 41  5 19 25 45 48  - 58 28 51 55 11 36 34 26 13 15 20 44  - 29 47  -  2 53 16
 47 15 51 49  - 36  - 10 35 20  3 48  - 53 56  4 17  -  5 45 22 26 14  8 25 37 50 34 38  - 41  -  - 55 60 59 12  1 16  -  - 40  - 13  - 29 58 46 21 23  6 24 32 30 52  -  - 19 31  2
 34 52 16  -  -  - 30 17 46  - 14  -  - 60  9 11 27  - 44  2  4  - 39 47  6 15  3  5 54 41 19 23 33 38  - 55 48 31 37 18 35  - 49  1 25 45  -  - 59  - 13 36 28 22 42 51  - 50  - 57
 18 56 45 57 11 58 52  9  - 34  -  - 13 42  - 23  -  2 55  -  8 50 10 49 39 46 37  - 27 19 51 31 41  - 36  4  - 32 38 14 25 48 15 44 54 28 21 30 33 24 22  1 12 60 40 59 53 20 17  5
 22 23 57 33 53  8  -  - 60 49 59 43  - 55 17 10 47 28  -  5 50 21  6  9  - 51 26 29 42  - 25  4 38  - 14  - 20 52 58 39 48 15 19 45  - 35 41 36  - 56  - 11  -  -  - 44 32 13 24 54
 13 38 31 11 21 46  -  5 22 25 41 59  8 44 33  - 15 52  3 54 26  9  -  6  - 39 56 19  -  - 32  1 23 57 43  - 34 60 53 42 17 49 58 40 45 37  - 29  7 27  - 10  - 35  -  - 18 51 30 28
 26 42 18  8 28 25 21 41 29 11  - 46 59 45 57  - 48 16  2  - 60 24  - 14  - 27 13 12  -  6 53  9 36  - 54 34 37 10 22  5  - 17  - 30 56 50 38 40 23 55 44 31 51 19 33 58  - 35  7 32
  -  -  7 14 32 39  8 23 57  - 44 22  -  5  -  3  2 10 59 13 11  - 53 15 50 18  - 35 47 27  - 52 12 60 25 48 43 37 19 45 38 31 33 21  1 42 54 16 34  4 58  - 46 24 20  6 28  -  9  -
 49  5 22  - 25 37 20 47 55 17  - 42 45 31  - 33 23 56 24 36  3 46 60 43  - 32  6 57 19 35  - 10 18  2 53  - 27 48 21 29 40 50 41 11 44  4 39 28  1  7  - 30 58  -  8 34  -  9  - 59
 27 10  - 20  2 47 16 26  - 14 28  7  1 43  - 53 40 38 41  6 46 32  - 48  -  - 57  -  4 49  3 12 51 52 56 21  - 30 59 25 11 44 55 36 35 58  -  -  - 31 45 39 23 42 37 18 50 34 60 22
 16 17  -  - 54  7 51 39 56  - 42  6 19 36 34  - 37 49  -  - 40 57 30 59 18 44 28  - 15 10  -  -  5  - 32 43 52 22 14 60 41 46  - 27 58  -  4 47  9 12  8  3 21 13 23  1  - 48 25 45
  5 48  6  - 47 55 58  - 17 38  - 27 49  2 24  1 43  9 56 59  - 20 51  7 28 45 21  -  - 32  - 39 42 22 15 37 40 41  -  - 31  - 10 34 50 44  - 53  -  - 35  4 26 23 16 14 57 36 19 60
 55 51 14 42  8 28  6  - 16 52 26  - 36 25  2 44  - 18 12 47  - 35 56 45  1 33  -  4 43  3 24 22 29 40 11  - 15  - 48 31  -  - 38 57 60 39 17 13  - 30 50 46 20  7 21 49  - 54  -  -
 29 19  2 26 16 42  - 12 52 43  - 21 39  - 49 18 50 15 23 28  -  3 27 25 37 55  8 48 51 33 35 14  -  - 13  9 30 46 44  -  6 22  7 54 59 41 53 10  5 58  1 47  4 20 24 40 38 45 11  -
 20 33  - 22  1  -  -  - 23 39  5 14 54 29 50 56  -  -  - 44 49 51  -  -  -  3 52 16  -  - 40  -  - 12  - 13 18 59 36 28  -  4  9  - 19 31  7  - 41 38 27  - 10 45  - 57  - 60  2 26
