2880
  -  5 41 48  7 35  - 49 31  3  - 23 58 27 11 55  -  4  2 36  - 37 19 10 17 60  - 21 22  - 20 59  9  - 53 44  - 30 42 47  - 38 13 29  6 43 34 24 32 39 45 33 57 46 16  -  -  - 25 40
  - 28 35  - 17 58 21 38  1 57  8 36  -  - 18 32 55 39  5 59  7 30  -  - 47  9 41 15 60 13 19 25  3 40 34 20  - 52 29  - 23 14 33 48 27 26 12  - 11 24  4  - 51 45 37 10 53 31 46  -
 53 50  9 29 60 23 24 34  - 11 27  -  - 21  6  4 45 26  8 48  - 55 54 37 59 38 16  -  - 49 25 10  5 22 36 17 46 20 47 41  1 35 30  - 51 58 15 52 57  3 31 19 56 40 13  2 12  -  7 18
  - 44  - 17  -  - 48 35 37 27 53 33 49  5  -  -  - 18 34 32 54 45 14  1 25 51 59 60 30 41 39 46  8 50 38 16 43  2  3  - 26  - 57  4  9 19 36 55  - 20 12 22 24 29  - 13 28 42 10  7
 23 49 13 16 11  8  4  - 48 43 42 30 26 38 35 59 34 55 50 40 47  - 32  6 41 37  5  - 45 21  9 57 27 24  3 14 10 28 22 29 36 19 20 15 58 33  -  -  -  2 54  1  7  - 39 31 51 52 12 56
 54 56 14  9  - 28 40 51 38 12  -  3  8 39 13 18 24 34 53 47 22  -  - 57 35 59  - 17 11 50  6 49 52  7  -  2 41 43  - 55 46 37  - 42 32  5 48 20  - 21 36 58 27  - 10  1 45 25 60 44
  -  7 43  - 19  5 50 48  - 53 10 11  1 32 60 35 29  - 22  -  - 49 44 25  - 52  6 36  -  8 57 54 15  9 30 47  - 55 46 17 33 41  3  - 24 21 59 56 14  - 18 39 16 26 38 34 31 27 40 58
 14 33 19  - 32  -  5 40  - 20 25 27 59  -  -  - 60  - 12  - 13 53 52  - 11 24 48  4 58 23 22  - 36 21 49 18  2 38 51 31 56 42 34 10 35  - 47  6 16  -  1 15  -  - 45  7 50 28  - 55
 33 60 39 28 46 40 34  - 18 47  3 13 19 29 52  - 53 51 26 17 23  -  4  - 12 43 25  - 15 56 30 32 11  5  -  - 44  - 38  8 14 45 54  -  1 59  -  - 41  9 37 20  6 10 35 48  - 21 27  -
  7 45 57 35 27  - 28 20 34 58  - 43 12 42 26  - 10 25  1  4  -  - 51  - 60 23 19 31  8 52 32 33 49  -  5 56 13 48 21 40 55  -  9  3 15 24 14 59  6 17 50 30  -  -  2 54  - 18 53 36
  -  9  4 31 21 47 37 12  -  8 22 54 24 46 30 42 13 44 39 16 18  -  -  - 57 41 43 25  2  - 15  - 14  - 50 51 17 33  -  - 58 60  - 34 56 38 32 10  -  -  5 29 45  - 20  3 27 36 55  1
 12  -  -  -  - 10  -  - 16 22 49  1 29 35  7  -  2 52  - 30 41  - 11 47 51  - 38 46 23 25 56 26 55  -  6 34 42 14 28 60 37 40 21 58  -  8 39  - 31  - 32  - 19 53 17  - 36 13 15  -
  6 22 21 47 10 14 44  -  9  4 34 31 60 54 42  - 40 36  - 15 52 24  1 23 28 58 35 30 37  - 45  - 38 59 16  3  - 39 41 57  - 50 27 20  - 32  - 17  2 51 26  - 55  - 11  - 46 19  5 53
 20  1 22 53  6  - 27 39 24 25  -  - 54 40 16 58 36 30 15 57 11 21  - 31  -  - 56 32 13 45 47 43 35 38 51  7  -  -  4 34  - 26 59  - 10  9 19 33 12 52 29 42 48 23 55 46 60  3 18 41
 24 48 54 36 33 29 51  - 58 31 35 40 18 12 25 34 52  7  3 53  5 17  -  8 23  - 21 20  - 47 27 55 43  4 56 41  - 46 45  2  - 39 32 22 44  1 16  - 28  6 38 10 59  - 26  9 14 49 19 57
  1  3 24 58 40 43 22  8 17 19 32 59 30 57  -  6  - 11  - 56 10 12  - 29 44  - 39 27 21  - 38  2 41 37 46 50 55 51  - 45 18  5 42 13 54  -  - 47 15  - 14 35 49 34 36 23  - 16 52 33
 16 12 27 34  3 37 55  1  - 46  -  - 13 26  4  -  -  9 23 50 19 25 60  -  - 30 51 48 47 57 31  - 54  -  - 53 32 45 14  - 41  7 28  -  -  6  - 43 39 33 10 49 22 56  - 20 52 44 29 35
 56 10 30 45 25 33 47 27  -  6 55 26  4  2 54  -  9 13 41  1 46  - 42 58  -  - 31 53  -  - 29  - 21 43 20 59  8 60  - 32 51 28  - 38  - 11  - 40 18  - 39  - 34  3 14 49  7  - 36 12
 39 41  - 42  - 25  - 46  -  2  7  -  - 36  3  1 32 21 31  6 16  - 35  9 13 40 34 54 24 29 53  -  -  -  - 30 19  - 11 44 22 55 10 33  - 47 56  8 49 26 15 38 28 17 50 57 59 20 23  5
 47 14  - 24 53 12 39 59 15  - 58 34  -  - 36  - 23 22 20 28  1  6 50 51  -  7 26 56 43 54 18 19 60 29 37 32 52 35 57 30  - 11  2  9  4  3  - 25  - 55 44 17 21 27 41 16 49  5  - 13
 18 16 31 46 49  - 42 29 59 10 56 52  -  1 17 51 26 47 21  5  -  8 58  - 53 14  - 40 27  -  7 24 44 19 35 12 34  - 48 38 57  - 22  - 28 60 33 39 36  -  6 32  9 55 15  4 43  2  - 37
 32 24  -  7  -  4 41  3 43 50 12 39  5 59 38 25 20 16 37 51 15 42 45 44  -  - 33 35 18 11 58 56 48 47 19  - 21 40 55 53 17 31  1 23 13 49 57 27 22  8 34 60  - 36 52 30 26 10  - 14
  5  2 37  - 54 49  -  -  8 33 57 60  - 43 34 15  -  - 51 38 14 28  7  - 39  -  - 58 12  -  4  - 26 13 32 55 16  3  -  1  - 18 50 40 19  - 21 44  - 35 25 46 30 11  - 47 20 41 31  -
 27 52  -  -  - 38 29 19 33  -  - 47  - 51 39  -  - 48 36  -  4  - 25 20 31  -  -  -  -  7 16 53 18 10 59 58 45 32  - 26 40  9 15  6 21 50 37 34  8 14 17 24 23 28 57 11 30 12 35  -
 40 23 36 54 24  - 58 41 30 34  -  -  - 55 48 60  - 49  -  - 38  - 21 15  - 39  8 29 32  - 26 16 17 25 28 35  5 22  - 13  -  - 37  7  - 45 53  - 20 56  - 57 14 31  9 51 11  1  2  -
  3 17  - 49 18 55 13 26  -  - 50 12  -  7 57 21 16 24 40  9 48 36  - 14  - 44  -  8  -  - 43 20 32 45 29 25 54  1 60 39 38 52  - 53 11 51 28  4  5 59 41  6 15 19  - 35 37 56  - 27
 52 13  -  -  4 22 45 42 49 21 16 48 38  - 47  - 59 23 10 31 36  9 29 56  -  3  - 51 40 55 37 39 25 34 26  1 30 41  - 54 24 32  8 14  - 15 20  - 19  7 46  -  - 44 12 28 18 60 50  -
 38  8  -  5  -  9  - 23 51  7 20 14 17  6  - 50 30 28  -  - 59  - 46 13  -  -  - 44  1 16  3  - 57 41  2 10 11  - 39 22 32 25 52  - 47 35 60 19 21 15 48  - 26 37 31 55 29 24 33 45
 21 25 28 11 42 15  - 13  - 17 54  9  - 44 10 30 38  8 32 34 45 33  -  - 14 19 27 52 50  1 60 40 29 26 18  - 20  4 59  - 16  3 39 36 55 31  6 41 43 53 58 51  - 47 49 37 48 35 57 23
 31 42 23  - 29  - 16  4  3 39  9 28 33 24 15 47 57  - 19 60 17  - 13 50 32 54 12  1 51 58 14 30  - 44 27 46 26 25 34 48  2 49  - 35 20  - 22 53 38 41 55 36 40  6 21 59  8 37 56 11
 42  4  - 33  - 59 26 47  7  - 60 35 31 52 58 14  -  5  6 54 37 20 41 36 22 53  3 19  -  - 10 34  2 12  -  -  9  -  1 50 27 30 24  - 23  - 18  - 13 29 57  8  - 21 25 32  - 39 16  -
  - 36 12 43 23 18  -  7 25 55 13 41  -  4 21 28 22  6 58  8 35 40 39  - 49  - 42 33 52 15 11  - 53 30  - 45  - 16 37 46 50 51 14  - 48 44  2 26  - 38 59  9  3 60  - 19 10  - 24  -
 36  - 44  8 13 30 32 18 23  - 39  6 11 14 20  - 54 27 49 33 43  1 40 19 26  - 58 10 41 53 12 51 24 57 22 28  4 17  2  9  3  - 47  -  - 55  -  7 37 48 60 25 42 59 56 15 16 46 38 52
 43 29 26 20  5 57  -  -  - 14 23 56 52 37 12  -  1 33 48  7  -  - 59  - 38 31 18  - 28 30  - 60 45  2  8 27 51  - 36 25 11 17  -  - 16 13 50 15 46  -  9 40  - 58 34 42 19  - 49  4
 10 40 56 39 37  - 52 33  2 54 36  - 21  8 44  -  - 46 14  -  6 57 53  - 43 28  1  - 55  -  - 15 16 49 60 11 18  - 12  -  9 22 45 50 29  4 38 42 24 13 47  7 32 35 23  - 41  - 58 25
  - 53 20 50 47 41  -  - 46 38 21 55 48  - 45 11  - 40 29 14 24  - 18  4 16  2 44  -  -  - 49  3  - 17 54 60 31 10 58 37 19  6 25 26 39 28  5 32  7 23 51 52 36  - 27 12 35 22 42  8
 25  - 53  -  - 24  6  - 57 52 44  5 15 47  - 40  4 41 43 13 55 34 16 26  1 29 20  9 10 42 54 28  - 18 21 37 12  7 17 23 49 33 58 60 22  - 46 45 27 19 30 48 35 32  -  -  3  8 59  2
 41  - 15  - 48 56 33  2  -  - 38 10 25 17  9 49 28 32 60 19 34  5 43 54 55  - 22 14 31 39  - 11 13 51  -  8 35 57  - 52 44 21 23 45  -  7 29  1 26  -  3 12 46 30  - 50  6  - 20 24
 15 39  - 30 28 60 11 50  - 56 41 16 20 13 22 38 42 10 44  3 21  - 23  -  - 32  -  - 19 17 55 47 58  1 14 48 27  - 53 18  4 46 49 54 57 37 52  9  - 25  -  - 29 24 59 43 33 34  - 51
 49 34 18  1 43 31 17  9 40 16  -  -  - 30 19 24 14  - 45 22 33 29 36  7  - 47 52 11  - 10 13 27  - 48  - 15 23 59  - 12 39 20 46 32 38 57 51 21  4 44 35  3 53 41  8  5  2 54 26 60
 11 43 40 13  1  2 12  - 60 32 14 21 57 31 27  - 33 15  4 46  -  - 22 45 19 56 37 24  - 38 35  - 39  - 41 29  -  - 23 51 34 10  - 47  8 42 54 48  - 36  - 28 25 20  - 58  - 50 30 59
 26 27  - 32 39 17 35 24 29 49 11 37 55 19  - 57 43 58  9 45 25  -  - 40  - 33 13 38 54 12 51  4 31 53 44  - 48  -  6 42  7 15 36 30  2 22  3 60 23  5 28  -  -  -  1 14 34 59 21 46
  - 31  - 60 50 34 49  - 47 26 33 57  -  -  - 27 41  - 25 23 20  3 38 17 30 15 24 13 29 19 48  6  - 32 45 36 58  8  -  -  - 56 51 39  -  -  7  - 35 42 21 14  4 22 18  -  5  - 44  -
 19  -  -  3  - 39 59 54  4  9 46 17  6 20  5  - 35  - 56  -  -  7 33  - 34  -  - 37 16 60 23 13 50 14 24 49  - 47 44 28 43 29 40 51 31  - 41 57 48 18 27  - 52  - 53 22 58 45 32 15
  4 55 51 21 35 19  3 28  -  - 48  - 14 58 23 41 50  - 11 20 39 15 49 46 54  8 45 57  -  - 17  - 33 16  -  5 59 36 31 27  - 53 26 12  - 30 44 18 10  - 52  -  - 42 32 40  1 29 43  6
  - 19  - 38 26  - 14 22 42 30 40 32 16 10 56  -  - 50 24 52  - 60  - 34 45 57 49 55  7  9 33 29 51  - 23  - 15  -  -  - 20 36  -  - 41 54 35 37 17 28  - 13 44  4 47 27 25  6 11 48
  - 26  5 51 59 16 38 25 55 60 52  2  - 22 32 33 37 17 30 21 27 10 31 28 40 18 36  3 39 24  -  -  - 42  -  4 53 29  9  6 15  -  7  - 43 12 11 14  - 49  - 41 50 57 44 56 23 47 34 54
  - 15  - 26 55 52 25 21 11 48 47  8 51 53  -  - 12  1 35  - 40 14 17  -  5  6 46  - 57  - 34 44 22 36 42 31 33  - 13 16 54 27 60 56  - 20 23 29  3  - 43  - 18 49 28 41 24 38  4  -
 55 38  2 12  - 48 19 16 10 36  6 44  -  - 28 37 46 53  - 39 60  - 57 35 15 17  4 26 20 51 24 50 30  - 43  9  1  -  5 33  -  - 18 31 14 27 45 58  - 34 22  - 47 52 40  - 32  7  3 49
 34  - 47  -  2  - 30  6 50 13 29  - 39 60  -  -  - 20 28  -  - 38 27 41 18 35 32  - 26 44 36 17  - 33  - 57 37 42  -  4  - 59 55 46 52 14  1 23  9 10 24 16  5 15  -  8 56 58 48 22
  2 58 32  - 20 36  - 10  - 15 30 51 50  9 24 22 25 60 47 43 57 56 55 52 29 49 28  -  - 27  - 48 23  3  1  -  7 11 35 14 21  - 16 41  - 34  4 12 33 46 42  - 38 13 54  6 44 26  -  -
 59  -  - 40 14 50  - 60 20 41 43 22  -  - 37  -  - 19 46 44  2 51  -  -  3 21 57 28 36 35  8  -  4 27 25 38 24 31 54 10  5  1 53 55 12 48 30  -  - 16 56 34 58 39 29 45 15 17 13 26
 57 32 46 15 30  6 60  - 44 51  4 25 34 33 29 56 27 31  - 41  - 22 20 42  7 26 50  - 35 14  5 38  -  - 39 54  - 18  -  - 10  2  -  1 45 17  8 16  - 40  - 23 11  - 43 36 13  -  -  9
 35  - 50  4 41 26 57 11 32  - 31 49  - 16 14  7 51 29 13 18 30 39  3 60 10 12  9  6  -  2 44 37 34  -  - 43  - 15 25 20 45 24 48 19  - 46 58 38 54 27  8 55  1  5 33 52 21 53 22 17
 22 20  3 19  8  1  9 43 12 35 59 29 45 56 31 36  7 14 17 25 53  - 47  - 46 10 15  -  -  6 50 52 42 28 48 24 57 21 30 49 13 58 11  - 26 41 55  5  - 54  - 44 37  - 60  - 40  - 39 34
 13 51  - 55 34  3  - 17  - 24  -  -  7  - 33 46  8 42 27  2 58 59 12 38  - 16 60 41 53  4 52 35 37 15 47 23  - 56 32  - 48 43  -  5 36 18 40 28 44  1 11 26 31 14  - 39 22 57  9  -
  - 46  6  - 22 42  8 30 41 40  1  4 43 15 59  3 21  2 38 24 26 18 48 53  9 50  - 16  -  5 28 45  - 55 12  - 25 34  - 36 35 57 56 37  7 23 27 31 29  - 13 11 17 54 19 44 39 14 51  -
 51 37 55  2 58  7  - 31 14  - 15 53  -  - 46 10 18  3 57 35  -  -  9  5 27 25 23 50 59 32  1 21 20  6  - 26 39 13  8  - 42 16 12 28 34 36  -  - 52  4  -  - 60 38 48 29 47 11 17 30
 48  6 45 22 52  - 36 37 28 29 51  7 32 18 43 13  -  - 59 11 56 31  -  -  -  - 30 49  5 26  - 41 10 46  4 39 40 44  - 58 47 12 38 57  3  - 25 54 34  -  -  - 33  1 42 60  9 15 14 19
 17 54  - 56  - 32  2 14  6 59 24  -  - 45 55 23 39  -  - 29 28 27 34 33 48 22 47 12  3  - 21  - 46 20 10 13  - 19 49 35 60 44 41 52 25 40 26 30  - 31  7  4  8  - 58 18 42  9  1 38
