2880
 28 58 43 55  - 41 19 40 20 12 24  - 35  - 26 27 11 59 46  9 49 32 21  -  -  -  2  7  - 33 29  -  - 37 13 38 53 60 30  4 42 44 50  - 18 25 17 16 54  - 34  3 47 52 15  -  -  -  5 36
  - 17  6  -  -  - 52 59 21  4 33 31  - 44  -  5 43 22 45 49  - 13 11 50 48 36 25  8  -  - 37  - 60 19 15  - 32 24  - 12  -  3  -  9 55  - 26 47  -  1  -  7  2  - 38  - 54 58 56 41
 36 22 49  -  6 10  2 12 34  -  - 18 17 43 46  - 19  1 23 40  4 39  - 35  5 48 57 30 16 29  - 54  - 42  - 20 33  - 56  7 25 21 26 28 59 24  - 38  - 51 27 32 11 58  - 37  - 45  -  -
  2  5 46  - 27 51  - 57 49 28 25 32 48 50  1 35 20 21 33  3 39 47 38 45 44 53 41 58  4 23 17 14  9 34 56 26  - 12 10 15 18  6 13 52 42  - 60 36 19 29 30 16  - 11 37  -  -  7 54  8
  - 47 59 12 51 57 33 46 58  8 52 53 40 13  - 49 16 44 56 32 45  - 60 29 41 42 35  3 25 28 48 37 14  1 54  - 21 10  - 39  7 22 20  - 19  5  -  - 26 17  -  - 23 36  2 24 15 27 50 34
 19  - 41 51 43 39 42 16 36 31 30 38  8 53 28 17 33 40 11 37 44  2 23 18  3 55 15 56  6 50  - 13  - 27 58  4 59 32 25  -  - 35 22  7 54 29 46 57 45 12  - 14  - 20 60 47  5 34 49  -
 23 30 57 41 29 58 45  - 13 44 56 26 55 47 60  -  - 37  - 50 54  -  1  6 18 51  - 42  -  8 22  - 15  3  - 33 39  4 49  - 32  2 38 40 21 48 43 46 20 25  -  - 17  - 31 19  7 52 36 14
  8 48 54 34 60  -  -  -  - 21  - 36  - 12 24  - 37 52  3  -  9 30 51 53 40 38 22 31  -  - 11 27  - 44 33  - 50 25 16 57  5 56  4  - 28 19  - 20 41 35  - 49 55 17  7 59 32  6  - 45
 26 43 12 39 50  1 21  - 42  - 28 33 30 16  6  -  - 34  5 23 24 53 32  -  - 41  -  - 49 45 60 51  3  2  8 13 40 11 47  9 59 14 36 15  - 38 57  4 44 20 37 56 54 55 17  - 25  - 35 27
 10 26  - 20 19 43 32  4 18 46  - 59 31 22 13  -  - 55 58  - 53 38  8 21 54  - 47  - 34 27 23 33 35 36  1  2  7 39 51 14 40 41  - 12 30 15 44 56  - 42 50 24 29 16  5 11 45 25 57 49
  3 35  - 22 17 38 16 43 28 42 48  -  -  - 49 15 52  -  6 41 14 57 56  - 53 13 31 45 39  -  - 12 55 21 36 59 27 47 34  8 54 20  7  - 29 37  -  - 58  2 46  4  1  9 30 44 51 11 23 25
  - 27  -  - 26 37 24 48 31  - 45  9 10 35  3  - 51  7 30 53 38 12  -  -  - 29 20  - 32 21  - 15 33  6 41 16  -  - 60 23  - 52 19 25 58  - 28 50 40  - 49 59  - 42 13  4 18 55 17  -
  -  7 20  1 18 17  3 19  - 34 14 47 60 49 38 31 56 53 25 39 26 58  -  - 37 43  8 32 21  - 24 44 52 51 29 10  -  - 13 45 35  -  -  4 15 27 42 28 57  - 40  - 12  - 16 50  9 22 33  -
 41 59 35  -  - 45 12  - 16  - 18  - 56  1  8 32 14 60  - 24 15 55 57 25  - 17 37 43 33  - 27 20 10 50 38 34 26  - 53 51 36 31  3 46 40  -  - 39  -  5 54  -  - 47  - 13 19 29 22  4
  6 55  1 28  2 25 17 21 30  - 11  - 37 58  - 18 57  - 20 35 29  -  -  8 38 59  - 48 53 32  - 24 42  5  -  9 46 23 45  -  - 36 39 10 12  7 31 22 60 49 44  - 51 40 41  - 47  -  - 56
  -  2  4 25 38  -  - 24  9  - 51  3  - 29 59 33 44 42 43 46 48  -  5 34 49 10  - 28 35 26  6 50 30 53 52  - 54 18 32 20  - 37 15 57  8 60 40 55 17 14 22 21  - 19 27 36 41 23 11 16
  - 40 29 26 36 54 27 33 56 25 17 46 38  - 32  6  -  -  8  -  - 60 59  - 24 11 19 15  9 10  - 31 28 22 44 18 58 21 52  2  - 43 49 50  7 39  - 48  - 47 57 37 30 34  -  - 13  - 42  1
  -  - 18 21  - 47 44 28 22 49  2 14 12 23  -  4 10 41 40  -  - 51 31  1 27  8 60 57 45  - 58  -  -  - 43 50 34 33 19  6 13 16  -  3  - 56 52  9 24 30 15 39  - 35  -  5  -  - 38 32
 35 13 28 18 14  4 47  - 38 40  -  2  3 42 31  -  1 15 37 58  - 11 19 10 17 25  -  - 46 30 54 48 45 26 55 60 36 50  7 33 57 59 44  - 43  9  -  6 34 21 20  8 53 56 49 52 22  5 24 29
 29 57 24 56  - 21 10 15 27  -  7 44 18  9 23 11 50 49 38  2 33  3  - 51 35 34 13  1 26 55 36  4 48 54  - 30 47 40  6 37  - 60 41  -  - 28 22 12 25 39  5 58  - 46 43 16  -  - 53 31
 50 21  - 49  - 28 48 45 37 52 40 39 41 25  -  - 27 47 13 17  6 42  -  7 57 16 24 33 30 34  5 26 46  -  - 22 43 20 31  - 56 19  2 44  9  -  3 60 14 58 10  - 36  8 11 38  4  - 32 23
  1 19 40 57 32 34 49 35  2  - 58  - 28 56 25  7 39  6 15  - 43  - 37 27 20  - 55 10 11  3 12 45 23  - 14  8  4 13 46 36 24 18 53 42 16  -  5  - 38 26  9 60  - 54 50 41 52 33 48 22
  - 25 15 37 16  6 14  - 52  9  - 35 57 20 47 34 40 17  - 48  -  - 45 42 13 49  1  -  -  5 55 19 43 33 18 29 41 46 36 53  8  - 51 22 27  4 10 23 50 60 58 54 38  2 21 30  - 26 28  -
  - 49 47 58 39 12 28 17 57  6  -  - 24 51 50 37 23 36  2 16 18  5  - 60 55 31 52 35 10  - 44  - 38  -  -  - 11 54 26 25 20 29  - 53 45 40 41  7  - 46 19 22 33  1 42  3 34 56 14 30
 59 12  - 44 55 15 22 23 11 39 57 42 36  3 16  -  7 29  - 27 46 21  6  - 14 58 50  - 48  - 45 28 56 47  - 24  1 43 18 38  9 13  - 20  5  -  -  8  - 53 60 17 52  - 54 49 26  - 10 19
  - 45 22  - 24 42  8 47 32 19  4  -  7  -  - 13  9 16 59  - 23  - 12 28 39  -  3 14 20  - 30 34 49 38  - 27 44  6 33 35 50 53 46  1  - 41 58 37 56  - 48  -  - 51 18 40 17 10  -  -
 18 42  -  - 44 30  1 20 40 56  9 34 27 39 41 47  - 38 60 45 31 46  - 23 43 21 59  6 24 19 50 29 58 32  - 51  3 26 37  -  4  5 55 36 33  - 54  - 52 15  - 10 35 13  8 53  - 28 12  2
 12 15 27 54 34 53  - 41 17  - 47  7 25  8 45 40  -  2 29 21 37 44 22  - 30 50 46  - 57 36  -  9 13 60 16  - 14  5 39 42 49  4 10 31 52  3 11 59 33 38 18 51 24  -  - 56 20  -  6 48
  - 44  7 24  - 33 38  6 39 11  -  - 54 10 30 12  -  - 26  - 21 17 50  - 58 27 40  2 19  1 47 41 57 14 28 46 52 35  - 55 15 34 60 48 51 31 36  -  9 16 53 13 22  - 25 18 37 42 29  3
 40 31 51  9  - 16 11 39  - 41  - 24 47  - 21 22 29 45  7 60 36 18  -  - 59  -  5  - 54  -  2  - 17 46  4 55 56  - 15 30 37 49 57 26 25 53  - 32  8 43 33 19 44 10 12 14  - 50 27 13
 48 18 44  4 21  7 30  9 45 37 46 22  2 54  - 39 26 23 32 15 13 31  - 49 51 24 28 38  - 60 56 17 36 11 19  5  - 57 20 47 41 25 58  -  - 52  - 27 29 55 42 50 43 53  3  6 16 12  8 35
  -  8 23 45 59 26  - 22 14 58  - 60 39 33 17 51 55  4 52 54  - 37 16 38 29 57 10 44 47  - 34  -  5 15  9  1 24 36 21 50 30 48 42 19  2 20 56 11  7  6  3  - 32 43  - 25 31 13 46  -
 15  1  2 10 33 13 35 54 51 57 32  - 49 24 43 29 21 50 31  7  -  -  - 41 26 22  - 25  - 18  9 30 39 52 60  3 45 16 17 58 23 46 56  8  - 59 27 34  - 11  6  -  -  5  - 42  -  -  - 53
 43  3  - 42  - 40 53  - 23 38 36  - 29 48 54 14 46 13 18 34 25 19  -  4  2  5 26 55  8  - 31 22  -  -  -  - 12 52 28 60  1 47  - 24 11 10 15  -  -  - 21  - 50 49  - 57  -  - 58  7
 55 36 21 16 46  - 25 44 43  -  1 37 50 27 14 30  - 18 39  -  5  7  - 15 56  - 49 24 60 57  3  - 54 31  2  - 42  - 22 26 45 10 52 38 32 17 13 51  6  - 23 11 19  - 59 33 29  - 40 20
 11 28 31 32 40  -  - 49  -  - 44 58 33 21 19 54  - 26 55 22 50 23 14  - 36  - 56 46 59  7 25 60  - 48  - 43 13 42  5 29 17  -  - 37 39 51 34  - 35  4  -  - 41 18  - 15  6 38 20 12
 31 60  - 15 48 59  6 10 25  3 12 19 32 26  - 20  2 46 54 43 40 52 29 57  9 45 58 21 37 13 38  1 51 16 11 17  5 56 55 49  -  -  - 14  4 34 24  - 36 22 39 18  7 41 44 23 27  8 30  -
 20 53 32  - 41 11 40 29  -  - 60  -  - 34  - 52 36 43 27 56 57 22  3  9 12  6  -  -  - 25 16  7 18 58  - 14 31 17 59 28  -  -  8 35  - 45  - 15 10 19 47  - 13 21 39  -  2  4 37 24
  - 14 39  - 25  2 51 38 10  - 15 49  4 52 29 43 32 58 28 44 55 36 33  3  -  - 17 34 56 59  -  5  7 12 30  6  -  - 50 54 31 27 18 11 23 13 21 41 53 24 26 46 37  - 35  1 40 20  - 60
 25 20 56  5 10  - 60  8 33 24 55  4 15  - 52  - 13 31 17 38 41 45  2  - 22 18 34  - 29 16 53 46 32  -  - 54 19 27 12 21 58 40 28 23 44 36 51  3 49  -  -  6 42  -  9  7  1 59 39 43
  - 32 17  - 52 55 26 30  6 50 13 23  -  - 56  8 47  9 35 57 22 34  - 33 60  - 21 29  -  - 19  - 53 45 46 39 20 59 41  5 11 24 54 16  - 12  - 10  1 40  4 42 58 44 48  2 28 49 43 51
 44 11  - 36 47 35 13 60  - 55 54 45 21 31  - 38 12 39 57 52 34 41  - 56 16 30 33 17 58 43  - 32  - 29  - 15  -  3 14 18 10 51  1 49 37  2 53  - 28  7  - 20  6 50 46 27 42 48 26  9
 54 46 38 53  -  - 36 31 12  - 43  - 52  7 44 25 42  -  -  8 60 48  4  2 11 39 14 59 50 15  -  6  - 24 34  -  -  -  3 13 51  - 27  - 26 18 19 58 32  - 45  - 21 22  - 28 23 30  -  -
 24 10  8  - 57  -  5  3  - 26  -  - 59 37 27 50 60  -  - 20 32 49  9  - 21  -  - 13 28 53 39 58  2  -  6 36 35 34 42 19 55  1 47 43  - 30 29 14 16 41 56 15  4 38 40 48  - 17 44 52
 21 41 26 14 13  3 39 37 55 10  - 20 45  2  4 59 35  -  -  5  -  - 30 43 32 54 44 60 52  - 40 47 29 28 42 57 51  7 24 17 33 11  6 27  -  -  9  1 31 50 38 34  - 12 36 58 56 53 25 15
 37  - 14  -  - 49 23 26  - 16  5 21 44  - 10 42 38 57 22 33 58  1 36 52  7  - 30 54 13 48 59 40 50 18  - 12 29 31  4 56 43 39 32 17 60 11 20 24  2 45 41 25  -  6 34 35 53  9 15  -
 17 24 53 46  -  - 34 25 35 54 10 13 26 28  7 48 59 32 42 18  1 15 44 36 50 40  -  4  - 37 41  2 11 20 21 52  9 55 23 31 27  - 43 47 56 58  - 19 22  3 51 38 57 45  - 29 49 16 60 33
 34 33 13 30 37 36  9 51 46 18 19 25 53 60 48  -  3 54 24 42  - 10 49 26  4 15 27 22  7  6  8 56  - 43 39 58 17  - 40 41 12 55 31  - 14 44 23 35  - 52  2 57 16 29 47 32 50  1 45  -
 47 39  -  3 31 22 46 53 50 23 42  6  9 38 11  -  -  8 12 19 20 35 26  - 15 14  7 16  - 24 49 55  - 40 10 25 48 28  1 32  2 58 45  - 13 54  -  5 43 33 29 30 60 27 56 17 21 36 59  -
  -  -  - 59  7 46 15  - 19 29 49  -  -  - 20  3 25  - 53  - 52  8 39 17  - 12 32 36 38 47  - 18  - 10  -  - 60  1  9 27  6  - 14  - 41 23  2 54 37 44 55 28 45  4 24  -  - 21 31 42
 60  - 58  -  3 27  -  1 59  - 41  - 46 14  9 21  4  5  - 11 10 29 13 12 42 20 16 47 23 38 32 52  - 56  - 31 30 53  2 24 39 28 48 54 22  - 37 44 18 57 17 26  -  7 45  8 33  -  -  6
 33 56  -  7  1  - 20 52  - 59  6  8 43 19 58 24 22 11 10  - 51  - 27 40  - 35  - 53 17  - 46 16  4 55 57 23 28  - 48  - 60 38 21 13 34 26 18 42  5  - 32 47  3 15  - 12  -  -  2  -
  - 29 48 60 28 32  7  - 53 20 38  -  5 59 12 55  - 24  4 47 30  6 54 44 34 46 43 50 41 56 33 42 37 23 49 40  -  - 58 16 21 15 25 45 10  8 14 52 13  9 11  1 27  3 51 26  -  2 19  -
 58 54  - 38 11  -  4  7  5 33 21  -  6 57 15  1 18 35  -  -  -  -  - 47 28  - 48 39 51 17 52  - 25  - 37 42  2 41 29 34  -  8 40 56 53 50 45 49 30 23  -  - 59 60  - 20  -  -  - 55
  - 52  3 31 20 60 54  2  1  5 35 40  -  - 39 23 58 25  - 55 56 33 53 13 46  - 42 27 43  4 15 57 21  -  7 32  -  8 44 48 29 17 12 34 47  6 38 18  -  - 36 45  9 30  - 22 10  - 51 59
 52 23  5  8 58 20 31 55  4  - 50 54  - 11  -  -  6 27  - 28 17 40 10 46 19  7 51  9 42  2 57 59 44 41 24 45 15 48  -  - 26  - 34 32 35 22 30 29 39 18 25  - 49 37 14  - 36 60 16  -
 56 38 36  - 15  -  - 14  3 13  - 50 34  - 37 10 53 28 48  1 16 54 20 31 25  2  9 18 44 46 51 23 12  4 59 41 55  - 35 40 22 32  5 60  - 42 49 33  - 27 24 52  - 26 57  - 30 47  7 58
 16  4 50  6 49  - 43  5  - 36 37 28 11 15  - 45  8 19  - 13  2  9 35  - 23 26 53 20  3 52  7 25 34 39 51 56 38  - 27  - 44 54 30  - 57 33 47 17 46 59  - 41 10 31 32 60 58 18  - 40
 42  6 33 29 22 48 56 58  - 60  -  - 23  - 57 19 54 51  -  - 59 20  7  - 47  -  - 40  2 49 28 21 27  - 45 53  - 37 11 46  -  9 17 30  - 35 32 31 12 13 16  - 34 24 55  -  3 14  - 10
  - 16 45  2 12 56 37 50 60 14  -  - 20  - 34 57 15  3  - 30  - 28 17 19 31  -  6 11 27  - 21 36 22  7 40 44  - 51 54 52 53 42 35 29 24  - 48  - 55 10 59 23  5 25  4  -  -  - 18 26
