2880
  - 24 12 29  4 57 50 26  -  8 51 45 13 59  -  5 48 40 36 34 55  - 32 38 16  -  - 21  -  - 19 31 52  -  - 49  - 20 17 39 58 44  - 18  2  7  - 15 25  - 10 37 30 27 14  -  3 35 42 11
 17 27 18  -  -  - 58  - 55  - 45 33  6 40  2  -  8 34 38  -  - 42  - 14 12 59  -  7  - 16 46  - 10 26  - 43  9 22 13  - 24 57  4 19  - 11 20  -  - 48 51 30 60  - 21 25 47 15 35  -
 23 50 55 15 52 21 36 54 37 14 12 42  - 48 26  6  9 43 46 17 39 10 38  - 18 31 11 47 49 40 35 60 20 19 56  -  -  - 33 13 57 22  2  - 34  5 24 41 16  8 53 25  3 44  -  - 45  -  -  1
 42 55 54 17 29 46  4  5 48 23  8  7 18 35 21 60  - 30 33 22 24 27 11 45  2  - 34  - 40  - 37 53  - 44 38 58 47  6  1 43 36  3 39 10 50 56 57 49 15  -  - 52 59 28 16  - 20 41  9 31
  - 51  6 19  1 28 20 11 10 37  - 44  2  -  3 53 21  - 24 43 34 22 31 36  -  - 39 45 16  7 42  -  5 55 35  - 33 41 23 40 15 14 54 25 27 49 50 38 56 26 48 58  - 13  -  8  - 46 18 60
 35 26  - 42 49 53 29 22 57 43 39 23 31  - 55 45  - 54 40  8  9 48 46 13  - 17 21 51 20  2  - 38  -  - 50 28 60 32  -  -  5  - 44 14 25  -  - 10  - 36 15  6 41 34  -  - 12  4  1  7
 56 13 33 11 20 50  -  - 41 51  - 60  - 55  8  4  5  - 14  - 48  - 15  - 52 53  3 38 31 58 22 47  9 28 32 35 44 30 40 19 26 29 45 21 57  - 34 23 12  - 17 10  - 39  6 24 37 54 16 36
 58 39  - 22 46 36  - 51  7  6  -  - 50 14 47  - 18  - 15 13 49 20 42  -  - 38 56 32 45  8  - 25  - 41 57  1  - 19  - 55 60 17 33 30 54 59 53 44 29  2 52  9  - 37  3 34 48 12 40 10
 15 48 26 16 14 47  6 23 11  3  - 53  -  - 59 55 43 38  -  - 37  8 49 33 40 19  -  - 44 25 13 57  - 30 10  4  7 56 34 54 52 60  -  5 39 35 58 22  1 32 31 28 36  2 20 45 21 51 27 50
  4  6 21  - 35 43 19  - 31 39 27  9  -  -  5 33  - 37 58 23 36 50  - 12 20 24 40  - 13  1  - 22 57  - 54 51 56 59  - 29  - 26 11 55 44  - 42  - 46 34 41  2  7 49 18 14 28  3 52 16
 31  - 10  - 37  -  1 14 50 35  4 36 49  - 12 32 54  - 17 56 20 47  5 18 45 13 19 46  - 15  - 30 16 59 34 53 51 29  2  7  9 28 27 52 22  -  - 48 41 58 39  -  - 24 40 43  8  -  6 25
 57  -  - 13  -  - 30 12  - 41 10  -  - 51  - 54 40 45 16 52 15 26 29 60 55 37 48 24  1 59 44  - 34 50  8 25 43 23  - 31 14  -  - 39 53 47  9 17 19  - 42 35 28  -  -  6  2 18 46  -
 32 28 19 27 60 59 18 56  2 40 37 12  4 33  1 34 52  -  3 14 21 23  - 17 57 58  5 55  - 26 24  - 43 29 30  - 48 42  8  - 10 39 53 47  6 31  - 13 35 46 38 50  -  -  7 11 51  - 25 41
 37  - 17 12 56  - 34 13 44  - 21 27 11 42  9  - 47 29 59 38  - 15  -  - 10  2  - 57 19  - 40 23 31  3 28 20 39  7 52 41 16  -  - 22  - 45 49  - 50  6  - 48  - 35 46 18  - 36 43 54
 18 56  - 37 33  - 22  -  - 45  -  - 24 53 32  1 42 48 13  - 29 39  4  - 34 15 44  - 27 57  - 21 54 58  2 47 28  3 31 16 11  - 40  - 49 14 10  8  -  - 50 12  -  6 59 36  5 38 19  -
  6 12 27 50  2 32 43 16 60 47 29  5 20  - 37  - 36  -  8 39 10 58 44 46 25 35 49 40 33 55 48  - 21 42 31 54  - 57  -  -  - 51  9 23  - 52  4  - 26 38  3 24 34 59 45  7  - 11 28 22
  7 45 22 40  - 10  -  - 39 59 15  - 33 23 51 56  2  9  6 36 53 28  - 30 58  -  1 60 35 11 38 26 27 32  -  8  - 16 24  4 19 37  - 43 12  - 18 29 42 14  5 55 13 20 47 41 46 44 17  -
 34  1 16  -  8 20 21 49 24 46 18  - 38 22 36 13 23 57  - 11 58 19 45  - 42 29 59  6 55 35  9  -  - 25 26  - 31 54  -  - 50  - 15  - 43 39 52  - 40  3 32 47 53  - 12  2  - 56 14  4
 40  2  9  3 41 45 10  - 29 16 31  -  -  8 19 42  7  - 30 12 54 25 50  - 13 47  -  - 11  -  1  - 46 34 44 23  - 53 51  - 27 38  6 20 32 28 15 60 36 55 37 49 21 48 57  4 24  -  - 59
 21 25 56 46  - 31 23 55 35 20 26 54 48  - 39  9 58 32 49 59 44 57 22 43 36 16  6  8  5 38 28 10 13 15  3 19 12  1 29 24 37 40 42  - 51  2  7 50  4 41 18  - 45 53 52 60 11 34  -  -
 19 58 45 32  - 56 48  9  3 25 47 15 53 50 16  8 49 12 60 35 31 29  7 28 27  - 26 41 22  -  - 37 33 36  6 14 20  - 57 21 23  5 30  - 55 54 43 18 17  - 44  4 24  1 11 13  - 59 51  2
  - 49 29  -  7  -  2  - 26 28 44 40  8 41 42 37 57 51 18  -  - 52 39 54 24  - 47  -  4 50  -  3  6 56 55  -  - 33  -  -  - 15 16  -  -  - 31 53 22 19 45 20  - 46 17 21 10  - 38  5
 27  - 60  - 13  -  - 17 49  -  - 38 25 30  - 59 51  6 21 58  1 16 10  - 46 42  2 22 34 52 12  8 11 40 47 32 45 18 44 57  4  -  7 37  5 53 14 55 28  -  9 41 19 26  -  - 43 29  - 24
 51 10 41 39 25 11 60  - 58 38  1 55  - 26 20  - 59 49 35 32 22 34  -  9 15 36 23  5 17 31  - 45 50 33 42 56  - 12 54 47 46 52 24 40  4  8 30 27 44 37 21 16  6 29 48 53  - 28  7  3
  3 41  - 59 48 22 56  - 15  9 36 51  5 13 58 19  1 44 39 16  8  2 25  - 30 20 43 14 53  - 32 18 26 37 27 21 50 17  7 60 31 10  - 34  - 29 40 33 45 24 12  - 55 52 38 35  -  - 54  6
 50 16  1 34 53  -  - 15 51 52 22 24 40 43 41 26 20 31 25 54  - 30 37  3  - 18 33 58 56 32 17 35  7  - 11 44 55 28  9  - 13  6  - 46 14 21 29 47 48  4 23  8  - 36 39  - 49 10 60 27
 48 30 25 33  -  - 52  - 43 12  5 26  - 56 27 29 45 47  7  6 57 60 51  - 11  9 17 34 36 21  4 49 39  1  -  3 37  - 28 20  - 31 23 50  - 22 32 58  - 53  -  - 54 14  - 44 41  2 10 55
  -  - 43  7 58  5  -  1 30 22 20 48 42  - 31 15  -  - 37  - 28 11 57  - 32 45  9 16  - 56 25 24 44 51  - 34  - 40 46  8 47 27 36 26 35  3 19 21  - 50 14  -  4  - 55 39  6 52 41 18
  - 40 15  - 51 38  - 31 34 13  9  1 10  4 29 39 60 11 56 55  -  -  8  - 22 43  - 28 57  -  - 14 36 48  - 50  3 44 19 58  2  - 37 27 16 23 26 12  - 30 33 42 20 18  - 17 53  - 45 46
 14 44 20 30  3 48 40  - 59  - 43  - 54 39 13  - 46 58 47 33 12 17 24  -  - 11  - 35  7  5 49 42 19 52 15  2 53 50 38  6 45 32 29 28 26  - 21 57  - 25 36 31  9 23 41 16 27 60  -  8
  8 21  7 53  - 25  - 36 12 42  - 34 45  - 40 57  4 24 32 19 13 37 14  6 23 39 10 44  -  3 41 17  2 35 60 18 52 47 26 46 48 20  1 49 56  - 33 59 43 51  -  5  - 16 58 55 54 31 15 28
 55  5 52 48 31 40 57 28 42 50  3  8 12 45 60  - 30 59  9 10  7 32 54 25 37  - 35  - 29  -  -  2  4 22 16 38 19 15 11 26 17  - 20 51 46  6 13 36 21 49 43  -  1  - 34 23 14 33 44 56
 38 59 34 52 23 37 28 58 14 15 48  - 36 31 49  -  6  5 27 18  - 35  - 20  4 21 24 56 10  - 16 12 53  - 45  7  1 60 55 17 42  8  -  9  3 51 39 25  - 43 11 26 50 33 19 54 29 40  -  -
  - 37 59  -  - 60  -  -  4  -  - 14 56 29 10 35 28  - 53 15 18 38  3 39 48 12 25 43  - 30 27 55 23  6  - 22  8 13 49 51  - 50 58 54 52 57 41  2  5 17 47  - 16 31  - 46 26 45 11 33
  9  8 44 60 55  6 47 39 33 49 19 59 17 52  -  - 22 27 50 40  -  - 26 42 35 56  -  3 41 37 14  - 12 24  -  5 21 58  - 10 28 46 57  - 31  - 16  4  -  -  7  -  - 43 15  - 30 53 20 45
 20 38  -  2 39  -  - 21 13 10 52 29 30 28 35 17 27 26  4 41 50 36  - 22  3  - 57  9  -  -  6 48 55 23 33  -  - 31 14 25 51 18  8 58 47 15 60 54 49  -  - 45 44 40 24 37 34 19 56 42
  - 57 38 25 19  8 24  -  6  - 14  -  -  - 46 51 16 53 10  -  -  - 35  - 50 54 37  4 30 47  - 44 41  7 17 48 22  9 59  5 29 23 43  3 45 12  - 26 18 31  -  1  2 15 13  - 39  - 49 40
 36 47 13 26 59  - 14  - 22  5 34  - 29 37 23 44 39 33 11  1 43  6 19  4 56  - 12 52  2 51  7 16  3 17  - 46 40 21 58 53 54 35  - 48  9 20  - 42 24 60 27 57  - 55 25  - 38 49 32 15
 44  - 47  -  5  -  9  - 56 48 24 32  -  1 30 31 33 28 54  7 19 12 53  2 17 41 14 15  - 43  8 52  - 13  4 60 26 55  3  - 38  - 22 16 40 46 59 37 58 11  6 18 57  -  - 10  - 50 21  -
  -  9 48 41 50 12 55  8  - 58 38  -  3  6 45 16 25  4  2 30  - 54 47 10  5 57  - 36 23 22  - 27 29 53  - 40 42 51 56 37 59 33 14 60 11  - 35 46 13 21  - 19 17 32 43  - 15 24 34 52
  - 14 23 38 40  - 13  -  - 24  - 11 27  -  7 12 29 21  5 47 46 55 20 49  6 10 32 18 37  9 36 54 60 39 43 26 15 45 42 48  1 41  3 57 59 58  2 31 33 22 16 56 35  - 53 52 17 25  8 34
 25 31 11  - 15 17 45 48  5  -  6 22 23 16 54  - 53  - 57 37  4  3 58  - 41 33 36 42 21 14 30 34 40 18 12 39 32 27 35 28 49  - 47  1  - 24 46  - 55  - 60  -  -  -  - 56 19  7 13 44
 59 22 39  4  6 19  -  2  -  - 57 50 47 32 28  3 15 46  - 60 40  1 27  7 14  - 54 26  8 49 51 33 38 31 58 29 30 48  - 12 35 53 21 24 18 13 56 34  -  9 25 36  - 41 42  5 52  - 23  -
 11  - 28 10 22 33 53 20 25 57 40 39 51 12 38 46 13 15  1  5 41 44  -  -  9  4 45  - 24 48  3 50 35 49 29 17 27  2 32 42 43  - 26  8 21  - 36  7  - 16 55  -  -  - 54 47 59  6 37 14
  2 43 46  -  - 24  - 38 32 56 41 16  - 34  - 18  -  -  - 53  6  -  -  1 54  8 60 11 58 10 23 20  - 27  7  - 25  5  - 59 21 55  -  - 17  - 44 52 14 42 30 13 37 51 22  - 36 48 39 19
 41  - 57 31 28  - 12 37  - 30 46 20 55 58  -  - 34  8 42  - 16  - 60  -  -  - 29  2 39 18  5 13 32 10 19 36 24 43  6 35 22 54 52  - 33  -  1  -  7 23 59 17  - 56 51 49 50  9 47 48
 16 15  8 35  -  - 46 41 28 29 30 13 37 21 34 20  - 52 51 31 11  5 23 24 19 26  - 54 38 45 56  7 48  9  - 55 14 25 53 33 44  - 50  4 10 40 12  6 60 57  - 27 43 22  1 59  - 42  3 32
 29 46 35  - 32 55 54  6 23 19 13  - 39 15  - 36 38  -  - 26 14 53 12 57  - 25 30 20  - 33 58  9 42  -  - 31  - 49  5  -  7 45  -  -  - 16  - 56  3 44  - 60 52 11 50 27  1 22 24 51
 54 18 14 36 26 13 37 32 40 17 11 49 46 47 53  2 24 25 23 21 51 45  9 50 31 44 28 19  3 12 33  6  8 43  - 15 10 35 22 52 39  1 60 56 38 41 55  5 20 27 57  - 48 30  4 42  7 16 29 58
 52 34  - 58 10  -  7 35 17  2 25  - 43  3 44 21  -  - 48 57  - 24 56  -  - 49 50 33 28 13 26  5 15 46  - 16 38 36 41  - 55  9 18 42  -  1 27  - 23 59  - 40 39 45  - 22  4  8 12 30
  5 11 36 23 12  - 16 59  8  - 54  - 58 18 25 43 44 19 52 27 17 31 48 29 51  3 38  1 50 24  2 32 47 57 14  9  6 39 60 56  - 34 28  - 42  - 37 30  -  - 35 53  -  - 33 40  - 55 26 20
 28  4 50  1 16  - 42 24  - 27 33 18 59 11  -  - 19  7  - 25 45 43  -  5 44  -  - 10 14 54 53 46 56 38 39 52 58  - 21 32 20  - 55 17  - 60 23  -  9 47 22  - 40 12  8  3 31 37  2  -
 43 52 31 45 21 30  -  - 38 54 56 57 32  2  - 23 41  -  -  3  - 59  6 40  7 51  8  - 18 39 15 28 14 20 13 24 49 11  4 34 12 19  - 36  1 37  5  9 53 10 58 33  -  - 60  - 16 27 55 29
 60  - 30 14 18 27  - 10  - 11 53 47  9 54 33 24 37  - 22 51  2 13 59  - 26 40  4 23 46 20 31 29 28 45 48  6 35 38 39  1  3 12 41 15  - 36 17  - 57 56 34 44 32  -  - 58  -  - 50 43
 26  -  3  - 45 14 41 46 27 21  - 58 44 20 24 52 55 56 31  -  -  4 40 51 49 60  - 17 54 36 50 43 25  5 22 37 59 10 30  -  8 16 13 53 48 34 11 39  2 15 28  7 47 57 29 19 35  1  - 12
 45  -  - 51 24 34 49 44  9  - 58  - 57  5 52 28 26 39 19 29 33 18 21 56 43  - 15  -  - 23  - 59 30 54 20  - 16 46 10 50  -  - 35 11 36  -  6 40  - 12  - 32  -  -  -  1  - 13 53 17
 10 54  - 18 11  4  5 52  1  - 60 17  - 19  - 38  - 13 55 45  - 46 28 16 33 48 20  - 25 27 59 41 37  2 23 42 36 14 50 15  6  -  - 44 58 26  8 51 47 40  - 43 31  - 30 29  - 39  - 53
  - 23 40 56 43 54 15 60 45  4 35 19  - 10 18  7 50 36  - 44 25  -  - 41 53 30  - 12 48 42 39 11  - 16  - 59 34 37 47 49  -  2 32  -  -  - 51  3  6  - 13 22 38  8  -  9 58 57  5  -
  -  -  2 54 34  - 51 45 20 60  - 37 26  7  6 58 11 16 28  -  -  - 18 32 39  - 42  - 52  - 57 19  - 14 21 13  -  8  -  - 40 43 38 12 15 10 25  - 31  5  4  3  - 47 56 30 44 23 48  -
 24  - 42 55 54 18  - 57 47  - 49 30 52 46 14  -  3 41 44 50 35  9 43 53  8  7  - 37  -  - 29 40  -  -  5 10  2  - 48 38 56 13  -  6 19 33 22 45 39 28  1 15 51  -  - 20 23 17 31  -
