2880
  - 20 47 30 33 26  8 37 32  7  -  9 14 59 15 51 50 23  - 44 54 35 36 10  -  2  1 13  -  -  5 57 27 53  - 17 29 11 42  - 39 40 25  - 21  6 18 58  - 31  4 48 28 24 49  - 45 38  3  -
 17  1 38 26 60 51 12 55 40 46 32 24 15 45 50 54 33 42 53  -  -  - 29  - 36 47  9  -  - 30 48 20 52 22  - 58 27 39  -  - 23 16 59  3 25 43 21  7 35 11  6  2  -  - 44 49 56 34 57  -
 18  - 26  6 32 39 36 47 38  - 56 13 49 24 51 17 48 43 59 30  - 42 54 55  -  5 12 50  2 52 41 28 14  - 45  1 19 16  -  8 44 23  -  4  9 40 11 29 21 53 58 15  - 46  - 27 34 37  - 60
  7  -  4  - 31 13 47 30 27 33 48  8  - 42 37 18 55 49  6 54  1  - 34 12 28 43 29 17  5  - 10 60 24 39 57 51  -  -  -  - 19 35 38 52 20 15 44 11  3  - 36 40 53  -  -  -  -  9 32 26
 60 31  - 37  - 55 29  1  9  6 22 32 33  5 26 25 57 16 27  4 47 20 38 53  8 48 34 45 28 17 19 35 46 23 24  2 52  - 13 59  -  - 51 40 41 50 49 18  7 58  - 39 21 14 54 56 11 12 36 42
 37 17 40 51 34 52 16  5 43 35 28 20 54 13 41 55 56  2 26 42 60  6 15  1  - 39 46 24 12 45 11 36  - 29  - 49  8 57  3 27 53  7 33 32 38 31  4  - 44 47  -  - 48 21  -  9 19 30 23 14
 53 60 37 45  -  - 26 57 18  - 46 10  - 29 52 34 43  3 13 17  -  2 44  8 20  6 38 12  - 41  - 25 59 28  - 56  -  5 21 54 35 31  7 14  4 30 36 42 40 55 11  1 22 32 48 47 33 50 49 19
 36 24 31  - 43 10 34 32  4 27 53 39  -  -  - 45 38 18 58  - 41 49 50 60  - 17 15  7 25  1 33  -  2 48 26  8 30 54  6  - 21 59 52  5 37  - 20 12  - 16  - 51 42 56 19 11 35  - 44 22
 10 49 59 25 41  6 60 35 48 22 51  3  - 23 44 21 18 47 29 24 52 16 30 58 34 33 11 38 36  - 50  - 54 26 46  7  2 31  -  9 43  8 14 37 39 56  -  - 28 17 13  5  4 27 12 53 42 57 40 32
 30  2  6 27 23 35 58 60 42  - 25  5  8 50 45  -  -  - 16 12 28  - 59  -  - 20  -  4 31  -  3 46  - 32  7 19 41  - 34 39 55 21  1 54 52 38 37 44 56 29 51 26 15 22  - 24 49  - 11 18
 54 44 32  -  - 37 20 36 16 34 10 50  -  - 60 22 41 28 38 51 17 57 12 23  -  9 33  - 27  -  - 56  - 24 47 31 46  6 52 11 40  3 45 18  - 55  - 26 19  4  8  7  2  -  - 25 30 21 14 53
 52 59 54  - 38 48 45 26 55 23 36  6 21 33 10  5 12 39  - 34 35 27  7  2 43 41 37  9 42 57  - 13 29 46  8 22  - 20  1  -  3 11 18 19 40 51  - 47 53 25 49  4  - 15 56 44 28 14  -  -
 40  4 13 57  3 32 50 25  - 36 49  - 12 20  - 60  - 51  5 35  - 28 55 22 59 27  7 46 23 58  9 37  -  1 42 53  - 18 47  - 29  -  6  -  -  - 30 56 26  - 33 11  -  - 24 14 10 54 19 15
 45 50 11 49 16  - 35 29  - 41  - 21 39 26 19 32 46  -  - 33 22 53  - 38 12  -  -  -  4  -  - 55  7  8  6 44 14 34 24 40 15  - 36 58  - 28  2 37 52  3 25 10 57 30 47 42  1 20  -  -
 42  - 58  5 55  9  - 49 28 25  1 51 45 46  2  -  -  -  -  6  - 23  - 29  - 56  -  - 13 39 26 33 41 35 44 50 18 37 15 34 20 19 16 22 17 27 57 24 48 59 14 52  -  -  4 36  8 40  - 21
 48 30 34 14 18 49 27  - 20 47 12  - 32 54 28 13  -  1 41  3 59 40  - 44  5  -  - 57 10 21 58  2 55 42 31 36 15 17  7  - 52  -  4 24  8  - 23 22 46  -  - 25  - 11  - 43 29 45 56  -
 33 26 10  -  - 28 54 18  - 21 58 37 19 36 12  - 27 55  9 11 49 46  2  - 14  - 17  -  - 32  - 52 15 51  - 30 20 38 50  4  - 13 24  8 16 29 60  - 45 35 22 57  -  - 31 41 40  6 47  3
  - 35 29 33  - 22  - 46  -  -  - 57 40 55 48 50 37 15 42 27 13 12 18  3 26 24  - 56  -  -  - 10 39 41 17 38  9 51 53  -  -  - 58 21  - 52 34  - 30  8 16  - 45 25  2 54 23 43  4  -
 43 15 39 19  5 54 14 42 51  -  - 36  - 18 40  1 34 53 20 46  3 13 35  - 25 23  2 41  - 28  4  8  6  7 37 24 47 21 57 48 17  - 22 11 29 32 58 16 60  - 31 33 27 52  - 55  - 26 38  -
  -  -  - 38 28  -  - 16  - 43  - 27  - 60 24  6 21  -  - 15 58 10 48  - 51  - 19 40  - 14 53 18  8 44  5 20 25 29  -  3  -  - 55 36 42 11  - 41  -  - 39 13 17  - 52 31 12  2 34 23
 58 14  9 34  - 44  - 41 25 18 11 45 53 51 13 59 22  - 10  -  -  - 21 27  4  1  8 42 40 36  -  - 16  - 30 46 56  3  - 49 57  2 50 55 60  -  - 28 43 24  - 31 32 35  6 26 37 47 33  -
 51 11  -  - 40 29 37 24  - 52 34  - 30 31  - 10 25 22 15 13  - 59 60 45 41 42  -  2 46  9 55  5 38 43  3 39 36  -  - 21  8 44 32 26 19 35 48  1 27 57 17 49 18  7  - 16 14  4 20 54
  6 46 23 35  9 33 24  -  2 12 19 17  -  -  - 28  - 57 47 26 36 14 16 37 45 51 50 54  8 56  - 15  - 20 53 29 11  - 22 55  - 49 48 59 18 13 41  -  5 42 60 30  - 40 39  3 58 52  - 31
 38 39  5  -  1 30  - 51 56 32 57 19  - 12 25 42  -  - 52 43 55  - 27 33 13 15 21 18  3 44 16  - 10 45  2 47 28 53 36 14  7 37 41  -  6 26 50 35 17  - 40  -  - 20  9  - 60  - 48 46
 39  - 55  2  - 17 15  - 10  - 26  - 44  -  - 29 32 33  -  -  9 18  -  - 56 30 35  6  - 42  1  7 49 11 16 57 59 41 14 31 60 48  8 12  - 34 38 46 47 36 21 37  - 23 45 28 24 27 13  -
 23 53  8  1 42  - 56  3 14 55 21 28 60  2  -  - 36  6 43  5 24 30 41  - 27 18  - 35 52 15 59 32  -  -  - 10 44 45 20 51  4 57  -  9 50  7 25 40  - 49 46 34 26 19 11 39 13 58  - 17
 50 19 27 24  4 41  6 12 33 14 31 18  5 28  - 52 23 58 55 36 10 17  -  -  7 37 20 60 56 51  -  3  - 49 54 35 39 25 16  - 22 32 40 42 45  - 47 13 11 44 38 43  -  9 34 29 15 48 53  -
 34 52  2  - 53 60 25  -  -  8  4  - 24 30 18 38  3 59 19 16 46 56  - 17 47 58 27 29  - 22 40 43 31 21 49  - 32 23 12 44 42 20 54 41 48 57  -  6 33 51 50 28 39 10  - 37 26  7 45 36
 57 56 25  8 35 20  - 34  -  2  -  - 22  - 32  - 17 38 24 14  -  - 43 54 50 36  - 39 26 11 42 23 60 27 12 28 37 52 10 41 49 33  - 53 55  5 59 48 29 15 19 18 30 13 58 51  4 16  6 47
 14 42 53 32  - 25 40 20 52 60  5  -  - 22  - 36 58 56  8 21 30 55  1 24 29  3  6 31 48  -  - 16 28  2 43 41 10 47  9 12  - 51 26 35 59 49 19 34  4 27 44 46 38 45 18 23 54 15 17 37
 20  - 35 28 17 23  - 58 30  4  6 33  - 25 34  2 53 29  1  - 39  - 26  -  -  7  - 51 18 49 57 41  - 13 14 42  - 27 59 60 31 47  -  - 15 37 52  9 32 48 12 45 24 16  - 40  5 44  - 38
 26 48 49  - 27 12  9 59  - 50  - 22 28 15  - 43  5  -  -  8 31  4 32  7 44 25 30  3 20  - 52 51  -  6 11 13 16 55  2 57  - 56 10 23  - 33 39 19 54  - 42 38 46 34  - 17 18 24 21  -
 28 58  1 43  6  - 18  -  -  9 15  - 47 56 22 35 24  8  2 53 23 11  - 20 32 45 44 25 16 38 46 27  - 36 19  5  - 40 37 17 54 26 57 30 34 59 14 31 39 13 52 21 29 55 42 48 41 49  7 12
  - 41 46  -  - 45  - 48  - 44 60 30 18 57 42 37 28  - 39  2 11  1  8 19 33  - 26 34 55 29 54 24  9  - 15 52 22 58 43 53 10 36 21 38  - 20 40 14 49  6 27 17  3 31 23  4 25  - 50  7
  -  7 57  - 45  - 17 39 41 38 59  4  - 47  -  - 35 10 37  - 43  - 40 15 24 52 16  8 34 20  -  - 44  9 32 21 26 60 56 46 27  5  - 31 14  - 54  3 51 22 18 55 19 28 53  -  - 13 42 29
 27 18 30 20  2  - 41 44 53 58  - 55 29 19 17 12 59 35 49  9  - 38 52 51 46 50 23 37 11 10 28  4 47 34 56 25 40 36  5 22  -  -  -  - 26  3  6  - 16 21  - 24  7 60 15 57 31  -  - 45
  -  - 45 39 50 34 53 17 31 59 47 41  2 27 57 14 13 21  - 29  - 33 10 46  6  4  - 22 37  7 20  - 23  - 36  9 51 19 30 42 32 54 15 56 43 25  8 60 55 28  -  -  - 38 35  - 16  1 52 48
 13 47 28 44  - 40 39  -  - 56  8 25 34 32 16  - 10 26 46 22 37 36 14  5 60 31 42 27 59  4 18 21  - 15 35 43 50 49 23 52 38  - 20  -  2 53 33 57  6 19 48 12  -  3  -  7 51 17 41  9
  - 10  7 18 21 15 42 50  -  - 54 47 38  - 59 39  -  5 45  1 32 29  - 43 48 53 28 36 24 40  -  9 17 14 20  6 58  - 49 30 12 27 37 44 11 46  - 52  2 34 56 41 23  - 26 13 57 60 55 51
 16 25  -  3 47 42  - 27 60  -  -  1 11  -  - 41  6 20  -  -  -  9 33  - 52 54 13 55 29 34  7 59 22 17 48 45 53 12  4 56 46 38 19 28  - 24  5 32 50 40  2 35 51 18 10 58 44 31  8 49
  4 32 36  - 58 53  - 11  6  - 24 34  -  7 35 57 26 25 56 60  -  - 42 49 31  - 39  - 47  - 17 22 13  - 40  - 12  9  8 38 41 14  - 33 30 45  -  -  - 18 29  - 44 50  -  -  -  3 15 10
 25  - 12 13 49 24 10 38 21 57 27 48 56  3 54  -  - 11 23  7 29  -  -  - 39  - 14 26  -  2 36 53 40 50 34 32 43  -  - 37  5  - 28  - 22 58 51 17  - 60  - 16  8 42 20 35  - 19 59 55
 12  6 51  - 26 18 30 28  - 16 40  - 17  -  1  9 45 34  - 38 20  7 22  -  -  8 52 53 21 48 29 19 25  - 59  4 13 24 27 36 11 60 44 46  - 23 42 50 31 39 10 54 14 47  - 15 43  - 58 33
 31 38 48 21  -  -  - 13 54 53 33  -  9 17  6 30 44 40 28 19 57  - 39 26 55 14  4 15  -  -  - 42  - 59 23 37 49 32 45  7 58 41 47  2  - 10 35  - 20  - 43 60 11 36 16 18 52  8 51 27
  - 40 18  4  7 36 38  -  - 30  - 49 42  - 43 27  -  - 44  - 34  - 25  -  - 32 41 11 17  6 56 31 35 37  - 60  -  2  - 33 16  - 12  - 47 22 26  -  - 54 55 14  -  - 59  8 53 29  - 58
  - 28  - 40 12 11  3 54  -  - 38  - 50 58 31 49 19  - 33 32 53  5 17 18  - 22  - 30  - 26 47 44 43 10 21 16  - 56  - 15  - 45 39 60 23 36 46 20  - 52  - 27  -  8  -  2  7 55 35 34
 15 34 22  9 37 19  -  2  -  1 42 29 35 14 53 33  -  -  3 25  7 26 56 40 21 44 48  - 39 18  - 30 57 52  4 27  5  - 46 28 24 58 60 49  - 54 16 36 38 20 32 47 55  6 51  - 17 11 31 50
  -  - 17 60 19 47 13 15 46  - 52  - 57 43  9  -  - 27  4 45 25 51  - 14 38 49 55 59  - 37  -  6 56  3 58 33 48 30 41 23 26  - 31 29 24 39  - 54  8  1 28 32 34  2 21 50  - 42  -  -
 21 29 19 59 46 16 28 31 22 49 18 43 26 52 56  - 14 17 32 57 15 39  3  4  -  - 53 20 44 23 34 54 51 40  - 55 42  8 60 24  2 50 27  - 33 12 13 45 36 37 30 58  6  1 38  5 48 10 25 35
  9 45  - 10 30  7 33 52 13 29 43 26 25 35  - 40  1  - 51 31 42 32  - 39 18 38 49 16 22 54  6 47 50  - 28 15 17 46 11  - 14 34 53 48  -  - 55  - 58 12 23  - 37 57  - 20 59 41 24 56
  -  - 41 11 20  - 49  - 37 40 35  -  -  - 14  8 54 48  - 18 21  - 58 28 42  - 36 44  -  3  - 50 26 33  - 59 55  7 38  - 13 25 17 15 56  1 24 27 10  9 34 23  - 43 57 32 22  - 39  5
  -  - 20 15  - 14 32  7 44 48 16 58 43  - 55  - 31 19  - 50 18 47  6 59 11  -  5 33 41  8 49 38 42 12 60 23 54  - 26 25 45  1 56 13 27  2 53 39 37 30  -  3 52 29 17  - 46  - 28 57
 59 33  - 41 54  5  -  8 57 42 44 23  - 21  3 15 39 52  -  - 19  - 11  -  2 10 60 47 30 31 27 48 20 56 38 14 34 28 58  - 36 29 46  6 51  4  -  - 24  - 35  - 40  - 13 45 55 25 26  1
  - 23 60 47 36 43  2  - 58 24 13  7 16 34  8  3 15 46  - 20 56 21 49  6 19 29 18 48  - 35  - 17 45  5 50 12 31 59 51 10 28  - 11 27 53 44  1 55 57 33 54  -  -  -  - 30 39  -  9 25
  - 27 24 12 56 21  - 22 15 19 37 16 31 48  - 20 49 13 11 52  2 45  9 47 30 35  - 14 53 50  - 26  -  - 25 40 60 44 39 29  - 46 43  7 28 42 17 51 34 38 41  6  -  5 36  -  3 23  -  4
  - 13 15 22  -  2  - 19  - 26 55 52  - 11 58  -  9  7 57 41 12  8 46 32  - 59  - 21 50  - 43 45  4  - 10  - 35 42 18  6 34 17 49 20  - 14 27  - 25  5 24 29 36 54  - 38 47 33 30 28
 29 55 21 48  8 59 52 43 11 54  7 15 10  4 49 53 51 50 60  - 27 44 45  - 40  - 57  - 58 12 31 34  - 38 13 18  3 26 17 35  -  9 23 25 46 16 28 30 42  - 20 22  - 37 14  6 32 39  2  -
 19 12 16 29 14  3 44 56  8  - 17 46  - 38  5 26  2 36 22 59 48 60  -  -  -  -  -  - 51 25 23  - 11 30 39 54  - 15 35 50  6 55 42 57 58  -  7 53 41 43 45  9 47  4 32  1 20 18  - 13
 22  8 52  -  -  - 59  -  -  5 23 53 41 49 38 19  - 12 17  - 50  3 28 25  - 21 45  -  6 55 35 29 48 57  9 34  7 33 54  - 37 30  - 51  - 18 10  4 13 46 47 56 20  - 43  - 27 36 16 11
  - 54 14 52 51 56 46  6  - 37  2  - 55  8  4  -  - 31 25  - 45 22  - 50 17 57 47 32 15 16  - 58  - 18 27 26  1 48 40 20  9  -  - 39 49 19  3  -  -  7  5 59 33 44 41 21 38  - 29 30
