2880
  6 10 13 19  -  9 22 40 27 16 30  8 43 21 59 50  4 57 17 44 28 47  7 18 26 11 20 51  - 37 41  - 14  2  - 15  3 46 23 31 38  1 25 54 58 29 52 35 33 48 56 49 39 60 24 12 42 36 55 32
 29 43 45 49 54 40  - 48 55  - 12  -  7 22 16 36 52 38  2 58  -  - 23 17  -  - 53  - 24 57  -  8 32 47 46 60  5 31  4  -  -  -  -  -  - 27  1  - 39 51  -  - 21 50 10  - 34  - 14  9
 15  - 18 13  3 28 24  - 60 30 10  - 41 46  4  -  2  7 21  5  6  -  9 12 25 34 22 43 54 31 52  - 26  -  1 29 49  - 57 20 58 17 19 42 35 32  8  -  - 55 11 39 56 14 27 45 50  - 16  -
 44 41 37 12  4  6 55 15 22 18  7 53  - 23  8 51 46 48 59 28 54  9 58  - 21 56 35  - 39 17 14 26 13 60 49  - 25 38 34  2  -  - 27 31 50  -  - 42 36  - 24 29 43  - 57 30 33  -  1  -
  -  - 49 24 20 31 60 27 21  -  - 28 46 52  - 58  7 50  -  -  -  - 32 15  8 22  - 42 56 35 40 55  3  - 37 39 51 26 59 48 36 54 14 13  - 33 30 38  6 47 44  2  9 29 23  -  5  -  - 11
  2  - 53  8 41  - 36  7 16 26  - 23 48 54 46 13 30 32  - 57  - 25 52  9  4 19 27 24  - 34 21 49  - 22 50 55 15 12 45 42 59 38 60 29  1 28 39 11 31 18 51  - 14  - 20 40 17 47  5 37
  - 48 43  - 11  - 23 32 56 25 34  -  3  5  -  - 28  - 37 50  1 12 18 53 35 31 39  6  4 46 57  2  - 19 58 33  -  - 21 40 41 30 13 26  -  -  7 49  - 45  - 20 38  - 29 55 54  - 36  -
  9 32 15  2 50 11 18 49  4 59 41 26  - 45 22 38 12 56  5  3 47  -  1 40 27 24 42 48 30 58 28  - 46 43 34 37 21  -  - 10 57  8  - 33 13 53 36  - 35 44 39  - 23 16 19 60 20 29  - 31
 42 56  7 31 40 51 41  6 18 36  9 10  5 15 13 48 59 29 54  -  -  2  -  - 11 46 33  - 28 32  1 38 23 55 24  - 14 30  - 16 50  - 21 37 47 57 45  8 44 58 53  - 52  - 60 25  - 39 26 20
 51  -  5 20 43  - 34  - 19  - 50 12 23  1 49  -  - 13 10 18 58 15 42  - 55 48 28 40  - 38 54 16  9  -  - 57  -  -  8 35  - 32 26  2 22  - 25 44 21  -  4  3 41 52 33  6 36 37 39  -
 47  - 22  -  - 58 53 43 49 32 44  - 60 33 21 26 42 34  - 14 10  -  -  1 54  - 19 13 50 24  2 36 25 16 30 12 45 20  7 51 56 46 57 48 38  -  -  6 29 31  - 11  4  -  5  - 59 18 52  -
 20 46 14 53 24  -  - 44 11  - 60 45  -  3 18  -  1  8 12 29 13 27 57  -  5 32  - 30  - 52 16  - 58 41  7  - 43  - 54  - 15 56 35 49  - 17 28 10  - 25 21 26 33 31 51  2 38 50 34  6
 60  - 59  - 56 50 40  8 20 58 49  - 37 36  - 10 41 16 35 53 42 17  - 33 14  4 29  5  2 45 31 30  - 15 38  - 46 21 24 57  9 55 48 22 52  1 19 27 25 54 32 34 11  -  - 51 26  7 43  -
 28 50  - 25 37 18 15  1 29 46 57 35 26 58 30  - 23 42  - 56 16  - 55 27  - 17  6  -  - 39  -  4  - 20 54 11 44 40 43 33  - 49  8 14  -  9 51  -  3 32  - 21 13  5 41 59 60 22 48  -
 12  7 42 55 46 20 19 17 10  5 39 27  -  -  3 44  8  - 47  - 31 33 35 11  - 43 38 52 22 21  - 14 36 40 23 24  4 54  - 41 29  -  6  1 34 49 60 26  - 50 13  - 37  -  9 15 28 48 18 59
 34 52 46 54 29 32 26 21 25 50 22 33 30  9 55 12  -  6  - 31 53 57  - 43 36 37 47 23 13  - 45  - 27  8 15 56 10 16 51  - 48 40 38 58  - 24 49 14 20 35  3 41  7  2 11 17 39  - 19  1
 11 49  - 35 14  1 54  - 34 24 13 17 42 57 48  5 40 36 43 21 25 38  - 50 28 26 60 15 51  2 55 29 19 32 47  8 53  - 33 37 45 52 23 59 16  - 20  - 27  - 30  - 18  4 56 39  7  9 44  -
 52 23 57 36  8 41  - 54  3 37  -  - 39 60 26 53  9 27 22  - 19  1 29  -  - 58 48  7 20 14 11 50  - 44 10 17 40 59 38 56 21 34  4 35 12  5 18 16 43 42  - 51 31 13 25 46 45  - 49 24
 33  4 28  5 57  -  - 22  2 20 54  1 59 48 14  -  - 43 16  - 32 34 53 58  9 52  -  -  -  - 17 46  - 13 29 40 24 47 15  -  - 21 55  -  -  - 11 56 26 23 42 36 25  - 37 10  - 35  7  3
 58 57 35 17  -  -  1  4 13  - 36 18 49  2 56 29 27  - 14  - 48 16 44 52 20  -  - 21  7  9 42 45  - 28 12  - 11 10  - 30 23 37 41 47  -  -  5 40 54 33  - 55  8 34 26  3 51 43 50 38
 39  -  -  3  1 38  - 42 50 23 55  - 40 10 57 37 53  - 49  - 43  - 12  - 13 14 59 36 19 54  - 35 60  - 17  -  9 33 26 34  4 45 18 32  7  - 56  - 28  8  - 48 51 24  - 22  - 27  - 29
  4  2 56 28  5 44  3 46 36 38 31 34  - 11 42 15 55  -  - 32 37 10 30 16 52 50 17 45 35 43 39  - 57 33 21 14  - 60  -  7 18 41 51 12 29 48  - 59 22 27  9  1 19 26  - 49  -  -  - 23
  1  - 41  - 27 19 59  -  - 34  - 54  - 35 15 31  - 52 55 47 14 21  - 22 51  - 58  4  9 56 30 20 16  6  8  3  - 57 46  - 40 10 17  -  - 36 44 33  5 28  - 13  -  - 32  - 18 11  -  7
  -  -  4 47 35  -  - 30 28 40 33 50 52  - 38 46 15  - 34  - 23 48  -  3 59 55 37  1  - 27 19 17 31 24 20  - 60 39 49 58 16  7  - 44 43  -  -  - 10 57 25 18 42 45  - 56 41  6 11  -
 55 30 60 27 28 21  - 13 57  9  - 38  -  - 35 19 54 18  - 10 34  4 51 32  7 15  - 46 42 53 25 37 11  - 43  - 12  -  - 29 49 22  -  6  8 23 24  1 59 16 33  - 58 36  3 26  2 14 41 50
 32  - 29 34  6 26 47  - 41 28  - 51 57 19 44 25 21 60  - 13 49 46  4 56  -  7  1  2 52  - 24 10  -  - 39 36  8 50 17 55 54 14  3 27 33 45 16 12  - 20 31 23  - 59 43 18 11 58 38 35
  -  - 58 59 51 37 10 57  - 31 32 13 19  4 28 56 22  1 11  9  7 55 33 14  3  6 21 60 48 41 20 27 42 53  - 34 30 44 35 26 43 24  - 25  - 15  - 46 17 12 29  5 40  - 45  - 23  - 47 36
  -  - 17  -  -  - 14 11 58 57 40  -  6 30  - 49 35 26 24 45 29 32 36 47 39 13 23 50 18  5  - 52 44 21 51  - 55  - 48  - 10 25 59 43 27 54  - 22  8  4 38  7 12 42 15 33  9 16 60 56
  5 25 39 45 55  3  6 50  -  2 11 52  - 59 12  - 43 23  7 33 30  -  - 44 10 21 41 32  - 18  9 13 48 27 60 54 34  - 36 46  -  - 42 38 20 47 29  4  - 53  - 24  - 22  1  -  -  - 28 16
  - 36 55 56 22  -  - 20 48 27 14 60 12 28 45  - 13 51 29  7  - 35  -  5  - 54 26 37  - 59 44 15 18 34  - 58 41  8  3  - 31 19 49 50 11 52 42 21  -  2 40 16 30 10 39  - 47 57 53 17
  - 45  - 29  -  -  7 34 15 21 56  - 28 27 54 32  - 41 48  8 59 39 22  -  - 40 25 38 14 13 10  5 33  - 26 42 37  2  -  - 44 12 50  - 19 35 17 30 18 11 43 52  - 53 49 47 31 46 24 57
 48  -  - 18 25 30  - 14 24 29 35 43 33 56 20 42  - 46  - 51 55 28  -  8 38 59  7 54 57  - 49 21 45 36  2 52 47 23 32  -  - 11 58 41 17  3 37  5 12 40 16 27 22  6 34  9 13  - 15 26
  - 29  - 37 52 45 33 56  -  -  8  - 13 44 32 21 11 28 36 41 38 42 16 46 31  3  9 26 25  - 60 51  - 59  5 10  - 18  1 43  - 48 22 39  6 30 53  - 15  - 35 57  -  - 40 58 55 34  - 12
 40 35 10 32 18 56  - 53 54 55  3 42 14 17 39 59 48  - 58 38  -  - 21 30 57  2 49 20 60 51  - 24  1 29 36 41 28 27 11 19 47 15 46 23  - 31  6 50 52  7 34  4  - 33 22  - 37 25  -  8
 26  -  2 10 21  - 30 18 12  - 17 46  1  6 24 40 58 35 42 11  5 51  - 20 22 25  - 31 15 36  8 33 41 50 44 23 27 28 37 45 14 53  - 19 32  - 59  - 13  - 48 47  3  9  4 38 49 52 29 60
 56  -  -  7  - 35 50 55  - 10  1  4  8 32 36 33 24 47 28 59  -  - 43 29 12 20  3  - 21 48 26 11  - 42  - 38 31 15 18  - 25  6 44  -  - 34 58 23 19 60  5 45  - 27 54 16  - 41  - 14
 22 15  - 58 17 57 52 39 38 56 26  5 25 20 33 35 34 45 40 48  2 31 27 54 44 51 12  8 10  4  - 59 43  3 55 53 19 13 16 32  - 29  7 60 18 11 50 41  - 24  - 42 36 23 28 37 14 21  9 49
 14 44 11 38 23  -  9  3 35 17 42 37 18 47 25  - 57  5  -  - 21 20 40 26 50 28  - 12 41  6 56 19 10 51 45  4 58 22  -  - 13 33 30 24 54  7 48 39  -  -  1  - 16 32 59 29  - 55 31  2
 31 11 26 30 33 49 21 25 17 51 45 19 58 12 41 55  - 44 23  -  3 40  2 13  1  -  8 16 34 29 48 39  - 56 57 50  -  9  - 24 22 42  - 53 46 38 15 54  7 36 28 59 60 47 14  4  - 20 32 43
 57  - 32 48  -  4  -  9 42 53  2  - 11 55 27 18 33  - 56  - 26 60 49 24  - 16  5 44 43 20  -  1 17  - 13 22  7 36 52  -  3 35 31 28 14 12 40 51 47 46 23 15 59 21 50 41  8 10 25 19
 41  - 34  -  -  8 31 33 44  - 52  - 20 13 29 16 39 24  - 17 18 58 26 55  - 27 56 28 37 23  -  - 59  -  4 47 38 32 30  1 46 36 43 51 49  -  9 60 50  - 10 22 45  - 42 21 35  2 40 53
 36 12 16  - 59  -  -  -  9 11 23 56 55 43 47  2 29  - 26 34 35  - 41  7 37 57  - 22 53 60 32  - 54 49  3 25  1  - 20 52  - 31  5 40  - 50 21 48 38 30 18 46  - 51  8 44 10  - 58 13
  - 51  1 40 49  7 28 47  -  -  -  -  -  - 11 30 10 20  8 23 46 19 60 59 16 45 50 57 12 26 36 41 39  9 31 18 17 58 55 44  5  2 33 34 21 43 22  - 14 37 27 38 32 15 53 54  -  4 13 48
  8  5 50 57 53 52 29 36 33  - 51 22 10 24 43  - 18 12 38 19 39  - 47  - 41  9 55  - 16 44  3 32 21  - 40 49 59  1  - 25 37  - 34 46 45  4 31  -  2 17 20  -  - 54  - 14 58 26 30 42
  - 33 19 15 47 59 12 29 30 41 21  - 50 40  6 43  - 14 20  1 52 56 39 57  - 42 46 11 49  8 22 53 38  4 28 27 48  -  - 18  - 23 10 55 37 58  -  -  - 26 36  9  -  - 31  - 25 24 17 51
  - 26  8  4 58 23 43 19 51 49 59 16  -  -  5 14 36  3 60 39 22  -  6 35  - 30 11 33  -  -  - 44  - 10 41  1 50 17 31 54 24  9 29 20  - 40 12  - 42 21 46 37 47 48  - 13 57 32 56 28
 30  - 27 16 42 25 51  - 40  - 46  9 29 31  7 24 50 21  4  6 17 22  - 41  - 33 57 58  8 49  - 47 56 26 35 20 36 43 44  - 34  5 28  - 23 13 55 37  -  3  2 60 53 39 18 48  -  1  -  -
 59  - 54 51  - 48 57 58  7 43  4 15 32 50 17  - 37 49 19 12  9 45  5 38 29 53 13 35 55  -  6  3 52 39 25 44  2 41 56 23 28 60 47 36 31 10 46 20 11 14  -  8  -  - 30 24  1  - 27 18
 53 16  -  - 32 42 35  2 23 13 48 44 54  8  -  -  - 31 27  - 41 30 20 28 40 36 51 18 29 11 15 12 37 58 56  - 26  4  - 38 33 59 39  3 57 19 34 43 24 22 45 50 49 55 52  5 21 60  - 47
 18 40 21 41 38  2  - 26  5  3 19 49  - 37 34  - 14  -  - 20 15  - 48 51 56 60 31  9  -  - 50 22 55  - 42 46 33 52 29  -  6  - 12  -  - 59 23 36 53  1  7 32  - 30 16 27  - 13 57 45
 27  - 30  -  9  5 44 12 32 60 29  - 47 38 40 52 51 55  - 26 20 50 14  6  - 23 24 19  -  3 35 42  8 37  - 13 39 25 41 15  2  - 36  7 56 18  4 17 48 10 54 33 34 49 46 31 43  - 59 58
 25 60  -  - 10 13 46  -  1 45 37 24 36 14 50  - 16 39 30  - 51 26 19 42 58  5  - 47 23 12  4 48 49 54  - 21  -  -  9 22  7 27 32  - 53 56  3 15  -  6 59 31  2  - 35  - 44 38 33 34
  -  - 33 39 48 55 27 10 46  8 18  -  - 49  1  -  - 53 51 30  -  - 31 37 47  - 43 41 45 40 13 56  4 12  -  - 52  5  -  -  - 20  - 15  -  2 57  - 60 59 50  -  - 38  7 23 32  3  -  -
 43 47 52 26 60 12  - 16 45 42 27 39  - 41 37 11 32 25 50 35 56 54 15 36 46 29 10 14 17 55 53 58 51 31 22  9  - 34  2 21 19  -  - 57  -  - 33 24 23 38  8 30  1 20 13  - 48 59  -  -
 46 38 23 21 44 34  8 60 52 33 58 32 51 18  -  9 45 17 13 37 11 36 24 10 49 47  4  -  3  - 43 31 28 14  - 30 16  7 42  5  - 50  1 56 40 26 27  2 57 39 12 54 48 41  6 53 29 15 20  -
  - 42 40 46  -  - 20  5 47 48 25 41 44 34 58  3 49 19  1  - 60  8 28  - 18 10  2 27 32 50 29  - 24  - 33 59 22 11 12 36 30 51  - 21 15 37 43 31  4 13 57 17  6  - 55 35 53  - 54  -
 54  6 12 23  2 22 38 41  - 19 20 14  -  7  - 17  -  - 53 27  -  - 11  - 24  -  - 29 33  1  - 60  - 52 48 43 32  - 39 47  8  4 15 16 44 21 13  - 51  - 26 28 57 25  - 42  - 40 37 55
  7  8 48 42 12  - 17 38 53 44 28 11 34 29 52 41 20  2 45 15 24 37 56 25  -  1 14  3  - 33 23 43 40 18  9 32  6 49  -  - 55  - 16  5 59  -  -  - 58  -  - 10 27 57  - 36 22  - 35  4
 37 53  - 33 19 47 58 51 43 22 38  2 15  - 31 28  3  4 32 42  -  - 45 34  6 12 54 39 59 25 27  -  - 11  - 48 13  - 40 50 20 18 24 52 36 60 10  - 56  9  - 35 55  - 17  - 16  - 23 21
 49  9 36 50 31 24 56 35 26 12  6 48  - 51 60 20 47 10 15 22  -  5  8  -  -  -  - 59 58 16 33  7 29 25 32  2 57 37 19 39 52 43 53  -  3 42 54 13 46 34 55  - 28  1  - 11 30  - 21 41
