2880
 10 45 35 34  -  6 50  - 19 48 27  - 18  9 15 12 31 54 51 41  - 47  -  -  -  8 13 40  - 17 26 43  - 55 23  - 20 42  3  -  2 44 22 60 37  -  - 53  -  -  - 14 57 49 32 25 56 21  - 30
 41  2 19 24 32  - 60 29 28  9  8 57 34 37 35 16 50 59 21 33 27 18 44  4 30 43 12 17 31 48 47 26 13  - 11  - 36  7  -  - 20  - 15  - 56 51  - 23  5  -  - 58  6  - 53 39 40 42 52 45
 35 21 15 11 52  -  5 54  7 18  -  4 47  - 49 38 27  - 46 28  -  - 40 23 36  -  3 30  - 20  - 14  - 16 24 58 53 60 29 33 51 43 48  -  9  -  8 17 39  - 55 19 42 32  2 34  6 50 45  -
 44 13 24 18 15  7  - 50 34 52 17 30 22  3  - 58 39 11 40  -  - 20  4 55  - 45 60 36  6 42 10  - 59 28 25  2 32 53  - 54 57 26 47 51  5  9 16 19 56 43 27  - 33  - 41 37  1 48  - 49
  - 11 36  - 19  9 37  - 30  - 51 29  - 21 20 23 14 12 45 56  - 50  -  - 57 48  - 18 25 33  -  - 46  7  6 27 39 44 16 13  5  -  - 26 28 58 34 47 41  4 32 10 60  2 22  8 15 54 35  -
  6 51 54 53 23 17 27 40 49  5 30  1  2 28 60 46  - 24  -  - 36  -  - 52 14 33 37 43 18 13 19 10 32 42 29  7 35  4 39 31 50 34 41  - 59 44  -  - 16 45 56  - 15  - 38 55 48  - 20 25
 39 28 59 56 38 18 20  - 14 13 53 19 54  7 42 15 35  5 12 16 43 32  -  -  - 47  4 45 48  - 51 49  -  2 37 31 30  - 46 58  -  -  - 44  - 24 50 22 40  - 10 52  3 34 25 57 21  6  1  -
 26 38 55 59  2 53  7 10  - 42 49 28 46  4  - 36  - 43 31 19 39 30 14  1 11 37 35 23 16 57  9 34 17 45 52 41  5 25  8  - 33  -  3 47 44  -  -  - 12 48 15 29 51 40 27 18 20 13  6 50
 31  1 33 43 44 38 25 27  - 29 40 47 21 15 48  - 49 19  3  - 59 28 17  -  9 18  - 11 36 30  -  - 34 56 13 39 14 54 55  - 23 12  4 46 58 57  -  - 32 10 35 45 22 41  - 16  2  5 42  6
 18 35  - 19 40 15 16 48  2 34  - 59 52  1 14 56  - 36  4 49 60 42 33 24 22 20  - 57 30  3 38 21 47 31 51  6 44  -  - 10 43 11 53 58 12  -  5 41 27  - 13  - 45  -  -  - 29  - 28 37
 56  -  - 21 50 40 17 47  -  - 45 52 12 33  - 29  -  2  - 51 54 15 60 41 58 55 19  - 38 31 49 32 25  -  8 37  1  3 23 16 46  -  6 13 11  -  -  -  - 35 57 27 24 20 39  7 28 14  5 48
 58 55 21 39  6  - 30  8  -  -  5 25 28 52  - 26 10 40 50  1  -  2 47 16 49 42 36 56  - 34 18  - 12  -  3 33 23 37 51 45  -  - 54 38 20 22  4 29  - 24 19  7 44  - 60  - 14 32 11 17
 46 27 18 26 42 16 15  - 59 53 23 12 33 32 29 17 45  7 14 52 38 54 39 28  - 41 47 22  - 24  3 44 55  - 40 60 13 48 20  - 31  6 25 36 34  5 56  9  - 21 51 57  - 43 35  2 11 37  4  -
 54 16 12  - 13 24 45  -  9 50  - 42  6  8 22 25  - 20 52  4 10  - 49 43 60  1 53  2 46  - 44  - 58 19 21 55 15  - 26 48 35  - 56  7 18 11 40  - 29  3 17 30 47 27 33  - 37 36 14 23
 34 17 44 48  - 57 58 41  - 15 21 38  - 45  4  5 37 14 24 23  -  9  - 25 35  - 16 12 60 19 29 30 27 59 53 50  - 26 36  8  7  3 46  - 31  1 32 18  - 56 28 22  - 42 51 54 33 40 47 20
 45 59 32 25  8 56 47 14 37 55  7  2  3 20 18  - 29  - 36 54 15 27  -  - 31  -  6  - 44  4 16 52 53 21  9 38 17  - 30  -  - 39 43 24  -  -  -  - 34 13 40  5 41 23 48 42 22 10 50  -
  - 33 47 46 22 36 43 19  1 49 29 51 25 54  -  6 18 32 34 15 48 23 35  -  3 44 21 27 10 50 40 17 28 60  - 30 59  5 42 26 55  7 52 56  -  4 45 37  - 53  8 20  - 57  - 41 12  9  2 31
  5  - 57 52 36 39 22 49 58 35 56 16 29 48  - 37 43 38 23  -  - 25  - 50 27 24 54  1 28 32 30  4 41 14 55 51 11  - 33  6 59 10  7  2 47 17  - 60 26  - 20 15 21  -  - 31 19 45 18  3
 13 23 41 31 47  2 14 28 17  -  4 54 15 51 25  - 55 10 60 32  - 11  6  5  - 27 18 19  - 56 35  - 52  - 26  - 16  -  -  1 48 33  - 30  3 37 38 39  9  7 59 21 46 50 58 40 34 57  - 43
 43 37  7  - 57 10  - 13 46  - 32  9  - 11 24 45 38 17  1 20 30  -  3  -  -  4  5  6 34 53 22 29 48 26 60 44 52 56 54 50 12 14  2  - 23  - 47 42  - 49 21 33  - 18 19 27 51 41 31  -
  9 15 42 44 25 37 55 59 12 46  1  - 57 17  -  3 40  -  8 53 28 56  5  - 20 23 50  4 41 51 32 54 19 43 18 52  -  - 60 35  6 47 39 14 13 29  2 10 45 16 30  - 38 58 34 22 36  -  7 24
 30 40 13 14 51  -  - 34 25 57 11 20 56 12 26 53 48  - 47 45 22 29  - 49 42 46 24 58  9  5 36  8 31 50 33 17 21  - 38 15 52 37  -  4  1 54  -  -  - 27 16 41  7 60 28 43 35  2 44 32
 12 41  -  9 18  - 39 42 24 32 28 60  4  - 45 55 25 34 15  5  8 17 56  - 38 13  - 52 58  -  - 51 22 33  - 47 40  - 59  7 53 16  -  - 36  3 54  2  - 57  -  - 19 37 20 35 50 29  - 10
  7 29  -  -  5 48 51 24  3 12 41  -  1 30 44 42 60  -  - 47 56 45 43 33 59 50 31 54  - 52 13  - 18 57 16 22  -  -  2 25 34 20 21 27  6  - 55 38 11 39 14  -  -  -  - 58 46 23 10 40
 27 49  1 35 46 22 26 18 44  - 57 56 38 55 33 34 36 58 32 50  - 37 29 42 19 53  - 51 40 41  6  -  7 13  2 20 28 45  - 14 10  8 12  - 48 47 52 54 17  9 24  - 43 15  4 21  - 31 16  -
 15 20 27 36  -  - 49 31 40 26  - 41 14 16  -  -  - 46 44 39 12 53 21 37  -  - 52  9  -  -  - 50  6  5  - 57 47 22  4  - 18 42  -  - 17  - 33 48  - 51 43 55 23  - 13  3 45 24 56 29
  1  3 53 40  - 43 34  7  6 33  - 15 20  - 47 54  - 29 59 21 46  - 22 36 44 31 58  - 50 45  - 16  -  -  5 48 55  - 52 32 24 56 18 11 10 27 42 28  2 12 41 23  - 19 30 13 17  - 25 38
 32 34  -  -  - 58  3  - 55  1 12  - 39  - 57 18 56 48  5 13  7 38 42 44 17  - 45 14  4  - 11  -  - 37 10  -  - 16 41  9 21 36 30 43 53 23  - 15 25 22  -  2 28 29 54  - 52  8 19 27
 52 56 26  - 29  8 42 15 23  7  - 37 30 35  - 57  4  3  - 24 13  6 36 34  - 60 41  - 49 11 50 55 20 22 46  9 43  1 58 21 32  - 17 53 39 40 14 25  - 38  5 31 27 12 44  - 59  - 33 51
  - 32 50 12  9 29 53 43  - 40 42 46 23  2 59 31  1  -  -  6  -  5 38  - 21 16  -  - 55  -  - 47 37 17  4 15  - 51 24 52 30  - 11  - 45 13 57 27  - 33 34 35 58  - 36 44 60 39 54  -
 16 22 58  2  - 59 52 37 31 60  - 32  -  - 10  1  8 44 19 25 51 35 11 21  -  -  -  - 20  6  5  7 40 12 47 18  4 23  -  3  - 24 33 57 43 14 30 34  - 29  -  - 49 54 55 48 13 28 26 15
  -  9  -  -  - 30  -  - 36  - 16 58  7 56 32 14  - 53  - 48 34 59 51 18 37  - 10 46  - 25 52  - 11 39 49  -  - 47  6 29 28 21  5 55  - 50 19 35  - 17 33 44 12  - 15  4  3  1 41 57
 50 43  9 60 10 12 40 51 57 56  - 13  - 29 17 33  7 18 55  2  - 39 37 54 46 35  - 28 21 38  - 11  1 25 34  -  6 31 47 44 58 19 20  - 16  -  - 26  - 42  4 49 52 14  5 36 41 30  - 53
 19  - 28 42 30 32 33  -  - 14  - 40  - 13 23 27  -  6 10 46 50 58  2 22 47 15 55 24 51 44 60 35 29 41 20 59  -  9 45 39 17  - 36 34  4 53 25 21  7 11 52 54 31 48  -  - 38 56 37  -
 60 52  5  - 33 21  -  1 54 58 38  8 55 22  - 20 24 26 30 44  -  4 57 53  7  6 29 42 23 27  - 19 50  - 43 13  2 28 17  -  3  - 14 35 51 45 48 12 18 15  - 59 25 39 56  9  - 11 34 16
 57 60 37 50 45  4 29 16  - 41 35 14  - 49 36 47  6 33 13  7 17 46 23 40 24 38 59  - 32 55  2  9 30 48 58 34 12 10 27 11 54  -  - 28 52 31  3  - 53  -  -  8 20 22 21 56 43  - 39 18
  - 10  2  4 37 55  1 32 35 36 43  3 60 47 28 48 42 27 22 18  6 34 31 26  5 51  7  8 56 12 39 57  - 23 14 19 54 46 53 24 41 17 13 33 29 25 20 30 58  - 45  - 59  9 11 52 44 16  - 21
 55 53 56 33 31 44 32  6  4 39 34 43  - 42  1  9 12 22 26 10  - 19 48  - 50  3  - 60  - 35  - 40 21  - 36 23 45  2  5 37 47  - 27 52 41 49 51 59  8 30 38 24 17 13 57 20 16 15 46 14
  - 14  6 10 43 28 46 36 48 22  2 11 42 23 12 49 26  -  9 27 24  - 50 20  - 40 57  7  8 29 15 45  5 44  -  - 58 59 37 19 60  4 32 16 25 52 18 13  3  - 39 34 56 30 17 51  - 53 21 55
 37  7 60 29  - 45 13 35 51 17 52  5  - 14  3  4  9  - 58 38 20  -  -  - 54  - 22 32 39 16 21  -  - 15 28 25 41  6 57  -  - 49 55 50 24 46  - 11 30  -  - 12  - 44 40 10  -  - 23  -
 17 25 22 20 26 52 57 45 13 21 60 24 36 18  9 11 34 50 29 59  -  - 30 10  2  -  - 15  3  1 41 33  4  6 56 49 37 55 48  - 42 58  -  - 32 39  - 40 47  -  - 53  - 16  - 12  5 51 38 46
 29 57 25 16 34 35  2 38 45  -  - 18 10 46 50  - 23 30 39  - 53  - 28 32 13 17 40 55 12 21 48  - 44 27  - 26  - 19  7  - 36 51 31 49  8  - 41  -  - 58 11  9  1 47 42  6 24 20  3  -
 59 50 10  5 27 46  6 44 32 24 39 21  - 34  -  7 15  4 54  -  -  - 12 57 48 58 51  - 17 14 45 60 26  -  1 56 42 20  - 23 22 18  8 41 30 38 11 52 36 19  2 28 13 33 29 53 25  - 49 47
 38  -  4 15  - 34  - 52 11  -  - 39  9 59  6 21  - 57  -  - 23 43 58  -  - 56  - 20 47  7 53  1  8  -  -  -  3 17 32 18 13  - 35 40 22  - 27  - 42 37 36 16 10  5 45 24  -  -  - 44
  3  - 16  7  1  - 36  4 18 19 59 35 31 26 39 32 20 21 11  - 41 60  -  9 55 10  2 13 37 49 42  - 51 53 48 45 50 38  -  -  8 29 24 17 40 15 12 56 44 25 22 43  5 52 46 14 54 27 57 33
  -  -  -  1  -  - 21 56  5  - 15  - 45 38  8 13  2 16 25 11  9 51 53 35 52  7 44  - 42  -  - 36 23 58 57  - 24 49 22  - 40  - 28 37 55 48 59  -  - 34 46  - 54  6  - 60 18 47  -  4
 24 26 23 57 55 41 54  - 52 38 46 44 49 43 11 30 16 13 48  8 18  3 20 45 28 29 25 35  -  2 59 27  -  1  - 42  7  - 56 12 37 60  -  9 21  - 53 31  4 47 58 36 34 51  6  5 39 22 40 19
 40  -  - 17  - 19 38  - 27  -  -  - 11 44 55 28 58 23 42 29 52 10 32 15 25 39 48  -  -  9  4 41  3 35  - 36 34 43 31 22 56  5 57  - 54  7 21 16 51 14 37 60  - 46  - 45  - 33  -  -
 33 36 38  6 28 31 11 25 50  - 48 45  8 24 41 39 19 37 18 14 58 49  - 60 51 22 17 53  - 43 20 12 56 34  - 21 29 27 40  5  4 15  9 23 42 16 44  - 57 32  - 13  -  - 52 47  -  - 30  2
  - 39 14 30 16  - 12  9 56 31 20 23  - 58  - 44 47 45  - 26  1 24  7  -  -  - 33  -  -  8 55 13  -  - 22 10 48 36 35 51 19 52  -  3  - 42 17 57  - 46  6 18  4 28  - 29 49 43  - 34
 23  6 51 27  4  5 10 30  - 44 58 48 26 36 31 35 57  - 33  - 32  8  1 11 34  -  - 47  - 40 12 22 45 20 42 43  -  - 18  - 25  - 16 54 46  -  -  7  - 60 29 38  2 24  - 19 55 59 17 39
 21 47 45 28  - 26 23 11 38  - 36 33  - 39 46 43 53  8 37 17  4 22 27 30  6 14  - 49  5 18  - 25 10 54 59 16  - 40  - 60 29 35 58 20  - 34  7 55 13  - 44 50 48  - 12 15 42 52 32  -
 22  - 43 13  3 47  - 23 20  8  6 34 40 53 16  -  -  -  7 57 19 48 45 29 12 32  -  -  - 58  1 56 49  -  - 14 46 11 15 17 38  - 59 21  2 41 35 24 54 44 60 37 18  4 10 26  9 25 51 42
  -  - 46  3 53 42  9 21  - 28  - 55 37 50 51 41 44 39 27 12 29 14 54  2 43  -  - 34 11 36  8 15 60 47 31  - 38 57 10 30 16 45  1 32 49  6  -  5  - 52 18 56 26 17  - 59  - 58  -  7
  - 18 31 23  - 20  - 22 39 54 10  - 24  5 58 19  - 25 43 37 40  - 55  6  - 57 14 48  - 47 33  3 16  -  -  1 26  - 34  2 44  - 42 59 50 60 46 36 28 41  9 51 11 56 49 30 32 17 27 13
 28 30  - 49 14 51 44 53 29  - 50 26 27 31  5  8 11 42 17 36  3  - 15 47 56 52 34 37  - 22 46 58  2 32 41  4 60 21 13 20 39 54 19 45  - 43 10  1  - 18 12  6 40 25 59  - 57  -  9 35
  - 44  - 37  - 13 35 57  - 10  - 17  5 60 30 51  - 56  6  -  - 31 41 12 53 34 32  - 54 23  -  - 43 52 19 11 25 15 21 28  1 27 40 42  -  2  9 49 14  - 50  - 39  - 18 38  8  4  - 22
  4  -  - 38 12 50 18  3 10  - 24 22 44  - 56 40 17  -  2  - 21 36 25  8 16  - 15  -  7 54  - 28 14 11 45 53 51 13 19  -  9 30 37  1 27 35 23 20 52  6 48  - 29  -  - 33 58 55 43  5
 51 48  -  -  -  - 31 46 21  4 26  6 17 10  - 24  5 35 56  - 47  1  - 27 18 30  9  - 43 15 25 53 39  8  - 28 57 50  - 55 14 41  - 29 19 36  - 45 20 59 54 42 37 38 16 11 23 44 22 58
  2  4  - 22 17 54 56  -  - 45  - 31 48 19 52 10 41 28 35  - 16  - 18  - 29 21 38  - 57  - 34 23 36 24  7 46 27 14 11 40  - 59 51  5 15 20 58 32  6 26 25 39 30  - 47  1 53  - 55  9
