2880
 50  4 12 22 32  -  8 27  - 36 28 52 25  - 48 58  -  3 17 49 29  - 59 41 57 24  7 55 45  - 38 33 60 20 26 15 16 54 47  2 23  - 42  - 18  -  9  1 35 56 40 37 13 51 11 43 53  - 14  5
 30 54 57  - 55  2 13 32 49 35 22 36  - 44 33 50 24  - 53  - 60  - 15  6  - 39 11 26  -  - 51  -  - 59  - 20  - 58  - 43 47  5  8  -  - 10 40  7  9 37 25 19 12  - 23  - 46  - 17  1
  9 48  -  - 13 33  - 11 43 32  -  2  8 57  4 19 40 58  5 51 14 44 38 55  - 17 52  3 27 26 34  6 49  - 60 53 31 45  - 25 42  7 24  -  - 54 30 20 56 46 35 29 23 22 39  - 59 18 37 12
  7  5  6 45 36 44 25 54 27  2 42 17 21  9 13  - 39 18  - 12  - 26  4 49 51 23 35 47 10 24 46 14  - 19 29  - 37 15 33 50  - 57 56 43 41 28  -  - 52 48 32 16 20 58  - 31 55 30  8  -
 38 47 36  -  - 19 60 12 23 31 34 32 20 56  1 42 49 45 55  -  2 40 10 18  5 25 16  -  7 54  - 43 37  6 35  9 14  - 13  - 17 24 21 50  8 44 53 22 28 39  4  - 41  -  - 29 57 11  -  -
 53 31 10 26  8  - 35 36 15 41 33  5  - 13 20  - 17 60  - 45 57 42 21 19  - 54 25  - 47 46  6 23 48  - 22  2 32 37  - 28  - 38 16 55  -  - 43  - 44 30 12 50 29 18  7  - 34  -  - 39
 13 22  5 36 60  9  - 58  8 16 52 21 15 17 32 39  -  - 56 33 53  4  1 20 45  -  -  - 29 31  - 46 25 57 41 30 48 14  - 42 43 54  7  6 50 11 55 26 37 51 47 40  - 23 10 12 35 27  2 28
 33 16  2  7 22  - 28 59 41 37 21 34 51  8 42  - 31 23 29  9  -  1 24  - 36 12 20  4 48 58 35 40 39 18 57  - 54 49 55 60 14  -  5 56  3 27  - 44  -  - 19 46 30  - 38  - 11 32 47 13
 43 35  -  1 18  -  7  -  - 22  4 55 17  -  -  - 30  - 46 37 39 23 16 25 42  -  2 45 51 57 54 28 14 53  - 12  - 27 48 29  - 52 20 21 32 58 49 34 19  5 44 41  - 59  - 40 10  9 38  -
 48 20 19 50 53  - 16  2 45  4 18 39  - 54 41 17 29 42 26 32 23 24  - 47 52 21 33 37  5 30 28 38 46 25  3 36 43  - 12  8 10 27 40 22 58 13  - 11  6 31 59 55 57 34 49 60  9 15 56  -
  - 46 18 55  9 41 11 37  5 52 29 25 47 39 45  -  2  -  4 19 15 35 44 56 48  7 60  8  - 22 24  - 32 34 33 13  -  1  6  - 38 42 51  - 53 30  - 27 10 59 20 54 17 31 28  - 58 14  -  -
 45 15 56  -  - 18 40 43 38 42 37 11  9 28 23 60  3 55  - 10 30  - 57  - 39  -  -  5 50 48  - 53 20 13 54  - 33  7 51 49 35 12 31  -  4 16 26 17  8 32  - 58  -  - 14 47  -  - 19 25
 10 42 20 30 26 49 23 55 37  9  1  -  - 11  8 28  - 15 47 24 52 14 19 33 13  2 41  7 36  -  - 29  -  - 32 18 44 40  4  - 60  -  3 38 46 51 59 53 39 16  -  - 35  6  -  - 54  - 48  -
  -  9 51 32 12  - 14 10 57  - 15  - 46  - 43  1  -  -  - 17  - 20 45  - 21 37  3  6  8 33 13  - 30 44 36 34  4 56 18 48 49 29 27  7 54  - 23 60  2 52  - 22 42 24  -  5 19 41 50 59
  5  - 29 40  4 43 39  - 58 57  8 20 59 46  - 12 15 26 42 16  - 37 60  - 54 28  - 50  -  6 22 32 21 41 23 10  - 53 52 13 36 17 33 11 19  - 47  - 30  -  2 49 51 48 44  7  -  - 35  9
  -  2 39 51 54 17 36 21  9 45 59 12 60  - 35 23 33 50 34  5 46 28  6 43 55  - 30  - 32  3 49  1 27 15 25  - 11 16  -  - 37 58  -  -  -  8  -  -  - 42 14 53  -  -  - 38  - 22  7  -
 16 38  9 35 21 57 29 14 46 56 13  - 49 32 34 30 19 39 31  - 44  - 51 22 41  -  6 53  -  5 18 15 24  - 48 59  8 23 58 55 45 43 11  2 17  4  - 25 47 33 50  - 27  -  3 10 40 60 12 52
 60 49 32 33 59  -  - 46 47  - 53 40 23  -  7 55  - 57 30  8 36 27  2 31 20 50 21  1 26 11 37  4  - 29  - 38 10 12 25  6  -  -  - 24 42 39  3 13 58 34  - 17  -  5 18 51 52 28 54 16
  - 52 26  3 25 22 12 35 17 53  - 44 48 36 15 54 56 41 59  - 49  - 27 29  -  -  - 28 60 18 42  - 31 14  2 16 57 47  1  -  - 33  - 32  -  - 37  6 13  4 23  -  - 10 51 58 38 45 40 19
 15 53  4 25  7 14 56 48  - 18  - 60  - 37 57 40 38 13 23 30 43 39 58 45  - 51 36 52 28 34 11 44 55 42 10  1  5  2 35  9  8 46 49 19  6 12 41 29 54  - 33 31 32 50  -  -  - 26  - 17
 49 24 13 20 35  -  1 22  -  -  -  - 36 50 47 57  - 51 19 18 42 10 23  - 44 53 29 25 52  -  5 27  7 16  -  -  2 26 17  - 21 55 39 45 28 37 33  -  - 41  3 60  4 56 32 54 30  - 43 11
 35 50 52 49  -  4 15 33 18 44 57 56  -  - 19 24 54 37  - 36 32  -  5 40 58 26  - 48 41  8 17  - 12 23 28 21  - 11 29 51 59 25  - 53  - 60  -  - 16 47  9 30 45 42 34 20 14  6 13 10
 47 55 16 31 28 51 30 13 12 21  - 19  -  - 54  7  5  - 45  1  6 56 26  - 11 43 18 41  - 42 20 10 58 37  - 44 49 60  -  - 48 23  4 36  - 50 57 46  -  9 17 59  -  8 29  - 33 25 53 35
  4 51  - 44 52  5 57  - 39 33 46  - 24  2 17 21 27 56 10  - 38 41 54  - 35  1 15  - 20 49 14  - 22 31 19 25 13 18 32 26 28 59  9 48 40  -  - 50 34  -  - 23 60  -  -  -  7 36 58 47
 18  - 24 58 17  -  5  8 28 10 60 29 16  - 52 14  -  1 54  - 40 15 32 38 47 59 48 21  4 37 31 56  - 39 50 55  6 20 41 19 53 11 45  - 33 36 46 12 42  - 49 43  7 13 25  -  - 34  9  -
 58 59  3 24 56 29 46  - 34 49  - 45 11 41 40  -  4 36 28  - 50  9 55 60  - 19  - 16  - 23 15 54 44 52 37  - 21 38 20 12 33  8  - 14 13 22 10 39  -  - 57 47 25  2 42 53 32  7 31 51
 32 19  -  9  - 26 44 57 55 17 48 43 37 10 46 51  7 53 38 56  - 49 11 16 60  -  1 13  2 28  -  -  - 24  6  - 30 31 36 35 29 22  - 25 59 21 58 41 14 23  5  -  3 15  -  4 20 47 39  8
 11 33  - 23  5  - 21 42 54  8 27 47 56 58  9 49 13  7 40 20  -  6  - 15 24 35 57 14 38 55 41 25 36  1  4 29 34  - 43 44 39 28  - 12 52  - 16 48 31 53  - 51 10  3 59 32 50  2 18  -
 23 41 58 48 27 24  9 16 51 19 50 46 22  7  2  5 11 28 18 14 34  8 31  - 15  6 44 17 39 13 25 49 10 32 43  - 12  - 53  -  1  - 52 29 35  - 42  - 60 40  -  -  - 37 26 59 21 56 55 33
 22 32 28 13 11 23 45 41  - 14  -  - 18 59  3 33  1 52  - 50 51 25 56 48  - 30  -  - 19  - 29 34  9  8  5  4 42 57 15  -  -  2 35 58  7  - 17  - 24  - 10 12  - 55  -  - 60 40 20  -
 40  - 23 19 58 27 51 38 29  5 12  6 32 26  -  - 35 17 24  4 37 60 49  -  2 57 46 59 34 50 55  9 47  3 16 43 53  - 22  1 52 45 48 15 30 33  -  - 11 20  - 10 31 25  8  - 18 13 21 41
 56  -  - 46 42 38  4 60 13 12  2 49 54 34  5 37 20  -  3 25  9 16 28 36 23 29  8 27 31 32 40 18  - 30  - 50  - 10  - 15 24  6 41 17  - 35 19  - 43  7 48 21 22 52 57  -  1  - 44 53
 42 27 14 54 44 13 38  -  6  - 56 24 52 49 12 34 32 20 50 11  7  5 48  4 28 10 59 35 46 51 36  -  - 60 39 26 47 21  - 17 55 31  - 40 37 41 29 57 53 19 43  2  - 16  - 15 45 58 30 18
 24 25 46 42 10  - 54 19  1 30  -  -  -  - 58 59  - 16 37 60 20 48 39 26 56 32 23  -  - 17 53  -  5 21  7 52  - 51  -  4 31 49  2 41 36  -  -  - 33  8 27 35 43 11 15 50 13  -  6  -
 51  - 38 18  -  - 27 52  7 58 30 57 14 42 31 41 12  - 11 23 17 29 37  8 53 60 40  -  - 15 45  - 50  2 20 28  3 35  5 34 32 44 47 46 43  - 39 54 26  -  1  9  - 21 36 55  6  - 24  4
 28  - 44 29 57 21  6 20  -  - 39  8 58 16 22  -  - 49  - 34  - 32 36 53 43  5 42 15 14 35  1 30 45 10 27 24 25 52 46  7  9 51 54 33 23  -  4 56 12 38 11  - 50 47 13  -  - 19  - 37
 27 39  1 14 48 37 31 50 11 51 44 15  - 33  -  -  -  5 22 13  8  7  9 32  - 47 17 20 59  -  - 45 16 12 30 40 55 42 24  -  2 41 60 23 29  - 35 38 21 43 52 56 34 26  -  - 36 53  - 46
 26  3 53 56 33 15 20 23 22 34  -  - 29  5 39 10 46  6 57 58 11 18 41 52 40 45 37  - 44  -  7  2 28  9 14  8 59 50 16 24 51 21 17 31 25 43  - 30 48 13 38  4  - 49 60 36 27 42  1 32
  -  - 17 47  1 32  -  4 52 50  - 41 26 35 25 13 34 48  - 44 24 58  8 23  -  - 53 11 54 60  -  - 29 27 45 42 15 46  - 56  7 40 59 30 31 55 18 21 20 12 51  - 33 38 16 28 43 49  5  -
 12  - 21 27 43 20  - 40 32  - 41 13 50 25  -  - 51 35  9 42 31 47  7  5 46  - 58 10  -  - 60 36 34  4 24 19 39  - 37 53  - 26 55  - 44 15  -  2 45 18 54  - 49 17  - 48  -  - 11  -
  -  8 41  5 40  - 50 28 42  1  -  - 38  3  - 46 10  - 12 31 58 52 20 37 33  -  4  2 18 36 30 55 51 35 15 60 17 22 27  -  -  - 53 47 39  -  -  -  - 45  - 25 59  - 56 16  - 57 34 14
  -  -  - 60 39 54 26  1  - 43  -  - 28 21 10 20 16  - 14 59 13  - 52 44  -  - 51 18 30 40  2 24 42 55  - 48 35 33 56 41 12  9 34 49  - 47  8 58  - 29  6 15  -  - 46  3 17  - 45 31
 57  - 11  - 37 31  3 29 40 26 24 51  4 22 30  8 55  -  - 46  - 38 12  - 32 14  - 56 43 59 23 21 13 17 52 41  -  5  -  -  6 47  - 42 16  2 60 35 49 36 53 20 15  9 19  - 48 50  - 54
 55  - 34 38 14 58 10 47 56 54  5 42  6 51 37  3 36 44 13 29  4 19 35 28  - 15  - 32 53  9  - 57  2  -  8 49 52 25 31 18 22 20  - 60 11 45  - 23  7 24 16 33 39 40 43  -  - 17 59 48
 34  - 35 21  - 16 58 44 50 29 17 26 42 20 11  - 45  - 43 53 25  -  - 24  -  -  - 19  - 39 32 51 18 54  1 31  9 59 49 36 30  3  -  4 12  - 38  - 23 10 41 48 47 60  - 13 28  8 52 40
 31  -  -  8 15 48  2  -  3 24 20 10  - 40 18 38 23  - 41  6 54 30 42 50 49 36 43  9  - 25 56 60  1 47  - 11 26 19 39  -  -  - 29 59  - 17 52  - 32 57 46 44 53  4 45 22 12  5 16 55
  -  - 59 16 19 55  - 15 20 11 51  -  -  4 26 31  - 14 27  -  - 13  3  9 22  -  - 36 33 10  -  -  -  7 40  6  - 34 42  - 46  -  - 28  5 48  1 37  - 58 30 52 21  - 17  -  -  -  -  -
 14 26 31 11 38  - 43  - 35 46 54  3 10 52  -  - 18 29 39 21 22 53 30 51  - 58 27 23 49  -  - 13 15 28 47 32 60 36 40 20  -  - 57  8 56  -  2 33 59  1 55 24 16  7 12 19  - 48 41 34
 59 21 60 12 47 46 42 26  4  - 16 54 53 30  6 25 58  - 20 52 48  - 18  -  3 27 49 31 22  7  - 17  - 36  -  - 41  8  9  5 56 35  -  - 55 19 32 45  1  -  - 11  - 33 37 44  - 29 10  2
  2 60 48  6 29 34 18  3  -  7 40 58 19 12 59 53 42 22 32 41 47  -  - 14 50 52 10  - 24  - 33 20  -  - 46 45 28  4  -  -  - 30 37 57  - 23 44  9  5 55 26  1 56 36 35 25  8 54 15 27
 39 43 55  - 23 28 17 30  2 15 31  -  1  - 27 47 48 32 35  7 16 11 34 13 25 44 12 60 21 53  9 58 54 49 38 51 36  -  - 14 57 10 18  - 26  - 56 19 46 50 22  8 40  - 24 45  3  - 42 20
  8 11 27  2 49 47 41 56 19 28  -  7 33  1 51 52 53 30  6 40 18  - 17 35 34 20 45 22 23 14 57 39  4 43 12 54  -  -  - 58 25 60  -  9 15 42 24 16 38 44 21 36 46 29  - 37  5 31 32  3
 46 37 45 53 30 10 48  5 26  - 25  - 44 19 29 16 57 33 52 15 21 55 50 59  1 49  9 34  - 27 47 41 40 56 17  7 58 32  3 38 54 39  -  - 60 14  - 31 18  6 36 42  8 12  2 35 22 24 28 43
  -  - 30 28 50  -  - 31 14 47  3 18 13  - 24 35  8  9 33 22 59  - 25 21  -  -  - 58 17  2 48 52 23 51 56 37 19 43 45 40 15  1 12 20 34 32  5 49 36 60  -  - 44  - 55 11 39  4 27 29
 29 44 43 10  2 45 24 51 60 25 35 30 41 48 55  4 50 54 58 27  -  - 53 17  - 13 47 38 12  - 19 31  6  - 49 14 23 39  8 16  - 15 28 37 22 26 36 40  3 11 34 32 18  1 21  9  - 59  - 57
 44  6 54 43 41 12 52 34 10 38  - 59 31 24 56  2 37 21 15 39 28 17 29  -  - 48  - 49  -  1  4 26  3 22  - 35 46 55 30 23 50 16 32 27 57 40  7  8  -  - 13 45 14  - 33 18 47 20  - 60
  1 40  8 17 51 60 59 49 21  - 23 28 43 38 53  6 44 12 25 57 10 34 47 39 29  - 22 24  3 45 52 19 41 48 58 27  7 30 54 11  -  - 36 35  - 56 15  - 50  2 18 13  - 20  - 46 37 16 33  -
 36 45 49 37  - 25 34 17 53 27  6 38  5 60  - 32 21  -  7  - 12  3 40 42  - 33 19 57  9 29  - 22 59 11  - 58 20  - 50 52 44 48 30 54 14  - 13  - 15 28  8  -  2 39 47 24  - 51  - 56
  6  - 22 15  - 53 55 39 31  - 45  - 30 23 28 29 52  - 51  -  5 12 43  7 16 46 13 54 11 41 26  -  - 40  9 56  - 24 44 32 19 50 14 18 10  3 25 36 57  - 58 34 37 35  -  -  2 33 49 21
 17 29 25 57 34 52 37 45 36 13 14 27  7 53  - 48 43 31  8  - 41 22 46  2  6 40 32  - 15 20  - 50 11 33  - 23 38  - 60  - 18  4 44 39 47  5  - 51 55 54  - 28 58 19  1 30 24 35 26 49
