2880
  3  1  - 59  8  - 25 21 48  - 39 32  -  -  - 58 55 33  - 14  5 24 22  - 42 49  6 20 45 47 10 16 51 12  4  -  -  2  - 36 37 52  - 15 38  - 57 19  - 31  7 17 11 43 56  - 30  - 46 40
 18  7  3 13  1 32 35 10 20 44  - 56 12 25 57 33 49 45  -  - 60 27  -  - 31 39  - 54 58 42 11  - 16 43 53 55 40  4 52 15 14 19 59  2  - 30 24  8  - 29  -  -  - 26 46  - 23 37 22  9
 33 18 56 17  7 20  - 34 60 10 57  5 35  -  - 40 37 22  - 38  - 23 58 42 12 19 31 52 25 30 13  9  - 27 29 11 39 43 32  - 45 46 49  -  3  -  - 28 16  6 50  - 51  - 41 26 15 54 14  -
 28 11  - 20  - 56 47  - 18 59 22 21 40 12 44 14 34  - 43  - 46 45 33 15 58 10 13  -  -  -  3  8 48  - 16 35  1 29  -  -  - 37 50  - 24 27 42 49  - 38 30 26  - 41 23 60 51 52 31 25
 38 16  - 31 39 34 36  -  - 42  -  - 13 44  -  -  8 56  -  1 57 41 15 19 51 21 24 26 28 22  - 33  - 45 12 52  - 17 11 27 60  - 48 47  4 58 14  - 10 18  - 37 54 50  -  -  3 30  - 35
  7 37 47  2  3 29  - 39 54 24 19 18 46 32  - 17 10 20 53 34 48 28 11 57  6  5 50 49 13  -  - 30  1 23 55  4  8  - 16  - 15 31 60 25 26 45 38 43  - 44 33 40 21 12 42 22 59  - 27 14
  - 49 29  - 32  - 59 19 33 22 46 16 30 58 31  -  4  -  6 52  7  - 51  8  2 14 27 28 41  - 42 53 47 37 11 10  3 50  - 17 13 38 25 20 55 23 26  - 24 56 57 43  5 60 54  9 34  - 45 12
 58  3 34  - 42 37 51 59  9 56 12 14 38  -  8  - 52  7 25 16 50  5 21 45 24 36 35 44 31  - 18 11 26  - 54 17  -  -  - 30 40  -  - 43 15  2 13 20 53 47 55 29 22  - 28 10  - 33  4 60
 53 13 42 36 10  -  5 38  - 58 47 25 14  - 46  -  1 30  - 59 26 49 40 44 32 16 21 23  8 17 56 28 37 31  - 39 35 24 45  -  - 11 54 55  6 22  9  3 20  - 48 51  4 34 18 12  -  -  2 33
  - 39  -  9 21  - 52  8 12 13 23  -  - 45 11 30 44  5 18 53 34 25  7 46 57 40 36 38 54 50 58 59 20 28 60 19 49 27 55 22 26 42  -  - 47 24 29 10 41  2 56 14  6  3 15 48 17 32 37 31
 39 35 11 42 50  - 10 53 29 55  - 41 52 21  - 47 46  6 44 31 37 26 30 43 36 17 58  - 14  3 25 60  -  7 34 32 54 20  -  - 51 49 18 24  8 38 22 15  5  - 19  - 16 27 40  1  9 23 28  2
  -  6 35 23 15 31  - 58  - 57 30 29 21  - 16 36 25  -  - 22  - 40  - 47 52 33  -  - 56  2 39  - 38 10 59 18 51 49 14 11  - 32 53  7 41 48 44 46 50 60  -  1 13 54 17  -  -  - 43 20
 47 19  - 54  - 44  2  - 56 48 53 59 28 43  5  3 24  1  - 57  6  -  - 38 41 35  - 11 16 34 17 20 33  9 50 46 60 23 15  - 30 27 51 13 31 25  7 52 12 55 10  - 58 14  8 36 37 40 18 29
 30 46  -  6 45 58 20 43 59 29 55 26  5 10 35 21 11 44 31 23 27 37  9 33 13 34  7 32 60 48 19 22  2 14 49  - 36 39 40 38 56 54  3 50  1  - 16 42  - 41 51  4 53  - 24 57  - 25 47 18
 59 52 40 38 51 16  - 24 23 28  5  - 17 33 19  -  -  - 58  -  - 22 35  - 45 55 10  -  3 15 12 34  -  - 42 57 30 47  - 18  -  2 27 56  - 39 25  1 46  - 13  6  8 53 60 14 26  9 44 54
  - 28 46 25 52 10  3 16  2 53 60 42  7  - 27  - 47 38 23 32  8 31  - 30 33 43  4 29 40 14 26  - 55 35  9 59 24 36  -  - 49 13 37 41  -  - 58  5 22 17 34 15 20 39 12 45  6  1 51 50
 34 58  9  - 55 22 26 25 11 60  6 17 31 18 53 51 48 46  - 41  4  7 54 52 15  2 20  8 36 59  - 40 39  - 14  - 57  - 56 16  - 12  - 32 45 10  1 24 37 43 44  3 27  - 47 42 29 13 33 28
 60 59 55 26  - 21 34  6 43 30  - 52  -  3 29  -  -  4  - 58 11 15  -  - 48 57  - 17 24  - 44 31 27 38 47  1  2 28  - 45  -  5 42  9 23 18 41  - 39  -  - 36  7 33 14  8 56  - 19 10
 42 15 44 22 37  2 54  - 38 27  1  8 41 30 50  7 60  - 26 29 51  - 46  6 47 18 43  - 33  -  - 52  -  3 31 14  -  -  - 35 32 28 55 53 16 19  - 56  4  - 39 49 57 25 13 59 10  - 40 36
  4  5  - 21 48 33 22 14  - 35 17  3 24 39  - 23  2  - 12  - 38  -  6 54 11 45  - 13 15 28 37 27 53 26 19 40 10 42 41 57  -  8 47 18  - 34 30 60 49 16 52  - 56 36 43  -  1 20 58 59
 16 36 60 35 53 50 56 41  -  7 40 47 55 57 58 27 54 25  3  - 15 46 31 21 29 32 19 33 12 20 49 39  - 59 24 13 52 26 48 28 38  6 17 22 37  - 43 14  - 51  5  - 34  -  1  2 45  - 30  -
 23  -  5 53 20  3  4 54 39 47  -  - 50  - 45 19  9 60 33 24  - 14 37  - 56 15 22 35  - 12 28 10 43 51 17 49  -  1  7 41 27 57 44  - 42 55  - 31  8 30 21  - 48 32 29 11 36 18  -  6
 14 29 45 28 41 35  1 11  -  - 31 15  - 16 23  4  - 10 60 26  - 47 18 40 53 20  - 56 22 57 59 17 44 46 36 24 50 55 27 33  -  -  2  -  5 13 32  -  -  7  - 54 19 37  -  -  - 34  8 43
 22 41 27 11  -  - 30  - 46 19 51  - 33  - 48 18 26 43  - 55 47 10 28  - 59 23 32 60  1  5 31  - 34 58  3  6 12 25  -  -  - 14 24  8 53  - 20  4 57  - 45 38 15 35 39 44 52 16 50 49
  -  -  4 34 43 30  - 47 45 17  7 22 18  -  -  - 12 23 48 60 20  -  1 59 26 51 11 50 19 55 24  2 57 36  6 38 53  - 37 21  - 15 52 28 27 49  - 54 42  8 35  - 14 40 32  -  5 56 13  -
 51 42 33 19 40  -  - 17 37  5 34  1 58 22 15  - 43 21  8 54 35 39 12  - 30 53 25 59 10 31  - 44 36 18  -  9 26  -  -  -  -  7  -  - 20  3 45 32  - 24 27 50  -  6 57 46  - 49  - 47
 31 44 24 45 57 51  - 32  - 49  - 23 26 48 12 16 53 40  1 35 41 30 13  -  - 37 28 46 50 60  7 42 17 56 22  5 11 33 10 43  2 18  -  - 25  - 27  - 14  4  - 58 52 47  - 55  - 36 29 15
 48 56  8 29 59 12  - 50  - 45  4 36  - 46 55 60 14 37 49 13 21 20 24 35 27  9  -  2 39 38 16  1  - 41  5 44  6  - 22  -  - 47  7  3 40 32  - 11 28 58 26  -  - 19 51 15  - 42 23 30
  -  - 18 57 26 24 12 56 10 20  -  6 29 41  4 52 45 58  -  8 43  -  - 22  9  3  - 40  - 37 34 14 42  - 28 36 25 19 38 47  -  1  - 27 49 50 39  2  7 35  - 60 31 13 11 17 54 15 53 55
 50 10 48 24 34 54  -  - 57 39 49 35 51 19 41 44 38 12 21  5  -  -  4 16 20 28 23 25  -  - 53 26  -  - 43 42 31  -  2 13 47  9  6 14 56 52 60  - 29  - 17 30 40 58 22 33 55 27 36 45
 32 53  - 51 17  - 13  - 22  - 27 28 25 37 36 55 42  - 11 15  - 34 50  -  - 38 48  3  - 41 57 35 58 30 44 20 59 10 47 40  -  - 31 23 43 54  - 45 33  - 60  -  9 29 16  4  - 19 12  -
 40 55 49 16 58  - 48 26  - 37 20 57  9 56 24 54 31 50  - 42 22 52 41  - 17  6 14  - 21  - 45 32 46 15 33 51 23 34 29  - 43 60 19 36 30 12  - 35  - 27  2 39 47  8  7 28 25  -  3  -
 45 14  -  - 28 13 50 49  - 54 38  - 56  -  7 15  3  - 57  - 53 19 48 32 60  8 40 41  -  - 46 43 24  - 10 33 42 52 35  1 23 58 36  - 44 37  -  6  -  -  - 16 59  5 21 20 31  4 34 27
  - 50 15 47 44  - 27 29 53 40 52 20  8  5 38 12 13 57  -  7 33  1  - 28 16 48  -  9 35 36  - 21 11 22  - 58 55 54  4 46  6 51 32 45 10 26  - 34  - 49 14 24 41  - 25  -  - 60  - 42
 25 24 22 33  -  6 15  -  1 11  9  -  - 47 54 26  7 59 41 44 16 55 52 50 10 46 57  - 51 53 27 49 29  4 58 12 56 13 31  - 34  3 40 17  - 42 28 30 43 19  - 20 39 23 45 38  -  - 35 37
 27 12 50  - 19 25 11 40 42 43  2 30  - 38  - 56 23 35 55  - 10 13 60 41 44  - 29 34  - 39 20 46  -  - 51 21  9  -  - 59 33 16  - 31  - 47  5 22 18  - 58 53 36  -  6  -  -  3  - 52
  5  - 54 44 30 59 45 60  7 14  - 55 39  9 51 42 57  - 37  -  -  6 20 27 43  1  2 15  - 25 32 18 19 52  8  - 21 58 13 24 53 17  -  - 50 28 49  - 40 23 41 12 35 10 38 16 47  - 11  3
 36 54 58 27 46 40  - 28 15 23 41 44 49 13 10 31 32 51 22 48 12  - 14 17  3  4 16 18 38  8 55  -  -  1 45 29 47 30 25 60  - 24  -  6  -  - 19  - 26 34  - 56 37  - 53 52 33 39 21  5
 35 27 13  -  2 60 29  -  -  - 11 58 32 14 52  - 40 48 42  - 30  4 17  7 54 25  3  - 59 33  -  - 10 44 20  -  - 12  - 49  - 43 57 21 18  -  8 55  - 28 23 22 50 31 26 37 39 47 24 38
 26 22 21 14 38 46 32 52 55 16  -  - 43  -  - 35 59 24 27 50 28 36 34 60  7  -  -  - 20 51  - 58 54 40 39  2 45 18  6 12 25  -  4 49  9 31 23 13 30 53  - 57 29 48 37  - 11 17 15 41
 10  9 23  -  -  8  -  -  4  6 18 13 42 28 59 46  5 34 29 37 32 57 43 11  -  7  - 58 49  - 22 25  - 47  - 16 38 48 30  3 24 26 14  - 17 41  2 36 54 40 31 19  - 21 35 39 53 55 52 51
 41 43 28 46  9 23 14  7 58  - 37  -  - 51 20 24 15  -  - 49 18 53  3  5  4 44 52 10  - 45 60 47  - 17 57 27 48  6  1 39  - 59  - 35 11 29 56 16 34 25  - 31 26 42 33 30 32  8 38 21
  - 17 20  3 60 55 37  4 52 21 58 38 53 34  - 22 33 27 45 39  - 35  5 49 46 13 15 51 44  9 41  - 40  -  2 25 14 56 36 31 42 30  1 48  -  - 11 47  -  -  - 10 18  7 59 50  8  -  - 26
  -  -  - 55  - 53 16  1  6 33 15 49 22 20 14 41 18 29 51 12 58  2 10  9 37 52  8 36 30 32 43  -  5 34  7 28 17  - 60 50  3 45 56 59 13 57  - 25 47 39 54 35 42 44 27  - 46 48 26  -
  - 57  2  1 31 47 53 33 41 12  - 48  - 26 28  - 21  -  -  3 19 44 36 20  8 60 42 22 37  - 14 45 35  6  - 50  7 51  5 52 55 23 30  4 54 40 15  - 58 32 18 46 25 56 49 27 24 11 59 34
  6  - 52  7 33  5 49 57 35 46 24 11  - 36 43  9 19 47 28 25 17 32  - 10  -  - 12  -  2 16  8 37 18 20 26  -  - 40  3 23 41 50  -  1 59  - 54 38 44 48  - 27 45 30 31 53  - 21 39 13
 54 47 43  4 11  9  - 31 49  - 25 46 45 15 26 28 22 42 13 33 55  - 32  -  - 58  - 21 34 27 40 50  6 53  - 30 37 44 17  8  - 20 38  5 39  1 35 57 48 14  - 52  2 51  - 29 12  -  7 19
  - 60  - 52 47 42  9 22  -  - 48  - 10 49 17 32 27  3  7  - 24  -  2 55 38 31 34 37 23  - 29 15 12 16 41 54 18  8 57  -  - 25 39 30  -  6 51 53 36 46 40  - 33 11  5 58 44  -  -  4
 19 21  - 10 56 45 44  - 26 51 28 43 23  2  6  8  - 14  5 20 54  3 16 34  - 27 18  7  9  - 47 38  - 50 25 37 13 15 24  - 46 55 41 40 57 33 53 12 52 42 49 11 60 17 48 31 58 59  1 22
 13 33 57 40 49 19  8  2 16 31  3 27 54 35 47 20  - 32 56  - 42 38 26 37 28  -  - 53  - 21 30  6 59 29 48  7  4  - 43 14 11 36  - 58  -  -  - 41 45  9 15 25  -  - 34 24 60 44 10  -
  - 48 38 12 29 41  - 35 30 32 16 50 15 52  1  5 58 53  - 10 13 17 39 31 25  - 33 27  7 49 23  - 14 60 21 47 43 46 20 37  - 40 26 11 34  4 36 18 56  3  6 55 44 28  - 54  - 45  - 24
  8  2 37 48  5  -  -  - 27  -  -  - 11 24 22  1 30 18 20  4 59  - 47 14 23 26 54 39  - 46  6 41 49 21  - 15 44 45  - 55 17 33  9 19 12 51  -  - 31 10 25 28  - 16 50 35 40 29  - 32
  2 30 41 43  - 15 17 36 50 18 10  -  6  - 60 37 20  - 54 51  -  8 29 53 39 12  - 24 57 35  4 23 21 42  - 56  - 11 59 58  1 22 13 34  7 46 48 44  -  - 47  - 55 45 52  3 27 28  5 16
 52 31  -  5 35 49 28  -  -  2 42 12 47 17  - 53 50 41 14  -  3  - 59  - 40 24 30  - 32 56 15 55 25 57 38  - 33 37  -  9 18 34 58 54 21  8  4 48 11  - 16 45 46 20 10  6 13  - 60 23
 49  8 32 50  - 43 39 48  -  9  -  - 20 53 40 34 29  - 52 56 44 58  -  -  1 11 55  5  - 24 38  3  - 33 18 45 15 59  - 10 57  4 21 37 60 35 47 23 25 13 22  7  -  2 36 19  - 46 54  -
 15 26 51 41 12 27 23 37  -  - 56 40 59  6  - 38 36  - 16 28  - 42 53 25 34 29  1 47 18  - 21 24 13  2 32 31 22 14 58 20  4 35 10  - 33 60 50 39  -  5 11  -  3 46 44 49  7 43  9 57
 57 20 10 49 36 17  - 44 47 25 35  -  - 23  2 11 28 16 59 45  - 48  8  -  -  - 60  -  -  - 51  -  7 13 37  3  - 21 53  - 31 41 22 29 58 15  6  -  - 52 12  5 24 38  - 18  - 26 32 46
 11 32  1  - 14 48  - 15 13  4 21 24 44  - 34 25  -  - 47 27 40 54 45 39 19  -  - 31 17 18  - 36  -  5 35 26  -  3 49  - 59 10 28 60 22  - 52 51  2 57 42 23 43  9  - 56  - 12 55  7
  - 45 14 58 24 38  - 18  - 15 44  2 48  7  3  -  - 36 32  9  - 12 57 26 55  -  - 30  6 11  - 13 50 25  1 60  - 35 28 34 39 29 20 51 52 43  - 27 59  - 37 41 23 22  -  - 19 53 16  8
 20 34 30 60 54 28  - 12  - 38 14 33  -  4 42 59 17 39 36 40 25 56 23  2  5 22 53  6 11 13 50 57  3 55 46 43 32 41  8  - 52 44 16  - 51  7  -  -  - 45  1 18 49 15  9 47 35 31 48  -
