2880
  - 18 49 32 19 41 26 54 44  3  6 13 42  2 20 50 48 27 51 40 24  9  -  7  - 22 31 39 30 14 59  - 10 28 34 21  - 23 46 33  8  1 53 55 52 45 47 12 58 57  -  5 11 17 38 29 35 43 15 16
 20  - 10 27 40 38 15 25  3 41  5 43  7  -  -  -  - 29 12 28 34 32 52 51  - 17 22  2  -  - 42 54 55 26 60 47 11 59  9 48 23 21 39 57 37 49 16  1 33  - 45 19 13  6  - 35 44 53  - 58
 24 29 48 18  - 30  -  1 20 52  - 22 21  - 40  - 28  - 57 59 43 41 14 32 10 36  2 53 50  5 49 17 60 31  - 38 45 26 25 46 27 35 47  - 54  - 12  -  8  - 39  - 33 58 56 13 42 11  6  -
 10 32  - 41 28  5 44 53 56 42  7 36 29 19 35  -  - 31 22  -  4 37  - 20 46 30 39 45 47 13 25 33  -  -  8 57 24 21 26  3 51 17  - 54 15  - 14  6  - 12  - 60  - 34 27 48  - 38  -  -
  -  - 58  9  - 51 14 13  4 24 29  1 49 52 44 42 23 57 31 46  -  - 35 22 28 33  7 26 32 16  - 47  - 20 19 10 39 54  -  6 48 60 43 38 34 25 56 37  - 45  - 17 12 41  - 27  8  - 40 59
 59 58 33 31  - 42 55 29  2 22  -  -  - 38  - 51  4 14  - 43 53 54 19  - 24  - 17  7  - 23 47  9  5  - 49  6 13  -  8 37  1 26 18  -  -  - 52 28 48  - 12 11  - 36  - 50 30  - 44 10
  1 22 38 34 46  - 19 27 58 21 10 57  - 29 49 41 35 12 33 31  2 20  8 16  -  - 40  - 11  3 23 14 43 37  - 60 18 17  -  - 28 48 26  - 50  -  -  -  6 53  - 30  5 39 42 47 36 24 55  4
 21 42  - 10 26  2 13  - 23 34 48 52  - 40 31 29 27 25  -  - 11 24 43 39 15 12  3 38  6  9 54 56 19 22  1 53  7 35 20 59  4 47  8  -  - 17  5 51 57 28  - 32  - 37 30 60 58 46  - 49
 49 28  - 25 31 29 40  -  -  -  1 46  -  8 15  -  -  4  - 23 21 58  - 43 12 19 26 35 24 11 17 53 48  6 37 22  - 18 33 38 52 32 57 41  - 42  -  7  5 51 54 36 55  - 20  -  9 27 34  2
 43  - 60 37  - 34 35 10 53  - 59 32  5  - 39  4 47 18 41 11  1 12 49  - 58 29  -  9 13  - 50 30 21 17 51  - 54 22 16  -  - 42 46 44 20 38 57  3  - 31 15 45 14 52 33 55 26  8 48  -
 33 27 51 21 49  - 24  9 37 23 25 15 52 41 17 22 60  - 54 38 45 40  -  4 55 20 11  3  - 53 14 43 58 16 39  1 44 50 35 18  - 36 31 12 30 48  - 56 42 29 13 57 28  5 19  6  2  7 47  8
  - 52 37 26 21 10 43 45 25 40 31  - 36 42  - 18 32 39 38 54 33  2 41  -  - 56 12  5 49 17  - 16 51 60 28 29 50  - 11 44 57  4  1 35  -  -  8 30 34  3 22 58 53 55 23 59  6 19  9 24
 29  3 46 54 16 17 28  - 18 14  -  8 55 13 37 33 42  -  - 21 60 39 23  - 59 35  9 52 48  4  2  - 40 45 41 30 31  7  6 10 53 20 24 49  5  -  -  - 19 44 51 34 15 11 22 36  1  - 43 25
 22  - 43 49 48 52 20  - 17 26 39 56 47 15 10 38 54 33 28 37  -  - 27 57 19 11  - 24 55 46 58 44 29 18 59 13  -  -  2  -  7 50  4 53 25  - 40  - 14 60  1  -  -  - 16  - 34  - 30 23
 31  6 34 44 55 56  - 43 48  -  -  9 51 12 29 20 25  - 40 13 58 11  -  - 45 14  8  - 41 42 21 23 16 57  2 18 19  -  - 53 49 27 50  - 10 33  7 38 17  5 46 15 39 30 24 22 37 52  3  -
  - 14  -  -  - 60 41  - 57  -  2 55  - 47 46 37  -  - 21  9 39 30  1 17  - 50 24 10  - 19  - 31  7  - 52  - 34 38 42 20 33 49  - 27  -  -  3 25  -  - 18  8 51 22  - 32 54 56  5 28
 16 47  5  2 35 43 51 20  - 27 30 33  -  6  - 10 45 54 55 39  8 56 42 58  1 53 60  - 34 36 12  4 32 48  - 40 57 37 59 15 11  - 17  - 31 44  -  -  - 38  3  - 49 26 52 19 28 41 23 18
 56 31 30 60 11  1 27  - 52  - 42 19 37 35  - 49  - 55  -  8 41 33 48 25 54 47 51  4  -  - 22 50 14  9  - 28 36 10  - 45  2 12  6 32  - 15 46 53 18 20  - 43 26 44 29 24 59 40 16  7
 53  - 56 20 17  3  - 15 50 29 37 40 11  -  4  8 22  5  7 33 51 42 57 41 18 32 43 31 44 30 24 27 47  - 55 25  - 49 54 26  - 39 28 48 35 52 45 16 36 23  2  - 21 12  6  1 46 34 14  -
  - 19  - 40  - 25  - 55 11 10 47 51 41 33  - 12 43 52 34  - 38 50 17  - 57 15  - 48 14 59  1  3  - 23  - 49  6  - 27  7  - 28 42 56  - 54 53  - 29 13  4  -  - 21 35  5 16 37 22 26
 34  4 50  1 25 28 42  5  - 39 52 49 60 31 23 30  -  -  -  3 32 17 15 26 21 58 55 51  2 41 35  - 22 54 48 46 27 44 14 12  - 13 33 37  -  8  - 11  -  7 29  - 16 40 36  -  - 47 56 53
 14 43  - 23 38  6  - 48 21  1 12 39 10 30 16 25 17 32  4 20 55  8 59  5 60 26 46 49 28 44 45 51 37 56 22 15 35  -  - 19 54  - 40  -  2 13 36 34 50 47 42 18 24  -  - 41  - 57 58 31
 17  -  9 43  -  - 45 40  5 37 33 11 14  - 36 26 20  2 29  - 28 34 24 50  - 52 57 25 53 60  3 55  4  - 35 32 15 12 38 21  - 16 23 13  - 41 30 10 31  8 27  6  - 42 47  7 49 48 54 46
  -  - 19 42  - 31 50 41  7 35 36 30 32 48  6 14  9 17  5 47 52  -  3  -  - 23 53 40 15  -  -  - 38  - 21 56  2 57 39 24 44 55 10 58 43  1 49 27 12 18  - 54  - 29 11 45 33 60  - 22
 13 55 31 22  - 57  3 42 40 49 21  7  9  1 54 28 52 50  6  5 37 48 39  - 25  - 35 36 17 12 46 15  - 29 45 16 51 20 23 27 30 44  2 11  - 14  -  4  - 33 19 47 38  -  - 56  -  - 10 41
  6 17 22 12  - 40  -  7 31  - 41 53  1 25 47 55  5  9 30 14 15 49  - 18 43 42 44 32 38 37 48 59  -  2 58  -  8 33 34 29  3 11 27  -  -  -  4 20 51 19 28 16 23 45 60  -  - 13 35 21
 15 25 27 53 58 49 57 38 43 47  -  -  3 50 24 39 34 23  -  -  9 31 37  8 51 44 14  6 54  2 56  - 11 33 26 59  - 28 36  - 18  7  -  5  - 21  1 45 55 42 35  4 22  - 48 30  - 17  - 29
 50 33 53  - 57 44 48 35  1 38 40  3  6  -  8 15  7 10 25 27 14  - 13 36 41 45 42 46  - 32 43 18 39 21  -  - 60 56 12  9 29  5 52  2 55  - 22  - 28 34 47 20 54  - 59 37  - 51 26  -
 48  - 24 29 59 39 47  - 33 55 32 58 38  4  -  9 14 46 20 26 31  -  6 27 53 13 28 17 42 35 34 25 15 10 12 23 16 52 56  2 21  8 44 36  7 57 11 50  3 30 49 22 19 54 37 40 18  -  - 45
  -  -  - 17 43 24 36  4  - 48 38 16 54 57 19 46 56 41  1  2  3  - 29 60 14 21  - 47  7 55 13 42 27 35  - 51 49  - 50 32 37  - 30  -  6 58 31 18  9 39 26 40 10 33  - 12  - 20 45 44
  3 39 57 38 22 26 11  - 45 59 24 42 43 60  - 32  1 53  8 10 35 46 36  6 16  9 58 18  -  - 37  - 41 50 54 27 14 13  -  - 56 34 15 25 12 23  -  2  - 21  7 33  - 20 44  - 51  - 19 48
  - 49 52  -  -  7 56 47 36  - 54 10 28 22 48 40 26  -  - 53 42  -  - 24  2 57  - 21 19 31  4  - 46  1 18 34 29  - 15 58 20 43 60  8  - 12 33 55  -  9 23  - 17  3  5 44 41 45 38  -
 28  - 42 14 54 35 16 49 34 32  - 18  - 43 45  2 55 19  - 60 23 47  7  - 17 46  - 15 10 27 53 21 52  -  6 39 41  -  1  -  - 37 11 33 26 31 51  - 44 24  - 50 48 57 25  -  3 30 13 56
 11  - 54  3 36 22  - 24 12  4  8 47 33 39  -  6 40 26 60 41 20  1  -  - 34 28 27 16  - 57 31 45 49 30  - 52  -  - 37 55  - 56 48 21  -  - 35 32 46 17  -  -  7  - 13  2 19 15  - 42
 55 26  -  -  5 47  - 37 24 57  9 54  - 14  2 11  -  1 32 30 27  3  - 19 42 60 41  - 20 33  - 13 18  8  -  7 56  - 58 16 17  - 38 51  - 22 28 35 52 36 10 44 31 43 49 25 45 59 29  -
 26 54  2  -  9 45  - 33 42 17 53 41 18  - 57  - 59 16  - 12 22 13 32 14 49  7 21 43 52 48  - 11 36 47  - 37 10  8 29 51 58 30  5 28 38  6  - 31 24 56 34  -  -  1 39 23  -  4 27 55
  -  -  - 59  7 36 38 11 27 18  - 28 23 55 41 60 12  - 56 50  -  - 20 10  -  2  - 37 51 47 32  1 53 24 46  8 17 40 19 34 25 33 58 31 29  -  6 13 45 48  9 39  - 15 26  -  - 14 52  5
  -  7  3 57 47 12 46 39  - 51  -  - 30 18 34  5 31 28 26 55 25 14  - 13 29 41 10 11 27  8  9 20 23  -  - 24  -  -  -  - 59 19  -  6  - 50 60 21 38 32  -  - 58 49  1 52 17  -  - 36
  -  5  -  8 33 27  2  - 51  7  - 35 12 16  9 57 53 40 48 58 17 43 38 55 50  -  4 19 31 39 18 41 13 25 47 11  - 34  - 56 45 29 14  - 42  3 21 23 32 49 30 26 20 59  - 28 15 10  - 54
 32 48 23 30  - 53 39 60 16 12 19 29 26  -  1  3 49  - 10 42 13 45 11 33 27 18  5 34 21 58 40  8 17 15 38 35  -  2 44  4 36 54 22 43  - 55  - 59 56 50 24 46 47  - 14 20  - 31 41  9
 45 12 25  - 56 20 49  3  -  -  - 59 27  7 58 53  - 35 15 19  - 57  5  2 23  1 52  - 60 54 33 29  6 44 43 55 26 14 31 30 39 18 34 40 47 24 41  - 10  -  8  - 42  - 17  - 50  - 11 32
 18  -  - 36  6 14  7  - 15 20 45 17 48  - 11  1  2  - 47 24 46 60 58 21  4 39 56 55 26 43 10 49 50 40 27 31 22  -  5 35 42 38 29  - 23 53  - 54 16 52 59 12 25 51  - 57 13  - 33  3
 38 24  4  - 42 50 58 26 14  -  -  5 19  - 53 56 46 48 44 25 59  -  - 52 39 16  - 54  9 49 29 37 20 43  - 33  -  - 21 11  - 22  - 17 27  -  2 41 13 35 40  - 45 10  - 31 60  3  8  -
 47 10 59 52  - 32  - 57  6 53 55 48 34 46 25 17 36  - 43  - 40 19 16  3  - 24  -  -  - 22 28 26  8 27 44 20 42 30 41 13 50 31 21 39  - 60 58 15  2 37 33 56  9 35  - 14 11 54  7  1
  2 20 13  5  - 48 25 18  - 31  3 26  8  - 42 59 51 58 17  - 49  -  4 35 37 34 15  1 22 10 27 38 44  7  -  - 23 45 32  - 60 53 16 47  - 46  - 40 11  6 21 29 30 56 50  -  - 28 12 39
  -  9 45  - 15  4  - 28  8  - 50 38 35 53  - 43 13 22 19  7 48 21 40 31 47  - 16 44 25  6  -  - 57 14 20 36  3 42 18  - 41 23 12 30 39  - 10 17 37 59 32 52  1 24 58 54  5 33 51  -
 39 23  -  -  8 16 12  - 41  - 17 50  - 34  5 35 24  - 14 48  -  - 45 44 11  3  - 13 37 29 52 19 33 58 15  4 25  1  - 22 38 10 59  9 51  - 55 60 54 40  - 31 56  2 43 26 53 42  - 27
  8 46 26  - 50  9 17 22 39  - 35 12 24 21  - 34 38  7  - 15  6 28 18 37 32 31  - 14 36 25  - 58 45 41 10 19  5  - 57  - 16 59 20 29 49 56 48 52 30 11 44 27  - 60  - 51 23  2 53 47
 12 15  6 35 24  - 30  -  -  2 16 23 57  3  - 13 11 20 36 18 10 38 44  -  -  - 47 33  - 56  - 40 34 51  - 17  1 19 48 28 46 45 55  7 22  9 27  - 41 25 58  -  -  - 21  4 31 50 42 43
  - 37 35  - 32  - 22 21 26 33 14  - 17 59  - 48 50 49  - 34 19  7  - 40 52  - 25 12 18 24 57 28 56 38  4  - 58  3  -  1 31  - 54 20  -  - 23  - 53 15 41 55  - 27  - 43 39  6 36 11
 19 38 32 58 23 33  1  - 29 50 34 21  - 49 18 31 41 43  - 45  - 10 25 12  5 55 48  - 59  7 30 36  3  - 57 42 28 11 53 60 35  2 51 15  8 26  -  - 40  -  - 24  6  9  4 39 27 44 37 52
 23  -  1 39 53 11 32 12  -  - 13  4 16  5 60 44  - 42  - 17  7 52 22 15 33 48 34 57 45  - 36  - 31  3  9 41 59  -  - 50 47  6 37 18 58 28 43 29 25 54 56 51 27 19  2 38 20  - 21 14
  -  2 44 48  1 19 59 58 30 46 23 25 31 10 50 54 18 13 52  -  - 29 21  - 35  4 37  8 33 34 20  - 28  5 40  3  - 47 45  -  - 51 56 22 53 27  9  - 49 26 60 41 36  7  - 15 12 39 17 38
 27  1 20 45  - 37  6  8  - 19 11 14  -  9 59 21 58 38 53 29 56 15 31 54  - 43 30  - 35 51  - 22 25 12 24 48  -  5 10 23 26  3 32  - 44  2 42 36  - 46  -  7 34  4  - 18  - 49 28 17
  9 13 47  - 41 21  - 46 10  - 18 34 40 11  - 16 30  -  - 35 54 23 33 56  7 38 50 22 12  1 19 24 59 32 25  5 55 58 51 14 15 57 49 42  - 36 20  8 60  - 31 28  - 48  3 53 52  - 39 37
 54 11  - 33 44  -  -  -  -  8 15 31  -  - 14  7  3 45 37  4  -  - 53 34 22 51  - 42 43 50 38 10  2 52  - 12 32 60 40 17  6 58 19 26 28 30 39 57  1 41  - 23 46  -  9  - 48 25 24 20
 58 16  - 24 30  - 18 17 54 11 22  6  2  -  7  - 33 60 23  - 29 27 28  -  - 49 38 20  1 26 41  - 12 59  - 14 53  -  -  - 13 40 25  - 21  - 44 43 47 10 48  3  -  -  8 34  4  9 31 57
 60 57 55 19 29 13 31  2 32 54 28 37 58 26 22 36 15 47 39  1 30 44 50  -  6  -  - 27 56  -  8  7  -  - 17  -  -  - 24 40 34 25  3 16 41  -  - 42 59 43 38 48 52 46 51  - 14  5 49 33
  4 36  - 55 34 18 37  6 47 16 43  2 22  - 12 27 29 15 49  - 26 53 54  - 31  - 20 58  3 45  7  - 42 11  5 50 46 24 60 39  9 41 35 10 48 19 13 33  -  1 14 38 57 25 32  - 56 23  - 51
  - 53 12  -  3  -  -  -  - 58  4  - 39 32 27 45  - 11 35 56 50 25 46  -  -  - 33 30 29 15 51 48 54 55 42  9 20  - 28 43 22 14  7 59  -  - 34  5 26  2  6 49 44  - 18  - 21 36 57 60
