2880
  - 22  - 30 36 50 25  - 11 23 33 44  - 56  -  - 46 49 20 48 45  8 51  3 14 59 53 13  -  -  - 18  5 55  6 15 41 42 60  - 31 21  7  - 19 29 37 38 26  1 10  -  2 34 58 40 27 17 47 32
 59  9 52 28 43  - 57 35 27  6 21  - 11 44  -  - 40  - 55 18 19  - 37  1 15 16  - 51 33 12 14 54 38 49 42 24 25 20  -  - 53  4  5 60 48 10 26  -  -  3 56  2 36  7 31 23  8 13  - 50
  -  - 49 36 44 54  3  - 39  5 45 26 51 38 43 12 52 28 21  -  - 59 32  6 50 46 34 23  - 20 55 42  - 41 13 58  - 29 40  - 33 10  2 30 17  -  - 11 14  - 53 24 27 15  4  - 16 31 18 22
 10 50 15 33 59  -  1 58  - 22 18 42  - 31  -  7 41 14 24 34 27 53  8  4 35 49 38 56 20 47 19  - 37 13 46 26 60  3 57 51 32 30  - 52  2 11 16 29  - 44  -  -  -  - 43 45  6 54 40 48
 54  2 19 11  - 30 43  - 17 44 15 28 37 60 39 29 12  -  5  4  1 34 18 47  9 45  - 10 23 46 21 22 57  -  -  -  - 33 16  -  - 38  - 51 13 48  7  - 41  - 42 50 31  -  8 24  - 26 55 27
 12  4 59 17 20 45 60 19 50  9 39 22 30 47  - 11 53 46 25  -  - 33 55  - 54  1 28  5 26  3  8 56  6 37  2 49  -  - 35 24 21 52 44 27 23  - 10 40 32  - 48 38 51 43  - 29 15 58 13  -
 30 58  - 37 25  - 16 11  6 18  8  4 41  5 19 39 20  2 28  3 36 60 54  - 43 33  -  -  - 24  - 50  - 52 10 14 59 40 31 53 45 48 27 55 51 47 57  7 17 35 46 13 12  - 34 56 23 49 42 38
  1 44  -  - 26 60 49 13 37 46 40  - 33  - 52 30 19  - 58 41 16  4 31 23 10 48 11 22 12 42  - 35 54 50 32 47 56 21  - 36  2 20  - 43 59 25 28 34 45  -  3  - 18  - 15 55 38 24  7  8
  6 46 45 39  -  - 11  - 28  - 47  - 49 42 16 25 32 22  4  - 51 48 52 35  - 23 26  - 15 31 56  -  - 36 38 34 40 12  - 60  -  1 30  2 53 57 18 10  -  - 58  9 43  -  - 54 29  - 20 59
 50 26  - 15  - 21  - 42 36 28 27 24 48 17  - 23  9  - 43 16 38  -  - 57 33 12 10 47 51  - 11  - 32 22 18 60  3 14 45 29 25  8  - 20 55 44 58 46  -  5 49  - 54 19  7 30 53  2 52 39
 26  1 50 16 38  5  6 49 52 42 34 35  -  7  - 18 47 56 33  - 53 41 10 21 19 31  2  8 14  - 58  - 51 23  3 17 22  - 37 45 28 36 57 40 11 43  - 59  - 20  - 39 60  -  -  -  - 46 48 54
  -  8 41 29 31 48 36 33 10 20 49  - 28 59 55 43  3  - 30  - 47  - 16  - 58  - 56  -  - 60 15  - 27  1 57 21 26 32 42 25  5 45 50 53 39 13  - 44 51  7 34 22 23  - 37  9 19  6 35  2
  - 54  4 57 16 52 35  6  3 13 19 27  - 21 10  - 56 38 42 39 43 23 15  -  5  -  -  - 45 53 44 26  2 17  -  - 28 41 47 48 29 14  -  1  - 58 32 24 22 36 25 20 40 55  9 33 11 60  8  -
 36  - 51 27  6 47  7 25 46 11 59  -  2 10 21 19  4 41 34  1 60  - 35 54 48 50 24 38 49  - 23 39  - 44 17 28 43  5  - 15 58 56  - 33 22 14 31  9 55 13  - 26 57 18 40 42 30  - 53  -
 28 15 55  2  1 29 18 10 23  - 36  -  5 32 25 17  -  - 38 44 39 21  -  - 11 52  - 20 37  -  -  8 35 24 45  3  -  9 43  - 57 41 40 19 27  4  -  -  -  - 12 47 22 59 46  - 51 34 54 58
 33 23 53 10 51  - 31 20 14  7  -  3 17 36 49 27 18 47 26 15 42  -  - 48 57  - 50 35 30 41 13  2 46 43 44 54 45  8 25 58  4 40 38 11 60 16 22  - 34 39  -  1 32  6 59  5 21  9 56 24
 29  - 13  -  - 31  - 54 15  2 51  - 40 50 18 35 37 26  8 55 23 56 25 22  -  - 14 33  7 39  -  -  3  9 53 19  4 43  - 34 60  5 46 17  - 21  -  1  - 11  6 10 52 20 45 49  - 42 24  -
  - 18 54  7 46 35  - 32  - 39  4 21  - 48  2  3 44  5 47  - 24  9 40 12 41 11 52 42  -  1 30 58 29 56 14  6 38 36  - 13  8  - 33 57  - 20 51 43 50 19 26 37 45 31 10  - 17 15  -  -
 14 34 47 40 30 17 21 26  - 59  -  - 60 28 53 54 16 29 22 35 57  -  - 25  -  3 41  -  - 15 33 24 45 12 31 51 49 52  4 39 13 42 55 36  6 32  5 27  7 38 11 23 10  -  1 58  - 48  2 19
 52  - 16  1  - 39 46  2 35 14 10  -  -  - 56 50 38 23 29 36 15  - 43 33 45  - 51 41 44  -  - 19 34  7  9 32 53 22 26  6 37 54 48  8 31 27 12 49 18 25  4 21  - 42  5 20  -  3 30 55
 57  - 17 32  -  2  5 15  -  - 12 51 29  -  9  4 48 43 40 31 18 16 11  - 36  - 25  -  8  -  6 27 50  -  7  1 54  - 56  -  - 49  - 44  - 45 55  3 23 24 60 30 28  - 41  - 34 21 14 42
  -  - 38  -  - 40 19 29  2 21  5 37 56  6 60 22 23 24 14 33 55 17 13 41  -  - 32 48 47 45 59  4 53 31  8  -  - 28 10 46 15 11 42 25  - 49  - 26 16 52 44 36 58 27  - 43 50  1 39 30
 35 31  - 21 41  3 23 17  - 25 28 54  8  -  1  - 51 44 13 22 40 24 50  - 29  - 58 15  2 27  - 53 36 47 49  -  - 26  - 11 42  - 18 14  4 46 30 19 38 12  - 48 39 10 60 16 33  -  -  9
 18 42 60 12 10 15 27 46 40  1 44  - 32 53 38 55  6  8 56 51  -  3 22 17  2 25 19  - 35  - 34 45  - 20 52 41 50  - 29 47 24 13 59 58  -  - 43  - 30 54  -  - 33  - 57  -  - 28 49  5
 41 47 14 48  2  4 40 24 42 12  - 49 53 18 54 51 13 32 27 45 17 30 44 58 28 34  8  -  -  7 39 29 21 59  5  - 23  - 20 31 38 37 19  9 43 35 36 52 46  6 16 25  1 56  3 15  - 33  - 26
 16 48 25  5 60  - 32  - 47 35  7 19 34  1  - 14  - 54 39 29  3 37 49 38  8 44  -  - 43 59  2 31  - 51 24 46 20 50 27 23 30 58 36  - 40 12 13 18 10 15 17 52 42 45 53 41  - 57  -  -
 44 11 33 35 12 56 50 60  4 45 46  - 31 23 58 20  - 30  -  2 52  1  - 59  7  - 48 21 55 38  - 32 49 29 41 27 15  6  - 26 16 28 24 37 54 39  3 22  -  9  5 43 34 47  - 18  - 51 10 25
 48  3 58  8  - 38 22 47 43  - 23  - 44 29 59 36 57  - 53 60  6 39  - 26 56 37 55 30 19 54 35  - 12 11  - 42 31 46 13 40 18 51  - 49  - 41 20 32 52  - 14  -  5 25 33 50  9 27 16 17
 51 55  - 38 22  - 41  8 24 40 54  -  - 45 17 56 49  -  - 43 25 58  7 28 34 10 37  1 48  6 52 60  - 35  -  -  - 27  - 50 12 46 53 42 21 23 47 30 11 31 15 44 26 36 14 13 39 32 33 16
 42  -  9 47 27 13 12 28 44 58  3 56 35 26 11  6 29 18  - 23 49 10  - 16 31 40 30 54 39  - 46  - 52 15 34 20  -  - 51 57  1 55 14 21 45 53  8 60  - 43  -  7 24  2 48 38 22 41 25 36
  8 36 34 26  - 16 24 22 21 41 42 10 13  - 37 47 54 17 15  - 12 50  3 18 59 27 20 14  - 28 25  9 43  - 48  -  - 23 44 56 49 53 39  -  - 30 40  6  1 46 51 31  - 29 52  4  2 11  -  -
  - 30 27 51  4 26 59 44  1 10 13 32 55  - 48 46 33  7 31  - 22  -  -  -  - 36 47  - 18  9  5  - 40  - 15  -  - 38 41 52  - 29 17  3 25 60 11 57  - 53 24  -  -  -  - 21  - 43 50 23
 34  6 32 22 48  - 15 59  -  - 30  - 18 55 47 44 60 33 23 38 20 54  -  7 52 41  - 27 31  5 37 46  -  8 16  - 36  -  -  - 43 39  - 28 26 40  - 51  - 21  9 58 14 13 25  2  -  4 29 10
 40 33 22 41 15 46 44 23  8  - 32  -  4 54  - 21 25 39 59 17 48 55 14 34 49 60  7 52  - 51 29  - 18  - 26 31 27 58 12 37 11  6 20  - 16  -  1  - 19 42 38 57  9  -  2 35  - 50  3 45
 25 20 10 31 34 27 47 52 57  -  1 41 45  4 23 16 43 42 44  8 58 19 21 60 22 29  9 39  - 18  3  6 30 33 37 40 55  7  -  - 17 50 32 24 28  5  -  -  - 48 59 53 46  - 26  - 56 14 51 13
  - 17  6 19 55 41  - 36 26 29 58  - 39 35  -  - 34 45 10 27 32 11 57 50  4  - 54 49 52  - 24 28 23  3  - 25 16 56 59 22  7  - 13 38 42  8 15 21 44 51  - 33 48 37 20  1 31  5  9  -
 21 14 43 52 17 44 26 27  - 53 60  - 12 13  5 31 36 16  - 28 11 57 34 37  - 15 18  6 42 33  -  - 59 40 39 22  -  -  7  9  - 35 45 10  - 54 19 25  - 30 47 46  4 23 50  - 48  -  - 29
  - 13 48 54  - 10  - 12  7 43  - 16 19  - 46 49  2 35 57 26  - 36 20  - 17  8  4 28 38  - 53  - 22  6 23 55 30  1  5 59 51 34  - 18 41 42  - 47 60 58 21  3 37 50 11 14 24 39  -  -
  - 24  - 56  - 53  9  4  5 31 11 12 52 37 41 38 15  - 54 47 30 13 19 14 27 39 60  - 58 36 28  - 10 57 25  8 42 51 46 33  -  - 21  -  -  6 23  2  - 49 55 40 29 22 32 17 26  -  1 20
 53 41  8  - 11 49  4  5 22  -  - 40 10 25 27 37 26 58  - 20 46  7 24 51 12 28 43 16  1 57 17 15  -  -  - 29  6 39 21 42  -  - 47  - 35 55 59 33  - 32 31  - 50 14 54 52  3 23 38  -
 58 21 46 34  8 33 53 38 12 51 52 30  -  2  3  - 11 37 49 19  9  - 17  - 32 13 23  7 24 10 41 48 26  - 35 57 29  - 50 55 40  -  - 22 14  - 42 16  5  - 54 15 44 28  - 36  1 20  -  6
 32 39  - 23  -  - 42 40 34  8 16  - 54 49 51 28 27  6 45 57  - 15 58 36 55 24  - 18 59 48 38 52 14 46 11  9  -  4 17  - 56 43 25 31 44 50 53  -  2 29 35 60  7 33  - 22 20 47 19  1
  4 40  - 58 42 34 30  - 32 55  - 14 50 16 28 24  7 25 46 52  5 18  1  -  6 38  - 53  9 11 60 13 44  - 36 39 19 31 23 54 20 27 29 59 56  3 33 12 37 10 43 51 15 57 47 26 45  - 41 49
 11 10 42 50 23  - 13  9 55  - 29 25 36 12 15 34 45 27  7 46 28 51 33 39 21 43 17 19  6 58 26  3  -  -  - 38 47 53  8 30 52 31  - 16  5  - 44 54 20  -  2 14 56 35 49 32 41 40  4 57
 19  -  2  - 29 18 33  7 60  4  6 45  1 24 40  - 59  9 51  -  - 25 27  5 53 20 31  -  3 34 16 55 48 32 58 37 11 47 36 38 23 15 26 35 30 28 39 17  8 14  - 56  -  -  - 44  - 10 21 46
  -  -  7 46 19  8 20  - 31 60  -  -  9 43  - 42 39  1 48  6  - 29 41 32 24  - 15 17  5  - 45 36 25 16  - 13 51 11  3 27 47  - 58 23 10 18 14  4 49  - 40 34 30 26  - 37 52 53 12 28
  3 51 40 49  - 57 28 43 33 34  - 15  6 19  - 32 24 12  - 13 41 27  - 44  - 17  5 60 10 26  7 16 20 38 29  - 14 55 11  2  - 23 22 46  - 52  4 42 21 37  1 45  8 58 35 25 54 56 59 31
  - 29 39  6 57 24 52 31  - 50 22  7 27  - 35  2 10 21 60 58  -  - 48 49  - 32 16 36 54 23  -  - 41  -  -  - 34 19  9  4 46  - 11  -  3 17 38  -  - 45  -  8 53 40 13 59 25 30 15 14
 20 45  -  -  - 43  8 30 19 26  2 53 59  -  7 40  1 57  - 10  - 32 60 31 38 55  -  - 22 13  - 37 11 14  - 23 48 34 58 44 36  - 52 39 18 24  - 35 15 50 41 42  - 12 29 47  5 25  -  4
  - 19 11  -  5  - 48 37 29  -  - 18  3 46 34 13 55 51 52 54 10 47 39 43 25  7 45 31  -  -  - 21  -  4 22 44  2  -  -  -  - 24 49 50 36 59  6  8 58 26 28  - 38 16 12 53  - 35 23 15
  - 56  - 42 49 11  - 14 48  - 55 43 38 27  -  5  - 13 35  -  7 28 36  9  -  -  6 57  - 30  -  - 33 21  -  -  1 18 22  3 26 44 37 15  - 19 41  - 24 47 32 59 16 53 17 31 46 12  - 52
 22  5  - 59 28  6  - 16 41 19 24  - 14 34 42 33 35  - 11 53  - 49 23  2 30 58  - 32 13 50  - 25  4 45 47 52 44 54 39  - 27  - 12  -  - 26  -  -  9  -  - 17 20 51 56  3 43  8  - 21
 13 32 56 25 47  7  2 51  - 49  9 23 26  3 14  -  8 48 18  5  4 31  - 27 40 21 42 37 17 35  1 20 58 39 12 50 10 15  -  - 55 22 16 41 46  - 52  - 29 28 30  - 19  -  - 11 60 38 34 53
 43 49  - 45 35 51 54 41  - 48 38 47 25 15 50  - 14  - 17 42  8  - 53  -  - 56 27 58 29  4 22 57  1 34  - 16 24 10 18 21  6 12  -  - 52  9 46 55  - 40 33  5  3 60 23 39  7 44 37  -
 24 25 23 43  - 28 39 53 58 33 20 34 16  8  - 45 31 10 50 40  -  -  - 30  - 22 59  4  -  - 36 38 17 18 55  5 46 49 48 19 54  7 15  - 29  1 21 37 27  - 13 35  -  - 51 57 47 52 44  3
 49 43 30 53 56 14 45 55 54  - 41 39 58 40  -  8 21  3  -  - 13  6  2 52 60  - 29 25 46 16  - 11 31 10 20  4  - 24  -  1 22 26 34  7 50  - 17  5  - 23  - 19 47 48 44 28 42 18 36 51
 31  -  - 55 21 58 10 18 56 32 35  - 23 30 57  1  5 36 37  9  2 14 38 45  - 42 22 46 60  8  4 41 39  -  -  - 17  - 52 12 48 16 54 13 15 34 29 50 25 27 19 49 11  3  - 51 40 59 26  -
  2 53 12 24 52 23 29 45 25  - 26 33 42 41 22 15 28  -  9  7 50  -  - 13  1  - 21 40 32 44 48 17 56 54 43 18 39 35 55 14 10 19  8 34 37  - 49 20 57 16 27  6  - 30  - 60 58 36 31 47
  - 38  3  4 39 19  - 34 51 16 25  -  - 22  8 48 58  -  6  - 21 43 30  -  - 26  1 24 27 37  - 40 47 42 56  -  - 59 14  7 50 60  - 54 33  - 45 13 53  2  - 32 35  9 28 10  - 29 57 44
 15 27 24  -  3 36 51 39  - 52 53 58 20 57  - 10 42 55 41 30 56 44 47 40 46  - 12 29 34 21 50  -  7 60 33 48 13  -  1  - 14 59 43  - 32  - 35 31 54  4  8 11 25 17 22  6 49  - 28 37
