2880
  - 50 51  - 24  - 39 54 28 43 11 19  9  6 22 10  - 48  -  -  -  -  2  5  3 12  -  8 31 46  - 13  - 47 14 59 57  1 41 36 17  4  7 30 21 33  - 15 27 49 52  - 26  -  - 44 18  - 55 37
  3 28  6 29 50 44  - 13 20 59 45 10  5 39  - 53 41 51 48 37  8  - 24 23 46 60 54 11 15 43 26 34 22  2 40 57 16 49 47  9 38 12 25 58 42  -  1 52 55 33 32 36 35  4 30 31  -  - 21  -
 18  8 60 47 38  - 29 55 56  6  9  4  7  - 43  1 23 36 33 16 52 50 32 15 48 45 46  -  5 19 49 14  -  - 12 30  - 53 34 57 28 22 44 40 58  3  - 37  -  - 21 10  - 59  - 20 41 54  - 42
 19 33  - 22 17 57 32  - 52 50 24 13 23 60  - 30 40  - 34 59  - 54 15  8 44  7 42 45  -  -  9  -  - 58  - 16 41 25 12 53  6 20  3 56 48  4 26 14 29 55  5 46 10 47  - 36 21  - 37  1
 28 55 47 23 10  2 37  -  -  9  - 30 59 52 33  - 45 58 27 40 43  -  - 39 25 34 22 49 14 35 17 32 15  6 19 53 24 48 26 56 11 44  5 51 46 20 31  1  3  - 13 50 18  -  4 42  - 36 16 21
 16 41  -  - 13  3 51 46 36 53  -  - 54  -  - 35 38 32 50 58  - 18 20 47  8  -  6 30 42 39 34 44 45 21  - 27 14 40 22  - 52  - 55  9  - 28  7  5 43 59  4  1  - 24 26 15 10  -  - 48
  - 53  - 12  - 17  6 52  - 44 48  - 39  9 50 56  1 10 60 11 46  4 35 45 16  - 38 36 40 22  3  - 31 14  - 24 18 26  5 29  - 47 27  - 25 59  - 21 13 30  -  7  - 49 54 55  - 32  2 51
 49  - 36  1 52 19  -  - 57  - 44  -  - 43 28  - 32  - 47 17  - 27  9  - 38 25 53 59 30 48 21 60 58 46 11 51 45  - 33  3 23 54 24 26 35 31 42 55 56  - 29  2 20 39 16 14 15  - 13 50
  - 24  3 53 37 54 40 48 23 39  - 59  - 21  - 43 17 19 14  - 50  - 25  -  -  -  4 22 13 34  -  8  - 57  -  - 26  - 11 18  - 31 15 20 45 35 10 51 47 16 55 52  1 41 60  - 28 29  - 33
 57  - 18 32  6 59 54  - 27  -  - 12 45  - 36  3 20  - 46  - 29  - 11 31 15 21 55 44  - 24 35 50 39 13 25 34  2 22 56 41  4 52 60 33  - 43 53  -  - 26 23  - 16 42 14  -  - 17  - 38
 60 26 50 30  -  - 35  5 17 24 21 40 34  - 53  6 25  -  4 55 56  -  1 48  9  2 43 18 20  - 36 49 54  7 15 29  - 45 58  - 14 11 28 13  - 38 52 10 16 47 33 44  - 46 59 22  - 12  - 39
 12 11 42 34 29  - 21 26 22 15 37  1 20 27 58 60 49 24 16  3 47 33 30 56  - 48 51 57 25  7  - 45 13 41  6 17 38 44  - 52  -  5 10  - 28 39  -  2 18 40 35  4 14  - 46  - 50 19 59 43
 34  5  -  9  -  - 23 57 14 31 40  -  - 16 32 59 46 44  - 53 20  - 29 35 47 56 33  - 41  8  - 48 19 45  - 38 36  2  - 55 42  - 37 10  - 52 60 58 28  1 25 18 51 15  - 21  3 30 11 22
 51 12 44 50 18 11  3 29  5 54  -  - 37  1  -  8 55  4  7 15 21  9 43  2 58 47 28 10 48 56 13  -  -  - 32 49 22 17 16 31 57 24 59 53 20 30 38 41 19 36 26 25  - 14 27 34 42 60 46 45
  - 42 11  3  - 12 33  -  -  5 10 48 28 15 35 14  9  - 52 45  -  8 16  - 27 58 40  - 32 49  -  1 43 51 46  - 47 60 13 59 55 25  -  - 30 19  - 24 21  -  - 41 38 37  - 18 36 34  - 26
 29 32  9 36 39  4 25 47 51  - 15 50 10 14 20 46  - 55  - 34  - 28 12  - 26 35  5 56 60  1  - 31  -  - 30  -  8  3 57 42 49  6 17 24 59 21  - 18 23 45 16  - 54 48 41 13 22 38  7 44
  - 46 52 10  3 45 27 58 49  - 25 16 22  8  - 40  - 41  - 29  -  - 13 36  -  6 59 55  2  -  7  - 56  - 37 42  -  - 14 50 18 34 43 38 31 26 48 47  - 51 30  -  - 21 32  - 57 39 53  -
 31  - 21 17  - 26 11  - 46  - 50 39  - 12 42 49 14 35 23  -  -  - 19 22 24 43 60 52 45 32 53 29 16 59  1  5  9  - 18  7  -  - 51  6 54  -  3  - 48 44 15  -  4  2  - 10 27 20 38 25
 52 16 15 59 25 30  - 32  9 29  3 36 27 34  -  - 18 21 42 14 13 46 31 55 35 33  1 19  8 54  -  4  - 37 38 48 12 43 17 10  - 51  - 49 41 45 56 60  5 50 53 22  2 57 28  7  6  -  - 11
 10  3  7 46 55 31 50  -  4 13 18 52 48  -  6 26 28 60 43 32  - 29 36  -  2 17  - 42 53 16 19 41 30 40  -  - 34  - 25  - 51 56 14  -  1 37  - 39 54  - 20 38 45 35 12  -  9 24  5 47
 46 20  - 28 34 56 45  - 50 60 13 14 12 48 21 51 19 30 24 44  9  - 39 42  - 37  -  - 23 58 33 22 29 38 36 47 10 52 55 43 54  8 32  7 49  2 16  - 25  6  3 17  5  - 31 35  -  4 15 57
 53  2 29  -  - 52  5 43 41 40 26  - 33 46  - 36 21 47  9 42 38  -  7 24 60  4 32 13 56 50  - 16 17 10  - 12  1 51  - 22  8 35 19 59  - 14  -  - 30 20  - 28 37 34  6 39 44  -  - 54
  7 37  - 54 60  - 10  - 19 42 36 26 25 33  - 13 59 45 57 23 53 20 17 50 21 15 14 43 58  - 31 56 35  - 41  - 51 28  -  8 48  1 18 44 32 29 24  -  2 22 11 39 34 30  -  -  - 27 40  9
 30 36  - 38 21 32 12  4  - 34 16  -  - 35  - 28 50 42  6 52  5 53  - 60  -  3 24 58  - 37  -  -  - 56 45 14  - 41 19  2 20 55 13  - 27 25 44 43 11 15 48  -  - 26  -  9 33  - 10  -
  5  - 45 19 28 48  -  -  2 25 27  - 31  7  3 52 30 37 40 47 59 24 56 34 20 49  9 53 44  -  - 33 55 60 35 54  6 32 38  4 39  - 29 15 26 50  - 17 10 14  1 16  - 43 42 51 58  8 23 12
  8 49 14 44 35 27 57 11  - 46  - 51 60 23 29 37 22 17 38 25  2 16  3  - 33 59 45  1 34 10  - 36  - 20  9 39 28  -  - 21 43  - 30  - 15 18 41  -  6 32 12 58 42  - 56  - 47  - 19 55
  - 14 55 25 43 21 26  -  -  2 57 11 56 53 17  -  -  8  - 13 31 58  - 41 37 23 50 32 39 33 20  - 46 24 44 45  - 47 15 54  -  - 38 27 16  7  6 22  - 28 42  - 48 10  5  4 52 49  3 18
 58 25  - 41  - 20 42 10 43 47 32 22 26 30 16  - 56  2  5 18 48 40 57 37  - 36  3 28 49 21 50 53 24 35 31  -  7 54 60 44  - 46 39 19  8  6  - 23 52 13 17 34 27 38  9 29 55 14 33 59
 47  -  - 48  - 29 13  2 10  -  8 24 36 45 15 54  -  - 39  5  - 49 14 11  - 41 16 33  4 20 57 43 59  -  3  - 23 31 50 60 32 37 52 25 55 40 46 42 22 18  9  6 12  - 21 38 53  - 35  -
 25  4 58  7  - 50 16 30 35  -  -  2 55  - 57 32 24  - 12 26 10 36  8 17 14 19 13 21 43  - 47  - 44 23  - 22  - 15  6  - 60 38  1 37 56 11  - 31  - 42 28 20 40 33 45 54 29 41  -  5
 44  - 53  6  - 58  2 35 48 26 23 20 24 13  - 47 51 33 29 22 12  1  - 16 19 46 57 50 59  - 32 15 34 55 42 18 21  - 45  - 25  -  4 31 10  - 36  -  9  -  - 37 43  -  8  5  -  3 14  -
 45  - 33  4  2 55  - 51 38 19 47 58 21 50 23 17 13  -  1 35 41  3 10 40 49 18 26  -  - 14 59 28 36  - 52  7 15 12  - 39 53 60 56 54 57 42  5  6 34 25 37  9 30  - 48 16 32 22 29 20
 41 21 40  5 14 35 48  - 18  7  4 29 58 42 30 24 31 13 26 10  - 55 59 25 39 20 23 47 54 28  6  9  2 22 51 50 56  8  -  - 19 57 53  1 12 44  - 38 15 43  - 27 33 11  3  - 16 45 36  -
 36  - 12 24  8 46 20 59  -  -  - 37  3 17  1 16 48 14  - 49 30  -  - 51 56 11  -  - 21  - 44 39  7 53 10 28 13  4 23 25  - 33 34 47 38  9  - 57 32 41 40 60  - 45 43  - 31  5 42 52
 15  -  -  -  -  -  - 27  6  4 59  3 19 26 11 29 16 22 55 39 23 37 28 18 10 50  -  - 52 30 25 17 53  8 20 32  - 58 36  -  - 45  - 12 34 46  -  9 57 38  - 24 56  5 33  - 54 44 43  -
 55 29 43 11 47 37  -  7 33 48 22  -  1 41  2 19 35 23  - 36  -  - 27 49 53 54 58  5  9 44 60 42  - 15 24 20  -  - 21  - 13 59  8  -  -  - 51  -  4 34 14 32 52 25 18 26 12 50  - 28
 39 54 10 49 48 14 36 15 21  3 41 44 32 59  5 31  4  -  - 28 19 25 47  9 30  1  7 37 22  - 43  - 51 26 13 60 17 50 29 23 46  - 33 35 52 12 40 16 20 56 58 42 53 18 57  - 45  6 34 24
 21  6 13  - 42  - 30 24  - 23 60  - 49 44 56 50 54 52 19  9  - 22 45 12  - 16  - 29 36 47 10 20 41 32 58 35 55 38  -  -  - 39 31 57  -  5 27  7 14  4  -  -  -  1  - 59 51 18 48 15
 40  - 27 45 12 28  9 44 11  - 30 42  2 55  4 57  7  3 25 19 34 13 41 10  - 53  8  -  1  - 48 37  - 16 26  - 49  -  -  5 59 29  6 36 24 22 54 20  -  -  - 47 32 17 15 50 56 51 39 14
 37  - 25 35 59  - 47 56  - 20  - 43 53  - 46 38  5 18 31  4 42 14  - 30  6 13 10  7  - 45 12 19 33 54 27 58  - 29  - 26  1  -  - 34 51 17  - 40 60 21 57  8 41 16  -  - 24  - 44  2
 38  1  4 21 22 51 52 41  - 36 49 47 42 20  7  2 44 39 32 48 60  - 46 59 57 10 29  -  6 13 11  - 28  5 55  9 25 27  - 45  -  - 23 50 40 15  - 30 26 35 34 54  - 56 37 33  - 53 58  8
 17  - 48 39 30 53 56 14  - 49 20  8  4  2 38 58  6 15 28 31 36 42 34  7 32 51 19  3 37 55 24 25 18 43 16  - 54 11  -  1 33 27 21  5 13 60 50 26 12 29 59 35 22 40 44 57 23 10  - 46
 23 57 34 52 44 16 38  3 53 51  - 49 17 56 60  -  - 29 45  2 39 43 55  - 12 24 30 25  - 26  -  7  - 36 50 10  - 35 46 27 41 32  - 42 18  - 13  - 59 19 54  5 31  6 40  8  - 33 20  4
 48 58  - 13 33 40 22  - 25  -  - 23 29 18  -  - 12 28 10  -  1  - 42 43 31  8 44  -  7  2 54  3  9 50  - 26 60 39  -  - 37  - 46 45 36 55  - 49 38  5 27 14 17 19 47 41  - 57  - 32
 26 43 46 55 45 23 44 25 58  - 52  - 50 57 39  - 37  6 56 12 54 10  - 33 41 27 49 35 16 18 42 21 48 34 60  8 30  5  1 20  2  -  - 17 22 47 19 29 36  - 51 59 28  7  -  3  4 40 24 13
 50 35 56 40 23  - 28 45  3 22  5 38 11 29 25 42 10  9 15 27 24 26 51  - 52  - 39 41 46 53 18  2  - 17 43  -  4 59 20 32  - 48 57 14 47 16 33 34  -  -  -  - 13  - 49 60  - 21 30  -
  - 10 32 14  5 18 15 50  1 33 51 25 13 24  9 39 60 34 20  -  -  6 37  3 59  - 12 16 55  - 46  - 57 19  8 21  - 30 27 17 31 49 36 28  4 56 47 35  - 48 44 11 29  -  7  2 40 58  -  -
 24 59 37  - 56 15  4 20 60  -  - 28  6 49 19  7 27 38 36 57 40  - 26  - 45 44 52  - 35 25 22 30  -  3  5 31  -  9  - 51 10 18 47 21 33 23 12 53  8  2 39 48 55 54  -  - 13 16  - 29
 27 47  -  -  -  - 58 42 54  8 39  - 46 38 45 20 26 43  - 41  - 59  5 52 55 30 31  -  - 17 37  -  -  4 53 13  - 18 51 28 36  7  -  -  6 34 21 56 50  - 19 12  9 44 29  1 60  - 22 10
 14 51 57 60 32 47 53 34 13 56 33 46 52 28 49 27  -  5 59  7  - 44 18 20 17 31 15  6 19 41 29 40  4  9  -  1  3 55 42 24 35 10  - 22 37 36  8 12 45 54 38 21 25 23  2  - 39 26 50  -
  6 39  - 37 27  - 60 21 59 38 43 32 18 54 55  - 36 25 17  1  7  -  -  - 11 40 47 51 57 23  8 46 14 42  4 52 44 16 10  -  - 26 45  3 19 41  9 13 53 58  2 30  - 50 20  - 35 56 49  -
  2 45  - 26  - 39 14 37  - 27 17  - 16  -  8 23  - 54 21 43  3 34 44  4 36  - 48 60 33 40 52 10  6 18 28 15 58 20 49 35 22 30 41 11 29 32  - 50 51  9 24 13 57  - 19 56  1  - 25  7
 35 60 31 42  -  9 34  - 24 57 54  - 30 36 51  - 33 16 18  6 11  - 48 58 29  - 56  - 38 27 14 26 37  -  - 23  -  -  8 49  7  - 50 55 17 53  - 59 40 52 46  - 44 32 25 45  2 13 28  3
 13 38  5  8 57 43 59 33 45  -  -  9 51 19 34 15 39  - 22 20 18 21  6  -  4  - 25 26 12 52 16 11  - 30 29  2 37 42  7 58 27  - 54  - 50  1 35  - 17 10 36 40 49  3 24  - 48  - 31 41
 22 31  2 15 16  - 55  8 34 30  6 41 14 10 54 45  - 40 37  - 28 38  4  - 23  9  - 48 18 29  -  -  3 12 39 25  5 46 59 47 50  - 26 43 53 24 17 36 44  - 56 57  7 60 35 58 49 52  - 27
  - 30 23 57  1  6  7  - 29  - 12 34  8 22 10 25  - 49 41 46 55 15 58 32  - 26  -  - 17  5  - 54 42  - 21 19 33  - 37  -  3 36  - 18 44  - 28  -  - 27 50 56 59 13 51 43  -  9 60 53
 33 22 30 20  4 36  8 49  - 41  - 53 38 37 13 48  -  1  2 60 32 11 23  - 50 52 18  - 27  - 15 59  5 29 17 55 35 34 40 16 45 42 58 39 14  - 25 19  7 24  6 43 21 28 10 47 26 46 54 56
  1  -  8 33 11  - 17  - 12 21 53 54 15  4 59 55 57  - 44 24 51 31 38 29 13  - 34  9 28  - 45 47 10 48 22 37 27 23  -  -  5 40 20 41 60  - 30 32 42  - 43 26  6 52 58 25 46  2  - 16
  4  - 20 18 41 60  -  9  - 45  -  - 35  3 24 33  -  - 11  - 22 47 21 26  7 29 17 14 51 15 38  5 23 49  - 40  -  6  - 34 30 16 12  2 43 13 58 54 46 37 10 31 39 55 52  - 25 28 56 36
 54  - 41 51 53 10 49 19  - 12 56 55 47  - 48 18  2 20  3 21 25 52  - 13 22 39 36 46 26  - 30 38 32 44  7  6 29  - 28 14 24 23 42  4  5 57 11  8 31 60 45 33 58  -  - 17 43 35  - 34
