2880
 34 54  - 24 23  2 33 25 44 38  7 28  8 51 20 56 45 60 22 47 57 17  - 27 31 49  5 19 58  6 46 12 59  - 29 42 39 52  - 18  1  - 37  3 41 13  - 30 26 48 55  4 15 32 35 43 36  - 14 40
 18 23 20 30 19 28 41 42 48  - 24 25  1 31 15 58  - 54  - 56  -  3 12 39  9 59  6 51  5 11 47  7 37 50  - 60 36 16 45 33 40 55 53  8  -  -  -  - 35 26 38 14 22 17 27 57 21  4  - 34
 55  -  6 14 56 16  - 53 42  5 54 11 45  - 27 44 36  1 19 40 12 28 10 48  - 15 32 47 21  - 23 52 46 29 24  2 35 37 33  4  3  8 22  - 58 60  9  7 20 30 17 39 34 51 43 31  - 50 49 25
 47 49 16 27  3  4 37 54 23 17 18 35 46 24 51 30 31 58 38  9 60 55 48  -  -  -  -  -  -  7 45 32 13 14 10  - 56 25  -  -  -  1 34 52 43 50 33 28  2 21 53 40 36 59 15 12 22 57  8  5
  - 11  4  2 57  9 35 26 53 50  - 45 40 18 59  - 49 28 21  - 55 36 41  3 56 31 10 17  7  - 13  - 51 37  6  - 19 44  - 48  - 32  -  -  - 42 58 54  5 39  8 43  - 30 20  - 24  1 16 52
 10 30 33  -  5 26 44 28  - 48 32  - 37  - 41 14 60 40  - 13 36 15 47 31 42  8 56 46 35 16 58  4  - 12 55 11 17 18 39 43  - 38 19  - 52 24  - 45 22 23 54  - 59 21 53 25 57 20  - 27
 30 50 24 13  4 39  5 29 41 28 37 49  - 45 48 59 21 23 33 43 53 52  -  - 47  - 16 31 14 40 10  9  -  - 27 44  - 54  - 51 55 46  2  - 17 12 36  - 34  - 42  - 20 56 18 26 60 15  - 38
 25  9 54  5 28 35 60 46 33 29  -  -  -  - 17  2 14 34  - 53  3 23 50  4 12 52  - 42 11 45  - 48 32  - 18  1 47 56 43 38  - 19 36  - 40 39 37 57  - 15  -  -  6  8 44  - 26  - 58 31
 15 21  1 34 60 45 49 14 19  4 47 13 39  3 29  - 44 59 41  7 54  - 43 11 40  6 33  - 53 30 35 37 12 17  - 22 31 10  2 28  -  5  8 38  - 58 51 23 55 52 26 50  9 46 36  - 18 27 20 42
  1 10  - 12  7 56 25 35  - 47 13  - 31 52 42  5  - 21 29 17 24  6 39 49  - 20  - 32  - 44 60  3 40 36 23 14 48 46 50  9  - 41  - 28  8 53 54  - 58 34 30 55  - 18 57 15  -  - 11 59
 19 38 26  -  - 20 14  - 11  - 10 18 16 43  9  - 47  - 31  2 15 25 30 33 48  1 53  - 59 24 54 28 44 58 50  - 42  7 40 36 27  - 23 56 51 45 35 60 21  4 39  6  8 55  - 37 34 17  - 32
  6  - 58 33 25 18  - 16  - 14 50 57  -  7 55  - 41 36  -  1 40 34  - 29 54  - 38 11 32 13  3 46  4 43  - 28 27 12 51 10 15 49 20  - 19  8 17  9  -  - 31 59 23 35 52 56 44 22 53 45
  -  - 48 26 16  -  -  - 40  - 60  4 24 50 22 18 39 42 35 11  -  -  -  9 41 55 36 43 51 19  8 56  6 25 31 45 29  -  - 20 10 14 30  -  -  -  5 33 32 54 21 23  -  -  - 13 52 47 28 37
 33  -  - 53 21  - 36 13  1  -  6  -  4 23 30 60 28 55 24 50  - 48 34 56 15 22 19  2  3 37 41 29  -  -  - 25  -  - 20 42  -  7 31 27  - 38 47 11 17 45 10 57  - 14 46 18 49  -  9  -
 27 16 59  -  -  - 31 32 52 45  - 14 49 57  - 41 18  - 20 24  4 13  8  - 22 40 47 30 17 51 25 36 60  -  9  - 34  - 42 19 35 43 11  6 38  - 46 44 33  -  5  2 50 28  1 10 15  7 56 39
  - 26 41 18  - 42 50 22  - 35  - 34 15  - 40 33 16  7  - 54  1 45 25  6  - 27  8  9 24  - 44 53 10 28 56 47 46  -  3  -  4 51 12 43 31  - 23 19 38 11 57 48  - 36  - 58 20  -  -  -
  4  -  8  - 52 14  - 34 51 42  - 44  - 41  - 55 46 18  - 29 22 10  - 40 19  -  - 21 49 20 27  2 53  - 15 32  9 43  - 39 13 48  - 24 54  - 12 25  7 59 50  - 47  - 58 33 11  -  3 60
 20  5 25 15 13 38  2 37 22 24 48 33  9 19 16  -  -  3  -  6 49 11 51 42 53 44 23 27 30 50 34 58 31 52 59 21 41 45 28 40  - 36 10 14  - 32 18 35 47 17 12 29 46  1  -  7  8 56 60 55
  - 14 19 31 44 40 54 30  9 12 29 43  - 49  5  - 37 46 56 58 28 35 53 20 60  -  3 18  -  4 55 22 47 48  - 33 25  1 57  - 59 39 15 50 42  - 45 21 51  - 11 13 41 34 32  - 23 38  -  -
 11 46 43  - 12 58  - 27 14  6  2  - 25  - 19 38  9 44 55  8 21 37  - 24 17 57 40 34  - 48 20 33 50 32  - 31 28 15 36 52 47 22 13 51 26 59  1  -  4  -  - 60 39 45  5 35  -  -  7  -
 59 36 51 37  - 53 58 49  -  7 57 23 19  4 13 16  6  - 30 31 32  - 14 17 35 18  9  -  8 54 56  5 45  - 42 46 26  -  1 15  - 34 40 48  - 55 44 39  - 28 20 22 24  3  - 21 41 52 29  -
 57  4 37 49 41 21 32  5 46 33 44 26 47  - 10  6  - 43 27 51 13 20  9 35  8 45 34  - 55 58 18  - 30  - 48  -  - 24 22 12 42 15 17 25  7 16 60  - 23 36 28 54  2 53 29  -  -  - 39 56
 28 13 30  3 14 33 46  -  - 32 43  - 10 36  - 54 59  - 51 35 34 42 27  - 57  - 41 48 60  -  7 18 16  -  -  6 52 40 25 24 31  4 50 49 55  - 22 12 19 58 37  1 29 23  - 20  2 44  - 17
 22 56  - 55 54 11 10 33 29 49 30 41 34 39 12 25  - 14  -  - 52 59 35  - 21 50 51 23 27 47 38 20 42  -  - 15  1  - 16 26 18 17  3 44  - 40 31 48 43 24 45 32 13 58 60  -  6  8  2  4
 17  - 12 10  - 51  9 21 37 20  8  -  - 22 60  - 38 31 15 19 44 33  3 41 14  5 46 54 18 36  - 39 58 57 35 48 13  4  - 59 24 42 26  -  -  -  -  6 28 29 34 30 16 40 45  - 32 55 25 23
 48  -  - 39  6 37 34 23 45 40 11 54 13 26  3  - 42 29 50 38 25 16 33  2 49 41 28 57 44  5  - 30  - 10 58 59  -  9 60 17 56 18 35 55 24 27 20 53 52  - 32 46  4 22  - 14  - 12  1 19
 52  -  -  - 51 44 13 60 27  - 53  3  5  - 24 11 34 15 39 30  - 57  - 46 45  -  - 35 36 14 42 43  8 59 22  -  - 19 32 23  9 58  7  - 16 37  - 49 12 38 47 41 40 25 54  2 55  -  6 21
 13 55 27  7  -  - 22  2 18 36 33 59  -  - 47 20  -  - 53 52  - 26  4  5 37 54 43  -  - 42 29 11 21 24  -  9 16 34 31  - 32 60 49 23  3 15 14  -  6 56 46  - 38  - 25 51 40 41  - 30
 46  - 23  - 59 43 17 19 54 53 31  - 42 20  - 49 26 56 11 55 38 27  -  - 52 58 35  - 48 25  - 15  - 41  - 51 45  - 13  8 30  2 32 36  6  1 21 10 16  -  3  -  - 57  4  -  - 37 24 47
 45 18 53 25  -  8 38 20 34  9 12 42 17 11 43 37  3 24 40 10  - 19 46  -  -  4  7 52 13 32 28 51 54 26  - 39  -  2 27 31  -  -  1 41  5 35 15 59 14 44 60 47  -  -  - 30 16 21 57 29
  - 37 57 46 15 10 45  -  - 30  9  5 26 28 58 21 23  -  3  - 20 56 55 47  7  - 48 14 33 22  -  -  2 27  - 17 44 41  - 50 19 35 54  - 60 25 34 32 24  1 51 18  -  - 59 49 31 29 40 11
 43  7 49  - 36 22  - 15  -  8 19 31  - 47 45  1 17  5  9 60  6 54 56  - 24  - 44 29  4 46 57  -  -  - 53  - 11 20  - 13 12 59 27 33 39 51 10 16 30  2 40 25 18 37 42 41 48 32  - 26
 36  3 13  - 17 19 57 43 56 31 49 40 22 21  7 23  - 39  4 15 48 46 60 55  - 33  - 58 50  - 30 35 41 18  - 34 12  6 26 16 37  - 52 47  -  - 24  5 45 27 59  - 11 38 10  8  1  9 44 20
 41  2  - 47 22  7 43 52  -  - 16  - 51 37 49 29  - 11 42 14 27 21 44  - 10 36 24 50  - 26  1 23 34 33  -  - 15  3 18  - 53 20  9 39 59  5  8 13 56 32  4 12 31 60  -  -  - 48 19  -
 26 60  2  - 20 47  -  1 35 43  - 38 44 53  4 31 12 17 10 39 18  9  - 36  - 56 58 33  6  - 48 41 29 15  7 23 57 32  5  - 46  -  - 54 28 21 55  3 11 19 22 49 51 52 34 40 13 42 45 16
 21 39 42 48 53  6  -  -  8 15  - 17 58 30  2 27 56 47 28  -  - 22  7 50 20  - 14  - 29  1 51 26 24 49 33  - 38  - 59 41 44 10 18 32 45 52 19 40 54 60 13  5 37 43 31 46  3  - 34 12
 23 42 17 56 35 41  6 44  2  3 59 55 43 29 11  8  -  - 48 18 33  - 54 16 39  - 27 37 34 31  - 24 28 20  1  - 50  - 14  - 51  -  - 60  - 10 32 38  -  7  - 52 57 15 40 19  - 45 46 36
 32 25  - 60  9  - 11 18  -  - 41 36 27 35 44 50 24 13 46 28 56  4 40  1 16  -  - 49  - 34  5 42 15 55  3  8 51 23  -  2 21 30 45 53 33 54 57  -  - 20 14  -  -  6 48 17  - 19 38 22
 51  - 22 43 26  3 52  -  -  - 36 32 53 27 21  - 11 19 13  -  8  - 23 34 29 48  - 41 45  9  -  1  - 38  5  - 58 30 10  7 60  - 24 18 20 44  4  -  -  - 16 33 54 42  2 39 46  - 55  6
 31 22 56 17 48 23 47 10 55 39 21  - 57  9 28 53 15 20 12  5 50 43 16 59 32  - 13 25 40 35  4 34 26 54 60 37 18 51 49  1 52 33  - 45 14  - 11 24 29  -  2 44  - 27 38  3 58  6 36  7
 49 31  - 36  - 54  4  9 17 11  3  - 50 12 46 35  -  - 43 22 59  - 21  -  6 19 45  - 57 56 32 10 38 34 44  7  - 55 48 60  5 37  - 20 27  - 40 58 39  - 41 16 53  -  - 23 28 13 18 24
 54 34 10  - 18 60  3 59 13  1  - 16  -  - 23  -  -  -  - 21 45 39 15 52 33 46  - 20 38 53 36 57 25 44 41  5 22  - 55 27 28  6  - 40 50  - 30 29  -  - 43  9  - 12 37  -  4 24 51 14
  -  -  5  9 30 31  1  - 49 44 55  -  2  8  - 34 50 16 25 12 43 51  - 54  - 47  - 26 23 15 14 45  - 42  - 13  3 11 38  -  - 52 48 19 29 36  6 46 18 37  7  -  - 10 24 60  -  - 21 28
  9 52 11 59 34 25  -  6 43 41 40 47 28 42 35 19 48 57  -  3  7  - 29 53  5 13 21 22  2 18 26  - 17  - 12  4 30 60  - 44 14 50 38 16 36 23 39 27 37 33 56 58  1 54  8 32 51 31 10 46
  5 28 18  4 38 46  - 39  - 25 27  - 14  -  1 40 58  - 17 23  - 41 22 44  - 32 55 53 10 12  - 21 57 56 45 24  -  - 37  3 16 11  - 34 13  9 29 42  -  -  - 20 30 47 19 54  7 60  - 49
 50 58 45 22  2  -  - 17 59 34 28  1 32 46 56 13  5 51  - 20  - 40 38 10  -  -  - 60 43  -  6  - 18 23 11 49  7 48  -  - 33 54 16 21 53  - 25  - 41 42  - 24  - 31  3 44 37 39  -  8
 24 53 44  1 27 13  - 47  5 60  - 58 30 25  6 45 32 26 16 36 42 14 57 43 59 34  -  7 22  -  2 54 55 46  8  3 33  -  4 56 48  - 41 29 12  - 38 37  - 50  -  -  - 49 39 52 35 11 23  9
 35 19 29 16  8  - 56 50  - 55 39 24  - 60 38 28 54 41  6 48 10 31 52 32 46  3  4 13 15 23 33 47 14 22 30 26 53  -  - 34 20 21 58 37  1 57 59 36 27 40 25 51  - 11  9  - 42  2  - 44
 39 47 14  - 32 17 19  8  - 52 34 48  - 15 18  - 40 53  - 37  2 44  -  7 25 10 29 59 42 43 11 16 35 13 51 38 23 22 24 30 58 12  -  -  - 28 27 20 46 55  -  3  - 41 21  - 33 36  - 50
  3  - 60  -  - 32 48 45 10  2  5 46 52 38 37 43 19 22 34 49 30  - 36  -  - 51 59  6 31 29 24  -  -  - 39 27 20 50 54 11 26 44 57  -  - 47 42 17  -  -  1 53 28  7 55  -  -  - 33 41
  -  1 31 51 39 50 42  - 20 18 58 37 12 10  8 15 22 45 32 41  -  7  -  - 34 60 49 36 26  -  - 40 48 19 46 53 21  - 47 55 54  - 44 59 23  2 56 52 25 35 27 11 33 24  6 29 30  -  4  -
 56 45  3 44 58 34 12  7  - 23 46 20 54  5  - 42 27 33  - 26 37 18  -  - 38 21 60 24  9 49  -  - 43  -  2 35  - 13  - 25 39 29 55 31 15  6 52 22  - 16 36  8 10 19 28 47 14 53 41  -
 42 43 46 23 37 59 26 56 21 22  -  - 38 44 36 51  7 32 14 45 19 29  - 60 28 24 52  5  1 55 39  8 27 31  - 41 40 35 12 49 11 47  - 17 30  3 48 15  9 53  - 10 25 20 16  6 50  - 13 57
  - 44 15 32 50 27 40 24  - 54 38 56  6 48 34 12  - 25 18 57  -  1 49 37  3  - 11  - 16 52 19 60 33  8 20  -  2 47 17 46 23  - 21 10  4 22  7 55 42 13 35  - 58 29 30  5  - 59 31 53
 44  - 52 41 33 36 28 51 24 19 45  - 29 40 31 32  1  - 60 16 26 38  - 21  -  -  - 56  - 57 53  - 11 47 49 54 55 42  -  - 50 23 59 35 48 20  2 34 13  -  - 15 43  - 22  - 25 46 37 18
 40 20 34 57 24 48 53 38 58 46 35  9 59  2 52  3 13 10 23 32 47 30 19 12  1 37 15  8  - 60 50 27  -  -  - 55 49 39  -  5 36 45  - 22 25 31  - 14 44 18 33  - 42  - 11  4  -  - 26 51
 37 57 50  - 11 24 59 58 32 21 15 27 20 14 54  4  - 38  - 42 46 53 26  - 13 23  - 55 12 17 43  6 19  -  -  - 60 31  8 22  7  3 28  5  9 18  - 47 49 41 44 36 56  2  - 34 45 25 48  1
  -  - 36 20 31 57 27 48  - 26 42 29 33 55 25 10 35  2 45 44 58 60  1 19 11 17  - 15 28 21  - 49 22  6 52 16 24  - 30  - 34 53 56 46 18  - 41  4  3  - 23  - 32  9 14 59  5 43 47 13
  7 12 32  6 10 49 24  -  - 59 52 22 55 56  -  9 30 27  8 33  -  5  2 25  4 35 17  - 54  - 31 44  -  - 13  - 37 58  - 47 45 26  - 11 21 34  3 18 36  - 29  - 14 48 23  -  - 51  - 15
 16 29 55 11  - 15  -  4  7  - 22 53 41  - 26 48 20  6 36 27  5  8 42 58 23  2 39 40 25  3 59 31 52  1  - 56 54 33 44 32  - 24 46  9 10 14 43 50 57 47 19 28 60 13 49  - 12 18 30  -
