2880
 57 59 14 47 34  -  - 32  8  3 42  - 49 33 20 16 38 60 51 41 27 25 54  7 22 17 10 52 19 36 15  9 21  - 37  - 55 26 50 58 31  4 46 12 53 11 18 56  -  6  -  - 39 24 13  2  5 44  -  -
 33 49 11  2 36 53 42 56  - 37 31 57 24  - 18 22 55 43  6 19 48 32 21 50 47  - 12  9  -  4 44 59 17 10 60  5 41 23 51  - 29  -  - 15  -  - 28 46  - 26 34  -  - 54  - 30 40  -  - 25
 26  6 44  3 57 28 39 38  5  1  - 35 56 11 21 19 42  - 36 43 29 54  - 40 46 33  8 58  - 10 27 14  4  - 18 25 22 45  -  - 51 12 32 20 47  -  - 31  2 49 37  -  - 53  - 17 55  - 24 59
 36  7 52 59 42 21 51  - 16 17 39 20 46  -  - 41 44  - 49 33 25 55 10 27 48 31 11 23  - 57 28  2 34 19 12 22 45 24 13 14 35 37 60 53  - 47 29  9 58 54 50  6 43  - 38  8  -  3  5  -
  - 34 28 37  4 35 50 53  - 36 29 18 40 51  - 43 12 47 60 22  - 58 39 44 45 20 13  -  - 23 32  - 56 17  7 16  9 25  - 59 38  2 52  1 48  - 19  - 14 55  5 15  8 49  -  - 10  - 42  -
 32  3  -  -  7  -  -  8 35  -  2  - 27 37  -  - 56 10 47 13 39 45 36  - 54 24 33 20  1 48  5 58 42 23 21 60  4 28  -  - 16 41  6 30 40  -  - 22 53 46 59  -  - 52 55  - 51 31 34  -
 10  1 56  6 19  - 16 23 45 18 47 59  5 25  8  - 32  3 43  - 35  - 50 21 36 58 52 37 46  - 13  - 26  - 15  7 34 41  4 48 60 17 14 51  - 42 39 11 54 38 12  9 31 57 49 55 27 29 20 40
  8 47 26 24 28 43 31  -  - 22 10  3  - 58 25 13 18  - 39 12 60 37 38 59  -  -  - 30  - 16 35 44  - 51 34 52 36 42 53  - 50 46 15 40  2  - 14 48 11  4 17 41  - 45  5  6 57 55 29  9
 53 32 60 16  5  - 13  4 25  - 21  -  7 44  3 31 10  - 14 51  -  1 17 12  6 45 30 27 58 41  9  -  -  -  - 35 59  - 48  -  -  - 22 39 57 29 42 54  - 18 20  - 15 26 56 50 52 37  -  -
 22 44 12 21 40 25  9 35 30 53 27  - 19 17  - 18 47  2 15 29  4 48  - 33 31 57 24  5 16 26 45  - 20 37  8 56 39 60 43 42  6  - 54 41 46 51 34 14 10 32  7 59 11  -  - 52 50 36 38 13
  3 51 38 57  9 48 32  -  -  5  - 52 33 12  7 59 24 16 11 47 58  -  -  - 56 21  2 31  -  - 17 60 50  - 39  - 29  - 10 40 26 13 23  -  8 30  -  -  4 53 49 22 25  1  - 41  -  6  - 46
 58 24  4 53  3 60 34 21  - 59 12 36 30 16 41  9 19  - 23 49  - 17 13 39 18  7 15  1  -  - 33 20 57  - 35 40  -  -  5  -  - 38 31  - 32 48 10 28 37 14 29 11 42 44 43 47  6 26 50 22
 34 21 45 40 12 27 22 44  4  - 25  -  3  -  - 26  - 32  2  -  - 35 48 36 14 10 50 15 43  - 58  8 29 38 13 17 53 39 54  7 47 49  9 55 24 18 33  - 52 56 16  - 59 28 31 19 46 51  - 60
 20 19 22 48 27 50 12  -  - 10 51 47 28  8 49 55 34 23 33  - 14 53 16 25  -  9 31 41  3 40 39 26 46  6 29  - 57 15  - 37 45 11  - 24  - 38  -  - 44  5 30 35 17 58 18  7 56 59 21 54
 50  - 48  5  - 26  - 55 38  -  6  - 57 32 52  - 33 12 22  -  - 60  -  -  9 28  - 36  - 46  3  - 39  - 43 23  2 19 45  - 44 31 58 21 13 15 53  4  - 29 40 24 47 56 17 34 49  - 11 41
  - 54 32 52 56 19 18 24  - 48  1  - 58 45 34  - 17 46 26 16 47 22  -  - 55 12  -  - 53  6  -  5 49  - 30 15 35 21 42 39 41 60  - 33  - 27 31  7  - 50  2  -  - 20 37 44 14 11 25  -
  4 52 42 36 35 47 48 57 21 58 43  7 51  9 16  5 13 37 46 27 32 12 18 56  -  - 41  - 44 28 54  - 23 30 10 31 24 22 14 15  1 19 26  3 34 45  - 33  8  - 60 49 55 29 25  - 17 53  -  -
  - 39  - 10 37 46 23 29 41 21 36 48 52 22 13 27  9 30 34 53 51 38 47  2  - 55  4  3  - 42  - 32 40 25 17 14  8  -  -  -  - 15 11 50 18 60 44 19 43  -  - 26  - 35 12 16 54  5  -  -
 23 40 19 50 38 55 24  - 10  7 13  8  -  -  -  -  -  -  -  - 42 49 26 45 16 60 22 29 30  2  6 43 47  5 41 11 15 58  3 52 17 33 20 56  - 25 51 39 46 59  4 14 35  9 21  -  - 32 36 12
 46 43 37 18  - 58 10 19 55 29  -  9 59 60  2  - 40 41 27 45  - 47  3  8 38  - 16  - 17 30  - 31  - 54  - 42 23  -  - 11 39 57 36  - 51 33  - 34 50 28 13 20 32  4 53 26  - 35 52 44
  -  4 53 30 17 14  3 45 52 60 11 10  - 24 26 42  - 55 28 32 12  6  - 18 44  5  - 34  8 50 51 23 13 15 46  - 31 29 20 43 59  - 48 57 58 41  7 21  - 37  9  - 49  2 16  1 35 22  - 33
  2 46 54  - 58  1 52 43 14 25 16 42 32 30 11  - 51 39 24 57 44 41 20 49 34 38 21  4 37 31 47 33 53 48 40  6  3 12 36  8  7 28 10  -  - 55  - 59 18 19 26 17  - 27 35 56 13 15 45 50
 60 13  -  4 49 31  - 40 44  9 20 11  6 35 50 14  -  5  7 38  -  8 58 34 24  -  1  - 25 21 29 15  2 46 45 37 12 17 16  3 23 32 56 42 36 54 22 51 19 30 48 28 57 59 39 33 18  -  - 43
 54 27 13 32  - 16 30  5 31  4  - 44 38 49 53  - 57 45 40 46  1  - 33  6 42 35  - 28 11 59 50 37 12 41 24  - 14 48 52  - 10 20  -  -  9 23 56 55 26  - 25 29 60 39  3 58 36  8  - 17
 44  - 15 13 52  -  1 17 20 57 28  -  - 42 36 24 60 56 41 18  - 50 12 23 29  - 54 22 14 37  8  -  6 34 59  9  - 10  7 31 49 53  - 38  - 40 55 43 35 39 11 46 51 32 30 27 47 45 19 58
 41 35  6 25  -  2 36 49 12  -  - 45  - 47 14 46 27 20 30 59 28 43 29 22 57 44 56 54 48 38 37 18 11  -  -  - 21 34  8 17 55  1  5 13 42 52 40 24  7 10  - 58 26 19  4 31 33  9  - 16
 21  - 16 39  -  8  - 60  - 32  - 15 54 57  -  2 48 19 20 50 49  - 56 17  -  3 58 45  5 44 52 47 14 40 42 18 46 59 55 22  -  - 38  -  - 24  - 53 33 25 31 13 30 37  -  -  -  - 12 51
  - 31  3 34 11 42  -  9 17  - 33  4 60  - 54 20 29 52 37 39 41 46 43 38 25 14 40 32  - 15 19  - 35 58  - 27 28 57 59  - 21 44 16 26  - 56  1 36  5 47  8 30 48 13  -  - 23 12  2 55
 11  - 31  9 29  -  - 51 37 12 35  - 15  3 30 53  - 40 52 55 18  -  2 42 17 54 14 26 49 43  - 25 58 13  1  -  6  - 39 45 36 10 57 28  4  8 59 41  - 24 44 19 16 48  - 60 20 34 27 56
 24  - 20 41 32 59  5 34 53  8 57 14  1 46 33 21  - 49 18  - 52 26 19 28  2 39  - 38 12  7 56 29 31 16 36  - 13 35 30 60 22  -  -  - 11 44 54  6 17 51 47  4  - 42  9 15 48 43 37  -
 15  -  - 33 51 57 60  -  - 54 40  2 47  5 37 10 16 26 13  - 46 52 32 29  4 43  7  - 50  - 34 22 38 24 31 49  -  3 28 30 19 56  - 48 41  6 12 35 27 58 39  -  9 36  - 45 21  - 53 11
 45  - 46  - 16  - 56 20 11 35 53  - 25  - 55 17  6 50 44  1  5  2  8 30 26 19 18 49 38  9 22 57 54 31 27 24 48 37 40 33 14  - 51  - 15 28 58 32 21 13  3 10  - 41 52 39 42  4 47 23
 51 30  7 17 25 24  - 48 33 44 54 16  9 31 39 32  -  6 19 40 26  - 15  -  - 34  3  - 42 29 12 10 43 21 14 57 20 50 46 56 13 47 53  4 55  2  - 49  - 11  - 45 28  5 27 35 22 38  -  -
  -  -  - 19 48 56  -  3 32 41 30 38  - 23 46 45 58 14 29 54 57 16  4 52 39  - 25 59 47  - 55 12  - 22 33 20 10 53  2 36 42  5 49  -  - 34  8  1 31  9  6 60 50  7 51 24  - 28  - 15
 30 17  -  - 54 20 27  -  - 51 24  5 12 55 47 44 39 29  4  -  - 14  9 53 50 42 34 35 57 32 43 56  8 49 11 10 40 33  -  - 48  -  -  -  -  - 46  2 25 21  - 16 41  6  - 13 59  - 31 28
 14  -  -  -  - 33 21 39  - 13 59  1 35  -  6 50 31 18  9 58 53 51 46 37 40 29  -  - 60 49  - 45 55  2 44 43  -  7 38  5 30  - 17  - 52 12 47 25  -  - 22 36  4 16 23  -  - 19 10  8
 43 10 18  - 53 52 58 25 49 14 17 46 41 48 51 54 28 35 42  9 45  3  - 19  7 36 60 33 23 12  - 55  - 32 26 39  1 20 21 13  4  - 59  5 37 57  - 29  -  2 27  - 34 38 15 22  - 47 30 31
  - 53  - 27 13 41 19 28 39  2 44  6  8 14 29  -  -  - 17 26 31 56 42 24  - 50 57 51 18  3 59 48 36  9 54 32 47 49  - 34 58 22 37  - 12  5  - 52  1 33 15 40 45 55  - 20 30 23 16  7
 12 33 49 45  -  3  2  - 24 46 48 55  - 56 10 36  8 58  - 52 22  - 60 43 28 30 35 16 34 47  4 17 25 29 23 38  -  - 15  - 27 51 40 59 54  1 21 20 42 44 19  5  - 50  6  - 11 57 14 37
 16 37 25 26  1 38  8  -  - 49 60  -  - 28 45  - 53  - 59 11  - 23 30  5 58 51  - 44 32 34 20  - 18  - 56  - 50  - 24 29  - 14 13 31  - 36 43  3 12 57 42 55 52 15  - 46 39 33 41  -
  -  -  5 58 45 23  - 30  - 31 26 56 39 52  - 34  7  4 25 28 17 15  1  -  - 49  - 24 40 60 53  - 37 57 32 54 44  9  - 38 11 36 47  - 59 50  -  -  6 27 21 43  - 51  - 14  - 20 22 10
  5  - 59 15 23 32  - 11 13 24 45  -  -  4  1 29  -  -  8  7 20 40 55 41 19 26  6 43  9 27 42 51  -  - 52 44  - 16 56 10  3 18 33 49 39 17 60 47 48 34 28  -  - 46 14 57 53  -  - 38
  -  - 17 28 22  - 35 59 58 56 41  - 23 50  - 38  3  - 53 24 30 42 34  - 32 40 46 57  2 14 25  6 10 26  -  - 16  8 29 44 33 43 27 18  - 37 48  5 60 36 54 47 19 31 45  4 15  1 51 52
 29  - 50 12 44 40 20  7 43 19 23  - 34  2 42 51  5 17 21 31 56 59  - 35 13 18  -  - 39 55 49 38 52  8  9  - 60 54 47 27 37 26  - 46 25 16 41 10  3  1  -  -  -  - 11 36  - 24  4  -
 27 23 41  - 31  -  - 13  - 38 37 34 17 39 60  6  - 57  - 15 11 28 45  - 53  8 42 46  7 19 48  - 51  -  4 12 18  5 33 21  -  9 24  - 44 20 25  -  - 43  1 52 29 47  -  - 58 16  3  -
 31  - 47 14  2 54  - 36 26 40  5 33  -  7 22  1 20 38 32 23  - 10 51 15  8 13  9 39 35 53 60 42 45  - 48  - 56 46 49  6 24 50 18  - 19 58 27 17  -  3 41 34  - 30  - 25 12 21 44  4
 52 57 27  8 50 17 41 37 47 28  - 25 31 21  - 30  -  -  5  6 33  4 44  - 11  - 20  - 29 35  - 39  3 56 19 45 54 51  - 49 18 24  - 16 22 59 13 58  9 23 55 53  -  - 40 48 43 60 15 36
 39 41  2 49 18 37 55 15  - 52 32 24 42 20 56 35 45 51 12 60  - 13  7 48  -  1  - 47 28  -  - 19  -  - 57  - 25 44 11  4 54 16 21  -  - 10  -  - 34 17 14 31  -  8 29  5  -  -  6  -
 48 45 23 31  - 15 25 46 34  - 22 17  - 29  4  8  - 54 35  3 36 57  5 26 60  - 44 56 41 11 21 52  - 18  -  1 43  6 27 19  -  - 28 58 49 13 20 50 51 16 38 39 10 12 47 40  2 42  9 14
 19 16 29  7 14 39 11 52 54 26 56 13 10  - 40  - 15 27 48  8  -  5 59 31 21 41 47 55  - 58  - 24 22 60  6 51 49  4 18  - 25 42  1 44  3 32 36  -  - 35 57 38 53 33  2  - 28  - 17 34
 56 50 51 42 30  - 15  -  3 23  -  - 13 26 44 37 59 33  1  - 19 27 25  -  - 47 53  - 55  5 36  -  - 45 58  - 11 43 34 28  - 52  -  6 20 35  - 60 32 31  - 18 38 17 48 12 24 40  - 39
 40 56  - 23 46 13 49 33  2 27  -  - 45 19  - 58  - 44  3 35 43 24 52 47  - 22 29 42 10 39 11  1 60  - 16 50 51 18 41  - 15 48  - 37  - 14  4  - 57 20 53  8  - 21  - 54 31 17  - 32
 35 14 55 54 41  6 17 26 48 20  8 30  -  -  - 56 36 15 58 25  - 34 53  9 37 46 49  - 51  - 31 50  7  3 28 59  5 11  1 47  - 27 42  - 38  4 32 44  - 60 45 12 24 43 19  - 16 39 23 21
 47  - 33 46  6 51 53 16  - 43  9 60 14 34 24  -  - 48 54 17  7 30 57  - 35 25  5 10 13  -  - 21  1 12 20  - 38 36 44 41  2 59 50  - 28 31  - 15 39 52 58  - 23  - 32  3 29 49 56 18
 59 38 24 51 15 29  - 47 36  6 58 27 43 10 12 39  - 25 55 48  - 11  -  -  - 52 45 21  4 17 26  - 33 28  2  8 37  1 19 53  - 30 41 54 50 22 35 40 16 42 18 32 20 60  7  9 44 56 49  5
 17 28 40 44 33 12 38 10  9 47  - 58 29 53 48 49 21 24 50 34 13 31 22 32 52  6 39  - 56 18  2 54  5  1  3  - 30 55 26 35  - 25 43 23  -  7  -  - 45 41 51  - 36 11 20 37 60 14  -  -
 55  8  - 29 26 44 57  - 40  - 52  - 53  6  -  3 11 13  - 20 15 39 41  - 33  - 23 14 59  1 30  - 32 42 47 36  - 38 31 46 34 45 35 22  5 21 50 18  -  7 56  - 54 25 28 43  9  2 60 27
  -  - 39 60  - 10 44 58  - 34 46 31  - 54 43 47  -  - 16  5  8 36  6 57 41 56 51  - 22 45 18  7 15  4 50 33  - 52 37 55 53 21  2 19  - 26 49 38 30 12 24  3 27  - 42 28 32 13 48 20
 37  2 30 35 10 49  4 31 51 39 55 29 18 36 27 33 43 59  - 56  9  - 11 58  - 48  - 25 54 52  7  -  -  -  5 41 32 14 17 57 12  6 44 47 60 53 26 23 22  8 46  1 21 34  -  - 38 50 13  3
 13  9 35 20  - 34 45 50 59  -  - 32 21 40 23 52  - 36 38  - 37  -  -  3 51 53 17  -  - 56  - 16  - 44 25  -  - 30 22  2  5 58 12  8  6  - 24 57 15  - 43 54  1 18 10 11  - 27 46 47
