2880
  - 34 23 18  - 45 35 12 59 42 30 21 19 40 29  -  -  9 15 17 47 37  - 22 54 16 58 55 57 11 46  7  3  -  -  5 32 26  4  - 49  - 20 24  1 14  -  8 39 27  2  - 48  - 60 38 43 25  - 36
 24 10 29  - 42 19  - 48 49 27 18 28 33 52 57 23  - 13 54 26  - 39  9  -  - 40  1  4 17  7 11 35  5 37 21  3 31 38 45 20 41 53 55  - 34  8 46  - 44 58 12 43 56 36 59 16 32  - 25 14
 16 17 13 49  4 36 30 52 10  3 56 41 46 55  7 21  5 12  1  8  -  - 35 26  - 48  - 23 15  - 44 27 45 43 53 40  9 51 32  - 57 50 14 59 47 60  - 31 42 25 29  -  6 39 20 24 33 58 28 18
 30  - 33  5  -  - 31 50 41  - 49  - 47 27 14 51  6 44 34 25 29 24 56  2 58  9 45 11 13 38 32 17 59 21  - 22 53  8  7  4 10  - 54 12 52 40 55  - 60 18 35 48  1 20 37 36  - 57 19  -
 60 48 11 38  - 51  3 39 52 44 24 43 37 18  8 40 45  4 10 35  2 56 27 23  - 58 30 19 31  - 41  -  - 32 47 26 46 20  -  7 33 59 25  - 54 50  -  6 13 53  - 14 15 55 36 49 12 34  9 22
 20  5 10 37  - 12 24 51 56  6 35  - 54 59 21  9 46 40 42 38 14 45 36 16  8 13  - 52 60 49  - 47 43  -  1  - 39 25 58 29 19 23 50 28 57  - 26  - 33  7 22 32  3 18 31 11 34 17  - 41
  1  - 15  -  7 35 44 13 42  4  5 12  3 36  - 52 20 22  - 59 51 31 54  - 23  - 38 56 33 18 57 19 58  6  - 16 43 46 24 39  8 27  - 53 29 21 30 26 17  9  - 45  - 34 40  -  - 60  2 37
  -  7  -  - 32 52  -  - 16 56  8 34  2 47  6 42 22  - 37 36  5  -  - 59 17 18  3 54 48  -  -  - 20 40 35 50 21  - 49 58 23 30 53 10 43 55 29 60  - 45  - 24  -  - 25 15 28 39 26 13
  - 30  -  - 37 31 40 56  -  - 43  -  8  3  2  -  - 41 44 27 22 47 39  - 52  - 12 51  5 58 55  4 29 54 18  7 50  6 21  -  - 46  - 48 38 42 20 32 28 19  - 57 49 24 33 35  - 11 45  -
 40 58 20  8 30 27 15 35  6  -  -  9 23  7 43  -  - 39 38 50 18 33 12 37 57 59 17  - 55  4 31  - 21 29  - 49 19 42 46 53  1 47  5 36  - 48 25  - 32 60 52 16 14 10 56  3 22  - 54 11
 25  - 39  -  - 55 33  8 36 48 26 32 29 43  1 11 56  - 19 51  - 60 46  - 24  - 23 57  6 27 28 21  -  -  - 42 38 58  9  - 18  5  - 49 31 34 44 53 40 16 45  - 30 50  - 12  4  - 15 35
  - 15 27 22  2 14  - 47  - 38 45 50 18 44 52 57 19 49  - 60 39  4 13 42 30  5 26 32  - 31  7 33 25 11 23 58 48 37 16 59 17 20 12 55 21 51 53 41 56  3 28  6 34 40  1 54 36 10 46  -
  - 60  - 16 59 29  - 53 26 17 54  7  - 22 23 36 35 33 40  5  6 30 11 47  1  - 25 48 42  -  4 34 50 12 10 39 28  - 15 51 14  - 24  -  3 18 58  - 43 38  -  - 37 56  8 27  2  9 31 46
  - 28  9 58 41 59 55 30 54 32 47 23 16 53 27 17 29 46  -  3 35 49  -  -  5  8 11  - 43 13  - 14  -  - 57 45  - 50  1  - 60  4 15  2  - 52 33 40 20 34  - 26  - 19  - 48 10 56 42 44
  -  8 12  9 33 30  7  2 51 24 23  - 35 34  - 15 54  - 18  - 28 22 25  - 21  - 39 13 14 53 59 50 48 19 42 11 17 36 37  3 58  - 29 56  4  1 41 46 55  - 40 20 27 31  - 60  - 43 38 26
  2 56 38 57 48 17 37 16 20 58 31  - 59  6 11 50 44 35 28  - 49 40 53  - 36 32  - 47  -  -  1 24 13  9 25  - 51  - 60  - 12 34 22 15 39 26 23 45 21 42 10 19 54 41  4  8  7 27  5 30
 12 35  - 26 49 33  2 19 31  8  -  -  9 11 34 28  - 52 32 29 42 18  -  - 45 60 21 22 38  1 14 57 39 46 24 53 16  -  6 36 25 37 10 20 40 44 15  - 51  -  -  3 50 54 43 55  -  5 59 56
 51 33  4 24 12 41 57 18 11  - 53  8 20  - 38 60  - 34 46 14  -  - 50  - 32  - 16 44  2 45 56 15  9 39 36 54  - 59 35 40  6 42  - 17 13 25  7 10 48 55 27 22 52 26 19  - 31  1 47  -
 53  - 45  3 26  7 60 59  8 39  6 52 12 14 35 25 37 43  - 42 57 29  - 19 48  -  2 17 50  - 20  -  - 23  - 27 49  - 22  -  4  - 46  -  -  - 13 33  - 32 51 36 40 16 30  1 11 15 41  5
  9  -  -  - 38 18 26 11  4 46 52 40 24 19 47 16 32  7  - 58 34  - 17  8 60  - 54  - 20 39 22 48 36 14 50 25 27 23 59 42  -  1  2 31 12 33 28 57 30 35 37  5 10  3 49 43 53  - 44  -
 47 45  - 19 28  8 49 54  9 41 12  1 40 10 17 27  4 60 20  - 23 36 58 21 39 44 18 14 22 30 53 38  - 55  -  - 57 48 51 56 37 43 16 25  5 15 31 11 24  -  - 46 13 35 29 32 59 42  3  6
  7  -  - 34 17 50 52  5  - 23 41  - 13  2  4 31 39  - 29 48 25  -  - 55  9 21 24  1  8 59 45 46  - 53 30 19  - 43 27 28  - 57 18 37 10  3  - 51  - 14  - 49 16 15  -  -  -  6 40 32
 58 18 46 54  - 22 48  - 28  2  -  - 42 13 26  - 38  6  7 40 50 32  1  - 53 52 36  - 21 12  - 11  8 35 20 14 15 45 33 10 30 31 43  3  - 23  -  - 41  4 55 37  - 60 57 29 51 47 27 19
 48  2 58 47  -  -  8 17 38 52 57 15  - 60 56  - 27  - 25  -  7  - 37 46 10 35 53 21 11 40 34 42 24 20  - 44  5 19 14 54 59  -  - 29  -  - 43 18 31 41  9 23 22  4 32 51  1 45  - 50
 56 19 16 44  - 28 34 25  -  - 60  - 49 33 40 20  - 50  5 39 26 48  - 24 59 14 51  6 37 32 47 22 55  - 15 29  4  7 12 27 43 58 17 11 41  2 18  - 36 57  -  - 42 30  3 52 38 31  8 45
 36  -  1  - 44 37 58 55 60 25 14 16 11 42 28  6 53 54 13 43  - 35  4  - 56 31  5 10 52 21 39 23  - 50 29  - 34 22 38 15 48 32 26  -  - 47  8  -  3  2  - 17 45 12 41  9 30  7 20 24
 27 37  2 50 54 40 11  -  - 14 36  - 39 21 58 22  1 28 31  - 53 51 59  - 26 34 43 33 25  -  - 20  -  3 49 52 10 24 13 60  5  -  - 42  8  - 12  7 19 46 15  9 55 29 45 17 18  - 16 47
  -  - 49 21 47 48 17  - 15  -  -  - 60 37  3 44 26 29  9 22 58 54 34 38  - 46 35 53 18 20 19 56  - 27  2 57 45 16 41 12  7 13 11  - 55 59  6 39 25 28 36 42  8 43 51 40  5  - 50 31
 11 52 22 60 15  -  5  - 29 49 10 17  6 35 41 45  - 26 21 18 27  8  -  -  4 33 20 30 16 28 50 36  - 34 55  1 56 44 47 38 32 19  -  7 14 54 24  9  2 48 43 51 23 42 46 58 13  -  - 25
 41 59 54  - 52  4  - 27  - 16 48 25  7 15 33 34 58  8  - 21  1  2 32 51  - 20 22 40 49 14  - 31 46 28 17 35 42 55  3 50  - 24 19  - 37 13  9 30 26 56 11  -  - 47 12 57 39  -  - 10
 57  9 48 41  3  -  4 32 40 54 50 31 56  1  -  -  7 19 49 52 20 42  - 35 15 38 47 29 51 36 60 53 10 18 45  -  - 11 55  5  2 16 13  - 44  -  - 37 27  - 46 58 17 33 28 39  -  - 21 12
 31 40  7 55 50 56 51  - 23 21 28 11 30  5 20 37 57 58 35 44  4 25 45 54 41 36  - 42 53 10 26  2 38 49  9 15 47  1 39 19  3  - 34  - 48  6 32 14 16 22 18  - 29  8  - 13 52 24  - 33
 19  - 43 42 45 53  1 34 25  -  - 38 31 54  - 59  - 47 52 11  9 17 55 13 50 26 10 28 44  8 48 12 30 56 37  -  3 32 36 57  - 18 39 22  -  -  -  - 29 49  - 41 60 27  - 14  6 21  -  -
 37 20 30 56 55 44 53 28 18 36 25 22 58 31  - 39 48 42  8 57 45  - 38 32 12  -  9  - 24  2 10 52  - 13  3 41 14 40  -  - 35 60  6 33  7 17  - 23 34 59 16 15 11 21 26 47 19 54 49 27
 34 44  8 17 60  - 39 42  7 43 13 10 21 23 48 46 50 32 53 15 40  - 41  - 47  -  -  -  3 26 38  5  - 45  6 51 20  2 18 14  9 28 33 27 11 30 36 19 49  -  - 12 57  -  -  -  - 55 35 59
 59 12  - 27 24 20 45  - 55 47 11  - 51 38 42  4  - 17 41 37 48 15 52 33 19 56 13  -  7  -  3  1 49 60  - 30 36 39 10 25  -  - 35 16 32  9 54 34  8  6 53 31 43 28 18 23 50 46  - 58
 55  -  6 32  - 49  - 45 30 26 46  5 36 20 50  - 15 27 58 10 59 28  3 41 25 17  - 38 34 16  - 29 22  -  8 24 37 56 53 18 54 11 31 39  -  - 35 13 52 43 33  4  - 23  9 44  - 40  -  1
 14  -  -  - 21 42  -  9 19 22  - 55 32  - 13  7  -  1 60 30 15 44  - 27 43 41  4  - 58  - 36 40 56 57 31  - 26 53  - 47 46 17  -  8 49 35 10  - 23 20 39 54 33  -  2  5 48 16 11 38
 45  - 55 48 43  -  - 23 58  - 17 47  - 51 49 32 42 18  - 34 36  -  8 39  -  1  7  -  -  9  - 10  - 30  -  - 60 29  - 26 15 21  4 54 33 46  - 27  - 24 44 50  -  2  5 25 41  - 37  -
 52 43 14  2  -  5  -  4  -  9  - 45 28 39  - 19 36  - 22 20 12 41  -  1  - 37 32  - 59 34  -  8 15 24  - 48  - 10 25 35  -  - 58 23 17 29 57 21  - 50 42  - 31 46 55  6 40 53  7  -
 42  -  - 52 18 25 22 10 27  - 55 58 43  - 46 53 24 20 16 12 54  - 14 56  7  2  - 34 36 51 23 37 11  -  - 60  -  - 31  6 21 44 28 19 15 39 40  5  4 30 47 38 59 32  -  -  9 48 57 29
  - 50 53 46 51  2 32 14 37 11 39 18  4 24 44 10 43  - 26 49 55  6 33 57  3 12 52 35 45 29 15  -  - 42 56  -  - 54  8 30 31  9 40  - 16 28  - 38  7 21 41 47  5  - 27 20 23 19 22 48
 50  - 25 35 22  9  - 26 39 33  - 36  1 56 10 38 14 15  - 31 24 58  2  5 11 28 37  8 27  - 43 55 44 48  - 13 41 30 19  - 42  6  - 32 46  -  - 29 54 52  3 34 47 59 53  4  - 51 18 49
 28 13 47 39  5 60  - 21 17 30  -  - 41  4  -  -  - 53 51  9  - 59  -  - 40 55 19 20 54  - 52 26 14 33 38 31 18 15 56 43 29 45 32 34 36 57 27  - 37  - 50 35  -  7 48 46  8  3  6  2
 17 21 42 36  - 43 16 20 50 15 32 37 27 57 18 29  -  - 39 19 13 12  7 60 38 54 14 24  - 33  5 45  -  4 41 47 52 35 48 44 22  8  1 40  2 53  3 56 58 10  - 25  9  -  6  - 46  - 51 55
 46  -  - 40  6 10 12 37 21  - 19  2  - 25 32 55  - 36 47  -  - 53 49 29  - 39 57  3 56 48 35 30 60 51 59 20  -  -  -  9  -  - 27  - 23 11 42 43  5 17  7 13 41 58 22 18 14 33  4 15
  8 39 19  7 46 23 25 41  3 13 20  - 45 12 53 48 21 10 33  6 43 27 22 14 42  -  -  2  9 47 24 18 31  5 60 37  - 34 17 55 28 36 44  4  - 16  1 15 59 29 26 40 38 57  -  - 35 32  -  -
  3  - 51  - 31 38  -  6 48 59 16 54 17 45 37 35 33 24 30  -  8  5 47 50  - 27 49  -  1 57 21 25 52  - 46  - 40  - 28 11 55 29  - 44 42  - 39  4  - 15  -  7 36  - 10 19 26  - 56 34
 18  -  - 20  -  - 14 49  -  7 22 51 25 50 54  8 10  5 23  - 41  9  - 48  - 42  6 43 46  3 16 32 27  - 11 59  - 60  2  - 26 52 56  -  -  -  - 35 38 12  1  - 24 37  -  - 57  4 34 39
  - 23 28  -  - 39  - 43  2 18  - 42 53 16  -  3 12 48 14 24 32  -  5 11  - 50 27 46 10  -  - 51  -  -  - 34  7  -  -  - 13 35  8 26 22  - 47 36  9  - 57  -  - 44 21 59 29 49 55 60
 26 27  - 14 35  - 28 15 34 57 29  3 44 46 12 18 31 21 11 45 37 10  - 53 55 30  -  5 32  -  -  9 51  - 39  8  -  4 20  - 16 49 36 41 56 38 19 17  6 33 59 52  2 48 13  - 58 50  1 40
 22  - 34  - 36 11 10  3  - 19 38  - 57  9 25 56  - 30  4  1  -  7 31 52 28 15  - 60 41 23  -  -  6  - 40  -  - 27 44 37 47 48 42 35 51  5  - 50 14 39  8 53 26  - 24  - 20 18 58 43
  - 31  - 11  9 47  6  - 13 51 15 27 34  - 19  - 18 45 12  - 16  - 10 36 44  7  - 25  -  - 30 59  2 22  5 17  - 21 26 32 24  - 38 50 20 43 48 49  - 37 54  1 46 52 42 56  3 28 60  4
  - 22  - 10  8 13 46 60 44 34 21  - 38 48  - 47  -  -  2  7 52 19 24 31 27 51 50 15 12  - 40  6 41 36 58  9 23 49  - 45  -  - 57  5  -  - 37 28 11  1  - 59 20 53 14 42 54 35 33 17
  -  6  - 23 10 24 54  - 57 12 51  -  - 32 15 58  - 14  - 47 56 21 29 45  -  - 44  7 39 41  9  - 33 16  - 28  2  5  -  - 52 55  3 46 35  4 34 25 50 11 48  8 18  1 38 26 17 36  - 53
 35 42 44  - 40 58 41 29 22 50  2 19  5 17 59 30  -  -  - 54  - 34 15 28 20 49 46 36  4  6 13 39 26  1  - 32 11 33 43  -  - 25 47  9  - 31 52 48  - 51 38 56 21 14  7  - 37 23  - 57
  - 53  5  - 27  3  -  1 12 40 59 33 10  - 36  - 25 57  -  - 38  - 42 43 51 24 31  - 30 19 29 16  - 52 32 56 55  - 23 46 50  7 60 14 26 37  - 47 45 54  6 39 28 49 58 34 15 22  - 20
  6 25 52 53 58 46 18 36  1 55  - 60 15  -  - 54  -  - 27  4  - 50 20 12 31  3 40 59 23 17 33 43 47  8 22 21 44  9 34 49 56 51 41  - 19  7 45 16  -  5 32 29 39 13  - 10 24 14 48 28
 54 26 18  -  - 32 13 57 43  -  - 53 55 30 39  1 17  -  -  - 31 20 19  - 22 29 28 27 47  - 49  3 16 25 12  2  6 41  5 48  - 40 51 52 50 10  - 42 46 36 56 44 35 38 34  -  -  - 14  9
  4 47  3 31 25 21 43  7  -  -  - 59  - 49  9  - 34 51 57 56 33  -  6 17 46 53  - 39 19 50  - 54 28 41  -  - 35 13 40  2 36 22  - 18 45 58 38  1 15 44 20 11 12  5 23 30 55 37 32 42
