2880
 42  -  - 10 55 25 24 58  - 31 11 46 43 28 27 22 54 30  5 60  1 32  2 53 14  6 56 23 35  8  -  - 12 59  4 40 49  -  -  - 20 36  - 44 13 33  -  7  9 21 39  - 47 57  -  3 19 17 50 48
 34  - 32 45  7 54 38  - 37 51 22  4 14  - 39 16 24  - 46 35  5 33 28 42  -  - 10  - 11  - 58 21 49 36 47 50 53  8 26  -  - 13 43  -  2 44 41 56 15 27  3 23  - 17  -  -  1 55 29  6
 31 18 50 29  3  -  8 24  - 14 28 41 10  5  - 49  7 22 33 55 30 47 25  - 11 58  - 39 43 12  9 34 27  6 38 20 40 45 17  4 44  - 59 16 15 19 35 46 26 32  - 42 53 21 48 37 54 51 36  2
 39 11 52 41  - 26 60 51 44 45  3  - 24 12 40  - 53  6 10  1 59  2 18 38  4 34  - 15 20 19 42 25 56 49 33 23 58 47 57 30  5 37 17 31 43 50 32 16  - 46 27 14  - 54  9 36  7  - 21  -
 54 14  2 36 13  5 59 23 19 33  - 29 55  - 32 25 46 52 42  7  - 48  - 10 38  -  - 31  - 56 49 11  1  -  -  - 24 20 41 40  -  - 22 34 57 45 26  -  6  - 44 43 30  - 39  4 17  - 58 50
  6 37 22 19  -  4 48 43 59 58 36 26  -  - 52 32  -  - 53 10  - 40 56 60  5  - 54  - 55 30  - 39 17 13 35 47  3  -  - 21 41 27  -  8 44 28 16  - 14  9  - 12 18 25 24 57 50  2 51 31
  5  - 18  -  2 11 30 53 14 50  - 15 35 46  -  - 28 32 45 47 43 29 41 58 49  4 42 34  3 40 23  9 38 52 24 44 31 17 27 55 36 51 26 54 37  1 20 13 25 33 21 19 39  6 16 10 22  -  - 59
 57 26  - 31 51 55 34 59 30 54 27 56  -  7  9  -  1 50  - 36  2  - 37 28 47 10 52 38  4 42  - 29 41 35 60 24 45  5 49 17 32 46 48 53  3 13  -  - 11  -  - 15 12 16  - 43 33 25 20 23
 26 48 34 50 42 28  -  -  -  3  2 17 36 44  - 12 40 20  1  - 33  6 46 21 56  - 35  - 38 16  5 51 31 41 37 14 47  4 60 54 58  9  - 32 22 49  -  -  8 57 19 59  - 18 13 11 39 30 53 27
 30 23 60 18 37 24 45 16 35  9 17  3  - 34 44  8 48 46 12 29  -  7 50 26 59  -  - 52 15 20  - 28 55 21 56 49  - 14  - 11  1 19  6 25  -  - 38 27 36  4  - 10  5  - 58 40 32  - 13 41
 21  2 36  9 33  -  -  - 46 59 16 53 56 25 34 48  - 42  - 19 23 55  - 29  - 57  - 13 39 24  - 44 11  -  5 37 41 52 51 32 18 31  4 45 54 43  3 30 17 28 47  6 27  7 50 22  -  - 10 40
 27 38 21  7 28 50 44 31 29 49 41 33 17  - 48  - 11 15  - 46  -  -  4 34 58 39 19  - 18 47 26  5 51 57 22 60 16  6  - 59 14 43 56 42  - 36  2  - 24 25 23  - 45 13 55 20 35 12 40  -
 11 25  - 20 59 16 35  9  - 18 30  5 23 31  - 50 42  - 60 15 48 17 58  -  - 36  8 12  2 37  3 14  - 45  1 29 10 13  - 27 54  - 33 52 46  4 40 21 44 22 51 39  - 32 28 41  - 43  - 19
  - 27 30 13 22 40  7 44 42  - 59 47 39  4 46  - 52 21  -  - 28 12 43 32 18 54 16 20 60  - 41 48 23 55  - 31 51  -  - 33 19 25 37 15 34 10 49 11  - 17 14 45  3 53  6  -  2 56  8 36
 47 20  -  3 32 58 14 46 33 16 44  2 49  - 23 18 43 57 24  5 38  - 40 31  7  - 17 56 50 13  - 41  - 28 27 39 26  -  -  6  - 54 34 22  - 30  1 12  4 37 10 60 11 42  -  - 25 15 45 53
 36  3 23 53  9 34 50 48 20 27  6 58 13 10  - 28  8 11 35  - 26 18 16 40 41 47 39 30 46 15  -  2 52  - 31 54 17 55 19 12 49 60  -  - 51 59  - 22  - 43 25 24 44  - 37  1 56 29 38 45
 29  1 28 34 36 35 27 30 55 37 47 59 50 19 25  6 57  - 49  - 60 43  8 22 39 45  9 51 10 11 13 38 40 23 15  7  - 18  2  -  - 42  - 26 32 52 48 14  - 41 56  - 58 46 53  - 44 20 54 33
 25 56  -  -  -  - 23 39 32 10  8 50 27 15 58 38  6  - 30  -  - 51 33 19 31  -  - 43 14  5  1 54 34  - 36  9 60 42  3 47 29  - 53  7 12 11 37  4 52 13  - 28 59 49 40  - 26  - 55 35
  - 41  5 32 35  -  1 56 43  - 51  8 30  - 29  2 55 17 34  - 47 58 11 13 50  - 25 21 45 52  6 12  - 54 10  - 18 49 24  9  7  - 36 28 31 39 19 48 20 15 40 33 38 60  3 44 59  4 23 37
 12  - 25 17 58  6  5 10 40 56  -  - 52 41 55 31 39 36  - 23 44 57 54  7 27 33  4 60  - 22 46 47 48 51 30 13 20 16 18  -  -  - 19  - 42  3 28 35 45 11 50  1 37 34  2 53 15 38 32 49
 50 54 51  - 10 36 41 32  -  - 21 39  - 35 18  - 23 19 29 38 52 42 22  - 17  - 59  6 16  9  - 13 57 37 49 12 30 31 58  1 28 26 55  - 11 24  - 15  7 20  -  - 60  - 27 47  - 48 43  5
  1  - 24 54  -  - 25 17 60 52 40 12 29 21 59  - 32  -  2  8 16 36  -  4 15 11  3 27 58 31  -  - 19  -  6 53  9 48 39 43 42  7  5 13 30 18  - 57 47 35 46  -  - 55 56 50 20  - 49  -
  -  -  - 42  - 37 11 12  - 30  7  9 15 32 24  5 49 26 51 43  8 38 39  6 25 50 22 18 57 58 45  - 16  3 14  4 21  - 55  2 31 48  - 59  - 56 46 53 19 36 20 47  - 23 52 29 28  -  -  -
 55 46  - 59  5 32 17 18 48 12  - 43  -  - 54  -  -  2 14  4 58 25 30 47 53  - 38  - 13 49  -  7 22 39  3 52 42  - 10 60 15 57 45 20  1 37 36  - 16 40  9 56 26  -  - 24 31  - 11 51
 15  - 37 21 38 33  -  -  - 47 31 49  1 58 22  9 45 23 36  -  -  3 53 11  -  -  - 48 51 29 57 55 39 60  2  - 50  7 35 25 16  - 10 30 24  - 54  - 46 42 26 27 13 56 17 14 43 18 19 52
 10 58 53  4 12 47 16 27 49 42 25 20 46 52  6  1 33 28  - 59  - 26  -  - 13 56 32 41 36 54 37 43  7  - 55  - 39 60  - 14 23  -  8 19 48  - 21 17 51 45  -  -  2  9 57 18  5 34 35 29
 28 40 33 56 23 52  - 41  -  5 50 38  9 45 14 15 47  8  - 49  - 35 27  - 29 26 31  4 34 46 24 19  3 10 12  -  - 58  - 44  - 32 11 43  -  7  - 36 55 30 54 13 57 22  - 16 37  6 60 39
 37 47  - 44 17 41 57  2 10  -  9 35  7  - 50 53 22 49 15 30  - 13  - 43 54  - 58 19  1  4 40  3 29 20  - 33  5  - 14 38 39  - 24 48 45  - 34 51 60 31  - 46 21  - 23 32 27 36 26 56
 20 15 42  -  4 49 22 40  8 48 43 55 41 60 33  -  5  9 56  3  - 11 17 14 36 46 23  1 52  7 54 24 45  2 39 25 44  - 31 53  6 34  - 57  - 21 10 32  - 16 38 51 19 50  - 58 13 35  -  -
  - 29 47 22 49  - 21  - 17  7 56 13 32 33  4 46  9 60 31  -  6 14  1 39 28 16 24  3 23 59 43 37 53  - 34  - 55 36 25 45 11 52 18  5 35 48 12  - 58  2 42 20  8  -  - 19 30 41  - 44
 43 55  7 35 29  3 49  4 58 19 18 52 33 22 57 59 26  - 23 44 21 46  9 41 20  2 11 50 48 60 28 31  - 14 16  6 27 34 32  - 13  - 47  - 36 51 15  - 53  5  - 30 54  -  - 42 40 37 39 17
 53 10 26 51 18  - 31 21  -  - 32 60 54 36 47 27 41  -  - 25 49 23 59  5 48 29 20 14  6 43 44 30 28 19 40 45 22 12  -  - 17  3  -  9  -  - 52  1  - 34  4 37  -  8 42 46 38 57 16 24
 33  - 16  - 27  - 47  -  7  -  5 57 60  8 20 45 18  - 39 42 12 56 44 48  9  - 37 58 19 36 30 32 59 34  -  2 15  3 28 50  - 23 51 29 40  -  4 10  1 14  - 35 49 26 22 55 52 24 31 43
 19 22 27 14 47  -  3  -  5  2  - 44 48 17 16 23 50 38 20 51 45  - 52 56  - 41 28 46 49 55 60 36  - 25 32  1 35  9 11 18  -  8  7 33  -  -  - 34 43 24 37 58 31 59 54 15 53 21 12 57
 24 36 44  - 54 12 13  - 39 15  - 31 16 29 43  - 10 53 55 33 41 60 34 49  -  -  - 42 40 17 25 57 32 26  -  3  7 28 52 37  4 21  -  6  5  - 27 19 48 51  -  2  - 47  8  - 11 58 56  -
 56 53 14 23 57 59 36 15  - 26  1 40 22 51  2  7 37  3 21 31  -  - 19 24 30 49 41 11 47 25 29 52  -  - 17 10 28 27  4 13 45 12 54 55 18  8 43 50 38 39 35  - 32 58  5 60 16 46 33 20
  2  -  9 38 15 20  - 36  - 34 53 14  - 39 60 43  -  - 41  - 50 49  3 44 51  5 29 26 25  - 12  8  6 32  -  - 54  -  - 10 52  4  - 46  - 35  - 42  -  - 48  -  - 37 30  - 45  - 47 16
 44  9 15 58 60 19 42  6 21 32 35 24 38  1 26  -  2 34 22  -  - 31 10 12 37  3 30  7 33 39 36 50 20 17 48  5  8 41 40 28 55 47 13 56 25 29 59 23 57 53 49 16  -  -  - 27  - 52 46 14
 18 42  1 24  -  8  2 13 57 38  - 45 12 14 30 58 25 51 28 39 53 41 60 27  - 52 47  - 56 35  - 23 43 33  - 11  4 26  6 29 48 55  3 36  7  9 50 54 37 10  5  - 16 20 15 49 34 32 44 22
  -  -  -  -  - 17 18 14  - 11 20 23  - 53 36 21 31 55 32 13 56 10 57 54 42  - 51  - 28 27 50 35 15 24 19 22  6 59 43 16  -  2  9  - 60 26 45 39 30 48 29 52 46 40  4  8 58 33 37  3
  8 43 12  6 30 44 58 29  1 17 26 37  3 54 41  4 59 18 25 24  9  -  - 15  - 51 46 10 31 38 16  - 14  - 57  -  - 21 53 22  - 49  -  2  - 20  -  -  -  7 32 50 35 28 36  - 23  -  5 11
 23  7 19 28 21 48 33 11 16 13 58 51 26  - 31 42  -  -  3  2  - 39 15 36 10 27 50  -  - 57 17  - 46  - 29 32  - 25 59 20 24  - 35 37 52  -  -  9 12  6  - 40 22 43 34 38 47  5 30  8
  9 50  4 39 45  1  - 22  - 21  -  -  - 24  7 51  - 27  - 12 29 19  6 17  - 23 43 37 59 53 48 20  -  - 13 46 33  - 42  3 10 35  2  - 16 32 18  5 28 26 57  - 55 36 60 56 49 44 14 58
  - 52  3  1 14 30 28 60  9 43 39 10  6 49  5 37 56  -  - 32 13  4 42  - 26  - 45  -  - 44 27 15  - 38  -  - 36  - 23 57  2 17 58 12 47 34  - 31 54  - 33  - 24 19 25 48  8 53 22  -
 16 32 56 12 52 31  6  - 18 35 57  - 37 23 21  - 27 47 13 58 19  -  7  8 45 59 60  5  -  - 53  4 10 11 28 43 46 22 29 15 30  -  - 24  - 41 17 49  3 44 36  -  - 38 14 39 51 26  2 25
  - 13 20 37  - 18 32 38 47  8 42  6  -  9 15  - 17 59 52 28 57  -  5  3  - 19  1 44  - 14 10 60 36 56 45  - 23 53 33 51 27 22  - 50 41 31 11 55 40 54 43  - 34  2  -  7  - 49 25 21
 40 24 13 48 19  - 46  7 56 22  - 18 42 50  3 36 30 43  - 37 35 15 20 55 57 28 34  2 29  6 51  1  9 53 44 16 14 33 12 39 38  5 27  -  - 47  -  - 59 58 41  -  4 11 32  - 21  - 52 60
 52  - 17 49 24 27 29 28 31 53 15  - 59  - 38 20 60 14  - 48 11 16 45  - 55 30  2  9  5  - 39 56 18 22 54 26  - 37 50 19 34  - 46 51 23 12 44 43 13  3 58 25 41 35 10 21 42 40  -  -
 13 30 58 52 11 38 39  1 53 28 48 27 20 40 45  - 51 16 54 56 42 34 24 18 43 60 14  -  - 21 15 17 37 46 41 55 29 19  7 31 35 59 32 49 10 25 57  2  5  -  - 22 50 12 26 23  3  -  4 47
 32  8 57 30 40 56  - 37  -  - 52 19 31 38 11  - 14 35  - 54  3 45  - 46 16  -  -  - 17 10  - 58 44 43 25 36 59  2 48  7 51  -  - 39 49 27 53 47 22 50  - 34  1  - 12  -  - 60 28  -
  -  - 48 27 46 53  -  -  -  - 13  1 11 43 19 17 21 33 37  - 39  - 55  9 52  - 44 28 22  2 31  - 54  -  - 38 32 56  -  - 57 58 41 10 50 15  8 45 42 47  - 49 51 24 18 30  6 16 34  4
 58 33  - 40 50  7 51  5  3 46  - 30 44 57  -  - 20 13  4 53 36  - 31 25  2 15 55 16 54 41 11  6  - 42  - 19  - 32 45 48 37  - 60 27 14 17 22  8 10 38  -  -  -  - 49 26 18  -  9 12
 38  5 35 26 39 42 43  - 28 60  -  - 40  2 13 52  - 10 17  - 20  -  -  -  - 24 12 25 32 34  - 53 21  9  -  - 37 57  8 36  -  -  1 47  -  -  - 18  - 23 31  - 29 30  -  -  - 54 27 46
 59 44 40 55 41  2 12 47 54  1 14 42  - 26  - 60 16 25 27  9 17 21 29 52 33  - 36 24  7  3  -  - 35  8 53  - 19 50 56 58 22 45 38 11 20  -  -  -  -  - 15 48  6 31 43 28 10  - 57 13
  3 17 10  -  6  9  -  - 12 20 46 48 51 56  1 14 13  5  - 11  4 54  - 37  - 32  - 33 53 45  -  - 58 47 50  - 25 39 22  - 43 16 49 18 38 42 60 44 34  - 28  7 36 15  -  - 29 19 24 30
 48 19 46  8  -  - 37 52 15  -  4 25  5 11 12  -  3 24 50 27 51  9 13  2 22  1 49 17  -  -  7 16 33 30  - 58 38  - 47  - 21 39 31 40  6 60 23 20 56  -  -  - 10 41 35 54 36  -  -  -
 45 31 59  - 43  - 19 20  - 36 55  - 47  -  - 24 12  - 16 34 40 53 14 30 60 25 26 57 27 23  2 22  4 58 51 42 48 54  5 49  - 44 28 17 21 46 13  3  - 56  7 38 52  - 29 35  9  -  - 10
  - 45  - 43 25 51 54 26 38  - 60  7 18  - 49  - 36  - 19 14 27 20 47 59 44 12 53 32 37 50  -  -  2  -  -  - 56 30  1 46 33 24 21  - 55 23  9  6 39 52 16  - 15 10 11 34  - 28  3 42
 49 39 11 57 20 15 56 34 22 44  - 28 19  - 17 55 35 29  - 45 31  - 32  -  - 40  7 53 30 51 18 10  5 27 43 21 13  -  9  - 46  - 52  -  - 54 14 58 41 60  2 36 25 48 47  - 24  3 42  -
  -  - 29 25  -  -  - 45  4 40 34 54  8  - 28 13  - 39  - 21 55 59 36 35 32 37  - 22 24  - 20 18  -  - 26 41 11 43 16  5  - 30 57 58 27  2 47 38  - 19  - 53 42 14 33  9 12  - 17  7
