2880
 56 33 13 24 59  9 23  - 43 39 34 36 42 53 45 49 17 31 41 18 38 50 60 40  4 51  - 35  -  -  -  - 10  - 26  - 47 19 27  8 14 11 28 20 46 15 30 58 22 12 48  -  5 55 32 54  -  -  3  7
 23  - 48 58  - 54  - 13 44  - 49 25 38  - 56 31 59 51 43 26  7 21  - 36 34 46 40  2 22 16 47 27 19 12 32 18 60  -  9 17  - 24  -  -  -  -  4 35  - 45 15  - 57 53 33 42 28  3 10  8
  - 42 32  7  1 12 39  -  - 20  3 28  - 51 54 18 21  5 44 25 33  -  -  - 53 60  - 57 48 17  - 58  2 19 15 41 23  -  - 49 43 34 55 38  - 29 11  8 46 10 14 50 45 35 24 30 16 56 31 40
  7  - 34 45 41 14 20 51 31 47 23 42 58  1  5  - 16 44 33 17 50  - 11 21 60 29  6 32 38  9 25 53 24 36 30  3 46  -  - 52 57 18 10  - 15 54 35 40 13 22 49 28 55 12  4  -  - 26  2 59
 13  - 28 26  - 29 19 21 48  - 39  - 32 34 15  1  - 12  - 44 59  9  - 58  3  7 46 31  -  4  8  - 33 51 41 57  - 20  6 43 30 55  - 27 36 10 25 23 24 52 11 56 53 16 18 47 17  5 22  -
  - 54  7  -  - 36 44 60  2 48 46 26 23  - 31 53 24  -  -  -  8 43 28  3  -  4 18 14  -  - 33 56  -  9 49 50 11  - 29 47 51  -  -  5 58 57 37 39 42 38 19 22 27 40 59 12 30 32 55 45
  8 59 25  - 23 58 47 15 41  6 30 19  -  -  - 43 48 21  -  5 44 52  - 22  -  1 27 33 13 54 53 14 49 45  9 20 12  -  7  2  -  -  - 57 51 16  - 10 17  -  3 36 32 60 46  4 42 28 37 35
  - 60 12 56  -  - 49 37 23 43 52 53 21 15  1  9  - 17  7  - 34 16  8 20 57  - 45 29 39  - 38 42 48 31 36 51 59  - 22 30  - 44 40 13 32 19  - 24 54  - 46 18 25 28 11  - 50 35 14 33
 12 51 59 50 22  4 11 40 47 19 36 39 46  9  - 32 49  - 13 33 20 44 48 45  7  -  -  - 26 14 21 31 18 58  - 15 28 43  -  1 37  - 29 54 23  - 57 42 56 30 38 27  - 25  2 55 10  6  5 41
 20 57  8 11 52 55 46 14 27 32  -  2 36 26 48 56 23 47 21  3  6  - 53 13 50 17 51 42 35 37 40 49  4 38 29 45 18 44 60 25  - 19  - 30 54  - 10 12 41 34  -  - 16  5 28 33  -  1 15  9
 41 32 37 35 45  1 52 19  - 44 27  9 16  2 24 26 33  - 53 56 12 48 22 10  - 38 54 40 21 31 17 50  - 59 57 42 58  6  5  - 25 39 15 47 34  - 49  - 55 60 18 51 14  4 29 23 36  8 46  -
  -  3 46 13 10 52 60 57 35  4 31 14  8 25 12 28 38  2 50 51  - 30 55  - 47 48 29  9  - 27 37 21 54 26 22  -  - 53  - 36  -  6 23 45 56 24 39 34  -  5  - 42 59 44 17  7  - 40 20 49
 53  - 10 54  - 17 21 32  1 34 16  6  - 13  9  3  - 29 27  -  -  - 30  - 58 24 38 45 12 51 57 23 44 42 14 56 35 41 33  - 50  - 20  7 59  2  - 46  5 25 36 43  - 37  8 40  4 52 39 18
  - 13 17 29 16 27  5  - 49  - 33  - 43 28 57 37 36 52  6  - 25  -  - 24 46 53 10 59 42 20 19 60 31 40  - 38  3  -  - 21 35  4 30 51  8 18  - 48 15 11 44  9 47 26 58  2  - 54  -  -
 43 41  - 39 34  - 12 30  - 58 11 20  - 35 44 38  5 23  1  4 24  -  -  - 18 32 42  - 46  - 60 28 27 57  - 31 26  2 54 15  - 14 51 53  3 33 13  -  8 49  -  - 29  - 25 45 47  9  6 21
  4  7  - 46 15 40  - 36 45 57 44 51 11 41 60  6 12 33 58  - 13 26  - 43 49  9  - 53 24  2  - 22  8 35 56  5 10 42  - 28 34 32  3 48 55 37  - 25  -  - 30 17 31 14 54 59 39 20 47  -
 60  - 51  -  - 45 32 43  6  - 38  7  -  3  - 50  4 55 57  - 47 33 25 42 36  2 30 28 29 21 58 41  5 24 19 12 40 54 16 31 53 17 59  - 20 44 26 11  - 23 34 52  -  9  - 13  8  - 56 27
 54 37 19 42  8 35  -  2 40 59 51 48 10  -  - 29 52 20 39 31  1 13  5 33 27 56  - 21 28  6  - 24 41  -  - 17 49 34  -  - 12 43 14 46  -  7 53 60 32  - 25 45 38 36 57  9 18 55 11  4
 32 43 60 27 53 46  -  - 38  - 18  - 33  -  4 17  -  - 10 47 52 58  7 56 31 59 16 23 50 26 51 57 13 54 24 34 21 25  1  - 48 41 19  3 49 39 55  9  6  -  2 30 11 20 40  5  - 15 12 22
 36 55  -  - 47  2 17 20 11 23 43 33 37 42 27 40 15  7 45 35  4 39  - 44 19 25 59 51 56 53 30  6 52 46  1  9 50  -  -  -  5 28 58 24  - 14  - 38 49 26  -  8 10 57 60 22  3 18 29 48
  3  - 55 15 11 28 30 24 57 37 48 10 60  - 21  - 45  9 35 16 51  - 59 50 42  - 44 56 14 43 49 13 34  -  8 47 27 58  - 33 22 26  - 52 31  -  5  4 39  -  -  2  7  - 19  - 32 38 17 53
 31 11 49 16  - 21  -  - 60 55  -  4 44 52  -  - 30 38 15 20 48  - 29  5 37 19 36 22  - 10 42 43  -  6 45 28 25 12 59 53 27  1  - 34 18  9  - 41  - 57  - 23 54 51 14 17 33 46 13 47
 58  -  3 28 44 25 37  -  8 46  - 60 56 39 38 42 22 32  5  - 41 14  6 12  - 21  - 49 34 13  - 29 45  7 31 10 24 55 20 51  1 57  - 36  - 40 59 26 35 27  4 19 23 11 47 18 43 17 30  -
  - 17 50  - 57 43 25 45 34  9  8 22  4 31 23 47 56 15  - 48  2 49 41  6 35 42  - 54 55 11  - 30 26 32  7 33  - 10 39 27 29  - 52 60 28  -  -  - 21  - 20 14  - 46 16 19  -  - 58 44
 35  4  1 57  -  6  9 50 18 52 45 29 14 11  - 20  - 26 23 37 17 42 21 51  8 36  3 38 19 28 39 12 43  - 25  - 55 47 44 59 54 33 13 41  - 32 22  5 53 31 27  7 24  - 10 56 40 30  - 15
 38  - 39 23 60  -  -  1  - 28 55 47  - 10 18 57 46 30 25  - 31 15 51 53 43  -  8 41 45 44  2 59  9  - 54 58 13 32  4  6 26 20 22 49 24 50  - 36  - 21 17  3 33  - 37  - 52  -  -  -
  - 49  9 60 37 42 10 12 20  - 26 17 24  5 55 19  - 56 46 27 57 53 35 25 45 13 41  1 51 47 15  8 29  -  3 30 39 59 14 48 32  -  4 23 11 28 33 31 38 54  -  -  - 50 36 52 44 16 18  -
  - 14  - 30 27 53 40 41 37 15 35 45 28 43 50 34 10 25 48  - 60  8  - 19 55 18 22 44  3 46 26 32 12  - 52 36 54 57 11 56  - 13  -  2  - 59  - 29 33 51  6 39  1  - 38 20  7 21  9 16
 19 30 18 53  5 33  1 17 21 54 57 31 26 47  6 41  7 48 34 36 14 25 52 32 59 39 35  - 20 40 23  -  -  8 58 29  - 15  2 22  -  3  -  4 27 45 43 16  9 28 42 10 50  -  - 51 55  - 49 12
 34 26  - 44  - 50 53 42  9 33 41  - 27 32 43 45 25 22 47 10  -  -  1 15 14  3 28 36 30  7  6  - 21 60 18 19 51  - 24 38 40 58 57  -  4  - 17 59  - 46 39 54 20  - 12 35 13 11 16 37
  - 10 22  9 43  - 28 46  -  -  6 44 13 18 51 25 32 11  2 12 19 54 50 41 17 33 34 37 52  - 56  - 40 15 48 53 57 38 36 39 49 42 21  - 45  - 24 27 47  8  -  -  4 58  5 60  -  - 35 55
 25  5 14 51 18 32  6  9 29 26 28  3 15 48 36 10 43  1  - 22 40 34 57  - 38 47  4 16 53 19  -  - 55 30 35  -  - 52 21 13  -  8  -  - 50 12 56 54 20  - 45 33 39  - 27 44  -  - 60 23
  -  -  -  6 17  -  4 25 56 53  - 23 29 27 41 51 40 24  8 45 21  - 46 18 30 22 39 48 54 38  - 19  - 43  - 44  7 11 49 16 10 35 33 12  1 31 52 50 28 15 57 47  - 13 55 32  - 14 36  3
 45 19 27 17 36  - 31 34 58 56  2  -  7  - 33 59 51  8  -  - 53 18 24 60  -  5  1  - 41 30 11  - 50  - 42 48 52 21  - 37 38 10  -  -  9 13 14 15 44  4 40 32 12 43 20 46 54 25 28 26
 40 34 53  -  - 31  -  8  - 29 21 59 51  - 35  2 26 13 30 57 22 27  -  1  - 50 60  - 47  - 28  9 20 41 33  -  -  7 23 46  - 56  - 17 42 11 19 14 37  -  -  4 18 45 43 15  5 12  - 32
 39  1  - 47 28  -  8 58 53 24  - 30  3 20  - 44  - 40 31 59 29 12  9 57 33 49 19  4  2 22 43  -  - 25 55  -  - 27 46  - 56 37 60 18 21 17 32 51 16 13 10  -  -  - 42  - 26  7 48  5
  9  -  - 43 24 57  -  - 10  - 54 38  -  - 20 33 50 28 37 14  - 45 13  4 52 58 31 30 11 42 32 16 56  5  6  1  - 60 48  - 18 21  - 59 26 51 47 17  - 19 53  -  8 23 35 39  2 34 27 25
 55 48 44 20 21 56 35 49  -  2  7  -  1 12 47 23 13  -  3 32 45 24 33  - 54 15  5  - 25 36 34 52  6  - 59 22  9 17 10 29 60 40 43 50 53 42 51 57  4 18 26 41 28 27  - 37  - 19  8 31
  - 38 24 40 50 20  - 26 39 41  4 52  9 22  - 36  1  - 14  2  - 10  -  - 32  6 43  5 15  - 29 35 16 28 11 54 19 46 34 23 33 30  8 21 25 53 44  -  - 59 12  - 58  -  - 31 60 45 42 57
 33 24 31 48 26 60  2 44  -  5 14  - 52 55 29 27 57 49 59 19 46  - 12 38 56  -  9 43 18  - 50 45  7 39  4 11  8  -  - 20  - 47 16  - 30 21 42 22 51 53  -  - 40 15  - 58  6  - 25 10
  6  -  - 10  - 44 56 54 42 51  - 50  - 29 22 21 35 19  9  - 11 31 43 28 40  -  -  -  - 60 13 48 23  -  2 39  - 45 57  - 58 36 53 14  -  - 46  - 34  - 24 37 17 59 26  1 49  - 41 20
  2 29 20 59 35 37 55 10  3 31  - 15 57 19  - 52 44 54 56  -  -  6  -  - 39 16 11  -  8 33  - 18 17 50  - 49 14 40 58 12 36 23 27 42 48  - 28  7 25 47  - 13  - 41 53 21 24 43  - 60
  - 21 16 52 42 48 33 23  -  - 19  - 17  8 39 22 18 50 28  -  -  -  2  -  1 37 12 11  6 58 14  - 51  -  -  4 15 24  - 57 45 27 25  9  5 41 60 47 43  - 32 35 44  -  7  -  - 59 38 30
 57 58  2  4 33  - 29  - 25  -  - 49 34 59  - 35  - 53 32 55 28 56 39 52 48 31 37  - 40 12  9 46  -  1 20 27 30 18 42  - 47 54  - 43  -  - 16 21 36  7  8 11 51 19 50 10 41 44  - 24
 44 16 42 38 32 30 51 48 59 10 37 24 39  6  -  - 31 45  - 41 23 55 18 46 12 26 56  7 60  -  4 54 28 27 53 14  -  -  - 40 13  5  -  - 57 47  8 19  3 35  9 25 15  1 52 50 58 22  - 36
 51 52 54 14 49 18 50 56 26 27 59  - 25 23  -  -  -  - 12 30 35 32  3 37  - 41  7 17 57 15 31  4 38  - 10 40 16  -  8 24  6 45  5  - 29 58  1  - 60  - 21  - 19 47 13 34  9 48 33 46
 17 53  -  -  - 41 38 39 15  - 20  - 30  - 49  - 34 18 29 52  3  4  -  7 44  8 14 47  9  - 36  - 37  -  5  6 22 28  - 26  2 46 11 58 13  - 31 32 59 56  -  1 35 33 21 16 57 27 50 43
 47  -  - 22  - 38 42 11  - 16 13  - 45  - 10  7 19 60 36  8  9 51  - 48  5 14 17  - 23  1 24 39 15 52  - 21 56  - 53  - 46 31 18 32  -  6  -  2 27  -  -  - 43  3  - 41 20  -  -  -
 48  6  -  -  3  - 41 53  - 45 15 21  - 46 25 14 11 36  4  - 56 28 44 34  - 20 49 13 58 57 55  - 59 17 40 60 38  5 32 19  9 51 35  8  -  - 27 33 10 42 37 16 22 52 39 29  -  - 54 50
 15 28  6  2  -  - 59 27 50 25  - 41 54 24  - 60  - 34 17 40 39 37 19  -  - 57 47 18  - 23  5 26 22 21 43 13 32 56 30  - 42 12 48  - 38  4 36 45 11 29  - 20 52 31  -  8 14 33  7 51
 59 35 57  8  -  3 43  - 46 13 40  1  2 50 53 30  9  6  -  -  -  5 42 29 41 11 25 27 36 45 18 44 32 47 34  -  -  - 56 55 19 15 24 10 16  - 21 52 14 33  7  - 49 54  - 38 37 51  4 39
  -  - 43  - 51 19 34 47 13  - 22 16 53  4 58  5 55 35 26 42 37 38 23  - 21 45 20 52  1 18 54 33 60  2  - 24 31 14 40 44  8 49 17 15  7 36  6 28  - 32 50 59 48 10  9  - 11 41 57 56
 24 22 41 33 29  5 57 18 32  -  - 54 20 45 28 55  -  - 51  9 27 47 49  8  6 44 50  - 59 39 46 36  - 13 17 52  1 35  - 10 23  7 37 16  - 60  2 30 26 43  - 21 42 38 34 48 12 31 19  -
 49  - 56 12 30  8 36 52  5 22 29 32 41 54 37  -  - 59 19  - 16  -  - 27  - 40 58 20  - 35 48 17 42 18 47  -  6  -  - 14 55  - 26 33 10 34  7 44 31 50 60 46  2 21 45  3  - 53 43 28
 28 39 58 21 40  -  -  - 51 30 56 18 55  - 59 46  8 41 52 13  5  -  -  9 11 12  2 50  - 29 44 47  1  4 16  7 43  -  3 34 17 53 54  -  -  - 20  6  - 14  - 60 36 32 31 49 15 24 45 42
  - 46 33  1  -  -  7 55 12 21  9 11 59 14  2  4  - 58 49 50 42 23 17 31 22  - 32 34  5  - 27 25 47  -  - 35 41 51 38 18 16 48 56 40 19  -  - 43 57 20 54 26 37  -  3 24  - 36 44  6
 42  2  4  5  - 11  - 31 28 38 10  - 50 17  7  - 41  -  - 53 30 22 45 54 25 43 55  8 33 59 35 51  - 37 21 32 44 36 12  - 20 60  1 19 40 56 23 13 52  9 47 29  6 39 15 57 48  - 24 34
 21 36 29 32  7 51 24  4 52  - 47  - 31 44 19 13 42 39 54 58 10  1 14  - 23  -  -  - 37 50  - 40  - 33  -  - 20 26 28  -  - 16 12 11 43  -  - 56 45 48  5  - 34 22 41 25 35  -  - 38
 11 18  -  -  - 24 22  5 17  8 60  - 48 38 40 15 27 37 42  1 54  3 16 59 20 28 33 12 31 34 10  - 57 14 51 43 29  - 19 35 21  9 32  - 47 46 41 49  7  2 23 58 56  -  6  - 53 39 26 52
 14 47 11 31 54 13 18 16 33  - 32 12  -  -  - 58 29 57 38  - 43 60  - 23 51  - 15  - 44 48  7  5  - 56 39  -  4 49  -  - 59 50  -  6 41 27  9  3 40 24 55 53 30  8 22 28  -  2  1 17
