2880
  7 56 24 53  -  -  9 38  - 28 20 17 21 41  - 29 18 47 34 40 12 25 45  -  - 57  3 49 58 15 46 52 16 48 60  - 39 32 33 10  -  6  -  - 26  1 42 11  -  2 36 54 37 59  5 27  - 19 44  -
 37 52 17 36 47  - 33 59 38  - 50  - 27 43 26  -  -  2 55  -  5 23 51 20  - 46  - 44 22 58 49 42 28  4  - 40 16  -  -  9 15 25 53  7  - 31  8 12 57 56  - 10  1 39 35  - 29  3 54 60
  9  3 44  - 39 31  -  -  - 25 10 55  - 60 59 41  - 58 32 43 45 49 22  - 35 51 48  5  7 17 30  - 15 14  - 11  -  - 19 28 57 29  -  - 33 52 36  - 20 23 53 47 38 46 40  - 50 12 13 56
 26 22 15 28 31 49  2  - 46 21  3 25 36 19 24 40 42 30 39 56 32 29 16 27 43  - 60 20 11 55 52  4  5 58  - 45 44  -  8 57  9  7 12  - 38 41  1 23 54 14  - 17 59 33 51 35 34  -  6  -
 46  - 18 54 14 47  5 53 32 29  - 10  8 42 60 11  -  - 33  - 58 57 38  4  - 12  1 19 34 51 37 50 36 40  6 27 43 31 22  2 48 23 28 21  -  - 26 39 45 24 16  - 44  - 17  - 56 13  -  9
 50 36  4  9 35 17 31 21 24  - 23  -  - 58  - 49 39  1 25 27 48 46 28  -  - 30 53 34  -  - 12  - 11  8  5 54 47 57 16 38 59  -  - 14 22 15 45 56 18 20  -  -  - 41 60 33 43  -  7  -
  - 27  9 11 25 46  - 49 31  -  - 34 58 15 18  -  - 33 50  1 38  - 10 41  - 39  - 21 53  -  - 20  -  -  - 37  2  - 23 12 17 48  - 59  -  -  4 52  -  - 26 29  -  3 44 51 13 14 24 54
  3 55 13  8 45 26 41  5 18 60 51 11 42 31  7 54  4 32 36  -  -  -  - 57 24  - 43 33 56 14  - 12 17 10  -  -  9 53 39 29 52 35  - 40 30 49 48  - 50 47  -  1 25 27 38 20 19 28 37 44
 28 15  2 55  -  8 39 45  - 40 54  5 59 23 27 19 48 11 26  4  - 51 46 16  - 43 57  1 50  - 18 56 20 37 30 13  7 42 24 36 60 47 41 25  - 34  3  6 49 31 44 58 14 21 33  - 32 38 35 10
 59 31  - 14  - 32 43 47 55 37 28 27 25 44 46 15  2  6 19 12  - 50 54 11 51 22  9 38 21  3 39  1 52 36 18 17 45 60 42 24 23 13 29 34  7  - 40  5 26  4 30  -  - 56  - 10 35 41 33  8
 60 19 12 41 23 24 59 22 58  8 48 42 37  - 55 35 49 28 44 52 34 47  9  - 50 25 20 51 45 30  2 14 56 39 33  1 18 38  6 27 54 10  - 17 53 26 13 36  7 57  -  5 31 11 32 46  - 16 15  -
 36 41 11 40 10 39 52  -  -  4 34 32 46 49  - 38 17 51 15 31 19 13 44 22 14 53 25 57 24  9  7 16  3 56  2 59 54 35 29 37 12  -  6  5 43 60 47 30 28  8 33 21 45 26 18 58 27 42 50 48
 38 59 33  7 58 36 50 35  6 48  5 29 53  - 52  -  1 16 10 21  - 31  - 12 57 54  - 39 37 41 26  2  4 43 17 34 14 40  -  - 25  -  9 20 44 27 15 32 42  - 49  3 22 13 56  - 24 11  - 28
 40 20 16  2  - 29 42 58  4  - 52 59 26 54 12 13 41  - 47  8  - 28 24 30  - 10 39 25 35  6 57 48 19 55  -  9  -  5 44 15  7 50 38 46  - 33 11  - 21 34 17 49 43 60 23 31 51 56  - 36
 57 47 32 38 26 16 15  8  3  - 53 12 10 59  - 36  9 46  - 30  - 39 35  - 31 33  -  - 41  - 43  5  -  - 42  6 51 27  - 25 40 49 20 44 24 58 18 50  2  7  - 34 13 14 19 37 48  4 11  -
  -  -  - 17  - 42 28 20 51  6  - 31  - 37 47 34 12 35 27 50 36 11 15  - 26 58 19 40 44 22  - 24 41 18 46 57  - 23 32 55  1  -  4 13 48 39 33 29  - 16 10 52 60  - 14  7 53  5  2  -
 16  - 58  - 28 27 34 54 21  2  6 18 41  9  3  4 51 26 42 53 52 30 40  - 29  8 55 36  -  - 11 60  - 23 12 24 15 56  - 35 50 33 43 37 49 57 14 59  - 13  1 44 48 31 39 17  - 32 45  -
 13 30  6 34  3  7 54 57 41 24 26 45 19 12 44 58 40 38 37  5  - 33 39 46  - 15 42 32  4 43 14 36 50 59 23 48  8  2 11 22 29 56 55 49 17  9 35  - 52  -  - 60  - 28 16  1  -  - 31  -
 20  6  3 47 17 45 14 30 53 49 41 39 52 46 40  1 21  -  4  9  - 10  8 33  - 34  -  - 31 23 50 58 29 13 32 25  5 55 27 44 35 36 18 16 15 19 56  -  - 48  2 38 54 22 57 11  -  -  - 51
 18 16 10 46 11  6 21 60  - 38 36 53 40 34  -  8 31 50 30 22 14 56 26  - 33 49  2 47  - 13 24 29  7 25  - 19  -  9 58 41 44 59  5 54 20  - 37 42 35  1 51 43 57 32  -  -  3 27 23 12
 14  2 34  - 60 10 38 43 26  5 46 24  -  3  -  9 33  7  1  6  - 27 13 47 54 55 41  4 48  - 35 30  -  - 37 39 29 12  - 16 58 42 19 28  8 44 32 51 22  - 50 18  - 49 59  - 21 57 56 53
 12  -  7 21 15 41  - 19 30  - 35  2  - 11 29  3 43 42 24 39 60  - 52  6 44 16  4 56 38 20 54 49  -  9 51 18 59 17 48 40  - 37 45 47  - 10 25  - 33 50 27 23 58 53  8  - 36 46 57  1
  5 11 29 31 48  -  3 28 17 57 12  -  1 24 14 47  - 49  - 35  -  8  6 42 60 44 22 58 51 56 53 39 26 19 13 36 33 59 46 50 30  4 16 38 54  -  - 18  - 37 20 41 21 43 52  9 55  - 27 15
 55 44 52 19  -  -  4 12  2 33 24  9  - 53 30  - 56  - 20 51 57 43 34 37 22 21 36 42  - 49  -  - 13 50 25  5 38 28 18  7 10 26  1  - 14 32 17 60  - 54 31 15  - 23 27  - 11 48 46  -
 24  - 41 44 20  - 57  - 39 47  -  -  - 48 43  -  -  -  - 16 28  - 36  - 59  -  - 31  - 27 17  - 54  - 45 10 46 13  - 53  6  9  -  -  4  8  2  1  - 38 37 19 51 30  3  - 22 34 52 21
 52 25 51  - 33 38  7 41 16  - 17  - 28  - 50 43  - 48 56  -  2  6  -  9 11 18 13 27  8 24 22 55 23 57 44 42 53 10 15  1 31 21 30  3 60 54  - 19  - 39  4 59 40 35 36 26 45 58 12 34
 31 45 30  - 56 40 13 27 36 50  - 37  -  4 33  5 60 25 57  3 15 12 55 53 21 28 58 14 47 42  - 44  - 38 11  - 49 19  - 39 43 22  - 10 32 51 20  - 59 18  7 48  -  - 29 54 52 23 41 26
 42 58 26 57 32 50 45 44 47  7 38 40 23  - 11  - 10  8 51 49 17 54  - 35 12  9  - 48 30  2 55 19 18 20  4  -  -  -  3 60 27 34  - 53  - 43 29 37 15 46 52 28 24  -  -  -  -  - 16 59
 44  8 25 27 24  - 17  -  7 32  - 50 60  - 49 57 30 19 53 29 54 22 23 51 20 40 10 26  3  -  - 21 48  - 16  4 34 47  - 56 14  - 33 55 42 12 39 45  - 36  -  - 15  - 46  2 38 31  1 43
 34  - 50 10 55  - 53  - 19 51 33  3 18  1  9  - 58 14 49  - 25  - 43 36 46 38 27  -  - 21 44 59 37 60 29 20 35 22 47 45 13  8 40 11 57 42  6 48  - 32  - 31  2 54 28  5  7 30 26  -
 58  7 19  4 41  - 49 11  - 26 44  -  3 30  - 21  - 43 59 10  - 55  - 48 56 13 12 29 60 32  8 38 34 15 31 46 57 20 45 54 22  2 42  9 35 16 23  - 36 52  - 24 47 51 37 18 39 50 40 27
 33 51 28 49 19 25  -  - 44  9 55  - 12 39 20 32 53 21 23  - 24  - 31 17 48  - 50 46 13 37  3 10  6 16 56 35 11  -  - 18 38  1 22  -  - 29 52 41 34 42 54 26 36  4 45 15  -  - 43 57
 39 43  5 56 46  - 51 18 54 15  - 21 16 28 38 52  - 24 14 13 31  - 59 45  6 36 37 23  2 35 27 32 53  3 34  - 10  -  9  4 33 30 48  8 29  - 19 58  - 49 47 50 20  -  1 41  - 17 42  -
  - 53  1  3 49 52 35  9 57  - 32 44 11 51 15  - 34  -  7 41 50 19  2  - 47  4  -  -  - 45 20 23 55 28 22 38  -  -  - 30  -  - 21 42  - 14  - 54 48  - 46 25 56  - 31  - 59 37 17 33
 29 60 23 35  2 13  - 26 49 52 14  -  - 57 56 27 47  - 11 59 55  4  - 44 41 45  8  9 16 39 38  -  1 33 36  - 19 24 53 51 21 28 54 15  - 30 50  7 31  5  - 46 32 25  -  - 10 22  3 17
 49  - 57 18  -  - 30 16 45  - 13  7 38  - 28 31 36 10 52 26 56 58 37 43  1  - 46 17  -  - 21 40 33 24 41  - 48  4 20 42 47 27 23  2 59  - 54  - 14  3  -  8 39 34 12  - 25 51  9  -
 53  - 40 23 21  - 37 56  - 17  -  -  - 14 34 30 19  4 22 38 33 60 32 28 18 52 49  6 36  1 45 46  9  - 10 44  - 39  5  - 24  -  - 51 50  - 27 31 11 58 25 16 41 42 15 13 54  - 59 55
  - 24 27 25  -  - 20  1  - 35  - 13 44 55  6 56 14 29  3 11 30  - 47 54  -  7 59  - 39  -  - 51 43 31 26 52 21 33  2 49  8 17 37 57  - 40 38 46 53  9  -  -  5 15  - 19 58 60 18 42
  - 38 37 12 59 53 46 34 20  - 49 16 51 13  8  - 55 27  6 32  4 40 18  5 52  1 35 22 33 50 15 28 39 42 54  3 36 41 56 31 19 60 17  -  - 23 57 43  -  - 29 14 10  - 26 45  -  9 30  7
  2 37 46 29  - 21 11  -  -  -  - 35  6 16  - 33  3 18  - 25 47  - 42  - 15 50 24  - 10 31  9 57  -  5 43  7 17  8 49 52 51  - 44  - 36 28 58 34  1 26 13 40 27 20  - 23 30 54 48 19
 35  4 39 50  - 15 44 29 11 16 21 58 14  - 19 53 28  -  - 17 18 52  -  1  - 24 45 12 55  5 36 37 60  2 59 23 26 25 31 46 34  -  -  -  9  3 51 57  - 10 22 32 42 48 30  6  - 43  -  -
 41 23  -  - 52 18  - 50 56 55 27 28 43  -  5 44 59  -  -  - 46 37 60 32 19 35  7 15 29  4 25  - 58  1  9 21 20 49  - 34 42 12 14  -  - 36 30 16 17  6 39 33 26  - 11 53  - 24 38  3
 48 10 21 60 40 20 36 23 22  -  - 57 55  -  - 14 50  - 46 45 37 38 17 31  5  3 32  -  - 33 29  - 25 49  7 30 27 44  1 13 18 39 59  - 19 11  9 47  4 28  8 12  6 24 53 16 15 26  - 58
  4  9 48  - 51  -  1  - 52 31  7  8 50 25 39  - 22 60  2 28 42 36  -  3  - 19 26 11 57 47 13 41 44  - 35 58 55 14 30  - 45  5  - 23  - 37  - 49  6 27  -  - 46 10 43 38 17 21 20 24
 51 57 49 24  - 23 12  -  9 46  - 22 15 27 37 45 52 40 58 36 53 20 56 10  -  - 31  -  5 28  1 54 14  -  8 47  6 11 25  -  2 18 35  -  3  - 44 38  - 21 32  - 33 19  4 43 42  - 29 50
 47 18  - 45  1 44 60 14 48 39 37  - 32 10 13  7 15 17  5 19 26 59  -  -  2 31  -  - 28  - 56 25  -  - 27 53  - 29 54 21 20 41  - 36 46 24  - 35  9 12  3  4 49 58 34 55 33 52  8  6
 27 46 55 30 50  9  - 51  - 12 45 41 39 52 54 60 11 36  - 48  -  - 33  - 34 20 40  -  - 59 32 17  -  6 53 29  4 43 38 47  5  -  - 26  1 13 31  -  - 19 58  -  7 37 42 24 44 35 14 22
 22 14 35 13 42  - 58 36 59  -  - 46  4  - 41 20 54 12 60 33  7  - 27  - 45 48 51  2  - 29 19 47 30 44 28  8 40 26 57 32  3 15 11 50  - 38 10 24  -  -  - 55 23 16  9 21  - 49 39  -
  - 34 59 52 37 51 16 31 13 45  -  - 56 36  -  - 24  - 43 23 40  1  - 15  - 29 33 28  - 19 48 27 47 12  - 26 58  3  4 17  - 46  - 32  - 55  -  -  - 60 35 53  -  2 10 42  6 18 49  5
  - 12 42 26  9 58  - 17  - 54  - 47 24  8  4 55 23 39 35 37 44 45  -  - 16  5 14  7 18 25 33 15 51  - 57 28  -  - 43 20 49 19 56 31  - 21 22 10  - 59 38 13 11  1  2  3 46 36 53 52
 30 32 31 43 44  - 29  - 42  -  - 15 57  - 10 26  - 23 21 34 11 17 20 59  -  - 52 54 25  7 60 53 27 41 19 51 37 16  - 48 46 24  2  6 58 35  5  9 12  - 14 22 18 50  -  -  8 39 36  -
  -  - 56  1 29 48 23 37 35 44 25 36  5 21  2 51 13 54  8  - 41 16 30 50 39 26 15 53  - 40 28 43 24 47  -  - 52  - 34  3  - 31 58 27  6 18  - 33 38 11  - 42 12  -  7 57  -  - 22 45
 23 50  -  -  -  - 26 42  8 19  -  1 33 45 57 39  - 44 17  7 21 35  -  2  -  6  -  - 40 48 34 22 38 30 58 41 32  - 52 11 56 14 36  - 31 46  -  4  - 43  9 27  3 47 24 49 28 20 10 16
  - 42 60 58  5 33 18 15 50 23 31  4 30  - 25 12 26 22 41 54 27 24  - 19 49  2  - 59 52 11 40 35 32 46  - 56  1 21 10  - 36  - 13 43  - 53  - 20 37 55 57  7  - 38  -  8 16 44  - 39
  -  1 45 33  - 43  6  3 14 13 11 51 20 26 36 16 44  -  9 42  8 53  - 24 25 41 54 30 27 38  - 31 57  -  -  - 23 34 12 19 28 55 49 52 18 47 46  - 39 35  5 37 17 29 21  4 40 59 58 32
  - 28 20 32  -  - 48 24 10 14  2 56 17 50 31 25 35 57 13 55 39  - 12 49 58 42 38  - 43 26  -  9 21 53 52 15 30 36 37 59 11 16 27 19  - 45 60 44  - 33 41  6  8  7  - 22 23 40  5 46
 43 26 14 39  -  - 22  - 34 36 18  -  9  - 16 10 25  5 31 60 35 42  -  - 32 59 44  8 49 54 23  7 12 17 24 33  3 15 51  6 53 52 47 48 40 20 21 13 27 45 11 30  -  - 55 50  1  -  4  -
  - 48 38 51  - 28  - 25 37 59 57  - 13  -  -  - 27  9 29  - 16  3  -  7 53 60  - 10 26 34 42 33 35 45 20 12  -  -  -  - 39 32  - 22 23 17 55  - 40  - 24 11 50  8  -  - 49  1 21  -
  - 21  -  - 54 19 24  7  - 30 39 43  2 20 51 42 38  - 48 57  - 26  1 34  9 47  - 35 46 12  - 11  8 27  3 22  - 52 14  - 37 40  - 60 10 50 16 55 56  -  - 45  4 17 49 44 31 29 28 18
 10 33 43  - 36  - 25 13  5 27 42 52 22 38 48 37 46 34 12 44  -  9  7  -  4 14 11 24  6  8 31  3  2 21 39 49 50 54 35  - 32  - 51  1 28 56 41 40 58 17 45 57  -  - 47  - 60  - 19 20
