2000
 21 12  7 25 43  -  8  3 27 10 36 19 30 47 29 46 48  - 16 40  - 33 41  5 13 37  1 18 15 20 34 14 23  - 26 31 28  - 49 24 42 17 44 22 35  -  - 45  6  -
 42  3 11 49  2 48 37 20 19 35  9 38 14  - 25 12 23 36 21 32  1  - 26 41  6 47 16 50 44  - 31 34 24  - 17 40 39  5 46 30 28  - 29  8 45 22 33  - 15 43
 11  - 40 18 41 37 47  -  - 45 19 39 26 42 14 16 15 44 28  5  - 50 12 35  4 36 21  8 33  3 29 13 25  6 49 20 22  1 34 46 23 32 24 10 27  2  7 30 31 17
 40 11 39 41 13 17 27 30 25  3  - 21 48 14  9 42 19 28 10 16 24 38  -  - 49  4 20  -  6  1 26 18 50  8 23 47 32  - 35  - 34 36 31  - 33  5 45 22 37 29
  - 49  -  - 38 14  1 44  -  - 13 12 16 41 36 31 47 32  5  2 25 37 45 46  7 15  9 33 21 50 17  4 22 23  - 29  3 28 19 11 30 43 27 34  -  - 26 39 20 10
 43 13 47 20 21  - 39 38 45 24 16 33 44 40  2  4  -  - 34  9  - 22  1 23  8  -  -  5 25  - 19 46 26 15 27 12 50 14 31 49 35  -  6 32 36 28  - 37 11  3
  9 42 41  -  - 18 29 19  - 28  -  -  1 46 44 49  -  7 25 33 12 13 14 38  - 27  6 34 26  - 10 17 32 30 11  - 43  4 22  8 48 24 47 36 50 15 16  - 40  -
 26 40 46  3 39 49 38 36  - 20  4  - 47 13  -  1 21  - 14 44 50  - 10 42  - 31 37 25 23  2 41  5 27 35 12 43  - 16 24 45 32  -  8 11  -  7  -  - 29  -
 27  - 24  - 12 15 42  -  -  -  - 28 20 31 21  -  -  -  -  -  - 36  -  - 48  - 33 46 47 38  1 26 39  - 32  9  7 30 40 41 45  8 22  3 23 49  4  - 50  5
  6  -  9 15 49 24 17 13 40  7 39 48 45  3 42  -  - 38  - 50  - 23  5 10 26 34 27 28 16  4 12  -  -  - 22 44 30  - 41 25  1 11 14 29  8 19  - 33 43  2
  - 21 27 33 42  8  - 45 15 38 49 47 24  - 28 41 36 23 30 25 20  - 31 39  5  -  4 10  9 29  - 35  3 46  - 32 26 17 43  -  2 50  - 40 48  -  1  - 22  6
 36  -  -  8 14  - 22  6 46  4  - 20  -  -  - 50 27 15 44  7 26 35 40  - 10 33 31 37 12 30  -  - 29  - 19 39 16 48  - 21 43  5 28 45  9 41  - 24 32  -
 45 43 19  -  7 40 21 48  6  -  -  4  -  - 22  -  - 34  - 11 41  1 38 26 32 25  - 12 50 31  9  8 14  - 13 10 23  - 47 39 49 15  -  -  5 46 37  -  2  -
  - 46 20 27 30 34 25 15 24 21 37  - 40  2 41 32  -  4 43 19 14 29 17 50 11 18 44 26  7 33 48 47 45  3 39  -  - 38 23 13 22 31 35 28 12 36  6 49  5  9
  7  - 32 21 31  4 49 39  - 48 18 11 37 34 10 40 42 14 13 27 16  3  8  - 36  -  5  - 38 44 43 12 20 29 41 33 15  - 45  - 47  2 30  -  6  9 25 26 24  -
  - 37 12 16 44 20  5  - 32 25 14  7 42 50 27 11 29 48 15 18 17  6 19 28 31 23  -  - 43 39  - 49 13  - 46  - 47 35  -  3  9  - 26  4 41  -  8 10 21  -
 39  4 43  -  -  - 14  -  - 42  - 46 41  6 32 23  - 13 22 28  8 45 47 21 18 40 19 15 34  - 44  - 17  -  1 11 31 33 26  - 27 25  2 12 29  3 50 16  - 49
 29 24 13  - 34 22 16 42  - 46 38 15 23  9  6 26 25 45 27 10  - 14 48 44  -  - 49 47 41 18  8 28  - 19  -  4 35  - 36  7 17 21 20 31  1 50  - 12  - 37
 25  - 28  - 47 44  9  -  - 13  - 16 12 20 23 36  -  3 37 43 49  7 46  -  - 17 42 14 45 24 21  -  8 48  - 35  4  6 50 26 11 18 40  - 32 34 30 41 38  -
 19 38  - 11  -  -  - 46  8 23 26  2 27 32  - 10 12 40 17  1 39  9 44  6 15  - 25  - 18 28 49 30 37 47  - 41 24 21  - 34 14  -  7 42 20 45 48 36 16 50
 28  -  -  -  6  - 24 40  4 37 50 36 33  -  - 13 16 47 20 21 18  - 25 11  -  - 39 29  -  8 42 22 10 26 31 38 49  -  7 14 41  9 45  5 34 35 15  - 12 19
 14 15  -  - 11 30  - 23 31  1 47 29  - 18 40 22 32 10  - 34 38 19 42  - 44 41 50  9 35  - 39 48 36  - 33  8  - 49 21 43 24 16  5 37 25  - 17  4 28 27
  - 36 25 24  - 39 46  8 49  9 22 43  6  - 37 45  2 41  -  4 48 16  3 29  - 10 14 31 11  -  - 20 28 50 38  7  1 15  - 18  -  - 21 30 47 32  - 34 27 35
  5  9 14 12 45 47  - 29 28 44 48 13 50  - 39  - 22 24  6 30  - 34 16  2 20  - 32 27 36  -  7 10  - 18 21 25 19 43  3 37 26 38 46 33 15  4 31 35 49  8
 46 31 50 39 36 16 15 17 29  - 43  9 21 33 49 25  -  -  3 42  - 47 30 24 45 32 48 41  - 22 18  - 12  1 28 23 20 37 10  -  5 14 19 26 44  - 13 27  4 34
 10  -  - 42 28  - 31  -  - 47 40 41  - 35 15 48  - 12 18 38  4  - 43  3 34 49  - 11 39 32 24 50 30 27 45  - 21 13 33 17 20 19 25  -  2 29 44  6  7 22
 17 14 45 32  -  -  - 49 47 16  2  6  - 37  -  5  4 29  - 39 34 27 22 40 24  8 35  - 19 25 28 21  - 38  -  - 41 50 44 33 10 42  3 20 30 12 46 31 26 15
 12  - 49 48 50 21 19 25 39 33 15 42 22 29 46 44  - 30 26  - 35 41  2 18 23 24  - 36  8 34 27 40  - 45 43  3  -  9 11 20 31  - 37  - 38 17  -  - 47  1
 30  - 21 22 19 46 20 26 11  -  6 10  8 24 12 34 40  - 45 41  - 43  - 13  -  9 15  3  - 49 25  - 33 17 18 50 44  2  - 38 36  1 42  -  4  - 23 28 35 14
 50  -  - 23 17  - 45  - 42 14  -  -  5 30  8 43 24  -  -  - 29 21 49  9  3 44 11  7 13 10  6  -  1 22 36 28 33  - 12  - 15 20 18  -  - 39 34  - 19 48
 31 22 48 17 10  3  - 37 43 41 35 25 28 15 33 24 38  2 40  - 27  -  -  4 50 26 47  -  - 16 20 45  7 34  8  5 29  -  - 36  - 46  -  - 14 44 49 21  1 18
 22 19 36 13 33  - 41 32  -  - 42  3 29 11 34  7 35 26  - 17 28  -  -  - 43 45 40  2 46  - 37  - 18  5  - 21 12  8  4 10 50 49 39 38 31 16 27 14 23  -
  - 34  2  - 35 10 12 28 33 50  1 44 17 19 45 30 41 46 47  6  5 11  - 27 42 16 43 22 49 14 38 23 31 37 20 48 13 36  -  4  -  7  9 24 26 21  3 25  8 40
 23  8  - 40 16 29 35 41 37 30 44  - 31 25  7 39 11 49 50 24  - 42  - 12 38 46 36 32  1 15 45 33  5  9  -  2 18 22 14 28 19 27  4 48  - 47 20 17  3 13
  1 45  - 28  - 41 44  5 26  - 34 17  7 22 20 15 14 50 33  - 47 49 11 19 12 21  - 24 48 36 13 37 35  2  9 27 10  -  -  6 18  4 32  - 42 43 38 29 46 23
 20 30 15 50 32  - 33  -  3 18  8 35 19 38 16 14  5 43 23 49 46 31 37 47 22 39 12 45 29  7 40  9 44 13 10 24 36 34 28 27  -  6 41 21 11 25 42 48 17 26
 15 35  8  9 46  6 10  4 34  5 12 30  - 27 43 21 49 20 42  - 44  -  - 36 25 11  -  - 32 17  -  - 38 24 48 45 14 26  - 31 37 41 13  -  - 33  - 23 18  7
  8 33 26  -  5 45  2 35 41 15 31 27  9 36 13 20 34  1  7 37  6 10 28 32 16 43 46  -  3 12 47 39 40 14  - 49 17 25 30  - 38 44 48 18 22 23 11 50 42  4
 37 18  4 46  1 33  -  - 44  - 28 45 49 26  - 29 50 39 19  8 31  5 23  - 47 20  - 42 17 21  3 27  2 41 34  -  9  - 25 22  7 10  - 43 16  6 40 11  - 32
 47 39 22 37  - 36  7 50 23 49  - 40 15 28  - 38  1 35 31 45 11  2  -  - 41 29  - 30  - 26  -  - 19  - 25 17 27 44  -  9  - 48  - 46 13 18 43  8 33 42
  4 10 35 31 48  7  3 11  - 43 45 50  -  -  5 27  8 17  - 15 36 26  - 33  -  6 18  - 22  - 32  - 34 21 29 16  - 42  - 19 46 37  1 41 49  -  - 47  - 24
  - 27  -  -  - 12  4 31 20 32 10 22 11 45  -  6  -  - 46 23  3 39 50  8 28  7  2 44  -  -  -  - 42 33 14 18 34 29 48  - 21 26  -  9 43 40 35 19 41 36
 48 28  6  4 24  5 18 21  - 27 11 32  -  7 26  2  3 22  - 29 45 44  - 25 30 42 41  1  - 13  - 43 47 31  -  - 46  - 38 23  8 34 50 17  - 20  9 40  - 12
 18  - 29  - 27 28 26 12 17  - 30 24  4  5  1  9  - 37 41 31 23 32  7 49 33 38 45 20 14 43  2  - 48 39 50 22 11 46  8  - 25 35 16  -  - 42 36  - 34  -
  2 20 17 43  -  - 32 22 21 36 27 31 38  8 50 33 45 42 11 46 30 28 35 37  1  -  -  6 40  -  - 24 49  -  3 34 25 47 39  5  - 12 10 23  7 13  -  - 48  -
 34  - 38 45  4 23 50  2  9 17 41  8 32 21  - 47 30 33 24 48 22  -  -  - 29 35 10  - 28  6 46  7 16 11 37 14  -  3 27 15 40 39 43  - 19 31 12  5 44 25
 38 16  1 36  3 25 48  9  - 26 29 23  - 49 24 18  - 27  8 12 21  -  - 31 46 22 30  -  -  5 35 41 15 28  -  6 40 39 32 50 44  -  -  2 37 10  - 42  -  -
  -  - 42 26 29 35 36  - 10  2 21 49 39  4 19  8  - 31 32  - 15 24 20 43  - 48  3 23 27  - 22 16 11 40  - 46 38  7  6 12  - 45 34 50 17 14  -  -  - 41
  - 32 23  -  8  - 43  7 50 22  5 18 36 39 11  3 46  -  9 20 13 25  4 34  - 12 29 48 31 19 30 15  6 44 47  -  - 45  - 42 16 33  -  - 40 27 24  2 10 28
  -  1  - 34  9 31  - 33 13 11 20 14  - 43 47 37 26  8 38 36 19 12 27 45  - 50  - 35  - 40 23 44 21 25  2 15 48  - 42 32  - 22 49  7 18 24 29 46 30 16
