2000
  3 31 34 49 20 43 25 15 46  - 50  -  - 24  -  6 21  - 41 38 26 36  1 18 35 37  9 23 40 13  - 48 12 16 39  4  - 22  -  - 32 33 17  7 47  -  2 19  8 27
 20 15 42  - 43 27 48  - 29  5 40  - 38 25 28 36 49 24 19 30  3  - 34  - 11 39 46  -  4  - 37 16  - 18 31 22 23 10 50  - 47 44 13 21 32  - 35 26  - 12
 23 10  9 16  -  - 34 39 13  -  5 36 33 31 21  4 22  2 29 27 35 49 11 40 44  -  -  - 43 14  - 46 20  - 48 45 17  -  8  - 38 28  -  - 15  3 32 50 47  7
 10  - 28 18  -  -  - 29 22  8 42 13  4 26  3 39 25 17 37  9 23 32 12 27 38 20 34  - 30 19  - 11  -  - 43  - 45 44 14  - 48 40 50 24  7 49 47  1 41  -
  5 46 19  -  - 32 30  6 39 36 25  - 31 40  - 28 27 15 38 45 17  -  3  1 50 34 23  - 49 44  9  2 48 29 18  - 33 37 26 24 22 11 42 43 35 47 13 20 10 41
 32 18  7 30 46  - 50 49 25 17 19  - 44  - 22 38  8 29  9  2 14 41  6 24 23 12 47 27  - 42 20 10 21 33  1 37  4 26 28  5 35  3 31 39 13  - 43 40 45 16
 24  - 44 45  - 22 17 25 47 43 12  - 35 49 26 40 39 46  - 36 41 33  4 30  2 38 15 32 14 28 48  - 19 13 16 31 20 18  1 37 42 50  6 11  -  7  5  - 23 10
 19  -  - 25 11 46 18  -  3  -  -  - 20 38 35 17 31  4  5  1 37 23 10 43 12 36 49 16 34 50 45 13 44 14 47  - 24  - 41 22  9 29 32  - 39 15  - 27  6  -
 33 44  -  -  - 29  - 22 34 31  3  -  -  -  2 13 19  8 15 50  -  5  7 48 42  - 14 12 37 39  - 35 23 20  - 24 47 27  - 49 43  -  -  4  - 45 18 11  - 46
 16  -  1 48 49 44 10 23  9  4  - 35 40 14 30 11  - 22 12 37  -  - 41  -  - 50 27 24  2 36 38 29  - 28 26  6  3 21 32  - 19 46  8 45 17 20 31 18  -  5
 41 30  - 20  -  2 43 18 23 16 22 25  - 27  - 45 29 19  - 34  5  -  -  -  8 49  - 37  -  9  -  1  4 31 36  - 40 17 42  3  -  - 15 46  6 14 11 21 38 50
  2 40 23 22 14 19 38 30 45  -  -  -  -  - 20  -  - 41  -  -  - 10 32 36 47  -  6 42  1 18  -  7 17  4  - 11  8  3 39 35 15  - 21 50 25 29 49 44 33 43
  8 22  - 36  6  9 20  -  -  - 14 49 13 21 42 30 45 26 34  -  4 29  - 37  3 23 28  - 15  1 41 47 18  2 44 48 12 50 19 33 17 27 11  - 43 39 40 32  7  -
 49 43 16 21 19 13 37  - 48 24  4 31 36 35 47  - 30 10 11 44 15  - 39 32 26  7 33  2  9  - 40 14  3 41 42  - 38 28  6  1  - 25 20 23 46  - 50 12 27  -
  -  -  5 35  - 12 27  -  4  7 34 18  2 32 15  3 38 23 16 21 20  6 28  9 30 11 19 13 48  - 42 41 22  -  -  -  - 49  - 50  - 47 10 36  - 37 26 33  - 17
 21 28 30 42 25  1 40  - 41  - 32 12  6 46 23 48  - 43  - 35 38  - 14 34 15 27 22 26 24 47 13 17 16 39 29  -  5 31  4 11 36  9  7 49  8 19 45  2 37 20
 50  - 20 32  -  6  5 47  7 14 30 48 15 17 40  1 33  - 39 42  - 45 31 29 16  9  3  - 35 22 21  - 11 49 38 34 37 19 12 43  - 26 18 41 23 28 24  8 13 25
  - 38 40 26  - 25 44 32  -  - 27  1 46  2 31 49  - 12 48 41  - 16 24 35  - 43 11 39  5  -  - 50  -  - 10 17  -  -  -  - 30 45 33  6 28  9  - 14 42 23
 44 14  - 38 24  - 22 42 30 25 45 16 50 10 43 18 35 20 17 49  7  2  9  3  1 46 40 21 39 29  8 15  - 19 34  -  - 33 47 27 11  -  4 12 26 13 41  5  -  6
 45  9  6  4  -  -  7  -  2  - 44  3 28 20  - 50 36 27 23  - 24 30 17  -  -  8  - 15 38  - 31 34  - 21 19 42 26 11  - 25  5  -  -  -  - 46 33 29 48 39
  -  7 31 17 47 30 39 14 27  3  9  - 48 13 18 44  1 38 21 32 33 50 49 41 45 26  -  8 19 46  2 23 43 34  4 25 29  5 10 40 37 36 24 35 42 12 16  - 15  -
  -  - 26 31 42 48 49  3 14 32  -  4  9  8  - 15 13 50 33 18  1 40 38 45 24  6  - 46 20 25 44  - 35 12 37  -  -  -  -  7 21 30 47  5 41 23  - 43 17 22
 31  -  -  7 39 17 35 44 33  6  - 26 18  - 38  2 23 34 45 25 46 24 15 42 14 48 37 30 16  4  - 43 28  8  5 49 22 29 11  - 20 41 40 47  - 32 12  -  -  -
 13  - 39 12  - 21 47 28  - 23 16 30 25  - 50 29  6  - 20  7  - 26  5 44  9 24  4 36 31 45 34  8 14 10 33  3 35 42  -  - 27  - 38 19 49  2  - 48 46 32
 26 23 22 10 18  - 31  - 40 49 21 37  - 48  - 24 17  - 42  -  6  9  -  - 28 16  1  3 13 12 43 39  -  - 11  - 32 35  7  - 50  2  5 38 33 44  8 47 34 29
 47 36 29 34  5 28 15 13 42 46 23 39 17 43  8  9 32 18 50  -  -  4 33  7  6 40 31 45 12  -  1  - 49 35 21 38  -  2 48 14 10 16 22 27 19 41 25 30  3 24
 17 41 50 40  7 45  -  8  - 38 49 10  - 30 46 32  9 42  -  - 16 47 19 23 18 13  - 34  3 24 35 26  1 11 20 43 21 36 25  6  - 14 37 29  4 33 44 22  -  2
  6 26 47 44  4 34 23 11  - 50 35  5  3 45  -  8 12  9 27 29  2  - 16 21 49 19 17 48  7 43 28 30 24 32  -  - 39 40 33 15  -  - 46 10 14 25 20 31  1 42
 46 20 27 19 30 35 45 34 26 21  1  - 43 12  7 42  5 40  -  - 28 11  - 33 25 41 36 18 32  - 50  6 38  9 17  - 15 14  3  2  4  - 44 48 22  8 10  - 16 37
 39 42 35 15 17 47  - 41 28  1  -  - 16 23 24  -  -  7 36 22 12  - 37  6  4 30  - 14  8 10 25 49  5 48 13  - 43 32 31 18  3  -  -  9  -  - 38 45 11 33
 36  -  - 23 13 38  3 24  6  -  - 40 11 39  -  - 34  1 46 28 25 48  - 20 32 15  5 29 17 27  - 33  7 44 12 19 31 43  - 47 41  8  2 26 16  -  9 42  4 35
 30 45  3 11 32  - 42 21 16 15  -  9 37 47 33 41  -  - 22  8 36  - 13 25 43 17 10  5 18 34 39 12 50  - 27 46  2  - 49 26  -  - 19 14 44  - 29  4  - 40
  7  1 12  -  3 23  - 27 17  -  - 41  - 44  - 19  2 45  -  6  - 39 43 50 31 22 26 25 10 11 29  4 42  5  9 28  -  - 20  - 18 35 34 30 37  - 46  - 49 38
  9  3  - 37  - 16 12  - 18 26 36  - 19 41  -  - 48 39  - 13  -  7  -  2 46 45 50 20 27 35 10  -  6 40 14 32 30 23 43  8  - 49 29  - 11 34 17 15 31 44
 27 13 32 33 45 10 46  - 12 28 43 20  -  -  1 37 18  6  8 11 29 19 21  -  5  - 30  9 44 16  4 42 41 47 15  - 14 38  - 34 40  - 36  - 50 31 48  -  2 49
 15 33 36 39 44  3 13  4  - 34 11  2  -  - 29 12 50 32 35 16  - 27 40  - 37 47 38 19 22  6  - 45 25 17  - 30  -  -  5 48 23 42 28 20 10  -  - 41 24 26
 35 32 45 46 48  -  8 31 24 39 20 43 23 42 19 47 40  -  6  -  - 12 29  - 33 18 41 28 11 17  - 44 27 22 50 13 16 25 37  -  2  7 14  1 34  5 30  -  9  4
 25 35 48  6 37  7  - 20 11  -  - 38 49 50 12  -  - 31 32 40  -  - 42  - 36  3 39 43 47 23  -  5  8  - 24  - 28  - 21 17 34 10 45 13  2 22 19  9 29  -
  4  - 25 14  9 39  1 16 43 13  2 24  -  6 37 20  - 33 26 19  - 17  -  - 40 44 35 31 42 32  -  - 30 50  7  5 49 45 36 46 29 21 41 28 27 10  3 38 12  -
 43 16  8  1 36 42 11  9 31  -  - 23  5 15  -  - 28 37  -  -  - 20 27 49 13  4  -  - 46 21 32 24 45 38  6 35 41  - 29 19 25 17 12 44  3 30 22 10  -  -
  - 39 13  -  -  4 36 10 50  - 17 44 24 33 32  - 43 14  1 31 22 28 46 11 27 21 45 40  6 41  7  3  -  - 23  8 18 30 34 29 16 15  - 42 12 38 37 49  - 19
 12 49  2 13 23 11  4 38  - 29  6 15 45 36  9 33 37  -  - 46 50 43  -  5 20 42  8 17 26  7 47 25 10  - 28  - 19 41  -  -  1 32  - 22 48 16 34 39 40 14
 38 47 11  - 16  5  9 37 49 12 10  -  - 18 17 35 41 13  7 23 39 25 36  - 21 14  - 22  - 48  - 20 34 26 45 40 44  8  2 32  6 43 30  - 24 27  4  - 19  3
  - 27  - 28 34  - 24 26  8  - 46 17 21  - 44  - 42 36 30 14 49 13  - 19  -  5 32 47 41 38 22 31  2 37  -  -  - 16  - 39 45  - 48  3 20 40  -  7 25  9
 34  5 18  -  - 49  -  7 32 42 39 46 10  4 48  - 26 35 13 47 45  -  2 28 19  - 24 11  - 15  3 22 40  1 41  9 27 12 38 20 14  6  - 31 30 17 36 23 44  8
 42 12 38  - 50  - 19 40  5 20  - 11 26  7  6 27 10 28  4  - 13 46  - 16 22  2 43 49  - 30 17 32 39 36  3 15 34  1 45 44 31 48 23 37  9 35 14 25 18  -
 37  - 17  3  - 14 41  - 38  -  8 50 22 28 34 31 24  - 47 43 48 42 20  4  - 32  7  -  -  2  6 40 15 45 30 27  9 13 35 12 49  -  - 25 21 26 23 46 36  1
 40  - 15 27  1 50  -  - 36 30 31 28 34 16 11  - 47 25 18  - 32  3 26 38 17  - 44  -  - 20 19 21 37 24  8 39  -  9 46 23 33 12  -  2  5  - 42 35 22 13
  - 19 14 47  -  8 29 36 10  9  - 32 39 37 41  - 44 49 43  3 30 21 35 46 48 33  -  - 23 40 11 28 31  6  -  - 25  - 24  4 12  -  1 34 45 42 27 17 26 18
 29 48 46  5 31 18  6 50 19 41 33 45  - 34 16 43 11 47  - 17 40 22 44 12  7 35  2  4 25 49 15  -  -  - 32 21 36 39  9 10 26 20  3  8 38 24  1 37  - 28
