2000
 19  - 27  -  - 39  -  4 14 45  9 15  - 35 40  - 12  - 50 18 32 44 31 30  - 26  -  - 11 49 34 36  2 46 16  - 24 37 21 29 10 41 13  -  - 17  -  - 20 25
  8 12 39 34 44  - 25 14 22  -  - 35  -  - 18 48  2  7  -  - 36  1 38 19 20 10 26  - 45  -  - 37  6 13 42 49  3 31 17 15  - 50  9 29 16 32 41 40  5 30
  - 39  6 33 26 19 10  7  -  -  3 30 34 21  - 47  -  -  8 24 48 18 41 44 50  9 13  - 49 14 11  - 35 28  -  -  - 36 38 20  - 16 22 23  4  - 25  1 32 42
  -  4 13 43 40  2 20 15  -  9 30  6 33 49 23 16  -  - 22 35 37 28 34  3 44 47 17  - 10  - 48 41 21 26 12  - 46  - 25 38 31  1 32  7 11  - 19 14  8 39
  5 36 42  7 34 49 41 30  1 16  -  -  - 23 20 18 37 19  - 26 10 35 45 43 22  6  9 44 25  4  - 21 50 14  3 46 31 27 33 40 47 32 39  -  2  -  - 38 15 11
 50  9  - 21  - 10  -  - 33  -  -  -  - 46  3 19 15  - 20  7 43 17 29 47  - 41 18 48  - 26  4  - 44 16  1 38 30 28 36  - 22  2 31 39 37  -  5 35  6 27
  7 32 34 31 27  - 14 47 45  3  - 21 46 22 13 40 28 16 44 19  9  - 26 18  2 23  - 38  6 10 12 50 20  5 15  - 49  1 35  8  - 37  - 24 29 41  - 48 30  -
 35 29 10 50 37 38 30 19 25 26  - 24  7 31 17  -  1 48 43 16 22  5 13  -  8 28 14 21  - 39  9 49  3  -  -  -  6 40 42  2 44 45 36 11 33  - 47  -  4 12
 14 22 24 32 16  1  5 48  -  - 39 36 13  - 15  - 25 33 21 44 23  - 20 35  6  -  8 19  -  - 28  - 41 17 38  3 10 45 50  9  2 31  -  - 18  - 37 43  - 47
 23  1  9  - 28 17  3 41  - 48 50  2 38  - 29 45 40 31 30 15 26 20  6 37  -  - 33 32 27  - 18 25 19  - 22  -  - 14  - 21  -  4 24  -  - 44 35  8 12 46
 34 49 47 20 30 14 21  - 42 38 37 12 22  3 48 29 11 45 17  - 39 23 33 15  - 40  6 26  8 50 10 18  5 25  4 19 27 32  1 43 41  -  -  -  7  - 13  -  9 28
  - 16  - 22  - 37 33  5 48  1 21 41 24  6 26 44 14 18  3 39 34 10  - 13 28  8  - 27 15 25 32  4 42 40  2 12 19 35 11  - 23 30 49 31 50  7  - 20 46 36
 21 34 31 16  6 48 15  - 20 23 10 17 37 13 44 32 41  -  5  - 11 38  8 36 18  -  -  3 33  2 43 45  4  - 40  7 47 30 26 46 28 14 42  9 19 29  1 27 24 22
 33 20  -  5  - 15 22  - 21 37 49 11 44  2  -  - 46 36 13  - 45 32 50 17  - 30 40 12  - 48 16 34  -  1 39  - 43 38 47 23  6  - 27 28 35 25 18 10 14  7
 43  - 23 28  - 30 44 45  5 13  8 14 26 38 49  -  - 25  2  1 35 50 39 22 48 31  3  - 20 36 47 32 27  - 34 37 17 33 12  -  -  - 10  4 46 15  - 11 40 29
 25 31 33  1 17 23  -  9  - 34  - 37 45 10  - 13  3 39 48 40  -  4 49 12 41 24 42  - 26  - 36 44 22 29  -  -  - 47 18 32  8 46 11 19 14 30 15 50 28  6
 11 45 30  -  -  -  6  - 15  - 44  - 17 50 35 34 18 43 38 20 47 16  - 32 29 39 21  2 37  3 42 10 33  9  - 48  - 25 41  7  - 23  1  5 31  - 40  - 27  -
  - 35 19  - 32  -  - 34  8 22 14  - 47 24  7  - 44 21  6 43 40 48  -  - 49  - 30  - 38  1  - 39  - 45 20  -  4 11  - 10  - 12 25 15 23 31  3  - 50  -
 16 47  3 17 36 35 11  8 23 25  - 31 10 44 22  - 38 20 40  9 33 21 24  1 37 46 27 29 48 43 50 19 39  - 45 32  5  2  - 28 18 34 41  6 12 26 30  4 49 13
  - 26 50 10 22 45  7 27  9 36 18 43  -  - 16  2 49  8 24 38  5 39 48 34 15 14 23 37  - 13 21 29 12 30 19 44 11  - 40 33 35 25  3  -  1  6  4 46  - 20
 15 11  - 44  - 20  - 37 35  7 45 28 40 48  - 36 13  2 25  - 14 29 18 27  -  -  4 33 24 17  -  6  -  - 43 30  8 41 19  3  - 47  - 32  - 39 46 22  -  1
  4 18  - 41 13 47 31 33  - 49 29 38  3  5 28 17 27 15 35  6 30 42  9  - 25 37 34 22 36  - 39  1 11 12  7 10 21  - 46 44 43 19 20 14 26  2 23 16  -  -
 29  -  - 30 18  7  8 44 49 41 15  1  - 12 39 33 24  -  -  3 27  -  2  6 23  - 20 31 14  5 19 28  - 32  - 11 42  4 48 26  -  9 21 16 38 40 36 34 13 35
 40 33 22  - 46 31  4  -  3 39  - 47 32 15 41 23 17  - 16 11 18  9  7 49 36 20 29 30 28 34 25 14 13 37 24  2 26  8 43 50 27  6 38 12 44  5 45 19  1 21
  - 25  2 13 48 36 35  6 26  - 24 34 50 27 47  7 42 49 23 21 16 30 22 45 17 11 10  - 31 37 20 46 32  8 33  1 38 15 29  5  -  - 40 44 43 12 28  9 18 41
  -  5 21 49 15 18 40 17 47 50  -  - 36  1 12 10  - 26  - 32 31  - 44  9 30  2 46  8  - 42  -  7 48  - 11 25 28 43 23 39 13 24 37 27 20 35  -  6 29  4
 30 19 28  - 11  - 24 36 17 46 27  -  5 41 33 38 45 44 34 13 49  - 40 10  1 12  -  -  4 16 23  3  7 35  -  -  9 20  - 18  - 43  2  -  8 21 26 29 47 32
 20 28  - 38 41 25 29  -  6 33 42 23  - 19 11 50 34  5  - 17 46  - 15  -  4 44  1 39  - 35 30 12 37  - 21 13 32 10 14 47 24 22 16  3  - 36  8  - 48 45
 46 17 43 45 31 12  - 20 11 29 41  4  - 32 24 49 48 22 36 30 25  7 28 39  -  - 19  5 47  - 38  - 14  - 44  -  1  9  -  6  3 13  -  8 15 10 50 37 34  -
  6 46 11 15 12 26 50  - 19 43  1 44 14 25 32 39  8 17  4 33 42 49 23  7 38 48 47 40  5 20  - 22 10 41  - 21  - 29 13 34  9 27 30 35 45 37  -  3  2 24
 41 10 25 19 21 33 12  - 50 27  5 13 30 45  - 35  6 47  - 29 17  -  - 38  - 32 11 23 22  - 44 48 28 49 26  - 20  7  3 14  4 18 15 36 42 24  2 39 43  -
 26  8  7  - 10  6 32  3 29 17 43 20 23  4 34 12 21 30 37  2 41 15 42  - 14  1 16 35  - 11 40  - 36 22  - 45 25 39 28  - 38 49 19 50 24 47  - 44 33  5
  -  2 37 26  4 41 23  - 34 10 22  -  - 18 36 15  - 11 46 14 12  6  1  - 27 19 49 20 42 29  5  - 45 24 35 47 33  -  - 31 30 40  8  -  -  9 21  7  3 44
  -  6  - 23 39  8 48 24  -  -  -  -  - 30 46 31  - 41  7 47 15  2  -  5  3 13  -  9 43 27  - 16 40 19 14 22 50  - 20  4 11  - 34 42 36 28 49 33  - 38
  - 13 36 37 19  9 34 46 10  - 23 48  - 11  2 21  -  -  1  - 38 41  -  8 26 25 22  4 35 33 29  -  - 50 30 42  -  3  - 24  - 28 17 45  5 27 39 18  -  -
 37 41 44 29 43  3 26 32  - 20 33  -  - 16  8  - 31 50 49 28  6 11  5  -  7 18 38 15 40 22 14  2  -  - 23  - 12  - 27 48 34 36 46 30 25 42 10 45 19  9
 44  -  8 25  - 43 19 18 46  5 28  - 15 29  6  - 47 23 45 31 50 40  3  - 33 36  - 11  2 41 35 20 34  7 13  9 39 48  - 27 16 21 12  1  - 38 32 17 26 14
 47  - 18 14 20  5 37  -  - 30  -  - 49 43 31 22 23  9 26 48  - 25  - 11 35  - 36 45  - 15 46 27 24  6 29 40  - 19  4 12  -  - 28  2 21  1 44 41 42  -
 12  - 46 24  - 13 47  -  - 11  -  9 19 26 14  1 30 40 29 22  3 37 10 20 32  4 31  - 21  7  2 17 49  - 25 28  - 23 45 41 50  8  5 48 27 33 42 36 39 43
 10 38 17  -  2 44 13  - 12 32 40  - 18 20  -  -  7 14 28 37  1 31  4 16 45 34  5  -  3 30 27  9 25 15 50  6 41 26 24  - 39 11 47 33  -  - 29  -  - 48
 22 40 35  8 47  - 46 25  - 21 17  - 11  7  - 37 10 28 27 34 44 13 12 42 19 15  - 43 50 45 33 24 38  4  - 36  -  - 49 30 48  -  -  - 41 20  6  5  -  3
  - 21 29 35 42 27  - 11  - 28  - 10  - 14 45 25  9  3 32  8  4 12 46  - 16 38  7 50  1 19  6 23 18 36 47  - 22 17 30  - 26  - 33  -  - 34 48 13 37 15
 36 30  - 40 33 50  -  - 28 15 47 16  6  8  4 11  - 12 14  - 13 24  - 48 34 29 32 41  -  -  - 42 31 21 17 39 37 46  5 25  1  7 18 43 10 49  - 26 38 19
  2 43 14 11  - 28 18  -  4 35 46  -  -  - 25  3 32  -  -  5  - 34  - 33 12 17 41  - 30  8  1 47 26  - 31 16 29 49 44 37  - 15 45 10  6  - 20 42 22 23
  - 14 16  - 25 11  1  - 41 42 36  7 31  - 38  9 43  - 19  - 24 27  - 40 10 33  - 46 39  6  -  -  8 20 18 29 45 44  2 35 37 17 26 34 48  - 12 30 23 50
 18 27  -  3  1 34 39 38 37  6 31 33  -  - 30  5 36  4  9 50  - 45 11  - 43 35  - 10  - 28 49 13 29 44  -  -  - 12  - 22 20 26 23 41 47 48 17 21  -  2
  -  3 41 46  8  -  -  - 43 44 20 26  4  9 37  6 33 10 15  - 29 47 30 50 21  5 25 16 12  - 17 35  1  - 28 23  7 34  - 19 14 38 48 18 13  - 11 32  - 49
  3 37  1  2 50 40  - 29 24 31 19  8 16 42  -  - 26 32 10  - 28 33 35 14 46 43 12  - 13 44  7 30 15 11  - 17 48 22  - 36 45 20  4 21 39 18 38 25 41 34
 31 44 49  4 14 32 17 50  7 19 12  5 29 47 10 30 20 27 33 46 21 22 16 26 39 45 35 36  9 18 15 11  -  3 41  8  2 13 37  1  - 48  6 38 28  - 34 24 25 40
  - 23 26 18  5  - 36 49 39  2 34  -  9 37 50 46  - 24 42  - 20 19  -  - 47  3  -  1 17 38  - 43 30 27  8  - 14  6 22 45  - 44 29  - 32 11 31 12 35  -
