2000
  - 22 28 50 36 21 31 46 16 17 13 18  - 48 45 43 37 26  3 39 34 29 35 41 33 24 25 44 47  - 27 30 11 49 40 23  9 19 42  7  2  1  8 15  -  5 14 12  - 38
  -  -  4 21  - 20  -  - 14 26 38  - 28 11  3 30 31 36  - 45 12 17 15  -  7  -  2  - 27 19  - 34 22 33 42 39 29 49  -  - 43  9 44 41 24  - 32 40  8  -
 30 34  - 40 20 37 50 19 22 35 16 43 21 36 27 15  8  6  4 26 25  2  - 23  -  - 39  - 42 41  -  7 10 24 17 47 18 11  - 48 38 33 14  -  1 46 29  3  9  -
  -  -  -  -  - 26 42 18 19  -  - 37 12 22  - 41  - 39 49  - 47 20 16 35 13 17  1  - 36 50 43 21 23  -  - 46  4 29 45  5  7  - 24 33 32  -  2 44 40 31
 46 45 25 32  1 49  - 15 34 42  9 31  - 10 29  -  7 48 17 43  8  5  - 44 26 30 24 37 38 11 39 13  - 22  2  - 20 14 33 21  6  -  - 27 35 19 47 23 36 40
 45  9  - 24 12 27  4 28 29 41  3 23  - 20 50 17 30 31 16 18 15 32  8 48  - 26  - 22  -  6  - 25 46  7 10 36 21 43 38  1 14 34  - 42 39 44  - 37 33 47
  -  3 11 18 38 50 29 30 37 19 22 26 20 31 33  -  5 14 45  8  4  - 43 49  -  2  6 25 23 47 13  -  7  - 46 12  - 16 39 35 40 21  1  - 28 48 42 41 24 44
 41  - 48  - 42 17 24  - 15 34 11  - 19 14 10  - 36  1  -  -  6  - 30 18 23 21 37  3 44 29 22  9 13 47 33 28 12 39  8  - 20  7  5 49 40 43 38 25 31  -
 25 11 46  - 47 41 23  - 32 24 26  2 17 35 48  4  - 42 38 12 22  - 18 15 29 44 21 19 10  -  3 50  5  6  1 20  - 34  -  8 27 37 45 30 14 33 28 16 49 43
  -  - 24 33  5  8 45  6  -  4  -  -  7  - 42 14 28 47 27 25 19  - 46 38 31 37 43  -  2 20 17  - 39 34 16  - 30 23 40  9  - 50 26 32 10  - 41  -  - 36
  5 43 31 42 19  9 30 48 25 36 45  7 39  - 13  -  - 44 47  -  - 49 40 37  - 38 34 29  -  - 12 41  - 28 50  8 35 10 14 15 26  2 17  - 33  4 20  1  - 16
 28 30 45  2 23 14  - 35 27  9  8  - 10  1 26 16 43 12  6 21 36 37 29  - 41 32  - 15 34  - 24 17 40  - 38 44  - 18 46  3 39 42 19  -  -  7 49 47  - 50
 35 17  -  - 26 32  2  5 49 14 31 12  1 15  4 20 24 40  9 38 18 19  6 29  8 33 16  7  3  - 42 46  - 25  - 22 43 41 21 23 34 44 47 45 37 11 36  -  -  -
 29  4  -  - 33 28 26  - 44 27  7 49 40 18 22 24  2 11 19  - 10  - 39 34 37 35 15 45 46  8  1  - 42 32 25  9  - 50 20  6  3 43 12  5  -  - 31 14 17 21
  - 37 35 10  4 13  -  7 17 23 41 16 33 26 31 19 27 43 48 24 14 40 11 36  - 50 44 42 29 15  9  - 30  - 39  1  3  - 12 45 28 32 25  - 49 38  8 46 21  -
  - 10 29 11 37 45  -  - 39  - 49 30  - 47  5 26 14 13  1 40  9 46  -  4 32  7 22 24 17 21 41 38  3 23  -  - 25  - 28 50 15 20 31 35 18  2 19  6  -  8
  - 16 33 25 35 12 28 22  - 45 32 42 44  3  -  1  -  - 37 47 48  8  -  -  -  - 18 30  7 24  4 49 34 39 23  -  5 21 10  - 13  - 46  6  - 26 50 36 15 14
  1  - 23 17 14  3 41 38  4 25 28  -  - 32 46  -  - 45  2  9 44 11  - 19 34  - 30 21 12 48  -  - 50 20 37  5  6  - 43 31 33 49  - 10  7  - 40 13 47 18
 42 44 47 29 34 31 46 41 38 50 20 14 45 49 12  -  - 22 25  -  5 33 27 32 21  - 28  2  -  - 10  8  -  - 13 18 36  - 35 43 11  6 15 23 30 40  7 17  - 24
  - 21 22 46  -  - 12 33 10 28 17  - 15  9 37 23 38  - 42 49 43  - 48 13  - 25 40 31 20  - 11 27  2  - 41  6  7  1 47 24 16 18  - 36  - 32  -  - 29 19
  4 33  5 13 28  2 43  -  8 22 44 48  3 17  - 18 12 34  -  -  - 31 19  - 38 42 32  - 16  -  -  -  1  9 45 21  - 15 27 41 47  - 49 25  - 36  - 11 10 37
  -  2 10 15 48 36 35  1 13 44 19 33 43  -  - 37 40  -  - 50 31  4 20 25  5  6 46 34 45 49 30 22 29 21  9  3 16  - 24 26 41 27  -  -  8 14 17 39 11  7
 24  - 37  - 43  - 36  8 12 40  5 41 30  -  1 49 35  9  - 31  -  7  - 39 18 16  - 50 15 25 29 42  6  3 32 48 33 13 17 14 22 19  - 46 20 10 44 27  2  4
 19 49  - 26 22 43  - 44  2 16  - 36 29  7  - 31 15 27 35  -  1  6 28 33 42 45  3  -  9 46  8 40  - 12 34 24 41 25 30 38 10 23  - 21  - 37  -  - 39 13
  -  6 21 37  3 16 20  2 47 32  - 25 13  - 30  5  -  8 23 46 38 41  1 31 14  9 10 33 50  -  - 19 17 36 29  - 27 44  - 22 45 40 28  -  4 35 39  - 12 49
  2 40 50 19 10 24  7 27  - 15 43  1 37 34 17 47  6 38 21 35  - 42  -  - 36  3 23  5 48 33 26 44 32 16 14  - 45  -  - 25 49 12 39  8 31 29 13 30 18 22
 21  - 20  6  -  - 44 50  - 29  - 27  - 40 43  -  - 37 11  3 28  - 24  -  2 12  8  -  - 17 23 35 49  5  4 32 15  7 48 47  - 10  -  -  - 25 18 38 16 33
 50  - 18 16 31 10 13 25 36 48  - 22 47  - 20  8 49 17 46  - 42  9  4 43 11 34 14  6 33 39 40 24  -  - 21 38  2 12 23  -  - 26  7 28 44  3 27 15 30  1
 15 41  - 48 30 42 19 14 33  - 36  - 24  - 35 44 39 16 43  - 20 34 32 22 46 29 47 13 21 38 37 12  - 17 49 31 28  8  7 18 50 25  2 40  -  -  4  5 23 27
 32 24  6 31 39 23  -  - 46 37 27 19 22 29 14  9 16 21  7 36 50  - 49 40  -  - 12  - 35 45 47  4 38 13 44 43 42 48  - 17  5 30 18  -  - 20 33 34  - 26
 38  -  8 20 50  - 11 49  - 39  4  - 27  - 32  6 34  -  -  5 41 30 42  1  - 10  7 43  - 44 14 29 18 37 35  - 47 17  - 46 21 48 33  - 36 45 12 28  3 25
 12 42  1 49  - 46 33 40  9  -  6 15 25 30 47 11 50 29 24  7  2 38 44  3  -  4  -  - 28 36 48 23  8 14 26 10 32 31 37 16  -  - 13 22 43 21 34 18  5 39
 13  5  -  9  - 29 38 32 48  3  1 46 35 25  -  7 44 41 34 14 16 10 36  2 39  - 42 47  8  - 33 28  - 30  - 45 22 40  - 20 37 15  4  - 21  - 23 49 43 17
  -  8 12  - 46 30 21  - 45  7 34  -  -  6 40 36  - 32 22 42 33 16 26  - 48 39 50 20  -  9 15  1  -  2 18  - 37  - 44 10  - 35 23  - 29 17 43 31 38  -
  - 47  - 36  7 40 15  - 11 30 12 32 26 42 39  3 23  5 13  - 17  -  9  - 50 46 41 10 22  4 38 20 19 35  - 37  -  -  1 34  - 16 21 43  2 18 25 33 14 29
 39 18 44 34  8  -  9 26 43  - 33  -  - 24 19  2 17 49 30 29 37 47 21 10  -  - 35  -  - 28 45  3  - 41  7 42  - 27 36 12 23  4 50  - 25 22  - 48  -  -
 49 39 34  - 21 44 37  4 28  2 40 13 18 12 16 33 25  7  - 15 32 24 10  9  -  -  - 38 14 27 36  - 45 50 47 35  - 46 11 19  8 29 48 17 42 30  - 20 41  3
 40  -  2 14 24  - 47 31 30  8 18 38  6 44 21 46  - 20 33 32 39 45  -  5 12  - 27 23  - 22  - 48 35 26 11 16 17 37 15  4 36 13 43 50  9 49  3 29 42 10
 33 46 16  8  - 18 32 43  -  - 42 28  -  2 24 35 45 19 36 17  7 21 34 27  4  - 38  9 40  - 49  - 20 10  - 29  - 30 26  - 48  - 37 44 22 12  1  - 13 23
 17 12  3  - 32 48 49 45 18 31 29 24 14  - 34 39 47  -  - 20  - 44 13 16 25 15 36  4 43 37 28 10 27  - 22 33 26  2  - 42 46  8 11  7  - 23  9 21  6 35
  9 38 43 22 11  - 27 17  5 33 35  - 34 16 44 25  - 28  8 23  - 18 47  7 15 31 29 49 24 13 50  6 21 46 12 14 19 20 32 36 30 39  - 48  -  - 37  2  4 42
  3 36 26  4 17 15 40 39 35 12 47  8 38 41  2  - 46 18  -  - 49  - 14 30  9 27 45 48 25 34  - 37 44 31  - 50 23  6 19 33  - 22 10 13  5 28  - 32  7 11
  - 14 39 12 13 34  3 20 40 38 46 21  - 33 36 22  - 50 32 44 45  - 23 24 43  - 48  -  6  - 25 26 37 15  5  - 49 35 29  2  4 31 41 11 27  9  -  - 19 30
 31 27  - 28 15 19 39  3 26 11 24  5 23  -  - 32 21 10  -  - 30  - 50 12 40 49  9 36 37 14 35  2 33  -  - 17 13 47 41  - 25  - 22 29  - 34  - 45 48 20
  -  7 15 47 16  4 14 23 42  - 25 39  9 37  - 28 22 33  - 48 13 35  - 21 45 40  -  - 18  2  - 43 36 11 30 19  - 24 49 29  -  3 32 38 41  - 26  - 20 34
  - 20 42  - 29 35 10 12  7  -  -  -  2  - 41 13 26 24 14 34  -  3 17  8 16 36  5  - 49 32 19  -  - 44 48  - 46  4  -  -  9 11  6 37  - 31 21  - 22 28
 37 50  -  - 18  7  1 36 24 46  - 10  - 21 28 27 41 25 39  4 23 13 33 14 44 43 20 16  - 26 31 47 15  - 19 11  8 42  3 49  - 17 29 34 45  6  -  9  - 12
  8 23  - 44  -  6  - 21  - 49 48 11 46 27  7 40 20 35 31 33 29 26 25 50 10 41 13 28 19 18 32 45 47 43  3 30 24  9  4 37 42 36 38 14 12 39 16 22  - 15
  7 35 27 41 40 33  - 11  -  - 23 17 32  - 49 50  4  3 29 10 46 14 37 42 30 22 31 26  5 12 20 36  -  1 15  2 44  - 25 28 18 24  9  - 34 47 48 19 45  6
  - 19 41 23  - 11  6 34 50  - 14 44 31 39 25 38 33 46 15 13 35 48  -  - 28  5  4  - 32 43  - 18 16 29 20  - 10 36  - 40  1 47  3 12 17 42 30 24 37  9
