2000
  7 17 22 39  - 14  5 49 40 10  -  4 11 37  - 24  - 36  - 30 38 33  -  - 28  - 42 16  1  -  - 46 50 35  - 13 18  - 43 19 15  - 20 34 26  -  8  - 47  -
  - 49  - 50 22 20  - 25 33  -  - 19 27  - 45 18  3 12 32  - 36  - 10  1  -  5 30 31 43 14 48  -  7  - 16  - 15 37 23 13 40  -  9 44  -  6 42 28 46 38
 33 29  2  - 47  5 50 35  8 48  4 30 14 23 16 22  -  - 41 18 42  -  - 46  3 40 19 45 39  -  - 49 13 37 20 32 38 15 44 31 34 28 25 26  -  -  - 11  -  6
  3 46 18 30 33 39 24  7 48 47 40  - 17 29 43 34 15 11 10 31 26 20 32 22 23 12  - 49  -  6 42 45 25  9 37 14 21 50 27 36 13 44 38  1 41  8 16 19 28  2
 21  4  - 26 20 36 40 27 44 13 28 23  -  - 17 37 25  - 46  8 30 18  -  -  6  - 49 47 11 42 45 33  -  -  5 19 34 16 32  - 31  - 39  9 15 10 22  2  -  7
 20  7 33 35 25 47 36 17 10 23 45 50 42 40 30 15  -  - 37  9 16  - 28  - 41 43 21  -  6  5 38  -  4  -  - 11 26 12 29 44 22  8  -  -  - 46 27 39  - 13
 26 24 11 20 10  3 32 41  - 36  -  8 39  4 18 47 37 17 28 49  - 23  - 34 48  -  -  -  - 16  5  - 46  7 13  1  - 22 30  - 21 38 14 29 19 42  - 15  - 33
  - 16 28  6 41 26 27 43 42 12  - 25 47 18 22  9 13  - 21 15 49 37 50 48 38 29 10  2 35  -  7  -  - 33 11 36 20 14 31 40 17  - 23 32  4  5 34  3 24 46
  -  - 39 17  - 31 12 26 16  3 14 46 49  -  9  2  1  - 48 24  - 11  - 13  - 25  - 27 33 34  - 42 20 32 35 22 19 38  5 15 43 29 18  - 47  - 37 50  6 23
 14 32  - 13 21 25 38  - 36 49  3 31 19  -  -  7  5 40 30 37 27 44 22  -  - 24 41  - 50 12  1  -  - 18 33 17  2 28  - 10 39 11  - 48  9 34 26  4  - 35
 40  -  -  5  4  7 16  - 38  - 19  - 10 42  6 43 44 21 39 20 13 25  - 26 12  - 50 22  2  - 41  - 29 23 46  8 32  -  - 47  - 15 36  -  - 27 17  - 37  1
 41 38  - 14 11 15 44 46  6  4  -  1 45  3 26 25  -  5 19 13  - 47 24 35 27 17 29  7 32  - 33 10 16  2 36 20 23 39 22  -  -  9  -  -  - 37 40 43 12  8
  - 48  - 23  - 29 19 13 50 11 46  6 34 25  -  - 49 31 47 21  3  9 18  - 45 44  - 17  - 28 14 12 22 10 39 33 37  -  -  2 24  1 40  7  - 26 38  5 16 41
 23 11  - 40 29 30 33  - 46 15 10 24 44  2 13 50 43  - 17  -  - 34 38 32  1  - 26  - 25  4 20 21 31 45  9 48 12  7 49 28 47 22 19  8 37 16 18 35 42 39
 35  - 27 28 45 10  - 19 47  7  -  -  4 31 37 41 20  - 18 12  8 43 23  3  5 14 48 38 22  -  - 15 40 17 50  -  - 34  - 16 11 46 30 21  2 24  1  9 13  -
 32 34 10  3  2  4 29 44  - 18 37 38 46 28  - 48 14  -  - 11  1  - 27  8 17 19  -  - 40 23  - 47 21 36 26 25 33 45 13 24 50 20 35 42  - 31 12 22  7 43
 13 25 31 48  - 12  -  8 14 16  -  - 33 22 24 20 32 43  -  - 46 41 45 27  -  6  - 11  9 26 47  - 37 15 23 35  5 21 10 50  2  7 17  - 29  3  - 18  - 42
 12 47 46 15 48  - 30 33 22  - 36 32  9 43 14  8  - 50  - 38 37  -  4 24 44 41  -  -  -  7 17 34  - 29 49  2 25 42 40  -  3 39  -  -  1 19  5 10 20 27
 15 19 29 32  5  1  - 22 11 27 35 49  6 20 34 36 41 42 45 25  7  8  -  - 24 16  -  4 37 13  3 31 44  - 40 43 39 18 33 38 26 50 12 46  -  - 48 17 30  -
 42 21 41  - 34 37  3  -  4  - 44 35 24 11 31  6 10 15 26 46 43 22 12  - 50 30 39 28 38 25 23 48  8 20 17 16  1 40  2 49 27 14  -  5  7 29 36  -  9 19
 39 18 21 46 50  -  4  - 27  -  - 45 32  7 36 42 34 33 23 43 15 14 17 10 19  1 12  - 24  - 26 25  2 31  6  - 13 35 28 22 20 40 29  - 38 48 44  -  3 16
 17 30  - 31 26 34  8  -  9  2 11  - 15 48  - 21  - 37 20  - 47  - 36 14 25 10  -  -  -  - 22 43  -  4 42 39 27  1 19 41 49 24 32 16  - 38 35  - 50 40
  - 14 20 36 13 33  1 42  -  - 30 16 22 26 32  5 21 25 31 19 50 28 48 17 15  9  -  6 29  - 43 23 10 41 24 38  -  2  -  - 18  -  7 35 11 47 45 12 49  4
 50 22  -  9 46 38 39  3 18  1  - 48 26  -  - 13 36  - 29 28 21  - 16 44 30 31  - 40  -  -  -  4 47  5 12 37  - 43 35 20 33 45 24  6  - 11 19 25 34 17
 38 23 34 11 49 13 47 39  5 14 33  - 21  9  3 35 24 19  7 29 32  4 31  2  8 42 36 18 15 43 16  -  - 30 44 46 45 10 48  1  -  - 27 37 25 20 50 41 22 12
 19  -  1 34 31  8 48  - 35 38  - 17 50 41 27  4 23 13  -  6  2  3 42  5 33  - 20 44 12  - 46  7 49  - 45 28 40 47  - 32 25  - 26 11 16  9 21  -  - 29
  1 43 38 41  9 32  - 12 49 39 34 47  -  - 44 33 16 20 27 35 18 42 19  - 40  2 28  - 17 46 21 11 14  6  - 24 10 48  3 30 37 26  5 13 45 50 23  8  4  -
 49 37 17  - 27  9 15  - 20 25 12  -  5  6  2 28 30 22 40 16  - 46 41 33 35  7  4 39 10 50 31 13 34  1  8  - 47 32 21 26  - 36 48 38 44 14 29  - 18  3
 31 36 19 33 39 22  - 45  - 32 21 27 30 24 38  -  4 47 34 26  -  -  -  - 18 37 13 12 48 29 40  1  9 46 28 10 43  -  -  8  7  - 41  -  - 35 20  - 23 44
 25  - 16  - 24 44  6 29 12 46 47 13 31  5  1 17 33  2  - 42 23 19  - 15 22 11 37 48  7 49  - 36  - 43 38 21 28 27 26  4  8 35 10  - 40  -  -  - 32 34
 18 45 47 49 16 17 26 36  2 40  - 28  1 33 23 12 11 34 50 14 48 27  3  -  -  8 46  - 21 38 37 24 42 13  - 29  - 44  -  9  4  5 22 19 32  - 41 31 39 25
 30 41 14 16 19 50 28 31 13 43 26  -  3 15  -  -  7 29  -  5 44 49 34 40 21 35  9 36 18 11  8 39  - 42 27  - 48 23 12 25 46  2  4 20 22 45 24  1 17 37
 45  -  3 12 38 46  9  - 31  8 24  2 35 39 50 29 22 26 16  7 34 17 20 21 49  4  - 37 42 40  - 14  - 48 47 41 44  - 11 43 32 25 28  - 13 18 15 33  - 30
 29  - 24  7 37 27 17 28 19 41 48  - 40 16 33  3  - 39 35 50 12 38 11 23 14 20  - 46 34 10  6  - 32 44 25 42  4  5 47  -  9  -  1 18 36  -  2 49 43 31
 11  - 32 38  3 43 13 20 23 22 41 37  -  1 40 44 26  9  2 10 29 48 39 31 47  - 17  8 46 19  -  5  - 50 18  4 49 36 16 35 14 42  6 33  - 12  7 45  - 21
  4  5  - 43  1 24  -  - 26  - 16 15 37 44 19 49  2 48 42 32 10  -  8  - 36 22 25 30 47  3 11 18 17 27  - 31 14  -  9 23  -  - 13 45 34 40  - 38 29 20
 48  2  4  - 15  6  -  - 30 24 43  - 12  - 41 40 35  - 38 17 25 31  - 16  - 32 18  9 20  - 10 29 19 26  - 49 22  -  1 42 44  - 34 28  3 36 13 27 33 14
  9  -  -  - 30  - 43 15  - 45  - 14 18 12 28 31 50 49 36  - 35 16 13  -  - 21 38 23  3 33 39  2  6 47 19 44  7 29 46 27  5  4 11 17  - 25 10 40 41 24
 37  - 25 29 28 18  -  4 17  5  2  - 36 47  7  - 46  -  6 33 40  - 43  -  - 13 24 20  - 35  9  3  1 34 10 50 31 26 45  - 16 32 44 41  8 49  - 14 15 48
 47 42 36  2 43 41  - 40 39 34 17  9  7 30 46  - 12 45  8 44 24 35  -  4 37 33 32 19  - 20 28 50 48 14 22 15 29  - 38 11  - 27  3 10 49  - 25  6  5 18
  - 39 50 24  - 19 21 34 43  - 18  - 13 27 25  -  - 35  - 22  -  -  - 28  - 15 16 14  -  - 44 41 11  8  3 30  9  - 20 17  - 10  -  4  5  - 31 29  1  -
  - 20  8 47 18 40  - 48 37 29  - 26  2 38 42  - 19  4 15 45  9 32 35  - 43  -  7  - 28 17 36  6 39 25 14  3 30 11 34  - 12 13 31 22  - 44 49 24 21  5
  - 35 49 42 14 48 20 30 45  -  8 41 23 10  5 39  - 46  -  1 22 40  2 18  7  - 43 29  -  9  - 44 24 28  -  - 11  4 36 37  - 33 15  -  - 17  3 21 25 26
 46  - 43  - 42  - 18 38 21 17 25  - 16 35 11  -  9 28  5 48  -  - 15 19  - 27  8 34 23 36 32 22  3  -  2 40  - 31 41  6 29 47 37 12  -  1 14 26  - 50
  -  - 37 21 40  -  7 14  - 50 20 18  - 17 10 19 47  - 22  - 31  5 33 43  2  3 11 32 44 24 13  9 12 49 48 27  - 30 25 29 42 16 45 39 35 41  - 46  - 15
 22 40 42  4 17 28 11  2 24  9  5  -  8 50  - 38  - 10  -  3 45 13 29 20 31  -  - 26  - 32 15 16 43 12 30  -  6 19 37  7 41 18  - 25 39 23 46 44  - 36
 10 50 13  1 35 45 25 23 28  -  - 44  - 19  - 14 39 38 49 40 20 12 37  6 29 26 33 43 36 21 34  8 15 16 31  7  - 17 24  5 30  3 46  2 18 22 32 47 11  -
  2 26  5 22  8 21 34 10  7 35 23 12 41 13 20  - 42  - 14 39 17 24 25  - 46 38  -  1  - 15 49 27  - 40 29 18 16  9  6 48 19  - 50 43  -  4 47 32 31 28
 24 44  7 25  6 16 37 47 29 20  -  - 28 45 15 26  - 30  - 27 39 36 21 42  9 46 22  5 41  2 35 38 18 19  1 23 17  - 50 33  - 31 49 14 12 13  4 34  - 11
  5 31 40 10  7  - 41 16  1 26 13  - 20 49 39 23 18  - 25 47 19 21 46 12 42 28 34 50 45 22 29 37 27  -  -  9  - 24 17 14 35 30  8  -  - 33  - 48  - 32
