2000
  -  5  - 33 41  3  1 31 45  - 12 39 11  - 35 32 34  4 48  - 40 44  - 16 25  -  -  - 50 29 47 23 18  - 20  - 17 26  8 49 14 22 19  - 38  9  - 46 43 24
  -  - 13 49 14 29 26  -  - 20 46  -  - 36  - 25 19 21  -  2 30 24  6 37  - 22 32 50 34  7 48 11 28 31  - 43  8 33 23 17 15  - 38  5 16 35 12 44 18 39
  8  7 34 18 47  - 25  - 37 45  9 43 15 24 46  -  - 40 11 50 22 49 10 42 20 17  5 12  6  -  -  3  -  - 26 27 16  4  -  - 33  - 32 23 39 36 41 19 30  2
  6 15 44  - 37 21 40 18  -  9 29  -  1  - 23 16 45 32 41  -  - 38  2  -  - 35 28 48  3 19 33  -  -  5  -  - 46 39 24 42 49 10  4 43 20  - 50  - 25  7
 18 21 12 15 26 30 20 11 23 41 27  5 44  8  - 37  -  -  - 49  - 43 38  9 10 19 39 35 40 34 46 31  - 32 22 33  4  6 47 48  - 24  2  3 14  - 36 50  - 16
  -  - 49 27 42  - 19 38 14 32 20 46 39  - 28 15 30 13  - 48 36 12 41 35  7 25 17 33  - 44 40  4  - 29  -  -  5 50 11  -  -  9  - 18 22  - 23  -  - 45
 48  -  - 10 31 33  - 25  8 26  - 34 47 11  -  -  1 41 43 21  -  - 49 29  - 40 22 16  - 39 36 45 46  - 13  -  - 42 38  - 50  - 35 24 12  -  9  7  - 28
 40 23 26 42 24 46 33 36  7 31 49 30  -  - 25 29 13  - 18 43  3 22  4 10  - 50 15  - 16  2 28 41  9 17 12  6 47 44  - 39 32  - 45 20 11 48  1 35 38 19
 15 36 38  - 13 16 30 35 46  - 22 28 40 14  6  - 20 49 32 41 23 26 48 39  -  8 19 45 47 25  7 50 12 24 17  - 44  - 43 18 10  4 31 42  -  3 21 33 37 11
  2 16  7  - 19  - 13 27 32  - 42 23 41 39  - 31  4  - 45 18  5 33 17 34  -  - 25  9 22  8 12 44  -  - 35  - 50 30 48  6  1  -  - 26  - 14 15 43  - 37
 12 11 18 14 10  -  3  - 42 44 43  - 24 32 17  - 47  - 35 16 46  - 31  7  - 37 34 30 39  9  - 13 38 20 23  -  6 25 41  2  -  - 49  4 33 40  - 29 22 48
  1 27 10 40 39 41 17  - 34 42  -  - 23  - 43 30 21 26 22 45 12 32  5 47 37  -  - 38  4 13  9  7 24 15 18 36 11 19  - 16  6  - 29 35 31 49 28 14 46 50
  - 30  4 24 11 19 45  - 20 39  - 38 42  7 22 40 35  9 33  5  6 14  -  - 48  - 50 46 15 26 34 49 27 23 43 47 29 36 32  - 12 25 10  2 44 41 16 37 13  -
 44  3 20 21 48  - 29 40 19 33  - 24 26  -  7 35  -  - 13 36 25  5 43  8 38 46 27  -  - 41 16 42 45  - 39 50 37 17  2 15 28 47 18 34  4 11 49 32  1 12
  5 49 39 47 30  9  - 41 31  -  7  - 37 45 27 13 17  - 19  8 10 21  - 43 24 32  - 23 11 36 38 22 44 35 25 34 12 16 15  4 46  - 26 28 42 29  - 40 50  -
 23  -  -  1 45  4 48  6  - 34 35  - 16 21  5  - 43 42 20  3 50 47 40 27 46  7 12 10  - 30 32 17  2  8 19 22  9 31 37 24 39 38 13 49 18 26  -  - 14 41
  - 32  9  - 27  - 10  4 39 17 34  2  5 46 48 11 44  -  -  - 14 30  7 20 47 23  8 41  - 40  - 36 16  - 28 24 31  3 29 21 13 42 12  -  - 38 43 18 33  -
 33  - 23 44  - 48 14 28 36 19 32 29  - 22 20 50 46 11 16 25  - 31 47  2  -  5  3  6 37 42 15  - 43 13  - 40  1 27 10 12 18 39 41  8 35  7 45 24  -  -
 25 18 46  5  8 39 43 13 48 38 19 17 45  4 15  - 37 12 50 29  - 23  - 26 16 14 47 20 10  -  - 21 36 28  2  7 32 35 34 30 24 11  -  6  9 31 40  -  3 44
 14  -  - 28 34  5 27 46 41  6 38  -  4 47 31 26  3  - 10  9 11 39 19  -  - 16 42  -  -  -  1  2  -  - 32 48  - 18 20  - 44 29 15 30  - 50  - 36  - 22
 30 44  -  3  - 28 32 29  4 37 25 26  - 33 42  2  -  5  - 24 21 16  - 18 22 48 35  - 13 15 31 43  6 38 11 49 34 46 40  -  - 27 14 12 47 10  -  -  9 20
 31 42  -  - 44 10  -  - 16  8  - 48  - 23 33  - 22 19  -  4 37  9 12 40  -  - 29 21  -  3  2  -  5 50 15 46 35 47  - 32 20  7 24 11  - 27 13 49 17 38
  - 41  3 32 38 35 16  -  -  -  - 12  -  -  9 19 11  - 36  - 48 17 21 13  -  - 14  4  - 18 42 34 23 46 30 25 39 45 27 43 26  8 37 50  - 28 24 20  - 40
  - 24 28  7 29 27 41 26  - 11 40 18  9 19  -  6  5  -  -  - 45  3 50 31 13  - 23 43 14 20 37 39 17  - 48 15  - 22 49 46  2 34  -  1 21 47 44  - 42 10
 42 13 43  6  9 12 22 34 50 18 31 47 49 15 36 20  -  - 39 38 32  - 26 33 28 10 44  8 17  1  3 37  4 40 16 30  2  - 45 27  - 46 48  -  5 19 29  - 24  -
  7 35  - 13  1 37  - 47 10  5 50 45 46 41 26 42  - 33 27 44 39 20  - 17 15 38  -  - 19 49 23 28 31  4 24  9 36 43 12 34 11  -  - 40  -  2 48  6 29 32
  9 20 40 46 50 17 24  8 25 14  -  - 22  -  - 10 33  7 15 23  1  - 44 19  4  - 38 29 48  - 41  5 34 11  - 35 42 12 18 28 36  - 43 37 26 30 32 39 21 49
 34 12  - 20 25 40  9 24 43 50 48 13 33 28 41  - 49 31 46 11 29 35 23 22  8 21 10  2  -  -  - 15  7 37  6 45  - 38  1  - 19 18 17 44 36 32  3  5  - 42
  - 39  - 25  2 26  - 12 49 27 33 32 20 40  -  -  - 35 31 13 47 50  -  - 17 15 18 37  - 38 43 16 30  - 10  8 21 29  - 11  7 19 34 48  6 22 46  -  5  1
  -  -  - 43 22 11  -  7 18 35  - 20 12  -  - 47  -  -  - 31 16 13  9 38 23 26  - 36  -  - 25 14 15 39 37 32 19 21 50  3 42  2  5 27 34  1 17 45  -  8
 11 29 35 23 18 47 28 49  -  4 39 16  7 31  1 24 50 34 42 46 38  - 37 32  - 43 40 22  2 21 45 10  3  - 44 20 33  9  6 36  - 14 25 41  -  - 26  8 27 13
 17 19 32 41 23  - 50  3 11 10 13 31 30 35  - 48 42 38 28 22 18 40 16 36  -  2  1  -  8 33 24  6 39 14  9 26 25  7 21 37 43  - 47 15 46 20 34  4 44 27
  - 25 33 30 43 50 23 44  5  - 15  1 28 49 34 39  - 36 14  - 24  2 13 11  6  -  9  3 38 12  4 47 32  7 46 41 10 40 16  - 17 21 42 45 48  8  -  -  - 26
 22  -  1 16 20 32  - 33 27 25  - 50 38 34 39  3  - 15  - 14  2  - 28  6 26 42 31 17  -  - 10 19 29 47  5 12  - 11  -  9 23  - 21 36 30 46  4 41 45 43
 32  - 47  4  - 22  2 30  - 36  -  9 35  - 19 12 31  3  8 40 28  - 29  -  - 13 48 49 43 10 18 25  - 34 42  5 23  -  7  - 16 15  - 17 37 45  - 21 39 14
  - 31 11  8  -  7  - 10 21  -  1 40 34 16 37  4  9 29  - 39 17  6 45 44  - 41 24  - 30  -  - 46 14 22 27 19 48  2 42 33 25  - 20 47  - 23 35 26 36 15
 24 50 16 48 49 36 39 15  2 13  4 44 31 12 21  - 29 30  3 35 27 10 11  - 14 34  -  7 32 43  6  9  - 26 40  - 38  - 46 41 47 45 28 33 23 25 19 22 20 17
 10 47 25 39  6  1 31 43 35 16 17 42  3 27 40 49 38 28  - 32 34  - 36  4 29  -  7 26 20 45  - 48 50 41 21 11 14  -  5 13 30 23 44  9  -  -  8  2  -  -
  -  8 17 22 21 42 15 32 12 46 37 33  -  - 16 27 10 20  9  - 35 41 39 23 31 47  - 25  5  -  -  - 49  3 29 13  - 24  - 44 40 43  7 14 28  6 38 48  4  -
  -  - 21  2  4 38 47 19 17 43  6  7  -  3 13 22 15 10 23 27 26 29 35  1  5 24 41 42 18 46 50  -  - 44 45 14 20 37 31 40  8 32 11 25 49 16  - 12 28  9
 28 43  - 11 12 20  5 14  9  3 21  - 13 42 30 17 18 39  1  -  7 25 24 15 33 29 26  - 41 16 44  - 37 27  4  - 49  - 22  8 45  - 36 46 40 34  2 10  - 47
  -  6  2 35 32  8  -  - 22 40 47  - 48 37  4 43 25  - 38 17  - 15  - 41 30 44 49 13 28 14 20 12  - 18 34 39 24 10  9  1  3 36 50 16 45 21 42 27  - 33
 20 48  - 19 35 43  4 37 28 12 45 15  - 26  2  -  - 18 34 42  9 36 32 30  1 11 46 44  - 22 21 24 33 49 50 23  3 13 17  7 38  -  6 31 41 39 14 16  - 29
 27 46  6 12 33  - 35  - 47 29 16 41 43 38 24 34  - 17 37 30  4  -  - 50 39  9  -  - 45 23  -  - 40 25 14 10 18 48 13 26 21 44  3  -  - 15 20  -  2 31
 43  -  -  9  3 31 46 45 44 15 36 37 14 29 11 38 32 16  5 20  8 34 27 48 41 12 21 39  -  6 26 35 10  2 49 18 22  - 19 25  4  1 23  - 50 33 47 13 40 30
  - 37 45 29 28 23 44 21  - 48 24 10  - 17 12  1  - 47 49  7  - 42 20  3 34 18  4 40  - 11 27 32  - 33  - 16  - 14 26  - 22  - 46  -  8  5  - 38 19  -
 13 14 31 36 40  -  -  2  - 24  - 19 32  1 50  7 26 43 21 12 44  - 42 46  3 45  - 47 49 17 30  - 20 16 33  4 28 41 25  - 34  5 39  - 27 37 22  9 48 23
 46 45  8 31 16 44 11 50  - 23 26  3 18  6 14 33 39  2 47 10 41  4 25 12 35 27 13 15 29  5 17 20 22 48  1 38 40 34 36 19  9 28 30 32  7 43 37  -  - 21
  -  9 19 37  7  - 12 23 40 30 14  6 17 20  8 46  -  - 29 26 43  - 15 21 50  4 16  - 31 47 35 18  1 42 41  2  - 49 39  - 48 33 27 10 13 44 25  3 32  -
  - 22 42 17 15 18 36 16  1 47 23 21 50 10 38  8 12 25  2 28  - 46  - 49 45 39 43  - 44  -  - 40 19  6  - 37 41 20  3  5 31 35  9  - 24 13  -  - 11  4
