2000
 15 37  - 34 24 13  1 20 44 22 36  -  - 16  - 31 30 48 50  - 45  6  2 41 49 10 26 33  - 11  8 39  7 32 38 46 28 25 40 14 12  - 23 19 29 27  9  -  - 35
 23 22 45 12 28 39  - 16  -  - 40  1 11 44  - 21  4  - 20  -  - 10 18 35  - 24  9 41 32  - 50 13  6 34  8 30 27 14 26 46 19 33 25  -  3  - 31  -  7 48
  7  - 19 44 32 20  -  9 31 33 30 18 46  - 11  -  5 45 42  - 12 21  - 40 24 38 17 10 25 35  2  - 23  4  3  -  1 13  -  -  8 41  -  - 15  -  - 48 34  -
 17 25 31 20 11 27 37 35  8  9  -  6  5 10 16  -  -  1  4 19  - 49 47 23 38 36 44 45 13 12  - 28 22  7 26  - 48 18 50  - 39 15 21 43  2  3 29 41  - 40
 50  - 38  3 10 37  - 41 27 47 25  5 12 32  -  -  9 15 34  4  - 13 23  6 40  - 45 42  8 39 16 17  2 30 18  -  -  -  - 21  - 44  1 26 14 46  7 28 48 49
 11  - 10 43 27 21 25  4  9 41 20  - 24 40  2 35 49  -  - 34 16 30  5 31 26 44  -  -  - 32 14  1 17 48 45 18 46  -  7 38  -  3 42  - 12 15  - 47 22  6
 49 39  -  - 25 45  - 34 35 16 15 44  9  - 33  4 36 17 38  - 41 50 26 20 11 32  - 43 40 48 47 23 14  3  7 27  -  6 10 37 22  - 30  1 28 13 46  8 19  2
 20 31  1  -  - 25  -  5  - 35 42 16  7 22 45 19 47 32 15 44  - 43 40 28 41 49  -  6 27  - 13  - 38  -  - 48 29  3 14 50 26  -  - 30 24  - 11 46  - 34
 27 48 21 13 15  9 50 23  -  7 35  - 45 34 25 36  8  - 26  -  4  2 46 16  - 29 14  - 41 38 44 37  5  - 42  - 39 11 47 12  1 32 33  6 31 28 17  3 43 19
 32 46  - 15 29  - 26 11 50  - 12 45 22  - 43 40  - 27  -  6 48  -  - 39 13 41 42 21 49 47 10 14 19  -  5 33  -  8 24  2 30  -  7 31 35 34 23 16  -  1
 12 24  - 23  1 10 42 47 48 44 29 32  -  5 18 43 20  2  3 13  7 41 25 19 31  - 38  9 22 45 11 30 39 49 28 26 33 27 21  - 17 16 35 40  - 50 15  4 36 14
 24 16 12  -  8 19 18 40 36 21 31  - 14 47 38 39 15 11  5 42  - 17 30 26 37  3 10 48 34 13 46  9 50  -  - 49 25 43  -  -  - 45 20  2 33 35  -  7 29 22
 39  6  5  9 31  - 38 50 34 40 37  2 18 26 46 22 24 43  1 45 49  8 10 25 15  - 11 17 44 27 42 41 47 14  -  - 21 32 12  3  4 35 13  7  - 33 16  - 23 36
 36 26 42 19 50  4 20 27 43  3  7  - 21 48  5  8 17 18 13  -  - 44 34  9 23 14  1 46  - 29 39 15 41 31 24 12  - 40 25 28 47  2 16  -  6 45 22 32 11  -
  - 34 41 18  2 50  -  7  -  6 33 49 27 42  4 30 28 10  -  9 37  - 44 45 43  8 31 16 21  3 38  - 12  - 23 35 20  - 11 25 40  - 46 29  - 39 13  5 15 17
 31 43 26  - 36 12 35 48 21 28 18 23 49  8 32  1 41  3 17  2 29 15  -  - 22 46 33 19  6 42 24 38 30 47 40 10 11  5 16 39 34 25  4 50 13  - 20 14  - 44
 16  -  - 25 35  1  4 38  5 48 27  - 28  - 13  -  -  -  8 49 15 11 21 36 18 19  - 31 23 33  6 22 10  2 47  - 14  9 17 32 29 37 45 39 26 40 12 50 24  3
 47 40  -  - 30 35  5  - 17 39 41 22 26 14 15 38  1  - 25 29  3 33 24  - 10  -  -  -  9 21 12 19 46 28  4  6  - 42 48 49 43  7 11 16 45 20 27 18  - 23
  - 12 24 28  - 42  8 46  - 32  3  9 41 21  - 47 31 30 23 50 36 48 45 18  -  4  6 20  - 40 15 29 25 35 17 13 34  7  - 19  - 22 39 33 11  - 43 44  1 38
  -  3 14 42 43 31  - 18  - 20  8 47 50 13 19  - 45 44 24  7  - 35 41 22 46 12 37 30 29 10 25  - 26  -  2  -  9 28  6 36 32 23 34 11 39  -  5 38 27 15
  - 21 23 35 34 16  2  - 22 24 46 19 29 27  - 12 26 41 14  - 25  3 31  5  - 13 48 36  7 28 33 18 44 37 20 11 43  -  -  -  9  - 38  - 40 47  1 17 49 32
 34 47  4 26  5 18  3 17  - 37 19 38 20 31 23  - 14 28 35  - 13 42 49 27  9 15  7 25 30  - 41 10  8 44  -  -  - 50 36  -  - 12 29 48 16  - 45 22 33  -
  - 15  6 37 19 23 11 36  1 14  2 31  4 38 17 50 48 16 22  -  9 47  - 29 33 25 13 12  -  8 35  7 24  5 46 21 40  - 18  -  - 30 28  - 42 49 10 26 41 43
 22  7 30 38  -  2  - 45 39 27  -  - 16  4  -  - 32 19 31 41  6 28 15  - 14  -  5  3 17  - 43 11  - 21 33 44 23 48 13  -  -  9 50  - 20 25 18  - 47 12
 41  4 49  - 17  - 14  - 45  - 28  - 37  - 44 34  - 24 48  - 31 40  9  - 36 50 21  5 12 18 22  3 32  - 11 25 30 29  - 16 10  1 19 46 43 38  - 35 13  8
  1 19 34 11 48 26 33 14 41 50 13 17  - 24 49  - 12  - 43 22 20 39  8  -  - 23 32 28 38 30 27 44  - 10 15 29 45 21 46 47  -  -  2  4 37 31 35  9  5 18
 45  -  3 41 39  - 40  1 46  - 26 48 43  2 47  - 50 25 36 35 19 31  -  - 17 22 23 27  4  5 20 42 29 33  -  - 24  - 34 30 11 38 49  - 44 18 37  - 28 10
 14 28 36 24  - 22 10 30 20 45 48  -  - 29 26  9 40 47 19 16  -  - 13 49  4  1  2  -  -  7  5 34 31  - 21 15  -  - 35 18 41 27 43 44 17 37 38 39  - 11
 40  1 25  6  9 24 17 49 37 29 45 36 33  - 42 14 38 39 41  8  2 23 48 12 28  7 16 34 46  4 32  - 15 11 10 22 50 35 44 31 13 21  3 27  5 26  - 30 18 20
  4 20 35 48 46  -  6 19 32 42  5 33  8 15  -  -  3 12  - 14 43 16 11 10 21  - 27  -  - 36  7  -  1 25  - 40 18 17  - 44  2  - 37 41 23 30 24 45 39 13
  -  2 50  - 37  - 30 29 11  5  - 25 15  -  7 26 35 42 46  - 33 38 32 13 44 40 19  - 45 16 48 12  - 39  -  - 10 22  - 23 24 28 14  - 36  -  - 20 31  9
 10 30  -  5 44  3 47 28  - 34 23  - 19  -  - 48  2 35 45  - 22 25  4  - 20 17  8 24  1 43 37 21 16 29 49  - 32 26  - 40 18 31  6  -  7 42  - 13  - 39
  - 44  -  - 13 41 12  8 29 11  -  4 35  -  - 23 27  6  - 15  5  - 16 17 42 30  -  -  -  1  - 47 45  9 22  -  3  2  - 33  -  -  -  - 48 21  - 37  - 26
 28 41 32 30 20 49 21 37 25  - 39 46 13 35 50 45  7 22 16 48  - 24  -  1 29 43  4 11 18  - 34 26 40  - 31  2 15 44 27  9 14 10  8  -  - 12 36  6  3 42
 18 35  8  4  6 28 49 24 23 26 44 29 10 25 31  5 11 40  - 27  - 14 19  -  2  - 22 38 47  - 36 46 21 43 39 17 12  -  3  -  7 20 41 37 50 48 34 15 45 16
 43  - 39 31 40 33 44 25 28 49 50 14  1  -  6 41 22  8  -  - 26 46 29 15  3  - 24 47  2  -  9 16 13 20 37 45  - 38 30 48  5  - 18 32  4 36 21 42 10  -
  -  - 27  2 23 46 19 21 15 10 17 50 47  -  - 49 18  -  7  - 11 45  6 34 32  - 41 44 20  - 26 36 48 38 16 31  - 12 28  - 25  - 22 35  9 24  -  -  8  4
  2  - 40 17  4 30 15  6  -  -  -  -  - 36  8  - 33  9  -  1 39 12 42  - 50 28 47 29 10 26 18 32 43 27 35  3  7 49 38 22 45 19 31 25  - 41  - 24 20 46
 25 38  - 29 47  - 32 43  7 46  6  - 42 50  -  2 34 26 21 28 17  - 37  3  5 33 12 18 16  - 19  -  4 13  1 41 31 36 39 35 23  - 15  8 10  9 40 11  -  -
 37 18 46 47  -  8 27  3 13 38  - 30 40 45 22  - 39 14  2 20 34  -  - 24  -  6 36  -  - 50 21 48 33 26  9 16 19  -  -  5 42 29 10  - 32 23 44 31 17 41
  - 49 17 40  - 43 45  2 42 30  4  8 44 46  9  - 21  - 27 47  -  - 28  7  1 39 15 13 48  - 31 20 18 16 29 34  - 37 33  6 36 24 12 10  - 11 32 19 50  -
  - 23 33 16 49 32  - 26  6  - 47 20 34 28 29 13  - 50  - 40 21  1 22 48 35 11 46  7 24 31  3  4  - 18 25  -  -  -  - 45 15 36 17  -  8 19  - 27 44  -
 30 17 28 50  7 44 36 39  - 25  9  - 31  6  - 24 10 13  - 12 32 29  - 46 16  2 40 14 35 20 23  5 37 45 19  - 41 34 15 27 38 11 48 47 49 22 42  1  - 33
  9 36 29  - 18 11 13 33 30 43 38 15  - 41 34  6 19 20  -  - 27  7  -  4 48 21 50 26 37  - 40  - 42 46 14  1  - 31  8 10 28  -  5  - 22 44  2  - 16 45
  8 10 16 22  -  - 31 12 19 18 32 24 39  -  1 44 13  - 30  - 40  - 17 14  - 47 49 35 50  6 29  -  - 23 48  -  4 20 45 15 21 46 26 42 38 43 41  -  2 28
 46 50  -  1  - 29 16 32  - 19 21  7 25 11 10 42  6 38  9 37 47 20 14 30 39 18  -  8  - 15  -  - 34 41  - 23 26 33  - 24 44 13 40 17 27  4 28 49 35  5
  - 13 43 10 45  5 34  -  - 36 22 26  2  - 41 27 37 21  - 17 50  - 38 11 19 16 25  - 15  - 49  - 28  8 12  - 35  -  4  7 20 48  -  3 18 14 30  - 42 29
  5 45 22 46 41 40  7 10 49 31  -  3 38  - 35 28 16 29  - 36 23 34  1 33 12 27 43 39 26 37  4  - 20 15 44 42  - 19  9 17 48  - 47 14  - 32  6  2 21 50
  - 32  -  7 14 17 41 22  3  - 16 21 30  -  - 18 29  4 44 38 46 26 50 43 45 48  -  - 28  -  1  2  - 24 13  9  8 10 31 20 37 47 36 23  -  - 19  -  6 27
 29 33  2 36 38 15  9  -  -  - 11 37 48 20 12 10 44 46 39 23  - 18 43 47  7 45 30 22 14 41 17 27 35 42 50  5 16  4 19  -  3  6 32  - 25  8 49  - 40 31
