2000
 13 44 15 46 11 28 33 16 45  5  - 18 21 12 19 40 42  -  - 25 47  - 27 14 49 31 29  3  - 35  -  -  -  -  -  - 48 32  1 20 30 10 39 41 24 37 26 34 50  4
  7 49  1  -  - 33 10  9 31  -  - 40 20 32  - 36 47  - 12 16  - 14  - 30  - 15 48 34 46 42  4 18 35  5 29 39 25  6 24  -  - 11 26 17  8 23 21 28 22  2
 23 42 33 14  9 20 46 17  6  - 40 47 34 39  7 50 36 30 48 37 16 24 43 19  -  -  2  4  -  8 29  -  -  -  3  - 32 10 26 31 21 25 12 15 11 13 18 49  -  1
 12 43 30 45 34 46 16  - 33 20  -  1 25 10 49  8  9 37  2 21 24  - 38 18 14 29 17 11 32  6 44  -  - 35 13  3  4  - 50  - 27 22 31  -  -  - 47 48  7 26
  -  - 36 29 28 21 32 49 40 37  - 12 30 43 23 11 20 26 38  -  8 45 15  4 35 42 18 46 48  - 24 10 17 19 47  9  3  - 13  6 14  7  - 44 41  -  2  - 25 39
  -  4 44 39  - 15  -  1 11  2 35 50 18 49 37  - 19 43 45 22 33  3 48  9 23 46  - 28  6 47 41 12 32 16 26 21 29 31 10 24 40 34 42  8 20 36 27  7  - 25
  2 24 26 13  - 41 18  - 42 16  4 20 37 17  1  6 31 11 34 35 12 21 14 48  3 50  -  -  - 22  8 25  - 15  -  - 43  7  -  -  - 38 10 28 29 45  - 36 30 27
 33 21 20 18  - 39  -  -  -  4 32 17 47 23 31 45 29  - 15 30 46 49  8 13  - 48 25  9 50 27 12 14  7 24 38 43  -  - 11  5  1 19 40  6  - 16 35 41  2 42
 49 20 42  9 37 32 36  - 12 46 23  6  - 35 18 10 14  - 29  -  3 27  - 41  - 17 33  1 11  - 15 47 25 45 28  - 16 22 21 19 24 30  -  4  -  7 31  - 13  8
  -  -  - 33 30  - 23  -  - 41 49 13 44  - 43 32  -  - 16 38 11 20 47 39 25  - 31  5  - 17 42 48 24 21 27 19 14  8 28 36  - 35  3 26  2  - 46 37  -  6
 28 36  6 32 45  4  9  8  - 48 17 16  1  5 30  - 24 21 50 34 31 13 22 11 39 33 10  - 44 40 35 26 15 20  - 42 47 19 43  -  7  2 18  -  3 46  - 23  - 38
 31 45  - 25 40  - 19 12  - 28  - 26  2  - 48  - 22  - 39 41  9  - 24 27  -  6 49 36  3 50 46  7 37 33 32  - 21 38 42 16  - 23 34 43  -  4 15 11 10 29
 48  8  -  2 31 42 40 21 22 36  5 49  - 46 26 17 15 32  - 44  - 28  -  - 11 43  6 16 20 18  -  -  4  -  - 29 41 37  - 34 25 39 14  - 27  - 23 13 38  3
 35 29  - 49 24 23 44  -  7 22  -  - 26 15 16 13 28  -  - 20 25 17 34  - 46 40  9  - 42  - 19 39  3  - 21 11 27 43 48 37 47  6 30  - 12 38 33  5 41  -
  - 15 34 38 22 43 30 46 41  3 48 29  -  - 10  -  7 39 14 12  5 18 23 33  8  - 42 40 45 44 17 24 11  -  - 50 35  4 32  -  2 21  -  -  -  - 19 47  - 28
 22 16 19  -  - 14 28 30 43  - 15 35  3  - 40  7 13 38 31 39 32 10 41 47 18 21 20  8 24  9 37 27 34 48  - 26 12 17 44  1 50 49 29 45 23  6 36 33  - 11
 26 48  - 11 46 30  6  7 17 24 16 33 38 47  3 28 25 12  9 43  1 29  2  - 13 19 22 15 27  -  -  - 45 36 23  5 10 40  8 35 42  - 41 20 50 49  4 31 39 18
 50  - 38 40 17  5  - 18  -  1 21 22 48 16 44  - 37 20 42  9  6 19  - 31 15 41 35 47 29 39  -  8 28 10  -  4 33  -  7 12 36  3  -  2 46  -  -  - 24  -
 24  5  2  4 21 47 41 19  1 31  -  - 36 29 50  - 38  6 18 45 49 15 16 40 42  8 34 13 43 25 39 33 14 12 17  7  -  -  - 46 35 37 23  3 32 48  - 30 11 22
 44 17 46 31  - 25 12 33 14 38  - 19  -  1 27 26  - 49 35 18 15 23  9 16 50 32 41  7 10 24 21 43  5 29 22 13  6  2 30  8  -  - 45  - 37 39 11 40 42  -
 18 28 41 36  - 37  8  - 49 27  9 34 13 42 22 12 44  5  -  3  -  - 20  - 29 35  4 48 23  7 26 19 10 11 16  2  -  1 14 38 33  - 25 39 40 15 30  - 47 17
  - 25 45 30 39  -  - 24 26  6  -  - 31 38  9 34 27 41 44 47 18  4  1 15 36 28 32  -  - 43 50  3 33 23 37 12  5 42 20 49  - 46 16  - 21 22  - 14 48 35
 14  -  -  -  -  - 27 25 18  8 28  - 45 36 21 35 41 29 30 11  2 26  6 42 37 16 24 17 34  4  - 31 19 47  7  - 39  -  - 10 49  - 32 23 13 50 44 46  3 15
 39  -  -  - 38 27 24 20 36 34  - 21 14  -  8 43  1 45 17 42 41  9 26 22 19 25 23 35 30  5 28 32 47  6 49  - 40 48 16 18 15 12  4  - 31 10 13  2  -  -
 20 35  3 42 29 24 47 50 15 39  - 45  -  - 28 27  - 23 43 36  - 37 25 10 17  -  - 30  - 21  - 38 22 46 14  8  - 49  -  4  - 16 13 40 18 41  5  - 31  7
 40  - 37 16  8 44  -  6 30 50 45  7 15 31 20 39 49 46 10 33 35 22  -  3 12  - 43  2 17 38  -  -  - 13  5 36 28 41 25 23 19  4  -  9 42 29 14 21 26 48
 41 12  5 26 20  - 39 27 25 49 34 11 24 50 46  4 10 33 28 13 19  8 44  6  -  3  -  - 47 30 32  2 42  9  - 16 23 21 37  - 31 18  -  -  1 17 43  - 36 40
 42 31 17  - 10 45  4  -  2  - 38 44  - 24 33 16 26 47 19  6 36 39 49  -  5 14 28 50  - 23  3 20 46 25 34 15  9  - 29 22 18 41 48 21 30 35  1 27 32  -
  3 30  9 10 43 38 48 14 23 33 29 15 19 40  - 44 46  2 32  -  - 11  -  - 24 47 13 12  -  - 49 35 31 27 39 28  8 26  - 50  - 17 21  - 25 20  6 18 45  5
 37  2 48 21  1  8 50  - 38  - 41 24 11 25 35 42  6 13 23 17 43  - 10 32 33 18 12 44 49 26 30 29  9 39 20 45 22 15  3 27 46 36  -  5 34 19  7 16 14  -
  5  - 22  - 36  - 15 42 19 13  -  - 23  -  - 46 45 27  8  4  7  2  3 35 30 20 38 41 25 49 40 21  -  - 31 10 24 47  - 17 16 29 11 18  6  9 48  - 12 43
 36  3 31 24 48  - 35 23  -  - 50 25  7 41 11  1  2 19 46  8  - 33  -  - 43 38 44 29 12 14  9 49 18 28  4 37 42 34  - 15 13  - 22 27 39 21 40  - 16 45
 15  6 43  -  7 19 49 31 20 12 10 46  8  - 13 37  5 25 36 23 14 42 45 24 22  - 16 39  1 48  2 28 29  - 11  -  - 30 18  - 38 50 44  - 47  3 41  -  - 21
  6  - 49  1 33 10  2 36 16 23  7  - 46 13 42 29 12 24 40  - 27 25 39 38 41 26 14 21 18  3 43 45  -  - 44 48 15  - 47 32 28  - 35 34  9 11  - 17  8 19
 10  - 28  - 18 35  -  - 39  7  - 14 27  8  -  3 33 16 22  1 21 48 12 23  4 36 46  -  - 29 13  -  6  - 30 34 31 25  5 47  - 20 15 49 17 44 38 42 19  9
 47 19 27  - 50  2  5  - 28 45 42 41  -  - 25 15 18  -  -  - 29  -  7  8 32 12 26 20  - 36 33  9  - 40 10  -  - 39  -  - 22 24  - 37 35 43 16  4 49 46
 27  - 11  6 35  -  - 28 50 18 13 42 29 30 17 47 43 22  3 15 23  -  -  -  2  4  - 10 36 33 20 46 44 26  - 14  - 24 19 48  -  8  9 38 49 12 39  1  - 16
 38 39  -  -  5 34 25 10  4  - 22 23 50  3 12 33  - 36 47 40 13 41 46  -  9 11 21 37 31 28 48 16  - 18  8 24 44 35 45 29 17 26  2 19 15 27 42  -  1 49
  - 26  -  7  - 22  3 29  - 11 25 48 42  2 39  -  8 10 27 46 28 36 18 49 40 13  - 45 21 12  - 50 23 14  -  - 38  9  - 43  6  1 33 30  5 24 17 20  - 32
 25 38  4 22  - 49  - 41  5  - 24  9 40  -  - 19  - 35 20 50 30 34 37 29 21 10 36  -  - 11 27 13  - 44 33 32  2 46  -  7  - 48  6  1 26  8  3 12 43 47
 46 23  8  - 32  -  - 43  3 14 11 30 10 28  - 21 40 31  6 49 39  7 17  1 48 44 19  -  -  - 45 42  - 50  - 35 13 12  -  -  5  9 24 47 38  - 37 26 29 36
 43 32  - 19 25  - 13 11 21  9  -  3 39 14  5 30  -  7 33 27 22 12 35 28  -  -  - 23  -  - 47 40  8  - 36  - 18 29  - 26 20 45 17 46 16  - 49 24 44 41
 32  9 47 41  3  7 29 34 48 26  -  2  - 18  4  -  -  -  -  -  - 38  - 17  1 37 39  6 15  - 22  5 13 30 45 23  -  - 46 44 11 27 19 36 43 14 20  -  - 24
  - 47  - 15  - 13 14  5 24 29 18  - 49 21  6 20 39 48 41 26 42 35  -  2 31  -  3 43  - 46  -  4  1 17 50 38 30 33 36 11 34 44 37 25 45 28 12  -  - 10
 19  7  -  - 23  - 42 47 35 32 20  - 16 27 29  - 21 50 13 10 38 46  4  - 44 39  1 25 26 37  5 17 49 43 41  6  - 14 40  -  - 15  8 11 28  2  -  3 33 34
  - 11  - 47 27  6 43 44 46 21 31  5  4 48  2 38  3 40 49 14 17 50 29 26 20 45  8 32 39 19  - 23 12 34  -  1  - 18 41 42 37 28  - 33 22 30 24 10 35 13
 29 40 39 27  2  - 20  -  -  - 46 32 35 33 34 24  - 14 26  -  4 47 36  5 28 30 45 42 16  - 38  - 48  -  - 41 11 13 23 21 10  -  1 22  7 25  9 50  6 12
 30  - 23 43 47 36 11  - 32 35 19 37 41 22 45 18 16 34 21 24 26  6  5 46 10  9  7 38  8 13 25  1 20  3 42 49  -  - 15 39 48 40  - 12 44  -  - 29  4 33
 21 46 18  3 49  1 34 35 29  -  6 38 17 26 47 22  -  9  5 32  - 16  - 43  7 23 27  - 37 45  - 41  - 31 24 30  - 28 12  2  - 13 20  -  4 42 25 15  - 44
  1 27 13 35 14 11 21 48 10 43  -  - 22  9 24  2 30  -  - 29 20  -  - 34 16  7 40 26 19 41 18  - 50 32  6  - 49 36 39  - 12 42 46 31  -  5 45 38 17 23
