2000
 38 14 16  - 45  4 10 42 44 31 30 26 36  - 32 28  8 19 50  -  - 21  - 20  9  2 46  6 33 35 40  - 48  5  3 27  -  - 24  1  -  - 34  - 23 12  - 17  - 18
 34 43  - 46 13  7 19  - 36 26 21  3  - 12 28  - 16 32 39 22 29  8  - 18  2 10  - 23 30  - 37 45  - 31 42 24 17 25 15 47  5 44 14  6 35 41  4  -  -  -
  7 41 27  -  -  8 33  5  4 49 17 39 11  -  -  - 24 36 40 47  3  2 46  -  - 21  - 42  9 13  -  - 30  - 45 32 35 23  - 50 31  6 48  - 15  1 37 38 34 19
 13  - 18 43 32 31  4 36  -  -  - 33 29 41  3 46 27 44 23  - 39 28 48  6 17 37 21 34 42  1  - 14  5  - 16  - 19 26 50  2 15  -  - 11  8 22  - 49 10 12
  1 49  - 45 24 30  - 37  7  2  8 27 47 15 25 44 18  -  -  9  - 14  -  - 20 16 32 43 13 34 11  - 39  - 28  6 21  3 35 36  -  - 33 31 50 17 40 46 19  4
 15 18 19  1 20 50 40 29 42 13  -  2 32 25 34 21  - 33 26  -  -  - 35 30  - 45 41  5  - 47  - 10 14  7 27  -  - 31 12 11 38  -  3 23 22  -  - 43 48 16
 22 24  2  -  -  - 35 31 10  8 46 37  - 23 15  - 32  4  - 50 45 17 25  -  5 20 19 48 11 26  - 40 33 39 41 21  1 47 28 27 34 18 13  -  7  - 43  6  9 42
  - 31 46 13  -  6 25 26  -  - 22 16  -  -  4 34  7 47 21  - 36  - 38 24 42  - 11 19 28  3  2  -  1  8 23  5 45 39 41  - 43  9 35  - 48 44 29 50  - 27
  9 36 30  - 40 47 22 12 32 19  2 34  -  - 20 26  4 37  7 18  - 11 23 43 38 14 48 25  8 33 10 49 31  - 46 41  6 13  1  3  -  5  - 35 21 27 45 16 42 28
 14  - 43 39 37 18 44 48  - 28  - 20 23  - 11 50  -  -  - 21  - 29 26  5 49 31  -  9 17 36 33 47 24 12 35  4  -  8  - 42  1 34 16 30  -  - 27 32 15 41
 12 30  9 26 39 37  1  8 15  - 35  -  3 18 41 38  - 21 19 23 48 31 10 22 25  - 16  - 32 29 49 50  6 47 36 20 43 28  - 24 27 17  2  -  -  -  7 42  5 14
 50 33  3  -  - 28 45  2 12  -  -  8  - 30  -  7 29 23  6 15 32 34 16 26 14 19  -  - 22 10  - 48 40  4  1 17 24 11 39 31  - 25  5 27 41 35 18 37 44 46
 42 38  -  - 27  - 46  - 33 15  - 36 40  - 17 32 26  - 43 20  - 19 49 14 29 22  7  - 47 21  - 28 34 16 18 37 44 41  - 35  3 10 12  8 30  -  2 23 24 45
  2 22  -  -  6 34  -  7 21 20 24  - 12 40 49 36 43 48 14 33 23  1 50 37 41  -  - 10 44 16 32 46 15  9 19  3 26 42  - 39 25 11 30 13  -  4  5 47  -  8
 11 45 42 28 16  - 21 46  - 37 47 17 24  - 10 39  2 31 34  6 44 27  -  9  -  - 12 30 18  4  - 35 26  -  -  -  3 48 33 41 19 50 15 29 20  8 23 36 25  7
 37 32 15 27 35 16  3 34 14 38 18  -  5 28 21  - 40 45 11 42  - 13 44  -  -  6 17 41 48  2 39  1  9 10  8 50 20 33  7 49 24 23  - 26  -  - 12 29  -  -
 29  - 28 34 18 11 36 40 17  -  - 10  2 32 43 14 20  -  1  - 33  4 27  8 47 15  - 35  - 37 42 12 21  -  - 48 49  9 30 13 46  3 39 45 31  - 41  - 16  -
  8 12 44 14  4  9  6  1  - 41 39 23 26  - 22 37 15 11 47 24 21  3  - 49 19  - 10 46 38  - 18 16 42 28 13  2 27 35 17 20 33  -  - 36  5 32  - 40 30 25
 21 40 35 33  - 45  - 15  - 43  6 41  7 13 12 27  -  3 48 32  4 44 34  -  - 11  2 22 14 18 25  - 47 38 39 36  5 37 29 28  8 46  - 16 26 42 50 10 20 17
 19  4  7 23  - 35 48 20  5 40 27  - 30 21 44 17 33 15 41  1 18 25  - 11 46  - 49  2 16  6  - 42 36 37 47 10 13 12 26 45 28 43  8 38 34 31 24  -  -  9
  -  - 21 48  3  - 42 49 24  5 14 25 46  4  - 12 19 29 13  7 50  - 33 10 27 18  8  - 26  -  - 32  -  6  - 34 31 36 16 44 11 28 41  1  2 39 35  - 17 15
 23 15 31  3 17  - 26  6 28  - 41  7 35 43  2 11 14 39 49  - 19 50  4  - 13 33  - 44 21  - 34 37 45  - 20 47 30  -  8  -  9 32 27 22 42 16 46 48 29  5
 28 34  5 24  - 48  7 11 29 32 13  -  8  1 36 25 10 40 42  3  -  - 18 15 30 17 43 39  - 12 46 38  - 23 33  9 41  2 49  - 21  -  - 50  - 26 31 45  4 37
  6 50 25  8 38 21 30  -  2 42 34 31  -  - 47  4 49 46 16 40 20 26 15  - 48 39 22 32 37 45 35 13 44  -  - 28  - 27 23 18 10 29 36 17  -  - 33  - 41  -
 36  -  - 15  - 17  2  - 27 50 25 24 39 34 30  9 41 43 37 14  6 47 40 46  3  8 31 38  5  - 28  - 32  1 11 33  - 49 42 23 18 16 44 10 12 48 21  7 26  -
 39 48 24 32 12  - 37  - 30 22  -  6  - 36  5  8  3  1 31  -  - 18 43 21  -  7 25 28 41 44 27 23  - 35 26 46  -  -  - 40 29  - 17 47  9  - 49 34  - 10
 10 39 48 19  -  - 50 14 16 11  -  - 27 42  1  3  5 20 28 41  - 45 30  -  - 25  9 37 40  8 47  - 23  2  4 35 22  6 46 29 36 49 32 33 24 13 38 12 31 21
 24 27  -  5 31 36  8 43 40  6 16  -  -  7 18 22 44  - 46 13  -  - 41 50 45  -  3 49  1 20 19 34  - 42 21 30  - 29 38 17  4 37 26 25 39 23 10 15 28  2
 30 44 34  6 15 13  - 32  - 36 12 47 45  5  8 35  9 18 33 27 14  - 17  1  4 28 42 24 39  -  3 21 16 40  2 23  7 46  - 43  -  - 10 41 19 29 22 25 11 26
 31  7 37 41 11 44 47 35 13 33 36  - 19 46 29 49 22  -  - 34 12  -  5  2 39 26 20 27  4 15 48 30  -  - 38 18 23 10  6  9 16  - 40 32 28 45  - 14  3  -
 44  -  6  - 30 33 13  -  9 46 23 21 10 26 35 31  -  - 45  -  7 38  8  3  - 47 15  1 24 41 36 11  -  - 12 42 18 16  -  - 32 19 37 43 29  - 25 39 27 49
 43 26  - 35  5 40 29  -  - 44  1  - 34 16 46 24 39  - 17 10 30  9 12 42 23 36 18 45 20  - 13 33 41 15 25 38  2  7  4  8  6 14 11 19 37 28 32  3 21 48
 27  8 41  - 25 39 38 16 23 14  4  9 22 31 13 10 50 30 32  -  -  5  2 33 36 12 45  -  - 40  1 26 28 19 15 43 48 18 34 46 17 35  - 21 11 47  3 44  7 20
 46 11 17 12 23 49 34  - 18  - 20  - 28  - 16  -  - 26  2 43 13  7 32 41  6 24 40 21  -  9  -  -  8  - 48  - 47 45  3 14 42  1 38 37 10 15 19  - 36 33
 49 13 22 16 19 20 23 27 11 17  9  5  6 24 48 15 28 34  3 12  - 43  1 32 35 46  4  8  - 42 26 25 18 41 37 40  - 21 47 33  7  -  - 44 38 10 36 30 45 50
 25 16  - 50 21 24 17 47  - 35 38 42 31 44  - 40 12 14 15  - 41  6  7 13 37  -  5  - 45  -  8 29  3  - 10 39 36 34 22  - 30 27 23  9  - 49 26 33 46 43
 26 28 14  - 33  2 32 18  3 45 48 46 43 22 23 41 35 13  5 36  1  - 47 25 21 49  - 50 31 39  - 27  7 34 24 29 10  -  9 19 12 40  - 42  6 11 15  8 38  -
  5 37 33 18  8  - 24 21 43 16 49  - 25  9 26 29 34 22 20 39 10  - 36 38  1 40 35 15 27 17  4 41  - 45  - 13 11  - 19  7  2  - 47  -  3 30  - 28 32  6
 47  3  - 40 26 27 12 30  - 21  - 19 44 11 39  -  - 10 29 35 42 49 37  4 43 41  - 16 46  7 22  2 50 18 17 31 25 15 36  -  - 24 20  - 33  6 34  -  -  -
  - 29 39 44 41 46 43 10 22 23  5 13 16 37  9  2 17 28  8 45 27 15  6 35 12 38  -  3 34 30  7 31  - 49 40 11  - 14 18 21  - 42 25 24 36 33 20 19  1 47
 17 10  -  7  1 42  9  4  6 24 29 44 50 33  - 23 47  2 18 28  - 12 21  - 32 13  -  -  3  - 31 15  - 48 34 19  8  -  5 22 41 36 49  - 16  - 14 35 37 11
  - 42 23  2 10 43 28 50 41 12  - 15  - 47  7 48 25 38  - 46  9 35 19 27  - 30 44 36 49 31 45  8 29 33  5  - 39 17 20 26 40 13  - 14 18 21 11 24  6 34
 16  6 49 47  -  1  -  3 35  4 31  - 41 20  - 33 42  - 10  - 37 48  -  - 18  5 23 14  -  - 21  - 38 25 29 26 15  - 32 34 13 45  - 28  -  7 30  2 50  -
  4 19 29 10 47 41  - 23  - 39 45 48 33  6 50  - 21 25 27 17 35 46 28 31  7  - 38 26 15 14 12 36 20  3 32 44 34 24 37  -  - 30 43 18 49  9 16 13  2 40
 20 21 36  -  2 29 15 13  -  3 10  - 17  8  -  -  -  5  - 26 28  - 31 34 33  -  1  - 43 25 30 18 49 27  7 16  - 19 40  6 14  - 45 46 44  -  - 41 23 32
 18  5 40 31  7 25  -  9 37  - 26  - 20  3 33  -  - 42  - 49 16 36 14 47  - 23 29 12  -  - 41 44 17 32  -  8  -  4 21 38  - 15 46  - 43 34  6  -  - 13
  -  9  - 38 42  - 14 44 46 47  3  -  1 49 45 16 36 41 12  - 25 10  - 17  8  4 27 11 23 22 29  7  -  -  6 15 50  - 48  - 37  - 28  - 32 18  -  - 43 39
 35  - 45 37 36 26 16 17  - 29 42 11  4 27  - 13 23 49 44  -  5  -  3 28  -  9 34  7 19 32 15  6  - 30 50 12 38 40 43 25 39  - 21 20 14  2  1 18 33 22
 32 25  - 21 48  - 18  - 26  1 11 28 13  2 37  6 45 35  9 16  - 24 20 36 15 34  -  4 50  5 23 19 27 43 14  7 46 30 44 10  - 33 42  -  - 38 17 31 22 29
 41  1  4  9 34 23  5 19 50  7 33  - 48 14  6  - 37 16 30 29 43  -  -  -  -  - 36 17 25  - 24  3 22 46 44 45 42  -  2 15  - 26 18 49 13  -  - 21  8 31
