2000
 17 40 18 39 15 32 44 13  -  - 16 46  8  9  -  - 20 23 12 10  - 29 33 42 48  3 35 41  - 37  - 11  1 36 43  - 22 14 47  5 28 34  -  6  7 30  - 27 21 25
 45  - 44  4 32 47  - 39 31 17 36 43 16  - 46 21 12  1  - 20  -  2  3 10  6 29  - 37 34 30 27 19 48 50  9 24  8 23 35  - 11  -  - 40 41 18 15 28 14  -
 33 37  3 19 14  - 46  -  - 50 27 12 29 35 25 32 11  -  9 22 41 21 24  - 13 30 16 47  - 10 20 15  - 23 42  2 36 40  5  4 17  7  -  -  1  -  - 39  - 31
 27 18  8 13  - 29  - 42 16 20  1 23 41  -  9 43  5 50 48 36 22  - 21 44  -  - 12 40 28 11 31 34 32 24 33 30 45  - 26 14 25  -  4 38  2  6  - 49 35 17
 48 12 23 40  4 22 11  -  -  - 39 10  - 36 50  1 17 32 37 19  - 20  -  -  -  2  3 46  6 43  9 13 34 35  5 14 24 21 45 18 33  - 16 30  - 28 44  - 25 29
 26 15  -  - 31 33  5  9  - 38 40 49 12 20 48 19 16 25 41 24 50  - 42 39  2  - 36 18 27  6 32  - 28 43 46  -  - 22 21  - 14  -  3 44 47 17 10  - 13 30
 39  -  5 23 11  - 13  -  3 12 15 25  2 14 24 31  - 26  1  - 32 43  - 34  - 18 45 21 20  7 42 33 36  - 50  - 30  - 28  - 49  - 35  4 17  9  8 46  6 48
 44  - 31 21 43 20  - 35 13 48  - 38 15  5 23 47 25  2 24  - 39 10 36  - 16 34  - 42 12 49  -  9 29 11 19  - 41 17  - 40 45 30 27 32  -  -  6  1  8 28
 37  -  9  - 16 25  -  -  - 23  - 11 39  6  - 46  -  - 29  - 34 40  - 41 15 28 42 38 45 50 22  4  - 14  2 44 20  - 12 48 19  5  7 18 43 27 33  - 26  3
 36 30 34  3  9 39 18 47 19 49 38 35 22 17  6 33 37 12 15 23 14 16  1 25 40 44  -  - 24 42 28 21  4 29  -  5 31 50  - 46  7 32 13 11 27 10 43  8 48  -
 31  9 41 20 49 35 27 25  7 46 43  5 13  1 34 39 29  - 16 32 45 15 30 21 37  -  - 50  8 14 10 22  6 38 28 11 40 44 24 33  - 42 18 36 26 19  2 12 23 47
  - 23 14  - 27 24 45  3  5  9 19 31 20 44 33 16 21 13 25  -  2 38 15 35 34 49 50 39  4  - 41  - 26  7 40 22  - 36  - 37  6  -  -  - 28  8 46 10 42 18
  - 33  2  - 18 17  - 37  - 34 21  3 30  7 42 15  8  - 36  - 48  - 20 47  - 26  5 44 29 22 14 38 23 27 13 35 12  1  4 10  - 25 43  -  - 24 40 16 50 45
  - 25  - 46 38  -  - 14 45  -  6  1 36  - 20 26 41  - 21 28  - 17 44  - 33  9  - 15  - 23 18 29 24  -  3 49 10  - 27 35  - 19  8  7 31 42 37  - 16 13
  -  - 48 18  3 36 33 44 12  - 45  - 19 21 30 49 40 20 35  - 23  - 13 22 38 24  - 26  -  - 17 41 42 28  - 37 46 31  2 15 43  4 39  1 14 11 29  -  7  -
 34  8 22 27 35  - 39 48  - 16 32 30  - 10 31 42 43  -  4 49 46 24 18 29 45 13 25 12  - 15  3 26 21  - 37  -  9 11 44 28 23 36  1 14  6 38  5 47 17 19
  - 49 26 41 13 43  8 15 28  -  - 36 27 22  - 23  - 42  6 18 29 50  - 30 19  - 31 24 17 25 45 12  3 20  -  - 39  - 10 32 34 44 14  2  4  - 48  5 47  -
 25 17 10 24  -  - 22 50  -  2 48 32  5  -  -  9  4 14 34 38 28 18 45 26  - 43 40  - 23  - 39 36 16 49 47  -  - 20  7  - 15 11 12 33 35  - 30 19 37  8
  1 21 50 11 46  - 20 49  -  5 17  9 31 45 38 14  7 18  3 44 30 25 22 43  - 36 23  6 48 41 15 16 39 19 26 32 37  - 42 27 13 47 29 28 40 35  4  2 33 34
  -  - 39 31 29  3 35 16 23 40 26 47 42  - 14  -  -  - 32  - 21 13  6 48  4 10  -  5  -  - 19 17 27  1 25 34 44 37  9 38  - 46  - 45 20 49  7 15 28 36
  - 10 35 32 28  4  - 45 36  -  3 33  7 40 12  - 48 11 46 16  - 27  -  - 50 38 44 13 43  -  -  5 41 26  -  1 14  - 19 21 47  9 20 17 25  - 22  6  - 23
  9 39  - 28  - 16  - 34 14 41 42 37 23 26  2 48 15 27 30 50  4 22 35  5  8  -  - 36 38 40 29 45 49  -  - 13 47  6 11  7  - 31 46 24 33  -  - 18  3 44
  -  2  6 16 41  9 40 21 44 15  - 34 10 27 19 25 30 39  5 46 38 35  7 36 12  1 17  - 47 26  - 37 14 13 32 48 43  - 23 49 18 24 42 29  8 50 31 11 22 20
  8  1 43  9 30  - 12 33 18  4 41 13  - 47 28 11 10  - 45  3  - 36  2 19 20 27 34 25 39 46  7 48 31 15 17  -  - 26 49 44  - 29 37  -  - 22 14 24  - 40
 28 42 47 49  7 18 16 41  - 30  - 26  -  -  -  3 14  - 43  4  5 46 25  -  - 19 22  1 44 48 35  -  - 33 23 15 11 10 13 20  2  - 34 27 45 39 21 38 31  6
 35 36 28  2 23 15 50  8 37  -  5  6 26 43  -  - 42  -  -  7  - 12 40  - 47 46 19 14 22 31 33 18 25 17 24  3 32 16  - 29 38 21 44 20 48  - 11 41 10 27
 42 24 13  - 21 41  9 28  -  6 20 27 11  2 39  -  1 17 10 45  8  - 29  - 43 14 32  -  -  - 23 44  - 34 49 18  -  3 38  - 16 48 33 25 37 47 36 26  - 12
 20 11  - 33  2 44 15 30 32 24  - 48 49 42 18 22 46 21 38 41  1 39 26  - 27  -  -  - 13  - 50 23  7 40 31 43 16 47 14 45 36 35 17  - 34  -  3  -  4  -
  - 14 36  - 24  5 26 18  -  7  2  -  - 41 11 35 13 29  - 17 31 48  - 28 49 39  - 34 42 21  1  6  - 16  8  9 19 30 22 47 32  - 10 43  - 44 23  4  - 38
 47  - 11 38 39  1 30 31  - 14 46 42 44 34 43 10 45  3 26  - 36 28 50 24 23 41 48  2 16 17 40  -  9 22  4 19  6 27  - 25  5 49  - 37 13 29  - 33 18  7
 10 29 46  - 36 37 24 19  - 13 25 18 32  3 15 40 49 43 39  -  7  -  4  - 44 45  9 35 21 33 11  2  -  6 38 26 23 34 41 22 48 14  -  - 30 20  - 17 12 16
 18 50 30 37  - 45  -  6  - 21 14 22 34 23 13 20  2  -  -  9  -  - 32  3  7 33 49  - 26 29  5 42 15  8 35 25 28 43 17  - 27 39  - 16 46 12 24 48  1 11
 21  -  -  - 20 28  - 32  -  - 30 24 37 16  4 29  3 35 22 14 25 23  - 33  9  -  -  - 36  -  2  7 40 44  6 46 42  - 39 43  -  8 49  -  -  - 18  -  -  1
  - 31 27 22 26  2 17 46  1 32 37 29 21  - 35 45 23 16 11  -  6 30 28  4  - 12 41 20 18 38 34 43 50 48 44 39 25  -  - 24 10 33  - 13  - 15 47 14 19 49
 38 26 40 14 34  6 32 27 39 43 22 15 45 11  - 17  9  4 33  8 35 47 12 37 30 31  7 23 41 19 49 10  -  - 21 28  1  - 50 13  -  2 25  3 16 48 20  - 24 42
 12  - 24  5  8 30  - 11  -  3 33  - 46  - 44 13 19 41 18  6 47 42 14  -  - 48 37 10 40 28 21 20 17  4 45  - 15 38 31 39 35 43 26 34  9  2  - 29 27 22
  5 22  - 48  1 21 34 36  - 33  - 14 43 28 47 37  - 19 50 26 44 45 41 17 35 32 10 29 46 18 12 25 11 31  -  8 49 13 16 23  9 27 40 39 24  -  -  -  -  4
 22 48 29 45 44 19 49  5 24 31  8  -  - 50 17  4  -  7 40 15  -  6  - 14 25 37 26 28  - 34 47  3 20 41  - 27 13 46 43 36  1  - 21  9  - 16 32 42  -  2
  -  6 49 15  - 26 37 20 42 44 11  4 28 46 40  - 33 10 47  5 17  - 16 45 18 25  -  - 19 27 48 14 13  -  -  -  2 29 32 34 24  -  9 22 39  1 35 43 41  -
 16 35  - 43 50 10 31 26 17 28  4 21 14 38  3 27 39 44  2 11 49  9 34  -  5 42  - 30  1 47 36 24 18 32 12 40 48 25  6 19 20 22 41  8 15 13 45 23  -  -
 19 45 21 36 17 48 14 12  -  8 10 20  4 25  - 50 18 28  - 13 15 49 43  6  -  -  - 16 31  1  - 32 38 39  - 23  7  - 33  2 37 41 30 26 29  -  9 44 34 24
 29 34 12 10  - 27  -  - 43 18 31 41 40 15  - 44 26 47 23  -  9  7  5 38 14 11 33 49  - 13  8 28 22  - 20  6 21 48  3 50 42 17 24  - 19 37  - 35 36 32
 13 43 25 30 33  7 38  -  4 26  -  - 48  - 37 41 50  6  - 27 24 32 39  - 10  5  8 22 14 45 16  -  - 42 11  -  - 28 46  9 29  3 15 12  - 34  1 21 44 35
 24  - 32 34 48  - 29 43 27 35 44 28  9 31  -  - 22 30  - 12 37 26 11  2  - 16 46  -  5 20 13 50  - 25  - 47 33  7 18  3  -  1 45  - 23 41 38 40  -  -
 32  5 16  7 22  -  - 29  6 25 35  - 24 33 10 28  - 46  - 34 20 37  9  - 39 15  - 48 11  - 30 47 43 12  - 17  3  -  -  1 31 18  - 21  - 23 26 50 45 41
  6 27 15  8 40 14 47  - 49  - 24 44 25  4 21  5 32 34 31  -  3 41 19 20 17  -  - 11 37 39 38 46  -  -  - 12  - 33 30 16  - 28 23  - 50 43 13  - 29 10
 14  7  1  - 37 11  6 23  - 19  -  8 35 29 22 24 28 15 13 31 42  - 48  - 32 21 47 43  -  3 44 27 33 18 16 38  5 39 25  - 30 20  2 41 10  - 17  - 49 46
  4  - 20 47 25 50  7 24 46  1 12 17 38 18  5  -  -  - 44 37 26 33 49  - 28 22 43  9  - 35  6 40 19  - 27 45 29 42 48 11 41 13 36 23 21 14 16  - 39  -
 30 28 33  -  5 49  1 17 15 22 23 19 18  - 36 38 27 37 20 42 10 14 31  - 11  8 24 32  - 16  - 39  2 45  - 21 34  4 29 26 40  - 47 50 44 46 41  3  9 43
 40 46  - 44  6 31  -  -  2 37 13 50  1 24 41  - 36  5 28  - 11 19 23 16  -  4 27  7  3  9 43 49 35 47 29 33 38 32  - 17 39 10 48 15 18  - 34 25 20 14
