2000
 29 47 23 10 11 16  - 14  -  - 36 30  6 20  - 37  - 21  1  - 49 28 25 34 40 39  5 26 15 44 41  8  7 35  - 31 50 46 19 32 17 24  -  4 45  3  -  - 43  -
 41  - 42 31 44  9 28  - 46  -  - 37  -  - 15 18 14 25  7 23 19 20  2  8  - 30  -  4 32 49 17 10  - 29 21 36 48 24 34 12 13 38 35 26 33 27  5 16 11  -
 47 10 32 22  4 27 30 29 25 12 17  -  -  - 31 45 28 18 42 34 13  2 40  -  5 50 26  1 14 36  6 37 44  3  - 38  - 49 33  - 24 20 46 41 19  7 48  9  8  -
  -  -  -  3 45 37 14 34  - 41 19 28 23  7 36 32 29  8  2 35  -  6 17  - 27 20  9 10  5  - 49 24 50 12 47 46 16  1 40 15  - 44 30 31  -  - 43  -  4  -
  8  1  7 15 33 40 38  - 27 44 37 24 43 50 20  - 34 12 17  -  -  - 29 16 41 21  3 42  -  9  - 28 25 31 19 35 39  4  - 26 10 13 23  2  - 11  -  5 46  6
 18 27 45  -  1 28  - 35 29 22 11  3 48 38  - 21 32  - 14 24  -  5  4 15  7 49 39  2 20 16 34 47 23 13 41  8  -  - 43 19 33 25  6 10 37 36 30 50 31 44
  -  4  - 34  -  - 29 11  5 35 48 25  1 31 50 24  -  - 19 17  -  -  -  2 46 33 47 32 22 14 10  -  - 21 38  - 23 39  9  - 44 42 20 45 49  8  -  - 27  -
 43 11 41 30 48 46 19 23 20 28 12 45 26 13 32 42 10  3 27  6 17 22  7  - 38 14 18 49  - 34  5  - 39 36  4  - 15 37 16 35 50  - 21  8 47 44 25 24  2 29
 37  -  - 28  9 36  - 30 18  5 42  - 15  -  -  4 27  1  3  - 50 23  - 22 13 47  - 48 43  -  8 38 16 17 33  -  2 11 46  -  - 45 39 24  - 26  - 34 29 32
 19 29 43 38 10  -  5 24 15  7  - 18  -  - 47  9  4 48 39 36 28 31  - 37 35 44 40 23  - 32 45  2  - 22 46 41 14  -  - 25 12 50  - 30  - 49  3  6  - 11
 42 49 47 46 22  - 44  - 31  - 20 23 27 19  - 36  -  - 13 29 16  -  - 50  3 18  - 11  2 41 48  - 24  4  8 10  5 17  7  9  - 43  - 25 12 30 14 45 37 38
  6 13 17  1 28 19 40 49 11 31  -  - 35 29 24 26  -  9  - 41 37  - 47 30  8 43 10 16 42  - 22 14 27  -  - 48 20 45  - 38 46  4  5 32  - 33 21  2 36  -
 12 50  - 27 43 42  - 21 10  8 35 29 38 32 34 40  - 36 46 13  1 26 18 41 48  -  7  - 19  - 14 44  6 11 49 30 37 28 45 33  -  5 24 17  - 39  4 47 16  9
 21  -  - 12 31 23 49  4 16 46 13 41  8  - 40 25 38 50  - 27  - 35 15 36  -  - 30 28 37 43 11 45  -  1 32  -  -  6 48 14 18 26  7  3 17  9 24 39 10 20
  7 28 33  - 36 24 20 32 19  - 47  -  -  -  -  - 16 14 43 18 11 17 38 12 26  -  8 30  - 35  3  4  2  - 34  - 45 48  5 22  - 49 42 39  9 23 37 41  - 40
  9  8 36 39 24 49  - 26 14 23  4  -  - 35 11  5 37 16 22  1 30 29 19  - 28 17 20  -  6 27 13  - 40 25  2 43 32  - 42 47  - 41 10 50  - 48 12 46  - 45
  - 15  5 43 14 48 39  1 44  - 24 33 22  8 10  6  - 28 32 31 35 21 34 20  - 38  - 18 46 45  - 41 47 42 11  3  - 23 37 30  7  2  4  9 29 16  - 12 19 50
  4 44 12 14 34  -  2 20  3  - 38  - 30 37  5  8  - 43 45  - 26 41 24 27  -  -  -  9 17  - 46 23 10 50  7  -  6 32 13  - 19 31 28 40 36 22 39  - 18  -
 44  -  - 19 30 29 50  - 24  9  5  - 11  - 39  3  1 32 21  - 10 25 23  -  4 28 35  - 38 22 31 40 20 34 13 37 17 33  -  - 47 15 41  -  2 12 36  8 14 16
  1 48 10 26 32 41 23 36 49  -  -  8 12  9  - 27  -  7 16 42 31  -  3 29  - 13 24 17 47  -  2 19 11 37 44  -  -  -  -  - 40 39 15  -  6 46  - 28  - 22
 16 39 29  4 23 32  - 18 28  2 14 10 41 34  - 17 20 27  9 11  -  - 45  - 36 35 21 37  3  6 25 31  8 44 50 49 12 42 47  -  1 30 19  - 22  - 46 48 24  5
 40 17  -  -  6  5  - 12 26 39  -  9 16  -  - 47  - 45 41  -  - 32 11  1  - 42  - 31 21 10 36 15  - 27 30 19 13 44 20 24 43 34  - 49  - 38 23 33 28 25
 20 33 38  -  2 10 43 37 34 16  - 14 19 24 49 31  -  - 40  3 47  - 32  - 29 26 22  5  8 23 21 13 12  7 36 11  - 50  6 28 27  9 48 18  - 41  - 15 30  -
  - 30 13 29 42  - 36 15 43 24  9  2  7 28 41 19 21  - 50 33 18 16 48  - 20 23 27  - 45 12  1 26 37 14 40  - 49 25 32 11 35  8 17  -  -  - 22 31 47 39
 22 31 37 47  - 13 16 43 35  -  3  4 34 33  - 30  - 17 36  - 21 15 27 19 49  6 41  8  - 40  9 39 48 32 42 44  -  - 12  1  -  - 14 11 25 29 28 26 50  -
 24 37  9 32  3 38  - 46  7  -  - 31 44 48  8 35 50 40 20 21 39 30 49  4  6 15 42  -  - 47 23  - 34  - 29 14  - 18  2 36 16 10 26  5 41 43  -  - 33 19
 45 23 15 13  5  2 48 47 32 19 28  -  3 14  - 34 41 10 49  -  9 36 21 26 31 24 33 40  - 42  7  -  -  - 20 16  4 12  - 18 38 46 11  - 35  - 44  -  -  1
 36  5 39 33 26 17  3  -  -  4 32 34 18 30  - 38 49 24 37 14 25 13  - 45 43 48 23 35 28  8 40  - 19 41  - 20 21 31 11  -  9 16 27  -  1  -  7 29 12  -
 10  - 20 16 47  4 46 22  - 29 40 26 14  1 35  7 19 23 25 15  5  3 50  - 42 45 28 21 34 37  - 32 38 49 17  2 27 13 18  6 30 48 43 12 39 31 11 36  9  -
  -  - 16  8 41 18 47 45  -  - 44  -  5 17  - 39  - 20 10 32 29 42 37 28 23  - 19  3  -  2 50  -  - 24 26 12 46 30 36 34 48 35 31 33 40 25  - 49  - 14
 30 45 34  - 38  7 33 25 42 50 27  - 32 40 28 41 44  5  - 46  4 18 43 49 10 12 37 14 39 13 29  6 22  9  3 47  1 16 24 20 15  -  2  -  8  - 31 21 26 35
  -  - 46 17  8  - 22 39 48 14 15  - 37 18 23 44 12  - 11  -  - 50  1 42 25 16  - 27 30 31 20 49 41 33 24  4 26  5 28 13  6 47 38 19 34 10  - 32 45  7
 50 26  1 24 15 25  6 13 17 11 21 32 31 23  7 46  9  4 18  -  8 38 14 43  - 41 48 29 36 28 27  -  5 10 37 39  - 47  - 44 20 12 40 35 16 45  2  - 34  -
 28 18  -  7 46 50 37  -  - 17  - 11  4 42 38  - 43 49 31 12 23 45 35  -  -  - 14 41 29 33 19  9  - 30 22 27 25 15 10 39 36 32  8 13 44 20  6  -  5 26
 17 19 11 40 25  1 32 31 12  3  - 38  2 26 45 49 39 44 29 20  - 10  9 48 24 37 50 33 13  - 35  7 36 47 18 42  - 14  - 46  5  6 16 27 30 28  -  4 41 43
 39 42  6 49 17  8  9 38 36  - 16  - 21 11 18 23  7  - 15 44  - 48 13 31  - 10  1 19 12 29 43 25  4  2 28  5 47 41 26  - 22 40 50 14  3 24 33  - 35  -
 34 12 40 45 18 30 25 41  2 47  -  1 42 36 19 13  8 29 35 48 20  7  -  - 32  5  4 46 23 26 44 50 31  -  9 33 24 22 38 17  3 14 37  - 28 15 27 10 39  -
  -  -  - 21 37 15 13  7 39 26 31 27 47 49 48  - 24 34 28  4 33 46  6 17 16  - 11  - 10  1  - 35 30 38 25 23 41  9 22 50  - 18  - 43 20 19 32 44  3  -
 25 32 18 20 12  6 11 50 30  -  8 47 13  4 37 29 46  2  5 43 41 19  - 14  1 36 45  7  - 39 28  - 17 16 35 24  3  - 21  - 23 33  9 38 31 34 15 27 49 10
 31  - 27  - 16 33  4  3 21 13 39 44 49  -  9 28 48 42 24 19 34 37 26  6 18 11  2 45 41  - 30  - 14  - 23 15 29  - 50 10  -  - 47 36  5  - 40 43 32 12
 35 16  - 36 19  -  -  - 22  - 29  5  -  -  2 14  6 11 38 50 42 47 41 33 15  3 49 39  1 17 24 18  - 26 31 32  - 43  4 27 28  7 13 37 48  -  9 25 40 23
  - 35 25 23  - 31  7  9  4  -  2 50 46  3  1  - 26 47  -  5 22 24 33 40  -  - 16 13 44 30  - 34 49 39 45 17 36 20 14  - 41  - 29  - 11 32 10 18 38 28
 14 34 31  - 49  - 18 10  8 30  -  - 25  -  6 33 40 37 47 45 24 12  5  -  9  4 38 22 35 48 16 21 15  - 43 28 42  -  -  7 11 29 36  1 32 50 26 20 23  3
  2 41 50 37 39 43  - 17  - 49 30  - 10  - 22 16 15 13 44 25  3 11  8  -  - 29 32  - 40 19 12 36  -  5  1 26  -  - 23 31  4 28 18 20 46  6 35 14  -  -
 11  6 21  - 40 34 45 19 23 36 41 48 24 15 26 50  -  -  - 37 12  4 20  3  -  - 17 43 33 18  -  5 35 28 10 25  8 29  - 16 32 27 49 46 38 14  1  7 44 42
  - 36  4 25 35  -  8  -  - 21 18  -  - 10  - 20 17 38 26 30 43 34 46  - 11  2 44 47 48  7  -  - 33 15  -  6 31 19 49  - 14  3 22 23  -  - 50  1 42 41
 23 21 44  6 50 11 42  - 37 34 26 35  - 41 30 43 47 31 33 40  -  8  - 32  - 46 25 36 24  5 38 20 45  - 14  9 10  2 15  3 49 17  1 29 13 18 16 19 22  4
 26 20 48  - 29 35 12 33 45  -  - 36 40  - 17  - 11 41  - 38 32  9 22 25 14  1 31  - 16  - 37 43 13 46 27  7  -  3 39  - 42 19 34 28 24  2  - 23 21 30
 15  7 19  9 21 22 34  2  6 37 10  -  - 47  3  - 31 26  4 28 14 33 30  - 44  - 46 50 49 24  - 48  - 40  - 45 38 36 29 41  - 11  -  - 43 35  8  -  - 13
 49  2 28 18 13 14 15  - 38  1 33 39  - 46 29 11 25  -  -  7 45  - 12 10 50 32  - 24  9  3  - 30  - 23 16 22 43 35 41  - 37 21 44 47 42 40 20 17  6 31
