2000
 14  - 37  1 50 44 12 21  6  - 40 23 19 27  5  - 32 22  - 15 29  - 13  - 16  -  - 42 43  - 45  - 20 39 25  -  2 47  9 18  3 34 49 24 31  4 41 35  - 28
  -  2 10 36 22 29 38  -  -  8  6  -  5  3 32 46  - 12 25 23 45 16  9 13  7 27 34  4 19 43 24 50 14 41 44  - 47 35 15 21 39 11  - 20  1 37 49  - 26 42
 33 27 47 23 11 35 32 36  9 44 25 20 41  - 10 21 19 34  4 18  5 42 48  - 37 46 31  -  1 40 29 14 38 43  8 28 49 22  -  -  6 50 39  2 24  - 30  3 17 12
 39  - 31 20 36 22 26  - 32 21 37 44  - 33  - 40 12 48  - 50 28 25 24  -  8 10  - 49  4  - 17  3 19  7  - 13 23  2 16 42 30  -  - 41 18  1 35 47 14 43
 16  - 25  -  -  3 37 40  8  - 50 45  - 18  - 24 15  - 32 19 31 47  1 12  9  5  -  6 26 30 39  4 29  - 49  - 36 13 34 17 20  - 11  7 10 41  2 48 22 21
 21 30 45 16  - 28  -  - 42 18 15 25  1 36 24  4 13  7 49 26 46  6 33 20 50  - 37  - 38 19  2 43 11  -  3 41 12  8 48  - 10  - 23 34 14 32 44 39  -  5
 23 20 38 44  -  - 50 30  -  6  - 13 36 35 33 14 42 37 48 39 17  - 29  - 25 15 10  1 49 11 16  -  - 21 24 32  3 31  - 41  9  - 19  -  4  -  -  -  -  -
  -  9 19  - 10 40  -  1  5  7  - 33  8 31 36 32 48 44 28 34 22 23 17  6  - 29  3 35  2 20 13 38 30 18 16 26  - 41 27 49 47 43  - 14 11 42 39 15 45 37
 17 44  - 35 14 27 46 23 43 22  - 36  7  - 38 16  6 20  1  8 10  - 31  5  -  3 26  2  - 15  9 18 25 50 47 45 19 28 42  - 37 39 12 40 34 11 21 41  4 13
 22 32  1 45 31 25 35 26  7  2 30  4 21 11  9 50 41 10 47 43 20  - 14 15 29 48  - 40 39 13 34 19 42 37 36 12 28  - 23 33 44  - 18 38  3 16  5 17  -  -
  4 13 11 47 25 45 30 22 44 23 49 34 12  - 28 10  5  -  - 29 14  9  6 37 46  - 33  7 41  -  - 42 24 15 35 20 26 43  - 31  -  2 16 19 39 48  1 38  3 27
 20 39 43 41 19 36 47  5 24 46 16 18  9  2  3 13 30 25 29 32 48 27 38 35 28 37 22 12 11  4 40 33 10 44  - 49 21 34 26  -  - 23  6 15  -  - 17 42  1  -
  -  3 42  - 16 21  - 14 28  - 20 10 24  4 40  - 26 17  - 44 47  - 50 23  2 38  - 46 48 35  6 45  - 49  - 15 41  -  5 29  -  - 34 39  - 25 12 11 43 18
 12  -  2  - 20  -  3 37  1 48 34  - 23 13 39  -  -  8  - 21  - 32 45 10 33 25 16 43  - 14 42 30  5  -  - 27  6 19 49  - 31 15 46 36 35  -  9  -  - 40
  1  - 36 38  -  2 14  8  - 45 23 48  - 44  - 19 49 30 40  -  - 20 18 39  3 32 24 47 35 37  -  - 43 22  7 11 15 46 33 16  -  9  - 13 50 26 31 10 42 34
 44  -  3  - 41 14  -  - 38  4 19  9  - 22  8 47  - 43 18 31 30  - 26  7 32 21  2 16 27  6 49 23 15 12 39 35 42  - 40  - 13 10 24 33 29 28  - 37 50 11
  9 26 44 19 28  - 21  - 13 49 18  5 40 45 47  6  -  -  -  2  8 38 41 33 36 16  - 20 15 22  - 34 12 11 46  7 17 10  -  -  - 14  4 50 32 39 43 23  -  -
 31  5 35  - 42 15 41 19 30 20 32 12 34 46  -  7 29  3 14 36 27  4  -  - 26  2 25 22 24 39 23 21 47 28 13 16 37  9 44  1 48  6 33  8 40 38 18 50 10 49
  2 14  5 46  -  - 11 29 50 30 36  3  -  6 49 22 45 24  -  - 38 39 15 40  - 42 47 27  8  1 26 35 18 13 20 23 32 37 17 48  - 31 10 44 28  -  7 16  -  -
  - 38 24 22  - 41 27  - 29 15  9 21 16 47 30  - 37 45  8 10  - 35 36 43  4 17 39 23  -  - 46 13 33  1  6 50  - 44 32 26 18  5 20 31 19  2 28 14 11 25
  -  - 13 25  1  4 39  -  - 28 26 40  - 23 16  8  - 49 35 38 33 18 10 31  - 11 32 50 29  7 12  - 37 30 34  - 48  5 19 46 17  3 43  6 47 45 22 21 44  9
 10  4 34  9 24 46 28 18 49  3 39 47 37 25 27  5  7  - 20 30 42 40  - 36 19 23 11 32 17 29 22  6 45  2  - 31 33 26  8  - 35 41  - 48  - 43 16 44  - 50
 42 12  7 48 44 33 13  -  - 29  3 32 39 28  -  - 18 47  - 16  - 11 35 27  1 20 15 37 45 21  8  2 17  - 31 10  9  - 38 40  -  - 14 30 43 19 46 34  5  -
 49 10 29  - 43 12 19 35  - 36  1 22 50 41 48  9 39  -  - 11 13 33 40 30 45 18  - 28 16 44  7 47 23 14  2  - 27  -  3  -  5 37 42 25 15 46  6 32 24  -
 28 17 33  - 29  -  - 34  - 32 47  6 11 30  - 49 20 16 37 14 40  -  - 18 44 13 21 19 22 38  1  -  7  4 43 25  5 15  - 12 24  - 26 45  - 23  3  9 35 10
 18 37 39  7  6  8 29 44 35 41  5 49 32 24 22 12 28  - 27  9 11  3 16 34  -  - 42 48 21 46 38 10  2 47  -  1 20 33  - 23 36 25 50 17  -  -  - 31 15  4
  - 22 50 30 39 19  5 17 41 16  7 31 38 20 14  - 27 23 43  3  - 48 21 28  - 45  1 15 10 12  4 40 36  - 18  9 13  -  -  2 26 32 44 37  6 29 34 33  -  -
  - 50 20  - 18 30 10 33  2  -  -  8 43 38 46 45 16  6 42  5 26 14 28 22  - 47 44 11 34 49  3 15  9 17 27 19  1 40 39 37 25 29  -  4  -  - 24  7  -  -
 30 24  - 40  -  - 49 45 31 19 42 43  - 14  -  - 21 28  -  6  - 13  - 29 38 44 27 41  7  9 37 11  - 35 23  - 10 36 25 47 12 17 22 18 16  8 33 20 34 26
  -  -  - 13 17 24 42 32 34  -  -  1  -  5  -  -  3 19 26 47 37 10 23  - 27  9  4  8  6  -  - 25 49 33 40  2  - 18 20 43 46 44 31 16  - 22 36 30  - 29
 36  - 32 50  7  1  6 10 45 13  8 37 31 26 23  2  4 38  - 49  3 21 30  - 47 39 43 18 28 16  - 41 35 34 17  - 29 25 24 27  - 33  5  9 12 14 42 46 20 15
 46  - 22 28 35 23  -  -  -  -  4 29 13  -  - 11  - 15 30 41 16 19  - 50  - 33 38 34  -  -  - 39  1  -  - 18 14  3 31 20 32 45  - 49  7 44 26  6  2 48
 37 23 41  6 38 26  - 13 15  1  - 46 17 43  -  - 33 14  -  - 24 29  4  3  - 30 40  -  9 45 47 49 22 27 32 21  - 12  - 28 34 36  - 35  -  5 11 25 18 16
 25 36 27 11  4 48 45  7 26 39  - 50  - 42 29  - 14  9  -  -  - 15 20  - 31 24  - 13  -  - 33  - 21 16 12  5  - 38 41 32  - 47  1  3 46 35 40 43 28  8
 43 46  -  4 45 49 48 12 16  9 22 19 20  - 37 33 11 32  7 42 50 26 34  2 41 35  8 14 30  - 44  - 40 36  1 47  -  6 10  3  - 38  - 27  5  - 23  - 31 39
 38  - 16 17  2  - 43 11  - 27  -  7  - 34 13 41  -  -  - 35 49 37 44  - 15  1 28  3 20 24 36  8 39  9 48 29 25 14  4  6 21 26  - 42  - 10 32 40 12 45
 27 16 21 26 30  - 22 25  4  - 41 28 48  -  2 20  8 33  - 13 43 44  5  - 39 50  -  -  -  -  - 12  -  - 38 42 46 23  6  7 15 49 35  - 17  3 29  - 37  -
  5 33 23  3 34  -  - 24  - 35  -  2 26 39  - 17 47 46 12 37 18 31 19 21 11 41 50  - 13  8 28  -  - 42 15 22  4 16  1 38  - 30 29 10 49 40 25 36  - 20
 45  8 14 49 27 37  9 41 11 17 12 39 47  -  4 30 34 18  3  - 35 50  7 44 23  - 29 21 42 26 25 31  - 10 19  - 43  - 28  5  2 20 36 46 13 24 15 22 33 38
  - 15  8 34  - 39 17  - 14 26  -  -  4 16 20 23  2  5  -  -  1 28 42 25  -  7 18 30  - 41 11 32 50  6 45 24  - 48 36 10 19 12  - 43  - 49  - 27 40 44
  8  - 28 27  -  7 33 38 47 12 48 15 10 29 18 26  - 42 13 25  - 36 49 24 43  4  6  9 40  3  - 44  - 20 41 39 30  -  2 11  1  - 45  -  - 17 19  5 21 46
 26  -  6  - 47  -  - 31 23  - 43 11 28  - 12 18 38  4 16 17  9  2  - 42  5 36  7 25 46  - 35 20  3  -  - 37  - 24 30 39 14  -  -  - 27  - 13 45 49 19
  -  1 15 14  5  - 20  2 10  - 17 27 49  - 11  - 25 39 23 24  -  -  -  4  - 43 45 29 31 48 30 36  - 46 33  - 22 42 35 44  8  7  3 28  - 50 38 19 16 47
  6  - 17 39 23 16 15  4  3 42 44 41 14 21  - 43 22 40 19 45  - 30 37 26 10 28 13 24 32 50 27 46 31 38  - 48 18 29 12 34  7 35  2  - 20 33 47  8  9  -
 50  - 40 37 26 47 18  9 19  -  - 16 29 48  - 15 43  2 33 20 12  - 46 11 49 14  - 31 23 32 41 24 27  3 42 30 39 45  - 25 22  4  -  -  - 34  8 13 38 36
  7 45 49  2  - 17 16 42 37  -  - 26  3 10 35 29 36 21 15  - 19  - 43 41  6 31 23 38 25 47 20 22 44  5  - 46  8 39 11 13  - 48 32  1  9  -  - 24 30 33
 15  -  - 42 48 13 24 16 39  - 11  - 35 49 43 25 44 31  -  4  - 41 27 32 30  - 46 33  -  2  -  1 26 40 10  3  -  -  - 45  - 18 17 29 36  - 20 28  8 23
 47 25 26 15  -  9 23 46 18 33  - 35 22 19  1  -  - 11  - 40 44  -  2 48 17 34 41  - 14  5 43 16  - 32 28 38 45 20 29  - 42 21  - 12 37 27 50 49 39 30
 32  7 48 10 15  6 34 49 36  - 24  - 33 12 31 35 40 29 39  1  2  5 22  - 18  8 14 44  3  -  - 28 46 45  4 43 16 30 13  9  - 19 37 21 25 20 27 26  - 17
  3  6  4 18 33 20 31  - 17 43 45 24 42  -  - 44 46 41 36 28 15  7 25  1 35 49 12  5 50 27 21 26 13 29  -  - 38 11 14 19  - 40 47 23 48  9 10  2 32 22
