2000
  - 48  1  - 29 30 12  7 17 26 11 45  -  -  5 24  6  -  3  - 22 20 31 40 25  - 14 39  4 10  - 13  - 21  - 28 33 34  8 19 36 32 15  - 37 16  2 49 41 46
  -  2 38  8  -  -  - 36 18 34  - 27  - 37  -  9 43 14 19 30 29 49  - 39  5 12 42 16  - 28 41 21 22 33 31 44 11 25 20  3  7  6 40 46 13 45  - 23  - 15
 25  7 22 48 50  6 10 47 28 40 12 13 24 38 32 15 34 16 29 21  - 17  2 42  -  1  -  - 18  -  8 35  -  4  - 23 41  9 19 14 43 49 33  - 44  - 31 27  -  3
  -  -  -  3  5 38  -  6 10  - 35 11 22  - 28 16  - 34 30 26  - 39  - 47  9 46  4 33 42  8 23  - 31 19 45 24  - 15 32 27 50  - 48  - 14 40  - 18 12  -
 15 32  -  2 13 39 29 21 50 46  -  3  1 22 16 30 33 24 12 23 26 40 25  -  -  6  - 19 27 41 14 45 35  5 38  - 28  - 49 43 17  - 47 44  - 31 20 48  - 18
 16 14 35 13 26  - 11 31 44 29 49  - 43 45 38  4  - 21  5 19 34  1  - 36  - 32 50  3  9 48 17 30  - 24 18  6 27  -  -  2 25 37 39 41 40 46  7 10  - 22
  - 18 26  -  3 34 17 44  - 21 29 10  4 39 48  - 25  - 46  - 41  - 13 12  1 49 35 23  -  - 40 15  -  9 47 42 19 45  6  5  -  2  8  - 11 28 24 16  - 31
  - 35 10 24 40 31 48 26 13 39 15  5 19 47 18 23  2 45  9 42 33  - 37  8  6  3 49 32 14  - 43 22  7  - 17 12 44  -  1 28 11  -  - 30 29 20 16  4 46 27
 37 29  - 12 25 35 15  - 45  - 32  - 16 13 11 39 38 22 14 28 23  -  -  3  - 36  -  6 30 34  - 49  - 26 27 21  -  -  2 41  9  - 43  4 24 10 33 31  - 40
 20 23 41 46  -  - 24  - 37 12  6 14  - 15 50  - 11 40 48 25 32  5  1 13  - 45 44 18 35 26  3 28 34  7 29 19  9 17 10 16 33 31  - 22 36 39 30 21 38 49
 28 34 16 14  6 40 33 43 15 32 45 46 29 10 22 37 12  - 24  -  - 27 35 11 49 42  -  - 25 20 31  - 30  - 50  -  1 39  3  - 41  5 21 17 47  2  -  7 26 19
 24 30 14 15  -  - 23  -  9  1  3 26 42 31  6  -  - 32 47  8 50 44 27 41  -  - 36 49  - 45 37 40  - 29  - 11 22 19 28 38 12 43 17  2 20 13 35 25  4 16
 46 43 39  - 12 36 26 17 11 15 21  - 20 48 49 18 40 37 42 47  -  2  5  9  - 44  - 29  7 27  - 31 45  3  - 50 14 23 38  8 35 16  -  1 41 19  - 33 28 24
 21 15 42  - 22  5  2 28 43 23 44  7 36 30 14  - 26 19  - 24 31 32  4 25 20 41 11 35  - 17 45 48 46 47 12 49  3 27 13  1 10  - 37 50 39  - 40  9 34  8
 31  - 20 30  - 24 41  - 23  -  - 43 35 26 12  - 47 13 34  - 37  6 18 44 39  - 28 25 15 16 50  - 11 42  7 46 32 14  - 21 38 40 45  8  9  -  -  1  2 29
 32  - 27 20 30  - 49  - 26  3 47  -  - 29  - 40  -  4 35 16  1 11 36 22  - 28 37 31 24 13  - 50  - 44 14 39  - 41 45 12 18  9  - 33  5 17  -  8 25  6
 36  8 32 25 42 28 38 13 27 49 39 41  -  7 30  3 15 26  1  - 20  -  - 33 50 14 17 21 37 40 18  -  6 16 44  2 29 24 47 45  5  4 23 34 10  - 22 12  - 11
 40 10 29  - 39 48 46  5  - 45  - 20 41 34  2  - 49  3  -  -  6 30 23  - 43  9  1 11 36  - 32 44 24 18 28 47 38  -  - 25  - 21 50  - 27  -  -  - 16  4
  - 24 33 50 23 12 27 32  - 38  9  -  - 41 26  1 28 31 16  - 36  -  -  2 19 18 15  8 22 35  4  6  - 49 13  - 21 46 17 11 20 25 10 43 30 44 47 29  3 42
 29  4 11 36  - 13 18 24 16 20 10  -  3 27  1 12 45 47 44  2 43 21  -  5 31 23  - 41 46 42  9 32  -  6  -  -  -  - 22 34 37  -  - 38 17 14  - 19 48 50
 14 27 48  - 28 45  5  - 42 35 31 23 30 46 37 26  -  - 32 33  - 22 38 18 29 20  - 15  - 44  -  - 10 34  -  8  - 40  7 49  3 11 19 25  - 36 39 50  6 17
  3 26 40 19 36 32 21 22 14 47 16 17  -  2  8  5  1 42 41 18  7  -  - 38 12 39 23 45 50 11 49 34  - 27  -  - 35  -  4  9 48 46 25 31 33 24 44  - 29 30
 13  - 15 39 24 11 25 34  - 44 38  2  -  5 20 46  -  -  - 14 18 42  - 28 32 16 40 48 19  4 26 23 21  8  - 37 50 10  -  - 31 30 36 49 12 27 17 35 47  7
 45 19  2  5 46 18 40  - 34  8 25 35  -  4 42 28 21 50 23  -  9 13 20 26 14  - 10 38  6 39  - 47 27 12  1  -  7 31 24 48 29 44 41  3 49 43 15 30 11 32
  9 47 25  -  1 26  8  3 31 50  -  - 18 49  -  - 19 11 13 43 28 41 14 27  -  7  2 40 10  - 46  4 29  -  - 38 12  6 48  - 45 15 20 24 16  -  5 39 32 23
 49 28 18 23 33 42 16 27 48 36 14  - 32  - 17 20 30 44  7 35 10  9 12 24 46  5 41 37 34  3  2 11 19 13  - 22 47 38  -  6  - 50  -  -  - 29 25  -  - 21
  8  - 47  1  9  7 19 16 40 41  - 36 48  -  4 44  - 12 28 29 17 23 50 14 26 43 46 27  -  - 35 37  - 31  -  3 10 30 25  - 13 22  2 42 18  5  - 45 15  -
 39 38 46 45  2  - 36 20 30 10  5 42 15  - 29 41 44 25  4 40 13  - 21  - 47 37 19 26 31 23 27  -  -  - 48  -  -  - 43  7 24 18 49  -  -  - 11  3  - 33
 43  -  9 26 19 20 30 15 47 22 23  1  7 28  - 32  - 38 50 49  8 16  6  - 27 31  - 14  - 24  5 39  3 45 42 33 18 37  -  -  2 34 46  - 21 11 10  - 36  -
 27 21 30  9 38 10  7 19 25 28 41  -  - 44 47  6 18  5 22 37 11 15 34 48 35 24 31  1  3 49  - 33  - 32 36 45  -  - 46 17 42 13 29 39 26  4  -  - 50 43
  - 42 49 17 16 33 28  2  - 11  -  6 44  -  3 47  5 23 21 10 40 19 24 35 30  - 34 22  - 12  1  7 41 48 37 26 31 43 18 20 46 45 27 36 50 32  - 15 14 13
  2 39  - 38 41 44 50  -  - 25 37  -  - 24 27 21 10 49  - 17  5  - 46  7  8 19  - 43 33 31 13 29 36  1  9  -  4 42 34 35  - 14 16 48  6  - 23 32 18 12
 12 40  6 31 11 43  3  -  - 19 17 49 34 14 21 35  -  2 45 20  - 38 48 30  - 29  - 13 44  - 10 27 42 46 22  5 15 50 16 24 47 28 32  9  7 33  -  -  1 26
 10  -  - 34 27 19 14  9 35  2 26 29 49 36 44 25  - 46 33 11 38  8 41  -  - 50 18  4 21  6  7  1  - 43 39 20 40 32 23 31  - 48  - 47 28 42 45 37 17  5
 23  -  8  - 32 27  - 35 46  6 42 39  - 33 19 49  - 29 31  4  3 47  - 21 34 30 13 17  1  7 25 18 28  - 15 43  2  - 14  -  - 12  -  - 38 37 41  5 24 48
 11 17  -  -  7  -  -  - 20 42 22 38  9  3 33 31  8 36 37  1 46 29 39 43 16 34  - 30 40  2  - 14  4 25 19  - 13 44  -  - 15 26  5 21 23 47 48  - 27 28
 34 44 37 43 48 23  1 39 24  9  2  - 47  8 15 11  - 17 36 27 19 26 16 20 18 35 12  - 28  - 30 10 13  - 49 14  -  5 21 46  4  7 22  - 45  6  3 41  - 38
 22 12 23 11  - 21 31 42  -  - 33  9 28 20 45  - 13 15 49  3  - 43 26 10  7  2 38 24 29 47 34  8 40 41 32 35  - 16  - 37 19 17  6 14  1 25  - 44  - 36
 50  - 19 37 21 25  9 33  7 18  - 16 40  6 13  -  4 20  -  -  - 24 17 23 44 15 27  - 49 14 22 36  8 35 30  1 42 12 26 47 34 29  - 32 31 48 43  2  - 41
 17  6  - 49 45 16 20  - 41 13 19 34 39  - 46 14 48  7  - 15 35  - 42  - 38 27 24 47  -  9 29  3  -  2 23 25  -  4 30  -  8 33 11 28 32 12 50 43 44  -
 26 33  4 41 43  1 13  -  3 16  - 25  8 32  9 19 17  - 39 34 14 12 30 31  - 48 20 28 45 46  -  2 15 36  - 29 37  7  - 23 27 10 44  5 35  -  - 22 49 47
 38  -  5  - 31 29 37  -  6 24 43 12  2 35 23 48  7  - 10 44 42 25  8 50 45 47 21 36  - 15 11 20 32  -  4 17  - 18 27 13 22  -  9 16 46  1 49 34  - 14
 42 37 44 18 20  4  - 14 49 33 27 50 38 17 35  - 23  - 40 41 16 46  - 45 24 11 29  7  - 30 15  9  - 28  2 31  -  - 12 39 21  1  - 19 22  8 36  -  - 25
 47 11 31  6 17 37 34  -  - 27  - 24  5 23 25 13 16 43 15 38 49  3  -  4  - 40 26 12  2 21  - 41 14 50  8 30 45  - 44 42 32 35 18  - 19 22  9 46  7 20
  - 16 43 21  - 50 45 48  2 14 36 18 37 19 31 22 27 10 38 39 24  7  9  6  4  8 33 46 11 29  -  -  - 15 34 41  - 49  - 32 28 42 12 26  3 23 13  - 40  1
 19  1 36 35 37 14 39 11 12 31 30 44 21 16 43  2  - 28  8  - 25  4 22 49  - 10  5  9 23  - 38 46 20  - 41 27 34 29 40 50  6 24 13 18 48 15 26 47 42 45
 33 31  -  7  -  2 42  -  - 37 40 21  - 18 39  - 29 35  - 12  - 14 49 16 41 17  3 50  8 43 28 26 38 10 11 48 23 22 36 15  1 19  -  -  - 34 32  6 20  -
  6 50 34 40 44 49 43  4  -  7 46  -  - 21 41 36 14  8 18  5 47 10 45 17 11 22 32  2 12  1 20 24 25  -  - 13 16 35 29  -  - 27 31 37  - 38 28 42  - 39
 18  5 50  - 14  3 32  - 29  -  - 15 31  1  -  8 37 27 25  - 12 36  - 46 17 13 16 10 41  - 48 42  - 22 20 34 39 26 35  - 44  - 28 23 43 49  -  - 21  2
 44 36  - 16  8  9  6 12 21  4  7 31  - 42  - 29  - 39  2 32 15 48  -  1 40 26 22 34 20  - 33 43 17  - 24 18  5  3 37 30 49 23 14 45  -  -  - 38 13 35
