2000
  2 45  - 36 27 41  -  - 43 15 46 33 49  - 47  - 26 21 10 14 11  - 29  - 50 34  8 16  - 39 19  -  - 23  5 13 31 28  9 35 48  - 42 38 12  3  1 17  7  -
  -  - 23 15 10 44 34 24  5 30 25  -  9 12 45 19  - 50 31  -  1 29 35  - 40 22 32 38 11  -  2 41 21 48 20  - 36 27 43  7 47 16  -  4 42 28 13  6 46 26
 41 22 10 21  4 31 30  - 17 46  -  5 26 33  - 43 25 15 19  6 12 44  3 50 36  - 48  -  - 18  9 37 40 39  8 14 32 16 27  2  - 29 13 20 11  7  - 24  1 42
  6  8 42 34 47  - 36 30 14  - 18 27 28 19  - 10  4 46  7 15 50 22 39 23 45 38 17  -  2 12 21  -  - 44  9 20 29  5 41 26 16 13  - 43  - 49 35  -  -  3
 29 42 13  -  - 24 17 20 39  2 26 38  - 31  7  3 28  -  6  8 35 43 11 15 18 45  -  1 22 36  - 50 10 25 33  - 34  9 32 46 12  - 47 21 37  -  5  4 49 41
  8  4 37  - 21 16  6  - 18  - 34  -  - 22  2 48  -  7 50 11  - 17 49 24 27 33 29  -  - 26 23  3 39 35 15 30 13 36 28  - 44 10 32  -  -  -  9 25 12  -
 45  - 34  8  -  - 16  - 21 19 29  7  - 41  5 12 23 13 47 43 38 24 10 33 26  2 22 42 30  1 40 31 11 17 48 50 37 44  4 18 14 20  3 49 36 32 28 35  6  -
 34  - 45  5 42 48 41  - 35 37  - 44 36 30 31 38 47  -  - 25 27  6  - 40 39  8  -  - 32  - 43 18 12  - 21  -  - 22 15 50 24  - 11 19 14 17  -  - 16 20
 32  -  3 28 17 15  4  - 33 14 48 50 23  2 44 29 43  1 20  -  - 40 25 21  -  -  -  9 16 46 39 36 22 27  - 45 38 11 49  - 42  - 41 26  6  -  - 30 19  -
 38  -  1 30 25  4 33 26 20 23  3 18 35 45  9 14  - 10  - 36  - 21  5 13 44 47 31 15 27 50 11 39 43 29 40  6  -  -  7 16 37 19  - 22  2 42  - 28  -  -
 21 50 29 24 14  - 20 27 48  5  - 37  -  - 15 44  - 47 32 45  - 28  - 43  - 31 26 25  - 41  -  -  7 33 16 39 49  - 22 19 30  3  9 18 13  2  6 36  4 17
 49 43 40 33 12 36 18  -  9 26 20 48 24 35 27 28 22 32  8 21 29  2 44 46 25 42 13  5  6 19 17  7 45  - 37 31 15 10 50 30  3  - 39  1 41  4 14 38 23 47
 39  -  - 14 23  2 50 48 47 22  7 12 40 43  -  4 17 41  - 29  - 27 36  - 33 15  - 19  - 10  -  1 32 13  - 38  5 30 46 20  9 42  6 45 25 11  3  -  8 21
 10 20 22 47  5 14 40 18  4 13 19 26 46 28 39 37 42  6  - 32 16 35  - 36 43 12  3 17  -  7 45 48  -  - 41  8 21  2 23  1 50 33 27 11 38 44  -  9 29 34
 20  5 15 38 28 49 35  4 25  7 23  6  - 10 18 50 39 36 48  - 47  - 43 17 24 21 11  - 13  9 37  -  - 16  - 46 22 45  3 32 33 12  8 44  1 29 19 26  -  -
 22 28 21  6 43 30 19 14  - 41  2  - 45 47 33 39 38 16  - 49  3  1  7 44 48 18 23  4 34  5 29 20 13  - 10  - 46 31 17  9  - 37 36 15 35 12 42  8 26 27
 17 32  - 48 18  8 12 21 13 50 37 23  6 34 38  5  - 19  - 35 33 47 27  7  3 44 30 28  1  - 22 46 20 24  - 16  - 29 45 14 49  - 15  9  4  - 39 42  -  -
  9 34 17 50  8 37 38 32 16 12 33  3  5 11  - 45 29 20 35 46 30 10  - 42 23 19 49 36 28 14  - 43 48 31 25  - 47  4 40 44 18 21 22 13 15 26 24 39 41  7
 42 36 25  9 45 40 26 47  - 43 10 35 37  4  -  7 27  -  - 20 18  - 31  1 29 41  2 34 38 13 14 44 23 32  6 12 39 19  -  -  -  8 49  5 24 50 16 21 28 46
  - 35  5  - 22 39 48 29 45 47 30  8 32 26 19  - 31 28 36 44 24  4 21  -  - 13 20  - 25 27 15 33 17 10 12  1  - 18 38 41 11  9 40 16  3 43 46 23  - 50
 25 49  - 27  - 46  2 36  6 16 45 21 44 29 41  9 35 26 28 24 19  8 33  - 30 43 39  -  5 11  1 23 34  3 32  -  - 37 47 13 40 15 50  7  - 31 17  -  - 12
  - 25 48 10 32 45 28 42 49  - 38 30  - 21  - 33  8 11 40  - 41 36 17 18  -  -  -  - 43 47 16 29  9 12 31 19 20 24 35 23 15 34  - 39  7 22 44  3  5  -
  - 33  - 12 50  7  -  3 46 18  8 29  - 37  - 23 49 43  -  5 10 26 38 41 32  4  6  - 35 40 34  - 19 45 27  -  1 21 20 47  - 30  2 28 44 39  - 22 14  -
  7  - 50 22 33 18 13 23 26 17  - 34  2  1  4 11  -  - 12 37  9 39 42 14 19 30 15  -  - 38 41 28  8 49  -  - 27  - 21 24 32 40 48  -  - 10  - 16 44 25
 28  -  - 35  - 10 22  - 30 42  -  9  - 17 32  6 46 37  - 13 26 31 14  - 20 16 43 50  4  8 44 34  - 11 45  -  3 48  -  - 19 24  - 36 33 21  7  - 39  -
  3 29  - 40  2 21  - 12  - 39  -  -  - 18 17 35 48  5 11  1 31  9 45 16  7 28 33 32  - 30  4 25 46 26 36 41 44 23 37 42 20 14 38 34 22  -  - 27 15  6
 27  - 24 43 16 50 42 15  1  - 44 17 41 13 12 26  5 48  - 19 22 14  8 31 11  - 38  -  9 29 36  - 28 20 30 49 45 32  - 25  2 23 37  6 46 33  -  -  3  -
 37 40 18 39 46  -  -  7  -  - 12 28 19  8 13  1  6 14 22 33  -  5 48 10  - 17 47  3 21 49 42 26  4  9 24 36  - 15 16 45 31  - 43 30 27 34  - 11 35 29
 40  -  - 45 36 38  3 35  2  - 27 14  8  7  - 46 41 34 26  - 21 49 22  5 31  6  1 12 23 48 13  - 16 37 39 28  - 47 24  -  4 43  - 10  -  9 11 29 20  -
 43 46  - 31 30  6  9  - 32  -  1 45 27  -  - 13 37  - 14 18  4 12 24 19 15 11 42 33 20 28  8 21  2  5 23 26 41 34 10 29  7  -  - 25 39 48 50 47 22  -
 30  -  -  - 26  9 32  1  3  - 28  - 18 42  6  - 16 40  - 48 39 37 19  4 21 50  - 47  - 24 49  - 31 46  7 23  - 38  - 27 34 45 29 41 43 14 22 12 33 10
  5 16  7  2 15 27  - 39 11 31 41  -  1  9 48 22 32 29 37 38  - 19 23 34 13 36  4 44 46 42 47  -  3 28 43 10  6 40  -  - 17  - 21 50 30 20  -  - 18  8
  -  6 20 18 34  - 23  - 28 11 31  - 10 15 29 30 33 45 44 27  8  -  9  3  - 24 40  2  -  - 35  -  - 14 47  4 26  - 42 49 36  1  7  -  - 37 38 41 21  -
 47  2  6 16 37  - 10 11 38 24  -  4 33 20  - 34  -  - 43 22 48 25 41  - 35 46 27  - 50 32 12  - 30 18 17  - 28 42  -  8 26  7  -  - 45  1 36 49 40  -
 31 15 46 13 29  5 27 17 19  - 50 36 39  -  8 18  - 22 38  - 44 20 16  9  6 23 12  7  3  4 28 45 47  - 42 25 10  - 11 43 41 49 33 24 34 35 30 14 37  -
 35 37 47  -  - 28 44 50 29 40  6 16  3 36 23 20 19 38 30  9 42 33 15 11 41 32 10 27  -  - 48 12 49  2 22 34  -  1 31  4 45 25 26 46  8 24 43  - 13  -
 23 38  8 37  - 12  -  9 41 48  - 25 21 14  - 24 13 44  - 42 36 50 18  - 47  1  7 46 26  - 20  5 33  4  - 22 43 49  - 17  6 32  - 31 28  - 27 40  - 11
 44 26 27  -  - 17 45 34  -  - 47  - 48  6 24 16  - 49 23 30  - 11  4 28  -  9  - 41  - 15  -  -  - 22  - 21  -  3 36  -  -  5 25 40 31  - 37  - 32 13
  -  - 39  4  6 34  - 33 24 36 40 42 25 27  3  - 45  - 41  7 37 38  - 12 17 48 21 13  -  2 32 10 35 30  - 43 18 14 44  - 23 26 19 47 16 46  -  1  9 28
  - 10 26 46 49 47  1 37 12 29  9 40 20  3 50  8 21  4 15 28  6 41 34 22  5 39  - 48 44 17 31  - 42 19 18  7 11 25 14 36  - 38 35 33 32  -  2 13  - 30
 48 30 41  1  9 11 39 19 42 34 49 43 50 25 36  2  - 18  5 31 14  7 28  -  4 40 16  -  - 45 46 22 26  6  3 24 33  -  8 21 10 44  -  - 23 38 47  -  - 35
 19  -  4 44  -  - 11 41  7 28 21 32 16  - 26 27 24 42  9 34 45 13 46  2  1  -  - 23  -  6  - 40  5 47 38 33 30 17 29  -  -  - 10  -  - 36  - 15 43 37
 13  -  - 41 38 42 47 10 31  -  - 19 22 32 20 25 50  3 39 16  - 23 26  6  9  -  -  -  - 44  7 35  1 43  2 11 24 33 12 37 46 27  4  - 49 40 18 34 45 15
 26  7  -  3 24  - 46  -  8  9 11 15  4 44  - 47  -  - 27 10 17 18 12 48 34  - 14 37 19 22  6 16 41 21 13 42 35 20 30 38  - 39 28  2 40 45 49  -  - 33
 12 19  2 29  - 35 31 45 23 27 22 41  7 40 11  -  - 39  1  -  -  - 32 30  - 14  - 20 10  - 18 17  -  - 28 47  -  - 34  6  5  4  - 37  - 15 33 50 38  -
  -  9  -  7 19 20 29  2 36 45  - 31 11 23 10  - 44 17 25  - 49  - 13  - 22 26 37 18 42 43  -  6  -  8 14 35 16 39 33  -  - 28  1 12 21  - 40 46 47  4
 46  -  - 26  -  - 49 43 37 10 16 22 29  5 14 40 30 25  4  - 15 45 20  - 28  -  - 21 33 35 24 42 44  -  1  - 12 50 13 34  -  6 18 23 17  - 31 32  2 38
  -  -  - 19  - 33 21  8  - 44 32 10 17 39 22 49 40 24 45 26  2 15 37 35 12  5  - 31 41 20 50 30 14  - 11  9 42  7  6  3 28 36 16 27 47 13 29 18 25  1
 18 48 35 25 40 19  7  6 22  - 36  - 34 38 28 31  - 12  - 23 13 46  - 26 16  3 24  8 14 33 10 27 15 41  4 37 17 43 39  5 29 50 20 42  9  - 32 44 30 45
 24 11  9 32 31 26 43  - 27 33 17 13 42 49  - 36  7 30  3  2 20 16 47 25 37 10 41 14 12 34  5 38  - 40 50 15 23  8  1 28  - 22 45 35 29  6  4 19  - 39
