2000
  -  8  3 34 35  5 18  - 27 29 12 46 49  -  -  -  9  - 21 50  - 25  -  -  1 20 38 32 10  - 16  6  7  2 17 15 23 24 33  - 30 31 13 36 48  4 43 28 47 39
 34 18 25 37 13  6 30  5  - 48  - 40 50 41 23 39 22 36 16  2  - 33 31  -  7 46  9  4 17 47 49  - 38 35 26  - 32 14 43 42 20 24  8  3 21 44 12 19 15 10
 15  -  -  -  2 32  - 37 21 20 29  -  - 23 46  - 12 45 28 14 24 50 30 11  -  6 10 18  3 27  - 19 25 34 47  9  5  -  - 33 36 39 49  -  -  - 17 22 16  1
 12  - 18  2 23  7 42 35  8 46  4 45 39 24 32  - 25  9 15  1 49 26 17 22 21  5 47 10 14 31 40 38 37  - 50 48 11  -  - 13  - 34 44 43  -  3 28 20 30  -
 11  - 17 10 49 50  - 48 39 45 28  - 43 31 30 27 38 37  -  4  6 15 23 25 42 40 41 35 16  9  1  3 36  - 29  -  7  8 32  - 19 14 20  - 34  - 21 46 33  2
 39 50  7  3 26  9 33 17 30  - 41 25  - 20  - 48 28  -  - 34  8 11 10  - 12  - 36 46  2 15 29 14 43 27  6  5 22 31 38 35 45  1 40 44 37 42 13  - 32 24
 17 29 12 42 33 14  1 38 36 15  7 19 22  -  - 25 45 11  - 21 16 46 20 31 34  - 44 37  - 40 28 35  8  - 24 49 47  - 39  -  -  -  - 48 41  6  2  4  3 23
 44  -  -  -  -  -  7 28 11  3 17  - 14 33 31 13  -  2 38 41 39  - 16 23 35 49 18 29 50  - 47 25  - 15 36 19  8 30  4 46 12  9 24 20 27 43 45  5  -  -
 35 44 31 14 32 15 45 34 40 41 25 24  1  3  -  4 18 38 43 23  - 13 33 39 19 26  - 11  - 29  - 47  6  -  2 10  - 42 21 28 27  -  7  9 20 22 50 16  5 12
 14  -  - 24  - 41 27  - 12  7  5 35 37  - 39 36 31  6 33 13 47 22 25  8 30 38 16 42 23 44 26  -  - 46 15  - 29  - 17 10  - 43  2 50 18 19  -  3 11 49
  3 36  - 30  - 23  - 26 37  -  -  1 12 49  8 34  - 15  6 17  9 19 46 44  4 27  7 24 45 43 10 21 35 18 25 32 38 20 28 31  5  - 29 41 39 11 47 14 42 16
 27 20 45 18 46 29 16 24  5 33 11 12  8  7 13 31  2  - 39 38  1 43 41 50  3 34 35 21  -  -  - 17 22 48 44 30  - 15  - 25 49  - 28 47  9 32  6 40  4 26
  - 35 37 16 50 36 47  2 41 49  - 27 34 30  5 45 14 10 17  7 33  4 24  6 22 11 43 13  - 26  -  8 28  - 39 44  - 38 42 21 15  - 46 32 19 29  1 25  9 31
 26 40 44 46  -  -  3  6 15 24  - 39 36 12 25 20  - 14 32 27 34 10  4 48  - 21 30 17 33 41 22  -  - 47 37 42  9 18 50  7  - 45  5  2 38 23 19  1  -  -
  - 25 20  6  1  - 32 42 19 44 39  - 23  8 21  - 35 28 34 18  - 36 26  4 38 50  - 15  -  - 43 46 13 29 16 22  - 41 47 30 31  2  - 49  - 37  -  7  -  -
  -  3  - 15 14  2 21 45 20 38 36 18 11  -  - 22 34 31 25  - 13 48 43  - 17  - 39  -  7 32  5 29 44 50 28 40 35 16  -  9  1 33 19  - 23  -  - 30  6 41
  8 23 38 35  4  - 37 16 26  -  - 30 28 29  7 46 49 50 10  - 21  1 44 24 41 45 11 20  - 42  - 22 18 14  9 27 13 43 34 48  2  5 31 17  -  -  3  - 40 19
  6 10  - 49 31 18  5 22  4 36  3 47 41 27 20 37  - 21  9 29 19 16  7  - 15 44 25 45 34  -  -  2 33 13  - 17  -  -  -  1  -  - 12 24 35 26 42  - 38 30
  - 30  - 50 18  8  -  1  2  4  - 36 44  - 22 43  5 12 14 40 20  3  6 42 23 17 13 26 27  - 35  - 41 25 32 33 19  -  7 16 34 47  - 38 28  - 11  - 37 45
 33  4 43 44  -  - 12 27  9 21 47 34  -  6 10 38 23  5 50 25 29 41  -  -  - 13 28 22 35 20 36 30  -  - 18  3  1  -  8 37 24 16 17 11 45  2 46 42 19 14
 49  6 14 19 29 30 41  3 25 43 46 22 17  2 27 23 48 24 35 44  4  -  9 45 32 28  -  5 31 10 39  - 34 12 38 37 21 40 11 50 47  - 36  7  1 20 16 33 13  8
 20  9 47 31 12 35  - 46 24  - 30 29  2  - 14 26 21 22  7  - 36  - 13 38 11  1 48  3 42  8 15  -  - 49 33 43  - 39  -  - 10 18 27 45 40 25 44 41 17  -
 43 48 46 32  -  - 20 19 35 50 13  2  -  -  -  8 41 26  -  - 42 31 45 33 28 47  - 27  6 38 25 36 30  5 21  - 10  1 23 17  - 40 14 34 49 12  - 37 29  7
 18  2  -  -  -  - 39 12  -  5 20 43 40 10 29 32  8  -  1 16 25  -  - 17 37  9  -  - 41 49  3 44 26 31 34 21  - 23 15 36  - 46 45 13  - 35 30  -  7 38
  - 46 24 12  - 33 23 15 13 37 21 16 10 28  -  -  6 27  8 48  7 29 22 41 39 35 45 19 49 14 11 34 17  - 40 31 26  - 25 38  9  -  3  1 43  -  5 32  -  -
 32 31  -  - 37  - 24  -  - 22  1  -  - 25  - 17 19  -  -  -  -  5 40 47 18  2 33  7  - 34 44 20 45 21 41  -  - 10 13 43 26 27 38 30 15 16 23  -  8  -
 19  - 13 47 30 17 22 11  1  8 14  9 16  5 15 41 40 20  - 45  -  2 34 10 48 42 21 43  - 12 18 23  3  7 27 24 39 35  -  6  -  - 50  -  4  -  - 31 46 33
  - 38  1  9  5 20 46  - 49 12 26 14 30 17 40  -  -  -  2 42 41 27  8 29 10  - 50 31 24 19  -  4 11 28 48 25 44 36  3 22 21 32 16  6 33 45  - 34 18 15
 38 33 27  - 24 34  -  - 46  - 16 10  9  -  6 29 32  - 12 36 48 21 14 15  8  3 31 40  4 13  -  5 47  1 49 28 20 37  - 45  -  - 23  - 25 30 41 17  - 43
 50  -  5  - 15 40 17  - 22 14 44  - 48 34 16 24 10 29 11  - 38 23 39 27 47  -  -  6 20 18 32 26  - 42 30 13 36  9 12  2 35 49 25 37  - 41  8 45  1 46
  - 28 50  -  - 22 13 29  - 35  6 38 21 26 49  5 15 47 36 37 12 44  3  - 14 18  - 39  -  -  8 33  - 41 10  4 43  -  - 20 17  7 32 42 31  9 48  - 27  -
  -  -  - 21 34 13 15 20 17 31 37 44 35  -  -  - 46 25 18  5 27  7 29  - 40 19 32  9 12 16  - 43 24 10 23 45  - 50 22 49  8  6  - 39 47 14  - 38 41 48
 21  - 10 26  3 24 11 36  - 30 34 42  6 19 35 12  7 40 49  9  - 39 27 16  2 25 46 38  - 28 41 18  4  8  1  - 17  5 45 29 14 15 43 33  - 48 31 50 20 37
  1 26 33 38  9  - 25 39  -  -  -  5  - 50  3 21 27  -  - 47 43  -  2 32 36 30  - 34 29  6  -  - 12 11  - 16 41  - 19 15 28  - 35 22  7 40 20 18 23 17
  4 15  9 29 28 39  6  8  - 19  -  - 26 21  -  1 42 33  5  3 10 37 50 46 44 36 23 16 43 24 31  -  2  -  - 35 34  7 30  - 40 25 48 27 17 18 22 49 14 11
  -  - 34 17  - 38  - 33 42  6 48  - 45 15 18 11 24  -  - 30 37  - 36  - 27  7  1 44  5 22  2 13 23  9 35  - 31 25 46 47 50 12 39 28 10  8 29 26 43  -
 37 41  2 40 38 42 36 30 18 23  8 28  - 35 11  3 29  - 48 33 31 17 32 19  - 15  4 50 22  7 27 10 39 45  -  - 24  - 16 44 43 20  1 26 14 46 25  6 49  9
 36 47 15  1 42 49 31  7  -  9 19  4 33 45  -  -  - 17 30 26 22 40 21 13 29 41 34  - 38 35  6 16 32 43 20 14 27  3  -  8 46 23  -  -  2  -  - 12 24  -
 47  - 41 28 21 37 26  -  6 17  -  3 24 39 38  - 36 48 45 35  5 30 18  7 50  - 20  2  - 33  - 31  -  - 11  8 25 19 49 40 32 13  4  -  - 34 10 43 22 27
 28 17 30 43 40 26  - 41  - 34  - 15  7  -  -  -  - 16 46 12  2  - 11 49  - 24 14  1  - 37 48 45  5  4  8 29  6 22 31  - 25 19 42 21 50  -  - 23 39 18
 45 13 16 41 22 46  8  9  7  1 42 49  5 11 34  6  -  4 47 32 44 38 12 43 20 14  - 48 19 30 21 50  -  - 31  - 37 33  -  3 23 29 18  - 36 28  - 39 35 25
 13  7 39 45  6 19 10 25  3 40  -  - 18 37 47 49 44 43 41 20 15 14  1 21 33 12 17 30 28 50  - 27 48 32 42 36  2  4  9 24 16 38  - 31  -  5 35  - 26 22
  7 49 19 13 47 43  9  4 48 16 22  - 27 40 24 30  -  8  - 15  - 12 35  -  6 31 29 28 26  1 33  - 14  3  5 50 18 45  2 11 37 41 21 46 44 39 38 10 25 36
 25  -  8 48  -  3 34 49 43 11 15 31 20  - 28  7 13 30 19 10  -  - 38 36 16 39 42 33 21  5 45  9 50  6  4 23 40 46  -  -  -  - 26 18 12  - 37  2 44 47
 41  -  -  5 43  - 38  - 23 32 50  - 29 46  - 16 11  - 27 22 14  -  - 35 25  -  3 36  -  4 24 28  - 17  -  - 33  2 20 26 18  -  6 15 30 31  9 13 12 21
 10 19 11 25 41  - 14 47 34  - 45  - 46  4 43 15 26  - 29  8 30 35  -  2 24 33  5 49 13 17  9  7 42  -  -  - 16  6 36 12  -  - 37 23 32 27 39  - 31 40
 29  1  -  - 39 16  2 18 31 27  -  6  -  - 33  -  4  - 13 46 26 45 37 12 49  - 40 41  9 21 50  - 10 44 22 38  - 17 35 34  7 28 15 19  5  - 36  8 48  -
  5 16 49  7 17 21 29 43 50  2 31 33  3 38 41 10 30 18 37 19 32  9 28  1  -  - 12  8 25 23 13 24 27 26 14  6 15 34 44  -  - 35 47 40  - 36  4 11 45 20
 30 37  - 27 25  - 28 14  - 39 10 26  4 16 36 42  - 46 31 43  - 47  5  9 13 48  8 23 11  2 17 15 20 19  7 18 49 12  6  -  -  - 41 29  -  - 40 35  - 44
  9 21 23 11 36 25 48 32 28 10 40  8 38  -  -  2  -  7 20 31  - 24  -  5 45 37  6 47 30 39 34 41 46  - 19  -  3 26 14  - 42  -  - 16 29 17 15 27 50 35
