2000
 31 49 28  4 37  1 40  -  - 32 22  -  -  7 43 36 24  - 48 39  5 10  3 19  -  2 21 41 30 23  - 17 46  - 26 29  - 38 16 47 42 14  - 45  -  9  -  8  - 18
  - 14  -  - 13  2  - 11  3 10  8 45 43 24  - 25  - 50 12 19 15 18 33  -  4 26 28 21 35  7  6 42  9 30  5  - 40 32 31 17 44 27 49 37 34 47 39 16  - 29
 12 35  2  3 16 32 29  - 27 17  - 38 42  -  6 50  - 22 46 10 23 39 31  1 14  - 13 25  8  - 36 30  - 15 43 48  -  -  9  - 33 40  7  5 24 11 20 19 18 37
 30  8 40 21  7 42 34  3 25 16 11  - 50  - 47  4 10 28 44 48 29 23 26 43 36 15 27 20 24 46 41  - 17  -  2 45 39 49 33  - 35  - 38 22 14  6 12 18 32 13
  2 41  - 11  4  - 27 26 43 12 38  - 23  8  - 19 25  - 47  6 42 29 14  5  -  -  - 34 44 50  - 22 48  9 40  - 45 15  -  - 20  - 32 18  3  - 31 46  1 36
 22 43  - 12  8 36 30 17 15 13 40  -  - 18 27 24 21 25  -  -  1 28 16 23 11  6 33  -  9  - 10 32 29 44 31  7  - 50 20  -  - 47 26 41  - 49  3 34 14 46
 42 12 11 36 34 19  - 28 40 48 17 14  - 27 46  - 26 18 33  -  - 25 29 35 44 13  -  7 47  -  3  - 21  5  - 41 43 22 23  8 49 16  -  - 45 31 38  2  -  9
 24 46  -  7 49 27 22  -  6 29 16 10 13  3 38 48 44 47 26  - 32  8 23 34  -  -  1  - 11 40 15  - 50  - 36  - 33 39  5 21 43 19 42 25 28 17  4 20 41 45
 32  - 14 23 35  -  - 20 26  7 31 40 34  - 30 42  -  - 39 27 47  9  4  8  5 28 22 18 12  1 16  3 37  - 45  2 19  6 36 29 50 44 11  - 46 48 24 41 43 10
  3  9 12  8  -  - 20 10 16 23  -  2  5  - 22 14  - 24 30 37 19 32 11  6 49 34 15 36  - 17  -  - 40 41 18 33 48 42 28 35  1 46 47 21 44  - 50 13 29  -
 41  - 23 37  1 30 18  6 33 27  4  - 15 49  -  - 32  8 29  7  - 35 21 22  - 36 48 45  3  - 39 24 44 25  - 42 16  - 19 12 31 38  -  - 26 14  -  5 11  -
  4 32 48  -  9 20 14 21  - 11 15 35  - 12 31 39  1 29 45 34 41 13 44 46 50  3  - 38 16 18 40  6 19  - 30  - 22  - 49  - 26  -  - 43 10 27 47  - 23 33
  1  - 17  - 19 28 41 23 11 40 49 48 46 34  4 15  9  -  5  8 24 50  7 37  - 42 20 39 18  - 26 36 12  3  -  - 47 44 45 32 29  2 16 30 35 38 43  -  - 14
 33  3 16 47 42 46 31 32 48  2 27 49 38 35 40  - 15  1  - 44 26 43 10  -  7 19 14 24  -  - 45  9 25 13 39 11 20 29 50  6 37 30  4 34  - 22  -  - 28 23
  - 13  8  - 40  - 23 42 49 31 29 17 21  6  - 11 36  -  7  1  - 33 24 25  9  -  -  5 27  2 14 28  3 47  - 12  - 30 26  - 32 35 10 16  - 15 18 50 39  -
 17  -  -  - 45 21  -  - 46 44 10 22  -  -  3  6 41 23  8 43 18  - 12  - 31 27 19 33 14  4  9 26 49 48 47 39 11  7 29 25 24 34  1  -  5 28 37 35 30 38
  - 33  -  1 12 50 19 24 17  6 14 47  - 31 23 18 30 15  - 25 49  - 46  4  -  - 45  3  2 13 43  -  7 22  9  - 42 35  - 39  - 41 20 28 37 44 11 36 16 27
 47 11  -  - 29 17  - 18 38  4  9 32  -  - 35  5  8 44 50 36 33 22  - 42 41  7 16 28 39 30  - 19  - 12 23  3 15  2 40 34 27 26  - 14  6  1 46 10 13 24
 48 16 20 32 38 18 26 39 44 45  -  8 31  9  - 37 42 49  2 46 34 19 28 47  -  5  3  - 25 22 33 13  4 29 27 35  7 14  1 43 21 50 40  6  - 12 10  - 24 30
 25  - 36 18  - 49  5 50  -  9  1 27  -  2  - 17 11  -  6 32  4 12 45 16 28 20  - 29  - 34 24 23 38 37 22  - 35 46  7 33 13 31 15 39  -  - 30  - 19 44
 19 36  9  6 15 23  3  1  5 39 24 28 45 32  - 27 40 16 17 14 22  - 18 50  - 41 34  - 20 11  - 35 13 38 33 46  - 10  - 30  4  8 43  - 29 42 21 49 12 25
  -  4  7 14  - 12  - 31  - 21 32  - 40 45 28  - 33  -  -  3  - 11 48 36  2  - 46  - 17 49  -  -  -  8  -  5 26  1 30  - 25 22  - 15 18 41 19 44  - 50
  9  -  - 50 36 31  - 13 39 24 23  -  - 10 49 30 45 43  4 41 40  - 42  2 47 33 29  -  1 21 17 34 14  - 48 15 32 19  - 26 28 11 22  - 16 35  -  - 38  8
 37 15 24 42 48 47  8 22 41  -  2  - 25 19 29 23 12 39  9  5 31 21 40 30 35 46 11  6 45 43 34 16 27  - 20  - 36 28 38  - 10  4 18 26 33  - 44 17  3  -
 21 50 10 35 44 16  -  5 20 26 30 29  9 14 36 33  - 17 41 38 37 46  6  7  - 47  2 19 42 27 11 12  - 23  8  - 28 25 32 24  - 13  3 49 15 18  -  -  -  -
 18 24 33 40  -  - 10  - 12 28 46 21  - 29 16  9 14  2 36 17  - 31  - 11  - 38  8 49 41 37  -  - 23  4  - 30 34 48 43 45  6 39  - 42 47 25 15 22 26  3
 15 18 42  - 28 44  6  8 29 41 25 30 17  - 24  3 47 45 34  - 20 37  - 33  -  - 50  1 49  5 21 39  - 16 46 10  - 36  4  7  9 12 31 11 38  - 14 48 40 26
  6  - 39 38  2 26 33 46 18 15 34 37 49 23 45  -  4 14  - 13  9  - 47 32 40  - 24 50  -  -  8 41  5  - 44  - 10  - 48 11 12  -  -  -  1  3 27  - 42 35
  - 34 44  -  - 25 43 48 47 18 20  3 35 22  7 12  2  5 31 30  - 40  1  - 45  -  - 15 29 36 42 11  - 33 32 19 24 41 46  9  8 37 17  4  - 10 26 38 50 16
 35 20 29  - 39 34 44 47  4  - 41 11 26 15 50 22 46 30 32 31 16  - 38 45 48 10 36 43  -  9 18 27 33 42 17  - 49 12  6  2 14 25 23 40 21 37  -  7  5  -
 10 30 34 31  - 40  - 25 28  5  - 33  - 37  - 43  3 11  - 42 48 26 17 15  - 22  -  - 32 44 50 46 16 45  -  - 29 27  8  4 41 49 35 19  -  -  -  1  7  -
  8 26 43 25  5 41 46 38 32 37 33  6 36 21  - 49 17  - 24 47 39 15 20 10 23 31  4 35 19 16 12  7 42 27  1 44 30 18 14 40  - 28  2 50  9 29 34  3 45  -
 38 31 19  - 21 35 11 40  -  8 12 41 16 26 48  1  - 37 43  9  -  - 34 27  3 45  - 22 46 25 30  - 10  - 28 17  - 23 44 14  2  -  6 47  -  - 42 39 49 32
 43  - 46 26 14 24  7  -  9 36  5 42 29  - 41 28 18 32 16  - 12 48 22 21  1 50 49 17 10 31  4 33  - 35 34  -  - 40  - 37 19  -  -  -  - 39 23 25 15 47
 13 19  5 46 17 14 35  4 31 22 48 23 39 16  - 45  - 41  - 29  2  -  -  9  - 18 47  -  - 38 20  - 30 28  - 27 25  - 11 15 36 33 24 44 40 34 49 26  - 43
 46 10 32 20 11  9 37 34 19 30 50  -  - 40  8 13  -  - 15 12 45 41 43 26  - 14 31  - 38  3 29 49  2 36 24  6 44 33 39 18 47  - 21 23 22 16  1 28 35 17
 11 23 22 29 47 37 49 30 45 14  3  - 18 50 10 31  - 26  1 33 13 27  -  - 39 43  9 48  4 24 38 25 28  - 16  8  - 21  - 44  - 20  5  2  7 32 36  6  - 15
  - 47 38 48 31  6  -  - 21  - 28  5 22  4  - 26  -  - 14 18  -  - 35  - 16 25 42 23  - 39 19  - 15  2 49 32 37 34 24 46 11  1 29  3  - 45 13  -  9 12
 14 42  - 16 33  - 38 43 23 34 35  - 27  1 19 44 39 36 28 45  6  4  - 48 24 11 25 10 21  - 32  -  8  - 37 40  3  9 15 31 30 17 13 46 49 20  7  - 22 41
  - 45 35 49 23 38 50  - 14  1  6 25 30 33  - 20 27 46 13  4 43  -  -  - 22  8 39 26 28 19 44 47 24 31 10 16  9  - 41 36  3  -  -  - 17 40 29 32  2  5
  -  5 41  -  3 22 16  7  2 50 39 20 48 36  -  - 31  9 10 26 14 49  - 28 43  -  6  -  - 32 37 44 35 34 38 23  1  - 12 42 46  -  8 13 25 33 45 11 47 19
 44  -  6 24 22 33  9 16 13  - 37 46 41 17 42 10 34 12 19  -  3 45 36 49 18 30 38 32 50  - 48 40 31 26  -  1 14  4 35 27  -  5 39 20 23  7 28 43 21  2
 39 37 27 13 26  7 28 49 36 25 42 24 11 30  5  2  - 35 40 21  - 38 41 31 32 23 10  - 48  - 47 18  1 43  6 50 17  3 34 20  - 29 33  -  - 46 22 14  8  4
 26 28 15 30 46  8  -  - 37  3 47 13  6 44  -  - 48 20  - 16  -  2 27 40 21  1 41 14  - 42 49 38 32 10 29 25  5 31 17  - 18 24  9 35  - 43 33  4 36  -
  - 27 25 34  - 10 13 41 35 33 43  -  1 47 26 40 37 48 22 49 21 14  8 20 19 39  5 31 36 29  - 15  - 11  3  - 23 16  -  - 38 32 46  -  -  - 17 42 44  6
 28  1  4  5  - 45 47 33  -  - 19 50 24 20 37  - 29  3 42 40 25 36 49 39  -  - 32 30 43  -  7 14  -  - 11  -  8 13 27 16 23  6 12 17 48  2  -  9 31  -
 23 38 31 45  6  3 12  2 30 42 21  7  8 28 25 16 43  - 20 22 11  5  -  - 29 32  - 40 34 14 46 10 47 39  4 37 18 26 13  1 17 36  -  - 50 24 48 15 27 49
  5 39 30 10  - 13  4  - 42  - 45 26  2 46  9 41 16 21 35 50 38 17 15 24 33 37 44 27  6 48  -  1 36 49 14 28 12 43 47  3  7  -  - 31  8 23  - 40 34  -
  - 17 21  9  - 11 32 37  1 35 44 36  - 39 12  -  6 40 27 15 30 47  2  3  -  - 43  8 33 45 25  - 18 24 41 26 13  - 22 38 34 23 14  7 31 19 16 29  4 28
  - 22  3 17 24 48 15 14 34 38  - 19 47 11  - 35 50 31 49 28  8  6 39 29 13  9 26 44  7  -  5  4  -  - 12 43 46 20 25 23 16 45  - 36 32  -  - 30  - 42
