2000
  2  - 33 37 25 48 11 10  - 38  7  - 29 31 47 19  4 14 16  -  8  - 34 32 28 18 43 42 22 35 30 12  - 27 44  3 50 24 46 41  - 49 40  -  5 13  6 36  -  9
 19 32 41 17 42  -  - 34  -  - 28 40 36 44  - 46  8 29 24 25  - 45 48  3 31  9 14  - 27 13 12 22 30 15  - 35 16  - 11  - 21  -  1 38  4 23 47  - 33 43
  -  -  - 12  -  -  5  - 16 26 44 22 19  - 21 39  -  4 31 15 33 37 17  8  - 29 46  3 43 32  6  - 40 20 18  -  - 42  - 28 49  7 30  1 36 24 34 23 38 47
 26 13 15 45 30  -  - 20  - 34 12 39  3  - 42 35 16  5 33 31 41  6 14 49  2  -  -  1 18 29 28 48 46 10  - 21 23 38  -  - 24 36 25  4  - 47 37 11 27 19
  -  9  6  3  - 32  8  - 49 41 16 25 40 12 13 17  5 26 34 18 44 20 11  - 43  4 50  - 48  - 29  - 39  - 42 24  - 31 35  - 15 27 33  -  7 36 23 47 14 22
 20  5 39 15  -  - 49 35 42 47  -  1  -  - 43  4 25  -  - 19 12 23 40 13 21  7 29 41  - 14 44 16 36  - 28  - 31  6  - 32 48 50  8 18 10 34 17  - 22 24
 42  -  8 19 14 11 30 47  - 18 35 26  5 17 40  - 27  - 22 34  7 38  - 43 50 48 25 13 10  -  -  3 31 49 20  6  4 21  - 37 45  -  - 46  -  - 24  - 36 32
 23 41  3  -  5  - 45 13 48 12 30  -  4 27 26 44 39 34 38  - 17  1  6 15  - 28 49 21 14  -  -  7  9 24 46 25 42 50 36 40 43 10 37  - 22 32 20  - 31 18
 48 24 14 31 10  9  - 22 43 16 26  - 42 15  8 27 13 11  5 36  -  2  - 30  7 50  -  -  1 45 25 46 32 38 41  4 21 19 28 23 18  -  - 29 17 44 40 39 35  -
 33 12 30  -  - 27  - 18  -  -  5 47 43  4 10 37  6 24 23  8 13  -  - 44 46 32 31  -  7  1 45 21 25 22 49  -  3  9 19  - 36 11 17  2 38  -  - 34  - 42
 27  - 23 18  8 44  2 26 31 11 46 16  - 20  4 25  7 17 15  - 45 35 47 37 19 42  - 43 50 40  1  9 33  - 38 49 41 28  - 30 32 14  6 13 34  3  -  - 24  -
 38  - 49  5 47  - 32 48  - 46  -  -  - 40 28 26  9 16 10 11 34 24  - 31 37 12 22  4 39 25 41 36 45  - 30 42  - 18 43 13 29  - 21 27  1 50  3  -  7 17
  1 25  -  8  9 16 34  - 33 19  - 42 35  2 31 12 30  - 29 44 21 40 24 39  5 41 18 28 11 49  3 37 14 13 15 38  - 46 22 27 26 32 20  6 50  4 48 17  - 23
 22 43 20  7 13 15  - 30 36 10  - 38  - 23 33  - 46 32 50 49 27 28 37  -  3  6 24  - 21  9 17  - 29 34  2 41  1  5 42 45 25 39 14 16 26 48 44  - 12 35
 29 18 12  -  4  - 33 40 21 39  3 19 28 38  -  - 17 44 46 16 25 32 22 42  1  -  7 24 15 10 23  8  2 35 48 43  - 45 34 47  -  -  - 14 27  6 26 20 50 37
 21  - 16 25  3 17  -  - 18 48 45 30 41  -  -  7 35 49  6 50  - 22 44 19  - 24 11 27 37 46  9 23 15 14  - 26  - 36 20 10 40 47  -  5 13  8 12 42 32  -
 13 40 25  - 29  -  - 12  - 32  2  3  - 50  - 47  - 48 36 21 49  4  -  - 39  - 26 11  - 19 31 20 27  6 34 33 38 22 17 43 46 45 23  -  9 42  8  7 18 16
 35 39 44 46 20 29 28 11  3  -  8 48  - 47 14 23 19 21  -  2 26 10  5  - 15 31  4 45  - 34 40  1  - 42 27 13 37 41 32 24  6 38 22 17 43 16 49 25 30 50
 39  -  -  - 31  - 46  -  -  - 19 17 45 36 25  - 38  9  4 41 48  - 50  - 49  -  -  2 13 26 21 15  5 12  8 32  - 40 18 42 14 34  - 11  -  7  - 30 44 28
 34 44 18  4 17 39 21  6 26 23  - 28 31  -  1 16  2 25 11 14 37  5 49 12 30 45 35 22 29  7 13 10 20 19 36 27 48  3 40 33 47  - 24 50 42 43 32 38 46 15
  - 20  4 24 36 45 19 25 35  1 31 10  - 18 37  - 23  - 28 38 42 43  - 14  - 22  - 26  8 33 47 49 17 46  - 48 30 15 21 50 44 41 39 12  - 27 29 40  - 13
 25 35 34  1 45 38  9 39 27 17 13 31 50  -  - 49 36  -  - 40 11  -  -  2 12 21  - 20 41 42 48 26  3 37 14 23 32 29  -  4  - 43  5 33 24 18 16  - 28  6
  5  - 29  - 35  - 25 37  - 31 27 41 44  1 24 30 34  8 40  - 20 21  9  - 36  - 28 49 47  - 26 38 43  - 12 16 17  - 39  - 10 22 45 42  - 33 14 48 15  -
 45 22  - 50 19  8 12 23 11  -  1 33 20  3 32 34 29  -  9  - 10  - 21 28  - 17 42 15 44 27 36  -  - 31 16 40  - 30 38 35  5 24 48  - 25 46 13  6  -  2
 24  - 13  -  6 47 43  5 32  3 14 36 49 34 11 50 22 30 17 46 39  -  -  1 16 44 41 19 25 48 42 27 10  2 23 45  8 37  - 38  7 28  4 15 20  - 21 31 26 12
  4 10 31  6 15 22 44  1  8 21 24  9  - 49 41 28 14 13 27  - 43 16 26  5  -  - 40  - 17  - 20 33 23 18 45 34 46 47 12 11  - 42  - 19  -  - 25  3 48 30
 36  -  - 48 37  1  - 17  - 29 18 43  2 10 19 20 42 33 35  - 32 47 46 40  - 15 21  - 26 28 14  6 50  - 25 31  7 13  3  9  - 12 38 34 39 49  4 41 45 27
 37 29  - 32 48 49 10  8 12 28 25  4  6  - 18  -  - 43 20 30 47 41  - 27  -  - 33  7 24 21 46 39 11  5 19 17 15 34 23 31 16  9  2 44 40  - 42  -  -  -
  -  - 21  2 23 46 18 41  1 45 42 24 25 11 30  9 43  - 49 39 31  - 28  -  - 34 38 36  4  5 10 50  8 32 22  -  - 26  - 15 35 37 27  3  -  - 19 13 47 29
 41 17 26  - 43  - 15 46 47  4 49  8  7 39  5 32 33 31 42  -  -  -  - 20 13 10 36 37  2 24 38 14  - 50  3 19 34 48 45  1 23 21  - 40 11 35 18 29 25 44
 16 30 17 33 28  - 50 15 39 43 32 44 22  6  9  - 24 12  2 20 38 25  4  7 10  8  - 31 34  -  -  5  - 29 11  - 14 23 49 18  - 13 26 35 19  - 45  -  3 40
 28 16 45 43 22 12 36  7 34  - 47 32  -  5 29 42 49  1 19 23 46  8  - 50 14 40  - 30 38  - 15 35  6 33 17  - 25 44 27 26  - 20 10 48 31 11  2  -  - 39
  7  - 46 40 11 24  - 29 23  8 10  - 39 35 36 13 28  2 32 33 15  3 18  - 25 27 30 47 42  - 43  - 44 17  6 14 19  1 41 34  4 48 12 20  - 45 38 50  9 49
 47 36  - 11  -  - 40 49 28 30 34  - 27 33 17 48  - 39 44  3 24  -  - 46 35 16 13  9 20 41 32 42 38 43 29  -  5 14  7  6 31 15 50 25 12  - 22 18  4 45
  -  - 36 34 24 18 13  - 19 42  - 45 12  - 23  2 32 41  7 43  5 29 10 25 27 14 37 39  9 31 22 30  - 44  -  8 49 11 26 48 17 40 35 28 15 20  -  1 16 38
 17  -  5  - 34  - 27 38 25  - 21 15 33 13 45 24 12 37 47 42  6 39 16 11 23  3 19 46 40 36 18 28 35 48  - 50  -  - 31  -  8  1  - 32  - 26 41 10 29  4
 15  - 27 49 44 13 39 14 29  - 40 46 30  - 50 45  1 42 26 24 35 34 23 22 11  2  - 10  6 18 16  4 19  3 33 37 12  -  5  8  -  -  - 31 41 25  7 28 21 20
 49 15 32 28 41 31 38 36  -  - 17 12 46 29  - 22  - 20 13  9 14 48 42 23  6 35 47 34  -  -  2  -  -  7  - 30 27  4 37  -  - 25 18 43  8  1 11 24 19 21
 11  1 43 14 21 25 42  4 44 27 29 50  - 16  - 38 37 22 12 48 40 15 31 33  -  - 45 18 32  6  -  - 49  9 26  - 20  8 10 19  3 23  - 36 28  5 30  - 39  -
 12 31 19  -  - 34 22 43 17 25  - 21 24  8 38 18 41 46  - 10  2  7  -  6 26 49  9 14  - 44  5 13  4  - 50 29 47 35 33  - 30 16  3 45 48 15 28 37  - 11
 18  - 38 16 12 40  4 21 30 36 20 34  - 28 22 15 11  -  - 37  - 13 45  9 24 39  5 29 31 43  - 47  -  8 10  - 44 17 25  3 27 26 19  - 14  -  - 49  - 46
  9 50 40 30  7 43  -  -  4 37 39  6 26 48  3 21  - 35 14 29 16 31 38 41 45 47 27 17  5 15  -  - 18  - 32 12 10 25  - 46 13  2 44  - 49 19 36 33 23  1
 43 26 10 21 39  3  - 28 45 13 50 29 38 37 12 14 18 19 25 17 30 36 33 24  - 46 15 35 23 11  - 40 34 16  1  9  6 27  2  - 20  4 41 49 47 31  5 32 42  8
 46 11  9  - 16 36  -  3 14 40  4 27 23 19 48 10 50 45 37  -  1 30  -  -  8  5  2 44 12  - 49  - 13 26  - 15  - 33  - 17  - 35 42  7 18  - 31 21 34 41
  - 42  - 22 27  -  6 33  2  - 38 14 13 21  -  -  -  - 43  - 36 17 12  - 18  1 23 25 16  8 50  - 37 41 47 39 45 20  -  7 11 19 46 10 35  -  -  5  -  -
 50 27  - 39  - 37 41  9  7  5 48 18 14 24  2  6 44 10 21 45 19  - 15 34 17 20 32 33 35 23  8 29  - 11 13  - 26  -  4 36  1 30 31 47  3 38 43 46 40 25
  8 28  2  - 33 42 23 31 38 20 22 35  - 14  - 41 21 50 48  4 29  -  1 45  - 25 44  -  - 30  - 17  -  -  7  - 11  - 13 39 37 18  -  9  - 12  - 15  5  -
 44  2  - 13  - 35 37 32  - 33 41  7  8  - 20 31 15 36 30  6  9 11  3 47  - 38  - 40 49 39 27 19  1 25  4  5 24  - 14  - 34 46 29  - 23  -  - 16 43  -
 31 46  1  - 40 23  3  - 37 15 36 13  -  - 27  8 47  -  -  7  - 44 43 17  -  -  6 12 19  - 34 11  - 21 35 20 22 49 24  - 50  5 32 26 30  - 39 14  2 48
 32 34  - 38 50 26  - 44 13  6  - 49 10 25 35  5  - 40 41 27 23 33  - 21 47 19 20  - 28 17  4 24 22 39  9  1 18  2 48 29 12  3 11  - 45  -  - 43  8 14
