2000
 40 25  - 42 23 50 20 39 18  6 43 47 26 35  -  7  - 44 49  -  - 29  -  2 28 34  9 10 33 24  - 21  8  - 11  - 38  - 19 14  - 32 30 16 36 48 22  -  5  -
 43 49  9 23 22 18  3 12 48  -  - 45 40 15 36  -  -  7  - 31 32 50 38 42  4 44 10 11  5 35 33 19 25  - 17 39  - 37 27 34 13  6 24 29  -  2 20 26 14 21
 10 22  8 34  - 29 40  7 44 47 20 49 19  3 45 50 24  -  - 33 39 21  6 25  - 11  -  -  -  -  9  -  - 23  -  5 15 28  -  -  - 18 48 35 31 42 41  - 26  2
 41  5  - 30 36 37 48 25 39  - 32 29  4  -  -  -  2 17 21 10 45 42 49 26  -  - 33 24 27 44 40 38  7 47 35 20  8 34 46  1  - 15 13 11 14  - 50 31  3 23
 42  9  - 21  - 25 34  6 31 36 38 50  -  - 17 15 37  - 26 16 44 22  - 19 49 18  3  1  -  5  2 45  -  - 28  - 13  7 14 41 29 27  -  -  8 46 30  - 39 48
 25 36 23  - 20 21 10  -  9  - 33  - 12 45 37  -  -  8 18  7  - 48  - 16  1 47 39 17  -  - 46 32  - 29  - 13 50 44 40 35 11 38 41 15  4 49  5  -  -  6
  -  1 43  5  - 44 14  4 10 42  3  - 35 30 12 16 39 40 19 36  9 18 22 47 32 25 45 48 37 38 31 50  - 21  2  -  - 11 49 24  6  - 34 17 26 29 28 15 46  7
 13  3 40 15  - 24  6  - 50 38 48 18  9  - 47  5  7 49 16 35 37 46 33 36 31 19  -  8 10 21 23  - 30 12 29  - 39  2  - 17 44  4 28 45 41 43  - 11 34  -
 47 42 34 48 30  4 13  8 29  5  - 36 20  2  9  -  - 50 44  3 23 40 37 18 46 15 14  - 28  6  - 10 24  7 22 45 41 43  - 12  - 11 16 25 21 31 49 17  -  -
  - 20 39 27 26 11 31 28 14  - 36 15  - 24 41  1  5 25  3  - 46 44  -  - 48  -  6 12 45 10 21  - 29 38 13 47  -  4  -  9 42 19 40  7 17 33 34  2  8 49
 30 29 25  8  2 41  - 17  1 14 22 28  5  9  - 34 35 11  -  4 15  - 20 21  - 26  - 33 24 18 50 37  - 19 39 46  - 32 45  7  - 36 23 49 27 40  6 48 31 42
 14 37  3 45 21 33  - 16 19  2 49 22  - 11  1  - 32 31 20 48  -  - 30 41  8  6 26  7 50  - 38 23 40  -  -  - 35 46 24 13  - 47  4 44  9  - 39  - 10  5
  - 30 45 35  6 13  - 15 49  3  5 19 41 22 26 24 42 34 11 14 29 12 48 10 50 23 38 39 46  1 27  8 33  - 16 32 44 36  - 28  9  - 31 40  -  4 18 43  - 25
 28  4 20 16  - 42 50  1 38 12  7 23  -  - 13  3 14  2 25 32 34  -  8 33  - 31 48 15 29 17 49 26  5 22  9 18 46 10 30 37 21 40 35 47 43 11 36 27 24 45
  -  - 10 13 18 28  - 30 42  -  - 34 16  - 21  6 31 20 50 24 19 39  4 40 25 48  - 22 23 11 41  - 49 37  3  7 32 35  2  - 36  1 45 12 38 14  9  8 33 44
 37  - 35  -  -  8  - 32 24 28 46  3 49 13 14 31  1  4  6  -  - 26 27 11 30 38  7  -  2  - 12 29 42  9  5 15  - 45  - 43 41 23 47 18 22 44 25 40 17 36
  -  - 19 44 49  3  8  -  5  -  4 24 30 21 46  - 41  9 13 17 50 37 26  - 33  -  - 34 35 39 25  - 18 11  - 23  7 16 38  - 47 12 43  - 20 10  - 14 28 22
  - 45  1 19 47 32 21 29 16 15 34  4 38  8 10 18  -  -  7 11 36  6  - 27  -  - 37 14  -  - 28 44  - 35  - 12 30 48 41  2  - 22 33 13 25  5  -  - 23 26
 27 47 28  -  8  6 32 35 36 34 12 43  -  - 33  - 38  5  - 45 10  3  -  -  2 49 30  - 17 50  - 31  4  -  - 11 48 21 15 25 24  7 19  - 16  - 40 13 18  9
  5 33 12  7  4  9 49 19  3 27 29 32 45 20 18 36 47 46 37  -  - 25  -  - 24 40  -  -  - 23 22 35 26  - 14  8 17 39 11 31 48  -  6 10  1  - 42 34 43 41
  7 40  - 43 34  5 38 48  - 35 21 13  2  - 29  - 12 14  - 19  - 47  - 31 23 50 16 42 41 25 37 28 10 18  -  9 45  -  4  -  - 30  - 22  6 15 46  3 36  1
  - 48 36 40 43  - 25 20 17 32  -  9  8 38 44 12  - 28 31 46  - 27 34 29  5 10  4 23  - 22 30  - 50 14  6 41 19 18 35 21  - 24 11  - 37  7 13 42 45  -
 31  -  5  - 17  - 24 41 46  - 45  - 34 12  - 43  6 29  - 21  -  4 15  7  - 28  - 40 22  2 14 36  9 49 20 26 42 25 13  3  - 39  1 23 48 37 47 33 16 50
  8 39 47  2 24 23  7 50  -  4 13  5 36 16  - 38 29  3 40  9 11 49 10  1 18 43 34 46 32  - 45  - 22 26 42 44  - 41 12 19  - 28 17  - 35  - 48 25  - 15
  -  - 38  4  -  - 46 40  7 21  6 27 24 33 42 32  9 22 12 26  3 35 50 23 47 41  - 16 19 45 20  5 14 36 30 49  - 29 48  - 15 37  - 28 44  8 43 18 13 10
  6 28 31  - 29 39 18 47 15  - 11  8 46  - 24 49 44 13 45  - 38  2  9 17  -  4  - 32  - 14 36  7 34 48 37 22 40 20 25 42  -  3 10  5 33  - 23  1 30 19
 45 26 50  -  - 38  4 34 28  9 37  2 44 36 48 11 13 30 42 47  1 31  3 24 21 12  -  5  - 40  - 27  6 41  -  - 25 22  - 33  -  - 14 43  - 23 10  - 29  -
  4 21  2 25  -  -  - 18 34 24 41 39 28  - 23  - 40  - 17  6 22  -  7  - 12 33  - 35  1 49 13 43 48 50  8 16  3 15  5 29 20  - 38 32  - 19 11 36  9 27
  - 24 48  6 25 40 26 33 45 11 15 35  7 41  - 28 43 27  - 18 20 23 19 44 14 36  5  - 13 34 32  3 37  8 12 50  2 42  -  4 49 46  -  1 30  - 16  9  - 47
 20  - 14  - 27 17 43 37 23 10 28 46 50 39  -  -  - 33 22  2 35  7  - 45  - 32 40 26  -  8 11 34 36 31 15 42 49 19  - 48 25 41 18  9  - 47 12  4 38  -
 12 11 37  - 45  2 36 21  8 13 24 26  -  6 34 35 16 47  9 27 14 15 18  - 44 29 19  -  7 33 43  - 38  -  -  3  - 40 10  - 30  5 49  - 42 22  - 50  1  4
  - 38  - 47 31 43  9 24  - 26  - 17 11  1  - 46  - 45  - 41 49  - 16 32  6 13  8 44 12 37 18  -  2 42 50 48 22  - 33  5 34 29 39  4  3 36 21 28 15 30
  9  2  6  3 35 12 29  5  - 49 39 25 43  - 40 14 11 32 27 50  4  1 17 48 45 37 46 31  -  7 19  - 15 34 44 10 23 38 22 18 28 33 21 42 13 26  8 16 20 24
  2  - 13 31  7 47 19 45 22 17 44 33 15  - 16 20 25 41 30  - 42 36  -  4 34 24 32 28  - 48 35 40  - 43 49  1 14  8 21  6 26  -  9 37 18  -  - 39 11 46
 46  - 41 26  9 36 35 49  4 45 17 42  1  - 19 40  8 39  -  -  7 10 32 50 38 27 29 43  - 28 48  - 44 16 47 21 33  5  - 22  2 13  3 31 11 24 15 23  - 12
 48  - 15 28 50  - 30  -  2 37  - 20 25 10 11 26 23 21 33  - 13 17 14  -  7  - 24 18  - 16  -  6  1 40 19 34 43  -  8 47  5 42  - 46 29 32  3  - 41 39
 22 41 49  -  3 16  - 10 35  - 18 21 27 34 30 17 15  6 47  - 48  -  5 13  - 39 11 37 40 43  8 42 20 33  - 24 26  1 50  -  7 14 46 36 12 25  2  -  4 31
  3 23 26 36  -  7 41 43 27 48  - 12 47 46 32 10 20 18 15 22  6 38 25 49 37 17 28  4 44 13  1 11 21  5 34  -  9 50 16  - 40 31  -  8 39 45  - 24 19 33
  - 19  4  - 46 26  - 13 33  8  - 38 21  - 28 29 10  - 14  - 47 16 31  9 43  1 15 27 48 42  5 22  3  2 41  -  - 24 18  - 37 34  7  6 40  - 45 30 35 17
 35 16 17 46  -  -  - 44 43  -  8  6  - 29  - 47 33 24 28 30 25  - 23  - 22  5 21 36  - 19  - 12 11 39  -  4 10  9  7 50 32 26  - 34 49 41 37 45  - 38
  - 43 24  -  - 20 45 38  -  - 25 11 14  -  -  2  - 10  1 49  5 33 12  3  - 46 41  9  - 31 44 48 19  6 27 17  4 13 37 15  -  -  - 30 28 21  7 47 22 40
 24  - 22 14 11 48 17  2 47 50 19 37 29 44 31 21 18 23 39 34 12  9  - 28 15 16  - 13 49 32  6  4 41  3 10 30 27 26 42 36 45 25  8 38  5  - 33 35  - 43
  -  - 42 37  - 49 23 26  -  - 27 40  -  -  -  4 48 19  - 13 31 34  - 15 10  - 44  -  6 41  7  2  - 30  - 29  1 17 36 38 46 16  5 50 32  9 14 22 47 28
 17  - 32 11  - 27  1 46  -  7 35  - 22  - 49 19 45 37  5 42 43 24 36  - 40  8 31  3  - 29  -  9 13  4  -  2  - 30  6 39 23 48 26 20 15  - 44  -  - 34
 36  - 30 33 28 34 27 11  6 40 16  - 17 48 35 45 22  1  4 38  2  - 24  5 41 14  - 47 43 46  -  - 39 15  7 31 29 12 23  -  -  9 42  3  - 18 26 21 49 37
 26 15 11  9 10  - 22 36  - 19  2  1 31 40  7 41  4 38  - 28 18  5 45 34 20 30  - 49 14 47 39 24 12 25 48 27 37  6 44 16  3  -  - 33 23 35 17  - 42  8
 33 34 16 49 39 19 42 23 25 46 40 31 10  -  2  9 30  - 48  - 28 11 13 38 35 21 50 45 20 26 15  - 17 44  4  6 24 14  -  - 22  - 37 41 47  3 27  7 12 32
 44 13  - 29 19  - 11 14 26 31  - 48 33  -  - 23 17 15 38 40  - 28 41  -  - 42  -  2 34 36 24 20 32 10  -  -  5  -  9 46  1 49  - 39 45 30  4  6 25 16
 18  - 46 12  5 30 16  3 37 25 42  - 48 17 22  - 49  -  2 20 40 32 21  8 29  7  1  6  9 15 34 39  -  - 23 38 36  - 28 26  4 45 44 19  -  - 35 41 27 11
  - 27  - 17 41  - 12 31 11 33  -  7 18 26 15 37  3 48 46  8 24 30 28 35 36 20 23 50 47  4 42  1 45 13 40 25  6 49 43 10 38  2 32  - 34 39  -  5  - 14
