2000
 48 14 31  5 27 49 36 35 12 21  9  6  - 39  -  - 24 46 16 11  -  4 38 45 13 41 25 22 26 20 15  -  -  -  - 34  8  - 30 44  3  - 29 10  1 23 50  - 18 28
 18  7  5  8 47  1  - 11  -  - 17 10  3 23  6 29 50 13 45 16 32 49  -  4  9 21 26 41 42  - 19 38 15 12 14 27 28 48  - 37  - 44 30 39  -  - 35 40 46 24
 15  4 40 37  - 44  3 32 25 34 43 24  5 19 29 31 39 27  1  8 50  9  - 23 26 35 16  - 11 13  6 36 12 20 21 14 47 45 22 28 10 49  -  - 38 46  - 18 33 17
 41  - 43  - 50  - 28 42 13  - 12  1  -  - 18 39 21  4  - 19 30 48 27 37  - 49 23  - 17 35  - 10 26 32 46  - 22  5  6  - 20 34 15 25 11  7  - 33 38 14
 10  -  - 46  - 26 12 19 48 27  2 31 50 16 25 17 33 37 20 23 15  3  - 47 35 43 41 18  8 24  1 45 34 44 22 21 38 11  -  9  7 32 40 14 49 29 39 30 42 36
 33 45 35 43 36 27  1  -  - 10  3 50 38  5 24 37  8  - 25 12  - 19  2 42  -  9  - 14  7 16 13 32 30 49 28  - 21 34 23  - 22  4 44 46 15  - 20  - 26 11
  6  -  8 21  -  -  -  2 44  -  - 48  -  7 41  4 16 11 29 31 38 32  - 35  - 47  -  - 34  1 17  - 13 40 49 36 19 28 10  - 45 30  9 22  - 18 27  - 37  -
  - 17 47 35  3  - 20 18 40  - 27  4 16 15 38 44 42  -  -  5 26  - 13 32 24 19 28 12  6 49 21  - 48 29  -  - 10  - 11 46 39  - 45 41 36  9 37  -  8 33
  -  1 49 28 42  4 23 10  -  8 47  - 40  - 34  3  -  - 12 30 45  -  7  - 21  - 48 38 32 50  - 27  9  -  -  - 15 33 43 35 37 18 17 24 46 20  -  5 41  -
 39 44 14  -  - 12 49  6 37 50 11 45  -  - 28 18 38 40 33 22 10 15 31 26  7 16  - 13 20  - 24 43 32 30  -  -  - 36 41 25 42 17 35 29 48 21  1 23 19  2
 19 41  - 17 45 50 21 13 18 11 16 22 26  3 31  - 34 15  -  4  - 46 35  -  1 14 27 33  -  - 36 24 39  5 43 23 25 20 29 42 40  8  - 32  6 30 10  -  -  -
  1 39  9 20 17 48 19 26 50 49 15 27 21 32 14 16  - 41 23 36 28  - 43 25  - 40  3  -  - 37  5  7 11 18 45 33 30  -  - 13  8 46  4  2 29 35 38 44  6 31
  -  3 36 18  2 14  6 16 28 42  - 34 45 44  - 46 32 20 19  -  - 43 47  -  -  - 13  9 41  - 12 48 22 26  - 29 49  7  -  5 35 37 38 27  8 25 40 11 17  -
  3 11 26 36 22  -  -  - 32  - 48 13 28  6  1  - 40  5 49  9 41  -  -  - 31  - 47 43  - 15 44 25  7 21  8 20  - 16  2 30 14  -  - 42 35 33  - 46 24 23
 27 28 22 12 11  2 37 25  5  - 23 26 49  - 45 20 44 47 35  6  - 16 29  - 42  - 19 46 39  - 33  3  8  1  7 40 14  9 32 31 18  -  -  - 34 41  - 48 21 10
 43 37 10  -  - 16 15 47 34 33  - 19 44 13  3  - 41  -  2  1 25 26 36  - 17 39  -  8 31  - 35 30 42 38 24  - 23  -  - 11 32  9  -  6  - 40  - 27  -  -
 26 12 50 25 35  - 27 15  4  - 46  5  - 45 32  1  2 49 17 20 31 44 16 24 18 13 39  -  - 40  7 23 19  6 48  -  3 22  - 33  9 36 37  -  -  8 41 42 14 29
  - 50 25 13  - 20 43  7 38 26  - 17 19 10 35 15 18 31 41 37 27 24 39 44 46 29 14 49 33 48 32  1  4  - 47 42 34 23 21 40  - 11  8 12  5  -  3 36 45  -
 28 33 20 42 24 30 32 40  1 14  6 47  -  -  - 36 17  -  9 27 44  5 11 10 41 50  - 16  - 21 22 29  3  -  - 25  7  8 46  - 15 12 43  4  2 34 19  - 49 37
 31  9  - 10  - 36 47  - 17 15  - 41  6 26  4 38  -  2 32  - 20 50  -  7 43 24 46  5 22 29 18 21 27 14 12 35 45 39 37 19 25  - 13 33  - 28  8 49 23 16
 30  - 12  7 40 13 33 31 47  -  - 32 27 29 49 19  -  - 26 28  1 36  - 21  4  2 15  - 10  - 23  5  -  8 44 11  - 42 16 38 41 20 46  - 39 50 17  -  - 35
  7 15 32 44 16 41 29 43 24 47 20 37  - 18 12 48  - 25 14 39  5  - 21  9 45 34 30  4  -  3 38 46 36 42 13  -  - 27 35 50 28 23  -  - 17  - 49  8 31 40
 20 31 39  6 49 34  2 33  -  4 42 40  7  8 10 32 13 48 18  - 37 29 44  - 19  3  -  - 36 22 28  - 21 24 30  1 46 38 45  - 23 15 41 35 12  - 43  -  5  9
 21 25  - 38 12 42 34  - 30 41 49  - 11 24 40 14 45  - 43 44  -  1 18  6 10 20 33 50 13  5 27 17 46  2 36  9  - 37  8 47 29 16  -  7 19 32  - 26  4 22
 29 20  - 48  8 18 16 14 46 19  -  2  - 42  - 30  - 45  7  3  9 31 34  5 39  6 37 35 12  - 41 22 50 33  1 15 44  - 17  - 49  - 25  -  -  - 13 21 10 26
 38  -  7 26 13  -  4  8  -  - 32 15  - 22 48  6 28  - 40 33 19 20 50 39  -  -  -  - 30 36 43  9 14 27 16 18 17  - 12  - 46 31  -  5  -  1 23 37  2 21
  9 42 33 47 25 24 31  5 41  3 39 38  - 34 19 10 49  7 37  - 13  - 28  - 48 44  1  - 50 27 26 11 35 46 18  6 40  -  - 15  - 22 23 20 45 14 16 32 30  -
 35 18 29 27  - 19  -  - 21 31  7 25  -  1 33 43 30 39  -  - 47 14 45 11 40  -  9 15 24 17 34  8 23  -  6  2 13  - 26 12 36 48 22 37 28 16 46 20  -  3
  - 34 30  2 31 21  - 22  - 24 45 14 17  - 23 35 43 10  - 29 16 12  3 41 50  5 44 40 27 46  4  - 49 15  9  7 48 18 13  1 47  - 36  -  -  - 11  - 25  6
 36 24  - 14 37 23 48 44  3  - 22 11 41  9 21  - 15 18 50  - 40 35  6  -  - 33  2 25 45 12 30 26 10 47  - 43  4 46  -  8 27 29  1 49 31  5  -  - 28  7
 22  - 45 50 15 28  - 12 23  -  1 36 31  -  7  - 26 33 21  2 49 34 19 46 37 30 20 17  -  - 10 44 47 43  4 48 39 14  - 32  -  -  -  -  9 42 25  3  -  -
  - 30 28 40 20  3  9 36 16 29 31 49  -  2  - 47 46 17 11  -  4  -  8  - 25  7 24  - 43  -  - 35 33 34 19 26 12 15 50 23 44  - 21 38 37 10 32 22 48 42
 25  8 38 31 48 37 17 21  9  2 14 46 15 33  - 12 19 16 30 42 34 23 24 27  - 18  6  7 28 32 47 39 41 11 35  - 20  - 44 36 13  3  5 40  -  -  - 50 22  1
 12 35 18 33 38 46 24 37 45 22  - 44 48 30  2 34 23 21  - 14 42 47  5 36  - 11 10 39 15  8 40  6 25  7  - 17  -  -  - 43  - 41 49  9 13 26  - 28 16 32
 44 40 46 15 14  5 41 39  -  1 19 30 34  4  8 24 31  - 10  7  - 22 32 12 36 17  - 21  - 18 37 28 16  9 26  - 29 47 27  6 50 43 20 11 33  - 48  - 35 25
 24 46  -  1 21 17 45  4 26  -  8  - 25  -  -  - 22 14 15 18 35  -  9 20 34 32 29 23  - 19 49 40  2 10 42 12 36 31  7  3 33 39  6 47 43 27 30 41 11 38
 50 43 34  9 44 10  8 28 49 18 26 42  - 40 20 21  4  - 46  - 22 37 23  - 12 27 31 32  1 25 14  2  - 13  -  -  5 29 38  - 48  7 11 16 24  - 47 35  - 41
 34 22 16 11 10  7 30  9 19 32  -  8 39 43 27 33  6 50 28  - 46 18 42 29  5 31 45 48  - 23 20 41 37 17 25 24 26 21 40  - 38  1  - 44 47 49  - 12  - 15
 37 13 21 41 32 29 44 50 20 23 18 43 22  - 46 45  -  - 48 47 36 42 30  -  3  1  7 11  4 33  - 49  5 28  - 39  - 12  9 14 24 26 27 31 16 38  6 10 15 34
  - 26 41 39 33 45 11 46 14  - 38 23  - 25  9  - 29 22  8 24  3 30 12  - 32 28 43  -  - 42 16  - 31 36 15  -  6  - 20 21  4 35  -  1 44  2 18  - 34  -
 11  -  -  -  4 31 25 38  8 12 34  7  - 49 16 28 20  9 13 43 48 33 26  - 44 36 22 42 21  2 46 37  - 50 10 32 27 35 39 41 17  6  3 15 18 47  5 14  1  -
 16 10  - 19 30 15 46 29  -  7  - 12 35 38  - 23 37  8  4 26  - 39 25 49 33 48  - 28 18 34  9 47 43 31  - 44  - 17  3 20  2 40 32 21  -  -  -  - 13  5
 17 16  - 34 29 38 10 24 35  6 25 21 43 14 42  -  5 36  -  - 11 27  - 22  - 46  4 31  9  7  8 33  - 39 41 37  -  1 48  2 12 50 18  3 30 13 26 15 47 45
  -  -  - 45 28  -  -  - 15  - 44  -  2  - 30  - 10 42 22  - 17 40 37  3 14 23  -  6  - 26  -  4 29 25 38  5  - 19 36 49  1 27 31 13  - 24 33 16 32 47
 42 32  1  - 34  8 13 30 10 16 35 28 23 20 47  9  3 24 39 46 21 17 48 38  6 12 11  2 25 31 50  - 44 19 37  - 33 26  -  7 43  5 14 45 27 36 22  4 40 49
  - 36  2 30 23 32  7  1  -  5 50  - 20 35 11 22  - 28 27 38  8 45 14  - 16  -  - 37 44  9 42 18 40  -  3 46 24  6  - 34 31 10 33 17 25 15 29  - 12  4
  - 19  6 24 43  9 42 45 31 46 10 35 13 21 37 11 27 32 36 48 14  2 49  - 15  8 12  1 16 30 25 34  -  3 29 38 41 44  5 22 26 47 28 23  -  -  7  - 50  -
 32 47  - 49 19  6 35  3 11 38  - 33  4 27 22  8 14 44 24 40 29 21 17 30  2 45  - 20 46 41 31  -  1  - 34 50 16 25  -  -  5 28 10 36  - 12  - 43  7  -
 47 38  3  -  - 22 40 27  7 13 36  9 14 37 17 26 35 12  6 10  - 11  1 31  -  - 42 29 19 45 48 16 24 23  5  8  - 41  - 18 30 25 39 50  -  - 21  - 43 20
 45  6  -  4 39 43 26 20 36 40 33 18 12 41  5 25  7  - 47 15 23 28 46  2 49 37 32 19 14  -  3  - 38 35 50  - 42 30 31 29  - 21 34  8  - 48 24  9 27 44
