2000
 34 33 40  - 37  - 17 29 35  - 14 28  3  5 20 13 41  2 22 12 36 31  6  7  - 10 46 27 24 50 38  1  9  - 32  - 30 44  4 21 16  - 48  - 26  8  - 25  - 45
 18 22 23  5 10  7 50 11 25 39 43 30 40 29  2 38  9  -  3 28 15  6  -  1 47 48 27 37 45  - 35  - 32 34  - 31  4  - 17 46 33  - 49 44 16  - 36 21  -  8
 28  4 14  -  8 36 34 41 12 40  - 35  2  - 32 29  -  - 17  - 44 10 38  - 33  1 21  - 15 39  6 30  - 46  -  - 47 24  5  9  3 16 11 26 45 27 23 49 31 20
 44 18  - 16 42  4 39 36  9 45 35  8 28 11  - 10  5 50 20 19 14 47 13 32  3 38  2 43 31 29 24 15  - 12 21 40 34  -  7 41 22 27 30 48 49 37  -  1 25 23
 26  - 13 30 16  5  -  1 44 48  2  - 17 21 15 18 36 23  - 41  - 12 34  -  -  -  7  - 47 45 49  -  - 50 19  3  6  - 42 35  -  4 38 40  - 20 27 46  - 33
 17  3  - 44  - 33 26 45 21 42 30  -  5 50  9  - 19 25 46 11 27 18  - 36 41 22 15 14  8 28 39 35 48  2 13  1 43 16 49 40 34 10 29 20 23 38 31  7 47 12
  5 46 34 22  -  - 25 50 45  -  -  9 10 16  - 12 30  8 48  - 18 11  - 33  4 39  6 36  - 20 23 24  7  - 26 27 49 13  - 32 19 17 40 42 21 31 44  2  - 14
 32  - 36  - 21  -  -  - 49  - 10  2 13  - 46 16 43 39 35  3  - 50 28  8 17  -  5 26 27 18 15 12 30  - 37 23 22 11  -  7 45 41  1  6  4 19 48 44  - 24
 41 17 11 35 31 12 15  -  8  - 28 25  - 40 29 26  6  - 19 46  -  - 45 21  1  - 18 16  -  7 20  3  -  - 24 10 42 23 36 44 27 13  -  4 34 33  5 37  - 49
 39 13 25 27 22 10 23 28 16 33  4  - 26  - 14  9  - 41 12  7 29 37 30 38 36  - 20  8  - 19  5 32  -  - 40 34  1  - 24  3 11 48 45 18 42 35  2 47 46 43
 24 20  - 25 11 42 36 19 32 29 50  - 27  9  - 22 23  5  - 13  6 15  - 39 14  2 38 44  - 46  3 48  4  - 17 33  - 26 12 43  - 30 21  - 28  1 37 41  7  -
  7  - 19 21 41  2 47  - 43 13 29  3 14 27  - 15 10  -  9  - 40 17 25  6  - 18 36 23 20 11  4 45 42  - 50  8 46 37 34  - 12 35 32  1 48 26 30 28 44 31
 33 41  - 43 20  - 24 16 28 18 15 48 35  -  8 49 26 17 21  2  1  4  7 22 10  - 23  6 34 13 45  - 38 42  - 37 29  9 44 36 50  -  5  - 27 25 47 14 40  -
 25  -  4  3  7 50 27 13 24 37 44 43 21 23 40 33 20  1 47 10 22 41 18 16  6 14 31  9 39 48 12  -  - 17 45 46 38 34 29  8  2 49 35 15 32  5  - 26 28 30
  -  - 26 20 30 44  - 39 15 36 19  - 45 38 11 35  -  7  8 25 37 14 17 46 50  - 10 42 21 49  - 28 33  - 47  5 13 29 32 27 23  9  - 41 24  -  - 12  4  3
 40 11 41 45  5 18 33 23  1  6 39 15 12 24 38 37  -  -  - 27 47 48 20  -  - 29  - 19 28 35 16 14 46 32 10  9 44 21  8 13 36  7 34  2  3  - 25  4 17 50
 48 37 16 10 26  -  - 33  3 27 34  7  -  -  -  8 49  -  - 39  - 46 22 24 42 17  -  - 40  - 50 47 12 44  9 15  - 35 28 38  1 19  - 23 14 45 32 29 11 13
  - 49 20 46 23  - 28  3  - 16 31 11 34 18 26  - 17 29  -  -  - 22  - 37  2  5  9  - 33 25 30  -  - 19 15 38 39 27 13  -  4  - 41 36  7 44  - 42 24  -
 45  6 35 38 14  - 40 32  -  - 24 21  - 46  4 42 31 36 33 50  -  9 47 29 48 34  3 15 30  - 41 27 37  - 28  - 12 18 22 17  - 11 16 49  - 43 39 13  5  1
  9  - 27  4 15 14 41 25  5 20 47 10 16 37  - 32 21 40 13 35 28 19 33 30  -  - 48 11 43  3 42 18 23  7 12  - 31 46 45  - 17  1  8 34 22 50 29  6  - 26
 30 12 22  8 25  - 21 37  -  5 32  - 15  7 27  6  - 35 40 36 31 23  - 49 44 43 39 13  9 17 11 42  3  1  - 29 20 45 19 10 28  2 46 16 33 47 14 18  -  4
  3  -  - 13 49 47 37 44  -  - 33 24  1 15  - 50 42 16 18  6 46 27 43 14 32 26 40 21  - 38 28  5  8 48 34 35 41 20 10 22  - 23 39 25 12  4 17 30 45  2
 14  -  2  9  - 45 22  7 48 49 36  -  -  - 33 30 47 13 42 26  -  5 11 35 12 40  - 28 46 10 19 43 17 25  - 32 21 38 16  - 18  - 37  - 15  6  - 50 41 44
 10 26  - 11 12 41 14 34 22 17  -  - 29 28  7  - 40 45 31 32 23 38  2 15 16 20  -  -  - 27 46  9 43 37 44  - 25 47 33  - 35 36 24 13  1 39  8  3  6 21
 35  - 45  -  4 29  9 47  - 15 26 36 30  -  3 25 32  - 38 23  - 33  1 18  5 21 43 50  - 44  - 13 39 11 41  -  - 14  6  -  - 31  - 46  8 12 16  - 34 37
 49 39  -  - 18  - 31 24 34  - 20 13 42 25 35 47  8 46 23  -  - 26 21  -  - 41  -  5 12 40 32 36 44  9  - 43  - 19 48  - 14  - 17 10  -  - 33 45  -  -
  -  8 33  7  9  -  6  - 10  2 25  - 49 26  -  -  - 20  1 44  3  -  - 42 45 30  - 46 13 31 21 38 11  5 23 41  - 48 40 34  -  -  - 14 36 24 35 32 50 19
  -  - 30 50  -  6 46  -  2 21 27 16 31 19 41  - 39 42 29 14 17 20 49  - 40 13 12  7 23  - 37 26  1 28  3 45 11  4 25 33 10  8 44 32  - 36 24 43 18  -
 20 43 48  -  2  3 12  8 39 46  - 37 24 36  1 27  - 22  - 40 25  -  - 45 11  6  - 47  - 21  -  - 34 31 14 30 23  -  -  4  - 26 33  -  5 16  - 10 32  -
 42  7 18 33 24 35 29  6 47 26  - 19 32 10 21  - 11 34 49  4 45 13  - 17 28  8 44 38  - 22 43  2 27 23 31 20 16  -  - 25 41  5  3 37 39 46  -  - 30 36
 43 19  - 18 40 38 35 27 11 24  6 47  - 32  - 36 28  - 10 34 12  - 16 26 46 33  1 49  3  4 31 21 20 41 25 39  8  5 37  2 48 14 42 45 29 22  - 15 23 17
 21 28 17  - 36  - 32 38 20  4  - 39  9  8 12 48  - 24  6  - 13  1  -  - 34 42 26  3 50 15 33 22 40 10  - 18 35  7  2  - 43 45 25 19  - 14 49 11  -  -
  4 47  -  - 48  - 10 26  - 35 21 23  6 22  - 31 45  3 34  -  7  - 50 28 37 46  - 33 19 16 44 25 18  -  - 12 17 49 43 24  8 39 13 11 30 29  1 27 20 41
 31 16  1  -  3 28 42 10 13 30 11 22  7  - 45 39 38 27 25 49 24 34 48 20 21 23 14  - 29 37  - 44  5  -  6 47 32  2 18 19  -  - 26  - 50 15 12 17 35 46
 47 32 28 31 46 20  -  2 30  9  1 42 48  4 44 34 33 49 15 29 41  3 24 40 39  -  - 12 26  5 13  7  - 36 11  6 37 22 35 16 21 18 50  -  - 17 45 23 27 10
 38  1 47 26  - 32 30  - 14  7  8 27  -  -  - 43  -  - 39 16 21 49 23 48 29 35  -  2 17  9 34  - 24  3  4 42 18 40  - 45 31 12 36 22 41 13 46 33 37 11
 46 23 39 36 44 13  5 17  - 12 16 20 18  - 10  7 35 21 24  1 11  - 42 47 49 15  - 48  4 34 27 37  - 43 22  - 14 41 38 30  6 32  2 28 31  3  9  - 26 29
 22 50  6 24  -  8  4 30 37 34  - 32  - 42  -  3 46 15 14 31  - 25  -  2  7  -  - 40 49  - 18 23 28 45 16 19  9 10 21 47 26 44 43  - 13 11 41 35 33  -
 36 21 12 17  -  - 49  - 29 32  -  - 44 14  - 46  3  9  - 47  2 42 39 11 35 24  - 18  5 41 10 33 13 16 48  - 28  8 31  - 30 25 27 38  6  -  4  -  - 15
 13 31 29 12 28 46 19  9 42 50 18 45 22  3 24  2  7 37 44  - 32 39 40 27 15  4 49  - 35  8 25  6  - 30  1 11 33 36 23  -  -  -  -  - 43 10 38 34 21 16
 12 14  -  1  - 24 45 15 26  -  - 41 11 35 25 44  - 10  4  - 43  -  5 34 22 47  - 39  7 32 40  -  - 13 30 28 48  3 27 42  -  6 19  - 20 18 21 36 49  9
 27 35  - 48 13 39  3 46 17 41 23 12 19 47  6 21  1  4 28  -  9  8 37 50 25 44 11 31 16 33 14  -  - 26  - 36 40  - 15 18 29  - 22 24  2 32 42 38 10 34
 29  -  - 40  6 48 16 12 38 14 22 49 46 13 19 20  - 30 37 43 33 45 32  -  8  9 41  1 36 42 47 11 10  - 35 17 26 50 39 15  -  - 18 21 44  2  -  -  3 25
 11 10 44 15 29 27  2 40 18  -  9 38  - 34  - 23  - 47 30 20 49 21  3 12 31 32  - 45 25 24  7  8 35  4 39  - 36  -  1 26 42 46  6 33 17 41  - 16 14  5
 23 30 50 32 39 25 11 49  -  8 13 33 43  6 22  1 14 12  -  9  - 28 35 44 18 45  - 17  -  -  - 34  -  -  5 21  - 42 41 20  -  - 10 27 47  7  3 48 29 40
  -  - 24  6 34 26 48  4 36  1  -  - 23 39 13  -  - 38 41  5  8 32 46 10 20  - 22  - 37  -  2 50  -  -  - 16  -  - 30 11 15 21  - 12  - 40 18 31 42 27
  6  - 43  - 33 30  7  - 46  - 42  1 47 20 49  - 27 32  -  8 50  -  9  3 13  -  - 29 14 23 22 17  2 15 18  - 19  - 26 31 24 38 12 35 40 48 10  - 36 28
  2 36  3 39 43 37 13 42 33  - 48  - 20  - 23 17  - 28 32 21  - 16  -  -  9 27 35 25  6 26  1  - 45 22 29 14 50 31 11  5 44 15 47  7 38 30 40 24 12 18
  -  - 21  -  - 49 44  -  - 38  3 17  -  1 42 11 13 48 27 37 30 24 10 25 26 19 45  -  - 12 29  4 41  - 33 22  5  -  - 14 32 40  - 50 18  9  - 20  8  7
 50  - 10 14 17 15  1 35 23 31 46 40 33 49 47  4 12 11 45 18 26 43 27  - 19  3 34 32  - 30  8 16 25 38 36 44 24 28  9  - 13 29 20  5 37 21  7  - 39 48
