2000
 14 31 46  8 15 38  -  -  - 42  -  7  9  1 11 10 35 20 50 45 32 49  5 34 30  4  2 22 27 44 41  - 39  3  - 24 12 26 23 25 40  - 29 36 28 48 37 16 47 19
 30 27 37 36 42  - 12  9 46  -  - 16 45 19  5  6 25 14 13  - 23 32  - 49  - 24  8 39 48  2 28 44  - 20  - 29 10  1  - 50  -  7 33 18  3 34 47 35 43 21
 45 50  - 21  9  - 26  -  7 19 24  - 36 33  - 18 48  - 20 11 13  -  -  -  8  3 32 14  5 37 49  - 10 38 29 31  4 22 16  - 41 47 43 44 12 25 23  -  6 46
 38  - 30  - 31 20 47 35  -  7  2 26 15 23  - 29 33 49  - 37 48  3  -  - 32 50  -  -  4 17 13 28  - 43  -  - 24  5  - 40 39  -  6 27 44 10 46  - 18 34
 18 15 50 23  4  -  -  1  - 43 36  -  5 37 22 32 38 34 31 14 17  - 24 48 45  -  -  6  9 21 27  2 25 41 30 47 13 49 12 33  - 26 46 40  - 11 16  8 20  3
  - 23  4 44 45 41  - 29 16 10 26  -  6 35  - 27  - 47 28 30 25  2 32  5  -  1 43  3 14 31 38  -  -  7 37 36  8 50  - 49 42 18 34 11 39  -  - 12  -  -
  1  - 21 24  -  - 34 17 10 22 45  - 20 25 43  - 47  - 37  4 31 15 19 28 39 14 11 42 13  8 29 18 32 33 49 23  7 12  6  - 38 48  9  - 50 40 36 44 35 30
  - 29 32 43 44  1 39 25  - 26 28 47 42  - 13 14 40  - 35 24 12  9 18  8  2  - 34 21 50 33 16 15 20 30  -  3 37 46 17  4 22 36  - 48 11  7  5 38 49 23
  6  - 13  5  2 16 48  4  - 44 10 42 23 38 24 49 17 31 43 22 33 41 25 35 21 37 27 32 18  1  3  - 29 26 19 45 40 15 14 39 30 50 36 28 46 20  9 34  7 12
  8 49 26 25  3 21 18 47 50 15 46 36  -  - 30  7 23  1  - 28  9 24 38 27 13 44 20 16  2 11 10 33 14 42 12 22  - 34  - 31 32 45 40 35 41 39  -  6 37  -
 29 20 15  2 12 35  - 11 38 39 49 37 28 34 25 46 18  - 14 44 43  8  1 26 17 36  6  4  -  9  - 24 33  - 16 13 41 19 27  3 21 40 32  -  - 42 10 23 45  -
 34  1 12 37 39 14 38 21  -  - 25  9 46 48  - 45  - 36 27  - 40 50  -  -  4 42  - 49  8 43 33  -  - 23  -  - 18 28  7 32  - 20  - 47 19 17 24 13  - 22
  2  3 25 13  5 48  9 19 14 41  - 18 32 44 20 34 31  -  - 16 15  4  - 38 50 27 12 28  1  - 21 40  6 35  - 37 29 23 30  - 46 10 17 33 45 36 11 22 26 43
 16 32 35 30  7  - 36  - 15 21 50 27 14 43 17  - 29  - 22  6  8 46 20 41 42 34 38  5 19 13 47 23  2 10 39 18  - 11 40  - 45  -  -  9 49 28 25  1 31 26
 20 39  - 12 14  - 40  6 11 33  - 25 47 17  -  2 42  8  9 43 27 36 28  - 37 46 44  -  - 10 31 26 30  - 50  5  - 13  - 19  1  3  - 38  4 21  -  7 29 41
  7 21 24  9 34 22  - 13  3 25  8 48 39 49 32 40 45  6  - 10 30 19  -  - 23 31  - 35 43  4 26 20 28 44  - 17  - 42 11  - 33  -  - 15 16 47 38  - 12 27
 32  - 38  7 13  - 50 14 44 35 42  - 40 39 26 37 16 25 30 19 10  - 17 18 48 15 33 45 41 36 23  4  5 47  2  9  - 24 31 12 34 27  -  - 43 46  1 49  3 28
 17  - 11 45  -  - 24 16  -  - 30 31 10  -  1  - 32 12 38  - 14  -  2 40 25  -  3 15 20 35 50 22 19 46 48 49 34 39  5 21 23 29 13  6 42 41  4 26  9 37
  - 41 39 27 21 47 35 42 48 29  - 30 19 31 40 15 36 44 10 46  1 43 26  - 14 45  7 18 33  5 34  3 17  -  - 12 23  2  -  -  4 49 50  - 20  -  - 28  -  6
  - 43  - 26 49  3  2 20  5  -  - 17 50 14 37 39 24 10 36 25 46 42 48  - 41 11 19 33 30 12  8  6  1 40 28 32 31 16 35 27 15  -  4  7 38 45  - 29 44  -
  4 48  - 40  - 11 41 44 19  -  7 20 33 26 34  8 43  -  - 17  -  -  3 12  6  2  - 10 31 49 37 25 47 18  -  - 46 35  1 15 16 38 21 22  9 32 50 14 28 29
 46 13  8 35 32 49 33 36  - 40 48 23  - 28  6 50  4  - 34  -  5  - 43  -  3 38 17  - 45 19  - 12 44 29 47 27 42 10 26  -  2  -  -  -  -  - 14 37 21  7
 48  7 22 17  6 24 44 39 37  - 34  4  - 12  2 30 27  -  - 38  - 40  -  - 16 49 14  1 11 28 18 32 41 50 42 21 47  9 10  5  3 13 15  - 36 23 43  - 46 35
  -  -  1 31 37  - 29  3 32 20  - 50 38 27 12  9 15 16 41 23 34 47  -  4 11 19  - 40 44 30 24 36  7  - 43  8  5 14  -  2 35 39 42 13 25 49 17 10  - 33
 36  -  3  6 43 42  - 46 31 24 33 40 17  - 27 47 34  -  - 12 22 30 21 25  5 26 15 41 37 50 39  7  - 14  -  - 16  - 45  -  - 32  2  - 10  4 44  9 19 11
 22 33 41 10 25 18  - 50 30  -  5  -  3  - 21  -  9  -  7 32  4 31  - 36 26 17 47 12 35 38 40 27 16  - 14 48  2  8 24 11 19 42 20  - 23  - 29 39 13 44
 39 42  - 38 19 37 31  - 18 17 43 34 24 22 48 36  - 45 16 26 47  -  - 30  9 41 21  8 32 20 15  -  -  - 27 10  -  3  - 46  5  4 25 23 40  2 12 50 11  -
 42 45 18 33  -  -  - 49 25  -  - 14 43 24 47 19 20  -  -  - 38 11 15 23 31  - 46  -  -  - 22 41  - 28 35  6  1 29 37 26 10  9  7 32 30 50 27 21 16  2
  -  2 43 41 22 27 10 31  - 48 16 11 13 20 50 23  - 24 12  7 39 26 34  -  - 32  -  9  6 40 45  5 36 15  -  4 28 44  - 18 17  8 47  -  -  3  - 25 14 38
  - 34 19 28  - 50 37 23 21 16 31 46 49 29 44  4 13  - 24 42 26 33 27 20 36  7  -  2 12 48  5 45 22 39  -  1  - 47  9 43  8 14 41  3 32 38  6 11 25 15
  9 19  -  - 29  -  7  -  -  -  -  6 37 21 16 13  1 35 23  8 45 12 39 10 15 20 31 38 26 32 42  -  - 36 11 41 27  4 48 44 25 34 49  2 33  -  -  3 50 17
 23 47  6 50 33 19 27  - 34 36  - 28  8 46 39 24  5 43 42 49  - 38 37 13 20 25 26 44 29  -  4 11 15 21  1  - 32 17 18 10 14 35 22 12 48  9  2  -  - 16
 33 38 20 34 46 25  3 37 12  - 29  8 27 30 36 44 41 23  -  - 16  1  - 32  -  - 50 48  -  7 17 47 31 11 22 15 45 21  -  6 28 24  - 42 26 35 49  5 40 14
 44  -  9 39 40 32 15 22 43 14 23 38 26 36  4 31  7 46 48 34 35  - 42 24  1 16 41 50 28  - 25 19 12  -  3 20  - 33 13  -  - 11  - 49  8  6 45 30 27 10
  - 36 31 46 48 45 43  -  - 47 40  5 34 10 42 38 26  3 11  - 50  - 30 15 44  -  - 20 21 14 19 16 24 22 32 39  9 18 41  1 13 17 23 29  -  -  -  4  - 25
 12  -  - 22 11  -  - 38 41 46  6 33  4 16  - 35 50 40 44 20  -  - 45  - 18  9 13 29 15 47  - 17  - 31 34 25 19 27 42 14 24 21 48 26  7  1 30  2  5 39
 47 10 28 32 35 31  - 24  9 50 39 41 18 11 49 12  8 37 33 13  3 14 16  - 19 48 30  7 42  -  2  - 21 27 40 46 36  -  - 20 29 44 38 45  5  - 34 15 23  1
  - 30 29 20  8  -  - 45 40  6  - 49 25  -  -  -  - 13  1 39  - 48 14 31 33 35 28 23 17 41 32 37 26 12 36  -  -  7  4 42  9  - 10 21 24 19 15 47  -  -
 50  -  5  -  -  - 28 26  - 49  4 44 48  - 10 21 12 38 32  1 19 25 47  - 24  - 23 11  - 27 36 13 42  -  -  2 22  - 33 41  - 46 14 31 34  -  3 43  8 45
 11 16 48  - 23 28 25 33 49  - 35 43  - 18  - 17  6 21 26 29  - 10  - 50 34  5 42 47 40 46 12  9  -  -  4 19 39 45 36  7  - 30  -  8  2  - 22 24  -  -
 26 14  - 15 41 34  - 12  4 32  - 10  7  3  -  - 21 50 46  5  -  -  9  - 28 29 22 13 24 39 35  - 45  6 31  - 30 43 44  -  - 19 37 17 47 33  8 40  2 36
  3  - 45  -  1  4 14 32 17 37 38 12  -  8 29  5 22  -  - 31  2 39 49  - 46  - 40 43 36  -  - 50  -  9  -  7 11 20 28 23 27 25 44 41 13 18 26 19 10 42
 10  - 23 42 16 36 19 34 22 18 37  - 11 32 46 20 49  -  6 21 44  5 13 14 12 39  1  -  7 29  9 30 27 48 38 50 26 41  3 28  -  - 45  4 31 43 40  -  -  8
  -  9 10  - 20  -  - 27 13  5  -  -  -  4  - 33  3 11 19 18  - 45 29 43 38  8  - 30 34  -  - 49 50 37 24 42 35  - 47 36  -  -  - 46 14 15  - 17 39  -
  5  6  -  4 50  7  - 28  8 38 12 39 22 42 45 26  - 30  2 47 41 37  - 19  - 21  9  -  - 25 14  - 40 34  - 44 15  - 32 13  - 43  3  -  1 29 31 18 36 24
 49  4  7 14 47  - 11  2 23  8  9 45 21 40 31 28 10  - 15  -  6 18 44 22  -  - 24  -  3 26  1 38 48 19  5 16 25 30 20  - 43 37 35 34  - 12 39 36 42 32
 19 37 33  3 38 40  5 18  6  - 15 13 16  9 14 42 39 32  - 48 20  - 35 44 27  -  4 24 25 23  7 31 49  1 45 26 43 36 50 22  - 12 28 10 21  8 41 46 34  -
 13 44 47 18 28 26  8 41 42  9 17  2  1  6 19 11  - 33 40  - 24 27 10 21  7  - 48 37 49  3  - 14  - 25  - 43 20  - 34 45 50  - 12 39 29 16 35  -  4  -
 41  5 14 49 10 17 45  -  - 11 19 29 12 47 18 22 37  9  3 27 21  6  - 42 35 23  - 31 46 24  - 34 43  4 26 33 38 32  - 30  7 28  8 25 15  - 13  -  1 50
 25  -  2 19 27 13 16 10 20  1 22 24 30 50  9 48 28 42  - 35 18  - 23  7 47 43 37  - 38  - 44 29 46  8 41 11  3  6  - 34  - 31 39 14 17  5  -  -  - 40
