2000
 39 40  - 18 44  3  - 24 37 36 28 11 34 16 47 29 46 35 49 22  6 38  9  5  -  - 41  - 13  - 42 17  1 30 21 15 26  7 32 12 50 45 10  8 33 27  -  2 23  -
 47 43 40 32  7  - 11 44 27  - 17  - 39  -  9 18 50 12 14 31 30 24 25  -  8 48 26  3  - 29  - 37 22 20 49  2 13 33 23 16 38  1  -  -  6 19 42  -  - 34
 32 50 33 25  6  8  2 11 14 12 18 26  - 42 15 37  -  9 41  - 36 27 49 43 24  - 16  - 40 46 10 39 19 21 38  - 22  4 17 34 48  7 20  3 28  1 29 44 47 23
 35 27  -  - 20 29  - 47  2 44  9  1 23  - 42 33 48 43  3 49 12  - 19  - 16 39 21 10 18 38 26 46  5  -  4 32 11 13  -  - 17 34 45  6 37 24 31 22 15 14
  - 16 48  8 45 28 36 27 49 13 25 35 50 12 21 32 44 46 11  - 17 39  1  3 47 26  4 43  5  - 14 23  - 37  9  6  2 20 42  - 22 38 19 40 31  -  -  7  - 15
  -  - 19  -  - 30  1 33 45 48 41 44  7  3 46 42 28  -  6 47 39 49 12  - 38 29 17 36 22 34 21 35 23 40 50  - 25 16 15 14 37  - 32  4  8 31 18 20  5 26
  6  - 28 24 30 17 47 46 23  2  -  -  - 45 41 25 20  1 36 26 40 34 33 31 37 21  - 18 49 11  - 42  - 12  -  - 35  3 44 29  9 10  8 16 15  5 32 27 39 50
 44  6  5  2 42  9 24 26  8 11 27 19  - 22 29  -  1 41 43  - 32 46  - 14 23 15  - 12 10 16 47 33 38 39 25 17  4 45 21 30 40  - 31  - 20  - 35  - 13 48
 34 45 46 17  2  - 32 31  1 28  -  4 14  - 10  - 38  - 40 24 25 33  -  - 35 50 42 27 12 15 29  3 21 36  5 47 16  8  -  - 20 19 26  - 48  - 30 18 43 39
  2 17 42 15 23 27 28  3 36  - 50 16  6  - 38 40 21 22 34 13 11  - 31 29 45 49  5 48 47 39 37 10 18  8  -  -  - 32 14 24 44  - 43 26 19 12  - 46  7  -
 18  -  -  6  -  - 19 38 13 39 45 47  -  5 11 49  -  7  4 17 23 42  - 20  - 41  2  -  3  8 24 30 43 50 28 27 10 31 33 36 21 44 29 15 40 46 26 12  -  1
 12  -  1  - 49 50 25  5  - 43 48 27  2 32 39 26 18 17 42  - 22 37 10 45 11  -  8 21 46 19 38  9 13 35 40 28 29 34 41  7 47 15 16 23  4  3 33 14 30  6
 15 46  7 12 39 14 21  6 17  5  -  2 28 11 20 31 22 26 13  - 49 16 35 48 27 33 18  - 42 43 34  - 29 44  8 24  3  -  9 40  1  - 37 30 23 50 41 25  - 10
 21 20  4  -  -  - 12 23 11 18  - 50  - 14 33  6  - 34 27 37  -  - 48 39  - 31 15 29  - 24 49 47 32 26  - 10 41  -  -  3 30 16 36 35 46  8  -  -  1  -
  5  8 44  - 38 47 10  1 21 41 14 42 36 33 25  3 13  - 19 40  - 23  - 16  9 27  - 17  -  2  - 18 39 28 29 11  - 43  - 37 24  - 50  - 45  4  6 34  - 12
  9  - 29 44 35 34  - 32 38  - 10 15  8  2  -  4 33 23 46 50 27 28 17  -  7 30 31 41  - 42 43 21 37  5 13 19 12  1 25 49 26  6  3  -  - 47 22 39 45 11
 20  - 11 42  3  -  - 35  - 26 39  6 41 43  4 16  7 45 37 34 47 32 30 17 36 46 25  -  -  5  - 29 28  - 18  8 49 50 27 38  - 24  -  2 14  9 12 10 21 40
  7 30 47 13  -  - 49  - 20 32 29  5 25 39 23 41 45 10 38 43  - 44 40 35  -  4 33 37 24  -  8 16  - 34  6  - 21  - 48 17 27  - 46  -  - 14  -  -  -  -
  - 12 34  1 50  5 41 13 32  -  2 21 19 15  - 48 14 29 44 38  8  -  -  7 25  3 10 39 35 23 18  - 33 42 31 40  -  - 26 46 36 43 24 49 22  - 20  4 16 17
 45  5 36 40  - 37 23 49 28  -  7 38 33 30 26 10  - 48  8 15  3  1  4 46 17 44 24 34  - 12 39 19 31  - 27 29 47 11 20 18  - 21  2  - 42  -  9 16 14 35
 26 15  -  -  8 35 16  -  6 37 24 20 11 29 50 28 40 44 32 36  9 17 34 30 22  1 38  - 21 18 13 48 27 41  3 43 19 46 47 25 14  -  5  -  7 49 23 31 33 45
 30  - 39 35 14 41  - 28 48  1 40 18 29 26  - 43  5 38 25 23  - 36 22  -  3  -  - 46 33 21 31 15  7 24 12 49 42 19  6 10 16  4 27 11 32 20 45 17 34 13
 38 44 23  - 48 45 17 21  9 42 30  - 47  - 24 35  - 36 31 12 19  - 20  8 46 43 29 14 11  4 33  -  - 49 32 39 18  -  - 22  6  - 15  -  - 16  5  3 40 27
 29 48 37 22 17 18  9  - 33  4  1 14 32  -  5 39  -  - 21 42  2  7 44 23  -  - 46 50  - 40  - 28 11 45  - 41  6 49 36  - 10 30  - 43 47 35 24  8 38  -
 46  -  6 34 15 40 26  -  -  -  - 28  - 35 49 27  -  5 33  2 44 30 11  -  - 20  1 16 31  9 50 43  -  7 48 13 32 41 19 47  - 22 14 17 25 23  - 38 29  -
  - 35 26 33 12 21 50  - 41  - 16 31 48  - 34 47  8 28  -  - 13 29 24  - 30  5  -  6 44  3 32 22 45 18  - 20 36 14  4  9 19 46 42  7 38  - 15  - 11  -
 13 24 15  -  9 38  -  - 18 45 43  - 12  - 36 17 26  3 16  4 37 35  5 19 14  6  -  7 29 27 41  8  - 32  - 50 33  - 28 48 11 42  1 31 21  2 47  - 46 25
 28  -  9 27 29  - 45  - 47  3  - 13 30 38 31  2 23 19 15  6 18  -  - 11 39 42  - 40 50  7  1 14 35  4 10  -  - 25  8 21 12 20  - 46  5 48 16 32 36 24
 48  -  - 37  - 16  4 40 24  -  6  - 20  - 30 23  - 31 45 33  5  -  -  - 43 34  - 15 25 35  -  1  - 38 42 44  - 29 46  -  2 47 13  - 49 18 28 21  -  3
 25  - 41  -  - 49  - 43 30 40 32  - 31  -  - 13 12 15 18 48  1 47  - 50 28  7 39  -  8  6 46  - 10  9  -  - 38  5  - 42 34 14 23 29 16 44 27 24  2  4
 22  1  3 39  - 13 48 12  4  - 49 30 38 47 14  5  6 40  - 41  - 20 18 28 32  2  - 45 27 44 16 24 26  - 11 31 34 42 50 23  7 33 17 19  - 43 36 29 25  8
 24 32 14 41 47 12 46  7 35 29  - 45 40 17 13 15 11  6  2  -  -  9 23 49 10  - 48 26 38  1 22 20 34 16 37 30 39 27  5 31  -  3 25 36 44 33 43 50 19 42
  - 11 12  -  - 42  - 29 50 20 46 41 45  -  - 19  -  2 47 16 10  - 32 33 40 38  6  5  9  -  - 25 36 22  7 23 17 15 24  - 28  - 49 48  -  -  - 37  - 31
 14 41 27 45 31  1  7 22  -  - 47 33 49 13 19 20  2 30 28 29 16 10  3  - 44  - 35 24  4 25 36 50  6 23 17 38 46  - 11  - 43  8  - 18 39 26  - 15  9 37
  1 49  -  - 43  - 18 19  - 23 12 39 37 48  6 14  9 21  -  7 46  8 50  -  2 10  3 44  - 45 20 32 47 11 33 16 27 36 29  4  - 17 34 38  - 40 25 42 22  -
 49  - 10 23  -  - 38  8 40 15 31 48  -  6 16 36 34 20 17 28  - 14 43 44 41 37  - 35  - 22  5 12 30  - 45 25  1 24  - 11 33  2 39 21  3 42 50  -  - 29
 50  7 38 46 10  - 27 48 34  6 20 29 21 18 35  -  - 47 12 25 14  -  2 26  - 13 36 49 45 37 28  5  4 31  - 22 24 40  1 32 42 23 41 44 30  -  3 11 17  -
 16 10 35  3  1 20  -  - 39 24 42 23  - 25  -  - 17 49 22 46  - 31  6 32 19 12 13 30 43 36 40 41 44  -  2  4 50  - 38  8 18 29  - 33 26 37 11 28 27 21
  -  - 18 31 22 32 13  -  -  8 34  3  - 19  - 12 27 24 50 39 42 21 16  1  -  9 11 20  6  - 25  2  - 17 26 48  - 35 40 44 23 28 38 41  -  -  - 43  - 47
  -  - 32  - 33  -  5 25 46 14 15 49  1  - 18  -  3  8 20  9  -  - 26 38 21 47 45 19 23 30  - 31 50 10 36 12 40  2 34 27 13 39 22 42 11 41 37 35 48 28
 43  - 21  4 34 24 31 50 25  -  - 12  - 36  2  1 35  - 48 27  -  -  7 37 49 17 40 11  - 13  - 44 15  3 23  -  - 18 22 20 32 41 28 14  9 10 38 33  8 46
 42  9 16 29 28  6  8 34  - 46  5 37  - 40  - 45 49 25  1 11 33 48 39 21 12 36 20 23  - 47  4 26  3 13 15 14 30 10 31 50 35 18  7 22  2 32 19 41  - 38
 23  4  -  7 27  2 30  -  - 50  3 24  - 46 12 38  - 42  9 32 31 13  -  -  1  - 14 28 41 49 15 36 48  6 44  - 37 39 35  - 25 11 18  - 17 34  -  - 20  -
 19 39 43 11  - 23 35 37 29 17 33  - 42 10  8  9 15 50  5 14 48 41 38  -  6 40 32  2 34 31 12  - 20 27  - 26 44 21  - 45 46 36 30  1 18 28  4 49  3  -
 33 36 20 47  -  4 44 14 12 34  -  8  9 31  3 22  -  - 23 45 43  - 29 42 50 28 19  1 16 17 35 27  -  2 41 46 15 30 10 26  5 37 48 13 24 38  -  6  - 32
  3 22 17  - 21  -  6 20 31  - 44 43 10 23  - 30 32 14 24  8  4 25 15 18 29  - 12 42 37 50  -  - 41 33 39  5  7 47 16  1 49  -  9 27  -  - 46 45  -  2
  -  3  8 21  5 19 33 39 16  7 35 32 26 49  1 46 24  4  - 44 41 40 42 25 20 14 27  -  - 28  2 13  - 29  - 18 31 23 43  - 45 50  -  9  - 36 17  -  6 22
 31 25 13 14 36 48  - 41 15 27 19  -  - 44  -  - 10 33 29 35  -  -  -  4 26  - 50 22  2 32 23 38  9  - 24 37 20 17 39 28  3  5  6 47  - 45  8 30 12 49
 40 21  - 38 16 33 29 30 22 31 11  -  3 50 17 24 47 37  - 18 20 15  -  6 13 23 34 32 14  -  9  -  2 19 46  -  5  - 12 43  -  - 35 45 27 39 10 48 42 44
 11  - 50 48  - 46  3 18  5  -  -  9 22 24  - 21  - 27  -  - 34 43 45 10  - 35 44  8  -  - 30 49  - 47 14 36 23  6 37  2 29 40  - 25 12  - 13 19  -  7
