2000
  4 32 48 49 22  5 41 13 43 44  - 23 34 10  8 12  -  6  -  1 36 45 15  -  -  2 31  3 24 11  - 47  -  - 21 42  - 16 20 26  - 28 29  - 30  - 38 19  -  -
 33  -  - 44 20 39 47 19 50 16 10 18 17  - 40 38  -  3 29 28  -  1 26 15 37 27 36  -  - 13  - 23  - 49 25 34 12 24  4  2 21  6 32  - 42 14  5 35  8 45
 36 10  -  - 14 11 29 48  7  -  2  - 15  -  - 40 27 24 43 37 20 34 17 49 18 31  - 30  - 39 26  -  - 19 50  5 38 41 21  1  - 23 42  - 13  8 25 47  6  3
  - 17 15  - 39 16 20 46 27 10 34 22 50  4 31 49  7  - 41 29 43 38  - 37 19  1  - 35 14 33 25 32 26 24 36 28 44 48  9  3 23 30  5 13 18  2  -  6  -  8
  - 43 20 48 15 40 36  6  - 35  8  - 30 46 39 34 45 19  3 49 23 32  4 13  -  -  - 21 47 27  -  - 17  - 16  9  - 12 41  - 22 10 44 50 25 11 18 14  - 37
 18 29  6 46 38 34 33 47 20 37 11 36 27 26 28 23 21  7  9 16 14  -  - 12 32 15 45 43 49  - 19 17  2  - 31 13 42 39 40 48  4  8 41  1 35 50  3 22  -  -
 11 24  -  - 10  4  3 33  - 47  - 19 36 37  - 42 26 40 23 27  - 20 44 39 30 13 48 22  5 17 28  7 49 18  - 50  8  - 16 38  2 41 14 32 15 45  - 46 31 21
 40  - 17 34  6 47 42  -  - 18 28 21 11 14 24  - 32  - 37 30  -  - 39 41  3  -  - 25  2 48 13 38  5  - 46 33 19 43 35  -  - 15 16  9 36  - 27 50  - 10
 35 47 25 22  - 49  7 37  - 38 21  -  - 42  -  3  8 18 26 46 27  4 28  9 20 39 32 19 30  -  6  2 33 41 10 24 14  5 36  - 11 44 17 23 40 48  - 31 50 34
  - 40  2 47 16 35 25 26  - 17 13 39 18  9 50 15  - 37 11 36 24 14 49 42 34 38 44  - 28  4 10  -  - 22 23 43 48 21  -  -  8  -  3 29  6 33  - 20 12 41
 16  - 46 45 34 10 48 44 30  - 36 17  - 27 42 33 37 49 50 26  3  - 18 19 21  -  -  6  9  - 31 41 28 13  2  - 22  - 23 11  7  - 20  -  5  4  8 43 29 15
 44 28 42 21 25 27 34 22  -  6  - 30 39  - 43  -  - 17  2 31  5 11  3  - 33  9  - 26 50 14  1 18 29 16 47  - 41  8 38 35 49 32 24 46 37 15 40 45 36  4
 29 34 33 39  9 26 15 36 18 32 45 41 43  8  - 13 16  2 47  -  - 17  -  - 10  - 20 44 31 22 21  5 23  -  -  - 35  - 12 24 37  - 27 30 38 46 49  1  7 19
 15 16 13 41  3 14  1 10 36 43  - 28  7 38 35 21 49 20 19  - 39  2  - 48 42 47  -  - 40 34 50  6 25  9 26 29 11 44 22  5 17  4  - 27 32 23 46  -  - 24
  -  - 16 14 46  1 23 50 49  7 27  8 37 35 45  5 47 22 44 19 11 31  - 17 38 10 39 18 15 40  9 33 12 34  6  4  -  2 30 42  3  - 13 36 29  - 32 28 24 48
  7 41 21 43  -  8  -  3 14 31  -  1  4 16 10  - 36 13  -  -  - 12 20 46 15 50  - 37 26 38  -  9  - 28 35 18 29  -  - 25 39 24 22 42 49 40  2 34 32 23
  6 23  1  4 50 41 43 39 11  - 37  3  9 31  - 24 13 30  - 44 19 25  5  - 22 17 29 10 20 49  - 45 48 14 33 35 34  7 32 12 38 36  8  -  2 27 28 26 15 16
 34 42 50  6 28 32  9 40 44  8  - 14 41  7  4 10  -  -  - 24  - 46  1 21  2  3 18 38  - 19  - 22 13  - 39  -  - 31 11 36  5 20 23 15 12 16  - 49 37  -
 24 49 29  - 31  - 32 25  -  9 26 10 42  - 21  - 19  -  -  6 17  - 13 38 28 30  8  5  - 12 20 34  - 36 11 44  -  -  3 33 41 45  7 14 43 22 47  4  2  1
  -  5  - 50 35 33  2 41 16 46 18 20  - 40 11  7 38 45  6  - 13  9 19 44 24 28 27 47 36 31 14 29 42 39  8 37 21  - 15 17 43  1 10 34  -  - 26 32 22 49
 20 21  -  9 32 31 19 35 39 23 50 38 14 30  5 47  2 15  4  3  - 42  7 26  6 46 41  - 10 43 24  -  -  8 22 27 16 40 29 28 18 48 25 37 17 12 34 33  - 13
 13  2  -  - 21 30  -  5 37  -  4  9  8 34  - 45 24 46 10  - 32  - 31 16 11 49 25 15 18 44 48 40  3 17 27 41  1 29  -  - 14 33  -  - 50 38  -  7 47 28
 19  -  -  - 45 38 40 43 24 27  - 32  1 49  7  6 12 35 31  - 50 22  8 20 48 21 42  - 16 37 33 36 39  - 44  2 46  9  - 29 28  - 15 25 10 34  - 23  4  -
 25 46  -  - 24  - 35 20  3  -  6 40 49 43 47 18 22 10 42 38  - 30 37 34  - 48  -  7 33 32  - 11 14  4 29 19 27 13  2 15 36 50 39 26 28  - 23 41  - 12
 46  - 24  -  - 18  - 21 45 15 20 29 44 19  2 41 23 11  - 17 35 33 30 28 25  7 26 36  -  - 37 13 32  - 42  -  6 22 47  4  -  - 12  3  - 39 16  - 49  9
 47  - 28  1 36 44 39 17  5 24 43 33  - 23 29 25 18  9  -  -  - 21  6 31  7 42 12  -  - 41 16 48  4  2 30  8 50 10 14 45  -  - 38  - 22  3 19 40 26 32
 17  - 39  8  -  - 10 29 21  - 15  -  5 25 18 46 43  -  -  7 16  6 40  3 27  -  - 14 44  - 45  1 47 26 38 32  4 37 19  9  - 35 11 22 23 13 24  -  - 20
  8 37  -  -  -  9  - 28  -  -  1 47  - 48 36 50 46 38 24 35 45 43  - 23 16  - 30  4 21 26  3 14 41 10 20 22 15  - 27 44  -  7  2 40 33 17 31  - 13  -
 23 12 32 28  4 13 26  - 42 20 48  2 16 47 27  -  1 39  7 41 49  - 25  - 17 34 50 45  -  9  - 10 36  - 14 31  - 11  - 18  -  5 40 35 24 44 33  8 21 22
  2 25 26 27 18 20 16  - 35 49 40  6 10 32 23 37 14 29 17 43  - 28  - 24  -  - 47 41  - 30 36  3 22 12  9 48  5 38  -  8 15 42 31  7 21 19  4 44 46  -
  - 19 40  - 12 48 45 14 13 30 46 24  3  6 44 11 50  - 28 34 25 35  - 33  5 18 38  2  -  1  - 37 20 23  -  7  9 17  8 10 42  -  - 43 39 26 15 16  -  -
 50  6 11 23  - 43  8  - 12 39 16 27 40 17  -  - 35 26 20  2 41  3 10  5  -  -  - 28  -  7 38 24  -  1 34 49  - 47 25 21 48 31 19 44  - 29  - 13 18 36
 32 35 45 10  - 19 46  8 33  5 42 26 38 41 14  - 20  - 25 18  4  -  -  - 13 22 16 49  1  3 12  - 11 48  7 21  - 15 31 34  6  9 36 24 44 43 37 27 23 17
 26 50 47  - 17 36 44 15  8 12  - 13 24 33 37  -  - 28  - 22 18  7  -  1 31 16  3 46  -  6 32  4 34 43 41  - 39 30 10 19 27  - 45 11 48 35 21  9  5 38
 41  3 31 33  - 28 37 24 46  - 39 35  - 45 16 44  9 32 15 10  -  5 11 47 12  4  - 34 38 29  -  8  - 20 48  - 23  - 18 30 50  2 26  -  7 36  1 21 43 27
  1 13 27 26  - 23 24 31 47  3 22 25 46  2 38  -  6 34 12 33 29 41  -  - 35 11  - 32 45  8  5  - 18  - 15 16 17  - 43 40 44 14  4 10  - 49 48 37 28  -
 38  - 23  -  2 29 17  9 26 11 49 43  - 44  - 16  4  -  - 13 21 18  - 25 36 19  -  - 41 15 35 30  - 31  3 46 32  -  7  6 24 12 47 45 34 37 50 10 39  -
  - 15 37  - 27 25  6 16 19  1 30 44 33  - 49 32  - 41  - 14  - 39 36  2  - 26 35 50 17 24 18 12  -  -  - 38 13  4 34 47 46 40  -  5  8  7  9 29  3 42
 37  - 30 20 19 24 18 12 48  2 33 49 32  -  3  4  - 44  -  8  9 13 23 27 26 29 17  -  7 21 34 50 10 47  -  - 43 35 45  - 25  - 46  6  - 31  - 15 42  -
  3 45 34 31 41 17 13  - 38  4 44  -  6  - 19 43 10 23 30 39  8 48 27  7 47  - 22 33 12 36  - 16 15 40  5 11  2 42 24 46 29  -  1  - 26 28 14 25  9 35
 30 22  - 24  1  -  -  - 32 19 12  4 26  - 41 35 17 43 18 40 33  - 38  6 14 25 10  -  - 42  8  -  9  5 37 15 49  3 44 50  - 16  - 21  - 20 13 36 27 31
 10 44 18 37 23  6  - 30  - 26  7  - 35  3  -  8 15  5 22  -  2 27 16 29  4 32 19 31 42 50 11 43  1 38 40 39 28 46 33 13 20 17 21 41  9 24  - 12  - 47
 14 48 44 17 43  3 38  4  2 33  5 42 19 28 13  9  - 16  - 15 37 36  - 22 49  8  - 12 23 47 46 20 27 21  - 26 10  6 50 41 40 11 30 31  1 32 35 18 25  7
 49  9  -  7 33  -  5 11  6 48 32 12  - 24 30 14 42  8  - 25 26 40 43  4 39 23 34 16 27  -  - 15 38 44 19 45 36 50 17 22  1 29 37 28 31 47 20  3  - 18
  9 11 19  - 48  - 21  2  - 29  3  - 20 36 15  1 44 25  - 32 28 26 12  - 41 35 40 39  - 23 47 27  -  - 49  - 24 33  -  7 31 18 50  4 14  - 22  5 16 43
 48  4  5 29 26  - 30 27  - 34 38  -  2 15  -  -  3 21 14  9 12 19 46  -  1 45 43 17 22 25 39 31 50  - 18 47  - 49 28  -  - 13 35  8 16 42  6  -  - 44
 42 36  3  2  -  -  4 18 10 13 24 37 31 50 32  - 28  1 34 21  - 16  -  8  -  6 46 29 19 45  -  - 44 15  - 23 47 14 49 39  - 38  - 20 11 41  7 17  - 25
  5 18 12 35  8  - 14  7  4  -  -  -  -  -  6  - 34  -  - 11 42  -  - 50 40  -  9 24 25 20  - 28 16  -  - 17  3  1 37 27 26 39 43  2 46 21 10 38 44 30
 31  8  -  3 44  - 12 23  - 41  -  - 28 18 34 27 40 48 49  4 38 50 35 11  9 43  1 20  6 46 15 21 24 32 17 14 30 36 26 37 13 19 33 16  -  -  - 42 10  2
 39  -  - 30 47 42 50 49 28 21  - 15  -  5 17 29 41 36 45 23  1 10 32 35  8  -  2 48  - 18  4 25 43  7 24  3  - 26 46 14 16 27 34 12 20  6 44 11 19 40
