2000
 37 40 26 32  6 12 13 49 29  - 45  - 30 27 34 22 17 42  7  -  -  -  8 21 36  - 38 11  - 19  3  4 46  - 28  5 15 41  2 31 44 25 35  - 23  9 47  - 14  -
 49  - 32 39 48 19 23  1 15  -  6 46  - 33  7  - 45 29 43 18  5 21 37 16 42 41 14 27 17 26 24 40 10 44 12 31  - 25  8 50 36 35  3  -  4 28 11 22  9 30
 12  - 40 38  4 11 19 45  6  - 34  -  1 37  8  -  9  -  - 39 33 42 10 17 29  7 35 36  -  -  - 49  - 50 20  2 32 43 15 18  -  3 22  5 16 13 14 31 21 25
 24 37 30 11 25 28  9 34 43 19  - 44  8  - 16  - 13  1 18 22 41 33 48  5  7  - 40 32  2 15 29 36 23 27  6  - 38  -  - 14 17 45 50 31 46  - 10 35  - 26
  -  -  -  -  -  - 40 50  -  -  8 32 18 28 25 44  2 23 36 35 39 38 19  4 37 43  - 46 41 27  9  5 29 33  - 49 34 42 11 20  6 14 12 17 13 31  3 24  - 22
 47  - 14 27  1 22 39 11  - 31 50 29 36  - 43 13  7  - 20  - 12  8  4 33 26 49 45 48 19  6  -  -  - 34 41  -  - 28  3 46  - 16  - 38  2  - 37 23 44 32
  5  - 39 30  - 33 34 40 47  - 38  8 12  - 15 23 14  -  4 42 36  2 18 20  3  6 27  - 10 28 37 25 49 26 50  9 21 45  - 32 11 43  -  1 29 35  7  - 16 46
  7 12 22 41 37 49 21 35 20 23 18 33 28 44  - 10  1 43  -  -  6 48 14 40 39  3 26 38  8 50 46 45 36 29  - 32  -  -  -  2 13 11 47  4 42 16  -  - 27 19
 17 15 41 37 27 46  -  7 39 45 31 22 47  6 10  - 40 14 50  9 42 44 33  -  - 24 19 29  -  -  -  8 26  - 11 35 28  - 21  -  - 36 16 18 43 48 49  -  -  -
 40  - 35 45 11 14 46 20  1  3  -  - 34 36 19 42  - 25 12  - 28 41 16 49 33 23 39  9 24 31  - 47 27 30  -  6 48  8  -  - 18  2  -  - 21 43 32 38  4 29
 42  9 33 43 44 18  -  -  4  8  5  - 15 49 29 39 48  -  - 10 21 31 13 27 41 22  7 28 32  3 38 37 11  -  -  - 16 30 47 24 40 17 14 46  - 26 36  - 23  1
  -  - 15 50 29 36 48  - 27 25 37  - 44 23  -  - 16  6 38 31 13 11 32 30 17 47 24 34 43 18 12  -  -  -  -  3 10 40 19  - 45 33 26 22  8 14  9 46  1 41
  1  6  - 28  9 10 49 46 41  - 12 31 11 43 13 26 19 27 37  7 34  - 39 29 40 35  - 16 42  - 22  3 18  -  8 14 25 36 30 21  4 32  - 47 45 50  - 44  - 23
 38 11 36 31 21  -  8  9 18  -  - 47 26  - 45  -  -  - 10 19 25  - 40 42  -  - 20  3 23  - 32  -  - 13  - 48  -  5 49 16 33 50  -  6  -  1  - 34  - 39
 32  7 37  -  -  - 28 15 45 38 17 35 14  - 23 46 42 22 41  5  - 27  3 12 48 44  2  8 31  1 43 20  6 49 34 16 18  - 29  9 19  -  - 36 39 25 50 11 26 10
  3  -  - 34 26  4 42 17 12 49 43  - 40 13 21  - 38  9 29 36 50 39  2 23 31  - 18 25 28  - 35 32 33  8 24  - 46 19 20  6 48  7  - 14 22  -  - 37 47 15
 21 25  -  - 16 29  -  - 40 50 36 43  -  8 37 33 34 47  1 27 20  4 46 24 10 17 28 44  -  - 31 18 45 12  -  - 42 48  6  - 14 39  - 23 19 32 30  9 15 11
 33  -  5  - 47  -  6 27 17 32  4 20 19 16  - 40  - 13 48 14 45  - 36 22 44  1 43  - 11  - 26 35  8  - 18 23  - 10 50  - 38  -  - 37 31  - 41  7 30 42
  6  - 27 17 18  - 11 10 19 46  - 30  9 20 14 38 35  - 16 34  - 45 49 15  2  5  3 37 40 32 13 31 39 41 48 29  8 12 28  - 26 44  1 50 24  7  4 47 25 43
  - 22 16 10  - 43  - 31 38 28  2 17 42 14 40 37 18  - 33 23  -  3 44 35 32  9 47  - 12 21  6  1  5 24 26 45 19 49 39 36 41 30  4  - 25 46 27 29 13  8
 45  5 25  9 33  - 12  2 49  1  - 18 35 22 27 48  3 41  - 50 30 37  6 34 14 19 31  7 29 36  - 46 16  4  - 15 39 17  -  8 47  - 43 11 38 44 13 28 32 40
  -  -  -  1  7 15  - 44 36 22 14  -  - 19 48  - 37 20  6 40 38 35  5 26 24 27 21 49 13 16 23 17 50 11 32  - 31  4 25  - 43 41 42 33  9 47 34 10  -  -
 28  1  6 14  - 38  -  8 16 40  9  5 13 39 17  - 47  -  3 29 27 46 30 32 12 31  - 20 35  - 21  2 42 43 23 19 37 50  4 33  - 49  - 44 26 41 25 45 34 24
  - 36 19 44 43  5  - 32  8 39 30  - 31 35  2 34  - 10 46 26 40 15  1  6 11 37 23 21 50  - 49 22 12 17  4 33  - 16 24 29 42 38 13 48  - 18 20 27  3  9
 16  8 48 20 49  2  7  4 25 36 13  9 50  - 22 24  - 32 40  - 14  -  - 39  - 33 37  -  6 43  - 12 31  3  -  - 29  - 44 23 35 18 38  -  - 30  - 17  5 34
  - 43  1  4  5  8 41 37 42  -  - 23  -  - 20 30 44 45  - 11  - 16  -  - 15 21  - 40 39  -  - 33 38 18  3 34  - 22 17 19 31 12 36 25 49 10  - 32 28  7
 44 41 13  3 17 47 30  - 21 26 28 12 45 50  - 43 36  - 25 37  9 32 15 31 34 46 22 10 38  8  4 19  7 14 35 42 11  2 33 49  1 23  5 29 20 27  -  6 39 16
  - 19  3 26 12  - 22 13 32 37 25 42 16  - 28 20 23 30 35 48 17  6 29  2 45 11 50  5 36 34 41  7  - 10 27  4  -  - 40  -  9  1  8 24 33 38  - 21  - 44
 36 26 29 23 31 39 24 19 22 42 44 37  - 25  - 49 33 11 14 41 10 34 17 18  8 13  4  6 47 35  5  -  1 32  9 12 30  -  7 38 46 48 40 16 28  3 43  2 20  -
  - 10  2 25 30  - 44 21  5  4 39 11 24 15 18 17 26  -  -  -  -  - 35  - 28 29 48 42 45 46  - 41 32  - 13 20 40 37  - 34 23 27 31 49 12  - 22 16  -  -
  9 13 21 49 32  -  4 38  -  - 15 19 17 41 31 14  6 39 42 20 16  1 28 36 27 34 33 30 37  - 47 26  3  5  - 18  - 46 45 12 29 10 25 43 44 11  8  - 40  -
  -  - 12  7 38  9 37  - 46 41 40 50 48  4 30 16  - 21 39  - 31 18 22 19 43  - 34  -  -  -  - 42  2 47 25 28  5  - 35 15 10  - 32  - 36  6 45 20 11  3
 39 45 38 22 35 32  2  5 34 20 49  4  7  1  9 11 50 24 28 16  8  - 12 14 18 42 29 43 33  - 27 44 13  -  - 40  6 26 48 30 25 46 41 15 47 21 23  3 19  -
 30  -  -  6  - 48 26 29 11 16 24 13 49 45 44  - 32  - 22  8 18 43 42 25  - 28 41 31 20  9 34 38 19 35 36  1  7  -  - 27  - 15  - 39 37 17 33 40  - 14
  -  -  - 18 23 44 47  -  9  5  -  3 32 29 26 15 20  -  - 45 11 25 50  8 46  -  - 12  - 42  - 14 35 39 33  -  2 34 10  1 27 40 17 28 41 22  6  4 43 37
  - 32 34 48  2 35 43  - 28  - 47 27  -  - 41  6 10  - 19 25  3  -  7 50 38  4  5  -  - 44 45 16  -  - 15  8 22  9 23 11  - 37 46 26 40 39  - 33 36 13
  - 35 46 13  -  3  - 23 48 24  7 34 25 17 32 45 28 38  - 12 15  - 31 43  - 20 16 18  5 47 10 11  - 40 19 44 14 27 22 26  -  9 39  8  - 36 21 42  - 33
 23 27 10  - 28 17 14 33 31  - 35 39  2  3 46  8 12 48  5 43 19 13 25 38 50 30 32 15  9 40 36  6 24 22 47  - 41 11 16  -  -  - 44  -  1 45 18 49 42  4
 14  - 31  8 45 34 16 47 37 44 20  -  - 40  6  5 43  - 23  - 46  -  -  7  4 25 12 17 18 33 11 13 21 28 39  - 27  1 36 35  - 42 29  9 50  - 19  - 38 48
 27 23 42 24 36 13  5 28 44  7 41  2 37 46 49  9 31  8 30 21  4  - 11  - 20  - 25 35  - 29  - 10 34 48  - 17 43 14 38  -  -  - 33 12 32 19 16  1  - 47
 22 28 23 42  - 26 25 43  - 14  -  6  -  - 36  -  -  3 44 24  2  9 21 46 30 15  -  -  7  - 16  - 47 20  -  - 12 18 37 41  5  - 11 45  - 40 48 50 17 38
 50  - 17 15  8 42 32  - 24 30 19 40 20  7 47  1 46  2  9 44 43 49 38 37 13 36  6 33 14 39  - 23  4 45  - 21 26 35 27  3 16 22 34 41 11  - 12  5 10 28
 15 20 18 16  - 23 33 22 13 48 27  7 46 38  1 25  5 37 11  2 29 47 45 10 19 32  - 41 34  4 17 28  - 21 49 24 36 39 43 44 12  -  -  3  - 42 26 14 35 31
 46  4  - 40 34 37 17  -  3 12 11  - 21  9 33 31 27 35  8 28  - 30 26 48  -  - 42  2 22  -  - 50 25  6  1 43 20 38 13 45 39 19 23 32 10 49 29 36  7  5
 29 17  - 19 40  7  - 30 10  - 16 48  4  2 11 50 41 12 31 49 22  - 34 47  9 26  8  - 44 20 28 21 15 46  - 39 33 32  1 25  3  5 45  - 14 37 38 18 24 27
 10  -  - 36 22 41 38 39  - 11 33 16  -  5  4 27 24  - 34  6 32 19  - 44 25 40  - 45 15 37  - 30  -  - 46 13  1 29  -  -  7 47 48 42 18 12  2 26  8 35
  - 14 50  - 19  1 31  - 26 13 32 15  - 11 42  4 21 40 27  3  -  -  9  -  - 12 30 39 25 45 18  -  - 36 44 38 23  7 46  - 20 28 37  2  - 33 17  8  -  -
  -  2  9 12 46 16 10 36 33 29 26 38 23 24  - 35 39  4 17 32 49 50 27 28 22  8 44 14  1 11  - 48 41  7 40 37 45  6 18 47  - 34 20  -  5 15 42 43 31 21
 13 38 11  - 14 45  - 12  2  9 21 36 22 31 39  - 15  - 24  4 26 40  -  1 16 48 10 47  -  -  8 34  - 37 43  7 17 33 32 42 28 29 19  -  - 20  5 41  6 50
  - 39 45  5 42  -  3 41 50 18 46  1  -  -  -  - 30 33 32  - 37  7 20 11  - 10  - 19 16 12  - 24 22  9  - 36  4  - 14  -  - 26 28 40 17  - 44 13 29  -
