2000
 35 29 17 37 19  5  - 15 18 28 30  8 20 14 34  - 23 38 50  4  - 32 44  6 22 41  2 25 46 33 49 26  -  -  -  3 10 39  1  - 40 16 21 45 31  9 43  - 24 27
 42 32  - 13  2 34 20  - 24  7  -  - 11 10 18  1  3 14  6  8 35 41 31 30 36 12 28 43 16 50 15  - 25 40  -  9 22  4  - 29  5 33 49 46 47 27 48  - 17 37
 12 22 27 17 18 43 34  -  - 16 32  2  - 19 36 14 11  - 33  - 25  - 45  - 40  9 44 41  3 30  - 37 35 46 15 49 38 48 29 24  6  7 42  - 10  - 47  4  5 31
 28 50 21 34 40 38 33 11 15  -  -  - 47 42 13 39  - 49 32  5  6 31 22  - 46 23 17  -  8  -  - 14  - 20  - 18  4 44  7 30 16 45 37  -  3 29  -  9  -  1
  - 37  9  - 32 35 49 26  - 48 12 17 22 30 33 46  - 20  - 40 39 42  - 29 28 13 43  8  7 44 45 24 19  5 11  4 14 50 36 25  -  3  - 16  - 10  6 21 27  2
  -  -  - 18 45 17 10 37 22  5 44 20 40  3  -  4 42  7 23 11 48 35 13 24  -  -  - 28 29  - 47  - 31  1  - 27  -  - 26  8  -  - 32  - 39 50 15 46 19 34
 14  4 49  3 33  - 26 35 43 18  9 50 25 31 23 27 38 41  8 13  - 19 36 44 10 15 30 16 17 29  5  1  6 21 39 28 32  - 20  - 37 48 34  - 11  7  -  2 47  -
 24 16 23  -  6 11  8 10  1 33  3  - 36  - 48  7 29 12 35 38 27 45  - 47 44 17 13 49 25  2  - 28 14 22 20 50  - 32 31 18  9  - 43 40 37  - 34  - 39  -
 15  1  -  4 11 26 50 43 12 44  7 40 24  - 45 30  - 32 48  9  - 20 33 42 39 18  -  -  5 14 29  -  3 49 41  -  -  - 28 19 21 46 36 23  -  - 16 25  8 35
  - 20  2  - 46  -  7  4 26 40  - 44  5  8 49 33 45 21  - 34 13 15  - 19  -  - 11  - 14 47 28 27 39 42 48 43  -  - 50 35  3  9 23  6  - 32 25 36 41 10
 33 19 18 42 26  8 22  -  - 36 34 16  7 20  3 21 28 46  - 35 14 37 39 23  - 24 47 10  4 48  -  -  - 45  - 25  - 31 12  6 44  5 17 43 27  - 30 32 49  -
 46 44  - 49 35 24  4  -  -  -  - 43 19 29 14 38 41 42  - 36 18  8  - 37  2  -  6  5 21 32 26 12 15 13 27 31  9 22  - 28 45 34 39 48 23 11  3  - 40 50
 31 10  - 12  9  3 11 17 47 39  - 26  - 25 44 15 24 48 27 41  - 23  5 18 30 32 20 13  1 45 38 34 28 50  6 29  2 36 22 33 42  - 16  7 49  - 35 40 14 19
 49  3 37  -  4 19  9  - 27 30  - 36 44  -  - 34  2 13  - 31 41 43 26 39  - 14  - 48 22 18 21 23  - 11 46 12 50  - 35  5 28 20 33  - 24  -  8 15  - 47
 39  2 12 11 14 18 24  -  3 31 17  -  -  9 42 23 22  5 26 20 40 25  - 10 45  - 16  - 19 46  -  6 36  8  - 41  - 34 21 48  - 35 44 49  - 28 38 27 32  7
 41 30 32 10 50 23 28  7 40  - 33  - 45 44 11 20 21 29  4 15  1  - 37 36 13 49  8  -  2  6 43 16  - 47 19  - 31 14 24 39 34 25  9 27 18 26  5 35 42  -
 18 24 48  - 12  -  - 36  - 14 40  3 50 38  -  5 26 19  2 42  - 29  7  - 23  4  - 45 28 16 22  - 37 35 43 11 15 20 33  - 17 39 27  - 34  -  - 47  - 49
  - 25  - 29 43 14 41 19 45  9  - 39  -  5  - 17  - 50 28  2 49 22 42 16 21 35  7 15 31 20  3 46  4 38 26  1  -  -  8 12 27 44 48 18 13 47 23 37 10 40
  4 36  -  - 31 37 39  - 30 21 49 15 48 41  -  6  9 11 14 18  - 16  - 22 25  - 29 23 24 34 44 33  7 28 10  - 13  -  - 20 32 47  -  3 46 12 17 38 43 42
  1  8  4  - 15 36 44  - 25 11 43  - 30  7 39 35 46  -  - 24  5 50 48  - 19 31 12  - 42  - 18  - 34  -  - 37 23 49 13 27 41 32  6 22 38  2 10 17 20 33
 30  7 45 41 36 39  -  -  -  3 19 38 32 34 29  9 10 17 42 22 20 33 16 28  8  1 14  - 35 27 23 15 24  - 49 46  -  2 47 50  -  -  - 26 21 43  -  - 44  6
  - 40 14 33 17 15 16 49 35  - 18  - 41  6  5 43 39 27  - 44  -  4 28  3 12 21 32  - 47 13  9  7  8 10  - 20 34 26  - 36 24  - 30 19  - 48 11 50 25  -
 13 23 15  - 42 29 36 27 39  -  5  6 12  - 50 22 25 37 41 14 33 17  -  - 26 11  -  -  -  1 35  - 16  9 34 47 44 46 43  -  7 31 28 20  2  - 19 49 38  3
  -  - 16 31  -  4  2 30  - 38 46  - 39 48 17 41  -  6 13 37 29  -  - 25 14  5 22 33 43 10  - 20 21  -  3 34 12 23 42  - 36  - 26 15 35 40  1 18 45 11
 27  - 10 36 30 28  1  3 38 32 48 24 35 50  2 12 44 40 39 46  8 13 11  - 37 47  9 19 20 25 33  - 22 23 17 21 49 41 14 15 26  6 45  4  - 34 18 42  7 16
 43 31 11 26 29 16 37 39  - 47 24 35  4 18  - 10  -  9 15  - 21 46  - 13 38 28 49  6 45 36  2  5 23 19  7 42 25  -  - 34  - 50  -  1 33  - 27  8 30  -
 26 38 28 19 22 25 35 48 21 37 20 29 43 23 47 32 50  - 12  - 36 49  -  - 27  8 33  7 10 39 13 11  - 14 40 24  3  5  4 45 46  -  1 30 44  -  9  6  - 41
 25 21 31 40 44 45 13 47  -  -  -  9  6 28 37  - 14 35 34 50 26  -  8 27 18  -  -  - 48 19 17 49 10  4 22 32  7 16  3 41  2 38 20  - 15 33 42  - 12 43
 34  9  - 15 25 30  - 29  4 27 14 48 26  - 20  2 16 39 44  7 45 24 46 35  -  3 21 38  - 49 40 36 41 18 37  8 28 12  -  1 23 13 19 17  -  - 31 10 33 22
 16  -  5 22  - 40  -  - 34 19  6 25 18  4  7  -  - 28  3 26 15  - 35 41 33  2  - 14  - 23 27 32 43 39 42 10 17 38 11 49  -  8 47  -  9 45 46 20  1 48
  6  5  -  8 23 22  3 28 37 49 27 33  9 46 12 47 15 26  7  -  -  - 43  - 24  - 48  - 38 31 39  - 29 41  - 44 21 13 16  4 18 17 11 42 40  1 20 34  2 32
 44 15  6 43 37 31 25  5  -  4 16 11 23 36 38  -  1 24 19 32 22 30 41 20 34  - 26  - 27 40 10  -  - 29 50 39  8 18  9 42 47  2 12 28  7 14 49 33  3  -
 21 45 30 35  -  - 17  -  2 24  -  5 13 33  1 37 49 43 46  - 44 28  9  4 16 19 40 32 26  - 34 38 48 15 23  -  -  - 39  - 25 42 41 11 14 20  - 29 18 12
  - 42 24  -  8 47  -  9 23  -  4 18  2 27 35 25  6 15 20 29 10 21 38 26  -  - 39 40  - 17 11  - 49 37 12 19 45  1 32 44  - 22  - 14 43 46 33  7 13 36
  - 27 36 39 47  9 40 22 19  6 28  - 15 12  - 49 33  1  - 43  -  7  - 46  3 34  - 50 37  5 48 44  - 17 21 38 35 42 45  - 20 23 24  2 29 13  - 41  - 26
 48 18  - 30 24 41 14 33  6  2 45  -  - 40 15 50  7 31 21 19  - 27 29  1  - 46 25 12  - 42 36 13 44  -  8  -  -  - 49 17 43 10  -  - 20  -  4 22 26  9
 20 46 13  -  5 12 47 31 29 41  - 19 27 49  8 45 35  - 38 48  -  3 21 15 17  7 37 39  -  - 14  9 18  -  2  - 42 40  6  -  - 26 25 10 22 24 28  1 34  4
  - 13 39 44 28 49 27 25 42 20 15 14 31  - 46  3 36 34 11 30 32  6  - 45 35 40  5 29  9  -  4 17 50  2 47 48 43 33 41 23  8  1  - 38 16 19 26  - 37 18
 29  - 47  7 49 27 46 20 28 13 26 45 42  - 19 40 43 23 30  - 34 38  - 32 50  6  3 35 12  4  1 25  9  -  5 16 41 11 48 22 31 14  8  - 36 18 21  - 15 17
 47  - 44  - 20 32  - 14 50 35 31  -  3  1 26 18 30  4  - 23 43  - 27  5 42 36 45 21 40  9  8  - 12  7 38 13 33 15 10  2 29 37 22 41 25 17  - 48  - 28
 17 26  - 32  - 20  - 44 10  - 42  4  -  2  - 36  - 33 49  6 11 12 40  -  1  - 23 22 50 37 31  3 27 34 16  - 46 19 18 14  - 24  -  8  - 41  7 28 35 13
 36 34 20 23 39  - 45 40  - 10 35  7 17  - 41 24  - 22 25 47 42  5  - 38 11  -  - 44 18 12  - 31  1 16 32 33 48 21  - 43 14 30  4 29 28  - 37 26  9 15
  7 33  8 27 48 46 19 32 16 29  1 47 38 11  - 44 18 10 36  -  - 40 24  2  - 42 15 26  -  - 41 22 17  6 25 14 20  9 34 37 13  -  - 35 50  -  - 23  4  5
  - 14 42  9  3  - 31  - 32  1 13 27 16 35 40 19 20  - 29  -  - 44  -  -  - 22 41 30 36 28  - 43  - 26 45  2 18  6  - 21  - 11 38  -  4 37 24 12  -  8
 40 35  - 47 21 33 15 12  7 46 25  - 28 32 10 26 27  -  5 17  9  1 20 49  4 39  - 11  -  - 37 48 42 31 18 45 29 43 44  3 38  -  2 34 30 36 13 14 22 24
 45 49 25 46  7 21 23 24  9 22  -  1 14 43  6 42  5 44  -  - 12 11  - 33  - 20 35 34  - 41 16  4 13  - 31 26 36 37 17 38 10 40 29 50 19  8 32 30 28 39
  - 41 22 20 16  -  - 42  - 50 39 37 34 26  -  8 31  - 24 33 23 18 49 43  6 10  -  4 13  -  -  -  5 36 30 17 40 29 15  9  1 27 46 47 32 35  -  3 48  -
  5  -  3  -  1  - 18  -  -  - 41 22  - 39 25  - 17  - 10 49 28  2 14 12  9 27 19 20 34 38 32  -  - 48  4 15 24  7  - 16 35  - 40  -  8 23 45 43 21 44
  -  - 46 45 34  - 38 41 17 15 21 10 49 16  4 28 40  2 43  -  3 14  6 11  5  -  - 31 33 24 42  8 20 30  - 36 39 35 27 47 19 12  7 37 26 22 50 13 23 25
  - 17  1  2 41 13 48 34  5 12  8 46  - 24 22 16  4  3 37 21  -  9  -  -  - 44  - 42  - 15 25 45 30 43 28  - 19 27 23 26 33 18 35 36  6 38 29 39 11 14
