2000
 10 38 39 16 30 24  - 23 27 15 28 22  - 18 34  9  2 17 45 33  - 20  -  4  5  - 42 35  - 29 50 47 21 36 19 44  6  -  -  7 31  -  - 12 49 13  8 40 26 41
 21 34  - 28 13  -  - 41 16 38 39 46  6 31 50  -  4 24 25 19 10 37 18  - 15  - 20 40 26 22 29 49 32 44 48  3  - 14  - 33  -  5  -  2 47  7  9 11 35  1
  - 18 16  2 48 21 17 39 22  1 43  - 38 33 36 42  8 37 13 41  - 32 44  - 45 14 10 30 28  - 46 29 31 47  4 23 34  7 40 49  -  -  9  -  5  6 20  - 12 15
  - 16 24 45 31 43 41  6 37 21  -  -  5 34  - 23  1  -  - 29  9  3  - 48 19 15 12 38  2 13 32 40  8  7 46 30 44 42 49 27 10  - 17 35 39  4 18  - 22 25
 46  1  - 43  2  -  8 40 18 28  4 44 35 29  -  5  -  - 14 30 12  - 23  - 27 26 41  -  -  3 48 13 42 21  -  9 15 25 33 39 37  7  -  - 45 17 47  - 36 11
  -  -  6 32 24  3 20 16  8 36 11 50 25 21 46 29 13 49 34 15 30  -  1  - 26  9 27  -  5  - 33  2  4  - 40 17 43  - 14  - 41 47  - 23  - 31 48 19 28 38
 22 30 43  - 17 34  3 31 41 20  7 15  9  1  -  6 23 12 37  - 44 40 35 47  -  - 28 13 18 49 45  - 48 27 11 25 21  5  - 14  - 50 19 24  -  8 26 10 33 42
 38 31  -  5 47 44 50  - 11 29 24  -  - 32  6  - 22  1  4 21 34 41 14  2 12  - 13 46 17 37 36  -  3 10  - 28 30 45  7  - 26 49 39 19 20  9 25  - 18 43
  - 29 21 40 32 20 16  2  3 13 35  - 27 36  -  - 26 25  - 44 43 46 10 22 39 31  8  9 15  - 47  - 14  -  - 41  - 12  -  5 11  - 37 28 33  - 50  -  - 17
 33 20 13 24  -  5 31  9 12 37 10 47  4  - 28 44  - 30 11 45  8  6  2  - 14 40 35 36 50 41 43 38 18 49 42  - 46  - 23 17 32  - 21  7  - 16  1 34  3 22
  9 33 10  -  1  - 27  - 13 30 17 34 31  -  3 43 49 47 21 24  4 11 19 14 40  5 36 26 45 23  7 18 35  6 32 12 20 48 41 28 25 42 44 50  - 38  - 39 16 37
 23 43 35 33 26 16  1 14 47  -  -  6 15 28  8 11 42  3 49  2 38 50 39 32 46 18 44  - 37 19 10 24  5 34 25 31  - 20  -  -  7 27 12  4 13 48  - 30  -  -
 49  3  - 35 22  -  -  - 19 25 40  4 29 39  - 36 38 42  2  1 20  - 16 12  -  - 37 28  9  - 13  - 26 41 21  7 10 44 15 23  5  - 46 27  - 50 14 45  -  -
 11  - 37  - 45 27  -  4  6 22 19 42 20 25 29  7 18  - 28  5  - 23 21 16 13  - 31 34 10 26  9 48 24 35  2  1  - 43  3 32 36 33 41  8 38 46 17 47  - 30
 42 13  -  - 18 37 22 38 36 19  9 35 48 11  1 20 12 10 39 47  -  -  - 15  8 28  7  3 41  - 24 27  -  -  6 34 26 49 43  4 17 46  - 40  - 14  - 29 30 44
  - 17 45  7 25  9 10  3  -  6 33  - 24 27 21 38 34 31 16 23  -  8  4 39  - 48 46 20 29 14  5  - 50  -  -  2 41 35  -  - 43 18  - 15 44 32 28 42 13 47
  - 12  - 19 49 40 36 35 46 24 45 30 22 41  9  - 15 26  5 11 21 29 17  8  -  7 25  6 39 47 44 33 38  -  - 50 42  -  4  -  2 34  - 13 28 18 23  - 10 14
  - 44 49 38 33  - 19 45  - 42 31  -  - 35  - 39  -  - 27 32 17 22  7 40 30 24 21 12 11 25  6 20 46  2 50 13 18 23  9 34  8 43 47 16 15 37  3  -  5  -
 12 41 33 11  -  2  - 34  4 26 30  1 28  6 35 37  3 21 17 49 45 43 31 23 22 19  - 24 14 44 18  7 25 16  8  - 27  - 36 38 47  - 15 10 42 29 39 48 20 40
 28 15 29  - 27 14 39 19  9 40 22  - 23 46 31 32 44 16 43 26 42 25 49 50 48 20 38  4 24 18 41  8  6  5 47 11  -  1  2  3  - 17  7 30 36  - 35 13 45 10
  8 46  2 22  -  - 25 44 20  5 12 13 11  -  7 50 24  - 47  - 39 49 30 26 34 37  4  - 40 48 27  - 17 45  - 33 28  9 10 29 19 23 14 21  -  - 32 43  1  -
  - 10  9 44  - 33 32 49 42 39 16  2 17 43 20 14  - 41  8 22  3 48 24 25 38 50 40  - 12  5 30 37 15 19 31  4  - 13 11 18 29 45  6  1 34  - 36  -  - 26
 25  9  7 13  - 28 33 11 15 49 46  5 26 50 32 17 19 48  - 27 24  - 20  6  - 22  - 31 16 42  3 41 10 14 36  - 23 30 47 45 18  1  8 44 35 34  4 12 38 29
 43 42  - 27 40  7 26 24  - 11 44 16  3 15 37 47  -  4 31 34 18 39  8  -  - 41  - 48  - 35 12 45  - 13 29 46 14 22  -  6 38 21  -  - 50  5  -  - 17 19
 27 21  - 39 42  1 14 36  -  - 38 45 47 22  - 19 33  7 32 40 49  4  - 24 50 10 17 23 25  2 35  9 44 48 30 43  -  - 26 13 15  6  - 29 41  -  -  -  - 28
  4 19 20 14 11  - 46  - 23 27 18 12  - 16  - 13  - 39  - 43 36 21  9 34 41  8  1  7 44 31  -  - 47 26  3 37 40 24  5 22  -  2  -  - 25 15 38 49 42  -
 16 37 18 23 14 25 21  - 45 47 50 24 42  - 22  - 27  9 19 20  - 12 32  7  - 35 48 29 46 28 34 39 41 15  - 49 38 40 31 36 30  -  1 33 10 44  2  -  6  4
 24 40 30 25  3  -  7 43 29 50 13 18  -  - 41  4  9 34 23 28 33  1 26  5 17 38 39  - 20 46 42 14 37  - 45 36  - 32 16  - 21  - 11  - 12 19  - 35 15  6
 50 25  - 41 34 39 15 47  5 33  2 32 14  3 27  8 45 20 35  -  - 31 12  - 44  - 16 19 48 21 23  - 43 37 49  6  -  4  -  1 24 29  -  - 18 22 10  - 40 46
  6  -  - 20 12 29  - 10  -  8 25 23 37  - 44 22 46 35 38  - 16 15 27 21 42 13 47 41 30 43 11  - 45  -  - 19 33  - 39 26  1 40 31 32 48 49  -  3  2  -
  - 35  -  - 23  - 11  - 32  3  5 10  - 42 40  - 17 15  - 37  -  7  -  - 31 45 34 25 33  -  - 46  - 12 44 18  8 39 21 48  9  -  2 43  4 41  6 27 49 24
 15 11  4 31 29 35 12 28 38  7  3 48 41 24  5 27 30 43 44  -  2 47 25  - 23 46  6 32  8 36 21 26  -  - 18 45 39  - 20  -  - 16  - 42  - 10 19 14 34 33
 48  - 19 46  7 17  2 42 14 10 27 36 43  4 13 41 29  5 26 12 37  - 38 18 11  -  3 39 23  1 22 44 16 50 15 35 31  8 25 30  6 20 24 49 32  - 34  - 21 45
  3  2 25 49  4 10 30 17 50 14 37 20 18 12 15 34  7 40 46  6 32 33 43 44  9  1  -  5 42 16 38 21 11  - 28 27  -  - 48 19  - 39  -  -  - 35 31  -  -  8
 13 28 44  -  - 31 49 25 43 23 15 33 30  9  - 35 14 38  -  7 27  - 40 42 36 21 11  1  -  8 39  - 19 32 41  5 12 34 18 47 48 37  4 46  2  - 45 50  - 20
 17  6 32  - 20  8 47  -  2 43 26 39  - 23 45 40  - 19  1 46  - 18 33  -  4  - 29  - 49 27 15 42  - 22 14 38 48 21 35 16  -  - 25  3  9  - 24  - 37  7
 39 24 15  - 16  - 34 20 33 46 29 49 40 19 38 18 11 23  9 36  -  5 28 30 21 32 26 27  3 17 25 22 12  4  1 10 45 47  6  - 14 13 42 31  7  -  - 44 50  2
 32 22 28 21  - 18  - 29 10 48  - 41 39  -  - 25  - 45 42  4 13  -  5 36  2 43  9  - 34 20  1  - 40 30 12  - 11 33 46 35  -  -  - 47 17 26 49 31  7 50
 31 23 22  4 10 11 37  -  - 35 41 14 32 47 33 48 25  2  - 50  - 36  - 19  6  3  - 18  - 24 49  1  - 42 13 21 16 38 45 20 40 26  - 17 30 39 44  7  9 27
  5  - 48 18  9 45 23 21 25  -  - 17  2  -  4 10  - 33  - 13 40 28  6 35 24 29 32 15 27 30  - 50  - 31  7 16 22 19  1 46  - 12 38 14 11  - 41  8  -  -
 40  - 12  9 35  4  - 22 21 32 48 31  7 30 19  - 36  6 15 18 50  - 42  - 25 23  - 49 47 10  8  - 13  -  5  -  3  -  - 41 34 28 26  - 37 24  -  - 43 39
 29  8 36  - 37 30  4 46  - 12  6  - 16 44  -  - 50 28  - 17 26  - 48 41 10 34  - 33  7 39  2  - 22 11 38 20 32  3 13 25  - 31 45  9 21 27 42 15  -  5
 34 45  -  3 50  -  5  - 39 41 42 25  -  8 43 49 48 44 20 35  6 26 13  - 16 47 33 11 21 15 17  - 27  - 37 40  9 36 12  -  - 22 28 18 24  2 29  - 14 23
 36  - 40 17 15 32  6 12 48  9  1 19 50  - 42 31 35  - 30  - 29  - 46 10 43  - 18  8 38  4 37  - 33 28 26 22  7  2 27 24 20 41 23 34  - 47 13 25  -  -
  1 32 47 10 28  -  - 26 35  -  -  8 44 17 48 33  - 46  7 16 23 42  -  3 20 27  - 45  4  6 40  -  9 43 39 24 25 18 19  - 50  - 49 22 14  -  -  -  - 36
 44 26 46  - 38 23  9  1 30 34  8 29 36  - 12  3 37 27 41 10  - 13 22 20 18  2 49 14  -  7  4 15  -  - 33 47  -  - 50 11 28 35 16 45 19 21 43  5 25 32
  2 50 11 37  - 49 35 32  -  4  -  - 12  5 30 28  6 36 48 38 41 27 47 46  7 42  - 43 13 45 16 25  1 23 10  - 17 26  - 44  - 14 40  - 31 20 33  - 29 18
 41  5 38  6 39 50 42 27  - 31 14 43 45 20 25  - 28  8  -  - 47  - 15  -  1  - 22  2 35  - 19 12 30 29 34 26 49  - 24  9 46  4 18 37  3  -  - 16  -  -
 30  - 41 15 43 19 28 37  - 18 32 11 21  -  - 46 20 22 29 25  5 34 50 13 35 36 24 47  6 40 14  4 23  9 17 42  1 27  -  2 33  3 10 26  8 45 16 38 31  -
 35 39 23 26 36 12 43 18 44 17 49 38 10 48 47  2 40 13 24  8 22 14 37  - 33  6 30 16 32  9 31 19  7  - 27 29  4 41 28  - 42 11  -  5  - 25 15  - 46  3
