2000
 38  4  -  9 47 30 40 22 24 44 27 48 25 10  -  - 35 28 39  5 31  - 46  6  -  -  - 13  7 37 15  3 50 20 18 19 26 17 21 16  2 45 43 36 11 33  8 34  - 32
 28  3 26  - 19 37 43 31 34 24 29  - 47  1 13 38 25 15 18 11 39 17 33 23 49 46 48 32 14  8 45 36  6  5 16 10 40  9 35  - 22 30 21  -  -  - 50  4 12 42
  -  - 41 36 42 34 10 16 18 30  8  4  2  3 46  -  - 14 23 48 21  - 50 33 25 38  - 26 40 49  5 20 35 47  - 27  -  -  - 45 43 11  7 24  6 44 22 12  - 29
 16 41 42 49  9 32  - 39 17 28 47  - 23 25 40 14 22 43  4  1 45  6 48  2  - 21 33 37 24 13 38 10  7  8 36  - 29 46 11 19  -  -  -  - 20  - 12 27 15 35
  -  -  -  - 23  6 21  1  - 10 41 37  -  - 32 47  5 11  3  8 22 40  7 48  - 20 17  -  -  9 49 50  - 15 33 34 25 35 42 27 45 24 14 46 44  -  - 13 38 43
 45 50 28 31  - 36 33  - 44 37 11 35 41 22 18  -  2  6 38  - 19 34 17 24 14  8 21  - 47 30 39 27 29 10 46 13 15  - 16 42  - 25  4 43 48  5 26  - 32  -
 41 38  6  5  - 12 42  - 21  4 28 22 37  -  3 39 11 10 50 31  1 14  - 34  -  7 24 27 29  -  - 43  2 17 13 30 35  - 36 32 23 20 25 15  - 26 46 40 44  -
 46  -  5 34 36  -  -  -  1 13 37 50  - 11  -  4  -  -  - 40 29  - 35 15 10 42 41 16  8  -  3 45  - 12  7 44  - 26  9 43 14  - 33 32  2 22 17 24  - 20
  -  -  - 18  4 21 14 25 40 11 34  5  6 32  - 44 33 36 24 30  - 19 15 45 27  1 26 38 49 35 13 22  9 46 23 28  7 37 20  - 48  - 39  -  - 12  - 42 41 16
  4  5 31 22  6 28  - 46 26  -  -  - 44 48  -  2 21  - 30 43  7 41 24  - 34 49 32  - 25  - 14 23  - 19  8  - 37 16  - 12  - 33 47  3 13 35  9 38 20  -
 10  -  - 33 20 40 47 37  -  - 50  -  - 23  - 16 39 24 28 22 13  - 30 14 42  -  - 31  6 18 17 25 34  1 21  4  - 45 29 48 12  9 36 38 41  - 32 43  3  -
 32  8 45 12 14  9  4  - 39 38  2 25 42 31 10 19 28 34 44 35 24  -  - 43  -  -  - 23 30 17 47  5  -  - 11  -  3 48  6 41 33  - 46 40 21  7 49 29 26  -
  7 45 39 10 35  - 23  5 38 29 26  9  - 19  -  6  - 13 36 15  3 21  - 17 22  -  2 42  - 47 32 16 30 48 43 46 33  4  1 50 27 41 40 28  - 49 14 18 24  -
 12 28 46  - 45  5 16 26 25  9 17 29 31  - 11  -  -  - 41 36 30 35  -  3  7  - 20 14 34 27 10 24 47 42 40 48 39 32  - 18  1  - 15 37 50 21  - 23  4  6
 14  - 20 44  -  3 39 49 32  -  - 15  -  - 41 23 36  4  2 45 27 33  - 11 46 43 25 24 37  5  8 28  - 50 19 12  1 47 18 31  7 13 34  -  - 42 48 30  - 17
 40 47 18 30 32 42 49 21 20  - 22 39  - 24  -  -  9  2 10 34 33 43  - 25 48 36 28  5  - 19 11 41 17 16 15 38 12 27 46  -  4  1  -  8 31  6  7 37 29 44
  - 20  - 11  1 38 12 35 41  -  -  - 48  - 15  3 24 49 32  - 37 22 40  - 28  -  - 34  - 46 26 19 36 31 39 23 42 44  -  8 17  -  - 14  - 29 33 10 43 25
  -  - 33  - 46 15 44  - 50 27 38 24 21  - 19  - 26 48 13  4 40 20 42  8 43 12  -  6 36 39  9 49 10  - 31  - 45 30 41  2 47 34  -  - 17 16 35 14  1  3
 19 36 23  - 15 46 32 45 12  5  - 44 38 20  2 37 40  -  - 21 35  7 28 47  -  -  9  - 31  4 42  - 33 25 50 17 18  -  3 26  - 16 41  - 29 48  6 49  - 24
 29  - 12 28 13 44 27  4  8  1  - 10 45 30  -  - 41 32 21  -  6 42 37 35 18 48 47  3 23 11  -  7  5 22 17  2 19 31 14 36 24  -  9 33 34 46 15 39 40 38
  3 31 14  - 34 17 37 48 43 18  4  1 36 39  - 15 46 47 40 27 25  8 11 32 44  5  -  - 20 42 16 21  - 30 38  6  - 13 10 33 29  - 35  -  -  - 28  9 45  -
 34 32 30  -  3 48 20 36 27  6 42 26  - 28  1  - 29 41  5 49 43 38 23 31 40  9 22 47 33  7 21  - 37  - 44 39  8 15 13 14 25  - 10  - 12 19  - 16 50 11
  5 15 50 25 17 41 30 40 31 46 20 14 24  - 12 21 19  7 37 26  - 39  9 36 29 28 43 33 48  -  -  - 32 45  - 22  -  3  8  - 13 42  1 23 18 10  4 11  - 49
 23 42  4 32  - 18 25 17 47 48 44 49 39  8  - 27  1 21  7 19 20 15 41 37  - 16  - 22 10 45 33  -  3 26 35 24  6 38  - 28  5 50 11 29 36 14 43  - 13 12
  -  2 15  1 44 45  - 10 23 25 18 17 30 36 16 48  7  - 20  - 42 13 21 39 26  -  4 49 28  - 29  6 14 33 27 50  -  8  5  - 37 46  - 34 40  9  - 32 47 31
 11 13 44  - 21 49  7 18  -  8 32  -  - 42 24 33 47  - 27 25  5 29 14 26 12  2 39 45  1 31 43  - 23  6  -  - 34 50 48  - 16  - 28 20 35 37 36 41  -  -
 36  7  - 48 24  - 13 42 30  3 12 21 18 44 26 22 43 20 17 47  2  - 16 10 23 33 15 40  9 32  - 31 27 34 45 35  - 49 37 46 11 29  5  - 28  - 19  1  8 14
  - 11  7 23 33 22 31  -  6 41 25 38  - 35 50  - 34 27 19 42 10 36 39  4  3 47 44 43  2  - 12 46 18 13 32 26  9  - 28 21 30  - 20 17 24 40  5 48 49  1
  - 40  -  - 10  - 15 41  7 50 46 11 35 47  - 36 44 38 43  - 12  -  -  -  - 39  - 20  -  -  -  -  1  - 14 37 16 23 24 49 18 32 22  -  4  - 27  6 31  -
 30 26 10 20 48 24  -  9 11  - 36  -  - 17 42 49  -  - 15 41 44 12 34 29 37 31 16 18 21 43  -  -  4 27  5  - 22  2  7 23  - 47  8  6 33  - 38 19 39 50
  - 22 32 13  - 11 19 33 29  - 15  3 10 14  -  9 45 37 35 12  4  - 25  5  2 18 46 17 44  - 24 42 39  - 48 43  - 28 31 40 38  6 50  -  - 23 20  8 30 27
  - 39  - 14 37 50  -  2 16 12 31  6  3 43 21  8 13  -  9  7  - 24  - 38 32  - 10 41  - 15 20  -  - 23  - 33 47 36 49 22 35 28 29 27  - 11 18  - 25  -
  - 17 49 39 26  4 41 20 48 33 43 47 14 46  - 32 16 12  1 50 34 23 44  - 24 22  6 36 18 28 31 29  8  7 25  - 10  - 38 13  9  -  - 11  - 30 37  - 35  2
 43 48 22  - 49 19 26  6 13 42  - 23 15  - 44 17  8 31  - 14  - 25  - 12 39  3  5 21 16 38  7 47  - 41  9  - 46 24 30  1 36 10 27  4 37  -  - 50 33 28
  - 30 40  - 43 20 22 23 28 36  5 33 46 37 38 26  - 39  - 29 15  -  2 13  9  - 27 35 50 44 18  - 11 24 12 32  4 25 47 10  - 49 31  -  7  -  - 45 34  8
 22 23 35 24 11  1  9 50  3 20 14 40  7 12  - 42 31 18 16 46 47 10 26 30  5 17 34 29 15 48 36 38  - 37  - 49  - 43  4 25  - 44 32 13 19  8 39  2  6  -
 15 33 38 17 28 27 50  8  4 26  6 41  - 18 31 40 23 46 25 39 14 37  5 20 19 34 42 48 35  - 22 32 24 36 29 21 11  1 12  - 44  -  - 16 45 47 10  3  7  9
  6 21 13 29 18  7 48 19 49  - 23 27 33  2 20 31  4 45 26 16 32 47 36  - 35 15  - 12 43 50 28 37 46  9 10 11  - 41 22  -  3 14 42  1 30 24 40 25 17  -
 24 34 48 47  -  -  - 14 35 19 45 43  1  -  7 11  -  - 33 10 41  2 12 42  - 29 13 25 26  6 44  - 20  - 37  8 49 22 39  9 46 40 18  -  5 17 23 21 36  4
 42 43 36 19  5 35 17 24  9  2  -  -  - 13 29 18 14 26 46 37 28 48 31 49 33  6 38  8 32 41 34 44 25  4  3 45 30 21  - 15  -  -  - 47  1 20 11  7  - 39
  -  1  9 41 27 10  5 28  - 45 33  8  -  7 48 34 15 16 14 44  - 50 32 21  6  - 30  2  -  3  4  - 13  - 49 47  - 12 25 11 31 39 19 42 38 43 24 35 37 40
 50 10 11  4 22 23  1  7  - 34 48 13  5 49  6  - 38 42 29  2 17 27 47  9 36 40 14 30  3 20 19  8 43 44 24 41  - 33 26 39 32  -  -  - 15 25 31 28 16 18
  - 44 37 35  - 13  8 11 15 17 19  - 43 29 49  5  - 33 47 28  9 45  6 16 21 24  3  4 22 34 25  - 12 40  - 36 38 14 32  7 39  -  2  - 23 31 42  - 46 10
 13 12  2 45 30 14 18 43 37 49  1 36  - 26 47 28  -  - 11 24  -  5 27 41 17 35 29 46  - 40 23  4 19 39 22  7  - 20 34  3  6  8 38  - 32 15 25 33 10  -
 48  - 27 16 25  - 29 38 19  -  - 34  8 40 36 10  -  -  -  3 23 18  -  - 47 50 35 11 17 24 30 12 42 43  6  5 32  7  - 37 41 15 49  - 22  - 13  - 28  -
 33 24 17  -  - 43 36  -  2 35  3  7 20  -  4 46 32 50  6 13  8 28  -  -  - 30  -  9 27 23  - 48 41 11 34  - 14  - 44 29 15 18 26  - 49 45  - 31  5 22
 44 37 16 15 50 33 38 29 45 32  7  - 13 41 17 12 10  5 42  -  -  9 43  -  - 25 36 28 39  -  1 35 48 14 30  - 20 11 23  6  8 19  -  2  -  3 34 22 21 47
  - 35 24 40 29  -  2 44 33  - 13 16 50  - 28 41 48  9 12  - 26 46 22  -  8 45 37 10 19  1  - 39 15  - 42  3 23  6 43  4  - 31 17  7 14 36 21  5 11 30
 39 27 43  6  -  8 35 34 14 22 24  - 32  - 37 30 42 29 31 33  - 26  3  7 15 10 45  - 38 12  - 11 28 49 20  - 13  5 17  - 19 23 48  - 25  -  1 47  2 46
  9 49 47 27 38 29 24 13 42 43  - 28 12 15 30 20 37  -  8  - 46 11  - 22  - 32  7  - 41 10 40  - 31 35  -  - 17 34 45  -  -  4  6 26 39 50  3 36 18 48
