2000
 20  - 29  -  -  5  6  - 19 31  -  - 36 12 44 16  9  -  -  1 11  4  - 48 42 34  - 46 25 49  - 38 23 18 33  2  -  - 28  7 47  - 22 21  3 15 14 27 39  -
 35 12  - 19 17  - 11  -  -  4 23 50 13 15  - 24  - 45  2  5  - 49  - 25  8 22 10 29  6 18 46 30  7 33 48 37 47 34  - 38 36  - 42  -  - 21 31  - 28  3
 17 23  - 20 30 43 26  4 44 11 32  3  -  - 47 18  - 38 28  - 31 41 45 33 12  -  -  2 46 16  6 25 24  1  - 36  - 50 13 39 29 42 14 27 15  8  - 22  7 10
 29 41 38 26  1 46  - 21 45 50 27 23  3 36 28 48  - 39  8 14 20  5 31  4 32  -  9 34  -  6 40  7  -  - 47  - 13 43 11 49 10  - 15  - 37 16 33 24 19 42
  -  - 16 46  -  -  - 12 11 48 39  - 15 34 36 21 22 13 29 47 30  7 18  5  - 35 50 19 49 20 28  - 31 44 45 40 25 32 24 17 26  6 33  8 10 43 38  3  4  1
 22 20  -  7 10  - 46 45 47 49 26 43 12  5 40 29  -  - 21  -  -  - 24 23 33 19 39  - 16 42 41 35  -  -  6 15  - 37 50 27 11 31  1  2 17  -  - 36  - 34
  9  7  - 34 18  - 43  -  6 36 19 14 32  -  - 30  2 16 11 31 42 25 44 45 46  - 41 12 40 33  4 29 38  3 37 39 28  - 35 20  -  1 49 15 50 22 21  -  - 47
 14 28 26 32  5 21 42 19  2 37  7 20 40 41  -  9 29 50 35 11 47 22 33 18 15 27 45 16 23 48 34 13  1 10  - 17  3 38  - 43 46 24 12 30 31 39  8 44 49 25
  -  - 32 13 48 38  - 42  5 17 21 26 27  - 37 11 14  1  - 20 10 35  2 28 30 29  3 25 18  -  - 19 12 15  - 49  4  -  9 46 40  -  8 33 45  6 39 41 16  -
  2  -  -  5 26 11 31 28 12 30  9 41 43  7 17  - 25 14  -  4  -  -  - 36 29 16 27 35 22 15 10  6  - 45 20  - 37 39 48 23  - 18  - 46 49  -  - 38 50  8
  - 49 50 37 36 26 41 38  -  - 28 25  1 22  8  -  -  9  4  2 39 46 14 20 24 23 30 13 33 43 44 12 47  -  - 35 16 31 45 42 32 19 40  3 18 27 11 48 21  5
  - 37 39 12 29 20 10 46  1 33 45 27 25 24 14  - 18 17 42 13 19  - 38 21 48 26 28 22 11 50  2 23 49  4  5 34  -  -  8  - 41  3 44 47  9  - 30  -  -  -
  - 34 25 18 28  7 47  - 20 22  6  - 33 46  - 12 49 26 14 19  -  - 27  1 21  - 37 10  3 44 42 50 45 43 31 11 48 16  -  8 13  - 24 23 40  -  -  - 30 29
  4  3 10  - 12  -  - 44  -  - 16  - 29 11  - 28 45  - 30  -  - 26 25  - 49  1  - 33 13 19 50 36 35 22 27  - 17 46  - 31 34 20 43  -  2  -  - 14  -  7
 16  -  -  - 47 23 27  -  - 45 42 24 38  - 22 20 19 44  3 34  9 36 12 26 31  - 17  - 14  -  5 28 33 21  - 43 15  8 46 32 30 41 10 18  4 50  1  2  - 37
 24 17 18  9 11 33 48 31 37 32 36  -  6 39 30  - 46 43 15  - 28 29 13 27 16  4  7 26  - 25 12 41  - 40 42 50  -  - 20 47  3 14 34 45 19  2 44  1  5 23
  8  - 48  - 34 18  1  - 32 26  2  6  - 45 29 23 12 27  9 44  - 33  - 50  - 13 42 28  5 30 14 15  - 39 21 46 31 17 38  3  - 49 37  -  7  - 35 40  - 24
 37  - 45 11  7 39 44 20 48 16  - 33  - 32 31 49 10  - 23  - 21 12 28 29 18  - 35  3  1  - 22 47 17 13 38 14 30 42  - 36 27 26  - 41 34  4  9 15  2 50
  1 42  - 45 46 25 23 15 22  8 49 18  7  - 50  6 32 30  - 43 13  - 41  -  5 40  - 47 21 31 20  4  - 48 19  - 44  2 26 10  - 29 17 34 39  - 36 11  9 35
 50 22 30 10  -  -  7 33 29 24  -  - 23  -  - 31 13 12 26 49 36 45  9 39 37  - 43 44  -  - 35  1  6  8 11  - 34  - 21 25  5 47 38  - 14  -  2  - 15 48
 30 19  8 41  6 29 13  - 10 12 25 35 42 31  -  2 43 20 36 16 40 23 48 17  - 21 49 37 34 32  7 26 28 24  -  5 18 11 44 14  1 45  - 38 46 33 27 47  -  4
  - 25 12 31 15  4 30  1  - 35 37  - 50 48  - 17 11 21 43  3 26  8  -  7  -  6  -  5  - 22  9  - 14 47 28 13 20 45  2 24 16  - 41 32 23 34 19 18 46 49
 48 31 21 25 44  6  3 37  -  -  - 13  2  9 38 33 47 22  - 32  -  1 43 49 19 42 40 50  - 34  -  8 41 26 23 28  5 10 36 35 18 11  - 14 20 29 17 46 45 15
  5 43  -  8 45 22  - 32 50 20 33  4  -  2  -  -  - 49  - 10 29 38  7  9  - 37 11  - 31 13 16 18  3 34 44 42  - 36 30 19  - 15  - 12 27 26  - 28 48  -
 21 10 49 29 40  8  -  9  - 14 30  -  4 42  - 26  - 11  - 41 44 27 19 13  - 31 36 43 47 35 25 22 16 28 24 48  -  3 32  2 12 46  5  7  - 23  6 50 37 33
 13  - 20 30 49 50 29  - 42 46 24 19 31 47  2  -  4  5 12 27 17  -  3 22  1 36 23  -  7 14  -  - 26 32 18  -  8  - 33  -  - 10  - 28 21 41  - 16 43 11
 47 16 28 40 50 42  - 24 15 18 31 22 45 37 41 25  - 29 39 30 49  2 34 43  3 32  8 14  4  9  - 44  - 46  7  1 27  - 23 11 17  -  6 36 26 12 20 13 35 38
  - 29 11 28 24 15 49  -  -  1 10  2 34 13 21 46  -  3  - 17 22  6  5 30 25  -  4 23 27 26 31 32 19 36  -  - 33 41 16 12 45 50 35 42 38 44 37  7 18 14
 27  6  7  - 38  2  - 48 23 13 15 47 20 21  5  - 37  4 33 12 25 34  - 24 35 18 44  -  8 41 39 45 46 50 16 30 10  9 17 28 49 22  3 29 32 31  - 19 42  -
 26  - 36  - 21  - 15 34  9 25  3 49 41 14  - 44 28  7 37 35  8 43 40  - 39 11 22  - 32  4 23  2 30 20  1 10  -  - 29 50  -  - 19 48  -  - 16  5  - 27
 15  2  6 21 39 32 24 49  -  - 47 48 14 19  -  -  8 28 17 37 35 42  -  -  7  3  5  9 10  - 33 43 13 29  4 31 11 25 12 30 20 27 23 44  - 38 46 45 26 18
 11  5 42 38 35 30  - 25  4  -  1 21 28 44  7 32 36 41  -  -  - 47 29 14 23 49 26 18 48  -  8  - 27 16  3 45  2 22 10 33 31 34 20  -  6 24 43 37 12  9
  - 11 13  - 31 14 21 36  - 27 22 40  9  3 19 37 38 48 20  -  7 50  6 35 26  5 29 32  2 23 47  -  8 30  - 41  1  - 39 45 43 16  4 24 28  - 15 25  -  -
 28  -  - 50 33 47 38  - 41  6 35 12  - 49 43 36 27 37 25  - 45 11 46 15 40 44 19 48 42 39  -  9 29  7  2 21 32 20 14  -  4  5 16 26 13 18 10  - 22 31
 45 26  - 23  3  - 37 40  -  5 44  1 18 17 11 41 21 10 31 42 14  9 39  8 27 15  2  7 30 24 43 33  - 49 13  - 50 28 25 22  6 48 47  4  - 32  - 34 36 19
 32  4  9  2 14 40  8 18 49  3  5 39  -  - 16 42  1  - 10  - 46 15 11 34  - 33  - 36 19 21 38 48 43 41 50 47  7  - 22 37 35 17 28  - 24 25 13 31  - 26
 19 46  -  6  8 49 33 17  3 15 50  7  -  1  -  - 23 34 32 22 38 31  -  - 41 14 25 24  9 11 13 16  5 27 30  4 35 29 18  - 42 28 26 10 44 36 45 12 20 40
 49  -  4 27  2  1  -  3  - 42 12  - 35 29  9  -  7  -  - 15 23 20  8  - 28 10  -  - 41 37 32  - 11  - 22 33  -  6  - 26 39 38 31 16 36 48 50 43 17 44
 33 27  3 49 16 48  - 47 36  9 17 42  5  -  6 15 50 32 19  7 34 40  4 31  - 20 14  1 28  2 30 24  - 12 41 25 38 26 37 21 44  8 11  - 43  - 22  - 29 46
 40 30 17  - 25  - 16 43 28 39 11 38 46  4 33 45  -  2 22  9  - 10  -  - 36 50 48 27 26  7 49 31 44 42 32 20 41 21  -  6  - 37 29  1  -  - 18  - 14 13
 41  -  - 14 22  9  - 23 26 47  - 44  - 10 34  - 17  -  - 25  -  - 16 42  - 43 31  8 29 45  1 37  -  2 35  7  - 48 19 13  - 30 46 49 12  3  4 39 24 21
  6 21 34 35  - 37 22  5 33  2 14  -  - 18 26  3 24 15 47 36  1 13 17 10 38 41 16 42 43 28  - 20 25 11 46  -  - 27 31 40 48  4 45 50  -  - 49 32 44 30
 34 35  -  1  - 36  4  2  -  - 48 31 47 25 24 50 16 33 46 39  -  - 20  - 22 45  - 17 12  8 18  -  -  6 26 29 23 15  3  - 14 43  -  9 11 42 28 21 10 41
 44 15 22 24  9 17 12 50  - 38  -  - 16 30 25  7 42 35 49 26 33 48 10 19  -  8  6 41 45  1 37  3 36 31  - 23 40 13 34 18  -  2 27  -  5 11 32 29 47 39
 46 14 41 33  - 45  - 11 34 43 38 30 49 16 13  4 40  6  5 48 50  - 23  3 47 24  - 31  - 27  - 39  - 37  -  - 26 12  1 44  9 25  -  - 22 10  7 42  8 28
  7 45  -  - 32 34 17 35 25 41 18  - 48 43  3  - 26 31 50 28  6 37  -  -  -  - 47  - 20 38  -  -  -  - 29 27 42  -  -  1 15 23 39 40  8 30 24 49 33  -
  - 48 24  - 20 19 35  7  - 40 29 34 26 28  - 43 44 47  - 33  2 14 30 32 50  9 15  6  -  - 17 27 21 38 12  3 46  1 49  -  - 39 36 11 42 13  5  8 25  -
  3 33 14 47 27  - 45  - 43 28 34  5 44 26 42  8 31 46  6 50 41 30 35  - 20 25 18 39 36  - 15  -  - 19 49 24 22 40  -  4 38  9  2 37 48  - 12 10 23 17
  -  - 15 22  4  3 28  - 18 23  8 11 10 40  - 39 48  - 45 46  - 44 49 37 43 38  1 20 24 17 21 14 50 35 34 26  9  - 42 29  -  - 32 31 25  5 47 30  6  2
 25  - 31  - 43 28  5 14 35 10 13 16 19 38 49 27  3 42  7 45 37 24 36  6 17 39 21  - 50 12 26 11 34 23  - 18  - 47 40 41  2 44  9 22 30  - 48 33  1 20
