2000
 14 44 18  8 50 28 35 31  - 49 29 42 32 34 16 47  6  - 26 38 37 20 41 21  4  - 48  9  3 23 12 22  2 39 27  -  - 43  1 24 33 46 15 30 11 36 25  - 13  -
  - 36 16 14 30  -  -  9 29 13 39  - 19 50 33 40 47 23  5 27 18  - 46 41 48 44 25  4  -  6 37  - 45 49 12 20 32 42 10 22 15 31  - 17  7 26  2  - 34 24
 23 16  - 39 27 25 38 47 28  6  - 20 31 35 19  - 36  9 18  7 14 24 42  5  2  8 15 17 48  - 45 50  - 26  3 37 29 10 41 21  - 13 44 11  1 46 33 30  -  4
  2 15  8 27 24 38 40 50 14 37 16 34  -  -  - 46 49 47 45  6 42 39 32  4 28 43 20 26  - 12 31 29 44  - 41 11 17 35  - 18  3 33  -  1 19 10  -  7 48  -
 16 19 48 40 28  2 43 34  - 38 26  - 21  -  3  - 37 33 13 15  -  - 22 14 20  1 29  - 12 18 46  9 25  - 36 23 39  -  7 32 47  - 45  - 27  -  - 42 31  -
 48 35 49 22 34 17 47 29  - 28  7 31 44 40 42 11 26 27  1  8  6 36  - 37  9  -  -  - 45 50 15  -  -  -  -  4 10 32 43  3  - 41 13  - 24 20 14 46 16 21
 43 10  -  - 36 29 11 39 21 15  6  -  - 46 13 26 27 20 19 41  4 16  9 18 32  - 28 14 44 37  - 12 50 48  1 38 31 22 33  - 34  5 40 25  - 49 45  8  2 17
 47 11 46  -  3 49  4  - 40  - 42  -  5 13 31 39  - 19 48  - 33  -  - 43 50 20 36 28 37 15 23 41  9 22 44  2  6  8  - 27  - 35 34 45  - 18 10 16 29 25
 20  -  1 33  4  - 22  6 23 11  - 16 35 31 49 32  -  3  9 39 43 38 29 25 24 12 42 15 40  - 41 28  -  - 47 13  7 45  - 46 27 30 10 50  5 21 37 36 17 34
 17  9 44 32 47 13 34  -  1  - 23 39  6 26 43  7 20 16 11 22 46 15  8 36  3 19  - 38 42 14 30 37 21  2 31 28 50 18  4 45 35 24 29 27 25 48 49  - 40 12
 30  1 45 50 19  - 17  3  - 43 27 13  - 28  9 14 12  - 31  5 29 34  - 47 38 16 18  - 25 32  4 23  - 36  2 26 22  6 35 33 44 39 11  -  - 15 24  -  7 46
 24  - 29 42 17 36  -  - 35  3 43 47  - 11  - 44  8  2 14 28 22 46 37 50  1  - 26 13 34  - 40 15 27 45 19 31 41 33 30  -  - 23 49 18 21  4 38  -  -  -
  -  -  2 11 38 35 41  - 19  -  3  - 22 27 21 25 13 48 39  - 20 28  - 24 15  - 37  1  9  - 44  - 49 50  5  -  4 12 45 14 17 47 16 42 26  7  6  - 30 10
 46 31 42  3 45 14  2 43  -  5 13  - 23  - 47  6 19  1 32 24  - 37 34 27 16 30  -  - 10 22 36 17 20 41 49 15  - 26  - 40 50 12 35  4 39 29 11 28 18 48
  - 13  5 29 41 32  -  -  9 16  -  - 12 17 48  - 18 24 36 21 45  -  3 40  - 42  - 43 33  -  6  4 23  - 46 49  2 15 38 30 10 14 28  -  -  - 34 22 19  7
  4  - 31 47 44 42  - 26 10 25  8  - 27  2 28 19 15 34 21  -  - 33  - 17 18  -  - 45 20  - 14 46  -  6 43  9  1 41 39 23 29 22 32 37 30  - 35  -  - 38
 31 24 32 37 21  - 19  -  6 27 50 48 25  3 35 29 23 15  - 14 28  - 13 44 17 45 11 49 18 30 10  -  -  - 20 42 26  7 12  -  1  -  -  2 40 41  - 47  5 36
 25  5 30 48 20 12 24  - 50  - 34  -  -  - 44  3 10 18 28  - 36  1 14 42  6 21 49 41 39 27 35 45 38 31  -  - 13 17 16 29 40 11 46 15  4 37 19  9  - 47
  5 46 33 45 43  9  - 17 39 19 44 25 49  -  6 15 29 30 27  -  7 47 35 26  -  -  3 34 24  - 32 38  4 12  - 22 40  - 37  - 13  - 21  -  - 14 18 20  - 31
  - 40 27 13 48 45 37 11  - 32 35 14  - 16 25 49 44 41  6 42  -  7 18  1 31 50 23 22 47 39  - 24  -  -  -  -  5  3 46 19 30  2 20 26 10 43  -  4 28 33
  1 27 43  5  -  6 28  - 44  -  -  -  - 22  -  - 48 26  - 16 15  4 21  2 49 34  -  - 41 29 11 20 24 35 13 46  - 39  - 10  9  3 12 36 37  - 50 33 23 30
 37  -  -  - 25 40  8 42 11  -  4  2 15 41 29 35 45 36  - 18  3 14 47  6  -  9 10  -  - 17 43 48 26 20  7  -  -  - 49  - 39 27 31 33 22  - 28  - 50 16
 44 28  - 15  9  - 25 27 45  - 41 43  - 10  -  - 38 49 47 33  - 18 31 13 37 24 39 32 29  -  7  -  3  1  -  - 20 19  - 42  -  - 36  - 35  - 12  6  4 50
 11 42 37  2 18 31 26 35 48 17  -  1 13 43  4 28 41 14  8  - 24  - 16  - 30  - 40  6  7 10  - 25 22  - 39  3  - 49 20 50 36 21  - 12 33  5 46 29 45 15
 36 22 28 18  8 16  - 48  3 50  - 15  -  - 27 31 39 40 44 20  5 25  -  - 47 41 24 19 23 11 26 33  6 10 14 30 35  -  - 12 46  - 43  - 17 32  1 21 38 49
  - 30  - 35  6 23 18 14  - 47  -  4  - 32 10 21 24  - 43 29  -  - 19 20  -  -  7 50 49  9  -  1 36 27 42 39 34 48 31 11 28 45  - 22  -  8 16 17 46  -
  - 47  6 43 16 39 10 12 34 24  -  - 11 33  2 42  9 29  4 50 19 49 27 32 44 26 17 23 30  -  - 21 15  - 45 48  8  - 28  - 31 37  5  - 36 35 13 41  -  1
 28 33 14  - 39 10 50 44 16 23 24  -  -  6  8 36 11 12  -  9 34  - 20 15 42 29 35 40 46  - 13 26  1  4 48  - 21 47  5  7 37  - 41  - 31  - 22 38  -  -
 39 25 20 44 37 26  3 24  5  7 46 41 17  - 36  - 28 11 23 43  - 13 15 33 19  - 22  -  1 38  8  2  - 18 40 35  9 27  - 31  - 32 50  -  - 16 42  -  -  -
  - 39 13 21 12  4 36  8 30  - 17 38 47  - 23 34 46  6  3 48  1 42 25  -  - 37  - 16 11 31 20 35  - 15 32  - 43  - 27 44  2 29 18 24  - 50 41 10 49 40
 45 41  7 25  -  - 14  -  - 34 15 19 38 21 24  - 40 35 12  4 49  2 33  8 27 32 46 11 31 26 28 30 37  - 29 16 18  1 50  - 23 17 39 44 20  6 47 13  9  -
  - 37 50  6 31 41 20 38  - 30 28 23 46  - 40 10  5 13 22 26 47 29 24  3  7 15 32 39 21 33  - 16 42  9 11  1 45  2  - 34 14 25  4 43  - 12 48  - 35 27
 10  4 38 26  1 30 23 28 20 29  - 36  -  -  - 24 17 22 40  - 48 44  5  - 11 46 27 47 50 13  - 42 35  7  8  -  -  -  3  6 41 15  - 21 16 19 31  - 33 18
  9 21 35  1 13 15 29  -  - 18  -  8 10 23 14  - 22 45 34 25 41  5  4 49 46 36  2 12 27 40 19 44 47 24 30  - 16 31 48  -  7  - 33  - 43  - 20 39 11 32
 49 38  4 46  5  - 21 40 24  9 30  3 20  1 39 50 31 25 42 34  2 10  - 23 41  - 14  - 43 36 29 47 32  -  -  - 28 11  8 16 45 18  - 19 15  - 44 27 37  6
 12 18 19  - 11 20 15 16 37 33 21  6  1  -  7  - 25 17 29  - 26 31 30 48  -  -  - 27  8  -  2  3 43  5 50 10  -  -  -  - 42 36 22 34 13 24  -  - 41 28
 32 50 47 36  2  - 46 49  - 14 31 28  -  5 17 33  - 21 37 19  - 45 11 38 40 48  -  3  4 43  - 10  8  - 35 44 15 25 29  -  6 20 30  7 41  1  - 12 22  9
  - 26 12 31 14  5 44 10 46 22 25  - 37  -  1  8 35 50  7  2 38 11 28 16 45 17 30 36  6  4 42 19 33 47 21 24 23 29 18  - 20 34 48 13  - 40 39 49 15 41
 27 43 39  - 22 19 30  5 33 20 36 37 28 38 11  2 16  4 49 12 31 50  6 10 35 40 45 21 17 34 48 32  7  - 25  8  - 46 15 13 18  -  1 14 29 23  9  - 24 42
 50 23 36 30 33 11 49  2 42 35  - 45  3  - 18  4  7  8  - 31 21 48 39 12 29 47  1 25  5 28 27 13 10  - 34 17  - 20  - 41 26 40 38 16  9 22 43 44  - 14
 21 49 41 12 42  - 27  4  -  - 33 24 36  7 38  1 34 31 25 13 16  -  - 35 10  -  - 20 32  5 22 11 46 29  - 45  -  -  9 15  - 28 26  8 44  - 17 18 14  3
 18 17 21 10 29 47  - 19 15 31 14 44 26 42 22  - 50 32 30  3 35 41  2  - 39  4 34 37  - 45 49  - 16 25 28  5 38  - 23  8  -  1  - 46 48 27  7 11 43 20
 41  8 34 49 26 22  9  - 27  4 12 29 40 18 15 48  2 39  - 37 10 35  1  -  5  3 38 42 14  7 21  - 17 19 24  6 25 16 11 36 32 50 47 28  - 13  - 43 44 23
  6 34 26  9 46 33 48  -  7 44 45  - 50 15 20 22 21 42 24  1 30  8 38  - 13  - 12  5 35 19 39  -  - 43  4 29 11 36 40 37 49 16  - 10 47 28 23  -  -  2
 42 12 10 23  - 18 45 15  - 39  -  - 16 36 32 37 30 28 41 46 25 43  - 22  - 49  - 29 19 21 50  7  - 44 33 47  -  5  -  4 11  -  6 48 34  -  3  -  1  -
 29  - 40 34 23  - 16 30 31 41 48  5 24 20 37 18  4 43 50 36  - 22 44 11  8 33  6 46 26 42  - 39 28 14 10 32  -  -  2  - 25 49  - 38 12  - 27 15  -  -
 19  6  3  - 15 34  - 13  4  -  1 21 18 24 41  - 32 46 10 35 39 17 43  7 33  5 50 44  - 47 25 36 11 40 38  - 14 30 22 26 16 48  9 49 28 45 29 37 12  8
 26 14 25 16 32 50  6 20 13  - 49 22 29 47 46  9  3  5  -  - 44  - 10 34 43 11  - 33 38  8 24 27  - 28 18 41  - 21  -  1  -  -  7 31 23 17 15  - 39 19
 13  7 17 28 35 27 12 46 22  1 18 26 39 45 50 43 33 44 16  - 32 19 40 30 21 31 47  2  - 41  5 49  - 11  - 14 36  - 34 20  4  9 42  6  -  3  8 23 25  -
 22  2  - 19 49  1  5 45 32 36 10 18 30 29 26 20 43  - 38 17 11  -  - 46 12 35 41 31 16 44 33 14 13 21 15 34 48 28 24 47  -  4  - 23  6  - 40  3 42  -
