2000
  - 20 47 25 18 40  -  - 12 44 28  4 48 46 34 36 10 31  - 19 26 13 33 39 37 24 42  3  -  - 38  8 16  - 43  -  6 29  2  -  -  1  - 30  9 21 49  7  5 32
 33 38 27 42  6 41 48  2  5 31 37  - 29 18 21 39  - 45 34 17  8 35 49 16 11 43 24 20  - 26  - 30 40  4 15  7 13  -  - 12  - 22  - 10  1 46 19 44 47  -
  - 44 35 10  5 25 31  4  9  7  - 19  6 50  - 17 45 27 33 22 16 12 14 46 32 23 37 18  - 34  - 38  - 20  - 39 42  - 48 26  3  8 28  2 13 36  1 49 29 15
 30  2  -  - 28 29 50  - 22 49 43 18  8 44  6  - 26 19  - 23 32 40 41 11 14  3  9  - 46  - 24  1  - 47  7 45 35 10  - 36  5  - 38 17 16 34 48 25 39 27
  1 18 40 21  - 23  - 16  2 22 39 26  9 25 13 28 49 34 12 31 44 43  8 20 33 11 35  - 48  - 19  3 36 50  - 10 47  - 42  -  -  -  -  6 46  7  4 14 30 29
 38 45  3 33 26 49  6 32 37 41 44 47 15 17 40 22 34 30 48 35 19  2 25 23  -  -  8  9 50  - 13 21 24 14  - 36 27 16 11 10 43 18 20 12 31 39 28  4  1 46
 44 42 22 13 15 26 29 46  -  8  - 40 11  -  1 18  5 23 30 16 28 48  - 19 49  - 34 43 31 21  - 25  - 41 47  -  2 27  3  6 32  -  - 20 39 10  7  9 45 33
 16 23  2 30 35 48 28 18 31 21  4 11  5  - 26 24  - 20 47 12 33 36  7  3  -  - 50  - 49 22 46 29 19 25 27 42 38 39  - 32  1 34 44  - 37 43 41 40 13  6
 24 31  - 18  - 38  5 36  - 27 26  - 19 20 33  6  1 47 43 21 13 39 32 42 34  - 45  -  8  2 29 46 17  - 50 41  4 37 30 14  - 12 15  -  - 25  - 11 40 10
 47 14 30  2 23  9 43 37 41 12  -  3 39  - 46  - 28 29  - 33  -  6  5 21 18  - 19  -  - 11  4  - 35 38 17 50 40  1 25  - 22 24  - 13 48 44 15 45 20  8
 14  3  -  - 47 10  - 22 21 29 48 49 20 40  - 41 39 46 38  -  - 27  - 13  4 45  2 33 17 12  - 44  6  - 11 26 25 32 15 18 35 36  5 43 50  - 24 23 31 34
  - 15 24 34  3 11 26 44 18 39  9 21 37 38 50  1  - 42 29 13 40 23 46  7  - 47  -  5 14 45  - 10 32 28  2  - 17  - 35  8 31 27 41  -  - 20 30 33 12  -
 49 16 31 20  1 43 41 39 36 32 13  - 10 48  - 42  3  5 11 24 46 25 19 17  -  - 12 38 37 44 18 26 45 34 28  -  -  7 22  - 27 21  - 47  8 40  6  2 35 30
 36  6  9 43 17  5 42 30  -  -  - 37 35 19 20 47 32 15  - 49 31 50  - 18 45 13 22 29  - 25 16 40  2 21  - 46 44  - 14  7  - 48  - 24  - 38 11  -  -  -
  - 21 37 29  9  2 40 10 39  5 19  - 22  - 11 43  - 48 18  - 25 32  - 15  1 14 41  7  4  -  3 47  - 23  - 35  - 50  8 42 26  - 33 34  - 27 17 38 28 13
  - 17 43  5 16  - 47 15 14 10 38  7 42  -  3 19 24  1 27  6 21 41 37 49 28 22 36  4 33 35  - 48  9  - 44 13 46 18 20 31 30 25 40 11 29  - 32 50 23 26
 12  - 32 50 14  7 19 13 46 42  - 31 36 15 43 30  9 41 37  - 35 21 18 10 25  - 49 34 11  - 27  2 22  5 45 28  1 44 39  3  4 40  - 29 26  6 16 48  - 20
 46  1 42  - 12 24  - 48  6  - 23  - 44 32  7  3  - 40 31 18 17 19 20  - 38 16  5 27 35  8 34  - 15 10  -  - 50  2  - 45  - 26 21  - 30 11  - 41  4 47
 41  9 38 23  - 13  - 28  -  - 22  2  7 42 24 26 36 10  3  - 39 37 35 29  - 25 15 49  6 47 43 50 21 17 19 20  - 11 45 44 18  5 16 48 33 12 31 46 27  -
  3 24 17 49 20 15 44 27 38 40  2  -  - 13 39 11 22  9 25 42 30  - 21 36  5  -  6  - 43 23  - 28 47 29  - 37  -  8 19  - 46 10 31  - 45  - 12 26 14 18
 18 41 20  - 27  6  7 43 19 33 11  5 45 34  - 32 17  8 24 10 22 16 31 44 36 39 29  - 12 50 25 35 38 13 40  - 49 23  9 30 37 15  - 28 47 48 46  3  2 21
 22 43  - 19  7  1 38 14 17 45  -  9 30 27 25  5 40 37 16 48  6 26 44 24 21  2 11 39  - 36 49 32  - 33 41  3 18 31 12 50  -  -  8 42 15 35 23 29  - 28
 10 36 15 26 49 47 30 23  - 48  3  - 31  - 17 35  6 16  - 41 12 11 38 25 46  5  - 21  - 33 22 34 18 40  -  - 28  -  1 43 45  - 19  -  2  8  - 32  7 50
  6  -  8 11  - 50 17 24 33 13 16 42  1  5 19 14  7 18 22 44  - 45 29 32 23  -  4 47 39 27 31 15 20 49  - 21 34 36 38 28  -  -  9 35  - 26 43 37 25 41
 42  -  - 17  - 33 35 25  - 47 50 34 46 43 36 12 48  -  6  4 23  8  - 28  - 38 14 22  - 31 44 16  3 24 18 30 41 26 27 49 40  -  7  1 20 13  5 21 15 39
 43  5 19 45 38 35  -  3 15 24 27 32  -  -  -  -  -  6  8  7 10 47 23 31 42 46 26 40 34 48 39  - 13  - 25  2  9 28 36 29 33 11  -  4 17  - 50  1  -  -
 23 30 25  6 37 32 22  9 27 11 18 48  4 10  -  - 12 50  5  1 20  - 34 38 17 29 40 19 42  3 35  - 28 44 13  8 26 15 47 24  -  - 43 36 21 33 14  - 41  7
  9 22  5 46 13 16  - 38 50 15 20 36  -  - 23 45 25 26  - 37  2 17  3  4 39 21  -  - 47 41 40 18  -  1 30 32 48 43 31 33  - 49 11 27 14 29  - 10 34 42
 34 35 50  4 24  8 36 26 40  1 29 33 41  - 10  7  -  -  - 20  - 31 27  5 48 18 44 32 25  -  6 45  - 42 16 47 39  9 46 15  - 43 13 49  3 22  2 28 17 37
 50 28 44 38 31  - 16  -  -  2  5 29 32 23 47 46 27 39 49 14  9 10 12 30 26 37  -  -  1 24 15 41 11  -  6 48  - 13  - 35  - 33  4  8 42  - 22 34 43 45
  4 25 33 22 50 14  - 19  -  6 34  8 40  -  - 27 29 21 17  - 43 46 15 41  -  - 20 11  3 30  5 12 10 26 32 31 16 38 49  1 24  - 48 37  -  - 42 47  9  -
 48 34 18 24 44  -  - 31 16  - 35 17  2  4  - 49 38  - 10 11  -  - 39 26  8  6 47 28  7  - 20 37 33  -  - 14 12  5 13 19 29  9 45 40 25 42 27  -  3 23
 20 32 14 27  8  - 15  -  - 34  - 12 47 26  - 10 37 44 36  2 45 18  6 40  3 42 28 46 23 13  1  4 48  9 39 43 24 25 50 11 41 17 35 22  7  5 33 31 38 19
  5 12 26 48  - 28 32  - 23  - 10 24 34 22 37 44  2  4 45 43  1 38 50  9 41 15 13  - 27  -  -  -  -  -  3  - 31  -  6 46 14 39 36  - 19 18 47  8 21  -
  -  7 46  -  -  3  -  - 35  9 31  6 14  1 38 15 16 43 50 27 34 28 47  2 22 20  - 45  -  -  - 13  - 30  -  - 19  -  - 41 44  -  - 18 23 49 37  5 48 11
 35  - 39 41  - 20 25  7 44  - 40 38 49  9 32 16 31 11 13 36 47 33 26 48  -  8 18 12  - 28 37 22 30  - 34  -  5  - 24 21  -  - 46 15 10  - 45  - 42  -
 32 40 34 15 30 19 46  - 10  -  -  1 28 11  2 21 23 35  9  5  -  4 17  - 31 12  - 50  - 39 42  - 41 45  8 44 37 49 16  - 13 29 47 38 27 24 25  6 36 43
 21 13 45  - 48  - 34  -  8 20 14 35 25 36 30 23 47  - 19  -  - 22  2 37 27 10  1  6  -  9  7  -  -  - 46 38 33  -  - 39 42 50  -  -  5 32 29 18 16  -
  7  4 23  - 40 39 21  5  - 36 45  - 33 14 48  - 43 24  1  - 29  - 10 47  - 49 16  2 30 17 41  - 27  - 35 15  8  - 18  - 12 28 32 50  6 37 34 42 26  3
 40 26  - 32 46 42  - 49  - 19  8  -  - 29 12 25  -  - 20  9  - 14 36 27  6  1 17 41  -  - 28 23  7 39  - 11  3 34 44 47  - 30 50 21 43 15  - 13 37 16
  2 27 48 31  - 17 18 11  - 16 24  - 26  3 35 40  - 49 44 50 42  7  4  6 15  9 21  8 10  1 12 39  - 32 23 34  - 33 37  - 28 19 30  5 41 47 36 43 22 38
 17 11  - 44  - 12 13  8 48 43 41 39 27  -  5 20 15  7 40  3 50  - 22 45  - 31 32 25 16  -  2  6  - 36  - 24 23 19  - 37  - 14 34  - 38 28 10  - 18  9
  - 33 41 28 21  - 37 47  7 46 42  - 38 39 27  9 44 36  -  -  4 20 11  8  - 19 30 48  2 18 32 17 34 15  -  - 43 40 23  5  -  -  6 25 12  3 35 24  - 14
 29 47  - 35  -  - 12  - 25 38 21 28 43  -  - 48 42 17 23 15  3 34 13  1 20 40 10 37 19 46 50  - 49  - 26 18 22 30  -  -  7  2 24 16 44 14  9  - 32 31
 28 48  - 47  2 27 49 41 43  -  6 45  - 30 31  8  - 22 42 34 11  - 40 12  -  - 46 17  - 37  9 36  -  7 10 23 29 35 33 13 38 20  1 26  -  - 18 39  - 25
  - 29 49  7 36 21 39 42  - 30 25  -  - 31  - 34 20  3 32 26  -  9  - 33  - 48 38 44 18 16 17  -  1 11 37  - 10 47  4  2  8  -  - 45 22 41 40 12 46 35
 26 49  -  1  -  - 10 29 42 35 12 15  3  -  9 50  - 13 46 28  - 24  - 34 30 27 23 14  -  7  -  -  8  2  4 19 32  - 41  - 20 45 39 33 18 31 44 17  6  -
  - 37  6  8 41 44 23  - 34 28 46 30 17  -  -  4 19 12  - 25  -  -  1 43 47 26 27 31  - 32 10  9 50  -  -  - 21 20 40 22 49  7 42  3 11 16 39 35 33 48
  -  - 13  -  - 37  3 34  - 25  7 10 23 28  - 33  -  -  4 30 49 29  9  - 12 44 48 26 24 42 36  5 31 27 38 16 11 46  - 17  6  - 22 41 32 45 21 20 50  2
 37 19 28 39 45 46  -  1 47  - 15 16 21  7 44 29 14 25 35  - 27  5 48 50 43 41 31 13 32  -  8 24  -  3 20 12 30 17 34  4 36  6  2 23 49  9 26 22  - 40
