2000
  4 13  - 46 42 19  3 20  2  -  -  7 34  5 18 36 45 41  -  9 24 21 39  - 30  -  - 29 32 50 25 49  8  -  - 33 27  -  -  - 40 44 37  6 22  - 12 48 28 43
 18 42 25 23 37 36  -  -  - 29 43 35  6 30  - 16  - 28 14 27  8 41  7 17 12 10 38 44 39 32 20 11 47 34 31  9 33  3 24 50 19 45  -  - 13  -  -  2  5  -
 23  - 28 15 39 37 40 29 22 11  - 12 43 27 25 41 33 26  -  -  - 24  6  - 10 34  8  3 19  5  - 47 45 14  -  - 32  4 49 18 36 38 35 50 20 42  - 17 31 13
 32  -  -  2 48  6 26  -  9  -  - 42 14 15  4 37 10 20 21 39 23 43 17 24  - 16 27 22 29  - 30 19 38 49  3  8 36  -  7 35 12 40  1  - 47 28 45  -  - 25
  - 40 48  - 14 42 21  7  -  - 12 29  4 20 41  2  - 37 24 17 45 27  8 44 32 39 10 11 25 35 36 43 50  5 38  -  - 15  3 28  - 49  - 46 18 13  - 16  9  -
  - 16  7 24 34 25  - 45 37 40 32  - 21 28 33  -  -  6  9  -  1 22  - 43 46 15  - 27 20 26 44  -  3 36  8 47  -  - 31  -  5 19  - 49  -  - 23 30  - 50
  -  5  - 25 27 30 31  - 17 10 14 34 48  -  -  - 26 13 37 20 15 46 50 32 28  8 39  -  2 16  7 40  1  -  6 11  - 18 42  - 23 47 49 21  - 38  - 22 24 12
  6 14 32 13 31 18 12 11 29 35 15 39 42 47 10 45  - 44 23  3 50 38  - 20  - 30 19 25 40 22 41 21  - 26  2  7  -  - 16  9 46 48 43  - 27 37 36  - 34 24
 24 29  -  - 44  5 28 25  -  - 27 15  1  - 26 43 14 45 13 41  6  3 21  9 19 46 17 36 48 38  - 35 33 23  7 40  - 49 18 37 32  -  - 42 50 31  -  4 16 30
  -  - 15 49  -  -  9 36 26 41 29  - 30 38 11 18  2 23 31 40 21  6 46 35  - 13  - 39  -  - 32 16 25 44 33  -  7 48  -  - 43 22  - 19  8 12 37 10 47  4
  - 12 24  1  - 35 25 16  3  - 47  8 28 31 14  - 13  2  - 18 32 40 30  -  -  -  7 33 46 19  9 10 23  -  5  - 43  - 44 27 42 26 21  - 49 22 48 29 36  6
 45 35  1 20  3 10  - 40 18 14 50 44 24  - 49 39 46  - 36  2 26  8 32 47  - 19 13 34 17 11 33 48 21 15 42  6 23 27 22 31  9 37 41 43 12 16 25 28 30  5
  - 47 33 31 26 44 27  - 32  - 39 45 25  3  -  8  4  1 35 22 16 37  - 41 14 28  9 21 49 46  -  5  2  7 34 12  - 50 17 36 48 15 20 23 11  6 42  - 19 40
  -  2  -  - 35  1 42 15  - 47  8 28 11  -  - 22 44 10 46  4  -  - 29  -  - 37 33 48 18 12 49 27 39 13 24 36 21  - 41  5  - 50  3  - 34 26  - 19  -  -
 40 37 20 35 12  - 23  2  - 15 24 25  - 39  6 10 31 48 44  -  -  5 34  - 29 18 11  - 45  4  -  7 19 42 41 16  -  - 47 49 21 33 22 26 14  9 17 46  3  8
 10 38 17  5  - 16  - 24 44 42 48 26 18  8 13 31 47  9  2  6 35  - 23 50 33 32 34 45 22 41 15  3  - 19 39 21  - 30  1  -  4 28  - 25 29 14  7 43 11  -
 17 21 46  -  -  - 45  - 10  - 49 23 32  - 37 14 16 34 33  8  - 25  - 42 39 31 36 15  1 29 22 44 43  -  4 41  -  5 38 19  -  - 27 35 26  -  3 40  6 18
  3 27 23 30 16  -  - 48 34  5  - 32 17 26  -  - 41 31 47  - 28  - 13 46  8 11  4 19 44  - 24 12 15 40 14 22 35 39 20 42 37 25 36 45 10 21  - 38 33 29
 44 43 10  6  9 24 47  8 11  3 37 31 33 23 38 42 29  - 41 19 25  - 20 15 27 12 49  2 26 48 45 13  7 17 35 32 16  - 39 22 50  -  - 34  - 36  5 21  1  -
 42 28  -  7 30  - 44 22 49 20  -  -  3 37  - 11  8 25 43 15  2 50 18  - 47  1 45  - 12 17  - 41  -  4 36 34 10 29 33 39 27 13 26  - 23 32  -  -  - 16
 50 44 16 32  7 38 43 27 35 39 26 37 45 42 24  - 19  -  5  -  - 47 36  4 21  - 25 28 34 23  1 18  - 41  - 48 17  8  9 33 10 30  2  3  - 20  -  - 46 22
 43 39  2 34 23 46  7 38 41 19  4 47 27 13  - 35 30 50  -  - 37  -  1  -  9 36 42 32 10  -  5 25 11 28 21 24 12 17 48 45 26  6 15 14  - 29 44 20 22  3
  1  -  - 43 10  8 20  9 23  - 41 38 12  - 28 24 15 39 48 35  7 16  2 22 40  - 37 30 31  - 47  - 18 25  - 46  3 11 21 14 29 27 13  5 33 19 32 50 17  -
 39 48  8 50 33 14 30  -  -  1 11 22 15  7 23  3 37  -  - 21 40 44 19 29  2 25 16 17  - 10 34  6 24  -  - 45  - 35 26 38  - 20 42  4  - 46 41 27 13  -
 26 11  3 37 28 21 46 23  - 49 40 30  -  -  8 47  - 16 19 34 33 17 25 12  - 42  5 18  4 20 10  -  - 24 13 14 15 41 32  -  - 35  -  1  7 44 22  9 27  -
  - 45 29  8  2 23  - 44  - 48 46 24 35  4  1 32 27  - 49 25 42 13  5 37  - 47 41  - 50 39 12  - 30 20 15 18 14  9 11  6  3 17  -  -  - 10  - 36 21 26
 27 19 12  4 43 50 17 18 45 36  -  2  - 41 42  - 38 35 10  - 39  7  - 11 15  - 21 16  3 37 28 22 29 32 25  5 46 47 30 34 24  -  9  8 44 49 14 33  - 31
  7  9  4 17 15 20 18 49  5 25  - 27 39  - 50 30 43  - 12 44  3 19  - 48 24 22  6 10 33  2 37  - 42 46 26 28 29 16 35 47 34 41  -  - 21  8 11 31 23 36
 25 41 14 45  - 12  - 46 42 26 36 50  8 22 32 19 11 24  -  1 38  -  - 30  - 40  -  - 47 21 48 20 35  - 44 10 34 23  -  3  - 16 33  - 31 17  - 49  7 37
 33  - 40 26 50 15 41  -  - 17 34 16 13 21 44 25 18  - 28 42 20 39 14  8 48  7 30  - 24  3 31  -  -  - 23  - 37  6  -  - 49  5 11  - 35  2  -  1 43  9
 22 23 13  9  1 48 39 37 14 27 45 11  2 33 46 15 40  3 20  - 36 34 26  7 49 43 44  8 35 24 50 42 41  -  - 29 38 10 12  4 31 21  5 30 25 47  - 18 32 19
 20  7 21 41 11 26 29  3 16  -  9 43  - 25 19  - 32  5 22 37 34 10  - 45 36 17 40  - 13 49 23 33  - 12  - 38 42 24  4 30  1  2  8 18  6 35 50 39 14 15
 19 31 11  -  8 43  - 39 30 32  - 17  -  9  - 20 34  -  1 47 49 48 45 33  3  - 50 14 23 13 16 36  4 21 10 35 26  - 29  7 22 12  6  -  -  - 15 24 42 38
 13  - 47 28 38 31  1 42  - 23  -  6 50 35 48 46 20 11  - 29 19 15  - 21  -  5 32 41 16 45  - 37 34 33  -  -  - 36  8 43 14  - 12  -  9 27  4 26  2 10
 31 34  5 40  -  -  - 21  - 28 10 33  7 48  - 49 17 30  3 46  - 11 27  -  - 26 47 24  6 25 19 38 37 18  -  -  9 12 36  - 20  1 16  -  2  - 43 14 15 42
 21  - 34 29 32 27 16 31 33  - 17 40 44  -  7  6 12 22 11 23 48 35 49  - 25 24 20  9  - 43  - 46 13  - 28  2 19 26 37 10 47 36 18 15  -  5  -  - 41 45
 48 22 39 36 18 47 19 30  6  7  5 10 49 24  - 12 21  -  4  -  - 28 15  3 37  9  2 38 27 44 46  - 17 45 11  - 40 25 14  1  -  - 31 20 42 23  -  -  - 32
  - 26  -  - 21 34  - 17 39 22  - 13 20 45 47 33  3 36 40 50 46  -  - 38 16 49 28  -  5  7 27  2 31  - 29 15 41 32 43 48 25 11 14 12 19  4 35 42  8 23
 30  8 45 33 47  3 14  1  - 43  2  - 37  - 22 40 39 46 29  7  5  9 42 26 34 48 35 12 21 15  - 31 16 11 50  - 25 20  - 23 13 24 32 36 38  -  -  -  - 17
 47  3 41  - 17 39 11 19 12  6 23 49  5  - 45 21  - 32 34  - 27 29 33  1 20 38 31 35 28  -  - 15 22  - 18 37 13  - 40 26  8 46  7  - 36 43 24 25  4 48
 35 20 42 27  -  - 22 43  4 31 28  5  9 12 15 29  -  -  - 36 41  1 16  - 26 21 18 47  - 14  8  - 46 10 37 19  -  -  - 24 44  3 17 33 40  - 13 45 49  2
  -  - 36 14  - 22 48 34  - 13  3 46 38  - 17  - 28 21 27 12 29  -  - 40 31 33 26 20 15 30  4 39  5  -  - 49  8 45 50 41 16 43 19  - 24  1 10 11 37 35
  - 32  9 22 13 45  8 28 46 37 42 36 29 14  3 48 24 43 30 49 44 26 41 18 11 27 23  5 38 47 35  1 20 31 40 17 50  -  2 21 39 10 25 16  4 33  6 34  -  7
 46 33  - 44 19  -  2  - 48 24 31  - 10 34 35  5  9  8 45 14 47 12  - 36 42 29 15 49 43 40  - 26  - 16  - 30  4 21 23 25 17  - 28 27  3 50 20  7 39 11
 36 24 19  - 29 41  - 35 43 50  -  4 23 40 39  - 22  - 17  5 12 33  - 34  -  3 48 37 30 31 26 28 10  2 46 25  1 42 27 16  7 14 47 38 45 15  8 32 20  -
  2 17 38 47 49 40 10 32 25 16  -  9 26 36 34 27 35  - 39  -  4 20 37 28 45 41 22 23  7  8 11  -  - 29  1 43  5 44  6 13 33 31 24 48  -  3 21 15  - 14
  5 30 49 21 36 29 32  - 13  4 25 41 19 16 12 34 23 27 38 24 10 18 11 31 35 50  -  - 37 28  3  9 26  - 20 39  6 22 46  8  -  - 44  7 17 45  2 47  - 33
  8 25 18 16 40  - 24  6  - 12 33  - 22 17  2 26 49 29 42 11 14  -  3  5  - 20  - 13 41 36 43 23  9  -  - 50  -  1  - 15 45  4 30 28 39  - 31 37 35 47
 12 50 27  -  - 11  -  5 36 21 35 20 16 46 43 17  -  -  6 38 31  - 47  - 18  4  - 26 42 33  2 24 32  8  -  1 48 13  -  - 41  - 10 29 37 30 39 23 45 44
 49  - 30  - 24 33  - 50 19  8  - 21 46  2 20 38 25 17 16 45 18 23  -  -  7 35  - 42  9  1  - 14  - 37  - 26 31 28  5 29 11 34  4 47 32 48 27 12 40 41
