2000
 15 41 25 33 10 48  2 20 12 13 19 21  - 27 22 16 38  - 29  - 46 17 14 36  4 39 35 40  9  -  -  3 37  -  1 45 49  6 23 18 32  -  7  8 24 30  5 43 50 44
 32  - 11 44  - 34 40 47  - 28 39 35 41  6 45  - 24  7 15  -  2  - 29  -  1 33 16 23  3 17 27 12 36 46 14  -  - 19 42 10 21  - 13 20  -  4 43 30 37 22
  3 32 42  7 24 44  -  - 10  - 40 49  2 29  -  1 50 48  - 36 28 15  -  - 25 45  4 31 20 13  - 30 35 18 22  - 41 46 47 26 37 16 33 43  6  -  -  -  - 27
 25 36 41 14 39 22 28 13  - 49 44  -  -  -  4 24 30 18  - 11  3  -  8 45 15  - 40 33  - 50 34 10 29  5  - 16  6 35 21 27 38  - 37  - 26  - 20  1  -  7
 14  3 38 24 43  - 45 11  4 25 23 37 50 26 46  - 31  -  - 33 10 28  5 16  - 34  -  -  - 15  -  7  -  2  - 17  -  8 48 29 18  -  -  - 21 41  - 39 49  -
 43 48 17  9 20 18  - 16 29 33  8 28 46  -  1 39  -  -  - 37 21  4 22 11 42  3  - 50 47  - 36 13 41 10  -  -  - 45 31 38  - 15 24  -  - 49  6 19 23  2
 19 10  -  - 50 21  -  3 22 47 45 18  4 38 30 20 28 24 23 41  5  - 42 49 14 32  -  9 16  -  -  -  - 44 15  1 36 11 26 31 34 33 48  6  -  - 13  - 35 39
 20 47  6 31 23 26  - 27 19  -  - 14 48  4 21  -  - 34 16 46 33  - 49  - 18 30  7 22 13  2 38  -  1  8 24 37  5  - 45 17 41 29 28 10 39 43  - 42  -  -
 46  -  3  1  - 19 21 45  - 24 14  5  6 42 43 38  - 17 49  - 12 29  7  4 41 26 20 28 34 37  - 44  - 30 16 47 25 31 10 23 35 22  2 50  - 13 27  - 48 11
 29 35  8  4  - 15 24  2  - 16 32 11  - 49 44 43  9 36  -  -  - 48 46 31 30  -  - 27 41 39 22 38  - 28 10 50  -  - 25  - 14  7  - 47 18  1 21 37  6  3
 31 18  5 21  - 20 34 39  6 12 48 41 42  7 38 11 14 28 30 26 25 45 15 10  - 13  3  1  - 46  -  - 44 23  4  9  - 36 19 33 40  8  -  2 16 22 50 49 32  -
 37 13 48 16  -  9 30 34 35  4 12  2 39 25  -  -  3 15  - 24 31 23 17 19  - 43 36 44 21 38 50 46  6  1  -  - 20  - 27 28  5 41 11 40  8 29  7 22 14  -
 42 16 35 41  - 11 17 21  5 43 27 20 13 30 19 32  1  9  6  3 18 38 33 39 37  -  - 26 12 45 47 40 34 14  - 29 10 25  7 46 23  -  8  - 48 15 22  2 36  -
 13 20 34 12 25 36  - 22  - 37  2 43 28 10  -  - 16 46  -  9 23 32  1 47 35 19 11  8 49 48  4 42 26 39 33 14  3  - 40  - 45 31  -  - 38  - 29 18 44 41
 36  - 15  - 34  - 32 14  1 30  - 24  - 33 28  -  -  - 44  8 49 47  - 35  2  - 27 37 38 12  6 48 21  - 19 39 29  - 17  -  4  - 42 22 40  -  3 50 43 18
 10  - 16  -  8 50  1  7 48  - 17 23 43 12 39 35 26 41 27  - 47  9 37 38 19 44  -  - 25  3 21  - 40 29 32 33 34  - 30  6 13 14 18 46  - 28  -  4 24 31
 30  - 33  -  3 32 36  4 13  -  - 39 16 23  -  7  - 49 35 31 34 27 28 25  - 46  6  -  8  - 26  5 43  -  2 38 50 15 20 47  -  9  1 48 44 12 42 21 11 45
 17  7  - 30 31  3 25 15 49 26  4 12 14 43 47 42  8 50 10  6 20  5 41 29 33 37 48  -  -  -  -  2 38  - 46 21  - 23 32 40  1 36 16 19  - 18 34 44 27  9
  4 43 31 27  -  - 22 24 46 39  - 16 12 35 42 36 34 33 28  - 14 13 47 40 21  - 44 15 48  - 29  6  -  9 26 30 19 41 37  - 17  - 49  -  - 38 18 45  7 23
 40 28 32 35  1 31  4 46 25 17 22  8 44 19 10 23 47 43 20 27  7  6  -  - 50 38 45 36 26 16 48 15 33 41  3 13 21 49 29 14 12 39 30 37 11 34  - 24  9  -
  -  - 14 37 18  - 44 28 20 45 30 40 32 46 23  2 12 27  - 29 38 43  3  8 24 21 31 34  - 42  - 26  -  -  7  5  9  - 41  -  - 49 22 11 17  - 19 35 13 16
  - 12 29  5  - 39 33 38  - 36  - 44  - 20 26  - 17 40  8 34 48  - 25  1 11 31  -  - 35  - 15  - 45  - 49 43 16  7  9  - 46 37  4  - 28 19 23 32 10 21
  6 50  2 36 48  8 19 30  9  -  - 31 35 41 49 22 27  - 42  - 39  3  4 23 12  7 34 10 15 33 16 47 28 25 17 20 37 21  1 24 43  - 29  5 13  - 44 14 26 40
 47 42  -  2  - 10 38  6  3 29 36  - 23 13  - 28 49  1 24 48 40 35 31  - 45 41 30 46  -  8 44 11  - 33 27 25 26  4 18 20 22 21 14  7 43 39 32  5 19 37
 23  4  - 50  -  7 13  -  -  5 29  - 34  -  6 33 32 25 36 49 37 10 27  2 40  8 24 43 19 22  - 39  9 16 41  - 44 38  3 12 42 47 20 14 15  -  - 31 18 30
 24 33 30  - 44 27 46  - 28 50 35 32  7  3  5  - 37 12 41 21 17 19 39 18 31  -  -  -  4 23 49 45 22  -  6 10  2 43 34  1  - 20 40  - 14  8 26 47  - 25
  - 24 22 38 40  -  - 19 17 41 42  1 10 37 31 21 48  5 13 50 15 16  2 26 36 47 23 49 45  9 18 20  3 34 43 44  - 27  -  - 28  6 46 32  4  - 33 25  - 29
  5 23  4 34  - 35 42  - 45 38  - 30  8 44 40  - 15  2 17 22 27 18 19  9  - 24 26 39 46 20  7 37 14 21 36 11 31  - 28 13 10 50 32  -  1  3 16 41 33 47
  - 25 44 46 42 43 11 41 15  - 38  - 24 28 16 49 35  -  9 13  4 20  -  - 27  6  8  5 50 10  - 19 31 36 12  - 17 32 39  2  7 40  -  - 47 14  - 23  - 33
 48 34 19 20 15 49 23 37 16 44  3 26  1 18 32 29 25 22 38 12  9  - 10 46  - 28 39 21  5  6 45  8 11 47 50  7 42  - 33 35  - 17 31 41  2 27 14 40  -  4
  1  - 21 28 19 38  -  8 18 20 49 33  -  - 17 40 42 39 12 25 44 26 32 41  - 35 50 45 11  7 46 22  4 37 23 24 13 16  - 30 31 48 47  9  - 36 15 27  3 34
  2 21 37  - 13  6 10 33 27  - 26 50  - 36  7 41  - 31 45 28 19  - 16 32 48 40 43 14 42 24 23  -  - 49  - 18 47  -  5  -  -  - 25 12  - 44  -  -  - 35
 16 14 50  6 29 17  7  5  2 32 31  9  -  - 48 44  4 20 47  - 30 40  -  - 26 12 41  - 24  -  - 27 42  - 35 15 33  1  - 36 19 13 23 38 45  - 10 46  - 28
 22 40 20 47 12 29  - 10 14 23 16  7 17 39 24 25  2 32  3 45 13 36  -  -  - 49 28 41 37 26 42  - 46 35  - 27 38 33  4 21 50  - 34  - 19  6  -  9  5 15
  -  5 18  3 32 25 27 40  7 11 15 48 49 34 20 37 10 13 33 35  1 41 45  6 22 42 12  2 23  4 30  - 19  -  -  -  -  - 43 50 47 38  - 17  - 26  9 28 39 14
  - 27 10 39 47  5 26 36 33 22 34 38 11 16 29  - 40 35 18  - 42  1 21  -  3 48  - 30  7 31 41 23 49  - 37  8 14 12 24 25  - 19 44 28 50  -  4  6 45 32
 50 26 49 10  - 46  6 43 31  7 41 27 21 45 14  - 18  4 39  - 36 30 48  - 20 15  - 42 33 47  3 29  8 32 40 12 11 34 13 19  9 24 35 25 37 23 17  - 38  1
 35 29 23 15 36 13 16 31 39  - 24  3 30  - 18 14 41 45  1 47  - 50 44 21  7 22  -  -  2  -  - 49  -  - 28  4  8 17 38  - 20 11 26 33 12  - 37 10 46  5
  - 11  - 25 41 28 18 49  - 19 20  -  -  - 36 46 22  8  - 43  - 42  6 15 13 14  5  3 40 32  - 50 17  4  - 31  - 37 35 16 29 23 12  1  - 47 30  -  2 26
 41 38  - 49 16 45 47 18 26 10  -  - 27 50  -  - 20  6  - 14 43 22 35  - 34 29 17 25  - 28  - 31  -  -  9  3 15  2 12 37 39 32  5 44  -  - 24  -  4  -
 44 15  - 43 30  -  8  - 38  - 25 42 22  1 37 19 45  - 14  5  -  - 23 13 46 50  9  -  - 40  - 33 32 27 11  -  7 10 16 49  -  4 39 18 36 48 31  3  - 12
 34 31 24 23 14 47  - 50 11  2 33 15 36  9 25  3 13 44  -  7 22  - 12 20 38 18 29  4 10  1  5 17 30 19 45  6  -  -  8 48 27 35 43 16  - 46 41 26 40 49
  - 17 40  - 21 14 50  - 37 48 28  6 20  2 13 10 33  3 11  4 29 31 26  -  8 36  - 47 27 44 43  9  5 22 25 19  1 39  - 45 49 12 38  -  - 35 46 34 16 24
 38 37  - 19  - 33  9 26  8  -  6 25  -  5 50 48 21 16  2 30 41 14 11 44 32 10  - 12 43 29 17 18  -  7  - 22 23 24 46  4  - 42 45 39 34 31 40 36 28 13
 21 49 27 48 35  - 15 29  -  3  - 13 18 31  8  -  6 42  7  - 26 12  - 24 17  1 10 16 22  -  - 28 23  - 47  - 39 40 44 32 33  2 50 34 30  9 25 11 20  -
 45 30 36  -  4 42  -  9 41  -  - 29  5  8 35 18 19 10 37  - 16 25 40 22 28 23 21  7  - 49 31 34 24 12 13  2 43 14 11 44  -  - 15 26 27 33 39 38 47 46
 49  1 39 11  7 16 31 42 47  8 13 19 15 24  -  -  - 14 43 10 35 33 50 37 23 27 18 29 32 30  - 21  2 40 38 28 22 26 36  9 25 46  -  4  -  5 45  -  -  6
  - 19 13 42 46 23 49 12 32  6 47 10 45 15  -  - 39 37 31  1  -  7  - 27 16 20 25  - 14 43 33 35 48 26 21 40  4  - 22  - 11  - 41 29  3 24  - 17 34  8
 12 44  7 13 27 30 41 32 34 42  -  4 37 47  9 45  - 19 40 16  - 21  -  3  6  - 33  -  1  - 24  - 39 38 29 26 28 18 50 22 15  5 10 35  - 25 48  8 31 43
 28  6  -  - 38  4  - 44 36 31  -  - 40 22 12 27  - 11 46 23  8  - 24  7 39 25 37 35 18 19 32 41  - 50  5  - 48  3  2 34 30  1  9 21 33 16 47 29 15 20
