2000
 47  - 42 17 12  2  -  - 25 28 26 14 24  8  - 18  -  3 27  - 35 13 39 21  - 33 41 19 49 36  - 40  - 44 22 31  -  - 50  -  -  6 48 11 23  5 30 29 10 37
  5 18 43 47 14 46 13  6 31 12 17  - 28  7 45 23 19 37  - 26 48 21 11 42 44 15  1 38  3 40 10  - 24 30 36  - 29 27  4 16  -  - 22 20  - 39 50  -  9 41
 14  - 15 35 21 38 34  - 49  -  8 41  -  2  9 44  -  - 36  1 40 33  - 13 24  -  - 42  -  6 46 39 45 31  - 50 23  - 32 25 27 12 43  5 29  7 20  - 37 10
 15 14  -  -  3 28  - 29  -  8 35 34  2  1 22 25  5 26  6  - 10 27 24 44  - 12 16  - 11 19 50 30  - 23  7 43 39 13 20 31  9 46 32  -  - 37  - 17 47 49
 19 26 31 25 33  1 35  - 14  5 30 39 42 50 46 45 43 17  2 32  - 20 38 24  - 27 12  7 34 28  4 22  - 36 41 44 11 18 40 48 29 10 21 37  6  - 47 23 16 15
  - 29  - 26  -  -  1 19 18 39  6 13 11 42 37 46  2  - 23  3 16 24 40 17  4  7 44 31  -  -  8  - 47 15 45 34 49 10  5 22 20  - 38 14 50  9 12 28  - 36
  4  2 46  - 50  - 49  3 42 27  - 19  - 25  - 21 44 15 37 10 26 41  -  - 22 31 35 40  - 47 17 13 33  5 12 14 20 34  6 11 18 24  9 29 30  - 36  1 43 39
  8  -  - 33 41 13  4  - 50 16 15 24 19  - 36 26  - 46 48  -  -  3 18 22 21 14 29  - 40 38  -  9 25  6  - 27 42 23 35  -  -  -  2 34 37 43  - 47  7  5
  - 46 16 28 38 30 25 48  6 41 50 33 47 35  - 34 10 32 40  8  9 12 13 27  7  - 19 11 31 42 14  -  2  -  - 18 15 39 36 44 26  3 45  1  5  4  - 21 23 24
 12  8 34 45 16 23  5 20  - 17  - 27  - 22 19 30 26 13 47 14 43  -  - 29 28 35  9  - 50 37  - 33 15  2 31  - 24 46  -  7  3 49 40  4 48 42  -  -  - 21
 27 30 19  2 17 12 38 37 26 22  -  1  - 23 41  -  - 16 29  7 36 39 47 34  - 42  - 43 15 31 49 20 35  4  - 24  - 32 25  8 44 33 13  - 14 45 40  - 46 50
 30  - 13 23  7 24  6  - 11  - 25 12 39 15  - 32 34  - 20 19  2 31 21 37  9  - 42 35 14 48 26 38 44 41  - 29 17 22 16 18  -  - 46 36  3  -  8  -  5 27
  - 42 27 41 15  5 29 31 48 44 18 46  1  - 14  9  6 36  - 28 24 11 20 30  - 37  7 26  - 13  - 45  - 17  2  4 19 16 38  -  - 47 35 50 43 23 21 34  -  3
 38 17 10 46 20  9 18  -  - 47  - 29 33 19 23 40 31 24  8  5 27 35 50 36 32 34 45 22  4 14 41 44  1 12  - 15  7 28  - 13  - 16  - 43 21  -  -  2  3  6
 26 13 44 15 40 43 47 38  - 19  3 17  -  -  4  1 49 45  5 30 14 23  2  - 31 32 22 27 33 29 36 42 11  - 25  - 50  8 37 34 46  9 39 41  - 16 28 24  - 18
 16 10  - 36  -  7 27 49 40 31  1 25  - 34 30 17  -  6 42  - 44 26 33  8  3 45  -  4  - 39 35 50 12  - 37  - 47 48 28 21 32  - 11  2 24 46  9 14 15 43
  1 27  -  -  9 40 36 30 39  7 19  - 34  -  - 16 14 38  - 31 18 17 25 35 29  -  - 28 10 33 43 41 37 46 20  2 22  3 15  -  4 42 23 24 47  6 48 11  - 44
 34  5  - 10 37  - 50 35 24  - 29  -  6  9  -  2 28 41  4 22  8 30  - 19 49 25 15 21 39 27  - 43 42 32 11 33  - 31 26 46 47 36  7 23  -  1  3 20 38 13
  - 16  5 30 47 25  - 41  2 24 45 20 29 39 48  - 23 40 21 44 11 22 14  -  - 43  6 33  - 26 18 12 34 10  - 19 36  7 31 28 50 38  3 13  -  -  - 37 17 42
 42 37  -  6 36  8 24  7 20 21 39 16 17 31 13 47 41 18 34  -  -  - 45  -  - 38  -  - 43 23 33 49 27  1 30  3 28 14 48 35  - 26 10 46 19  - 22  5  4 12
 35  -  -  - 32 16 28  -  - 10 33  9 14 44 39  8 17 27 22 20  - 49  5 26 43 21 48 30 24  -  - 47  6 50  -  -  - 41  7 29  - 13  -  -  - 12 25  -  -  -
  - 11  1 50 28 17 39 26 21  6 20 43 44  - 34 41 30  4 12  - 46 48 15 10 37  3  - 29 16 49  7 18 36 19  5 13 25 33  9 14 31  8 27 40 22 24 35 42 32 47
 28 19 17  7 34 39 20 14 41  -  2 44  -  3  8  - 38  - 24 49  - 46 43  -  5  - 40 23 47 22  - 10 16 45  1 35  -  - 11  9 25  - 36  - 32 18  - 27 50 29
 44 36 24  9 11  3 19  1  -  2 42  5 35 16  6 50 20 12  7 34 28 25  -  - 38 22 26 17 18 32 47 31  4 48 13 10 37 45 21 27  - 29  - 39 46 14  - 15 49 40
 50 21  2  - 31  4  - 12 28 40 34 38 10 29 32 22 16  1  - 33 42  6  - 41 27 36  - 46 37 24  5  3 13  - 39 30  - 49 19 15 23 35  8 44  - 47 18  - 14 11
  3 35  - 40  - 10 15 43 46 18  5  6 16 27  1 31 42  8 13 37 19 44 22 39 17 26 20  - 36 34  -  2  -  9 38  -  - 12 49  - 11  -  - 30 28 50 45 32 41 33
  - 38 26  4 30  -  -  2  1  9 41  7 15 49 18  - 46  -  -  6 22  - 37 14 23 40  -  - 17 25 44 36 10 28 34  8 35 29  -  - 19  - 50 33 42  -  5  - 21 45
 36 44 33 24 35  - 43 32 15  - 23  - 40 21  -  - 11  -  - 42  -  7 12 20 34  5  - 16 25  -  - 37 46 22 47 26 41  1 29 19 39 14  4  9  -  2  - 49 31 48
  9 43  - 42  -  - 11 27 22  - 47 40  - 37 33 36  - 23 26 12  5 34 35  -  - 46 13  2 28 18 38  6 48  7  - 41  - 24 17  -  - 20  - 31 44 30 16 39  - 19
  7 23  - 20  2 33 10  - 43 50 12 47 25 26 15  3 37 44 16  -  -  -  -  - 40 19 18  6  - 41 27  4  - 42  - 48  - 21 39  1 14 45 28  - 31 17 46  - 34  -
  - 24 39 34 44 49 17 21 12  3  -  - 50 30 27 33 48 43  -  2 32  5 42 40 35 29 28  -  1  4 23 15 14 16  8  - 45 37  -  -  6 19  - 38 26 31 10  7  - 46
 46 12 45  - 24 29 44 22 47 37  7 15 26 43 35 49  8 11 41 21  - 18 48  9 36  -  -  - 42 10 34  -  3  - 40 23 16  - 33  - 17  1  5 28 38 19  - 13  -  -
 41 47  6 38  -  - 40  -  - 49  9  -  3  4 24 42 45 28 32 48 34 50 30  - 12  2  -  -  - 21  - 19  - 39 27 16 46  - 22  -  - 43 18 10 15  - 37 25 26  8
 18 39 37  -  1 22  - 15 34 33 31 45 48  -  - 29  -  -  -  - 21  - 19 11 10 44 43 24 32 46 16 35  9  - 49 40  - 25  3 12 41  - 17 27  7 36  2 26 20 28
 10  - 30 18 27 31 37 42 19 38  -  -  -  - 26  7 22 49  -  - 20 14  4 50 45  1 34 39  6 12 48 46 17 11 16 36  -  2  -  3  5 21 33 47  - 44 41  8 35 23
 45 40 48  3 46 36 23  -  - 34 37 31  - 20  2 11 33 29 49 15  - 47 10 32 16  4  5  8 30  9 22 27 28 14 50 21 26 42 44 43 35  -  1  - 12 41 19 38 18  7
  2  - 29 16 22 47 41 10  -  - 21 35  - 24 17 19 36 42 31 43  1  -  7 38 50 18 39 15  -  - 28  5 40 33  -  - 34 44 23  - 13 37  - 25  -  - 14 46  8 20
 11  3  -  8 49 15 32 40  - 36 43 21 41  5 38  - 27 33 44 46  7 37 23 48 30  9 47 12  - 16 20 26 31 35  -  -  -  - 34  2  - 18  - 22 39  - 42 50 24 25
 37  4  9 31  5 21  - 25  3 42 14 11 27  - 40 15  -  -  1 13 41 16 49  2 48 17 46  -  7 43 45 29 18 38 24 39 44 50 12  6 28  - 34  8 35  - 23  - 33 32
 43 50 47 27 45 42 31  - 37 23  -  4 22 46  - 24 25 21 19  - 33 38  - 16 14  -  8  3 29  2  9 34 32 40 15 17  - 36  - 41 12  5 44 26 49 10  7 48 13 30
 17  - 41  - 23 20  2  5 44 35  -  8 49 47 25 38  3 39 15  4 37 19 16 46 33 24 14 34 45 50 13 48 26 18 21  - 27 43  1 36 42  - 31  7 11 22 32 40  -  9
 20 41 21 19 18 34 12  8  7 29 48  3  -  - 44  - 40 50 43 36  4  1  9 47  -  -  - 37 46 17  6 25 23 13 32 11  5 38 30 33 22 28 49 16  2 15 27 31  - 26
 49 31  -  - 39 11  - 45  -  - 24 42  4 18 21  - 15  9  3 27 13  - 32 12 19  -  - 50  2 35 37  1  7 25 29 46 43  - 14 40 16 17 26 48 41 34 44 33  6 38
  - 33 14 49  - 50 42 18  9 25 46 10 21 11 47 39 12  5 28 16 17 36 27 31  - 23  4 48 20 44  -  7 30  - 19 37 32 26 45 38  - 15 29 35 40  3  -  -  -  -
  6  - 12 32 25  - 33 13  - 46 40 36 31 28 50  -  4  2 14 11 15 29  8  - 26  - 38  - 21  7  1 16  5 20  - 47  3  -  -  - 48 44 19 17 34 27 24 22  - 35
 48 22  -  1 42 35 46  -  - 14 36 32 38 41 29 37 39  7 30 47  -  2 26 25  6 28 31  - 12 11 21 24 50 49 18  5  9 40  8 45  - 27 16 19  4  - 17 43 44 34
 39 20 50 14  - 41  3 36 45 15  4 37  9  - 31 27  7 19 35 25 47 32 29 43  8  - 30  1 23  5 24 28 22 34 48 42 18  6 46  - 33  - 12 49 16 21 38 44 40 17
 29 25  7 44  - 19 26 23  - 48 38 22 46 36 11  - 21 14 18  - 31 15 34  6  -  8 37 41  9  3 39 32 43 24  - 49 40  -  2 42  - 50 20 45  1 33 13 10 28 16
  -  - 36 29  - 26 22  4  5  1 13  2  7 17 42 14 24 34 33 41 25 40 46 28 15 16 50 32 44 20  3 11 39  8 10 12  - 35 27 37 49 23 47 18  - 38 43  - 19 31
 24  9  - 37  -  6  - 34  -  - 27  - 36  - 28 43 35 25 46 18 50 45 31 33 20  - 49  5  -  - 32 23 19  3 44  7  2 17 10 26 38 39 42 12 13 40  1 41 11 14
