2000
 15 17 31 24 13 29  1 32  6  7 47 49  - 27 25 45  5 11 46  - 23  - 22 10  8 41 33 38  9  -  3  -  2 35  -  - 16 12 36 26 20 50  - 44  - 30  - 40 34  -
  - 11  2 17  -  - 32 25  5 15 46 35 44  -  9 18  - 13 45  - 34 12  8 27 37  - 30 16  -  -  - 21 36 29 43 23  1 24 10 19 49 42 38 26 47 14  - 20 22 33
  - 10  - 46  -  - 47 41  - 25  - 36 23  - 16 32 50 27 20 28  9 49 21 33  5 34 22 35 29  6 14  8 40  - 26  -  2 38 45  7 31 12 15 17 42 13 30  4  3 11
 45 15 49 47  - 23 25  9  7 26 35  -  -  - 13 40 10  - 38 33 31 50 36  - 20 44  - 12  8 48 22 29  3  2 18 41  -  4  5 34  -  - 28 30 27 19  - 11 21 14
  8 50  - 13 23 10 17  4  -  -  7  9 12  1  5 16  -  2 33 38 40 18 28 47 22 25  6 32 26 19 35 30 24 42 11 45  - 14  - 46  -  - 43  - 49 36 44 48 39 41
 35 26 32  - 39 15 21 20 14 29 19 30 50 42  6 25 48  3 37 16  - 22 47 13 28 40 17 24  4  -  - 46 49 45  - 12 34  5 23 27  -  - 41 11  1 31  -  2  8 43
  - 19 33 50 32  - 46  - 12 17  - 29 41 16 40 20 26 34 31 27  - 30  3  2 24 45 18  7  - 36 13 43 39  - 22  -  -  -  6 28 35 23 25 15  5 38 11  -  4 42
  5 42  -  -  - 25 34 21 11 13 10  4 18  9 38 22  -  - 17  2  - 41  -  - 49 30  - 19 16 45  1  - 23  - 33 29  7 44 47 36 43 32 26 46 50 24  3 15 20 12
 46 41 25 19 11  - 26 17 50 40 14 43 48 47 39  - 13 45 10 34 15 27  1  5  6  8  4 49 12 22 32 38 20 30 23 33 24  2  - 42 21 16  3  - 31  - 36 28 29  9
  - 32 12  1  2 48 31 29 44 11 50 38  6 25 27  - 47 46 13 43 26  - 39 37  7 15  3 10 17 14 16 45 18 40  8 22  5 28  4 35  9 36  - 23 20 49  - 41 42 30
  - 45 50  2 47 40 48 34  -  - 12 26 13 29 28  3 36  8 25 42 11  4 43 41 18  5 20  9 31 35 19 23  1 15  - 17 33  - 37  - 27 46 24 38 44  7  - 10 49 16
 14 34 36 11 20 26 37 44 41 49 33 22  5  - 47  -  -  - 27  - 16 21 17  -  1 29 32 43  - 18 38  9 12 31 48  3  -  - 39  - 45  2  4 24 15  - 46  - 10 19
  -  -  - 26 30 47 36  -  - 20  - 28 16 34 42  8 24  - 23 31 22 15 29 38 40 33 43 41 50  -  2 49 27  1 10 32 35  3 12 45 19 14  - 48 46 21  -  -  5  4
  - 12 34 43 33  -  - 35 10 37  -  - 17 32 26 38 44 18  1  -  - 11 24 29  -  9 21 46  -  - 31  6 19 16 50  - 36 30 13 20 14  5  - 49 45 39 22 25 40  3
 33 18 15 35 12 19  8 31 40 28 25 20 46 24  - 39 29 41 21 11 38  9 30  1  3  6 10 47  2 23 27 44  5  4  - 43 49 45  - 16 26  7 36 42 32 22 34  - 48  -
  - 31  - 28  - 44  - 13  - 35 16  - 14 49  -  9 33 40 41  3 47  - 12 21 30  -  2  - 34 38 17  7 48  -  -  -  - 43  8 24  6 25 11 45 36 50 39 27 15 22
 40 20  - 48  7 11 27 16 37 21 22 46  - 38  - 31 49 19  5 10  6  1  9  3  - 23 44 14  - 24 36 12 42  -  - 15 43 18 28 33  4  - 45 39  8 32 26 35  -  -
 48  -  5 25 22 45 50 38 15  - 23 17 10  - 31 24 32  - 39  - 41  6  - 20  - 36 29 30  -  3 34  1 13  8 35 47  -  9 16 14 40 28 12 33  - 27 18  -  7 49
 34 38  - 14 21  -  5 12 49 46 13 41 32 23  3  -  - 20  - 45  - 29  -  - 10 39  8 22 30 17 25 28 37 43 15  - 31 19 44  - 16  - 33  - 24 48  2 42  9 50
 25 21 22  - 18  -  -  -  - 41 31  6 29  - 10 11 20 24 42 17 49 13 38 45 47 43  -  2  - 12 40  4 14  - 30 34  - 27 26 37 32  -  5  -  9  1 28  3 35 46
 36 47  - 12  - 32  -  - 42  8 30 34 31  6 33  - 41 17  9 40 25  2 11  -  4 16 50  3  -  7  - 22 46 49  - 44 21 26 24 10  - 38 20 28 48 45 37 13  1  -
 31 40  -  5 36  3 35 19 17 50 39  -  - 13  - 34 42 29  8  4 37 28 16 12 41  -  1 45  - 47 48  -  - 20 49  - 11  7 21  - 24 22 27 18 30  6 10  - 33 26
 49 25  -  - 31  7  9 23  -  2 45  3 15 36  8  5 43  - 29  -  -  - 20 17 48 14 26  6 27  -  - 37  - 41 42 30  - 13 33 40  - 39 44 16  -  - 38  -  - 47
 17  -  4 16 37  6 49  - 35 23 40 50 27 19 11 46  -  -  2 48 43  - 41 22 13 10  - 20 45  - 21 24 15 36  -  - 30 39  -  8 44 31 14 47  7 18 42 26  -  1
 26  9  - 31 25  -  6 49 21 36  8 47 19 12  7 29 45  -  3 24  5 42 37  -  - 32 13  - 35  - 43  2 22 39  - 27 44  -  - 48 38 40 17 20  - 10 15 33 46  -
 37 30  3 27 38 43 40  2 36  -  -  - 35 28 19 49 25 32 44 12  - 47  7  - 29  - 34 23 24 26 15 39 10 21  6  - 13 42 20  4 50 48 22  5 33 16  9  - 41 45
 10 13  9 41 46 38 20  -  8 48 29 27  2 11 37 12  4 36 26 39 14 25 23  - 34 19  7 28 22  - 42 31 50  6 44  1  - 40 32 17 30 33  - 21 35 43 49 24 45  5
 32 28 30 37 44 49 45 24  -  3  -  1  8  - 41  - 16  - 50 46 12 35  - 26 19 13 27 11 42 10 47 48  4 38 40  5  - 23 31 39 25 43  - 29 34 20 17  -  2  6
 29 36 28 22 49 24  -  7  - 42 32 19  9  8 21  2 17  - 14 23 45 20 27 44 15  4  - 50  - 40 33 13 34  -  5  6 39 46 38  -  3 35 30 37  - 25 12 47 26 10
 21  6 26  - 15 27 41 43 45  - 44 32  3 39 48 50  - 16 19  - 18 36  - 24 17  1 47 40 49 33  7  - 31  -  4 25 23 22 35  - 28 34 37  2 10  - 29  5 13 38
 19  - 41 32 27 31 15 11 13 39 42 37  4 20  - 14  2  9  - 49 50 16  - 35 38 17 46  1 44 21  - 10  -  -  3  8 48 36 34 43 12  - 40  7  -  -  - 29 28 18
 16 39  -  4 26  - 22 27  2 44 41 45 40  -  -  1 15 10  -  -  - 34 31 23  -  - 38  -  6 42 24 20 47 32  7 50  - 35 43 21 17 29  - 13  3  5  8 19  - 25
 41 29 10  3  5  2 16  -  4  - 26 13  7 21 49 27 37 35  -  -  -  - 44  6  - 48 24 34  - 25 39 17 43 12 28 11 45 50  9 30 15  8  -  -  -  - 40  -  - 32
  2  7 42 45  1  -  - 50  -  - 38 39 33 31  - 35 22  6 48 15 32  - 13 40 26 24 25 44  5 16 28 18 41 19 29  -  9  - 27  - 47 17 46  - 11  4 23 21 37  8
 18  - 11  7 24  - 44  - 28 43  - 40 22 10 50 30  - 42  - 25 29 17 49 31 36 47 37 39 38  5 23 26  - 34 13 48 15 32  - 41  2  3 21  -  4  9 20 16  - 35
  - 16  - 49 45 28  - 30  -  5  -  - 11 18  2 48  3 37 34 13 44 24 46  9  -  -  - 42 32 27  8 25 33  - 31 20 40  - 19  1 22  - 35  4 43 29 50  7 36 15
  4 46 44 38  9 33 30  8  -  1  - 18 24 35 32 15 23  - 36 29 13  - 19  -  2  7 41 17 10 11  -  -  -  - 12 14 27 37 49  6 42 45  -  - 40  3 16 22 43 39
 39  1  7 20 10 17 33 15  3 27 21 24 49 50 18 42 28 23  - 26  2 40 34 25 35 46 45  - 36 43  5  - 30  9  - 13 41 16 48 38  8  -  -  - 14 12  - 37  6 44
  9 35  - 40 28  5 13 37 48 34 43 12 21  -  -  6 19 49 15 18 24 46  -  4 14 42 39  - 20 50 10 27 11 25 36 16 22 33  3  2 41 44 32  1 29 17 47 38 31  7
  -  - 17 36  - 34 23 40 19  -  4 33 20  - 44 10 46 47 16 21 28  - 42  -  -  3  -  -  1  - 50  5  - 11 41  - 25 49 29 18 48 13  6  - 39 37 35 45 27  -
 38 43 29 33  - 20 12 28 47 10 24 23 42  - 45 37 18 14 32  -  4 26 40 48 31  -  9 25 11 30 44 41 35 22  -  - 50  8  -  -  5 21  -  6  - 15 13 49 16 36
 42 49  - 15  4 22 28 46 32 33  2 44 34  - 35 17 31 39 12 37 21 23 25 14 43  - 36 13  - 20  9 16 38  3 45 40 10 29  1  5 11  - 47  8 26  - 24  6 18 27
  - 22 24 21 29 18 43 45  - 16  6 42 47 14  - 28 39  4 40 30  -  -  - 15 32 12 49  - 41  - 46  3 26 17 25  7 38 31  - 44 13 27  2  - 37 23 19  9  - 48
 13 23 39 30 16 21  4  - 27 47  - 48 36  - 43 41 35 38 28 32  - 44 50 46 25 49 19  - 14  2 45  -  6  7 20 37  - 10  -  9 33 26  8 12 22 42 31 34 24 40
 22  3 20  - 43 41 19  - 25 38 34 11 39 33 17 23 12 48 24  7  8 45  - 16  - 28  -  4 13 49  - 35  - 50  2 31 26 47 42  - 46  1 18 32  6 40  - 14  - 29
  - 27 18 34 50 12  2 42  -  9  - 10 38 45 24  4  -  7  - 44 30  8 35 32 33 22 15 48 21 41 49  -  - 23 16 28  -  6  - 13 36 20 31 40 25 47  1 39 19 37
 27 14  - 29  6 42  3 39 20 24 36 15 25  4 12 47 21 26  7  - 33 43 32 19 45 35  - 37 48 34 30  - 16 28 17 49  -  1  - 11  - 18 10  - 13  2 41  - 38 31
 28 48  -  9  - 50 38 33 43  6  - 25 45  3 34 19 14 30 22  -  -  - 15 49  - 21 11 27 40  - 12 36 29  -  1 42  -  -  2 23 37  - 13 10 16 26  5 32 47 20
  7  - 16  - 40 13 24 10 23 18 11 31 26 22 20  -  - 15 49 47 42 14 45 50  - 37 48  -  -  - 41 33  - 27  - 35 12 34 30  -  1  -  9 36  - 28  4 43 25 17
 43  4 27  -  - 16 18 26  9 45  -  -  1 17 46 36 30  - 35 50  3  - 33  8 39 38 31 21 47 13  6 34  7 14 24 10 37 15 40 32 29 49 42 41 19 11 25 12 44 28
