2000
 19 22 11  - 15 39 30 24 21  - 42  - 25 16  -  8  -  - 33  - 41 17  -  - 35  9 45  - 48  - 44 26  3 43  - 23 12  4 20  - 46 40  -  -  - 29 28  7  6 49
 12  -  -  -  4 37 10  1 26 47  -  6  5 40 49 48 22 21  8 41  - 27 30 39  9  -  - 45 36  - 15 35 50 11  - 43  7 31 25 23 28 29 16 42 46  - 33 32  3 18
 24 38 44  -  - 16  2 45 30 28  -  -  - 13 23  9 49  - 17 15 37 25  1  8 41  5 31 11  3  7  - 47 46 26 43 19 27  - 12 36  - 42 35 50 21 39 18 48 34 10
  - 16  -  - 27 21 14 49 41  7 26 19  - 20 13 42 45 18 11  5  -  - 36 48 33 37  4  2 47 29 10 34  6 50 24 22  - 17  3 15 39  8 40 38 23  - 12  -  1 46
 46  9  5 42 20 25  -  7 32 43 27  - 21 34 24 39  8 10 36  6 18  - 22 38 28 12 50 33 40 30  - 14  - 16  2  3  - 23 37 35  - 48 49 47 15 45  - 17 31  4
 28 26  4 13 39  -  - 33 37  -  2  - 45 30  -  3  - 20 40  8  7 42 38 32 24 49 43 17 10  - 16 11 18 19 25 47 23  - 29 12 34  6  - 21 36 44 27  9 14 50
 32  5 38  - 18 43  6 35 33 49 36  - 31 15  3 25  9 45 44 47 19 41 50  - 29  - 28 20 27  - 26  - 42 48  -  - 24  -  7 34  8 21 23 46  - 40 37 12  4 30
  - 39  - 40 44  - 25 46  8 35 45 36  7 47 31  - 33 43  - 48  - 24  3 19  - 29 10 15  -  -  - 23  - 42 18  2 11 38 27 28 50  - 20  - 17 41 34 21 16  -
  - 49  - 46  -  - 15 11  9  5 29 14  -  8 44 19  7 34 23 50 32 13 25 20 27 41  3  - 37  1 43 16 38 17 45  - 40  - 48 24 18 26 42 33 10  6 39 30 36 31
  1 41  - 28  - 48 37  6 14  9  - 33 26  - 32 10  -  -  - 22 31 30 18 16 25  - 23 39 29 12 46  - 40 34 20  -  5 27 13  3  7 19 44  - 42 38  -  8 24 15
 33 15 21 37 22  5 41  3 31 14  - 49 12 27  7 43  -  - 25 11 38 18 29 17 23 16 20 26 24 19  1 10 47  2  - 13  8  - 35  -  - 30 34 48  6  9 42 50 32 39
  7 19 34 12 42  6 29 10 39 16  -  - 27 46  - 11  - 41  -  -  -  1 43 13  2 45 21 47 15  5 23  - 24 14 40 49 36 50 28 38 17  3 25 44  9  4  - 22  -  -
  -  - 15 29  2 49 17 36 35  - 22 38  -  9 19 18 23 42 28 37 26  -  8  -  - 25  -  4 33 40  -  1 13 41 31  6 44 45 21  5 20 32  7 24 48 16 10 11 50 43
  4  3  8 30  - 42 11  -  - 33  1 16 46  -  9 34  - 50 13  2  -  - 31 28 43 39 29  - 44 37 24 32 49 40 38 15 26 18  -  7 25  -  -  -  5  -  6 36 12  -
  - 45 50 34 26 29 31  - 48 21  - 32  -  3 36 38  5  6  4 28  - 23  - 43 39  - 33 22 41 35  - 40 15 18  7 11 46 12  8  -  - 37 24 27 25 10 30 44 19 20
 47 14 27  - 23 36 45  - 12 25  -  -  - 39  -  - 32  -  1 18 50  - 44  - 40 34  5  -  -  4 37 46 30  8  -  -  2 33 10 31 26 11  - 22 38 17  - 20  - 35
 13 35 23  7  3  -  9 25 17  2  - 42 40 36 37 32  -  4 49 14  - 11 19 27 38 24 16  1 46  -  - 48 34 15 29 31  -  5 44 41 45 12 22 10 18 50 20 28 43  -
  6 32 39 41  - 33 12 23  3 22 19  - 17 11 27 36 13  - 14  4 34 31  7 42 20 26  1 48  9 49 18  - 35 25 21 46 47 15  5 44  2  - 38 16  -  -  -  -  8 40
  - 46  - 16  - 18  - 29 10  - 20 31 39 32  4 27  2 23 41 42 35 34  6 21  - 28 12 24  8 47 13 22 17  -  - 14  -  -  9  - 15 50 33 30 43  3 48  1 25 44
 16 28 40 49  1  - 26 15 38 27 17 10  -  5 12  -  6 30 31 33 22 46  -  - 48  -  - 50 34 14  7  -  4 21  3 20 42 39 23  9 29 43  8  - 41  - 25  - 47  -
 25 17  -  6  - 40 21 13 11  -  7 24 30 33 29 37  4  3 46 12 28 19  - 15 34 20 36  -  2 38 39 44 45  -  8 26  - 47 18 22 42  9  1  5 27 32  - 41  -  -
 40 36 46  8 17 11 42 18 43 12 47  9 41 45  1 23 16 29 35 24  - 38 33 50  3  4  - 19  6 13  -  2 10 32 34  - 37 48 30 21  5 49  -  - 20 28 31 27 26  -
 29  -  3 35  -  - 20 26 50 17  6 48 49 24  -  5 21 13 45  9  -  8 10 31 46  7  - 34  -  - 22 18 33 44 12  -  4 36  - 37 32 38  - 11 30 27  - 15  2  -
 34  -  -  3 29 35 48 31 27 11 44 25 20 12 47 13 17 14 30 38 24 40 37 33 19 46  8  9 23  - 49 45 16  -  - 10 50 28 32 42  - 18 41  4  - 15 21  -  -  6
 21 48 19  -  -  -  - 38 28  - 39 37  - 22 45 35 14 47  5 25  -  2  9 40 50 17 46  8  1 11 12 43 23 13 30 42 29 10 26 20  - 27  4  3  7 24 41 18 49 34
 48 33 37 36 10  - 32 14 25  4 21 15  - 23 40  2 41  8 50 43  6 22 42 47  -  - 44 16 11  -  -  -  7 45 28  - 39 13  -  -  9 35 12  1 34  5 24 31 18 17
  - 30 36  1 16  - 23 44  -  - 41 28  -  - 15  - 37  5  - 17 43  6 27 34 31 38 11  - 50 22  8 33 21  - 26 24 13 49 39 48  - 45 14 25 19 18 29 46 10  -
 31 27 41 15  7 10 16 17  - 13  -  8 43 18  - 30 20 12  - 46  3  4 26 45  - 44 14 36  5 32 11 24  2 35 23 38 19 40  - 47 33 39 50 34 22  -  9 42 29 37
 36 21  - 26 46  4 28 32 49 30 12 23  - 37 48  -  1  7  - 27 39  - 13 22  6 33 18  - 17 16 42  -  5 10  - 45 20  9 41 25 47 34 29 43 44 14  - 40 11  2
  -  - 10  4 48 15 36  -  - 18 46  - 32  - 26 28 42 38  - 34  5 44  -  - 37  8 40 35  7  6  - 30 20 27 47  1 25 14 11 39 49 17 45 13 24 21 16 29 33  -
 23 37  2 25  - 13  4 28 15  - 31 27 47 29 21 20 24 35  3 45 36 39 17  7 11  - 32 43  - 48  - 49  - 38  - 12  - 42  -  - 22 44 30 26  8 46  5  6  9 41
 15 50 28 48 13 34  3 21 44 10  - 12 37  - 42  - 29 17 16 19 11 43  -  - 18 27  7 31 22 20  6  5 39  9 46 40 14 35 33  4 30 24 32 45 26  1 49 47  - 38
 27 44 42 33 32 45 34 47  - 40  -  -  -  4  8  -  3  1 39 16  9 37 48 46 17 21  - 14 19 28 36 38 43 49 35 30 10 11  2 13 41 20  6 12 50  -  7 25 22 26
 44 18  - 31  - 22 24  8  - 41 32 39 15 14 16 47 28 37 38  1 12 45 20  6  5  2 13 42 35 23 30 27 11  4  - 48  -  7 36 10 19  - 21 29  - 26 46  3 17 25
  - 24 16  -  6 50 43 19 29  - 15 17 10 49 22  - 18 25 20 39 27 33  -  - 13 40 38 44  4 26  5  7 37  - 41 21  -  8 31 14 48  -  2 35 32 47 36 34 42 12
 10 25 32 23 41 30 22  2  6 34  -  3 33 17  -  7  - 40 18  - 45  5 46 35 15 11 37 13 20 24 19 42  1  -  9  - 49  - 47 29 31  4  -  - 16  - 50 38 27  -
 41 23 24 18 11 47  - 34 19  - 37 21  9  1 50 33 43 28 42 44 40  -  4  5 12 31  - 30 38 39 45 20 36  6 27  7 35  - 15  8 14 13 48 17  2  - 22 16 46  -
 39  2 18  5  9 17 19 16  7 42 35  - 14  - 33 40  - 27  - 49 13  - 12  -  -  - 25 46 30 34 38  4 44 22 32 29  1 20 24  6 37 47 11  - 31  -  8 45  - 36
 18 42  -  - 38 41 35 12  - 36 33 20  -  - 34 31  -  -  -  3 46 16 39 24 22  1  - 49 25  8  9 50 48 28  6  5 17 30 40 19  -  7 37  - 45 13 14 26 21  -
 26  7 35 10 30  - 44  - 24 31  5  4  8 42  2 16  - 22 27 29  - 28 45  9 32 23 41  6 21  3 47 12 25 33 48 18 15 43 34 50  -  - 17 37 49 20 40 19 13 11
 14 10 43 22 12  7  -  5 45 39 34 40  2  - 25 21 26 46  - 36  1 48 15  - 16 50 49 29 13 18 17  -  - 47 42  8 28 41  4 11  3 31 27  9 35 33 44 23 20 24
  -  8  1 45 25 24 40 42 13  - 18 41 48 28  - 14  - 33  - 31 29  9 16 23  7 43  6  - 49 27 34  - 12 20 10 32  - 26 50  -  - 22 19  - 37 11 17  4 39  5
 42 20 14 21 35  8  5 27 36 37  9 45 11  - 18 17 31 49  - 26  - 12 34  2 44 47 19  - 28 43 40  -  - 24  - 50 32  6 46  - 38 16  3  - 13 22 23  - 30 29
 50 29  7 24 19 23 47  -  -  6 10  2 22 38 39  - 35  - 15 40 20  - 14 11 42  -  - 27 43 45 41 13  9  3  5 34 48 25 16 17 21  - 31  8 28  -  - 33  -  -
  -  4 13 47 34 20  8 40 46 50 49 30  - 35  -  6  - 39 12 23 33  7  - 44  - 14 17  - 42 25 48 37 22 29 15  9 38  2 43 32 27  -  - 31  3 36  -  5 41  -
 17  - 47 43 21 19 50 41 22  8 13 34 24 44 20 12 15 48  6 32 23 49 40 26  1  - 27  - 31  - 35  - 29  -  -  - 33  3 45 18 10 28 46  7  4 37  2 14  5 16
 43 31  - 44  8  2 39 20 40 24 11  -  3  6  - 15 10 19 32 30  -  -  5  - 45 13 48  7 14 50  -  - 28 46 36 33 18 34 22  -  - 41  - 23 47 42 35 37 38 27
  8 34  - 17 36 12 27  - 47  3 23 13  - 26 46 45 44 16  7 10 30 50 41 25  -  -  9  5  - 33 28 39  -  - 37  4  -  - 42 43  -  -  - 20 11 19  -  - 40 22
  5  6 17 39 24 27 18 30 16 20  - 29  - 48 10 22  - 11 34  7 42 15 35  4 47 36  2  - 26  -  - 19  - 12 14  -  9  1 38 46  - 25 43 32  - 49  3 13 45 28
 11 43  - 38 14  -  1  4  5 48 16  - 50 31 30 26 25  2  - 35 10 20 21  -  8  6 34  - 45 44  - 41 27  -  - 36 22 37  - 49 24  - 13 40 12  7 47 39 28 42
