2000
 24  - 46 47 10 25  - 42 48 37 36  3 15 35  - 21  -  - 14 43 19 13  -  - 22  8  1  -  -  5  - 41  - 30  6 23 26 28 17 32  - 39  2 31  -  9 40  - 12 20
 17  - 42 22 37 15 39  -  8 34 21 35 11 33  - 18  7  2  - 23  4 24 29  6 10 32 44 36  - 31 13  - 43 49 46  -  9 27 28  - 12 40 26 14 50 19 30 16 48  1
 21 26 11 48  1 16  6 32 12 20  7 49 24 47 31  8  -  -  -  4 43  -  - 14 44  -  2  - 46 25 36 35  -  - 42  3 17  9 22 39 23 33 10  - 40 18  - 29 34  -
  1 29  -  3 42 26 47 23  - 28 48 27 31 37 24 35 49 21 17  -  -  5 25  7 41 46  - 45 43 30  - 32 40 16  - 33 44 36 13 18  - 14  - 12  4  6 19  9  8 11
 22 36  -  - 47 37 48 19 40 38  - 23  - 45 10 42 35  -  2 12 20 32 31 44 27 43  3  -  4 15 11 16 26  5 30  7 29  6 49  8 14 18  -  - 24  1 25  -  - 13
 47  1 32  -  8  - 17 34 30 16 27 29 23 38 22  -  2  5  6 31 46 28 49 39  - 48 21 10 35  7 40  -  - 33 25  - 37  - 14  3 13 44  - 19  - 12  -  -  4  -
  - 23  - 16 49  -  9 31 33  4 17 28 22  -  -  - 24 27 40 32 12 14 45 10  5 29 47 48 41 43 25  -  2 20 18 26  -  - 19 15  - 11 37  - 34 42 50  - 30 21
 30 46 25 18 23  5 43  7 26  - 20 10 17 32 13 44 36 31 11 34  2  8  1 24  4 27  6  9  - 33 19 22 48  -  - 35 38  - 29  - 28 45 14 50 21 40  - 49 42 16
  - 44 19 49  -  - 36 37  -  1  8 33 16  2 25 47 40 17  - 46 45  9 20 32 30 14 38 29  7 18 48 50  6  4  - 27 12 22  5  - 21 26  -  -  - 34 39 13 11 31
 28 48 44  - 38 33 45  -  -  -  - 37  -  -  - 46 39 25 36 17 22  3 42 11  -  2  - 15  9  -  - 26 14  6  - 30 19 10 18 41 35 34 49 20  5  -  1 31 13 32
  - 39  - 45  - 12 38  6  5 36 28 50 13 27 17 29  8 32 19 49 31 25 48  - 33 16 14 20 10 21 24 30 23 15 40 22 34 41 46  1  3 47 11 35  - 44  2 26  7  -
 43 42 16 12 20 21 11  4  1 50 44 34 45  -  2 33 28 40 39  -  - 17  - 27 26 37 32  8 24 41  3 13  9 48 29  6 14 25 35 36  - 46 19  - 30 31 18 15 38  7
  7  - 50 37 31 36  3 11 27  -  - 30 32 18 38  - 47 41 35 16  5 42 24 40 48 28  -  - 12 39 29  -  - 14 26 19 23 44  - 13  -  9  -  -  2 33 10 17  - 46
  -  -  - 15 41 20 14  -  - 22 33  2 25 40  -  1  3 45 12 29 35 46 27 16 19  4  - 49 21 34 10  9 18 17 38 28 30 31  -  - 44 48 13  8  7 23  6  - 32 39
  - 32 21  -  5 48 42 12  4  9 23 13 33 26 27 24 44 39 41 19 28 34 50 20  1 25  -  6  - 22 45 36 49  3  - 11 43 30 31  -  -  - 18 46 16 38  - 35  2 17
  - 30 20 36 16  - 35 15  9  -  2 38  - 24 40  - 17 11  - 37 21 45  3  - 43 22  - 44  - 50  5 12 25 31 34  8  - 33 26  - 41  -  1 49 39 48 28 19 23 27
  4  8  5 24 33 42  1 10 34 17 29 31  - 48 49  9 15 26 30 13 25  2 18 47  -  6  7  -  - 19 16 23 12 50  3 38 22 14 45 11 20 27 44  - 43 21  - 32 39 28
 25 18 29  - 34 50 21 17  -  7  4 32  - 31 47  - 19 30  - 11 33  6 44  5 39 23 42 22 45 14 15 40 37 28  -  1  - 16  - 20 36 38 43 24 35 41  -  2 26 10
  -  - 12 31 17 46 10 27 36 33 39 22  3 21 26 13  - 49 37 40  - 19  6 34 18  -  8  - 11  1  7 47 15 41 20 50 25  - 44  - 42  2  - 32 38 30  -  - 29 45
  - 12 38  1  6  -  7 26 39 15  -  -  - 22  - 36  -  -  - 33 48 18 30 28 34 50 43 17 25  4  9 11 10 46 14 16 32  3 47 21  - 35  - 23 27 13 44 37 49 40
 45 19 22 33 46 38  8 18  7  - 10 48  -  5 41 17 50 12 13 44 47 23 43 49  6 35 25 14 16 28  -  -  - 42 39 36  4  - 11  2 24  - 40  9 37  - 21 34 31 15
 40  2  1  - 32 10 12 21 45 14 38  - 48  -  - 39 20 34  9 15 11  4  -  -  -  -  - 46 26 35 37 27 22  -  -  - 28 43 50  - 33 31 23 16 41  -  5  8 25 42
 42  9 24 28 50  - 29  8 14 44  5 46  - 36 43 16 26  - 18 10  7 39 40 30 25  - 23 13 34 38 35 37 41 11 49  2 15  -  -  6 22 17 20 27  - 32 33 47  3  -
 34 31 23 43 13  6  -  - 15 10  -  -  - 39 12 26  9  4 44 45 49 38 33 17  8 42 28 21 20 11 14  5  - 25 22 37 48 18  7 46  - 16 41  2 32  - 47  - 35 30
 31 28 27 32 11  1 50 29 10  3  - 26 14 44 15 41 18  9  5 21 34 48  4 37 45 13  - 39  - 23 20 33  - 24 19 42  2  8 36 43  - 22 46 38 25 16  7 40 47 49
  2 45 14 13 28 17  - 22  - 21 11 39 38 16 42 31  - 10 15  6  9  - 26  4 35  1 40 32 50  8  -  7 47 34 12 48 41 19 25 49 43 23 36 30 20  3 46 27  -  5
 13 20 33  - 40  7 34 44 11 48 22 43 47 46 39 49  -  8 21 18  - 50 28 25  -  3 29 41  5 10 32 31  - 23  -  - 36  -  - 42 38  1 30 37 19 45  4  - 14 26
 26 50 48 25 29 27 32  5 46 24 34  6 28 10 18 15 31  - 23  - 40  1 35 36 42 44 45  2 33  3 21 19 39 43  9 13  - 17 38 16 49 12  7  4  8 37 11 30 20 22
 41 17 18 30 22 13 25 49  3 26 12  4 21  8 28  - 38 35 45  2  - 47 15 31  - 19 24 23 42  6 44 46 50  -  7  -  -  -  -  -  5 29 27 10 48 43 16 11 40  -
  -  4 43 38 30  3 18 28 20 32  -  - 41  9 36  - 12  - 27 14 13 15  - 26 50 40 48 42 19 47 23 39 21 44  - 29  7 45  8 25  - 24  - 11 17 49 34 33  -  2
 35 27 39 11 12 40 22 43 21 42 24 15 30  - 16 37  -  - 47  - 26 49  -  9  -  - 33 34 18  -  2 44  1 38 45 32 50 13 23 29  4 19  6 17 46 14 31  7  -  -
 49 37 45 41 21  9 40  -  -  - 15 14  - 12 23 50 22  7 33 42  - 30 38 48  -  - 39  - 27  - 47 17 24 32 31 44 46 11  1 10 26  4  - 29  -  2 20  5 19  6
 23  -  4  2 45 29 30 13 19 39 46 40 49  - 37 25 43 47 42 38  -  - 12 21 17 33 16 35  - 24 22 48  -  8 36 20  - 15 41 27 50  - 32  -  1  5  9 18 44  3
  6  -  9  4  - 49 27  1 25 19 45 17  - 15 14  2 13 43 48  - 16 44 32 33 28 11  -  5  - 42 26 29 38 35 10 39 40 37 34 12  -  8 31 18 22 36  - 46  -  -
  5 38 36  6  9 24 37 33 41 43 25 47  - 29  - 30 21 28 16 26 39 20 14  1  -  7 11 12 22 13 46  4 31 10 32 34  3 49  2  - 17 15 48  - 44  8  - 42 27 50
  9 24 26 14 39 11 33  - 49  5  - 41 44  7  4 28  - 15 32 47  - 27 23  2  -  - 19  -  6 45 43 42 34 37 13  -  -  - 16 50  1 20 12 48 18  - 17 38 22  -
 39 25  - 34 14 47 23  -  -  - 13 24 40 50 45 27 32 29  -  - 44 16 10 19 46 15 18 26 37  -  -  - 20  1 43  5  - 42  4  7 11 41  -  3 12 35  - 48 21 33
  - 10 41 20 25  -  - 24 16  -  9  7  2 17 48 43 23 42  -  1 27  - 34  - 32 39 50 11  - 29 31  -  -  - 21 15  - 35  6  5 19 30 28 33 14 46 12 44  - 38
 11  - 17 42  -  - 20 25  - 12 35 21 43 30  9 14 16 24 46  - 18 10 36 50 47 26 31  1  - 27 41  2 44 29  8 49 45 34 32 48  -  6  4 39 13  - 38  3  5 19
 33 22 49  -  - 32 26 39 44 31 30 11  - 41  8 20  - 16  -  - 42 43  2 38 14 45  - 47  - 40  6  -  - 27  4 12 18 24  - 19  9  5 50  -  -  - 37 21 10  -
  -  5  8 40 36  4 15 14 23 13  - 19 27  1 34 48 11 50  3 24 41  - 22 43  7  - 30 31 44 37 42  6 28  -  2 45 10  - 33  - 46 49 16 25  - 17 29 39 18  -
 38 16 31 29  - 30 41  -  6 46 19 25 37  -  - 23  - 36  1  - 32 11  9  - 12 20  4 33 13 17 34 28 45  - 35 40 24 21 10 44  2  3 39 26 47 15 49  - 50 43
  - 14  3  -  - 34 24 41 22 35 16  - 42  4 44 40 45 20  - 25 38 33 47 13 21 12 10 43 32 46  8 49  - 19 11  -  1  5  - 37  - 36  -  6  -  - 48 23 28 29
  -  - 15  5 44  8  2 40 28 18 43  -  -  -  -  - 30  6 25 35 10 22 39 23 29  -  - 19  1 26 38 34 46  - 17 31 16 12  -  - 45  - 21 42 36 27 14 41 33 47
 46 47 35  - 48 19 28  9  -  8 14 36 10 20  -  3 42 33 31 27 37 21 16  - 38 41  -  4  -  - 18  1  - 22  5  -  -  - 40 34 25  7 29  - 15 39 13  6 45 23
 27  3 40 23 24 44 16 45 47 11 26  -  5  6  - 19 29  - 34 36  8  -  7  -  2  - 35 30 31 32 12 20 33 39 50 43 13  - 21  -  - 25 22 28 49  4 42 10 15 41
 16 34 30  -  4 23 46  - 35 45 50  8  - 25 11  5  1  - 38  - 29 36 37 41  - 31 13 27  - 20 17  - 42  2 28 10 33 40 15 22 32 21  3  7  - 24 26 14  9 44
  - 40  6 21 18 45 31  -  -  2 37 16  - 13 32  4 10 23 26 39 17 12  8 15  - 24  -  7 29 49 50 14  -  - 33 46  5 48  -  -  - 28 42 44  3 22 36 25  - 35
  - 43  2 39 26 41  5 30 29  - 49 12 20 34 35 22 33 37 28 50 14  7 17  - 40 38  9 24 48  -  1 10 19  -  -  4 21  -  -  -  8 42 25  - 11 47 32 36  6  -
 12  -  7 26  - 39 49 50 32  - 18 42  1  - 33 10  - 13  -  -  3 31 21 35 16 34 36 38  2  9 28 24  - 40 44  - 27 20 37 17 48 43 47  - 29  - 41 45  -  -
