2000
  -  5  9 15 48 46 49 28 40  - 27 29 36  - 17 24 13  4 30 12  - 14  -  - 37 47  2 38  6  -  -  - 33  - 35 21  -  7 50 39  1 18 44 41 26 31 32 23  - 25
  - 28 15 25 21  -  - 18 33  - 41  -  - 49  - 46  3 11 19 16 35 43  - 29 38  -  - 10 22  2 32  7 50 30  5  4  - 42 20  1 34 17 12 40  8  - 14 44  -  -
 10 13 40 27  - 33 44 23 22 24 42  1 48 11  - 36 26 31  2 38 14  6 30 49 45 18 32  8 28 46 37  -  -  3  - 41  - 50  - 19  -  5  -  7  - 35 29  - 12  4
  - 43 20  - 31  -  - 11  - 23 18 49 24 41  - 12 34 46  7 27 30  - 25  5 29 14 42  6 26 16 10 36  -  - 40 47 22 21 28  2 38 39 35 17  9  -  3 33  1 32
  5 37 43 11 47  - 20  -  6 28 21  -  2 50  - 13  1 34 14  3 23  -  - 18 17 19 44 45 15 29 16 12 27 46  7  - 41 30 33 48 32  - 38 25 36 49  - 24  - 22
 38  - 35  -  8 19  - 39 27 46  -  - 11 15  4  5 24  - 43  7 16 32  2 20 41 48 23 25 50 17  - 31 18 49 21 42  -  9  1  - 29  3 13 34 33 30  6 45 44  -
  2  - 23 10  3 24 34 38 26 39  8 19 18 13 45  - 49 27 17 30  7 11 29 33 44 46 37  1 40  9 20  4  - 42 41  6  - 32 14 21 31 50 28  5 22  - 48 12  - 16
 31 16 30 42  5 34  -  - 12 13  - 40 26  - 10 43 35 39 25 23 11 44 21 32 36 15  3 17  7 14  9 50  - 27 45 48  -  6  8  - 47 41 20 24 38  2 18 29 19 37
 28  - 38 40 16 42 36  9  2 18 50  5 22  - 37  - 27 14 21  6  - 35 15 13  7 10 33 46 23 26 17 32  -  -  - 31  8 34 49  4 48 19 41  3  - 44 43 11  - 20
  - 40 31  - 10 18  - 14  4 35  - 21 17  6 26 48  8 13 49 46  1  -  - 22 32 25 28 41 20 44 39 38  5 36 19  - 12  - 42  - 33 34  - 43 30 50 16  -  7 15
 45 23  1 24 11 14 38  6  7  - 31 15 39 33 16 21 25 18  -  - 26 50 46 41  3 30 49 44 43  - 34  8 17 37 48 36  9 12  4 40  5 42 47  - 27 19 28 10 22  -
 12 42  -  - 39 48 28 31 15  9 14  - 21 19 25 29  -  5  - 32  - 36  6 23  1  2 46 27 33 40 18  3 43  - 10  - 26 37  7 34 44  8 24 13 20 11 30 35 49 45
  -  - 41  - 24 28 27 17 16 20 33 48  6  4 18 37 32  -  9 10  3  - 50  - 22  5 21 19  -  -  7  - 42 14 23 25 44 38  2 35 11 12 29 36  - 43  - 46 34  8
  9  2  - 34  1  7 26  -  - 49  4  3 46 31 38 40  - 30 35 15  -  5 41  - 13 50 16 42 17 43 33 20 37 11 39 32 28 23 12  - 14 25 45 21 19  6  8  - 27 24
 13 38 49 43 19 39  - 32 24 31 11  4 16 14  5 22 29 20  -  8  2 30 26 45  - 28 36  - 34  -  -  - 44  - 12 33 17  -  -  6 40 15 50 27 37  1 35  7 21  -
  3 45  4 29 50 21  - 15 14 10 36 41 31  -  -  - 17  7  -  - 40  1 11  -  8 42 30 26  - 22 28 16 34  5 47 18  - 35 27 12 25 38 43  2 39 24 19 20  6  9
 32 35 12 17 23  - 47  - 21  6  - 39  3  - 30 44 37  -  - 33  4 18  7 46 24  -  5 36  - 27 25 15  - 31 28  - 11  8 48 43 45  - 26  1 41 42 13 38 29 19
 30 17  8 46  - 43  4 48 29 36 37 35 49 25 24 10 16 42  -  1 18  7 45  - 19  - 50 31  5 38 14  -  -  - 11 34 27 39 47  -  -  -  3 26 44  -  2 32 15 21
  4 27 45 21 20  3 43 35  - 42 24 14  5  - 50 19  7 22 46 39  - 13 38  1  9 37 48 33 18 41 44 25  -  8 29 12 36 26 11 30 49 16  - 10  - 17 34  6 47 28
 34  -  5  2 13  - 39 50 31 16 45 30 35  9 33 49 19 25 48 41 28 15 27 11 10  3 14 23 42 12  -  -  7  1 24 38 18 40 44 36 43 20 21  -  -  - 26 22  8 17
 37  6  -  - 12 49  8 36  - 41 32 46 30 16 13 26  -  - 47 34 27 39  - 38 28 21 15  - 25  5 29 33 31  4 44  -  - 14  - 20  - 43  - 23 11 18 40  - 48  1
 44 41 18  - 29 17 33  3 34 25 39 36 10 42 11 14  6  - 23 20 45  2 28 50  - 31 13  4 21 24 49  5  - 35  - 43 15  1 37  - 16 46  9  -  - 32  7  - 26 30
 47 10 14 36  9  -  2 42  - 27 40 37 25 23  7  6 44 32 38  - 20 12 13 34  -  8 29 16 31 33 15 19 26 43  1 39 45 11 24 41 17 21 46 22  - 48  5 49 30  3
 15 21 22  7 38  5 50 29  -  4 47 25  1 18 27 20 30  2 10  -  8  9 40 19 12  - 31 32 49 11 42  -  3 34 43 23 14 13  - 28  - 44 37 33 16 26 45 48  - 41
 18 29 25  1 44 38 32  - 37 26 30 11 20  3  - 45  9 35 15 36  -  - 23 16  - 43 12 13  -  -  - 34 49 40  8  - 47  5 17  -  - 22  - 50  7  - 33 27 42  6
  1  8 10 44  7 31 46 24 30 43 49 27  -  - 40 15  -  -  -  9 42 38 17 28 25 23  - 22 12 20 26  - 41  2 14 16 32 47  -  -  - 48 19 18  5  3  - 36 33 50
 20 30 36  6 49  8  1 22 11 19 25 12  -  -  -  2 18  3  - 13  - 33 16 42 21  7 27 39 38 37 41 29 28 45  4 35 46 48 15  5  9 31 10 47 17  - 23 50 43 26
 41  - 32  5 34  - 11  2 19  7 20 24 38 26 42 17 36 45 44 48  -  - 33 10 43  - 40 29 27  6 30  -  - 50 13 15  -  - 22  8  - 37  - 31  - 21 39 14  - 18
  7 33 46 32 14  - 17 40  -  3  - 45 42 38 19 23 21 37 22  2 44 47  8 48  - 12 41 18  4  -  - 26  - 10 34 24 29 25  5  -  - 49  6 30 35 36  9 31 16 43
 19 20 28 38 26  - 42  7  - 34 16  8  - 22 48 41 43 23  1 25 32 17 10  -  - 36 24  - 44 13  -  2 29  - 27  -  4 45 18 31  6 11 30  -  3  - 50  - 39  -
 36  4 27 12 37  - 13 25  1 50  - 23  - 17 41  9 31 15  -  -  -  3 24 35  6  - 20 14 46 39 19 11  8  7 38 44 48  - 43  - 28  - 42 32  - 16  - 30 18 40
 43  - 42  4  6 27  - 20  5 29  2 38 12  -  - 28 40  - 36 50 33 26 34  - 39 17  - 37  3 19 48  9  - 23 16 14 30 41  -  -  - 47 49  -  - 22  1  8 10 11
  - 46 33 13 15  - 41  8 17  -  3  - 40  -  6 38 39  -  - 44 37 21 42 47 23  - 35 50  -  - 43  1 11  - 31 19  5  - 26  - 24  - 22  - 45 20  -  2 28 10
 46 48 16 23 43  -  - 13 38  -  -  - 37 39  8 33 42 47 31 24  6 29 22  9 49 40  1 28 10 15  3  -  -  -  -  - 34  4  -  7  -  -  2 11 50  - 36 19 25 44
 27  7 37 33  2 10 14 30 44 45 17  -  - 47  1 16 12 41 11 19 38 31 18  6 20 35  8  3 24 36  4 28 22 48  - 26 50 49 21 29  - 23  - 46 13  5 15 39 32 34
  - 24 34  - 30 23  - 41  - 47 46 10 14  - 21 11  2  8 27  - 39 25 32 15 33 13 38  -  9  -  -  - 16 12  -  - 20 43  -  - 19 29 17 42 18  7 37 40  4  -
 11 19  -  -  - 30  - 44 13 40  6 28 32 24 22 42 45 36 37  -  - 46  9 39 35 26 17 15  -  - 12 23 10 29 18  7  -  - 41 16 21 33 34  8 49 25  4 43  5  2
  - 50 13  9 46 11  5 19  - 15  - 44  -  - 20 18 22 24  - 28 43 16 12 25 31 41 47  -  8 42  6 10 48 26 37  -  -  - 40  - 36 14  -  4 34 45 17  -  2 35
 33 47 21 28  - 44 12  1 25  5  -  7 50 29 35 30 14 26 13 45 46  - 43  2  -  -  6 40 37 49 11 42  - 18 17 20 19 31 36  9  3 24  - 16  -  8 22 34  -  -
 14 49 44  - 33 22  - 27 48  - 38 47  - 37 23 34  5 28  3 26 15 45 39  4 16 32 18 43 30  - 50  - 24  6  2 13 31 36 19 10  8 40 25  9  1  - 20 21 11 42
 17  -  7  - 41 40  6 45  - 33 10 18  -  - 47  - 50 43 28  - 13 34 31 21 27 29 11 35  -  -  8 14  - 44 15 30  1 24 39 26 46 36  5 20 25  - 38 16  9 12
  - 34 39 48  -  - 25 12 41  - 35 32 43 36 31  - 23  6 18 47 50 20  -  - 14 27 26 11 45  7  2 30 19 13  3 46 33 10  9 15  -  -  8 29 24  - 21  5 40 49
  - 44  6  - 45 35 15 37  8  - 43 16  - 30 12 47  - 10  - 21 34 49  -  -  5 24  -  7 41 31 36 40  1  -  -  2 23  - 38 11 13 27  -  - 48 14 25 28 50 33
  6 14 48 19 17 12 30 43 47 44  - 42  8  7 28 25 33 49  -  -  5 10 36 31 34 38 39 20 29  1 21 45 35 22 46  3 40 16 32  - 23  4 11 15  2 13 41  - 37 27
 21 11  2  3 18  6 40 46 39  8  - 26 45  5 34 50 20 33 16 35  - 41  4  - 42 22 19  -  - 25  1 43 36 28 49 10  -  - 23 17 30 32 31 44 14 15 27 13 38  7
 49  1 19 50  - 45 16 10 43 37 26  2 28  8  3 31 47 40  5 14 36 23 48  - 46 11 22 34 32 21 24 18 15  - 42 29  7 44 30 33 20 13  4 38  6 41 12 25 17  -
 25  -  - 20  - 15  - 34 42  -  - 31 33 40  -  -  -  9 12  - 47 19 49  7  2  - 43  5 16 30 38 37  - 32  6  8  3 28  - 22  -  - 39 48  -  - 24  -  - 46
 29 26 24  -  - 32  -  - 49 12 13 17  - 43  2  1 11  - 45  - 25  -  5  8 50 16  9 21  -  - 23 44 14 47 36 27 37 19  3 18  7 35  -  6 42 34 46 15 20 31
  -  3 26 18  4 36  -  - 45 38 19 33 23 21  -  8 15 17 24  - 49  -  - 12 30  - 25  -  -  - 22 27 20  - 50  - 35 46 16 42 10  - 14 28 31 29 47 41 13  -
 50 12 11 39  - 13 24 16 18 22 23  6 34 20 43  7 28 48  8 49 41  - 14  3 26 45 10 47 35  4 27 17 30 38 33  5 25 15 31 32  2  1 36 19 21  9 44 37 46 29
