2000
 36  - 26  4 23 12 13 18  - 42  8 35 50  - 22 39  -  - 33  1 19 17  - 27 24  3 34 21 11 47 43 14  6 28  5 49 48 37  9 38 31  7  -  - 41 20 46 15 40  -
 32  -  - 29  2 49 34 25 47 12 21 39  -  -  3 15 27 42 50  6 35 20  7  8 36 18 30 40 31 10 41  - 24  - 19  - 44 23  4 45 48 22 26 33 37  5  1 46 16 11
  -  - 17 49 43  - 45 41 24 21 37 36 40  8 23 38 42 18  1 30  9 25 47  - 35 46  - 48  -  5  3 27 12 19  4 32 11 39  7 16  - 44 10  - 34  - 33  - 20 14
  2 40  -  9  -  - 26  4 48  -  - 27  8 20 37 44  3 43 30 36 22  -  - 38 16 25 45  5  6 14 42  -  - 35 41 19 47 11  1 34 12  -  - 39 32 10 50 18  7 49
 30 18  9  - 22  -  - 12  - 29 50 19 10  - 48  - 36 27 14 24 32 43  - 11  - 17  1  - 15 45  -  2 31 23 46  - 21  - 35 26 20 40 34 42  4  8  -  7 39 41
  4 22  5  1 26  2 37  3 32  8 12 23 46 36 35 16 24  - 40  7 49  -  -  - 21 47 13 29 17 50  -  9 14 15 27  - 20 38 41 19 45 25  - 43 10 31  - 44  -  -
 24  - 41 38 10 21  - 33  - 46 42  -  4 27 16 17 43  7 36 15 23 37  - 40  - 29 48 31 13 34 14  6  2  - 18 22  9 20 12 28  3 19 39  - 45  1 44  - 30 25
  6 47  - 35  - 26 18  - 33 22  -  3 45  1  -  8 12 41 31 13 20 23 15 46 30  5 39 32 43 24  2 49  - 48 34 40 25 10 21 44 11 16  -  9  - 29 14  -  4 17
 23  -  - 39 25  - 40 43  -  3  5 26 12 29 11 14 33 32  - 38  2  1  - 36 15  8 16  - 47 22  4 34 19 20 10  9 18  -  -  6 44 30 35 13 48 24  7 31 42 21
 38  8 40 16 41 20 29 36 25 32  2  5  7 35 33 48  - 50 12 37 24  - 31 44 49  - 26  6  - 39  - 22 46 34 11 13  1 30  - 23 10  - 43 15  3 21 17  4  -  -
 47  - 14 17 24 35 42 44  -  - 15 10 23 26  2 31 38 20 27 45 29  -  3  5 41  4  7  - 30 40 34 12 33 13 28 48  6  - 43 37 49 11 21  8 22 50 36  -  -  9
 40 34 48 15 29 25  - 31 43 30 38 22 11 41 44  4 20 10  - 39  - 32 45  1 19  9  - 14 50 18 47 16  8  5  - 28  7  - 27 35 37  2 36 17 42  -  - 49  6 46
 17 24 23  - 35 46 39  5 22 14  7 16 18 31 49  - 28 47 42 21 11  9 48  2  8 13 25  4 26  1 36 50  - 38 37  - 15 33  3 20  -  - 29 34  - 19  -  - 32  -
  - 29 11 36  6 34 38  - 27  4 39 46  - 37 18  - 13  -  8  -  1 16  - 31 32 12 40 28 20 17  7 21 45  -  2  - 19 44 50 48  9  -  - 24 26 47 30 14 23 15
 21  - 22 31 34 18  7  2 38 36 14  - 20 46  - 23 11  - 49  - 45 10  - 13  9 50 47  -  - 32 33  - 40 12  8 43 26 24  5  1  - 48  6 27 17 28 16 25 29 35
 20 17 35 14 21 42 36 29 15 41 10 43  1  6 32  3 26  -  7  - 50  4 12  9  -  - 27 16 23 46  -  5  - 33 31 45 39 22 25 11  - 24  2 38 44  - 13 30 34 18
 39 49 36 23 44 41  - 45  3  6 33  2 34 30  - 40  - 37 21  -  7 22 20 19 25  - 15 11  - 42 46 29  1 47 43  -  -  8 48 14 38  - 24 32 35 17 27 10  - 12
 45 32  3 19 36 15 30 42 31  - 17  - 25 39 41  6  - 40  - 46  8 12 16 29 37 22 43  - 24 28 11  4  - 10 44  1 34 50 47  7  - 27 48  - 21 33  - 35  - 20
  - 36 21 40 38 13  2  1  - 25 32 34 15  - 20 45  7 23 22 50 30  6 27 18  - 44 28 10  - 16 29  3 47 49 35 41 17  4 42  -  -  - 19  -  5 26  - 33 12 39
  -  -  - 45  - 43  9 16  -  - 25  7 26 38 12 46 34 21 17 33 39 19  4 20  3 37 44 42  - 23 30 15 48  8  - 31  2 41 18  - 22 36  1  - 24  6  -  5 35 28
 12 41  6 33  - 10 44 17 28  7  9 47  5 40 45 30 31  -  2  4 14 11 19 50 18 27  3  -  8 37  -  1  - 22 23 26 36 34  - 49 16  - 20 21 13 15 42 29 24 32
 50  1 24  2 31 47  - 26 30 18 49 25  - 10 40 22  - 44  - 17  5  8  - 41  4 43 11 38 27 12  - 36  9 16  - 35 23 15  - 13 33  - 32  - 46 45 48 34  3 42
 19  - 18 37  9 45 47  - 11 48  - 30  - 24 17 13 39 35 46 31 38 44 26 23  6 20 10  2  1 27 40 42 21  4  - 50 12  - 34 32  -  8  - 49  -  - 28 36 41 33
  1 21 42 28 32 23 27 35 46 24  -  4 16 19 50 25 29 14  -  5 41  -  - 34  - 31 49 36 37 26  - 20 11 39 40  7  8  -  - 47 43  - 22  3 12 30 10  2  9  6
  7  - 45  8  -  -  4 32  - 43 48 49 44 50  - 34 23 17  5 12 16 24 37 21  -  1 19 41 22 25 27 40 28 11  9 38  - 29  - 33 13 15  3 18 36  -  - 47 14 30
 27  2 10  7 19  1  - 47  4 40 46 11  - 22  6 33 21 26 34 48  -  3 32  -  - 49 23 39  -  9 38  - 44 37 42 16 43  - 29  5  -  - 45 28  8 14 41  -  -  -
 13 42  - 10  5  -  3  -  - 37 16 45 38 15  - 20  8 11 35 49  4 40 28  -  -  - 41 46  9  -  - 32 39 31 36  - 14 18 44 21 30 26  - 12  -  - 24  6  2 19
  3  5  - 25 30 48  1  9 17 50 47 41  - 12 24 42 19 45 15 34 37 21 49 16 44 39 22 26 35  7 20  - 13 14  - 36  -  6 10 31 18  -  - 40  - 43 11 28 33  4
 33 10 44 30  - 50 25 37 49  9 18  - 21 43  - 35 48  -  -  -  6  - 22 42 34 28  4 15  7 19 39 45 20 17 47 29 32 12 36 27 46  5 13 26  1 40 38 23  8  3
 41 30  -  5 40  4 35  -  - 34  6  -  -  2 47 24 50 13 25 11 36 45 42 14 22  7 37 43 39  - 31  -  - 29 49 23 10 16 17  8 28  3  9 19 33 44  - 12 18  1
 34 33 15 50 47 36  8  7 20  - 27  - 48  -  - 19 14 29  - 22 21 39  1 28 12  6 17 25 10  - 35 44 49 26 16  2  3  - 32 41 23  - 42  4 30  - 31  9 45 38
  -  - 25  -  1 16 19  - 29 38 35  9 31 47  - 10  - 12  3 26 18 33 17 32  - 11 42 49 34  -  5 13 50 27  7  -  - 14  -  2  -  4 30 22 23 48  - 45 21 24
 37  7  -  -  - 44 23 11 19 28  - 38  - 33  -  1 32 39 29  8 48 34  9  -  - 14  - 20  5  2 17 31 35 40 25 10 16  3 30 24 42 45  - 50  -  - 43 27 46  -
 46 44  - 11  3  - 20 28 40  - 41  1 49  -  - 50  -  9  6 23 26 29  8 37 45 21 36 24  - 13 16 18  4  -  -  - 42 31 22 12  -  -  - 14  2 34 25 32 19 27
 10 23 32 46  8 11  -  - 36 49  - 12 33 21 34 18 37  6 39  -  3  -  5  4  1  -  - 27  - 35 22 19  - 44 15 24 45  9 20 17 50 28  - 29 47 41  2  -  - 26
 35  6  - 18 45 37 22 20  2 27 24 32 17  7 19 26 41  -  4 44 43 49 34 12  - 38 33  -  3 29 21 47 10  - 13 14 46  - 31 15  5 39  - 48 28  9 23 11 50 16
 25  - 16 20  -  7  - 14  5 45  4 21 28  - 43  -  - 36  9 32 44 47 23 39 26 40  - 22 29 30 13 41 38  2  - 11 49  1 19 42 34 33 50  6 31 18  - 37 15 10
 44 48  2  - 50  - 24  -  8 23 19 31  -  4 39 37  -  5 18 43 10 35 25  - 11  - 29 47 45  -  9 30  7  - 14  - 22 28 16 36 32  6 15  1  -  - 34 21  - 40
 48  -  1 27  -  - 15  8 16 20 29  6  9 17  - 21  -  4 19 47 31 18  2 30  7  - 35  - 12  - 32  - 26  -  3 44  - 36 23 22 25 34 14 10 38 39 45 24  - 43
 49  3  - 21 13  9  - 24 26 44  - 17 37  -  - 36  4 31  -  - 33  - 10 43 14 15 12 34 25 20  -  -  5  - 38  8 27 42 40  -  2  -  - 45  -  - 19 22 11 29
 28 16  - 32 33  - 50 22  -  - 44 37 27  5 38 11  -  3 43 29 12  7 36 26 31  - 21 18 40 49 25 48 41 42  - 15 24  2  - 39 19  1  - 46  -  - 47 13 10 23
  5 26 31 43 48  - 12 34  - 15 11 50 19 23  -  - 35 24 28  9 42 41 39  3 29  2 20 45 21  8 10  - 36  -  - 27 33 47 13  4 17 32  - 16 25 38 18 40  1 22
 22 12 27 42 49  3  - 30 37 16 28 15  - 44  5  9  -  - 32 41  - 14 43  -  2 35 46 50 19 36 45  8 29  -  - 33  - 48  - 10  6 18  - 20  - 23  -  1 17 31
 16  - 33  6  7 38 43 39 50 11 22 28 41 45  1 29 47 48  - 19 46 31 13 10  -  -  2 44 36  - 37 24  - 21 17 25 30  -  - 18  4 20  - 35  9  - 15  - 49  5
 31 50 28 24 15 27  6 49 23 39 43  - 47 14 42  2 44  - 10 35 34  - 38  7  - 36 32  3 46 48 12 33 16 45 22  4 40 21 26  9  1 29 11 41 18  - 37 19  5  8
  - 20 37  - 18  -  5  - 39 26  - 33 24 49  8 32  1 22 16 40  - 36 46 45 10 42 50 30 38  6  - 35  3 25 12 21 41  - 15  -  7 14  4 31  - 11  - 48 28  2
 14  4 20  -  - 19 41 21 12 33  - 29 42 13  -  -  - 38 45  - 27  5  6 35 50 24  9  7  -  - 26 23 34 18  1  - 31 46 11 25  8 17 49 36 15 16  -  3 44 37
 15 37 19  - 12  8 32 46 13 35  - 44 36  - 25 27 16 28 47 20 17 50 40 48 43 10 14  1 41  4 24 38 18  6  -  - 29  -  -  - 21 49 23 30 11  2  9 39  -  7
 18  9 43  - 14  - 17 19  7  - 20 13  - 34 26  - 40 46 11  2 15 27 24 25 28 30 38 23 16 21  1 10  -  3 33  6 50  - 45 29 36  -  - 44 39  4  5  8 47 48
 11 35 49  3 16  - 10  - 41  - 34 18 39  - 14  7 22  8 38 27 28 26 21 33 20 32  5 12  2 31  6 25 15  1 48 46  - 45 24  - 40 47 44 23 50 42  4 17 43 36
