2000
 32  7  - 45 42 16  - 41 40 18 15 11 13  2  - 25  4 28  - 29 37  - 19 43 30  - 26 39 48  8 35 12 50 44 36  1 47  5 38 10  3 34 49 23 27  6  -  - 20  -
  -  1  2 15 35 44  3 42 23 38 46  5 43  8 50 40  -  -  - 41 22 12 32 34 48 33  - 27 49 18  9 28 11 36 24 20  - 14 45 16 17  -  - 30 25 37 21 26  4  -
 20 46  7 31 28  - 49 27 33 19 25  -  - 44 10 36 40 32  - 26  5 13 39  8 14  - 47 35  - 16 45  - 37 38 34 22  1 17 43 21  4 42 48 41 50  - 29 23  2  -
 21  6  1  7  2 38 42  4  - 28  - 12  5 30 29 10 16 13 23 35  -  - 17  - 47 26 46  - 31  - 39 15 33 11  3  -  9 40 27 43 37 48 34 25 19 49 22  8 50 32
  -  4  - 25 21 18 48  - 16  3 26 49 47 35 24 41  -  -  - 22 10  9 42 33 38 14  6  1 44  -  - 34  2 20 37  - 13 43 11 12 23 27  - 45  8 28 19 15 36 46
 30  - 45  - 39  4  9 24  - 25  - 44 27 12  -  8 14 20 31 16 49 35 21 36 37 50  - 46 32 41  -  5  -  -  7 47  3 28  -  -  1 38  - 42  2 26 10 13 33 29
  - 30 42 19  - 33 23 25  5 36 45 13  -  -  9 21 41 29 11 43 40  -  - 10 22  -  - 31  - 17 16 50 26 18  4 49 48  8 39  - 38 24 12  -  6  2 47  - 32 28
 50 44  - 38  - 13 11  -  9  - 21 40 48 46 42 35 15  1  -  - 19  3  6  -  - 25  -  2  7 34 49 43  - 39 32 33 28 26  - 31 24 41 27 10  5 16 12 22 45  8
 33  5 19 29 18  9  - 44 43 39  - 35 50 40 27 37 45 30  8 25  3  - 48  2 10  - 42  4  -  7 26 20 17  -  - 16  - 23  1 46 34 47 14 32  - 22 24 12  - 41
  - 31 20  4 19 15 41  - 50  - 35  - 40 49 33  1  5  6 38 11 44 39 18 13  7 47 12 22 29 30  - 16 27 48 42 37 10  3  - 25  2  - 32  8 21  -  - 43  - 23
  -  - 29 37  - 30 46  - 47  5 19 32 26 22 35 33 44  - 28 24  - 18  -  - 43  3  2 13 15  6 17  - 40  - 38  - 25  - 10  4 49  9  - 48  - 42  - 16  -  -
  - 22 30 47 10  - 50  3 38 37 42 48 24 14 46 44 32 41  6  - 29  1  -  - 27 35 31 16 39  - 43 45 13 26 49  4 18 36  - 34 20  8  -  7  9 11  2 21 40 25
 29  3  6 14 25 41 31 20  - 32 50  7 11 17 23 15  9  5 24 19 38 10  - 27 49 39  4 12  1 21 34 44 30 47  2 43 22 35 48 42  -  - 33 37  - 36  - 46 28 40
  1  - 47  6 43 26  - 16 30 21 17 28 34  - 12  - 10 22  -  - 27 32  7  - 46  - 20  - 23  - 11 31  4 15 39  9 50 33 24 38 45  - 13 19 40 41  8 25  3 35
 22 29 46 18 49 36 37 13 35 43 34 15 41 10  7  5 24 17 48 27  4  - 44  6 19 38  3 20 12  2 21 32  - 16 30  8 23  1  -  9 42 28  -  - 26  -  - 31 47 50
 16 34 36 42 50 46 28 37  - 14  - 39  - 45  - 32 48 15 10  1  2 17 47 26 35 29 11  7  9  - 40  - 22 23  - 44  - 49 12  5  - 43  -  3 33  - 31 30  6  -
  5 38 22 17 29 37 26 10  1 49 39 36 14 20  2 50 42  -  - 47 18  8  - 24 12  6 41 23 34  - 19  7 31 45 33 13  - 11 32 15 21  3 16  -  - 30 40  -  - 43
 24 47 38 12  -  -  - 40 17 10 20 45  - 42 14  - 26  3 34  8  6 28  1  -  4 31 32 25 22 46 37  2 15 50  5 48 27 21 41  -  9 44 43 18  7 29 16 36  - 33
 27 13 12 23  -  8  - 45 46 26  -  6 32 34  - 28 37 50 19 42 25 20  4 38  - 16 43 36 11 35 24  3 21  2  -  5 15 39 33 18 40  1  7  - 30 10  - 29  -  -
  6  9 14  8 15 29 47 48 27 42  5  -  - 50  -  4 13 25 16  - 24 46 23 11 39 43 36  3  -  - 33  - 19 35  - 40  7 41  2  - 32 18 17 20 37 44 38  1 10 34
 46  - 17 39 20 48 22  6 28 27 32  - 49  -  8  9  - 43 26 45  -  - 41  - 16 19 10  - 36 13 47  1 12 30 40 25  - 18  4  3  5 11 31 21 29 38  7 37 14 44
 13 39 41 22 37  - 38  -  - 11 29 19  1 16  - 46 20 34  - 36  -  6 31 42 23  8 21 43  - 15 28 48 49 27 12  - 40 47  7 35 50  5  -  9  -  4 26  2 25  -
 15  2 43 26 27 24 44 50  - 23  - 31 22  4 11 29 28 47 33 30  7 38 40 25  - 36 37 41 19 49 32 46  -  -  9 45  8 34 21  - 48 16 20 17  1 18 35  3 12 13
 17 37 15 13  - 21 12 31 45  -  -  - 19  9  6  2 36  4 50 23 39  - 34 16 25  -  - 11  - 47 20  -  - 40 44 10 38 32 30 28 46  7  - 26 18  5 49 27 41  -
  - 21  8 44 40 12  - 35 15 29 33 16 30  -  5  - 11  7 22  4  - 19  -  -  1 32 39 28 41 23 42  - 24 10 46  -  - 38 50 37 13  - 25 31 49  - 27  - 43 14
 36 12 35 48  - 14  4  -  6 50  - 10 18  3  -  - 30  9 44 13 16 27  2 49 21 20 40 15  5  - 38  - 25  1  - 28  - 24 31 29 43 19 37 33  -  7 34 17 22 42
 25 48 13 24 32 19  - 30  - 12  1  - 46  -  - 27  - 33  9 50 28 45  -  -  8 18 22 26 10  3 44  - 38 41 20  -  -  7 17  2 15  - 42 49 31  -  -  - 16 11
  - 35 28 36 38 34 39  7 10 44  -  -  2 23  -  3 21 12  - 37  1  5 25 14 26 48 16 29 50  -  - 42  6  - 22 31 49  4 47 41 11  - 40  - 17 46 32 19 13 45
 48 32  -  2  - 35  - 49  - 41 40 33  - 39 22 23 38  - 30 28 34 15  - 47 11  - 50  - 17  -  4 19  7 43 25  -  - 29 16 20  - 12  1  6 42  9  3 14 21 37
  - 43 10 27 12  2 33  5 24 47  4 22 16 21  - 14  7 49 40 15 11  -  9 46 32 34 48  6 37 25 50 38  -  8 23  3 20 42 13 44 29 45 19 39 36 31 41 35 18  1
  -  - 25 40  9  1 17 38 44 31  2  4  - 18 15 34 43  - 32 49 47  -  - 35 29 45 27 24 20 37 41 14  -  3  - 19 42  - 26  8  - 30  -  5 22 13  6 48  7  -
 19 24  -  3 36 20  5 32  2 40 49 26 42 11 43 38 25 10  4 21 14 16  -  -  - 12 45  - 46 39  7 22  - 34 18  6 35 44  8  1 30 37 28 15 41 23 13 33 17 31
 23 28  9  -  -  7 19 47 41  1 48  2 31 13  - 45 33  - 37  - 12 44  8 17 24  4  - 40  6 27 14 35 32 42 15 26 30 20  3 50 16 29 38  -  - 43 25 10 39  5
 34 45 18 41  -  - 13 12 22 20 30  -  9 25  -  - 29 24  2  - 31 42  -  -  -  7 17  - 27 36  -  -  - 37 48 21 46  - 35 19 33 39  5  1  - 14 23 49 26  3
 38  -  - 33  1 32  7 46  - 15 31 21  -  -  - 42 47  2 13 34  - 29 20 37 18 27 35 45 40  5 22 25  -  6 41 17  - 10 14 30  - 36  9 28  -  8  -  4  -  -
  - 18 32 10 46 47  8 11 34 33  -  1 45 37  - 30 49  - 41 14 43  4 22 21 20  - 24 44 16  - 25 26  9 17 35 15 19  - 23  -  7  6  -  - 13 39  5 42 31 36
  -  -  - 11 23  -  -  2  - 34 14  - 21 32 37 20 27 16 18  9 42  7 24  - 45 17  - 50 38 40  - 13  3 46  - 35 29 25 49 47 36  - 44 43  - 19  1 41  - 26
 40 36 34  1  3 45 29  - 49  8 37  -  - 27  - 24 19 44 42 17 50 48 11  - 31  -  9 30 25 14  5  6 10  4 47  - 26 22 20 33 35 23  - 16 28 15 43 18 46 21
  2  - 16 20 31  3  - 28 29  7 27 41 10 43 49 12  - 39  - 32 36 24  - 18 42  -  - 34 35  - 13  9  - 21 14 11 33  -  - 23 25  4  6  - 48  -  - 38 19 22
 43  - 21 49 34 50 20 22 32 13  7 23  - 26  - 17  6 27  5  2 45 31 15 39 33 11 38  9 47  1 48  - 16 12  - 41  -  - 25 36 28 46 10 29 14 35  - 40 42 18
 41 15 49 50  - 23  2 36 21 16  6  -  8 19 40 26 35 31  - 39  9  -  3  -  5 30 18 37 42 20 10  - 46 28  -  7 45 13 22 17  - 32 24 47 11 33  - 34  -  4
 35  - 39  - 14 42  -  1 48 30 47 34 38 28  - 22 12 45 21  -  - 50 49 31  -  - 44  8 26  -  3 29 36  - 17 18  - 37 46 13  6 33 23  4 43  - 20  5  -  -
  - 20  4  5 17  - 10 43 37  2  - 24 15  - 21 19 31  - 27  6 13  - 38 41  9 46  8  - 30 33 18 40  1 22 45 29  - 50 28 14 47 35  3 12 23 32 48  - 44  -
 47 16  -  - 44 40 34 19  7 48  9 46 35 29  4 31 22 37 17 20 33 21 13 12  3  2 15 32  8 50 36 18 14  5 43 23 41  - 42 49 10 25 26 38 39  1  - 11 30  -
 45 26  - 46  5 31  - 17 13  9 38 14  4 33 36  - 18 35  1 10 15 47 43  - 28 22 19  - 24 12 29  - 44 49  - 34 39 16 37  7 27  - 30  -  3 40 42  -  -  2
 42 25 11 43 33 22  1  - 39 46  3  - 37 15  -  - 34  8 35 48 41 40 14 44 13  5 30 21  - 45 23 24 29 32 10  - 12 31  6 26 19 17  4 36 16 50 28  9 27  -
 10  8 26  - 11 27 36 33 31 45 18  9 17  7 38 13  2  - 39  3 46 23 35  - 15 42 25  -  4 43  1  - 41 24  - 14 37  - 34  6 22 49 21 40  - 20 30  - 29  -
  -  - 50 30  6  5  - 15  3 22 23 27 29  - 45 43  1 42 46 38 26 25 12 48  - 28 33 49  -  -  8  4 34  7 19 32 14  9 36 24 39 10 35 13  - 21 17 44 37 47
  8 14 44  9  4 43 32  - 25  6 28 37  - 38 41  7  3  -  - 33 30 26 36 40  -  -  5 17 13 10 12 39 35 29  1 42  - 19 18 22 31 50 46  2 47 48 15 45 24 27
 37 42  -  - 16  6 43  9 36  4 24 50 28 31  1  - 46  - 20 12  8 49  - 22 41 21  7 19  - 38  2 10 39 25 13 27 17 48 44 32  - 26 29 34 15  - 33 47  - 30
