2000
 27 49 42  - 45 37  - 13  - 10  9 35  -  - 14 24  -  5 31  - 11 12  4 46 48 44 43 16 34 36 20  - 26 47  - 38 29 39 18  - 41 23 40 50  -  1 32 25  - 19
  4 13  8 35 14 34  -  5  - 21  3  - 45  - 42 27 33  - 44  -  - 41  2 36 50 25  -  - 16 22  -  -  - 19  - 49 15 24 31  - 10  7 47 30 20 32  -  6  -  -
  - 41  1 19 34  6 13 30 22 20  4 24  - 37 31  3 39 17 47  - 44  7 48 38 21 15 36 50 45  -  - 12 11 14  - 33 40 18 25 28 26  2  - 49 27  8 16 35 42 29
 36 47 15 32  5  -  -  4  1 46 40 31 48  - 12  9 27 19 30  7 20 14 35 43 24  - 42 37  -  2 39  6  - 44 50 21 10 25 16  8 38 34 11 17 45 26 22 28  - 23
 48 15  5 45  1 44 40  6  - 43 39  -  - 27 26 49 32 29 46 34  - 36 25  2 35 28 41 12 37  -  4 30  3  7 24  -  -  8 47 31  9 42 23 16 13 33 14 11  - 17
 33 43 30 40  8 17 19  -  - 49  -  3 31  5  - 20 16  -  7  1 42 34 24 35  - 26 25 44 23 27 13  - 50  2 38 12  4 32 10  -  - 41  - 22  - 39 36 48 18  -
 40 14  -  - 27 15  -  8 29 26 23 43 10  9 28  -  -  2  3 13  - 39  6  - 45 19 18  -  - 37 11 35 12  - 34 47 36 44  5 25 48 24 33 21 50 30 20 49  4  7
 14 21 20 15 32 38  - 12 47 35  -  -  - 24 37  -  - 25  5  - 26  6 13  - 29 41  4 11 39 33 44 22  1 27 42 48  - 28  - 49  - 10  2 43  3 18 40  7 50  9
 45 27  2  6  - 18 25 35 40  - 47 48  4 17  8 15 38 46  - 21 28 44 11  - 31 36 39 49 29 26  -  1 32 20  7 24 43 41 23 50 12 14 34 42 30 10 37 13  - 22
 11 36  - 50 25 24 26 34 10 30 18 38  1 15 29 45  7  8 28 35  -  -  -  - 42 49 17 41  - 47 19  2 23 22  - 44 21  4 12 37 40  - 48 20 39 46  6  5 33 14
  6 23 32  - 10  - 47  9  - 48 43  4 11 14  7 18 49 35  - 39 21 46 19  - 33 22 34  - 26 17  8 40  2 28  - 42 20 38 41 16 37 31 27 13 44  -  - 12 24  5
 23  - 10 43 30 39 45 20 37  1  5 16 28 13 50 36 22 27  4  - 40  9 21 48 26 11 12 47  -  -  - 49 34 41 35 25 38 14 29 19 24 46  7  6 17 42 33 31  3  2
 26 34 40 46  3 42 20 43 12  9 15  - 23 22 27  - 14 49 41 32 29  -  -  8  - 21 10  6  - 35 36  -  - 33 31  - 48 45 37  1 17 19  - 28  2 47 11  - 16 25
 19  - 44 26  - 40  7  2 14 50 32 12 42 35  1 21 18 23 20 38 37  - 31  - 46  5 11 24 27 29 30 43  -  8  4  - 25 15  - 36 47  9 16 33 48 13 10 41 45  -
 30  - 24 29 49 14 31 46 27  6 25  - 41 50  5 26 47 22 18  4 15 20 16  3 12 40 38  7 35 23 43 34 17 32 44 19 45 33  1 13 39 21  - 10 37 28 48  9  - 11
  8 28 38 16  6  2 39  -  - 31 46 36  - 45 17  - 12  - 25 20 41 21 15  5 13 10 47 19 22 44  1  - 29  - 40 35  - 50 48  9 43 11 42 27  -  4 49 23 32 34
 41 24 13  - 23  8 14  - 26  - 33  - 44  - 22  5 42 50  - 36 34  -  - 27 49  - 29 20  -  -  -  - 46  6 39 18  1  2  9 48 16  - 43  -  -  7  - 10 40 35
  -  5 31 47 37 10 42 17  - 22  8  - 38 20  - 28 24  3  6  - 48 11 44 30 14  2  9 32  - 41 35 29  - 36  -  7 18  - 33 23 34 43 46 40 21 15  1  - 27  -
 43 48 28  1 19 33 17  - 21  -  -  8  3 40 44 29 23 11 34 47  - 31 12  4 37  -  7 42  5 39  - 13 25 49  - 50 41 20  - 35 22  6 18  9 15  - 26 38 10 36
 21 12  - 48  2 47 34 50 44 42 30 13  8 29 40 19  9 14 16  6  - 15 45 11 41  4 20 39 46 49 27 10  7 43 33 31 24 35 22  -  -  -  3 25  -  5 38 26 17 37
  - 30 45 14 36 16 37  7 20  -  - 32  9 42 34 39  - 12 10 44  -  8 38 17 15  -  2  - 31  - 23 46 21  - 27  1  - 13 35  3 11  5  -  - 40  - 43  - 25 33
 31  -  4  - 15 20  - 28  2  -  7  - 49 26 23 44  - 36  - 14 13 29 50  6 18  -  - 30 33  - 42 48 40 45 11 34 16 43 38  - 19  - 12 47 22 35 25 24  5 32
 17  - 46  -  - 48 30 38 23 29 21  1 35  2 19  - 44 39  - 24 36  - 37 47 25  7 15 33 49  - 26  3 14 10 45 40 32  -  - 43 28  8  6 18 16 12 41  -  - 31
 18 17 49 24 31 35 41 39  7 25 22 14 13 10  9  6  - 48 50  -  5 19  8 29 32 30  -  2  1 21  - 47 38  - 43  - 23  - 15 20 46 37 44 34 26 36  - 33 12  -
  1 40  7 38  4 49  5 47 34 36 48 29 25 41 13 46 11  - 39 22  8  - 17  - 27 24 16  3 14  9 45 31 35  - 30 15 37 10 26 42 32 33 19 44 12 21 23 43  2 20
  -  - 35 21 42  -  - 40  -  7  - 18 34  - 20 14 43 13 37  - 46 16  1 22  8 23 49  5 47 11 12  - 48  - 19 32 33  3  -  6  2  - 31 15 41 27 28 39  9 38
 38 39 29 13 21 23  4  - 43 24  -  - 33 31 16 50 41 37 14  - 19  - 10 25  - 48 27 45 20  7  9 26  -  1  2  - 11  5 34 46 44 12 49  -  6  -  8 17 36  -
  -  -  - 20 44 28  1 41 50 45 16 47 19 38  - 22  - 32 29 27  3 13 36  - 30 17 14 21  - 12 18  5 49 40 37 39  - 23 46  -  4  - 24  7  9  -  2  - 48  8
 50  - 17 49 16  - 12 36 11 44 13 27 14  6 32  7 31 34 26 40 10  - 29  9 28  - 46  -  -  3  - 25 37 38  8 45 39 48 19  4 30 15  - 24  - 23  - 22 20 47
 16  7 48  - 17  - 18  1 31  4 14  - 40  8 36 11 50 26 22 45 25 23  -  -  6  - 32  - 28 13 33 41  9 24 12  2 19 49 27 10 35  - 38 37 47 20 39 21 29 43
 47 29 19 25 35 22 44 10  - 39 31 40  7 11  - 43  - 24 33  - 27  - 14  -  3  - 37  - 15 42 50  9 36 30  -  -  8 16  - 34 21 38 41 23 46  2 13 20  1 48
 42 46 41  - 47  3 23  - 36 33 24 15 37  - 39  1 21 16 43 19 50  - 20 49  2  8 35 40 10  - 31 32  5 48 26 29 34  7  4  - 13 27 25  - 38  -  -  - 11  6
  -  6  -  8 12  4  2  - 38 19 34  - 18 32 10  - 46  - 17 49  7 48 41 33 44 45  - 15 36 25  - 21  -  -  1 20 50 27 42 30  5 13 28  3 11 43 31 14 47  -
 34 32 12  4 29 19 24 16 15  8  2  6 39 30 48  - 40 28 42  - 18 10 23 20 17  1 26 38 13 31 37 33  - 11  3  9  7 46  - 44  - 36 14  - 35 25 21  - 22  -
  5  -  -  2  - 50 27 32  8  - 37 20 12  - 21 31 13  - 38 10 16 30  - 44 11  6 22 43  -  - 47 36 24 39 49  - 42 34 14  7 33 26 35  1 25  -  - 29 28 15
  2 45  - 23 26  1 50 29 13  -  - 33 15 48  - 30 35  -  - 46  -  - 32  - 34 39  - 28 40 10  - 20 44 25 36  8  - 31 21 12  - 18  - 38  - 41  -  - 43  -
 44  8 47  -  - 36  - 31 25 11 38 28 43  7 18 33 48 20 12  -  2  - 42 21  5 37 13 23 19 40  6  - 30  - 32  - 27 29 24 26 15  1 17  4  - 50  - 16 14 45
 46 31  -  7  -  9 29 44 19  -  - 49 27  - 30  - 25 10 11  2 14  3 40  -  1 50  -  8 41  - 24 42 22 13  - 17  - 47 45 33  -  4 39 35 34 37 18 32 23 21
 39 35 37 31 18 30  9  - 16 38  1  - 47 23 15  - 28 21 32  5  - 25  3 40 10 12 48 13  - 19  -  4 33 46 14 11 49 26  7 24  -  -  -  - 43 44 42 36  6  -
 35  1 16 33 48  -  3 37 46 40 17 11  - 18 41 23  5 15 24 30 32  -  7  -  4 20 19  -  8 34 25  - 13  -  6 36  2 12 28 27 45 22 26 14 29 49  - 47 39 44
  - 20 21 34 22  - 28 15 42 12 44 50  5  1 43  -  8 38 40 11 35  4 18 14 36 33 45 31  -  -  2 16 10  - 25  6 17 37 39 47  3 49 13 41 19  - 29 46  - 30
 15 38 50 11 20 13 21 45 24  2 49 34 30 16 25 42 36 33 48 41  - 27 26  - 19 29  - 14  - 46 40 17  -  5 10 37  -  1  - 22 23 47  -  -  7  3 12  4 35 18
 12  -  -  - 13 21  -  - 32 47  -  9  2 46 45 38  - 42 35 17 24 40  -  - 23 16 30 25 48 28 49  8  4 29 41  -  6 36  3  5  7 20 50 39 18 31 44 37 15  1
 49  -  6 39 24 26  - 25  - 14 11 10 32 21  3  2 20 44  1 48 12 45 28  - 43 31  - 36 17  - 22 27 19 15  5 16 47  9 13 29  8 40  - 46  - 34  - 50  - 42
 20  - 33  5  7 43  - 48  - 34 42 21 26  -  4 10  - 31 13 37 23  - 27  1 16 38 50 35 11 45 41 19 47  3 18 14  -  - 36 17  - 29  9  2 32 40  - 15 46 49
  7  -  - 12 28 46 32 49 35  -  -  5 36 47 11 16  2 18 15  - 22 26  9  - 20  - 44 27  6 30 48  - 42  -  - 43 14  -  - 38  1  - 45  - 10 19  4 40 31  -
  3  9 26 37  -  7 33 23  5 16 20 25 17 34  - 35 19 30 45  -  6 50  - 18 22 14 31 29 21  -  - 44  - 12 47  - 13 40 11 39  - 32  - 36 24 48 15  2 41 27
 28  2 34 44  - 12 11 27 49 13 36 45  6  -  - 25 29  1 19 16  - 42  5 37  - 43  -  - 24 15 21 14 31 17  - 26 46 30 40 41 50  3 32 48  - 38 47 18  7 10
  - 26 18 36 41  - 38  3 39 28  6 44 50 19  2 34 15 40 23  9  -  1 33  - 47 35 24 10 25 43 46 45  - 21 22 30  - 17 20 14 29 48 37 11 42 16  -  8  -  -
 24 16  3  - 50 11 15  - 48 23 12 39 29 49  - 41 10 47  2 31 43 33  -  -  7 34 21 17  9  8 14 28  - 37  - 46 35 42 30 40 36 25  4 45  5  - 27  1 44  -
