2000
  -  -  7 14  - 48  9 36 25  4 38 11 43 16  3  - 21 22  -  - 28 10 27 37 26  2 35  -  6 19 24 50 30  - 23 29 42  5  - 46 32 20 45 18 12  - 34 40 15  -
  1  -  - 49 12 13 20 16  -  3  9  - 48  5 50  - 14 26 17 10 24  7  - 36  - 29  - 34 23  - 25  -  -  - 30 33 47 22 43 37  6  4 31  -  - 46 42  -  - 19
 47 18 11 24  - 39 27  9 46 49 35 23  6 31 34 37 40  - 44 32 25  - 15  1 43 12 10 20 41 33 21 26 42  2 45 13  - 38 14  5  - 17  - 22  4  7 28  8 48 30
  9 21 17 45 14 19 49 12 42 29 20 18 41 11 37  2  -  8 39 46 32  6  4 30 13 26 50  7 43 47 28 24 22 33 40  3  5 23 34  - 48 10  1 16 44 15  -  - 35  -
 29 37  2 48 36 32 43  - 27 38 42 26  8 17  7  1  9 19 41 44 30 47 33 23 16 34 14  -  4 22 20  - 25 45 13  - 12 18 11 40  3 24 39 21 49  5  6  -  -  -
 18  1 19  -  7  - 10 44  -  - 49  4 31  -  - 35  - 16  - 33 45 21 12  8 34 28  - 26 20  6 14  -  - 22 17 42  -  3 48 38 13 36 25 32 43 27 29  - 24 40
 35 24 26 29  - 22 41  - 11  -  6 39 44 18  - 33 43 25 42  -  3  - 23  7 28 20 49 14 45 46  5 10  - 31 50 27 36 32 12  2  8 21 34 15  - 48 40  4  - 16
  3 31 13 17 26 10  - 25 43 14 22 38  1 39 16 20  -  5  - 12 50  2  - 27  -  - 36 47 28 40 18 15 33  -  6  - 41 21 35  4 49 34  - 48  8  -  - 45  - 29
  4 20 47 16  - 12  - 35 39 23  - 45  -  7 13  -  -  -  3  -  - 24 28  -  5 43 40  -  8 31 30 29 18  - 14 48 37  -  -  -  -  -  6  - 22 17 11 49 25 42
 24 13 36  6  4  - 14 40 37 41 43 10  - 27  - 31  1 11 48 47  - 34 16 15  2  7 22 46 25  8 29  - 21 42  9 32 26 45  - 23 30  - 17 19  5 20  - 35 12 18
  -  -  3  -  8 38 36 47 17 11 40  - 39 24 31  - 33 49 21 20 27  - 44 46  -  9 26 10  -  - 48  4  - 30 43  5 13 25  -  6 41 37 15 45 19 35 18  2 23  -
  - 22 12  - 41  - 28  -  9 32 31 14 19 34 35 40 30 33 24 21  - 36 46  - 50  5  8 16  - 29 23 17  4 20 25 39  - 37  1 26 43  7 13  6 27 10  3 44  2 45
 22 30  -  1  - 41 24 17  -  -  5  - 16 44  -  -  - 34 43 37 47 29 14 10  - 36  2 42 46 21 31 20 50 49 38  7  -  6  - 19  - 33  8  -  -  - 26 13 45  4
 19 17 43  8 48  9 30  2 14 10  - 29  -  - 41  -  4  -  - 23  - 31 47 24  - 33 27 37 35 13  6  - 20 50  - 49  - 40  -  - 15  - 12  - 34 25  - 28 32  -
  - 44 33  3  5 25 22 21 40 39  -  -  -  - 49 13 37 18 23 42  - 17 30 50 35 45 48  1  7 32 19 12  2 11  - 31 27  9 29 36 38 43 16 10 15  - 24 34 47 20
 43 50  8 19 34 29  6 26 30 36 41 17 10 35  5 28 22  - 40 31 13 23  9 44 38 11  - 27 42 15  2  -  3 14 32 12 39  1  -  - 46  - 18 20  -  - 37 48  4  7
 20 36  - 27 30  -  - 10  2  7 48  3 11 37 18  -  - 32  8 41 33 38  -  - 15  - 12 39 22 44 46 23  6 16 29 43  - 49  - 45  4 47 28  9 35 13  1  - 34  5
 50  7  6  - 20  -  - 48 45 21 13  - 24 29  4 18 26  - 12 34  2  8  3  - 30  1 25 40 10 37 35 49  5  - 33  - 15  -  - 41  9 32 43 36 28 44  - 14 31 38
 10 47 22 37 24 33 12 42  -  - 23  - 32  -  6  7 17  - 25  - 14 45 35  - 49  - 19 36  -  -  4  8 40  - 28  - 30 26 31 20 34 48 21 38 13  9 46  - 41  2
  -  - 49 26 50  - 34 14 32 35 17 47 27  - 29  5  - 37 30  - 10 15 20 19 46  8 44  3  9  4 22  - 28 13  2 21 31 43 18  1  -  - 48 25 33 23  - 41  - 11
 32 27  5 13 31 45  - 24 34 43 47  - 37  6  2 16 18 42  1  - 40 44 50 33  7 38 15 48 49  9  - 22 14  - 10 19  4  - 46 21 17  3 35  -  - 28 41  - 26  8
 46 49 42  9 18 21 40 43 38 47  3 50 15 22 19 12  5  7 13 28 11 32 31 26  4  - 29 30  - 45  1 34 24 35  -  2 33 14 20 10 44  8 23 17  6  - 36 37 39 25
 30 15  - 28 43  -  -  6 35 31  7  - 17  3 33 22 11 50  - 39 36 20 26  -  - 13  4 25  - 48 42 45 38  9  8 37  1  - 16  - 10 19  - 49  2 12  - 21  - 14
 45 14 39  - 13  - 42 33 31 19 28 12 34  4  - 46  - 38 20 50  -  -  7 29  3 49 32  - 18 36 27 43  9  6  - 41 21 10 30 11 16  - 44  2 26 47 22  -  - 24
 31  3 37 22 19 47  2 45 50  5  4  7 21  - 44 38  -  9 46 11  6  - 25  - 17 32 42 24 26 49 41  - 13  1 39  - 34 29  - 48 23 30 10 43  - 18  8  - 27 12
  - 28 18 23 49  8 38  - 33 44 11  9 25  - 39 14 20  6 36 16  - 42 32 13 29 50 21 43 31 17  7 37 26  - 12 40 10 27 45  - 35 22 24 30  3  - 47 46  5 15
  2  -  - 10  1 11 15 28  -  6 29  5 45  -  -  -  8 41 27  - 16  - 36  - 31  4 39 22 33 12 32 35 46 34 49 20 50 17 47  -  - 14 26  7  - 40 44 38 42 37
 28  - 15  - 44 23  3 41 24 48 46  - 14  8 32 27  2 21  -  - 17 43  -  - 20 31 37  4 36  - 16 19 45 26 18 38  - 47 10  -  - 50 40  -  7  -  9  5  -  -
 40 41  - 31  -  - 35  -  4  -  -  - 20 45 17 11 25 30 49  7 44 13  - 16  1  -  5  9 39  2 15 47  - 28  3 22  - 50 26 12 24  - 38  8 42  6 48 36 18 23
 21 10 38  - 17 49  -  4 44  8 14 42  - 33  - 24 12 47 29 15 37  3  5 32 11 23 13  -  2 35 34 48 36 25 20 45  7 16  6 43 27 26  - 41 40  1 30 39 22  9
 17 40  4  - 11  -  8  - 29 12  2 21 22 47 14 26 41 48 18  - 46 33  6 34 25  -  9 13  1 42  -  - 10 24 27 23 35 36 49 15 31  - 30 37  -  3 32 20  - 39
 37 19 41  -  2 30 45 31  6 50 34 43 46 10  - 48 38  4 28  -  9 27 13 40  - 35 20 23 14 24  -  - 16 44  - 17 18 15  8  7 42 25 49  5 39  - 21 12  1 47
  5 26 25 33 22  -  4  - 48 34 50 44  -  9 10 47  - 39  6 13 49 37 45 28 19 27 43 17 16 30 11  7 31 32  1  8 23 46  - 35  2 12 36 29  - 42  - 15 20  -
 44  -  - 15 29  4 21 20 22  - 39 33 38 26 45 30 49  - 16  2  -  9 41 35 23 10 18  5 13 50 37 46  -  3 42 47 24  -  7  - 19  - 27  - 48 32  -  6 36  -
  -  - 20 43  - 14 16  - 26  1 25  -  - 42 30 19  - 15  4 22  8 35 49  2  6 48 31 18  -  3 47  5 17 12 21 34 40  7 37 39 50 41 11 28 46  - 13 24 44 33
 42 46 31 32 10 37  -  8 20  2 33 16 26 36  -  9 35 23  7 24  5 49 29 12 40  6 38 41 21 27  - 14 15 19  - 25 45 39  4 13  - 11  -  1 30  - 50 43  3 17
 12  8 27 50  -  2  1  - 49  - 37 24 30 20 15 10  - 35 34 48  -  - 21  9 18 19  3 11 29 14 26  -  7 46 41 36 43  4  - 17  - 13 33 44 31 38  5 47  6 28
 34 23  - 39  - 40 17  5  7  - 15 13  -  1  8  3 16 28  -  6 21  - 10 45 14 42  -  - 44 25 38 27 32 18 19 11  - 48 36 50 20 29 22  4 24 49 33 31 43 46
 16  - 28  7 38  -  -  3 10 42 45 36  9  - 22  6  - 29  - 17 12  -  -  - 39 25 24 35 30 23  8 18 27 41 31  - 32  2  5  -  - 15  - 46 11  -  4  1 49 44
 39  - 44 41  3  7  - 34  1  - 16 31 50 43 21  - 13 17  2  -  - 26 37  6 24 40 46 19 48 11 36 28 12  8 15  -  - 33 27 29 14 23 42 35 47 30 20 32 10 49
 11  - 40 21 39 18 33 46 28 37 12  6 13 14 27  - 44 20  -  9 43  4  -  3  8 15 23 32  5 26 17 42 48 47 36 10 22 19 25 30  7 49  - 24  1 31 16 29  - 34
  7 42 10 20  6 36 25 50  5  -  - 34 18 49 43 15 19  - 37  3 39  - 17 22 48 46  -  2 12 28 13  9 23 29  4 26  - 44  - 47 33  - 14 31 38 24 35 11 16  -
  8  2 45  4  -  -  7  -  3 22 19  1 49  - 20 42 28  - 15 40 48  - 43 14 47  - 11  6 32 16 33 36 35 37 26  - 44  - 50  - 18 38  9 34 41 39 12 23  - 27
  - 34 24  2 33 16 19 18 21 45  1 25  7 32 26  8 48  - 11  - 41  - 39 31  - 30 17 28 37  5 49  3 44 40 47  - 38 35  9 22  -  - 29  - 20 36 10  - 14 13
 26  - 46 47 28 15 29 22 36  9  - 30  - 23  1  4 27 31 32  - 20 14 48  - 45 18 33  - 40 34  - 41 43 38  - 50  6 11  2 16 39  - 37 42 25  8 19  7 13 10
  -  -  - 40 42 35 39 23 12 28 30  2 47 48  9 21 34 13 10 14 29 19 38  -  -  - 16 45 15 20 43  6 49  7  -  1 46 31 24 18 36 44  5 27 17  4 25  -  8 26
 49  6 30 34 21  - 32  1  8 46 24 27 42 25 36 17 15 12 26 45 23 22 11 39 37  -  - 29 19  - 40 13 41 48  -  4 20  -  - 31  5  9  2 47 10 50 43  - 33  3
 27 11 21 30 35  - 46 13 41  - 26 28  - 40 42 43 29  - 14  5 31 12 18 38 22  -  - 49  - 10  9 39  8 15  -  6 25  - 44  - 37  -  4  3 36 33  2  - 50 48
  - 12 16  5  -  6 48 37 13 30  - 46  - 38  - 29  7 14 33 18 35  - 42  4 10  3 34 15 24 43  -  1 19 21 44  9 49 41 17  8 40  2 20 39  - 26 23 22 28 31
 13 38 34 25 27 17 37  - 23 20 18  8 12 19 40 32 46  2 22  -  4  -  1  - 36 44  6  -  3  - 10 21 29  5 11 24 16 30 42 28 47 31  - 14 45 43 15  -  9 50
