2000
  8 14 20 22  -  - 34 46 21  2 39 27 15 47 24 12 43  4 50  - 16 23  7  1  - 11  9 30  - 26  3 45  - 18 35 36  -  -  - 10 13 25 17 44 49 19 38  - 33 41
 39 16 11  5  6 23  - 15 50 43 12 26 38  8  -  2 41 25  - 47  -  - 40 37  - 45 18 42 33 10 22 30 17 21 14  9 24 27  4 32 36  3 48 35  -  1 34  -  - 44
 49 44  - 32 35 48 50 20  9 31 26  -  1 27 11 13 42 28  - 23  - 10 25 43 30  - 34  8 29 37 38  -  5 41 17  - 19 45 15  2 12  6 40  - 46 22 21 33 39  -
 37  - 16 21 42 36  8  6 40  -  5 14 13 20 25 46  1 30  -  - 39 44 15  - 49 28  - 10  9  2  - 43 50 35 34 47  7  3 11 38  - 32 24 27 48 18 26  - 22 45
 46 27 21  -  - 47 11 24 26 23 50  8 28 13 18  - 49 29 30 40 33  -  -  - 43  2 17 36  5 35 20 19 34  - 32  - 39 16  - 48  - 12 31  -  -  6  3 45 44 25
 35 25 32 30 26  - 27 18 45  - 15 50 46 36 49  -  9  5 43  7  - 24  2  6  3 21 40 38 37 31 12 28 44  1  4 34 33 23 39  -  - 14 19  - 20 13 22  8 10 16
 38 37 46 25 24 50 36 31 43  3 42 40 21 10 20  -  -  2 29 18 49 22 47 32 34  9 23 27  - 41 11  -  1 45  7  6 44 12  5 17 30 16 35 13 19 33 14 48  4 28
 26 46  -  6 38 34 45  - 14 40  -  5  4  -  - 41 32 18 10  8 25 21 20 30  1 48 37  3 35 17 44 13 28 15 11 50  - 19  9 24 27 49  2 16 33 42  - 12 36 43
 25 12 50  8  -  - 29 43 36  1 35  -  3  - 19 20  -  - 23 22  - 39 31 27  9 30 33 41 11 32 17 26 37 46  - 24  6 10 28 40  - 15  -  - 38 16 42 18  -  4
 29 40  1 17 34  - 14 16  - 13 10 35  6 28 44 32 31  - 22  9 15 27  4 26 36 41 11  2 45 21  7 38 19  - 47  3 25  - 23  - 24  - 42  5 43  - 33  - 37 48
 31  1 45 44  - 21 43 28 37 11 33 29 39 25 15 19 22  9 49  - 18 26  -  - 46 32 12 24  7 13  6 34 35 38 40  -  -  - 36 23  8  4 10 50 41 48 30 27 20 17
 23  - 39  7 37  - 26  - 10  5 30 25  8 40 33  -  -  - 20  - 12 29 38  - 22 31 14 50 27 15 21 48 49 28  -  4 13 24 16 19 41  1  -  2 34 43 18 44  6  -
  - 21  7 40  - 29 20 13 30  8 38  - 34 14  - 15  5  - 45 41 10  9 32 16 19 22 42 25 39 36  1  - 33 27 18 28  3 44  6  -  4 35 23 37 12 11 43  - 31 49
 16 22 47 12 46 17 32  5 19 33  1 45  - 30 41  - 25 11 15 29 27  - 35  9  -  - 21 37  - 23 43  - 39 13  8 49  - 20  7  -  2 38  - 34 14  - 50 28  -  -
  - 30  5  - 36 35  -  -  3 37  9 24 32 26 43 42 14 15  - 21 11 13  - 50 23  -  7 47  -  - 10  1 38 31  - 45 28 34 17  - 16  8 27 33 18  - 49  - 40 19
  - 39 41 33 49  - 38 25 23 48 36 46  - 21  -  4 40 17  6  -  5 47 43 11  -  1  2 14  - 30 18 44  - 24  - 22 32 29 35 34  3  - 45 19 28 20  -  7 27  -
  -  6  8  3 22 27  -  -  5 17 46 37 11 24  -  7  4 19 21 39 31 30 33 23  - 44 10 28 43  - 13 41  2 32 26 12 38  9 50 25 35 36  -  -  1 40 15 34 18 42
  - 19  - 23  8 46  - 26 28 12 24 31 47  - 27 34 30  - 32  1  - 17 37 22 16 15  5 13 18  9 42 40  4  - 41 20 45  7  2 43 50 21 44 49 11 14 48 29 25  3
 21 49  6  - 10 12  9  - 38 19  - 30 50 22  -  1 45 33  -  5 37 43 17  - 25 42 27  7 46 16 47 29 11 20 24 26 35 14  -  - 48 18 41  4 36 23 40 31 32 34
  -  -  3  -  - 49  - 12 20  9 41  2 37 11 31 27 33 34  -  - 45 18 21 48 17  -  6 35 19  -  - 39  - 22 28 32 15 42 24  7  -  5  -  - 25 46 44  4  1 30
  -  7 43 35  - 25 30 11 47 16 29 17 14 32  - 21 23 45 44  2 34 15  6 18  -  -  - 48 20  - 26  9 27 33  - 42 36 50 31 28 37  -  5 38  -  - 19 40 49  -
 45  - 48 46  - 39  5 34 31 27  3 28 41  1 23 25 13 32 38  -  6  4  -  7 11 33  - 12  -  - 37  - 43 17 30  - 49 21 10 20 22  - 14 40 15  8 29  9 42 24
 14 20  -  - 21 10  - 22 49  - 11 43 35  2 42  8 28 36 26  - 50 25  3 40  5 39 47  - 17 34 19 33 32  7 29 23 30  4  - 37 38 31 18  - 16  9 24 13 12  -
  - 31 14 19  5  1  - 27 32 49  - 38 45 34 16 18 46 20 35  - 47 41  - 33  7 12 13  - 50  -  9 17 22 44 36 10  -  - 29  4 26 23  -  6 37  3 25 21 11 39
  3 34  - 45 31  - 18 17  4 36 28 32  -  9 39  5 19 43 46 14  -  -  - 29 42  8 20 40 21 49 35  - 41 50 27 44 47 22 25 15  1 48  6 12 24 38  -  - 13 33
 13  2 24 41 23 28 31 37  - 29 27  -  5  -  - 11  -  - 47 19  4  1  - 17 26 34  - 20  -  6  - 12  -  - 25  -  9 18  -  - 44 33  - 10 42  - 45 36 38 40
  2  5 29  -  -  -  -  8 24 21  7 39 43 38 45 22 26  - 18 49 19  6 14  - 12 46  - 32 48 42  -  - 36 16 37  - 20  - 44 27 40 34 33  -  - 31 23 50 28  -
 30 36 19  - 33 43  - 32 11 24 14  - 18  - 12  - 44 31 13 16 42  7  -  - 28 17 22 49  2 46 41  4 40 26 20 25  - 38 48  6 21 47 39  9 29 45  - 35 23 15
 34  - 13  - 15 32 19 33 39 25  -  - 29 42  2 30 47  -  8 11 24 12 50 28  - 43 48  - 14 22  - 20 23  9 46 38  5  - 27  - 31  7 37 36 17 49  6 41 26 10
 50 15 22  - 25  - 48  1  - 32 34 36  - 31 37 43  - 27  2  6 28  8 13  - 10  -  - 16 49 33 46 14  - 19 45 41 23 26 40  - 29  -  3 21  - 39  7 11 47 20
 11 10  - 49  - 19  - 42 18 30  - 41 44  7  -  -  - 22 27 32 21  -  -  -  - 35 24  5 40  - 31  6 15 29  -  1  8  - 20  -  9 26 46 25 23 34 13 16 43 37
  - 13 27 10  9  - 17 19  - 22 18 44  - 33 29  3 12 16  - 35 36 49  8 46 47  - 38  1 28 20 15 37 48 11 23 31  -  5 34 42 32 45 25 39 50  -  - 26 14  7
 18 47 23  -  4  9  6 21 15 26 20 42 31 12  - 24 35  3  - 45 48 19 29  - 32 40 25 33 10  -  -  8 14  5 49 37 17  - 46  - 11 13  7 43 30 28 16 22 41 38
 33 11 26  - 28  -  7  - 27 39  - 18 19 29 34 38  - 12 37 36 14  -  9  - 45 23  -  - 42 25  4 16 46  - 21 40 10 15  1 22  5 41  - 31 44 30 35 43  -  -
  5  9 42  -  -  -  - 23 34  4 16  - 20  - 13 14  - 49 17  -  1 50 11  - 33 18 26  - 12  - 36  -  -  2 44 21 41 46  - 30 43 40 38 24  3  7 47 15 35  -
  - 24  - 43  - 40 13  -  2 35 23 34 42  4  5 50  6 26 33 44 38  3  -  -  8  7 32 11  - 12  - 21 10 25  - 16 46 36 18  1 20 39  - 29 27 15  9 37 17 22
 32 23 49 37  7  3 12  - 44 45 21 10 40  5 30 26 16  -  1  -  9 46 24  - 41 20 15 22  - 19 29 27 25  -  - 13  4 48  -  -  6 11 50  - 31 35  2  - 34 18
 28 38 36 11 44  5 21  -  - 10 32 13 33 41  9 40 39 23  - 20  - 16  1  - 15 27 29 43  4 18 45 25  6 37 19  - 34 30 22 49  7 24 12 26  - 17 31 47 50 14
  9 48 33 42 17 13 44 14 29 18 31 47 36 45  7  - 34 40 12  - 32 28 27 21  6 16  - 19 30  3  8  - 24 39  -  - 43 25 38 41  -  - 22 11  2 37 20 46  - 26
 15 33  -  1 43  -  3 10 12 50  -  6 49 46  - 45 29  -  -  4 23  5 41  - 14 25 19 26 22 39  -  - 31 36 48  8 37 35 30 16 28 27 20 18  9  2  - 32 21 47
 22 45 15  - 50  7 37 49  - 34 17 12 26 44 32  - 11 48  - 31 40  - 19 25 20  3  8  -  1  4 30  - 16  - 38 33 21  - 47 13 18 29  9 14  6  5 28  -  - 27
  -  3  - 16 19  - 23 40 17 38 49 20  9 18  6 28 50 41  -  -  - 31  - 39 35  -  1  - 25  - 32  2 47  8  - 46 27 11 26 45 33 44 29 42 22 36 10 14  7 12
  -  - 12 38  3 45  1  2 16 20 19 11 22 43 36  -  7 46 28 15 17  -  -  - 27 14  -  4  6 40 24 50 42  - 33 29  - 31  8  5 49 10 30 23 35  - 32 25  9 21
  - 32  2 39 20 38 46 29  1 42 37 15 30 19 35 36  -  7  - 25 13  - 10 41 48 50 43  9 44 11 23 49 21  3  6  - 14 33 12 47 34 28  4 22  - 26  5 24 16  -
 27  - 30 14  -  4 39 50 42 28  6 49 24 16 40 29 37 47 25 48 41 33 26 34  2 36 45 44  -  7  5 10 18  -  - 43 31  - 13  9  -  - 15 32 21 12  1  3 19 35
  6 42  9 47 29 16  2 38 46 14  4 23  -  -  3  - 20 24 11 33 26 48 12 35 18 37 50 34  - 28 49 31 30 40 15 39 22  8 19  - 25 43  1 41  -  -  - 10 45  5
 44 41 40  -  -  8 15  - 25  7 13  9 27 50  4 35 21 37 36 34 22 42 18 47 38  -  - 46 23 29  2  5  - 14 43 17  - 32 33 31 45 19 28  -  - 10 12  6 24 11
  7 26  4 31 40  -  -  - 33  - 25 16  -  6  8  - 17 38  9 13 20  - 49  3 50 19 28 29 34  -  -  - 45 48 39 11 18 43 21 14 10 37 47 46  5 44 41  1 30  2
  - 28 35 26 48 33  -  9 13  6  8 22 25 15  - 31 27  1 14  - 43 32  - 49 44  5 36  - 24 45  - 47 20  4 50  7 11  - 41 12  - 17  -  3 39 29  - 42  2 23
  - 35 25 29 27  2 40  -  7 44 22 33 23 37 21 16 38 42 24 43  8 34 48  - 13 26  3 31 32  5 28 11  - 49 10 18 12  - 14 50  - 46 36 47 45  4 17  - 15  6
