2000
 32 10 31 14  -  3 50 18 39 19  - 22  - 28 49 38  2 15 29 44  7  1 11  - 45 35 42 27 24 26 40  9 12  - 36 33 17 25  - 30  5 46  - 47 41 34 16  - 21  4
  7 36 13  1 12 44 16 49  - 34  - 15  8 20 46 31 27 47 48  2  9  5  4 38 11 25 33 42 23 14 30 21  3 18  6 39  - 26 32 10 37  - 29 43 40 28 50 17 19 24
 38 20 29 21 27  - 22 42 26 24 41  6  3  -  1 37  7  8  9 47 30  - 23  -  4  - 49 36 25 11 19  - 48 43 33 12 44 50 45 28 15  - 31 40  2 16 14  -  - 13
 37 35 18  8  -  9 47 38 32  - 50 40  -  - 41  - 30  - 26  -  - 13 27  - 29 17 12  - 45 19 42  - 44 49 21  - 46  1 10 23 14 15 16  3  -  -  -  2  -  -
  - 33 15 13  9  - 41  -  4 10 27 19 28 14  -  6  - 39 17 16 42 22 46 45  2 23  - 35  3  -  -  - 34 36 12 29 24 21 43  -  1 31 32  - 25  -  -  -  5  8
  - 39 37  - 23 10 44 12  -  -  - 25 18 21 38  - 32  - 20 34 27 31 35  -  -  6 30 49  - 50  - 45 24 48  2 41 26 40  -  - 43 47  3  7 17 22  - 28 14 42
  - 19 46 47 50 33  1 27 24  - 35 14 15  -  - 23 21 10  -  -  3 48  - 26  - 28 41  2 49 18  5  4  7  - 38 37 29 45  - 20 30  - 25  9 12 43  6 40 16 44
 44 46 48 39 15  8  2  - 18  - 31  5  -  - 17 10 35 22 36 41 34 30 45 24 38 11 29 43 16 40 32 20 33  1 28  7 47 12 19 42 23 37 21 14 13  9 25 49  6  3
  - 31 16  - 39  - 13  -  - 12  -  - 21  - 48 43 44  - 50 17 18 15  9 37  -  2  - 41  - 20 47 46  -  5 19  -  - 11  4  - 25  1 24 10  - 40 45  8 26  -
 12  -  -  -  1 22  7 36  - 25  - 20 27 16 24 13  8  -  3 35 28 17 47  - 37 21 31 46 29  2  - 18 14  6 15 38 43 41 44 26 42  -  - 11 10 23 33 32  -  5
 26  7 30 48 44 46  8 11 49 39 34 13 40 41  - 45  - 21  - 19 33  -  - 36 23 22 35  1 12 27 29  - 17  - 24 42 10  9 37 47 32 14  2 25  - 31 38  - 18  6
 41 28  - 46 49 23 29 40 13  - 24 31  9  1 22  8 25  - 11 10  -  - 17  2  -  4  -  6 30 35 20 19 42 33  - 47 50 16  -  - 36 27  7 32 26 21 37 48 43  -
  - 21 35 30  -  1 36 39  - 41 12  -  6 48 29  7  -  - 40 13  - 26  - 43 16 19 37 45 38 15 17 31 47  -  5  4 14  - 34 44 18  2 46  - 23 27 11  - 10 20
 18 16 24 22 26  -  4  - 38  6 13 37 14 40  2 50 10 36  - 20 41 23 34  - 44 49  7 30 31 42 11 35 21  -  3 27  - 43 39 45 19 33  5  1 15 29  - 12 32 46
 28 50 33  -  4  - 27 15 17 11  - 45 19 38 39  -  -  7 18  6 21 32 44 25 12  - 40 14 20 13  - 26 23  2 49 43  5 10 42 46 22  9 30 31 35 41 34  1 47 37
 20 47 39 44 31  - 48  -  - 26 11 50  1  8  - 27 17  5  -  7  6 41 37 18 49 46  - 21 33 28 10  -  - 23 34 13 25  -  3  4 45 40 38 24 14 19  - 36 22 12
  6 13 50 33 21 37 25 29  9  5 49  -  -  -  -  -  -  4  1 27 16  - 14 11  -  -  3 32 42  -  - 17 41 46 45 10 36  - 24 43 38 28 22 34  8  -  - 18 31 30
  - 30 21  - 42 26  9 48 22  - 14  4 32  -  7  5 18 44 38 28 23  - 49 39 15 12 13 20 37  - 16  - 31 25 27 24  -  6 29 17  3  - 11 46 50 47  8 19  1  2
  -  1 25 41 29 40 15  5  - 27 21 35 10  - 36 39 26 17 14 37 44 16  - 47 31  - 45  4 50 34 28 38  - 13 48 32  9  7 18  -  6  -  8 22 30 42  -  - 23 43
  4  - 43  - 48 27 19  1  7  - 37  - 29  6 31 36 33 30  - 24 17 14  5  9  - 20 10 44 41 47 12 22  - 32  -  - 13 23 38  3  - 45  - 26 11 39  - 34  8 18
  -  2 42 18 17  7 28  3  - 23  - 30  -  9  6 48 41 19 35 21 20 34 43 31  8 50  5 24  - 45  - 40 49  4  - 46  - 15 11 33 13 32  - 12 47 14 29 38 44 27
 13  4  - 34 46 20 21  7  5 30  9  -  - 24 44 15 28  - 42 18 25 10  - 12  -  - 32 22 14  6  -  -  1  3  -  8  - 19 27 40 47 11 26 45 49 37  - 23 33 39
  - 38  - 16  -  -  - 24 34  -  -  -  - 30 33  - 15 23  4 12 29 45 25 28  - 18  8  - 32  - 43  - 40 26 10  1  - 49 46 36 48 44 20 13 31 17 39  -  - 19
  -  9 45  -  -  - 24 44 23  - 39 36 34  - 12 40 19 38 10  -  - 25 22 42 48  - 17 15  8 16 49 11  6  - 32 20  - 46  1  - 29  - 37  - 43  4 26 35  7 50
  5 27 40 32  6 19 26 14  - 29  7 43 39 42 30 20 16 11  - 36 22 24  - 23 25  9 46 34 18  -  1  - 37  -  4 48 38  - 31 35  - 21 13  - 33 15 41  -  2 49
  2 17 19 37 41 49 14 10 47 33 23 12  - 34  5 46 40 28 39  - 35 21 26  4 42  - 18  9  1 25 31  8 30 38 50 11  6 20 36 16 27  3 45 29 24 32 43  7  -  -
 33 26  - 42 28  - 17 31 37 44 40 23  - 32  3  - 45 18 21  5  -  8 13 29  - 41  6 38 22 24 25 49  - 12 39 15  -  2 14  1  - 43 27 19  - 50 10 20 30 11
  3 37 36  -  -  - 30 19 14 35  5  2 38 50 45 12  -  6 27 31 40  9 21  7 18 15 11 25 39  8 26 28 46 17 44 49 16 47 41 24  - 20 10 23 42  1 22 33 13 48
 31 29 14 45  2  - 32 30 20  9  -  - 42 13  - 33 24 16 12 25  8 19 38 49 17 43 21 48 15 46 35 34  -  -  -  -  3 18  7 50 10 22 28  6 44  - 23  4 37 47
 42 40 10  9 36  6  - 45 43 17 32 47 30  4 23  - 12 25  -  1 38  - 19 16 34 37 44 18 28 33  2 41  - 21 26 50 11  - 13 22 46 24 48  8  5  - 15 27 39 31
  -  -  8 27 19 48  - 16  -  - 25 17  7  - 34 18  6  1 28 26 37  4 32  - 13 42 43 47 36 22 24 44 10  - 11  - 23  - 30  9 49 50 33 21 20  -  3 39 46 41
 29 41 22 20 33 31  - 47 27 43  - 10 44 11  9  -  4  - 25 23 26  7  2 40  5 36 19 13 48  3 14 42 38  - 46 45 35 17 49  - 12  8 34  - 16  - 32 21 15  1
  - 48  - 10 14  - 33 22  -  -  3 44 12 26 20  1  -  2 23 42 47 39  7 35 30 32 25  -  - 36 18 13 43  -  -  - 40 34  8 37  - 29 19 15  - 24  4 50 45 38
 43  5  9 26 24 28 11 20 30 37  6 27 35  - 50 34 31 41 32  - 46 38 33 19 10 47 14 29  4 17 21 25  8  7 23 44  - 13  - 49 16 42  - 39 48  - 18 15 36 45
 23 22 11  - 16  5 38 28  6  - 30  1 50 47 40 25 43 42  -  4 15 46 29 21 41  - 26 33  - 39 44 27 45 19 13  3 37 36  9  7 31 35 49 20 32  8 24 14  - 34
 17 32 26 31 30 42 46 23 11 16 38  9 24 43  - 14 50 40 34 39 49 27 48  - 47  3  -  7  -  1 36 37 13 15  - 22 19  4  5 41  8 12  6 44  - 10  2  -  -  -
  - 14  6 29 18 11 40 32  3  - 28  -  4 37 21 44 39 20 33 48 10 43 36 22  - 45 16 12 13 49 46 23 50 31 47  2 42  5 26 15  -  -  - 27  - 35  9 30 38 17
 11  8  5 12 47 25 49 13 29 28 10 38  - 44  -  - 48 46  - 43  1 20 41 34 33 24  2 39 40  7  -  6  -  -  9 18  - 30 21 31 35 26  -  -  -  3  - 42 50  -
 47 18 12  -  7 39 23 33  - 40 43  3  - 45 16 26  - 27 37  - 24 42  6 10  - 34 48  8  - 30  4  1 35 50 22 25 20 32  - 14 41 38  -  - 21 11 49 46 17 15
 15 44 20 38 13  - 31 50  - 32 26 39  2 35 42 17  1  3  -  - 11 49 30 41 14 29 47 10  9 37 23 43  - 40  7 34  - 27 25 12 21  -  4  5 28 18 19 22  - 36
 24 43  7  -  - 38 18 46 15  4 17 41 47 25  8 22 42 48 49  - 12  2  1 20 26 31  - 37 19 21  - 50  - 10 14 23  - 39 35  - 44 16 40 30  9  6  5 29  - 33
  9  - 44 40 43 50 20 35  -  1 42 28 49  - 14 21  - 13 24  8  4  6 10 46 19 30 34 23  -  5  3  - 15 29  - 17 32 37 33 38  2 39 47 48 27 45  - 25 41 26
 21 23 49 11  - 12  - 41  1 46  4 34 17  - 18  - 38  - 30 40 43 28 39 50 32  -  - 19  -  -  -  - 27 44 20  6 33  - 22 25 26 13  - 36 29  2 35 31  9 16
 45 12 28  - 40 18 42 21 48  2  - 26 25 23 10 49  - 37  - 30 32 33 15  3  - 27 36 31 44 41  -  - 29 11 43 19  7 38  -  8  -  5 39 17  -  -  - 16  4 35
 25 49  1  7 35 24 12  9 41  3 15  -  - 19 13 42  - 26  - 38 31  - 28  - 22  -  4 16  2 29 50 47 18 30 37 21 45 48  - 27 20  6 43 33  - 44 46 10 34 40
  -  3 23 15 38  4 35  - 44  -  2  - 46 49  - 47 37 29 31 50 36 11  - 30 28 13  1 17 34 32 27 33  5  -  -  -  -  - 12 48  - 19 14 41 45 25  7  - 20  9
 39 42 32 19 45 47 34 26 50 13 29 49 23  - 15  - 20 43 44 11 14 37  8  1 24 40 28  3 27 31  6  -  4 16 30 36 12  - 48  2 33  7 35 18  - 46 17 41 25 21
  - 24 38 25  5 15 43  - 21  - 33  - 41 12 32 11  3 31 45  -  2 47  - 14  6 26  -  - 46  4 34 10 39  -  -  - 48 28 20 13  9 23 50  - 19  7  1 44 27 29
 48  6 41  5 32  2  - 43 40 20 44  8 33  7  - 19  - 24 22  9 13 35 18 27 39  -  - 50 17 38  - 30 25 34 16 14  - 31 47 29 28  -  - 49 37  -  - 11  3  -
 50 15 27  2  8 16 10  -  - 31 46 42 22 17 37  - 23 45 41  -  -  3 20 44 35  5 24 26 43 12 38 32 11 47 29  9  1 33 28 39 40 36  -  4  6 48 21 13 49  7
