2000
 42 21 23  - 37  8 12 35  5  2 18 27 47  3 10 38 17  - 34  6  7  -  - 30 36  1 24  9 15  - 48 39 31 40 41 26  4 11  - 13 50 45  -  - 19  - 43 14 46 49
  - 24 37  8 36 17 14 40 12 10 35  - 16 47 28  -  - 42 23 46 39  - 30  - 29  7 41  - 32  3  -  1 43 11  6  -  5 19 13  - 27  - 31 20  -  - 45 26 44  2
 22 10  1 12 32 40 17 21 19 23 34 28  - 15 46  -  - 41  - 24 36  - 48  6 14  -  - 50  - 30  4 33  2  - 27  7 13  - 31 16 42 29  - 39 35 26 44 11 37 18
 45 43 19  -  - 37 39 48 20  - 21 42 41  2 11 35 40 31  1 47  6 12  - 36 26 22  -  3 17 44  - 49 30 18  - 27  8  - 23  5 32 14  7  -  - 46 25 16 33 10
 15 36  -  - 25 29 19  - 11 42  - 26  7  8 44  -  1 24 41 10 28  4 18  2 46 21 43  - 35 47  - 32  -  - 17 16 23 20 45 12 30 33  - 50 31  3 14  9 13 38
  4 14  3 38 33 18 26  - 44 27 42  - 10 25 22 20  - 28 35 31  1 15 47 40  -  6  9 11 34 24 37 23  - 49 30  - 19  -  -  -  5 46  8 12 32 17 21 13 43  -
 37 19 45 42 44 27  - 24 50  3 16 14  8 33 36  1  - 12 31 32  - 49 17 46  7 10 28 35  9 43 26  5  -  2 15 39 41 30 22  -  4 13 47 38 34  6 20 18 48 11
 48 35 30 45 14 33 42 46 41  7  3 49 37 38 29 43  -  2  5  1 12 27 32  - 28 17 31 47 11 50 15  8  -  6 19 24 34 13 20  4  -  9 16 23 22 40 26 44 21 39
 25 31 27  -  -  1 15 43 45 13 12 41 35  - 30 17 11  5  6  - 24 28  2  7  9  4 22  - 19 48 32 37 46 38 40 47  - 44  8  - 49 26 18  - 42 33 29 23 10 16
 16  5  -  -  - 43 49 27  -  -  - 15 13 44 18 19 26 29 47 20 41  -  6 35  1 34 38  - 46  9  2 42 45 31 37  8 32 21 14 48  - 30  -  3 33 12 10 39 50  -
 24 50  5 47  - 49 13  8  - 36  4 18  1  - 43  6 39 40 11 38 32 34  - 45 48  - 19  -  -  7 16 21 14  -  -  - 46 31 35 22 28  2 20 37 29  -  9 25 17 30
 23  - 34  3  - 20  - 45 40 15  - 33  - 18 24 30 16 25 28  2  - 48 42 32  -  9 13 29 43 38 50 19 44  -  - 35  -  6  - 26 47 36  - 10  7 14 17 21  - 22
  -  - 13  -  -  -  - 29 38 18 27  -  - 50  5  8  2  6 32 17  4 19 45 41 25 24 36  7 48  -  -  -  - 20  - 28 47 37 30 35 33 15 11 40 49 21 46  1  9 31
  1 26 17  -  4  5  - 42 33  - 25 40  6 32 12 16 46 10 19 23 18 31  - 21 27 35 48 24 49 13  -  3  8 36 50  - 14 29  -  - 37 34  -  - 41  -  7 43 47 20
  - 42 11  -  -  9 28 34  7 17 47  5 45 10 25  2  - 36 49 33  8 13  - 31  -  - 40 12 16 23 39 44  -  - 14 19  - 35  1 37  3 18  - 15 30 29 27 46  6  -
  2 17 14  -  - 15  - 22 48 19 23 38 34 39 16 21 13  - 10 30 20 32  -  1  3 18 25 40  6 49  - 11 12 46  9 36 35 26  -  - 41  5 50 29 47  8  - 27 28  -
 30  6  - 44  -  - 35 38  - 12  9 36 26 22  - 29  - 45 40 13 15 16 27 34 10 41 49  4  8  - 20 47  3 43 25 48 17 46  -  - 21  1 32  - 28 37 11 31  5  7
  - 25  -  - 16  - 11 15 23  5 17  2 48  6 26 50  7  - 45 37 46 30 49 24 38 44  3  - 22  - 10  - 40  9 47 29 27 18 12 20 14  - 21 33  - 35  8 42 31 19
  - 39 43 36  8 28  -  -  -  1 13 31 22 42 48  - 45 26 30 21 40 24 37 12 33 16  -  5 10 25 49  9  - 14 20 17 44 34  3 38  2 47 19  -  - 11 15  - 29  4
 11 41 47  1  6  - 45  - 27  -  8 29 30 31  4  - 37 48 50 36  - 35 26  9  - 23  7 49 20  - 43 38 39 17  2  3 33 15 24 42 40 28  - 21  - 32 12 19 22 13
 40 27  - 35  5  7 29  -  8  - 44 48 50  - 47 31 12 33 16  - 30 41 43 38 32  -  1 22 36 14 42  - 37  3  - 13 20 24 10 15 45 21  6 34 26 39  4 28 19 17
 39 15 44  -  1 26 43 17 36 48 40 12 25 37  3  - 47 46 22 29 21 18 16 50  - 13  - 30  5  -  6  - 49 28 23 20 45 38  7 14  - 19  -  4 11 31  -  - 41  -
  -  - 38 39 17  - 16 50  - 35  - 20  3 28 15 14 24 49 36  5 19 21 22 33  8 42 26  6 13 29 27 48 18  4 11 31 30 25 46  2  9 23 41  - 43 47  - 34  -  -
  8 18  - 28  - 39  -  6 47  - 41 21  4 20 13  7  5  -  9 26  -  - 38 27 35 45 33  -  - 11 31  - 23  1 46 12 29 10 42  - 24 17 14  2 37 22 32 36  3 15
  - 22 40  7 18 13 31  - 30  -  2 16  - 23 17  - 36 50 27  8 25  - 33 19 11  - 35  1  - 42 47 20 48 41 28 15  6  3 21 32 43  - 44 26  -  - 38 45 49  9
  -  1  2 34  3 47 32 13  4  8 14  - 23 21 39  -  - 19 48 43 11  - 25 10 31 26  - 27 24 17  -  - 20  -  -  - 22  - 40  9  7  - 38 44  6 36  -  - 45 46
  9  3  - 25 35 38 10  4 37 43 11 13  - 24  1 28 18 32  - 49 42 47  - 14 22  -  - 33 50 39 46  -  - 30  - 23 40  -  - 21 12  8  - 17  - 27  2 20 16 41
  -  -  8 20 31 30  7 47 43  9 50 46 19 35  - 36 34 22 42  - 29  - 21 16  - 40 23  2 39 10 11 26  6 25  - 32 38 33  4  3  - 12 49  5 18  1 13 48  -  -
 31 38 10  6 43 22  - 49 46 37 20 19 17 29 45 42  - 47 15  - 35  5 14 11  - 27 18  -  -  8 23 41 34 21 36  2  - 16 32 39 13 44  - 30 25  4 40  -  7  3
 10 11 25 19 20 41  - 14  - 32  5  - 21 45 33 15  8 43  3  9 48 26 50  -  4 28 46 39 29 37 22  7 24 13  1  - 18 17 49 30  - 31  -  - 27 44 16 12  -  -
 47 13 26  9 39  -  8  1 32  -  -  4 28  - 20 12 48 23 43  - 33  -  - 49  - 15 30 31 41 21 25 50 38  5 10 22 42  7  - 18 29 24  - 46 44  - 34  - 14  -
 33 12  - 29 42  4  9 19 17  6  7 32 39  -  8 44 49 38 37 22 45 40 24  - 30 48  5 13 18 41  - 28 47  -  -  - 31  2 15 11 20  3 26  - 36 43  - 10 34 50
 32  - 33 46 34 35  - 11  - 44 26 43  2  1  - 25 41  -  -  - 14 45 31  5 15 37  4 28 23  - 17 18 13 24  7 21 36  -  9 19  8  - 10  - 38  - 47  3 30 12
 29 40 20 14 11  2 37 18  - 28 48 24 12  7 38 49 23 30 33 39 16  6  - 13 47 50 21 43 44 35 36 17  - 34 45 42 10 27 41  - 46  4  3  - 15 25  5 22 32  1
 17 46  - 30  - 12 47 20 39 41 49  1 40 48 14 32  -  -  - 35 26  2  4 22 19 43 29 18 21  -  8 27 10  - 44 34  3 45 37 31  -  - 33  -  - 42 36  6 24 25
 44  2 16  - 46  6  1 28 42  4 37 22 18  - 21 39 31 27 13  7 17 29  - 43  -  8 10 19  - 20 35 24 32  - 12 25 15 50 26 33 36  - 34  - 23 38 30  5 11  -
 38 34 22 10 49  -  -  -  - 20 29  3 24 41  - 48 32  - 18 19 13  8  1 23 37 25  - 16  7 46  - 30 27 44  -  9  2  - 17 40 11  6 43 47 14 28  - 15 12 33
 50  - 36 26 10  - 34 44 25 47  -  -  9 12  - 24 19  -  - 28  -  - 35 39 20 32  - 37  - 40  3  4  1  8 43  6 11 41  5 27 48  - 23  - 13 30 22  2 18 45
 36  - 29 31 41 10  5 33 21  -  -  9  - 19  2 34 14 35 25 16 49 42 46 37 43 11  - 23 30 22 45 40 17 50  3 18  - 47 28 44 38  -  - 32  4 13 48  8 27 24
  - 23  - 50  9 24 22  - 10 49 19  - 32 13 37 11  4  - 46 27 47  1  8 44  6 20 39 38 25 16 29 12 21  7 18 14 28 40 43 17 31 41 15  - 48 34 33 30  2 36
 28 48 50 22 30 31  -  - 13  -  - 17  - 27 34 26  6  7  - 41  2  9  -  - 24  - 37 21 14 18 19 45  4 42 38 11 16  - 36  - 15  - 35  -  - 49  -  -  8  5
 20 47 21 24 13 34 25  3 16 50 45  - 46 11  9 41 27  4  2 48 10 17 15 26 44 33 32 14 38 36 30 35  - 37 31 43 12 39 19  1 18 22  5 49  8  - 28 40 42  6
 19 30  -  - 23 32 36  2 22 26 38 25 43 46  6 40  -  9 14 12 27 50 29  8 13  3 11 42 47 15 28  - 33 10  5 49 21 48 34 41  -  7 17 18 20 45 39  4 35 37
  3  9 46 18 40  -  4 30 31 14 36  - 29  - 32 47 42 13 21 34 22 44 41 17  - 49 12  - 26 28 24  2 16 19 35  5  -  - 48  6  - 38 37 25 50  -  1 33 39  -
 46 16  - 37 22 21 41 31  2 24 32  -  - 49 35  - 20 17  4 15  9 10 13  -  5  - 14  8 28  1  7  - 50  - 48  - 43 42 11 34 26  - 39 27  -  - 19 38 23 40
 21  -  9 23 24 25 48 41  - 30 46  6 49  4 19 33 22 18  -  -  - 39  3 20 50  - 34 10  2 27 12 14 26  - 13  1 37 43 29 47 44 11 45  -  -  5  -  7  - 28
  6  -  -  5 38  3 20  7  - 31 43 39 27 40 50 46 30  - 24 14 37 11 10  - 16 29  - 45 12  2 18 36 42 35 22 33  1  - 44 25 34 48 13  - 17 19 49  -  - 21
 13  4 49  - 47 11  - 12  - 33 28 37 31  - 23 18 43  8  - 25 34  7  5  3 42 30 16 46 27  - 21 22 15 26 32  -  9 14 50 10 19 39  2 36  1 48 24 35  -  -
 35 49 32 40 21  -  -  5 34 45 22  8 33 30  7 37  - 14 20  - 43 23 11  -  2 46 44  - 42  - 38 13 28 12 29 50  -  9 47 24 39 27 36  - 10 41  6  -  1 26
  - 20 31 17 15 48  -  9  - 21 30  - 14  5 27  - 35  - 44 18  3 22 12 28 40 19  - 36  4 26  1 46 11 16 33 10 50 32 39  7  6  - 42  8  2 23  -  - 25 29
