2000
 16 42 48  2 13 35  - 38 24 43 17 33 23 34  -  - 46 40 21 37 47 29  4 25 26  - 15 14 44 18  1  9 22 20  5 28  -  3 32 30 39 10 36  -  8 19 45  6 11 41
  - 37 18 24 29 11 34 21  4 48  -  - 47  -  2  - 27 32 41 49 39  8 31  3 38 17 22  - 10  -  -  -  - 35 46 30  - 14 40  - 19  1  6 15  - 28 42 44 33 43
 45 39 40 50  5 13 43  6 46  - 24 42  2 44 11 25 16 31  9  8 18 12 20 47 17 49  4  - 41  - 14 30  - 10 48 33 35  1 22 34 28  - 32 36 26  -  3 29  -  -
 20  -  9 11 48  -  5 15 18 44  - 28 45 23  -  -  6 35 19 32 38  - 17 34  -  4 25 26  3  2 16 21 33 22  - 31 10  -  -  1 40 12 37 42 29 24 30  8  - 46
  -  4  - 31  -  7 28  - 11 15 13 29 36  - 22  1  - 30  6 14 21 24 33 18  5 20 41  8  -  - 46 42  - 47 40  -  - 50 43 27 23 19 48 49 44 34  - 26 16 25
  4 49 14  7 50 23  -  5 22  -  3  2 28 21 33  8 48  1 18 20 13  - 30 44 25 36  - 43  -  -  - 34 32 42 26  - 46 31 27 16 29 17 15 39  -  - 19 47 24  6
 29  - 36  -  2 38 44  -  -  8 46 10  - 19 40  9  - 14 25 15 24  1  -  - 28 30 16  5 39 27  - 49 50 23 13  - 21 48  - 31 18 45 43  4 22  - 26 20 12 33
 19  - 27  8 14  -  - 48 35 24 44 39 11 22  7  -  -  - 15 36 50  -  -  - 37 34 17  -  1 25  9 43  - 21 12  2 26 41 45 38 32 18 16 33 23  -  6 40 47 31
 13  6  2 43 24  -  - 17  8 39 38 23 15 49 14 19  - 48 46 28 45 31 41  -  4 27 18 11  7 33 36  3  - 44 37  -  - 32  - 40 42  - 22  -  -  9  -  5 29 34
 34 33 49  - 12 14 17 25 42  - 10  8  -  - 13 22  - 47 37 30 27 40 46  -  -  - 29 48 21 38  - 26  - 43  -  7 28  6  - 18 11 50  - 45 32  - 16 36 15 24
 30 50 22  3 49 15 26  - 27 14 23 47 21 41 28 16 38  4  - 42 37 18 39 40  9  - 45 10 36  6 34  - 43 32 29  8  - 35 31 17 33 11  -  - 25  5  1 13  7 48
 43 29 13  5  - 18  - 14 28 16 45  -  3 33  - 36 47 10 38 50 20 25 48 17  6  -  2 19 22 35 27 39 31 41  - 11  - 26 30 12 34 49 42 21  9 23  -  - 44 32
 18 19  6 44 31  -  - 30 47  - 43  4 10 25  - 34 21 41 13 38  8 16 14 42 11 48 23  - 12 49 17  7 37 46 36 27  -  - 29 26 50  -  1 22  5 45 28 32  - 39
 44  -  - 27  - 47  - 26  - 41 28  7 20 35 36 13 40 25  -  9 46  - 45 31  - 18 39  1  6 11 30 12  -  -  - 23 43  4 16  8 17 14  -  - 19  - 38 48  5 37
  - 22 47 37 21 42 38  8 13 31  - 32  1 12 15 45  3  - 26 25 10  2  7 33 19 43 40 39 24  4 29 46 14  - 28  6 18  5 35 41 16 23 50 44 20  - 34 30 17  -
  2 11 44 18  7  - 27 41 25 49 48 17 38 37  -  -  - 50  - 33  3 22 24  -  -  6  -  - 43 16 10 36  - 26 19 39 42 28  5 47  9 15 34  1 14 40 20  -  - 13
 48  5  - 42 17 26 22 49 50  - 31 46  - 38 10 32 24  - 36 47 29  3 34  - 12  - 11  - 20 21 35  -  7 18 44 19  - 39 15 37 45  - 14 13  6 30 43  2 41  -
 21 14 34 39  -  - 15  3 44 45 12 40  - 10 35 18  - 19  4 31 25  6 29 26 32 22  5 13 38 46  - 47 23 33 20  - 11  - 41 24  -  -  2 30 48  - 50 27  1 17
  6 35  7 20 30 22  - 10 16 26 42  9 44 18 29 15 11 37  -  - 32 43 19 27 36  - 38 24 45 41 49 33 13  4 50 47 40  8 23  -  -  5 28 34  2  - 39 17 48 12
  -  - 21  9 34 41 20 28  3 47 27 22 30 43 45  - 39 17  2  1 19  - 11  6 50  5 24  4 33  - 13 29  - 14 32  - 36 23  8 25  7 16 38 37 18  - 15 12 26 42
  - 26 41 38  -  - 48 29  6 28 47 37  -  - 49 30 20 27 17  4  7 35 16  5  - 39  -  -  - 43  - 10  -  8 42 15 24 12 44 19  -  - 40 18 45 46 21 11 31 14
 23 31 30 15 26  6  7 46 38  -  1 13 37 48 21 44  - 42  3 19  5 28 22 14  -  - 12  -  9  - 25 40 24 39 35 10 41 45  - 32  2 33 11  - 27  8 17 43 34 18
 50  8 11  -  3 25 29 32 21  - 19 45 35 16  4 47 33  7  -  - 15 39  -  2 34 42 27  - 18  -  - 41  - 30 31 44 13 37 28  6 48 20 24 23  1 17  9 49 36 26
  7 24  -  - 47  9  - 20 36  - 34 21 26 17 25 10  -  - 28 18 11 48  - 12 42 33 49 38 46 13  5  - 27 45  - 14 23 30 37 50 41 43 31  3 16 15 40 39  - 44
 40  - 24  - 27  2 46 18 26 35  -  - 12  4  - 42 32  3 39 29  - 21  9 48  1  - 43  7  5 50  8 31 44 37 45 17 22 36 14 33 20 34 25 19 11  6 13  - 23 28
  -  2  - 21  -  - 33 22  -  - 37 18 25 40  3  - 12 34 11 35 42 19  -  - 13  1 44 17 30 48 50 32  -  9  -  5 14 27 36 10  8  - 41  -  - 29  - 15 43 45
 37 34 43 29  6 19 23  7  1 21  - 38 24 39  8 48 41 45 47 12 44  - 35 16 18 46 42 15 25 31 22  - 30 40  -  4 32 17 49  - 13  3 33  2 28  - 11 50  - 10
 25  - 37  1  -  - 30  - 32 33  - 20 27 46  - 28 23  -  5  - 31  - 12  -  2  7 47  - 48 42 45 14 17 15  - 36  - 10 13 21 38 22  -  6  - 49 44 24 40 19
 38 18 20 45  8 12 41 33  - 13 25 30  - 47 16  6  - 26 10 39  2  - 27  - 31  9  -  - 29 34 32  - 11 36 23  3  - 40 42 28  -  4 17 24 37  - 35 19 14  -
  5 23 50 34  - 30  -  - 33 11 18 25  4 32 43 21  - 15  - 17 36 20  - 35  3 26  6 46 16 47  - 37  1 29 10  - 49  - 38  - 31 44  7 27  -  -  8  - 22  9
  9 46 17 49 22  - 25 12  - 32 33 11 18 28 19 29  - 39 50  2 40 45 23  1 15 21 48 27 31  - 41 44 42  -  -  - 38  -  6 35 43 36 47  5 10 13 14 34  4 16
  1  - 19 28 16  -  - 13 48 30  - 31 32 24 38 41 14 46 43  6 12 17 40 50 44 45  -  - 49 39 15 23 10 11  -  -  5 29  9 22  4 37  3 26 42 27  2 35 25 47
 47 32 26 22 28 48 19 31  2 12  -  -  7 11 23  4 49  - 27 44  - 34  -  - 29  - 14 45 17 24 21 35 40  6 30 50  1 46  - 42 15 39  9 10  3 25  - 37  -  -
  - 15 25 26 42 27 36 24 37  6  2 48 50  3  9 43 29  8 33 22  -  7 13 30 35  - 19 34 47  5  - 11  - 17 41 16 44 20  - 39 49 40 45 14 21  4  - 46 10  1
 41  - 32 36 39 24 18 34 10 50 29  -  -  5  -  7  9 11 23 13  1 15 49 19 48  8 30  - 35 14 44 45 28  2 27  - 12 22 46  4 21  6 20  - 47  - 31 42  3  -
  8  9 38 17 15 32  3 43  -  -  - 35 14  - 18 33 42  - 34 41 26 10  6 36  -  - 28 21 11  - 19 24 16 31 25 29  4 44 48  2 30 46  - 47 50  7 49 45 39 20
 33 47  - 48 44  - 10  1  5 17  - 19 41 14 20 24  -  2  7 46 30 36 21 22  8 40 26  6 27 28 18 16  - 38 49 32 15  9  - 13 12 42 39 11  4  -  -  3 37  -
 24  -  - 19  4  -  6  2 29 46  8 44  5 42  -  - 10  9 16 43  - 11 36 45  - 37 33 41 23 26 28  1 48 13 15 34  - 18  -  3  -  - 30  - 31  -  7 14 35 21
 32 10 33 47  - 44 50 16 12  - 36  - 17 15 48 37 45  6  8 26 34 46 25 39 40  - 20  3  -  9 43 28 49  7 18 22 19  -  - 23  1 38 35 31 24 14 27 21  - 30
 17 45 10 46 43 36  - 50 14 18 11  6  - 26 47  - 22 44  - 24  -  5 32 28 39 29  - 49  - 15  4 25 19  -  -  -  -  - 34 48  3 30  -  8 13  2 33  7  9 35
 39  -  - 32 33  5 12 23 19  - 21 24 40  - 37  -  8  - 35 10 14 38  1 49  7  3 46 18 15 45  6  - 36 28  - 48 16  -  2 44 26 31 13 29 41 20  4 22 50 11
 26 27  - 12 25 39 24 36 41 23 22  - 43 29 30 50 18  - 44  -  4 37 47 11 16 14 35  - 34  - 42 48 15  5  - 13  3 33 10 45  6  9  - 38 40  - 46 31  -  2
 14  1 46 40  - 17 11 35 49 10 30 36  -  - 44  3 31  - 24 48  - 32 50 37 43  2 13 16 42  - 26  - 45 34 22 38  9  7  -  -  -  - 23 12 39 47  5  - 28  -
 15  -  5 33 18 28 45 19 30  3 50 34 22 36 31 14  - 29 42 23 17 13 10  4 27 32 37 35  8 40 48  6 25 12  2 43 39  -  1 11 24 47  -  9 38 26 41 16 21  7
 42 40 23 13 38 43  -  -  - 22 14 26 19  1  6  2 30 12  - 16  - 47  5 20 46 10 50 32  4  - 24 15  3 25 34 21  7 11 39  9  - 29 18 28 17 41 36 33 49  8
 11 12  - 14 20 10  - 47 39 36 32 43  6  -  -  5 35 24 40  - 33  4  2  7  - 19  3  - 28  8 23 50 26 16  9 25 34 38 17 29  - 48 44 41 15 18 22  1 46 49
 46  - 16  - 10 33 14  - 15 40  6 27 39  -  - 11 17  - 32 45 22 23 28 13  - 35  - 30 19  - 47 38  4 49 24 37  -  - 18  -  5  - 29  -  - 44 12  9  8  3
  - 16  3 23  1 31  4  -  9 25  7 14 48  6  5 17 26 28 22 40 35 33 44 15 10 11 32 42 13 19  -  8 39 50  - 41 30  - 24 36 47  2 49 43  - 12 37 38 18 29
 12  -  - 41 23 46  8 37  7  -  -  3  - 50 17  - 25  5 29 21  9 26 15 24  - 38 34  2 14 32 39 20  6  1 11 49 47 16  - 43 10 28 27 40  - 33 48  - 45  -
 22 28  8 16 45 29  1 39 40  2 15 12  -  7 32 20 37 38 48 34 23 14 18 43  - 31 36 44  - 10  -  -  - 19 17  9  - 21 11 49  - 13  4 25 33 42 47 41  - 50
