2000
  -  5 47 43  6 12 18  - 33 10  9  - 26 17 11  8 50  -  - 24 28  - 44 25  - 39 30  7  -  -  -  - 19 13 14 20 36 42  - 37 35 29 46 32 21  - 49  1 23 31
 14 47 28  2 13 41 44 21 22 38  1 35 25  - 12 33 18 11  4 15 32 49 17 39 40  -  9 24  - 20 42  - 29 45 36 37 34 23  7 19  -  -  -  8 46 27 31  - 50 30
  3 23 34  6 12  -  9 38 49  7 10 46  -  - 36 47  - 17  - 16  -  8 32 29  -  - 43 28 13 41 25 39  5 22 18  - 40 48 44 50 21  - 27 26  4  - 42  -  1 35
  - 34 39 41 28 15 25 13  -  - 19 17 10  3  -  -  6  4 26 45  5  2 16  - 37  - 31  8 33 22 29 20 12 24 32 21 43 44  - 42 38  - 30 46  -  -  -  -  9  1
  8 17  7 10  - 49  3 20  - 32  - 34 31  - 29  5 45 50 22 41  9 19 18 44 24  - 48  - 14 23 26 27 30  - 37  1 46 38  - 11 47  2  - 35  -  - 25 39 33 43
 23  - 30 27 34 26  -  1  5  -  - 41 38 13 43  - 49 32  - 44  -  9 42 10 18  - 47  -  8 11 20  -  - 29 48 50  2 39 16 24  - 25  3 40 36 37  -  7 21 33
  - 21 12  - 11 35 29 24 37 44 18 42  -  -  - 13  - 27  - 10  6 23 20  2  4 16 40 39 38  9 31  -  -  - 50 46  - 45 34 17  7  3  - 43  - 14 47 30 41 32
  9 31 22  8 48  6  - 23 21 14  - 39 17 36 41 50  -  -  - 20 27 45 49 30 29  4  - 16 42 38 35 24 46  - 10 33 44 18 12  -  3  7  -  - 47 26 43 37 40 15
  - 30  8  4 49  1 35 11 17  3  - 22 40  5 39 44 21 26 16 12 10 41 19 45 20  - 46  9  7 32  - 34 15 31 33 25 24  2  - 38  6 42 18 27 43 23 50 29 36  -
 30 33  - 34  -  3 31 42 26 28 12 45 32 35 46 36  - 18 44 22 29 47 13  - 39  - 37 40  -  5  7  9 50 23 19 24 49  - 25  -  -  1  8 41 11  4 14 17 20 16
  7 26  2  - 27 17 40  3 28  4  -  - 21 23 37 48  -  - 41  -  - 38 24  1  6  -  -  - 39  - 36 19 45  -  -  - 25 46 43 15 30  -  -  - 10 47 12 20 31  8
 36 20 19 30 18 14  5  -  - 50  - 23 39 16 22 49  -  2 48 37 42 43 46 13 38 35  1  -  -  6  - 21 40 25  4 44 47  - 32  - 12 26  -  -  3 11 27 33  7  -
 18 37 24  - 33 21 38  - 50  - 11 48  9  -  3 46 27  -  5 42 31 12  8 22  - 32 13 45 44 43  -  6 34 35 30 29 41 36 47 28 20 10  -  -  - 39  4 49 16 23
 27  - 36 21  1  - 41  - 46  2 40 50  3  - 13  -  9  - 14 48 26 32  - 34  5 43  8 23 37 39 47 45  6  - 22 49  - 20 31 16 24  - 35 42 44 38 29 12 17  -
  1  -  4 18 45 34 49 30 23 15 17 47  8  7  -  2 22  - 33  - 37 27 10 41  -  5 44 35 21  - 11 13 39  - 31 26 50  3 24 20 29  - 14  - 16  9 46  - 12 38
 42  3 13 35  -  - 36  8 25  - 49 38 48  - 27 10  5 29 24 21  1 16 11 17  9 45  - 47 43  - 32 26  2 15 20  6  -  4 18 12 22 19 41 30 34 50 39  -  - 46
 15  - 10  - 36 46  2  -  7 41  - 21 50 11 33 34 30  1 25 47 19 20  - 38 45 42  -  - 12 49  - 37 44 14  3 28 29 43 35 39 40  - 22  6 13  8  -  9  5 26
 25 14 23  - 38  9  6 27  1 16 50 15  - 19 49  - 33  -  - 31 39  -  - 43 32  7 45 20 40 35 21 22  4  - 34 30  8 12 46 36 42 13  5 44 24  - 26  - 29  -
 38 28  3 14 40 36  8  - 31 43 15 24 22  2  - 32 37 44 21 26 12 50 41  6 34 13  7  - 27  -  5 47 48 39  1 17 30 16  9 45 33 18 19 11  - 42 23 10 35 29
 48 49 27 16  5  - 37  9 30 11 44 33 23 22 17  - 40 10 39 18 41 24 12 50 25 34 28 26  6 31 15 29 47 20  - 13 38 35  -  8 46 32 36  1 42  -  -  - 14 45
 37 18 21 28 32 29  - 14 34 27 48  - 46 10 40 23 26 49 43 50 17  4 25 36 11  9 22  -  -  1 45 30  8  7 39 47  - 15 20 13  5 41  6  2 33 16  3  - 38 12
 29  2 37 46 47  4 10  - 41 22 33 20 27 42 45  - 36 14 30  5 18  7 39 31  - 40 21 19  1  - 34 16  - 28 44 35 12  -  -  9 49  6 13 15 23  - 48 25 32  -
 40 10  -  7 31 30 45 46 15 42 16  4  2 26 24 29 44  9 27 28 43  - 36 18 12  8  5 21 35 48 50 49 33  - 11  3 23 41  6 22 17 20  -  - 39  1 32 38 25  -
 24 39 31  - 50 28 47  - 38 30 20 12 41 46  - 37  -  7 19 49 44 14  4  9 42 26 32  - 11 18  6 25 35  1 27 36 13 10 45 23  2 33 34 48 29 22  8  3 15  -
 20 36  - 23  2  - 11 41  6 13 29  7 18 24 34 42 15 47 28  4  3 21 45 40 17 44 50 38 10 16 27 12 31  - 25 19 26 33 30  1 14 35 39  - 37 46  -  5 49 48
 28  8  -  9 26  - 12 49  2  6 45 37 11 41 10  -  1 39  -  - 34 25 22  4 35 17 19 27 20 47 44  -  3  5 38 40 18 50 14 43 48 46  - 21 30 24  - 23 13 36
 39 46 41  - 25 16 19 35  4 34 43 14 42 29  -  6  - 12  -  -  8 44  5  - 21  -  3 48 31 27 24  -  - 30  - 38 17 22 10 49  1 11  -  9  7 20 45 26  2 18
  6 44  - 50 14 31  - 36 39 37  7 28 49 21  4 43  8  - 23 25 47  1  2 33 13 22 10  - 17 29 12 42 32 26 35  5 15 40 19 27 18 30  9 38 41 45 16 34 48 24
 50 13  - 44 42 10 48 26 27  8 39  3  7 18 19 20 32 30  - 17  - 46  - 23  -  - 35 29 49 33 16 15  - 37  2  4  -  1  -  6 34  - 47 45  - 43  - 14 11 22
 22  1 15 20 21 13 50 12 43 39  3 40  6  - 26  - 31 28  - 36 14  -  7  - 23 46  4 41  -  - 30 48 24 10 49  2 32 19  - 29 11  - 38 37 17 44  - 16  - 27
 17  - 45 26 22 33 43 39 18 12 34 29 14 28 47 15  -  5  2  -  - 37  3 35 31  6 11 49 16 50  -  1 41 27  8  7  - 32 40 21  9 44 24 23  - 25  -  4 30  -
 16 40 50 38  3  7 32 47 35 25  4  - 37 27 31 39 17 45 15 13  2 22  1 24 30 48  6 42 26 10 23 14  9 18 29 12  - 11 41  - 43  -  -  5 28 36 33  - 19 34
  - 45 44 17  - 25 33 19 29 23 47  - 12 34 42 35 28  3  - 30 16  -  - 37  -  - 36  2 41 13  9 31  - 21 15 39  -  7 38  - 26  -  4 14 40  -  - 32  6 20
 13 15 33 39 17  - 24 45 44 21 38 27  1 32 48 14  7 23  -  - 11 35  -  8 22 28  - 46 34  - 19  - 20 12  - 10  - 30 37  - 41  9 50 16 31 40 18  - 26 49
 10 27 42 49  - 48 28  6 11 31 21 18 45 12 32  - 34 35 47  9 30 36 14 26 44 29 20 33  4 19 22  3 16  8  - 23  - 13 15  7 50 38 43  -  -  -  1 40 24 25
 45  - 26 25 29 18  - 10  - 20 35  - 16 50  - 22  4 38 13  - 23  5 43 19 46 31 33 37  - 17 39 11  - 32  - 48  -  8 49 30 36 40  - 34  1 15 44 24 28 41
 19 50  1  3 16 23 22 28  - 18  2 26  - 37 35 45 29  -  - 43 25 13 40 46 49 11  - 34 36 21 33 38  7 48  - 32  4 14 27  - 31 24 17 20 15  -  5 41 42 10
 34 43 46 33  - 20  7 22 16  1 36 13 15 30 28 12 48 37 11 19 38 42 21 32 41 23  - 50  -  8  2  5 10  6 26 18 39 31  -  -  - 14 29  4  - 35 24 27 47  -
 46  9  -  - 35 27  -  7 32 24  8 30  - 40  - 38  -  6 50 11 48 31 37  3  - 36  -  5 29 15  1 41 17  4  - 14 45 47 22 33 28 39 23 49 18 21  2 43 10 44
 33  - 49  -  - 47 16 17 13 29 46  - 36 43 44  1  -  - 37  6 20 48 34 11 14 38 12 30 28  4  3  8 21  -  - 27  - 25 26 35 32 23  7 50 22 31 40 15  - 39
  4  -  9 45  - 22  - 31 12  5 23 36 29 49  - 21  - 34 18  1 50  - 30 28 16  - 38 15  3  2 48  - 42 44 24  8 33 26 11 47 25 37 32 39 20  6 10 13 43  7
  - 35 18 29  -  - 39 37  3 48  - 11 33 25  8 26 42 31 40  7 45  6  - 49 15  2 41  - 30  - 10 32  -  - 28 16  9  5  - 14 13 17  - 24  -  -  - 19 46  4
  - 32 38 47 37  - 17  5 36 26  6  - 24 33  1  3  - 22 35 29  - 39 28 20  8 21 15 18 48  7 14 23 43 49 12  -  -  -  - 31 16 34 40 10  9  - 30 50  -  -
 12 29 25 19 15 45 27 34  9 17 30  1  - 38  2  7 14 20 10  - 35 40 33 42 28 49 26 43 50  - 41 44 23 47  - 31  -  6 36 18 37 22 48  3  5 32  - 46 39 21
 26 24 16  -  - 42  1 33 45 36  - 32  -  - 38 25 43 21  3 27 15 29 31  - 50 20  -  - 23 30  - 17 18  - 41  9 48 49 13 40  -  -  -  - 19 28  7 22  -  -
  - 12 35 42 41 37 14  - 24 47 31  6 20 39  5  -  -  -  - 38  - 11 29  7  -  - 27 22 46  3 40  -  - 17  - 34  1  9  -  - 45 48 16 25 32  - 13 36  - 50
 32  - 48  1 30 39 34 25  -  - 26 44 13  -  9 31  3 15  6 23  -  - 38  -  7 41 24  4 47 14 46  - 36 42 16 43 22 28 29  5  8  - 33 12 50 18 37  - 27  -
 31  6 43 48  - 38 23  - 10  - 22  5 44 45 16 24 39 13 20 14  7  - 26 27 47 25  - 12 19 40  - 46 11  -  - 15  - 34  1 41  4 36 42 29 35 33 28  2  - 37
 35 38  -  5  - 44  - 16 42 46 32  -  -  9 30  -  - 33 36 39 24 26 50 48  -  - 14 11 45  - 49 10  1  2  - 41  7 37 28 25 23  4 21 18  - 29 34  - 22  -
 21  4  - 12 23  - 30 44 20  9 25 10 28 47 18 19  - 24  7 34 40  - 35 16 33  - 42  6 32  - 43 50 13  - 17 22 27 29 39 26 15 31  - 36  -  - 38  - 45  -
