2000
 17 31 45 22  3  5  - 43 42 24 49  - 16 36 44  6 46 12 19  -  - 18 40 35 28  1  - 29 21 13  7 37 20 39 27  - 50  - 38  - 34 26  4 11 33  2 15 14 41  8
 40 43 27 11 36 42  - 38 30  - 29 18 12  - 28 25 21  - 41 39  - 19  2 50 14 20 47  9  8  - 10 22  - 24  -  5 49 34  1  -  3  7  - 26 31 15 17  6 35 33
 11  - 26 18 33 41  3 15 47 32 39 13  - 31 22  - 25 44 50  7  -  6 34  8  1  -  2 37  -  - 42 35 23 48 30 14  5 24 49 45 28 17  -  - 29 40  4 20 27 43
 41  -  - 32 18  - 38 30  2 40  1 49 34 39 43 14 13 17  - 16 35  - 25 28 20 42 44  -  7 48  - 36 24 11  4 33 27 50 37  - 12 31 19 46  3  9 10 21 45 29
 47 48 18 14  -  - 26  - 31 37  7  9 33 44  - 21  - 40  -  -  1 50  - 13  - 17 30 36 28  - 45 19  - 22 16  2 41 49 43  -  6 42  3  - 20  4 34 25 32  -
  - 22 13 47 42 20  2 14  9 50 18 35  6 15 33 44  4 23 27 26 49 24 30  - 37 34  - 16 36 25  -  - 12 43 40 38 39 17  8 31 19 45 29 41  7  -  3 48 10 32
 37  5  6 16 48 44  - 46 15 38 27 24 29 34 20 12 42  -  -  1 41 13  -  - 17 40 35  3 25 28 26 33  - 10 11  8 19 18 31  -  4 43 47  - 23 39  -  9 50 22
  - 25  - 45 41 11  -  - 27 22  3  - 35  9  2  5 39 18 21 30 19  - 12 17  8  - 24  - 23 36 40 49  7 26  - 16  - 47 28 10 13  1  - 33 46  -  -  -  6 37
 39  3 44 29  2 40  8  5  -  - 14 25  - 32 19 15  -  6  - 47  7 21 10 38 26 41  - 48 35 34 36  - 16  -  - 24  1 31  - 12 11 22 33 13  - 17  - 49 42  9
  4 42 16 10 29  -  -  1 11 20 13 37 25  3  6  9 17  - 28  - 40 35 31 47  - 32 50 15  2 43 44 23 22 38  - 19  - 12 26 14 45 21 36 49 34 24  - 33 46 48
  - 41 17  - 23  2  - 49 45 12 37 28 38  7 18  - 36 32 33 46  - 20 22 25  -  - 42 27  - 39  3 47  6 14 26  1  - 21  4  - 43  - 44 29 35  - 31 10 13  -
  2 44 10 49 22  9 40 32  8 34  4 42  - 23 16 43  -  -  -  - 17 36 20 39 24  - 37  - 46  - 21  5  3 18  6  -  - 15 50 11 29 48 27  - 41 19 33  7 28 45
 21 29 12  -  - 25 35  4 26 43 33 45 44  -  9 24  5 41 30 15  - 40  3 42 11  - 34 17 10 49 37 18  -  8 38 20  - 22 19 48  2 36 39  - 27 16  6  -  1 50
 33 47 29  - 12  -  -  - 44 21 10 46 41 16 25  -  1 27 35 20 38  - 14 23  7 50 11  4 40  5 49  2 28 13  -  3 42  6 24 36  - 19  9  -  8 32 26 30  - 15
 36 14 40 34  - 16 50 41  - 19 22 30 37  1 13  4 11 47 10  9 39 27 18  -  5 25 17 44 24  3 29 43 21 12 45  6 26  2  7 20 32 38 23 35 42  - 48  - 49 46
 13 37  8 30  6  -  -  - 10 33 41 38 14 17  -  - 31  - 22  - 21 29 45 43 16  2 20  - 26  7  - 50 34 19 47 44 46  - 23  9 40 32 28 27  -  3  1 35  - 18
 20 33 15 26  -  6 21 16  3 23 38  4 32 18  1  - 49  - 40  - 31 37 44 27 36 19  8 39 13 30 48  7 29 25 50 12  -  -  - 34 41 10 24 22 47 45  2 42 43  -
  -  1 25  5 20 30 36  - 38 35 23 43 46 11  - 40 24 19  9  2  -  - 32 14  - 12 15 31 33  - 13  - 10 29  -  4 45  3  -  7 39 49 18 50  6 41 28  -  - 47
  -  6 38  - 47 28 49  -  1 30 42 48 17  - 35 13 45  - 23  - 33 10  - 22 27 21  3 46 31 18 12 32  - 20  - 50 43 29 39  -  - 40 37 25 26 11  - 41  2 34
 28  9 19 37 24 23 44 50  4  6  - 16 39 48  - 45  -  2 49 34  -  8 47 11 12 33 43 35 32  - 30 40 25 36  1  - 18 38  3 42 10 14  5  7 17  - 46  -  - 31
  - 35  - 43 49  -  6 12 23 36  - 31  3 10 21 30  - 38 15 13 29 39 17  4 40  - 27  - 47 45 33  1 42  5 37 46 22 25 41 19 26  -  - 16  2 28 24 18 14  -
 46 39 42  8 37 34 29 10 48  3  -  - 18  - 47 41  -  1 38  6  - 22  5 24 33 43 28 19  -  - 31  - 26 30 25 13 15 11 35  4  - 50 20 40 49 36 21 32 16  7
 23 30  - 41  5 50 18 39  - 17 45  8  - 29 38 28 35  4 44 49 34  - 37 26  6 46 31  7 42  -  - 11  -  3 32 27 48  1 20 43 15  -  - 14 16 22 47  - 36 24
  - 50 36 12 13  - 10  3 49 16  2 41 20 37 45 31  9  7 14  -  4 28 33  6 32 39 18 23 11 46  - 26 47  -  - 34  - 42 15 27 21 29 35  -  - 25  - 43 48 44
 22  - 24  -  - 17 20 44 46  - 43  - 48 38 31 32  - 33 18  4 27 41  -  7 25 29 13  - 19 50 39  6 15 28  3 42 11  8 40  - 49 35 26 21  9  - 30 36 47  1
 48  8 37 50 25 36 31 22 32  5 11  7 21 43 10 47  6 14 17 23  3 12  - 40 46  -  -  -  - 26  -  - 39  4 28 45  -  -  - 18 42 13 34  1 44  - 49 24 33 20
 43 34 47  -  - 35 22 42 21 31 24 19  4  - 23  7 14 11  - 28 32 44  6 12  - 48  - 13  5 33 27 16 49  1 41 15  - 46 36  - 20 25  -  - 45 10  9 39 18  2
 45 21 20 17 32  -  1 18  6  -  -  - 24  - 49 38  -  - 16  -  - 42  9 37 10 15  7  - 44 29 28 27 35 50  -  - 13 36  - 30 22 47  8  4  - 12 11 46 26 23
 34 32 39 42  - 46  - 27  -  -  9 33  - 21 29  -  -  - 12 36  - 26 43  1  - 30 38 28  - 11 24 15 14  6  - 18 23 20 22  3 35  - 31 44  - 50 16  2  - 17
 10  -  1 35 40 21 28 26 18  - 16 17  8 27 32  - 15 34 42  - 37 38 13 19 47 22  -  - 50  9 20  4  2 33 24 31 14 41  6  5 48 46 49  - 43 44  - 11 30 12
 16 24 48 13 28 45 30  7 41 29 32  6 11 35  8  - 12  3  1 38 23  -  -  - 50  4 22 14 39 40  - 21 44  9 34 10  - 19  -  - 18 27  2 20 37 43 36  - 17 42
  -  4 22 24 39  -  9 17  7 15  - 11 47 28  - 34 20 25 43 45  -  1 19 48  - 13 49 42  -  - 50 14 41 32  - 26 31 33 21  -  -  5 30  2 10 29 18 23 12  -
 25 15 35 27 19 10 37 23 12  - 48 34 49 14 50 17 30 24 20 40  2 33 46 18  9 45  - 11 22  8  5 29 43 16 31 41  3  4  -  1 47 39  7 28 32  6 44 26 38 21
  8 17 43 19  - 24 45  - 29 18 40  - 15 41  7  2 26 22  4 11 28 46  - 10 31 49  - 21  - 16  - 39 38 47 35 32  - 27 30  -  5 34 42  - 36 20 50  3  - 14
 30 16  -  -  1 47 39 25 50 26 44 29  -  6  4 11  - 13 36 17 18  2 42  9  -  5  - 45 43  -  - 34  8  - 12 37 10 32  -  -  - 20 41 15 21 27  - 31 24 38
  -  2 30 39 15  - 24  - 37 11 50  - 42 12  -  8  - 20 48  5 43  9 38 36  4  - 46  - 27 22 16 44 13 41 18 49 21 45 47  - 33 23  - 34 28  -  - 17  - 40
 49 27 46  6  -  - 33 47 17 42  8 36 45 20  - 26  - 29  5  - 48 34 11  3 41  7 21 40 18 12  4  -  1 31  9 22 24 39 44  2 38 28 14 43 15 35 19 50  - 25
 42  -  2  -  9 29 16 28 22 25 30 26  - 45 36 18 43 46  -  - 20 32 41 49  - 11  -  5 14 21  1  8 27 44 19 35 37 23 10 17 50  -  - 12 24  -  - 47 31  4
  6 12  - 20 31 22 46 48  - 47 28  - 30 42  3  -  7  8  - 43 15  4 24  -  - 18  - 33 41 27  - 38 45 34 21 23 29 26  - 39  - 11 32  5 40 49 14  - 44 19
 35  - 41 44 30 32 17 21 19 10 25  -  -  8  5 16 33 15  - 31  -  - 48 20 29 37 26 43 38  -  - 45  - 49 39 28  2 14 13  6  7  4 46 24 50 23 40 27  3 36
 14 40  - 36  7  8 23 35  5 46  - 39 31  - 42 22 47 50 32 48  -  3 21 16 15  9 12 18 20  4 34 25 19 27  2  - 28 30 11 41 24  6  - 45  - 37 13 38 29 26
  7  -  3 25 21 37  4  6 20 28 19 50 26 30 41 27 23  - 31 42  - 49 39 44  2 36  - 10 29  1  -  - 40 45  5  - 34 35 33 47 16 24 38 17  - 48 32  8 15 13
  1 23 33 46  - 14 43 11  - 45 47  3 40 22 37 10 19 21 26 50  5 30 28 29 38 31 41 20  - 44 32 24  9  - 15 36  6  7  2 35 27  8 13  -  4 18 25 12 34 49
  -  - 34  1  -  -  7 37  -  2 26 21 23 40 27  - 50  5 39 41 42 11  4 30  - 10 32  - 15 20 46 31 18 17 44 48 47 28 16 24 25 33  6  9  - 14 22 29  8  3
 29 19 14 21 46  - 15 20  -  9  6 44 43 50  -  1  3  - 25 18  8 31 26 41 35 47  5 22  4 24 23 13  -  7  - 40 36  -  - 16 30  2 48  -  - 34  -  - 11 39
 18 36 31 33 26 27 25  -  -  1 15 20  - 49  - 50 29 45  3 19 24  7  - 21  - 38  9 47  6 32 35 12  -  2 23 11  4 43 14  - 17 30 16 10  - 42  5 44 39 41
  -  7 11 28 50 33 19 34 39 49 36  2 27  - 48 20 18 10  - 44 14 45 35  5 43 23  -  1 17  6  -  9  -  - 42 47 38 16 12  8 31 37 15  3 22 46 29  4 25 30
 32 28  9  - 34  -  - 19 40 41 35  5  2 46 26 49 37 36  7 10 11 43  - 45  -  6 39 24 30 38  8  3 50 15 20 21 33 13 17 44 14 18 22 47  -  -  - 16  4  -
 38 20 23  4 35 12 27 13 24  7  5  - 19 25  - 29 41 42 46 22  - 14  1 34 21 26 10 32  3 31  - 48  -  -  -  - 44 40 45 33 36  -  -  8 18 47 43 28  9  6
  3 13  -  -  - 18  -  - 14  4 31 22 36  - 17 23  -  -  -  - 47  -  -  -  - 35 45 26 49 37 43 30 48 46  8  7 32  - 34 29  1 12  -  6 39  - 20  - 40 10
