2000
 47 24 21  -  6  - 48 30 13 49  5 15 40 23  3 29 22 25 26  8 36 34 46 41 37 39  - 17 18 12 20  2  - 33  7  1 19  -  9 45 38 42  - 28 14 32 43  - 16 10
  -  -  -  - 24  - 46 49 37  9 44  -  - 15  5  8 36 45 40 34 25 35 48 11 27  2  -  - 17 43  -  - 16 26 38 33 14 31 32 23  - 21 13 42 50  6  -  - 28 22
 46  - 43  - 27 14 10  -  7 29 47  - 12 11 40  4 32 28 15 13 22  -  -  - 49  9  - 26  3  - 48 23  - 21 45  8 38  6 25  - 17 41 31 20 30 39 33 16 35 34
 21 38 28 32 14  - 27 20 18  8 50 33 42  - 12  -  6  -  -  3 16  9 45  -  -  - 31  4 43  7  -  -  - 19 22  - 17 46 37 25 49  -  - 15  - 40  -  5 13 35
 28 45  -  4 35 20 47  - 26 32 38 16 23  - 33 25  2  - 46 29 50  6 39 43 22 42  5 10 21 24  - 14  9 37 49 15 11  - 41 18 30 12  3  7 13 17 31  - 27  8
 19 11 22 49  - 31  - 37  - 46 43 12 48  - 32 24 26  - 28 25 34 30 23 42 17 33  7 29 15  2 35  4  -  - 41  - 47 21  5  3 14 38  - 50  - 36  -  -  - 39
  - 44 19  - 10 37 41  4 50  -  -  -  5  - 11 17 13  -  1  - 14  -  6 24 21  -  - 33 25 15  - 32  - 31  - 29 39  -  2 16 20 30 43  - 36 18  - 40  - 48
  5 33 35 16  - 47 43 12  - 14 23 11  4 38  7 37 48 34  - 30  6  3 24 27 32 10 28 31 42 26  8 50 17  - 29 44 40  - 45  -  - 49  -  - 19 46 15 36 25 18
  -  5  - 23 20 30  - 28 25 33  6  -  3 41 24 21 49 42 18  - 11 32  - 17  -  8 10  1  - 14 50 47  - 43 13 35  9 39 12 48  4 19 38 37  - 16 22 26 29 46
 17 20  - 47 22 13  -  - 24  7 42 35 30 29 49 28 38 46 12 14 40  -  1 33  -  - 36  -  - 41  - 21 39 16  6  3 10  8 48  - 43  -  - 45 18 25 11  4 19 44
 26  3  4 19 34  - 14 43 31  - 15  8 28 25 46 40 12  - 50 47 35  - 36 16 18  7  6  2  9 44  - 48  - 20 11 39  - 38  - 42  -  - 24 33  - 30 23  1 21 37
 12  6 42  - 18 11  4 22 48 43 46 10  9 24 20 13 41 47 30 26 44  - 17  -  8  - 25 36  -  -  7  5 35 27 31 37 45 28  1 38  - 14 34 32 49 23  - 39 40  3
 38  4 40  -  - 42  7  - 36  - 14 31 16 10 43  - 50  1  3 48 47 26  - 28 29 15 18  - 11 39 12 49 34 32 25  - 30 37 46  - 19  - 33 21  5 13 35 20  -  2
 27 34 14  -  1 46 26 24 32 41 39 20  6  5 36  9 42 19 31  -  - 10 43 44 48 45  -  - 12  -  -  7  - 13 47 30 18 49  -  8 37 28  - 22 40  3  - 29 15  -
 39 32  - 41 47  7 36  6 11 50  3 46 15 45 25 49 30 22 19  9  1 29 27 10  2 35 38 12 20 28 14 26 37  4  - 13 31 40 34 44  -  -  8  - 23 24  -  -  - 16
 24 36 38 34 30 17 32  3  4 28  -  - 18  2 14 31 23 33  - 10 20 12  7  - 15 19 49 37  6  - 16  1 43 35  8 27 41 45 22 39 42 40  5 44 26 21 48 50  -  -
 41 28  8  7 37  -  9  - 17 12 22 43  -  1  4  - 25 29  - 11  -  -  -  5 39 24 47 19 50 36  2 33 32 46 18 40 20  3 42  - 31  - 27 13 35 38 26 10 14  6
 35  -  -  - 26 38 12 50 15 21 45  -  - 17  2 16 37  - 48  -  7  8  - 34 33 49  9 18  -  3 40 43 23  6  4 14 28 44 36 13  - 46 30  - 31 29  5  - 47 25
 34 41 49 46 36 32 38 19  2 39 29  4 22 13 44 45 31  - 23  - 48 11 47  - 40 30 35 28 10 18  5  - 33 15  1  - 24 27  8 37  -  9 21  -  -  7  6 14  3  -
  -  9 11 14 13 45  8  1 19 37 25 48 47 22 17  -  -  - 21  - 10  - 29  6  7 16 32 27 34 35 33 42  3 38 43  -  - 18 40 26  2 15 28  - 39 49 30 31 44 24
 40  1  - 22  4  2 49 46  - 20 30 24 34 27 41 23 19  -  5  6 33 37 50 18 35 32 39  9 36 45 42 15 10 17 14 25 26 12  -  7 48 31 29 43 21 44 16 28 11 38
 16 39 50  6  7 25  -  - 14 23 18  9 17 43  8 12 28 31 11 44 49  5 13 35  - 21  - 24  - 34  - 27 38  - 36 41 32  -  - 19 33 48  2  4  - 15  - 47 20 42
  - 17 26 50 16 22 42 21 40  - 20 37  -  9 19  -  3 24 29 32 28 39  -  8 30 43 33 34  4  5 49  - 36 10  - 38  1 41 14 47 23 44 11 46 27 48 25  2  7 45
 44 18 23 37 33 21 11 14 42 47 27 26 43 34 28  -  -  - 35 22  - 45  - 38  -  6  -  - 48  -  - 31 49  2  -  - 36  7 30 41 15 17 50 12  -  8 39 25 32 29
  - 15 45 24 39  -  - 18  6  - 26 34 37  8  -  -  1 43 27 42 13 46 41 31  3  5 30 48 29 25 22 35 20  7 10 50 12 47  4  - 21 36 14 11 44 19 28  9 33 23
 14  - 32 28 23 36 33 26  1 34  - 19  8 46 22 27 17 41 13 35  - 40 38  -  9 18  3  - 45 49 43 10 42 11 48  -  - 50 16 29 44  7 25 39 24 47 12  - 31  5
  - 47  1 12 29  5 22 33 49 36 37 17 21 40 48 39 34 18  - 23 27 44  -  9 19  - 20  - 24 13 28 46  2  8 50 11  6  - 38 10 25 35  - 31  4 41 14 15 26 30
 48 29 37  - 25  6 35 39  5 40 16 38  1  7 27 42 47 50 43  - 26 28 15 36 14 31 46 32 22 30  4 44  - 34  2 23 49 19 13  9 41  - 12  -  - 11 24 33  8  -
  7 48 20  5  -  -  - 31  - 30 32 27  - 19  - 35 39  -  8 17  - 14  -  - 43 47 15 46 44 42 25 40  -  - 16 21 50  2  - 11 22  6 36 34 41 37  - 38 12  1
  9  -  - 18  - 23 16 38  -  - 11 30 27 36  1 26  - 20  2 21  - 22  3 12 31 29 43 25  5 40 39  8 50 48  -  - 13 14 35 15  6 37  - 10  - 34 41 44  -  7
  - 12 30 29 46 49 24 42 45 10 21 23  - 35 37 34 11 15  - 28  -  -  8 19  1 22  -  7  2  4 36 38  -  - 39 32 27 13 50 17 26  5 20 47 25 33 40 43 48 14
 22 25 44 13  -  - 40 23 30 16  4 41 35  3  - 10  8 14  - 33 42 31 12  1 50 28 34 21 39 48  - 45 19 29  9  -  2 15 11 32  - 47  - 18  7 20  -  -  6 43
 29  8  9 39  -  3  - 17  - 25 49  6 14 30 31 33 45  -  - 36 43 50  - 13 12 41  - 15 46 11 44 24 28  5 26 48  -  1 18 21 10 20 22 40 38  - 32  -  - 27
  3 35  -  - 50 48 15  - 12  2 40 36 26 28 29  - 21  6 37  -  -  - 18  - 42 14 45 41 30 27  - 25  4 23 46  - 33 17 31  5  1 13 10 49  - 22  7  - 38 47
 37  -  6 42  -  - 29 16 43 26  - 25 39  - 21 46  - 38 41 31  5  -  - 30 23  -  8  -  1  - 32 11 44 36 35 19 22  -  7  - 27 45  - 17 28  2  - 48  - 33
  8 30 12  3 43 34 23 29  - 27 19  - 11 50 45  5 18  - 38  - 37  4 20  7 25 48 17 47 40 46 31 36 13 22 24  9 15 10 44 33  - 39 49  6  2  - 21 42  - 26
 18  - 15 48 38  -  - 13 39  1 36  -  - 16  - 50 27  8 45  -  - 42 31  4 20 46 14 22 28 10 41  9 11 47 44 26 43  - 21  -  5  2 23 19 29  - 37 17  -  -
 45 40 13  9 12 29 39 36 46 15 41  5 38 42 47 43  7 26  -  4 21  - 33 23 11  - 27 16 49 22  6 18 14 30 19  2 48 25 20 50 35  8 32  -  1 28 44  3 34  -
 10  - 46  -  -  8 30  2 22 11  - 44  7 47  - 14  5 21 17  1  9 25  -  -  - 36 40 49 37 32 26 39 15 42 28 12  3 23  - 34  -  -  4 27  - 35 13 24 43 41
 13 46 27  - 40 43 50 15  - 17 35 45 32 12 10 19 44  -  6 39 38  2  9 14 34  4  - 42 31 29 11 30 48 18 37  7 25  - 49 28  - 33  1  - 16  5  8 22 23  -
  -  - 10  -  -  9 13 47 16  5 48  7  - 31 38  2 35  - 32  - 24  1  - 49 28 34 41 50  8 20 21 19 27 12 30 45 29 26 17  -  3 11  - 36  6 14 46  - 39 15
 33  - 47  - 42 28  - 11  9  4  8 32 46 18 39 30 15 37 44  - 41 21  5  - 13 25  - 38 35 17  3  6  - 14  -  - 23 16 29 43  - 34 26  - 45 31 10  7 49  -
 20 14  - 35 17 19  5 48 27 44 34 18 45 37 13 15 16  7  - 41 31  - 11 26 10  1 23  - 47  6  - 28  - 24 21 43  4 22 39 40  8  3 42 25  -  - 36 49  2 32
 32  -  7  1  - 10  -  -  - 31 28  3 19 33 30  6  - 36  -  - 39 18  -  - 41 44 12 43 13 23 45 37 22 50 42 47 34  5 15 46  9 26 48 14  8 27 20 35 24 17
 30 42 31 11 48 26 20 41 21 19  1 39 10 14 50  3  -  - 16  7 17  - 25 29  - 38  2  - 32 47 46  -  - 28 34 49 35 36 23 24 12 27 15  9 37 43  -  8  4  -
  -  2 17 26 31 16  3 27  -  -  -  1 29 32 42 20  -  -  -  - 30  - 14 37 24 40 21 13 19  -  - 34 12 41 23  5 44 35 43  4  - 22 18  8 33 10 45  6 50 49
 15 26 25 33  8  -  1 34 10 45 31 50 44 21  6  7 43 30 42 40 23 47  - 22  5  - 11 35 14 19 18 13 24 49 27 20 16 48 28  - 39 32 46 38  3  - 29 41 36  -
 23 21  - 43 15 39 25  7 34  - 17 22 36  -  - 38 24  2  - 50 32 48 30 46  6 13 29  8  -  1 27 20 41 44  - 31 42 11 26 12 40  4  - 16 47  - 19 45 10 28
 11 43 18 38 32  - 28 35  - 42 10  -  2 39  9 36  - 23  4 49  -  - 26  3 16 20 37 44 27  - 15  - 40 25  - 34  8 33 19  6 24  1  7 30 48  -  - 46  - 21
  1 31 16 40  2  4 44 10  3 35 12 21 50  6 15 22 33 27  -  - 46 43 49 32 47 11 48 14 38  8 13 41  7 39 17 28 37  - 24 36 34 25 45  -  9 26  - 23  5 19
