2000
 46 23  -  2 16 35  8  9  - 10 13 45 33 48 12  -  3 21 31 22  -  7 50 25 34 26 27  -  -  -  - 38 28 20 29  6 44 36  4 24 47 19  1  -  5 43  -  -  - 14
  - 26 32 13 15  - 12  - 11 21 44  4  - 36  - 17  -  -  - 46 39 41  - 19  6 37 30 35 48  3  -  1 34  - 24 47 33 42 45 23 20 28 10  - 27  7 14 50  -  5
  4 28 31  - 10 13  3 27 48 43 49 17 47  8 44 46 20  - 42  6  5 12 29  - 24 23  - 25  - 21 34 26  1 32 35 22  -  -  - 40  - 37 38  -  7  - 18 14  - 15
  - 16 29 19  5 48  -  - 23  - 34 39  - 31 43 42  -  3 13  -  1 30  2  - 47 24  - 50 40  -  - 49  -  6  -  -  - 12 38 35  - 46  - 37 14  - 36  9 41 21
 23  4  - 28  - 20  - 11  - 29 32 34 22 14 42  9  2 13 35 50 27 21  -  5 16 43  - 44 18 48 25  6 33 45  1  8  - 30 24 37 10 12  - 19 49 41 40 15 26 38
 17 42  - 15  - 11 19 48 27  - 22 44 30 10 28 29  - 43  - 37 21  3 16  -  4  5 12 49  - 47  1 41 50  7  -  - 38  9 34  6 39 14 36  -  -  2 23  - 31 45
  1  - 16 14  3  - 35 41  5  - 15  - 25 23 47 24 19 11 40 36 20 34 13 46  -  8 18 48 50 42 44  - 43 27 12 39 10 33 37 30  7 17  - 31 22 21 29 28 32  -
 38 39 43 30 28  5 17 50 19 49 12  1  - 20  8  - 29 25 22 44  -  9  4 40  - 15 46 26  2  - 18 34 37 21 33  -  3  7  - 47 42 23 24 32  6 27 31 41 36 10
  2 41  -  - 49 21  - 16  - 37 25 50  1 32 23  - 42  - 45 40  - 17 12  - 14 31 22 28 34 39 26 35 13 36 48  9  - 29  7  - 33 30 20 43 44 24  4  8 10  6
 16 47 18 39 13 28 49 20 12 25 45  9  7 41  2  1 50 38  4  5 33  6 43 26 22 34  - 10 29 32 17 40 36 30 44 46  -  - 42  - 35 31 21 27 23  3 11 19  8  -
  5 31 38 18  4  - 22  8 44  - 42 49 43  7 17 33 35 40  6 16 32 45 24 47 50 30 37 27 14 23  -  - 10  9 21 28 46 11 13  2  -  1 29 26 34 39 20  -  - 41
 36  - 50 45  - 24 38 44  - 13  5 31 49 29 14 23 11 32  3  -  2 43 20 30 48 16 33  - 19  4  6  - 22  - 39 26  1 37 12  7 28 21 40 35 41  8 10  - 15 27
  - 19  6  3 23 37  - 25 22 32 31  5 12 34  9 30 21 36  -  - 14 38 44  - 18 47  -  7 20 50  8  2 39 41 49 24  - 10  1 46 45 11 17 13 42 33 15  4 35 28
 37 50 46 48 32 14  4 23  3 40  -  -  - 25 21 28 12 39 49  - 11  2 36 45 26  -  6 47  1  5 35  - 42 10 15 30  - 34  9 29 43  - 31 16  - 19 38 13 17 20
 44  - 17 27  7 34 13 18 21 35  8  - 15 11 36 32 46  9 41 45 47 29 40 50 19 25  4 31  - 22 39 24 14  2 28  3  5  - 10  - 26  - 49  - 20 23 37 12 38 33
 21 25 33 44  9 36 37  -  -  8 20 32  -  -  6 26 15  -  -  - 49 50  1 11 35 27 24  - 28 19 16 39  2 31  - 12 18 38 41 43  -  4  5 42 40  -  -  7 23  3
  -  - 49  - 24  6 21 34  - 31  4  - 23 39 37 15 33 26 50  - 38 13  -  - 10  3 35  5 12 30 27 46 16 19 25 11  -  - 48  1  8  7 42 45 29  9 41  - 18 44
 35  1 12  6 33  - 46  -  2 28  3 13 42  - 40 25 10 49 30 26 18 27  - 24 15 14 17 20  8 38 21 50  5  4 43 29 39 44  - 16  -  - 23  -  9 11 19 37 47 36
  - 18  -  - 42  - 47 36 50  - 40  6 34  2  -  - 39 12 23 21 10  - 35 37 41 33 45 14 44 11  5 30  7 17  3  1 20  4  -  8  -  - 13  9 38 25 46 32 29  -
  -  7 10 11  1 42  -  5 31  2  - 20 37 46  3 34  8 27 36 35 28  -  9 41 17  - 43 22  4 40 32 13 18 15 38 19 49  6 16 14 29 47 33 12 30 50 24 48 21  -
 48 36  - 43  - 17  5 47 25 42 38 35  -  - 50  8 40 10 16 19 22 20 14 34 30  9 11  6 45 28  3 33  4  -  7 44 29 31  - 21 24 27 12 41 46 15 39 18  - 13
 10 40 37 21 11  8  -  -  7  4 48 19 35 26  1  - 27 30 18 47 42  5  - 23 33 38  3 24  -  6  -  9 44 25 36 41 43 17 20  -  2 15 28 29  - 16  - 34 12 39
 28  - 35  - 30 12 41 17 33 15  - 25 50 27 24 38 43 34  -  3 36  -  6  1 40 13 47  - 23  9 45 37 21 49  - 31  8 20  5  - 22  - 26  - 11 48  2 16 19 42
 12  -  -  - 45 50 26 42  -  - 18  -  2 21 11 41 22 19 14  - 24 10  3 43 29 35 13 30  - 33 20 23  6 38 31 48 34 27 39  5 15  -  9  - 17  - 44 46 28  -
 22  - 48  - 41 23 20 19  9 14  - 10 13 38 39 16  1 45 34 24 30 15 37 44  5 17 32 29 33  7  -  4  8 11  - 25 21 28 43 31 18 26 35  2  - 42  6 36  3 46
 25 38  7 42 44 32 18  1  4 30 50  3 26 49 19 10  - 17  9 48 40 37 33 28 36 39  8 41  6 24 43 31 20 29 27  5  2  -  - 12  -  - 15 47 21 46 34 45 22 16
  - 32 25  - 47  1 36 49 26  - 29 42  - 24 46 45 41  5 15 34 13 44 21 39  7 20 23  - 31  8  - 18  9 28 16 38  -  - 22  3  -  - 11 17 19 40 12  -  6 50
  6  -  9 33 21 38 30  4 15 23 28 41 17  - 32 18 13 16  7 12 37 31 27  3 43 46  - 34  - 49 22  5 25 14 45 50 42  - 44 26 40 36 48 39  8  1 35  - 24 11
 40 30  - 16 36 49 31  6 45  7  - 46  - 19 13 48 37 35  - 25  - 28 32 33 44  1 29 17 22 43 10  -  - 50 42 14 23  - 27 18 38  9  4  -  2 12  8 20 39  -
 42  - 41  -  -  7  6  - 28 26  -  2  9  - 16 36  - 37 19 18  - 32 48 31  - 21 34 11 15 44 38  -  -  -  -  - 35 39 47 50 13 22  -  3  1  - 43 24 33  8
  3 12 36 34 39 27 25 22 38  9 21 40  4 17 18 20 28  - 11  -  - 16 30 15  - 48 26  - 43  -  - 14 41 46  - 33 31 35  2  -  6 13 37  - 47 29 50 49 44  -
  - 20 19 17 40 25 24 10  1 50  9  - 44  3  5 22  6 31  2 43  7 14  8 29 21 36  -  - 41 27 13 28  - 35  -  - 12  - 26 38  4  -  - 46  - 47  - 33 16 32
 26 35 24 37 19 18 42 15  6 48 10 47 20 30  - 31  -  1 28  2 43  -  5  8 46 29  -  3 38 12 33  7 23 40 13 17 50 49 36 41  - 32  -  4 16 22 21 39  -  -
 47 15  - 10 31 29 28  - 24  -  - 37 38 43 22 13  7  - 32 11 26 33 39  - 25 19  5  - 30  - 14 17 48  8  6 23 36  - 18 34 41  -  3  - 35 44  -  - 42  9
  - 11 13  8 20 16 40 38  - 45  - 29  5  - 31  - 18  - 48 23 35 26 19 49 12  6  -  4 39  - 37  3 47 42 17  -  7 32 25  - 46  - 41  - 28 10 30  1 50 43
 24  3 30 41  6  - 45 46  - 20 19 48 28 35 10 37 38 33 21 17  -  1 26 12 42 49 50 43 11 36 23 15 31  -  9  7 22 25 40  - 32 18 47 14 13  - 16  -  -  4
 34 21 23 31  -  9 10 14 40 11  6 12 36 28  - 35  5 50 39 15  -  - 17  - 37 22  7 32 42  2 19 47 38 13  - 43 48  8  - 33  - 41 16 24  -  -  -  3  4  1
 18 44  2  9 22  - 15 37  - 19 17  8 39  - 26  - 32 23  - 31  6  -  -  7 20 28 25 40 24 29  -  -  - 34  - 21  - 46  - 36 49 42 45  - 50 35 27 10  - 48
 49  -  - 46 38 10 29 39 35 36 43  - 45 50 34 12 30 20  -  -  9 23 18 27  3  - 21  1  - 13 28 42 26 16 41  - 25 24 31 17 44  2 19 48 32  - 22 47 14 40
 43  5 11  - 12  -  2  -  8  6 16 21 29  -  - 44 23 24 27 20  -  -  -  - 13 40 10  -  3 25  -  - 49  - 19 36  - 41 17 22  - 45 14  - 39 18  - 31 37 34
  8 46  1 20 26 44 11 24  -  -  7  - 27 16 35 39 47  2 17 14  4  - 42  6 23 10 38 21 13 37 49 12 29  - 34 32 41 40 33 19  3 50 25 15  - 36  9 22 43 31
 13 45 40  - 34 19 50 21  - 24  - 15 46 12  -  7 36  6  -  -  3  8 11 32 38 41 42 18 26 17  2 27 35  - 47 49 16 48 14 28  9  -  - 23 10 31 33 44 20 29
 11 33 45  5 14 30 44 26 10 39 23 16 18 40  7  4  -  -  -  -  - 48 34 42 27  2 15  8 17 31 50 36  3 12 37 35  9 22  - 25 21 49 32  1  -  6 28 38 13  -
 27 24 42 23 48  -  -  3  - 22 36 43  - 15 30  5  - 44 38 39 29 35  -  4 32  - 19 12  -  - 31  - 17 37  2  -  -  - 50  -  1  6  8  - 18 13 47  -  9  7
 33 43 22 38 35 39  1 32 49 34  2 36 24  - 15  -  9  -  8 29 31  - 10 17 28  4  - 19  -  - 48  - 30  - 46  - 14  3  6 27 50 25  7  - 37 20 45  -  - 12
 19  -  - 50  -  3 43  -  - 46 41 24  -  6 33 27 17 42 47 49 12 39  7 10  1 45 16 23  - 35 11 48 40 26 22 15 32 14  -  - 36 34  2 38  4 28  5 30  -  -
 20  2 14  4  8 40 34 12 32 27 37 33  6  - 41 43 31 29 10  1  - 22  - 48 39  - 44  9  7 15  -  - 11  - 26 45 28  5 30 49 19  3  - 21 36 38 13 35  - 17
 50 37  4 29 43 41 33 13  - 47 39 23 40  1 45 19 26 28 46 38 34 24  - 22 31  - 48 36 27 10  - 44 32  3 14  2  - 16  - 20 11  8 18 30 15  -  7  -  5 35
 41 14  -  - 50 26 23 43 42 44 46 38  -  9 49  6 34 48  1 33 16 36 45 35  2 32 31 13 47 20  - 22  -  -  4 10 37 18 28  - 17  - 27  8  -  5 25 29 11 30
 39  -  -  -  - 31  9  - 34 41 35 27  8  4 20  - 48 47  - 30 17 40 46 14 11 50  1 33 25 16 15 29 19 18 23  -  - 21 49  -  5 38 43 36 26  -  3  6  7 22
