2000
 29 44 12 32  2  -  -  9 15  7 18  - 13 20 24 47  - 30  -  - 37  3 10  1 40 33 23 46 48  - 34 19 27  - 41 36 43 50 14  -  6  -  - 35  -  -  5  - 45  8
  - 14 27  -  5 49  - 19 20 39 50  - 34  - 33  6 10 35 24 45  8 23 18 25 26 28 12 31  2 29 22 41  -  - 48 38  - 37 17  7  3  - 15 11 44 32  4 30 16  9
  - 28  -  9 43 12  - 37  3  8 29 42 40 17 39 16  -  5  4  - 38 34  - 48 31 13 36  6 23 21 35 27 15  7 47 10  1 18 46 19 32 45 24 33 26 22  - 20 30 49
 16  -  - 20 35 27  - 50 39  4 40  - 24  5 23 22 12 46  2 30 26  - 17 14 38  6 10  - 41 43 18 33 45 48  3 19 31 49  8 47 28 36 11 21 37 29 44  9 13  -
  3  - 45 38 13  - 17 35  - 24 25 43  - 37 44 31  5  9 28  - 18 36  6  - 23 26 15 12 10 30 42 50 49  - 21 39 32 34 47 22  1  - 40 20 16 41  - 48 14  4
  - 41 19 33 40 10  - 42 43 16 32  - 46 21  - 30 22 14 17 29 35 39  1 27  7  -  9  3  - 47 44  6  -  2  - 48  4 38 45 23 36 26  - 49 31 18  - 15 11  5
 33  4 26 45 10 15 35  - 48 47 34 23 14  8  -  -  9  6  - 24 30  - 42 41 43 37 27 40 39  3 36  - 20 31  -  - 38 46  2 11 44 12 19  7 49  - 18 32  1 17
 15 19 18 40 34  9 12 44  6 27 23  1  - 49 37 36 26 47  - 48  -  5  8  - 46 10  -  -  - 24 17 42  - 43 16 28  -  - 29 39  7 13  - 22 21 45  - 35  - 41
  5 35 30  6  -  -  -  -  -  - 43 38  8 31 29 49  - 34  9 36  - 17 23 39 14 46 37 11 32 44 45  7 28 25 22 33  - 16  -  4 48 19  2  - 13 12  - 27 40 10
 36  7  -  - 25  - 18 11  2 13 17 29 28 19  1 21 15 26 30  -  5 43 48  3  - 45 34  4 38 41 39 14  6 12 42 47 20 24  9 32 35 31 22 50 10 37 49  - 27 46
 30 38 24 15 26  1  8 36 22 35 39  -  6 11 21  - 46 48 44  9 29  -  - 16 25  4 42 47 31  2 23  3  - 14 34  - 37 12 43 45 19  5 20  -  - 17  -  7 28 13
 21 17 14 27 32 35  - 26  5  9  2 20  - 45  6  3 18  1 23 38 11 46 16 28  - 47 50  8 36 25 43  - 42 19 15 37 13  - 41 24  -  -  7 10 34  - 39 40 33 44
 37 22  -  2 20  -  3 29  - 10 42 33 36  - 12 38 21  -  - 47 45  4  - 35 39 17  - 16 19  - 41 49  - 23  - 46  - 32 27 18  8 30  1  9  5  - 31 25 43 26
 27 15 43 50 19  - 48 34  - 12 37 39 16  7 11 45  - 36 10 14 44 26  2  8 33 22 41 21  -  -  -  -  - 38 29  - 49  3 35  - 40 18 47  - 20  - 32  4  - 30
  9  - 11  5 24 48 21  - 18  1 36  - 47 40 20 43 31  7  -  -  - 16 26 12  6 38  3 28 46 37 13 25  - 27  -  8 45  2 22 14 49  4 32 42  - 10 50 23 41 15
  - 50  9  - 45 23  5  -  - 17  -  - 12  6 26 29 27  - 14 16  - 40  4 38 42 39 22 35 34 36  - 46  3 30 43  7 25 41 19 20  -  1 44 37 32  2  -  - 49 47
 44 21  3 18 14  - 19 20 17  2 11 32 49 30 48 23 13 40 45 50 41 38  5  6 28  8 47 24 15 35 33 10 34 29 12 25 26  4 31 27  9 42 43  -  - 46  - 36  - 39
 32 46 36  - 11 14  - 39 33  - 26 16 25 34 27  4  2 20  1 12 24 49 22 29 48 18  5 37 43 15  - 31  -  -  9 30 10  - 23  3 13 21  8  -  6 35 45 28 38  -
 25 16  5  -  - 39 45  - 14 23 22  - 38 44  - 24  -  - 48  - 32  - 49 19 20 36 21 43  7 40  8  4  - 17 31  -  - 33  1 35 29  - 27 12  -  9 34 41  - 11
 23  -  - 26 31 32 28  -  - 11 38 37 44  9 36 20 25  - 40  3 14  - 34 17 50 16 33 13 18 10  -  8 22 45  - 27 29  7 12 43 47 15 21  2 24 19 41 39 35 42
 18 12 42 35  -  -  - 16 45 43 28  -  - 10  4 46 37  - 33  -  -  9 19 47  1 30  7 26 21 14 48 24  -  3 32  2 11 22  - 29 50 20  5  - 25 39 17 49 36  -
 20 27  - 24 39 28 46 43 10 14  -  5 50 48 30  7 49  - 41 34  - 35 12 32 37 25 13 42 47 26  - 21 40 36 11 44 19  - 16 15 22  - 17  4  8 33  1  6 18  2
 13 36 31 47 33 38  - 22 50 49 48  3 32  4  8 19  - 24  -  6 25 18 46 44 41  - 26  9 42 27 14  - 30 21 23 29 39 15  -  2  -  - 28  1 35  -  7 34 37 43
 41  1 21 17 47  2 20 48 44 40  - 10 30 43 45 32 23 27 35 49  -  -  -  -  - 11 46  -  3 18 38 26 50 37 39 13  8 19  4 25  5  -  6 31 36 28  9 12 42 24
 10 48 41  3  1  5  - 28 36 46  8  -  -  - 18 35 19  - 25  4 17  - 11 13 47 32  - 49 30 42 20 38 39 50  -  - 40 43  7 37  2  9  - 24  - 23  -  - 34 21
 17 45 25 46 15 36 27  -  8  - 24 13  1 47  3 48 35 29 37 32 39 22 31 50  2 42 14 41 40 20  9 44 38 34 10 16  -  - 11  - 43 49 30  -  4  - 23 19  - 28
  - 34  2 41 28 24  7 21 49 36 12 48  5  3  - 44 42 10 32 13 16 15 45 37  - 29  - 19  9 17  1 43 33 40  6  - 47 27 38  -  4  -  - 18 30  - 22 50  -  -
  - 26 35 30 29 13 23 27 25  6 16 46  3  1 31  - 41  -  - 37  - 11 39  2 12 40 45 38 49 33 24  -  -  -  - 32 17  - 21 50 20 44 34 48 15 36  -  8  -  -
 26 32 50 22  9 20 14  -  - 42 21 25  - 24  2 12 33  3 49 39 40  - 43 46 34 41 28 17 16 38 27  1  4 15 37  - 36 47  5  - 30  - 35 13 11 44 29 45 23 18
  -  - 39 28 42  - 24 15  -  -  7  - 43 26 34  - 29  4  - 18 23  8 14 20 36 12  1  2 25  - 21  5  - 32 33  3 27  6  -  - 17 50 48 40  9  - 38 31  - 45
  - 29  4 31  8  - 26 32 23 19 30 36 17 12 41 50 38 13 22 11 28  6  - 21  -  7 39 44 14  5 47 18  - 49 27  9  -  1 33  - 16 48  3 15  2  - 35 42 20 37
 39 13  -  - 17  - 33 18 24 34 10 19  2 15 47  - 50 43 38  1 49 41 37 45 30 20 32 14  8 16  5  9 44 11  - 12  3 21 42  - 23  - 25  6 46 31 48 29 22 40
 50  - 37 23 12 30  -  8  4 21  1 11 27 41  -  9 24  - 46  - 42 10 33  5 13  2 20 45 22  7 16 15 35  -  -  6 48 25 40 26 34 38 36  -  -  3 28 18 31 32
 47 20 33  - 37  6 43  -  7 31 13  2 21 39 49  - 40  -  -  -  3 29 35  - 24  1  4 30  - 45 50  - 23 22 36 34  -  -  -  5  - 11  9 25 41 27 46 44 48 14
 48 10  -  -  4  -  9 33 34 20 44 26 39 38 28  - 14 12 47  - 36 37 21  - 32  -  -  -  6 23  7 45  -  8 24 11 41 40  3 17 18 46 42 19 29  - 43 16  2 35
  6 23 29  8 22 16 32 14  -  -  - 30  -  2 42 33 45 50 12  -  - 31  9 40  - 19 11 27  4 39 49  - 13 41  - 43 15  -  - 21  - 10 26 38  - 20  - 46 44 25
 11 31 13  4  6  -  - 12 16 26 27 50 10 23  9 25 34 32 36  5 47 19  3 33 15  - 24 29  -  -  2  -  - 20 49 41 18  8 48 46 38  7  - 43 40 21 30  - 39 22
  1  - 46 10  -  7  4 41 12  - 31 21 26  -  - 39  - 28  3  8  2 13  - 23  9 43 17 34  5  - 32 11 25 24 20 45 35  - 36  6 37  -  - 30 19 42 15 14 47 48
  2  - 47  -  7 41 36  4 29  -  9 17 18 16 38 11  - 25  6 46 21  - 44 26 10 14 35 48 27 12  3 20 19 42  8  5 22 23 34  - 15 37  -  - 39 24 13 43 50 33
 42  3  -  - 16 47 10  2 27 28 33  - 23  -  7  5  - 45  - 35 19 32  - 30 17 44 43 18 37 11 46  - 31  - 38 50  6 20  -  9 41 14 12  8 22  -  - 21  - 29
 12  2 16 43 50  -  -  -  1 15 41  - 35 29  - 18  8  - 20 21 33  7 24  9 19  3 49 10 45 22 28 48  -  6 14  - 42 13 44 36 39 25 38 34  - 26 27 47 32 31
 45 47 23  - 41  - 34  3 31  5  - 22 20 50 32 42 30  - 15  -  6 28 27 36 49 24 19 39 13  4 37  2 48 18  1 21 44 14  - 40 11 43 16 46  -  7 12 10  9 38
  7  6 49 44 18  3  2 31  9 32  -  8 45 28 40  - 43  - 11 26 20 42 41  - 27 15 25 22 24 13 30 36 16  4 46 23 14 35  - 12 21 33 10 17 48  1 47  5 29 50
 22 37 40 48 30 19  - 49  - 44 46  6 31 18 35  2  - 15  - 42  - 12 20 10  3  - 16  - 11  9 26 47 21  5  7 24 33  - 50  1 25 41 29 45 28 43 14 17  8 27
 38 18 17 39  - 50 16 23  -  3  6 34 42 33 43  1  - 21  8 19  7  - 47 24 29 31  2 25 35 48 12 13 26  9  -  4  5 10 37 41 46  -  -  - 45 30 40  - 15 36
 19 25 20 14 36  8 11 10 21 37  4 45  9 42 17 40  - 22 26 28 43 47 30 18 35 49  6 33  - 31  -  -  -  - 50  1 34  - 32 38 27 24 41 29  7 48  3  2  - 16
 49  - 34  -  - 45 41 17 40 25 47  - 33 46  - 13 36  -  -  -  4  - 15 43  - 21 18 50  -  - 10  -  - 28  - 20  7 48 24  -  -  6 37  5 27 38 11  1 12  -
  - 24 10  -  - 11  - 47 37 30  5  9  - 32  - 17 39 41 50 20 12 44  7  4 18  - 40 36 26  - 19  - 43 35  2 42 23 45 15  8 33  - 46 27  -  -  - 38 25  -
 34 43 15 11 48  - 47 40 32 38 49 41 19 36  - 26  1 37 27 33 46 45  - 22 21  9 31 23 44  6  4 35  7  - 30 18  -  - 25 42 14  2 50  -  -  8 20 24  5 12
 40 30 28 25  - 21 22  -  -  - 20 12 41 35 19 34  7  2  - 43 10 24  - 49  4  - 29 15  -  8 31 37  -  1 18  -  9 11 13 48  - 39 23 36 38 47 16  3  -  6
