2000
  1 36  -  - 10 30  - 47 42 37 18  - 27 26 46 40 35  8 12 31  - 38 29 32 21  - 23 33  - 41  6 15  -  - 39 49  7 50 34 20 44  4 11  3  5 13  - 17  - 22
  - 43  -  - 21 42  -  6  - 38 29 20 45 44 33  - 25 50  7  1 19 23  - 36 35 46  - 26 41 34 16  4 37 47 30  8 48  3  9 11 13 15 28  5  2 22  - 27 18 31
 37 47  -  - 19  - 34 46 29  - 27 14 17 41 48 43  1 16 15 33 49  - 40  - 28 13  - 18 36  - 20  2 11  7 26 24 30 44  8  5 50 21 10  - 31 45 12 32 38 42
  7 31 21 41  6 34  5 14 16  - 47 15 18 13 32  - 11  -  9 28  -  -  - 27  3 23 50 24 25 45 37  1 38 29 49 30  4  8  - 22 10 43 39 17  - 33  - 19 20 26
 49 24 37 42  5  -  6 25 35  1 26 31  - 50 14 28  9 13 39 20  - 48 21 34 27 43 32  3 33 17 47 36 30  8 44  - 11 41 19 12 15 22  - 23 38 16 18  2 46  4
  - 30 41 43  -  - 11 13  - 18 32 42 21  1  -  8  - 35 45 24 47 28 46 31  - 48 16  9 37  -  - 22 10 20  - 29  - 36 26 50 40  6  7 25  4 15 23 38 39 14
 40 17 18 15 36 48 10 45  - 32  -  -  9  - 21 42  3  - 34 25 16  1  - 43 30 20 46 12 27 39 22 44 35 49 29  -  -  7  - 31  -  8  - 26  -  -  5  -  2 38
  - 35  - 40  -  -  - 22 30  - 21 39  -  - 27 45 50 14 38 18  -  - 32 17 20  -  7 19  - 11 49  -  6 13  4  - 42  - 44 15 34 33  - 31 23 26 48  3 41 43
 15 19 48 28  -  2 16  3 46 10 12 47  1 23 22 24  8 20  -  4 11 36 41 42 43 31 38  5 21 40  - 27 29  -  9 26 32  - 17  - 45 13 33 30  -  - 39  -  - 37
  -  7 43  1  -  - 45  4 27  - 50  3 32 11 20 18 47 23  6  - 15 13  9  -  -  - 44  - 19  - 39 37 33 22 41 34 10  -  -  - 25 12  - 16 48  -  2 36 49 30
  3 27  9  -  8 44  1 37 48  - 46  2 13 33 38 25 15  - 14  7 40 18 23 47  - 35  5 10 39 12 29 34 22  - 20 45 31  6 32 26 16 11 19 43  -  -  4 24 50  -
 33 48  5 47  - 17 22  7 21 23 34 29 49  -  1 32 31 28  -  -  9  - 37 44  -  - 36  8 50 20 26 39 13 41 45  - 25 12  - 24  4 40 15 35 46  -  3  -  6 27
 30  - 16 37 27 22  - 10 28 15 17  - 47  3  - 13 14 32  -  -  8  4  2  7 18 19  - 36 44 23 31  -  5  - 38  - 12 11  - 40 48 50 21  6  - 39 24 34  9  1
  - 22 38 45 47 20 36 16  4  -  -  7  - 28 42 48 26 11 19  -  - 24 13 40  - 27 18 35  8  -  - 31 25  6  - 32 15  5 39  3 12 23  -  1 37  2 43 29 21  -
  5  8 12 22 11 43  - 50  2 44  7 32 36 21 41 16 28 29 17 19 37 30  4 18 48 26 31  - 49  1 34 13  -  - 40 47 46  - 25  -  6 38 24  - 35 20 33 15 10  -
  -  -  - 29 15 50 25 41  - 26 38 21 20  6 17  1 22 33 31  3 43 42  7  4 36  8  2  - 18  5 19 47 49  9 46  - 24 23 14  - 39 35 13 12 27 28 44  - 16 34
 22 45 34 30 39  - 47 43 13 12 11  8  - 49 28  - 41 38  1  -  -  - 15 26  7 40 10 37 20  - 18  -  9 14  - 27 21 46 24  6 31 19  3  2 36  - 50 23  - 16
 24 14 15 36 18 10 13  5  1  - 44 26 23 38 39 29  -  -  8  2 33 17 31 41 40 49 20  -  7 35 32  - 42 45 22 19 34  - 16  -  9 27  4 21 12 46 28 43  3 11
  - 28  -  -  2  7  - 11 12 19  - 46 25  4  3 33 44 15 42 36  6 26 38 35 34 50  1 23 10  - 27 17 32 48  5 18 16 21 22 39 24 49  9  - 14 47  8 31  - 29
 28 15 32 44 13 26 38 40 17 47  6 25 42  2 12 30 37 18  - 43 46 35 20  - 14 29 19 11 48 33  - 23 39 10  - 21 45  9  1 34  - 16 22 36 24  - 41  7  4 50
  - 34 33  -  -  8 14 29 50 49  - 19 26 43 44 41 13 47 46 17 23 22 35 37  -  - 39  - 38 16 30  3  - 11 12  5 36  -  - 27  - 31 45  -  -  6 42  1 40  7
 31 29 42 27  - 19 50 21  5  7 20 28  - 12 30  9 46 37 36 41  1 25 24  -  6  -  -  -  3 44  -  - 40 32 16 23 13  - 15 33 26 17 43  - 10 34 11 47 14 18
 25  - 28 11  3 27 18 32 22 20 40 35  - 37 31 49 48 39 26 34 13 15  5 19  1  -  - 30  -  - 24 12 41 21  - 43  - 16  7  - 38 36 44  8 45  9 47 10 17 33
 19 33 45 34 24 21 27 49 38 17 22 18 29  - 15 35 10  5 47 32  - 14  3  - 31  - 37 50 12  9 28  - 26  1 13  - 23 39  -  8 11 44 42  4 41 48 40 20  -  2
 50 49  3  7  1 11 31 35  6 29  2 22 41  - 16 10  4 46 43 12  5  8 42 38 44 45 13 27  9 48  - 32  - 34  - 17 28  -  - 47 33 39 20 37  - 23 19 26 24 21
 11  3 22  - 29 36 43  - 40  2 49 17 48  - 34 14  -  -  - 45 12  6 26 10  8 44  4 31 47 15  9 33  7 24  -  - 37 13 27 46 35 41 32 42  - 21  1 39  5 20
  - 38  -  8 50 32  -  9  7  - 33  - 43 19  5  - 49 24 41  - 48 27  - 12 37 36  3  6  4 28 13  - 44 35  2  -  -  - 23 16  - 47 31 22  - 25  - 18 30 17
  - 39 20  - 22  -  - 15  9 34  - 24  3 36 50  - 42  7  -  8 10 40  1 28 13 17 47  4  6  - 11 46 45 26 21 12  2 37  - 43 18 30  -  -  - 38 25 35  - 44
  4 46 49  - 42  -  -  - 31  - 16 11 22  - 23 37  - 43  3  - 20 19  -  -  - 34 33 44 26 32 45 40  -  -  8 13  1  2 48  9  5 28 18  7  - 35 30  -  - 12
  -  1 35  - 28  9  2 30 26  -  8 33 37 48  - 23 24 31 11 40  7 46 44 16 17 41 12 45  - 19  5  -  3 50 34  4 20  - 43 13  -  - 38 47 15 49 29  - 27 25
  - 42 44  - 23 40 12 24 47 39 43 37 30 27 10 36 34  1 32 15 18 16 25 29  -  6 21 41  - 22  2  - 48 31 35  - 49 28  3 38  -  - 50 19 11 17 26  4 13  -
  2 12  8 16  - 23 29 39 33  - 10  5 24  9 36  - 30 26 21 47 31 11 50 20  4  3 48  - 13  7  - 35 34 15 27 44 19  - 45 25 37 32  - 41  -  - 17 28 22 40
 38 13  1  -  - 24  -  8 49 14  9 10 12 35  -  5  2 36 25  - 26 29  - 21 46 47  - 42 34  4 33 18 15  3 17  - 43 27 40 30  -  7 23 28 39  -  - 48  - 41
 12 18  -  -  - 33  - 20 19  - 23 30  - 32 47 44  7 10  - 16 36  -  -  3 42  - 41 43 24 26 38 21 28  4 25 31 27 48 50 17 29  5  8  -  1  - 34 13 15  6
 42  4  7 26 30 15  8  -  - 27 48 36 38 29 35 31 40  9 16 11 32  - 49 45  -  5 24 34 17 14 50 41 43  - 10 46  - 33 13  2 28  3 12 44  6  - 21 25 23  -
 35  - 36  - 45  5  9 26  - 31 28 48  6 22  4 39 19 41 40 23  3 44 47 46 49 14 27 13 43 37 42 30 17  - 11 15 38  1 20 18  8 10 29  -  - 12 16 33 25 24
  - 37  - 25 35 13 33 19 36 48  -  6  -  7 26 38  -  4 22 14 17 32 34  1 39  -  9 49  - 18 15 20  8 23 42 10 29  - 28 41 43  2  - 24  3  5  -  -  -  -
 46  - 50 23 12 28 17 44 25  3  - 49 31 20  - 26 33 34 30 27  - 45 18 39  -  4 43 15  -  - 35 38  -  - 32  1 41 47 21 29 42 37 48 14  -  7  6  9 11 19
  - 44  4  5 16 18  -  -  8 41 35 23 15 40 13  7 38 21 28 37 22 39 17 50  - 24 14 25  - 10 43 11 27 12 31 48  9 34  2 49  1 42  -  - 19  - 20 30  -  3
  8 41  2  9  7  - 32 31  - 45  3 16 19 25 29 11 12 27 24  - 14 34 33 13 23 10 49 20 15 50  -  6  4 43 47 28 22 17  5 48 30  - 35  -  -  -  - 40 44  -
 39  2 13 18 17  -  4 28 23 33  5  -  8 31 11 19 27 45 44 21 34  - 14 30 24 22  6  -  - 38 12  - 50 36  1 40  - 10 29 42  3  9 16 15 20  -  - 49  - 48
 23 25 39  4  -  - 48  2 18 42 31 27 40 45 43 15  - 12  -  - 50 20 36 49 47 37  - 17 29  -  3  5 19 38  7  -  8 24  -  - 22  1 41  - 33 10 14 11 28 35
 20 21 26 12 33  6  - 42  3 25 15 34 16  5  - 50  -  - 10 48 30  - 11  2 45 38 28 40  1  - 23 24 47 46  -  - 39 43 18  7 19 14 27  9 22  - 31  - 32 13
 34  9 17 48 14 49 20 33 15 13 36 38  - 39  -  3 29 40  4 26 42  - 22  -  2 18 30 21  -  - 41  8 16 28 43 35  5 19 10 32  - 25  1  - 44 27 46  - 47  -
 14 32 10 46 41  - 21 38 43  6  1 50 44 15  7 34  - 17 48 13 39  3 27 11 12  2 40 22  - 47 36 19 24 25 18 16  -  4 31 35 49 26 30 29  9  8 37  5 42 23
 47 11 46 13 34 39 49 48 37 36 42 12  - 18 24 22 21  3  - 44  4  7 30  -  5 33  8  - 31 27 25  -  -  - 23 20 26 35 38 28  - 29  6 10 40 41  - 45 43 15
 13  - 11  3 37 31 23 17 44 35 30  4 28 47 45 21 36 48 27  9 38  5  - 15 25  7 22 14 40  2  - 16 46 39 24  6  - 18 33  - 41 34 26  - 29  - 10  -  - 32
 36  5 25 10 20  3 19 18  - 16 37 44  7 17 49 46 45  - 33 39 29 21 43 23 26  1  - 38 11 42 14  9 31 27  6 50 47 30 12  4  - 48 34  - 32 24 13  - 35 28
 16 23  - 49 31  - 44  - 14  -  - 40 39 24  9  4  -  6  - 29  - 50  - 33  - 32  -  7 35 36 48 28 12 18 15 42 17 38 37  1 47 45  - 20 13  3 22 46 19  -
 43 16  6  -  4 38  7 12 11 46 39  9 33  -  - 47 23  2 29 22 27  - 19 48 15 21 42 28 14  8 10 26  - 40  -  3  - 45  -  - 32 24 25 13 17 30 35  -  1  5
