2000
 18  - 25 28 12  - 20 47  - 23  -  8 39 49  5  2 50 29 34 30 45 41 13  4 15 14 11 44 33  9 24 48 10 22 40 16  -  6  - 31 17 21  1  3 35 26 19 42  7  -
 31 44 24 13  -  - 18 48 10 39 25 38 30 47  - 17 19 37 32 14  1  -  7  -  - 26  9 23 22 29  - 49  4  - 16  - 20 43 35  8  - 15  2 21 40  5 33 12 11 42
  - 28 17 47 35 19  - 26  - 36 31 42  5 32 50  -  -  3  -  - 33 24  - 16 25 11 27 49 43 13 41  - 44 38 39  1 15 10 48 22 12  - 29  - 30  8  - 18 23 37
 45  -  -  - 39  - 35 11  6 12 36  - 28 30 37  - 41 26 42  -  -  -  -  2 29 34 23 31  9 22 38 43 46 16 19  -  3 40  -  - 49  - 25  7 33  - 17  -  5  -
  -  -  6 23  -  5 24 46 47 44  1 28 19 38 45 43  4 20 40 27  -  - 41  - 48 12  8  - 11 50 15  -  2  - 21 30 34 18 37 42 13  -  3 49 17  -  - 22 33 16
 33  - 21 30 10 23 45 36  3 13 48 31 35  - 19 12 28  - 39 29 44  -  -  -  8  1 38 41 49  4  - 34 50 15  6 22 42 11 25  - 37  2 14 27 24 20 32 43  9  -
 32  - 12 10 36 17 11  - 22 16 24 18 43  2  - 13 46  6 35 42 47  - 49  - 23 50 19 34 29 25  5  4 45 39 30 33  7 28 14  9  - 27  - 37 31 41 44 40 38 48
 34 15 50  6 21  3  - 14  - 11  9 13  - 26 25  - 29 18  - 48  2 49 36 22 46 19 20  - 37  7 44  1 16 32 33  - 39 31  -  5  4 35 30  8 28 40 23  - 24  -
  9 50 18 40 17 36 49  6  -  - 32 47 26 43 33  - 35 15  - 28 27  - 19 42  4  -  7 20 13 39  - 25 23  8 31  -  - 46 12  3 44 38 41  5 16 14  1 24 21  -
 10 32 49 41 27  -  7 13  -  - 39  9 50 37  6 19 40 45 44 24 25 43  5 18  -  -  - 46 31 42 17  -  1 29  2 14 23  - 22 11 16 33  -  - 12 15 47  8  -  -
 23  - 16 25  2 26  - 12  1 17 33 41  4 28  - 46 27  8 36 32 18 20 15  7  - 48 14 29 24  6 10 31  - 37 43  5 21 39  -  - 34 42 19 13 11 47  9 45 50 44
 43 23 10  -  -  8 42  - 18 15  - 17 13  -  4 16 25  - 41 20 49  1  -  9 22 33 50  -  5  - 37  -  7 47 46 38  - 26 36 34 28 31  - 48 21 11  2 35 32 19
 49  -  8 34 33 22 46 28 27 30 42 26 11  -  - 29  - 39 31 43 13 10 40 15 21 35 24  4  -  5  1 38 47 12 44 20 25  9  7 45 50 19 37 16 32  - 18  2 48 41
 35  -  -  4 43 33 13 23 40  3 19 37 20 29 18  8 10 44  6 22  -  9 32 17 14  -  -  - 27 47 48  -  - 24  -  2 36 34 50 28 39  -  7 11 15 46 49 30 16  -
  - 25 39  1 31 35 32  -  -  9 27 19  7  6 26 11  - 46 12 15 28 47 37  - 34 36  - 48  8  - 23  - 30  4  - 44 16 29 24 18 22 41 21 42  - 45  - 10  - 43
 22 17 28 50 20 24 16  5  8  1  - 11  3 45  7 15  - 10  2 37 38 46  9 44 32 13 40 25 12 36 42 19 43 34 27 23 29 30  4 21 31 39 26  -  6  - 41 33 18 35
  - 47 38 32 14 18 44  -  7  5  6 39 34 20  3  - 42 35 49 45 19 11 10 26 12 21 33  9 48  -  - 37 27 40 41 36 22  1  -  - 30 25 28 29 13  -  8 17 43  -
 25  - 19 14 23 40 15  9 26 32  7  5 49  - 11 38  - 30  - 33  3 27 24  - 16 39 35 45 42  2 36 41 37  6  4 13  - 48 18 50  -  -  -  - 22  1 43 31  -  8
 36 49 34  - 15 10 25 32  -  - 38  3  1  -  - 42  - 50  - 41 24 23  - 37 31 17 48  -  - 35  4  -  9 11 18 29  - 14 43 13  6  8  5 19 44 30 22 26 45 20
  - 45  3 31 41 13 47 33 14  - 35 16 21 11  9 40  - 24 30 44  - 34  4 43 37  -  - 28  -  8 19  6 39  - 29 27  1 36  -  -  7 23 22 25 18 50 42 32 17  2
 28  -  2 16 30  - 50 34 29 10 37 45 22 19  - 31  8 21 15 49  5  -  - 35  - 40 47 13 44 12  6 33  -  1 14  9 48  7  -  - 24 26 43 38  -  - 25 46  4 23
 38  - 37 49  - 44 30 41  -  - 50  -  6 10 47  1  -  5 28  2  8  - 31 45 40 46 15 43 23 16 18 35  3 14 25 24  - 20 39  4 27 12 36 33 34 22  -  7 26  9
 27 31 30 20  1 16 43  8  4  7 21 25 40 23 46 37 15  - 10 12 17 38  -  6  - 49 42  - 26 41 45 24 36 35 32 18 33 44  -  -  5 28 13 14 50 34 39  -  -  3
  7 42 44 35  -  1  8  -  2 14 34  - 32 24 13 23 36 40  -  9 11  - 18 21 45 37  5  -  - 10 27 12  -  3  - 43 49 47 41 29 20 17 46 15  -  -  4 50 31 38
  5 33  1 38  -  4 37 16 19  - 12 50 29 35 31  - 22  -  7  - 30 14  - 46 28  - 13  - 45 34  8 20  - 18 23 26 10 17 47 44 48 36  -  9 27 24 21 15 49 39
 29  1 23  -  - 12 26  - 50 45 40  -  -  - 30  -  - 34 17  8  4 44  - 41  3  - 31 24 28 15 11 22 21 19 35 25 38 13  9 43  2 37  - 32 10  -  - 48 47 49
 12  - 11  - 48 46 22 24 16  - 29 40 14  -  8 25 18  4  3  -  9  - 50 39  2 41 32  -  - 21 47 27 35 44  -  6 30 38 42 37 36 13 23 10 26 28 20 49 34  1
  4  -  -  8 29 28 40 25 49 41 26  6 17  5 12  9 33 31 21 39 22  - 27  3 30 45  1 35  - 38 34 16 42  - 11 37 44 32 10 15 47  - 50 18  7 23 24 14  2  -
 24 40 45 27 37 41  -  - 13  - 10 23  8  -  - 18  - 42  -  - 48  5  1 30 44  7 26  3 38 32 35  -  - 25  9  -  - 33  - 47 43 22  -  6 29  2 12  4 19 14
 26 24 29 44  -  7 36 42  9  - 13  -  - 12  - 27 32 17 19 25 46 33 23 48  5 20 30 16 34 49 43 45 31 28  1  - 50 22 11 38 14 18  8 41 39 37  -  -  -  4
  -  - 22 48  - 50 27 10 43  6 16  - 31 41 21 24  1 36  -  - 39 15 12 38  7 23 34  - 47 11 20 28 32  2 49 17  9 42 33 25  8  -  4 45  3 44 35  - 40 29
 21  - 26 11 49 39 17  - 33  8  -  4 18 34 22 36 13 28 14  -  - 37 16 23 35 32 43 42  7 19 50 30 29  - 48  - 41 25 38 46 40 44 27  -  9  - 45  3  1  6
  -  6 27 45  4 32  -  - 38 40 30 22 48 46 17 33 44  - 16 19  7  -  2 49 24  3  - 36 50  -  - 23 34 21  8 39  - 37 26  -  - 43  - 28  5 13 31 20 10  -
 37  -  - 17  8  2 34  1 31 19 45  - 44 25 41  -  -  - 33 21 29 35  3 24  - 30 16 50  - 20  9 18 15  5 13  - 26  -  6 14 46 47 48 22  -  -  - 36 27 11
 46 34 40 15 47 30 33  7 41 24  - 43  - 17 29 44  -  - 18  1  - 25 48 32  - 28  6  -  2  - 39 42  8  - 22  4 31  3  5 19 45 49 12  - 14  - 36 23 35 21
  2 22  4 19  - 11 12 27 36 34 47 33 45 50 24  -  - 41 38 23 43  - 30 40 42  9 28  - 18  3 14 21 25 17 20 48 46 15  - 32 35 29 31  - 49  -  5 13 37 10
  - 27 35  2 42  - 48 19  - 31 14 36 46 13  - 47  7 22 23  - 37  - 20  1 33 44 17 21  - 18 49  - 24 41 12  - 43  - 29 26 38  3  -  4  8  - 30 34  - 50
  - 16 43 46 34  6  - 17 30  - 22 48 33  1 20  7  3 25 24 38 36 50 26 31 27  4 21 11 39  - 29 15  5  - 10 47 40  -  2 35 32  9  - 12 19 49 37 28 14 18
  1  - 36 42  7 14 28  -  - 50 20 21 10 16 43  4  - 33 37  - 23  8 25 29 26 22 45 19 35  - 12 17 40 27 47  3  2 49 46  -  -  5 32 30 38  6 15 41 13 34
  -  -  9  -  - 47 21 37 17  4 46  1 36  - 49  - 20 23 48 31 34 28 38 11  6  -  -  - 14 45 26 29 18 33  7 50  5  -  8  - 19 40 35 43 25 32 10  - 44 12
  8 37  - 12  - 49  1  4 23 27 28 15  - 39 10 20 34 11 46 36 32 29 43  5 47 18 25  7 30 40 21 44  - 31  - 19  - 24 13 33  - 50 16 17 45  - 14  9 42 26
 11 10  7 39 26 29 41 15 24 37 44 34  9 22 48 35 43  -  4 16 40  - 21 36 38 47 46 14  1 23 13  8 19 30  5 32 18 50 45 49  - 20 42 31  -  -  -  6 28 25
  3  - 46  -  5 31  2  - 25 48 15 27 41  - 38 28 30 13 22 11 14  -  8 12  9  6 18 37 36 24 32 26  - 42 17 49 35 16 34 10 23  4 44  - 47 43 29  1 39 45
  - 18 20  - 44  - 39 21 37 46 23  -  -  9 40  5 24 14 29 34  - 45 33 13 19  8 22 26  4 28  3 50  -  - 15 42 27 12 30  6 11  7 10 35  1 17 16  - 41 32
 50 11 31  5  -  -  - 30 42  - 18 12  - 44 32  -  9 47  8 13  6 16 35 28 17 43  - 10 41  - 22  - 14 23 34  7 45 19 40 36 15  1 24  2 37 21  - 29 20 27
 17 35 33  -  -  9  3 29 39 43  4  - 24 48 27 26 37 49  1  - 15  2  6 50 20  - 41 22 32  - 16  -  -  7 36 21 47 45 28 30 25 11 38 34  - 12 46  5  8 40
 48  4 47 26 38 45 29  - 15  -  8 46 12 27 44 49 11  -  5  7  -  - 34 19  - 24  3 17 21  - 30 13 28  9 37 10  - 35 31  -  - 32  6 23 41  -  - 16 36  -
 44  9  -  3 50 25 19 49 48 26  2 35 23  7 34 22 47 32 45  5 16 30 14  - 43 29  - 40  - 27 33 10 12  - 24 28 13 41  1 20 21 46 18 39  4 31 11 38 15 17
  - 29  5  9  - 21  6  - 28 35 17 32 37  4 14 39 45 19 20  -  - 22 46 34 10 27  -  - 25 26 40  - 48  - 42 31  8 23 15  2  -  -  - 36 43  - 38 11 12  7
  6 12 14  -  9 20  5  - 44 18 41  -  -  8 42 34  -  - 26  - 21  - 22 25  1 31  - 47  3 43  7  - 17 45 28 11  4  - 23  - 10  - 39 40 46 33  - 19  -  -
