2000
 37  - 26 38  - 47  - 17 40  1 22 44  - 32 29 23  3 15 13  -  4 12 49  - 42  2 50  5 34 30  7 46  -  - 11 19 20 43  9  6  - 28 10 27  8 14 33 24 31 45
  - 38  - 39  -  6  - 20 46 34 40 31 24  3 37  - 28 30  - 18 42 44  - 19 49  8  2  -  -  5 10 32 50 14 35 29  -  1 41  9 12 16 25 23 21  - 27 15  4 22
  - 12  6 10  -  5 29  -  3 18  - 15 14 19  4 49  9 21  - 34  - 23 11 24 31  - 30 41 17 38  - 50  - 42 39 13 26 16 46 32 48 43  2  7  - 47  1 35 36  8
 32 13 50 42 11  - 46  5 30 29  - 47 10  - 22 31 27  - 36  7  - 40 21 25 35 12  4  3 45 17  -  - 16  9 26 38 43 20  - 39 19 41 24 33  - 48  8 34  6 28
 35  - 47 15 37 14 20 48 34  - 31 38 28 45  - 24  -  - 11  5 39 50 32 42  -  - 33  -  3 44 30 22 40  7 16  9 10  - 21  - 27 46  -  2  - 12 13 29 49 26
 45 40 37 16 22 31 14 34  7  8 13 17 25  - 42  - 19 47  - 33 28  - 48 46  9 27  6 35 10 50 15  -  3  2 18 12  4 39 32 30 24 44 23 26  -  1  - 21 29 49
 11  -  7 27  - 37 40  - 48 26 28  - 32 15 25 35 47 46 44  - 30 16 14  -  3 39  5 18 20 29 42  - 43  - 23  - 33  4 50 49  - 38 12 13 45 31 41 10  -  6
  -  8  - 21 46  -  6 38  4  - 15  - 20 22 31 10 39 27  - 35  - 17  - 48 14 19  -  1  - 42 34 30  - 47  9 37 23 28  5 33  - 40 36 29 32 26 44 25  7 12
  1 30 38 12 43 24 32  8 11 13 34  5  - 10 15 47 41  - 46 49 19 39  - 40  7 45 25  - 23 16  - 31 42  -  -  4 48 26 17  2 20 50  -  - 27  3  6  - 37  -
 50 37  5 20  -  -  7 10 19 16  8 27 22  - 45 26  - 14  - 15  - 35 41 43 39 23  - 49 36 48 47 17  4 18  6 34  9  2  - 31 21 32 28  -  - 44 12  -  -  -
 41  - 43 28 50 45  5 46 35 33  - 21  9 37 34 22  - 24  1 11 49 47  3 10  -  7  - 29 40 32  - 14 36 31 17 39 16 12  8  - 38 13 44 30 20 19 15  6 25  4
  - 42  - 48 36 28 34 44 37  - 11  - 40  8 26 32  -  -  - 19  -  2 23 17 24 22  - 43  - 14  - 49 47 10  3  - 29 46 18 25 15 30  4  5 12 21 45  1 35 16
  -  2 27 14 30 43 31 28 32 44  -  3 48 39 50 46 36  -  8 25 38 21  -  -  4 34  - 17  5  7 13 18 41 11 42  -  - 40 47 15  - 49  9 12 19 20 24 37 22 35
 36 14 46  6  3  - 13 21 45 28 30  -  - 48 23 37 50 43  - 10 12  - 25 27  - 41  -  - 32 26  - 11 39 20  2  - 35 17 44  5 22  -  8 49  -  -  9 47  1 31
 34  7 33  -  5  - 35 39 26  - 37  4 13  - 49  3 21 11  - 23  - 42 50 18 46  1 10  - 47 28 19  - 12 22 44 25  -  - 48 16 32 29  - 14 36 30 17 38 15 27
  4  - 45  -  - 39 48 26 41 10 23 40 31  - 11 38 17  3  -  - 34  1 47  6  -  - 19 13  8 33  - 25  - 50 14 18 15 22 43 27 49  7 35 36  5 37 42 44 30 20
 49  - 31 47  7 16 28 40 23 21  -  - 27 17 30  - 20  8 50 46  - 32 35 13  2 33 12 39 26 24  - 37 15  1 43 10  - 48 14  - 25 45  - 34 18  4  -  9 42  5
 19 31  4 33 29 21 23 11 49  - 46 50  5  - 38  - 25 10 22 40  8 48  - 39  - 37  3  2 41  -  - 16 28 24  -  6  - 27  - 45 13 15 42 18  - 32  7  - 44  -
  2  6 44  1 13 36 45 50 16 11 39 46 47  - 33 18 23 37  -  8 21 14 30  - 27  - 35 12  - 20 22 40 48 15  5 49 34  - 26 24  4  3 32 38 41 43 19 31  9 29
 24 36 21  -  - 25 38 37 31 40  9 43  -  -  - 20  2 49  - 50 27  - 17 30  -  - 47 11  - 15  4  5 14 26 45 28  8  -  7 44 39  - 22  3 48  6  - 12 23 41
 20  - 14 17 47 12 43 13 18  5 21 36 49 31  -  6 24 42  - 44 16 30 19  -  - 11 27  - 35 39  -  2  1 33  - 40 38 29  4 37 26  -  7 50  -  - 46  - 10  3
 47 27  - 36 45 20  8  3 22 49  7  9  - 38 40 19  - 50 32 31 48  -  - 14  6  - 44 37 12 41 18 15 30  4 28 16 17  -  - 29 46 24 43  -  - 25 34  -  5 33
  - 16  9  - 31  -  - 43 15 48 38 33 41 34 12 39  - 19  6  - 25 45 18 23 20 47 29 50 44 13  1  -  - 37 32  -  3  5 28  7 30 14 21 24 40 46  2  4 26  -
 46  - 16  - 49  8  - 35 10 25  -  1  3  - 18 30 42 36  -  4 14  9  - 38 13 26 31 23 22  - 40 24  6 48 15 20  - 32 37 41 34 33 27 19 29 11  -  2 17 43
  -  - 17  -  4 30 33 15 21  - 26 18 44 12 36  2 49  1 35 20 24  6  - 47 11 38 46 27  - 25 31  3 34 23  7 48  - 14 45 28 10  - 16 37 42 39 32  8 41 50
 21 26  8  7  2 49 11 18  - 39  - 13  4  5  - 44  - 34 27 30 37  -  6 35 41 14  - 46  - 12 32 10  - 38 19 24 47  9 31 40  - 42 50  -  - 22  -  - 28  1
 40 33 15 11 32 50  2  7 14 42 18 25 37  -  6  -  - 13  -  - 36 41  - 12 26  9 45  -  4 10  - 47 17  8 21  -  -  -  1 34  -  -  3 44 23  - 20 49 48 46
 12 39 48 50  - 32  - 29 33 36 14 49  6  - 19 42 43 18  7  3 23 38 15 37  - 31 28  4  - 27  2 45  5 44  - 47  1 21  -  -  - 20 13 22 10 24 30 40  8  -
 13 32 40 22 38 34 37  4  8 24 27 26  1 50 39 17 30  - 43 28 46 20 16 33  -  -  9 19  6  3 36 48 10 49  - 14 12 44 23  - 35  - 29 21 25  5 31 41  -  -
  -  3 42 30  8  9  - 47 36 15  5 12 23 29 20  - 44  - 48 41 32 31 39 26 28 24 34 22 19 18 16 13  - 43  4 45 25  6  - 46 50  -  - 35 37 17 10  -  - 38
 22  - 32  - 20  - 16 14  6  -  - 34 50  7 17  5 38 48 24 29  2  - 45  9  - 30  - 15 28  1 11 43  - 36 27  3 42 49 13 12 33 26  - 31 35 18 40  - 21 19
 15  - 34 18 23  2  3  6 50 27 19  - 12  9 10 21  - 17  4 32 26  -  8  - 25 40 24  - 48  - 49  1 29 13 20  5 30 36 35 14  7 47 11 41 38 16  - 39  - 42
  -  9 23 19  1 42 39  -  2  4  -  8 11  - 44  -  5 29 45 47  - 22 37 20 38 48 49  -  7 46 41 28  - 21  - 27 18 13 25 10 16 36 26 17 31  - 35 32 50 15
  - 23 18 35 17 26 44 49  -  2 45 14 46 24 48  7 16 40 47  -  - 37  9  4 43 36 32 10 15  8 29  6 31 25 12 33 39  3 27 38 11  - 41  -  -  - 22 42 19 21
 27 24 49  - 16 35 50 22  - 46 20 28  7 47 41 45  - 33  3 12 17  5 31 29 34 25 18 21 42  4 23 44  2  -  1 30 32 15 39 36 40  6  -  8  9 13 11 48 43 14
  7 49 11 45 40 38  - 23 43 19 10 48 30 44 14 15 31  - 26  9 47 34 24  8  1  6 22 33  - 21 12 36 20 28 13 42  - 37  - 17  - 35  5 39 46 41 50 27  - 25
 23 21 10 25 34  - 12  - 27  7 17 29 18 41 35  - 14  9  - 45  5 49  -  1  - 44 16  6 24  -  - 42 26  -  8 11 50 31 36 22 47  4 20  - 43  - 38 28 39  2
 17 34  - 23 15  - 27 19 24  3 47  - 45 14  -  - 26  -  - 42  9  7  - 22 40  - 36  - 30  6  -  -  -  - 31 43 28 33  2 50 37 12 39  -  -  -  - 16 38 11
 28  -  -  - 18 46 19 36 29 20 25  2 42 13  7 40  - 16 41 37 15 11 33 44 21 35 14  - 38 23 43 26  9  6 24 50 49 34 22  8  3 10 30 47 17 27  4  5  - 39
 26 10 22 37  -  - 36  2  1  - 16  - 17  - 13 28  - 12 23  - 41 27  4  -  - 49  8 20  9 40 24  7 18  3 48 46 19 25  -  -  - 31 38 32 44 35 14  - 34 47
 30 11 13  3 10 17  9 31 25 32 12  -  - 36 27 33  6  4 21 48  7 26  -  - 44  - 43 45  - 34 14 29 19 46 22  - 41 35 24 18 28  5 40  1 49 42 47 20 16 37
  8  4 29 13 28  -  -  1 39 41 35  6 15  - 47 25 45  -  - 16 22  - 12 34 36  3 48 26 50 43 20 21 49 27 33 44 24 38 10  - 17  9 31 11  2  7 23 18 14 32
  6 15  1  - 19 13 24 42  5 22  -  - 34 18  - 12 46 41 39 38 31 25  - 49  - 28  - 40 14 47 35  9 44  - 37  - 21 50  3  -  2 27  - 10  7 29  - 26 32 23
 39 29 19  9 12 23 21 32  -  -  -  - 33 40 46  4 34 26 30 14 10 43  1  5 22 13 37  - 31 49 50 20  - 45 41  - 36  - 38 48  6  - 18 16  -  - 28  3 47 44
  - 20 39  5 33  - 22 41 13 14 36 19 38 23 16  8  -  7  -  2 40 18 27 32 17 43  1 31 37 35  - 12 45 30 25 21 44 47 42  4 29 11  6 48 26  -  - 50  - 34
 10 50 41 32  - 18 30 45 12 23  6 24 36  4  3 48  7 28 31 26 44  - 42 15  - 16  -  - 21 22 17 33 38 35 29  - 27 11  -  - 14 25 46 43 47  9  - 19 20 13
 16 43  3 41 24  7 26 27 44 45 32  -  - 49  2 34  4  - 19 13 35  - 46 11 33  - 21 14  1  9 25 39 22  5 38 31  6  - 40 47 42 37 15 28 50 36 18  - 12 48
 18 46 28 29  6 48 49 25 47 38  1  - 43 42  -  9  - 31  5 39 20 15 36  3 45 50 23  7  2  - 21 34 33 40 10 32  - 41 19 13 44 17 14  4 16  8 26 22 27 30
  - 48 30 24 14 22 41  9 42 47  4 10  - 25 28 36 37 38 34 17 11 19 13  - 32  5 20  - 49  2  8 27 35  - 50 26 46 45  -  3  - 39  1 15 33 23  -  7 18 40
 31 47  -  8 44 33 15 16  9 17  -  - 26  -  5 50 40 22 14 27 29  - 43  2 37 32  7 42 46 19 45  - 21 39 49 35 11 18 12  -  - 48  -  -  4  -  - 36  - 10
