2000
 36 18 19 33  - 45  - 21  - 47  - 41  7 12 17  1 13 20  5 39 26  2 31 23 40 11 50 48 30  8 16  - 29  - 32 28 44  - 24 22  9 49 14  4 38  -  - 25 46 34
  2 24 36  7 37 20  - 12 45 14  3  1  9  - 28  - 44 43 16 49 19 18  -  -  -  -  5 46 22 31 34 32 47 23  6 33  - 40  - 50 17 13 15  8 41 42  - 11 27 25
 48 31 45  - 18 46  9  - 16 43  -  - 42 21 30  4 47 37 40 26  - 24  6 22 27 36 17  8  2 38 28 23 11 44  - 50 13 10 14 25 15  3 33 41 32 49 34 20  1  5
  -  -  -  - 24 19  - 13 34  2  -  -  - 20 47  9  8 31 25 12 43 28 27 15 21 46 44  3 18 10  7 33  - 42 14  -  1 17 26  5 48 22  -  - 36 41 23 32 40  4
 44 45 39 11 23  7  - 41 42 30  - 34  - 32 14 37 17 29  - 21 33 35  5 13 22 19 38 27 36  9  - 24  -  - 31 10 25 28 48 26 20  8  - 18  6 43 49 50  - 16
  -  6 46 18 20 25 28  - 11 31 35  - 21 36 45 12  -  5 13 24 27 16  - 33 48  - 49 32 15 29  -  7  - 19 26  1 39 50 22  3 42 34 37  - 10 17 44  8 41  -
 29 17 38 26 16 48 31 40 21 34 36 33 27 46 50 14  6 11  -  7 15 49  4 18  1  5  8  - 44 19  - 22 43 12 41 25  2 42 35 32 28 20 45  9 39 24 30 13  - 47
 33  - 50 48  -  -  - 32  9 45 20  8 28  6 41 49  - 35 44 13  1 37 24  - 39  - 14 25  3 46 38 30  - 43  - 36 40  -  2 12 31  - 26 19 15  - 18 17 22 21
  - 23 22 29  3 13 25 34  8 12  - 43 46 11 10 47 35  4 26 36 44  1  - 19  9  - 39 40 42 41 17 31 37 15 45 27  5 16 18  -  - 14  7 24 50 33 32 28 49  -
  - 37 14 15 47  -  6  - 12  -  - 29  -  -  -  - 34 23  9 48 28 32  - 24 45 35  - 18 31  -  8 44  -  -  3 26 22 41 46 13 39 19  -  - 20 25  4 40 38 42
 45  -  7 16  - 40 47  - 29 49 19 50 41 39 24 46 26  - 27 20 34 36  2 25 15  8 13  - 17  -  1 21  - 31  4 38 32 14 30  - 18  6 22  -  3 28 42 48 44 33
 16  - 11 20  7 22  - 45  5 26 18 10 38 13  - 31 49  -  - 42 24 17 50 21 23  - 19  4  -  - 39  - 48 40  - 41 34 36 27  - 12 15  8  3 47 29  2  6 43  -
 42 13 25  - 39 50  8 37 38  - 46  2  4 18  - 33 32  1 41 43  3 44 10 28  6 47  - 34  -  - 19 15  5  - 27 21 26 23 17 35 29 36  - 30 48  - 12 14 31  -
  - 44  5 13  6 36  - 30 39  -  - 17 19  - 21  - 38 40 37  - 46 45  9 34 11  - 31 49 33  -  -  1  7 29  2 24 43 48 16 18 23  -  - 25  - 32 20 41 10 27
 13 40 28  - 48  - 18 20 27  6 26 32 50 42 16 19 39 22 29 37  - 15 25  - 35 30 33  7 38 17  5  8  - 11 36 46  - 45  4 34 44 10  - 14  1 21  - 12  - 31
  - 42 47  - 21  9 26 15 14 29 28 49  1  2  - 27  -  -  - 23 22 31  -  - 41  -  4  6 11 44 13 20 39 16 34  5 48 18  7 30 37 25 38 17  - 36  - 35 33  8
  -  - 16 23  -  - 48 11  4 19  -  - 44 43 25 50 27 34 18  5  9 13 37 12 17 41  - 39 24  -  6 36 20 14 42  -  - 21  - 28 49  - 29 22 33 40  1  2  8  -
  - 48 27 37 28 31 44  5 17 38 13  6 25  1 29  -  - 39 24 41 20 40 45  -  - 12  - 47  - 35 50 43  2 49 19 30 14 26  - 21 36 23  3  7  - 46 11  - 16 15
 31 47 32  -  - 39  2 33 26 16  - 27 12  -  - 18  3  8  -  - 42 22 36 45  - 50  1  - 21 13 48 28 35  - 29 20  - 30  - 23  -  7 19  - 25 15 40  - 17  6
 11 43 44  -  4 29 36  -  3  - 40 15 13 38  - 39 19 33 48 30  2 41 18  5  -  9 21 28  8 45  - 37 49  - 16  - 46 34 23  1 50  - 32 20  -  6 17 24 42 22
 41  1 49 30  - 21  5  - 48  -  6  - 35  -  4 43 15  -  8  - 18  9 13 36 34 28 23 38 27  -  - 47 45 37 22 14  3  - 31 19 16 39 40 10  - 12  - 42 29  -
 21 34 20  2 31 32  1  3  - 24 15 35 11 37 39 23  - 16  -  6 41  5  - 38 18 29 36 12  - 22 26 42  8 47 48 40 27 25 50 49  4 17 13 28 30 45 33 46  7 19
  5 21 34 39 13 15 27 17  -  1 25 30  8 40 22  -  2  - 33  - 49  -  3  - 31 20  6 44 47  - 41 46 18 35 28 43  9 19 10 14  7 24 16  -  4  - 29 38  - 23
  1 10  - 45  9 33 41 16 18 32  2 44 36 34  - 24 23 21 19 29  -  -  - 46 25 38 30  - 40  - 11  5 22  7  - 42 31  -  - 15  - 28  6 26  -  4  3 47 14 12
 47 36  -  - 27 16 22 28 19 10 32 42 18  - 23  6 24 15  4 34 13 50 41 43 20  1 26 29  5  - 14  - 31  9 11  - 35  - 12 45 30 40  - 39  -  -  7 37  2 44
  -  -  - 50  -  - 20  -  -  - 43 21 30 14 15  5  1  - 42  -  -  7 23  - 26  -  - 22 48  4 36  6 16 45  -  - 47 33 13  -  3 44  - 34 29  - 38 31 12 28
 32  5  8 41 44 27  - 19 50 23  4  -  6  -  - 36 21 30 20 31  -  - 39  7  - 26  -  -  -  - 45 25  - 28 49 37  -  -  - 42 46  9  -  - 35  - 16  3 13 38
  - 28 31 34 17 49  -  4  1 40 37  3 39 41  9 21  - 38 50 44 10 46 48 29 36  - 15 16 35  -  - 11  - 13  - 23 12  8  - 20  - 30 25 33 18 47  5 22  - 26
  9 15 18 17 29 12  7 46 22  5 27 16  - 30  - 28 10 36 21 40 38 33 34 11 49  3 25 23  - 39  - 48 26  - 20  2  4  - 44 47  - 32 41 42 45 31 14 19 35  1
 39 50  1  3 36 47 12  6  - 25 29  9 48  8 46 15  -  7 31 32  5 30 22 40 10 34 42 19  4 11  - 45  -  -  - 18 17 37 38 16 24 41 27  - 26 20 13 43 21 49
 17 41  3 27 35  1 45 22 32  9 16 36 24  - 42  2 25 46 11 47 40 21 30 50 44  -  7  5 43 23 18 38  6 34 33 12 19 49 20 10 13 31  - 48 28  -  8 29 15 37
  - 22  4  5 11 24 13 39  - 42  - 37 40  - 32 17  - 27 49  - 48 12 16 10  8 21 34 26 19 14  -  2 28  - 23 45 50 35 25 38  6  1 44 29  -  3 41 36 30  7
 19 49 12 42 26  8 37  - 25  -  9 23 33 16 11 48 45  3 17  2  -  - 46  -  -  6  - 41  - 24  -  - 50 39 15  - 18 20 43 29 34 27 21 31 13  1 22  7 28 14
  7 19  9 47 15  6 42  - 28 41 38  - 26  -  - 34 20 18 46 25 14 43 35 17  3 27 48  - 12  - 23  4 40 36  5 16  - 31  - 11  - 21 10  -  8  - 39 33 50  2
 40  7 21 24 22 14 17 27 10 33 50  4 32  - 38 45 46 49 35 28 47 29 11 42 12  - 20  2 26 30  3  -  9 41  - 48 36 15  -  8 25  - 39 23  -  5 43 44  - 13
  - 39 30  - 10 37 50 26 47  - 45 28 17 22 48 13 11  6  2 35  7 19 33  1 14 42 12 24 20  - 32 29 25 38  -  -  8 44  9 31 41 16  5  - 21 23 27 49 18  3
 22 26 35 19 12  5 34 49 24 20  - 47 23 17  8 41  7  -  - 16 29  4  - 39  2 31 28 45  -  - 33 27 46 48 40 44 37  -  - 43 10 50 18 21  -  - 36  1 25  -
  3  9 41 36 50 26 46 14  - 37  - 12 49 10 40  8 16 25 34 38 35  - 28 48  4 15 29 42 23  7  - 19 33  1  - 17 21 32 47 44 22 45  - 27  -  2  -  -  - 20
 23  - 15 12  2 35  - 18 36 48  8  -  - 27  -  - 41 44  - 33  - 25 38 14 46 40 11 10 50 28  -  - 42 32 43 39  6 47 19 24  -  5 17 13  - 22  -  9  4 45
 24  8  6  4 40 10 38 43  - 18 34 45  - 44 33  -  5 17 47  - 37 27  - 31  -  - 41  - 29 15 12 35  3  - 25 22  7 11 49  - 19  2 42 16 23 30  9 21 48 50
 38 27 23 21 41 11 32  -  - 46  - 25 37  3 44 16 18 42 22  9  4 10 15 35 33 13 40  - 14  - 49 12 24 30 39  - 20  1  5  - 26 29 28  -  - 19 50 45 36 17
  -  - 43 38  8 17 39 48 20 15 14 18 29  -  2  - 12 13 30 46 25 26 44 41 19 24 16 50  - 47 22 34 10  3 21 49 42  5 36  4  -  - 31  1 37  -  - 23 11  -
  8 20 42  1 25  - 24 38  2  4 30 13  5 45  -  - 22 12 28 15  - 23  7 37  - 33  - 31 49 16 21 14 36 26 18 32 11  3 34 46  - 48 47 44 17 39 19 10  9 40
 37 16 29  8  -  3 19  -  - 28  5 24  -  7 31 35  4  -  - 50 32 39  -  6 42 22 43 11 10  - 46 18 12 25 17 47 23  - 21 36 14 33 34 40  - 13 48  - 20  -
 28  - 17  9 19  - 15  - 31 11 23  5 22  4 34 38 48 47 39  1 16  - 21  2 50  - 32 20 45 33 35  -  -  6  8  - 10 29  3 40 43 37 12 49 44  7 25  -  -  -
  - 30 10 22 34 44 40 50 49 13 41 48 14 25 27  3 29  - 32 19  - 20  8 47 38 45  2 15 28  5  9 26  - 17 37  6 16  - 42  7 33  - 43 46 12 35  - 39  - 36
  -  -  - 31  -  - 33 23  - 50 48 14 10  5 43 44  - 32 36  3 17 11 12  8 13 49 24 21 41 42 20  - 30 18 35  9 28 22 40 27  - 46  1 15  7  - 45 16  - 29
 34  2  - 28  - 38 23  - 41  - 12  - 47 15 19  7 31  - 14  4 45  8 49 44 16 25 27 33 37 20 24 50 13 22 10 11 29  -  1 17 21 43 36 32 40 18 35  5  6 39
 20  - 24  - 49 28 29 35 40 21 17 11  2 31  1 25 50 19  - 45  6 34 47 16  7 14  - 30  - 18 27 10 32  8  -  - 41 13 33  9  - 42 23 36  - 48 15 26 37 43
 43  - 26 32 46  4 49 24 33 39 22  7 31 23 35 11 36 41  6  8 30  3 42 20 29 17  9  1 25  2  - 13 44 21 12 34 45 27 28 48 40 38 50 37 19 16  - 15  5 18
