2000
 14 42  4 31  - 40 19  8 39 27  -  -  - 11  6 34 41  3  - 12  -  -  - 35  - 13 22 37 50 18 25 32 46 28  - 48 44 17 16  1  -  - 49 33 30  - 23 45 24 15
 36 47  - 18 19  5  -  -  7 31 21  - 17  -  - 28  3 39  - 50 43  6 41 15  9 16 14 45  -  - 22 38 30 40  - 26 49  - 48  -  - 29 44 34 46  - 10 32  -  1
 22 13 41 29 26  -  -  -  4 28 27  - 20  7 19 43 33 31 30 14 38 37 49  6  1 25 39  - 18  - 46  - 50  - 34 23 21  - 17  - 12 48 15  8 11  - 45  - 32 24
 38 14 24  1 50  7 15 33 44  6  - 46  - 37 21 47  5 10  8 17  3  - 26 45  4 28 32  -  9  -  - 35 29  2 25 13 12  - 31 19 34 16 39 40 36 22  -  -  - 23
 43 20  - 15 34  3 35 32 19 24 38  - 44  8 30  1  2  -  -  9 49 27 10 50 41 40 21 16  - 28  -  - 45 12 17 31  - 29  -  4  -  6  - 14 26  5 22 18 36  -
 47 46  - 19 28 41  - 30  8 38 39 44 15 31 43  -  -  4 49 40  - 26 36  2 22 23 18 35 32  7 48 21  1 25 24 42 34  - 14  -  6 33 37 45 20 13  3 12  9 27
 44 39  9  7  4 21 27  5 34  - 42  -  - 20  3 50 24 15 43 41 31 35 45  8 17 22 26 32  - 48  - 13 10 18 49 12 37 33  - 36 23 25  - 46 28 30  6  -  1 40
 15 40  - 48 49 17 21 12 26 45  - 11 35  - 13  4  - 37 38  - 50  2 28  -  5 33 36 46  1 42 41 34 23  - 19  6  7 14  -  - 31 10 16 39 32 44 20 27 18 43
  - 25 12 38  1 49  -  -  5  9 50  -  - 30 34 18 22 14  -  -  6  3 19  - 48 37 35 33 45  4 42 24 20 16  8 36 41 46  7 21 44 15 31 10 13 29 39 26  -  -
 48  - 46 32  - 11 47 27  - 12 16  9  -  5  - 39 40 17 19  2 28 41 50  -  -  3  - 18 13 38 15 25 14 29 31 44 45 23 43  -  - 36 34  -  -  1  7 37 21  6
 41  7 39 14  - 30  4 25 12 44 33 49 10  1  - 17 47 38 15 45 13 31 11 29 37  -  - 50 21 34 16 19  - 24 43 32 20  - 23 26 46 18  2  -  6  8 36  3 35 48
  3 18 28 20  - 37 10 34 49  -  -  7 48 17  - 23 13 21  2 47 36  - 29  - 39 45 46  - 44 40  - 30  - 26 33 38  5  - 11 41  1 42  - 31 43 14  - 22 19 35
  7  2 44 22 15 48 42 43 17 10 14 18 47 27 32 31  - 26  6  - 16 28  -  4 24 12 25  - 33  - 45  8  9 37 11  -  - 34 38 46  3  - 41 30 40  -  5 29 39 49
 29 49 18 46 39  - 17 15  - 41 26  1  -  -  2 44 42 23 22  - 47 36 48 33 21  -  4  - 11 43  8 50 24 32 35 19 30  6 28  5 16 12 10 27  -  3 37 14 40 13
 46 21 19 50 31 34 28 40 38 22 36 37 29 45 44  3  - 43  -  1 30 32 20 39 35  -  - 27 41 10  -  -  4 11  7  -  - 25 42  9  - 14  - 18  -  6 48 13 23  5
  -  8 40  - 33  -  2 50 24 16 34 27 43  - 36  - 25 45  - 29  -  7 47 22 44 30 20  - 35 11  - 15 31  1 28 37 18 19 39 14 32  9  4 42 23 17 49 38  3  -
 32 48 42 44 18  - 16  3  - 34 45  2 19 24  -  7 37  - 35 46  - 21  - 11 49 29 27  4 43  - 13 39  - 47  1 30 10 28 22  6 15 31 25 36  5 26 38 41  - 12
  - 33  - 12  - 35  6 21 27  4 30 19 39 22  -  9  7 48 24  - 44 16 42 46 43 14 47  - 26 20 17 23  - 45  - 18 38 11 41 13 10 37  3 32 25 15  - 40  2 34
  -  - 43 41  5  6 25 46 16 39  1  -  - 14  9 11 38 32 12 22 24 23  -  -  - 36 40 19 42 45 31 47 27 44  2  - 33  - 49 18 48 34 26  4 37 35 15  -  7 10
  -  - 45 37 20 36  -  -  9 46 48 32 31  2  - 14  8 22 26  -  1 24  4 25 34 41  - 42 12 19 30  6  3  - 29 17 16 44  - 15 39  - 40  - 21 27 47  - 49 28
 42  -  6 40 23 20 30 48 22  -  9 28  4 46 16  -  - 34  - 18 19 49  3  - 50 39  5 29  8 21 38 14 33 36 47 15  -  7 44 32  -  -  - 13  2 45 24  - 17 25
 39  -  3  4  -  - 37 11 36 18 25 14  -  - 28 46 30 24 50  -  - 44 31  1 10  6  - 13  7  5 32 20  - 15 16 43 29 26  2 49 45 40 27 22  9  - 42  - 12  8
 31  5 15 49 44 22 32  - 37 19 17  -  8 40  7 41  6 25 36  4 14  - 34 23 28  - 43 12 39  1 50 10 18 33 45 47  -  9  3  - 35  - 30 21 38 48 29 46 16  -
 17  4 16 43 32 27 39 23 14  7 37 33 36 49 25 15 48 42 41 30  - 45 13 10 20 19 44  - 34  8 28  1  -  6  -  - 40  3  5  -  - 46 35  2 47 38 11 50 31 22
 37  1 14 42 21  8 44  - 18 13 43 23 46 33  5 20  - 41 31 11 32  - 25 38 40  - 29  9 27  2 10 22  7 19 39 28  - 49 34 50  -  4 12  -  - 47 35  6  - 16
  9 37 30 17 25  -  1  6  - 50 23  - 42  4 22  - 39  7  -  -  -  8 32 36 45 31 12  3 15  - 35 49  - 38 46 24 27 43 10 28 33  -  - 16 41  -  -  - 44 19
 50  3 49 25  - 32  - 31  - 43 22 30 28 23  - 40  - 36 11 39 45  - 46 19 12 44 42  7  6  - 21  - 47  8 41 27 14 18 15 33  5 13  1  - 29  4  2 16 48 38
 35 36  -  - 11 14  -  1 31 21 29 25 27 47 33  - 18  6 17 32 46 48 22 13 30  2 10  - 49  -  3 43 34  9 42 16 26 24 37 23  4 41 28 20 19 39 50  - 38  -
 26 17 22  -  2 15 33  - 11 42  8 41  - 35  - 45 43 28  -  3 40 47 27 14 18 21 31 20 16 29  6 37 48 13 32  5  9 38  - 12  -  7 23 24 50 25  - 36 34 46
 25 31 13 26 46 43  8 36  3  2 18 15 14 50 11 42 20  -  7 33  - 29 12  - 16 48 41 17  4 23  -  5 35 49  -  -  6 10 21 30 22 38 32  9  - 28 40 39 47 45
 12 32 50  6 47 16 18  - 20 14  -  - 24 41  - 22 26  -  1 49  8 38  5  3 27 15  -  - 28 33 40 44 13 48  4 11 36 30  - 37 42 17 29  - 31 19  - 21  -  7
  - 16 34 35 45 26 20  9 46 36 41  -  5 38 49  -  - 27 32 42 25  - 17  -  3  - 15  1 24 13  7  - 39  4 12 33 47  2 30 44 40  8 22 37 18 10 19 23 14 29
 24  6  -  -  - 25 29 19 21 49 31  3 32 44  - 16  -  9 13 48  4 46 43  - 42 17  - 22 37 27  - 40  -  5  -  -  1 15 36  2 30 47 11 41 35 18 34  7 50  -
  6 43 17  2 22 33 36 29 32 47 44  8 50  - 45 49 19 13 16 15 35 12  9 37 46 11 48 14 10 24  1  - 25 41 30 34 23 31 40  - 38 28 42  -  4  7 27 20  - 21
 23 38 27 34  -  2  - 22  - 25 19 29 13 16  -  - 49  -  4  -  - 18  6 41  - 10 11 39  - 17 20 12 37 46  - 40 43 42 35 48 14  1  7 15 45  - 31 44 28 30
 45 41 11  5 27 19 48 42 33 32  7  6 12 10 38 21  -  1  - 44  - 50 24 16 15  - 30 34 47 49  -  9 43  - 26  4  - 37  8 22 28  - 20  -  -  2 13 31 29  -
 34 19 32 27  8  - 11 26 28  1  5  -  - 43 31 38 17 49 20 10 18 15 33 44 14 47  - 41 22 39  9 36  2 30  6  - 42 13 45  7 29  - 48 35  - 37  -  -  -  3
  1  - 29 23 13 47 14 49 42  - 35 45  - 28 37 30 50 40 27 16 15 17 18 32  - 46 38 11 25 36  4 48 41  3 22 21  2  - 20 43 26  -  9  -  8 12 44  - 10 31
 16 12  - 24  -  4 43  - 40  - 49  5  - 29  - 10 32  - 14  - 42  - 37  -  - 35  - 15 46 26 44 27 38 21  - 22  8 36  6 47 11 45 13  - 39  -  9  2  - 33
 33 22 31  3 43 24  - 45 23  - 32 13  1  6 47  2  -  8 44 19  - 25  - 40  -  9  7 48  5 30  -  -  - 39 36 46 28 20  4 34 18 27 50 29  -  - 26 10  -  -
  - 50 10  - 16 42  -  - 43 26 11 36 37 13 29  - 31 44 25 20 22 14 30 21  2 34  - 23 19  - 47 33 15  - 48 41  -  - 18 24 27 49  5 38  1 46 12  8  4  9
 19 24  2 10 14 45  - 20 29 23 46  -  - 39 15 35 27 18 37  - 12 33 40 31 11 32  1  - 30  9 34  4 22 17 38  3 13  -  - 42 50 44 47  - 16 21 28 49 43  -
  8 44 37 39 17 46  - 16  1  3  -  - 21 15 35 27  4  - 48 28  9  -  2  7 19  -  - 31 14 25  - 29 36 34 13 10 50 41 26 38 47 30 45  - 33 23 32 42 20 18
  5 15 26 13  - 12  - 28  - 20  - 38  - 19  8 25 21 16 45 36 48 22 35  9  6  7 37 30 29 46  -  - 11 42  - 50 17  4 24  - 49 43 18 47 27  -  1 34  - 14
 27 23 21 47  -  1 38  -  2  - 13 40 34 42 14  -  - 29  9 43 11  5 15  -  8 49 50 28 48  -  - 17 26 20 37 45 24 39  - 16  7  -  - 44  3 31 41 25  6  4
 21  9  - 33  -  - 31  7  - 48 12  - 30 18 41 36  -  5  -  - 29  4  8 49 26 38 13 10  - 16 14 28  - 50  - 20 22  1 32 27  2 19 24 43 15 11  - 17 25 47
  - 28 20 11 12 29 26 38  6 40  3 22 41 21 18  8 36 46 33 24 27 39  -  5 25  1 45 47 31 15  - 16 42 43 14  - 48 32 13 10  9 23  -  -  7 34 17 35  -  -
 10 11 38 36 37  - 24  - 15  5  2 50 26 32 48  - 29 33 18 35 39 34  - 27 47  -  6  8  -  - 19 45 44 23  9 14 46 40 12  3 25 21 17  7 49 43 30  - 22 42
 28 30  -  9 41 13 49  4 35 11 15  - 16 12 39 37 34  2  5  -  7 42  - 20 36 43 19  -  -  -  - 46 21 31  3  - 32 47 27  -  8 24  6  1 14 40 33 48 26 50
 20 45 35  - 30 50 46 14 48  - 28 31  9 36 17 24 10 12  3  - 34  1 39 47  - 26  2 43 40  -  - 11 49 27 15  7  4 21 19 25 37 32  -  5 22 42 18 33  -  -
