2000
 12 47  -  - 38  1 40 27  9 13 16  8  -  -  -  - 26 17 39 32 23 25  - 42  - 15 50 36 10 18 20  3 48 11 30 34 37 44 22  - 31 24 21  - 43 33  - 46  - 45
  - 34 39  -  - 50 30 32 36  9 47 21 43 14  -  - 42 28 20  - 12  - 18  1 31 25 23 16 37  -  4  - 29 13 33 35  - 49 17  - 38 22 27 45  8  -  6  7 11  -
  6 15 34  - 39  - 48  - 49 22  - 33 38 11 36 10  8  4 37 12  - 50  -  7 25 21 43 47 26 31 35 30 27 32 42 44 13 24 28  3  - 14 40 17 41 16 45  - 23  9
  - 45 44  9 49  4 42 26 23 12  - 31 35 17  1  7 13 32 24 38 20 36 40 11  - 14 29 34 21  - 22 37 25 27  - 19 47  - 46  6 16 10 18 28  5 39 30  -  8  -
 44 11  -  - 12  2  - 40 47  - 33 50 28 34 35 27  - 49  1 22 26 13  9  -  6 23 41  5 15 24 45 19 43  8  - 16  - 20 21 18 36 25  -  7 42  - 46 38 14 10
  - 30  - 43 14  -  -  2 33  - 40 46  5 38  - 44 36 50  6 18 27 16 26  4 17 31 22  - 12 49  - 13  -  -  - 45 34 25 24 28 39 29  3  1 21 42 47  9  - 35
 24 26  - 27  - 43 35  9 41 31 45 15 44  5  6 14  -  8  - 34 13 28 36 50 42 18 17 22 20 10 39  -  1 21 32 40  2  - 38  7 37 23 11 33 49 12  3 16 19 30
 19 27 46 18 23 12 26 50 28 38 48 36 13 20  9  1 34 14  4 44  2  -  6  - 21  -  - 17 40 33  -  8  - 49 45  7 30 16 41  - 42  - 43 39 10  - 25 15 32  -
 37 23 41 11 34 18  3  - 15  -  9 42 36  - 19  8  - 13  - 47 39 27  -  -  - 38 46 10 35 21 26 17 45 30  -  - 22  - 31  - 43 12  4 40  6  -  2 48  7 14
 31 38 26 48  2 42 19  -  -  1 27  - 18  -  - 30  -  - 14 10 35  7 43 20 32  5  - 29  - 40 28 39 34 17 21 47 45 13 36 41 11  - 12 24 50  - 15 22  6 37
  5  - 17  2  -  - 47 28  -  6  -  - 30 18 38 32 22 31 44  - 24  4 15 35  9 49  1  - 25 45 19  -  -  - 26  3 29  - 39 36  -  7 34 42 27 23 10 14  - 43
  9 10 18 13 28 22 36 49  1  - 20 41 24  - 26 11 31 23 21 48  3 43 37 27 39  - 47  4 19 34  -  5 32  7  - 33 42 12 44  8  6 50 15  - 45 35 17  2 16 38
 14  -  -  6  5 41 10  - 43 15  1 23  -  - 12 42 47  3 28 40 38  -  8  9 18 17  - 24  - 30  7 25  -  - 27 22 16  - 49  - 44 13 31 48 33  -  -  -  - 21
  3 32 21  - 17 35  8  - 18 39  - 29 50 12 14 19 49 15 34 31 11  - 25 37 30 46 20  -  4  6  - 16 33  - 24  2  - 42  -  -  -  - 47 38  9  -  7 27 36 23
 48 42 40  - 36 26 28 33  5 37  4 22 23  - 25  3 15 29 10 11 21  - 44 31 20 45  7 19  - 12 34  - 30 24  - 27 49 41  6 16  2 32  1  - 17  8 14 50  9  -
  - 36 24 35 44  6 25  8 30 19  - 20  1  4 40 49  5 38 27 14 10  - 50  2 46  -  - 12 39 32 47 43 15 26 48 17 41 29  7 11 45  9 28 37 16 34 18 23 42  -
 25 21 10  8  1 29  6 42 46 26 14 44 31  7 32 28 41 27 12  -  4 45  - 18  -  - 37  2 47 16 30 22  3  -  9 15 11 23 33 48 17 38  -  - 35  - 39  - 24  -
 21  -  1 40 43  - 37  4 19 34  - 11 26 36 27 41 28  - 29 30  -  - 33 14 38  6 49  3 31  -  - 47 18 42  7  -  - 48 50  5 22 15 10  2  - 20 16 12  - 13
  -  7 35 36 37 17  - 25 34 46 44 43 11  6 21  -  -  - 38  - 45  5  3 33 15 24 13 41 29 28 14 18 50 31 40 42  1 19 30 10  9 48  2  -  4 49  - 47 26 20
 43  8 20 15 19 33 22 39 37 17  3  -  2 44 42 21 14 30 45 50  6 46 24 48 34 35 18 11 27  - 31 36  4 40 47 26  7  - 29 23 32 41 16  9 28  -  1 13  5 49
  - 41 13 37  - 30 33 15 39 18 21 26 45 27 11 12 46  -  - 49  9 20 38 19 22 47  3  - 14 29 10 44 28  - 34  -  - 17  5 43 50  6 23 16 40 48 31 24  2  4
 29  - 27 26 15 37 45 11  2 10 18 47  6 50 43 31  -  -  -  -  - 39  -  - 41 22  8 21 44 23 24 28  -  4 49 12  -  5 16 17 14 40  - 19  3 30 36  - 13  7
  -  9  - 19 32  -  - 44 31  5 28  6 37 41 45  -  3 33 47  - 22  - 48  -  -  7 30 14 17  1 46 20 13 16 29 23 21  8  2 25 10 43 35 26 18 36 12 42  - 27
 28 14 29 20 26 36  7  6 10 49 42 45 16 33  - 15 19 41  - 25 32  3 21 30 44 50 39 23 24  4 38 12 22  -  -  5  -  9 43  - 34  1 13 35 37 18  - 31 17 11
 15  2 12  1  - 44 49 24 50 42 13  3 29  9 46 35 21  - 19  -  -  6 16 17 23 20 40 39 33 36  - 45  7 25 22 38 18 37  -  - 41  -  - 27 32  5 11  4 48 28
 36 46  - 29  -  -  1 37  3 20  -  - 15 23 16 17 11  6 49 45  -  2 10 13  -  8 12 18 30  - 48  7  - 33 38  -  - 22 34 50 40  4 32 21 44 24  5 41  - 47
  8 19  3 31  6 20  - 21 45 41 29  2 39 47  7  9  -  - 30 17  - 33 11 24 12 44 28  -  - 13  - 10 49 48  -  4 23 38  - 35  - 16 42 22 34 37 40 32 18  5
 22  6 43  -  - 49 18  5  - 45 11  7 21 31 15 47 12 37 48  1 40  - 29  8  -  2 16  -  9 39  -  - 44 50 17 13 28 26 27 19 46 35  - 25 38 14  - 10  3 42
 35 31  7  - 25  -  - 47 40  - 50 34 17 30 48 33 24 46  -  - 36 42 27  3 10 11  - 45  5 22 12  4 20 38 13 49  6 32 37  - 15  - 26 43 19 29  9 18 28  -
 50  4 19 34 18  -  2 10 13 28  - 49 33 39 24 29  - 42  - 21  5 41 17  -  8 43  9 38 11  7  1  - 46  3 12 31 40 30  - 15 27  - 36  -  - 45 37 25 44  -
 40 16 22 30 13 32 50 38  - 44  6 28  -  - 10 39 18 34  - 42 33 23 45 41 43 27  4 37 46 47 36  - 14  9  - 20  -  7 25  - 21  - 49 11  -  1 24  8  - 29
 17 50  6 12 24 40  - 34  -  - 38 37 14  -  -  5  - 19 11  - 42 29 30 10 16 32 36 43  - 15 49  -  - 47  - 41  -  3 35 27 28 18 45 13 39 26  - 33 20 22
 45 12 15 33  -  - 14 18 21 47  -  5 27 24 44  2 40 10 22 37 43 32  - 49 29 28  - 31 50 41 25 42 23  6  1  8 20 35  4 26  3 17  9 36  7 38 19  -  - 39
  -  5  -  - 11  3  - 19 27 32  -  - 41 28 22 18 35 40 31 36 30 21 20 45 47  9 33 25 38  -  6 14 16 23 15  -  - 39 12  1 26  8 24 44 13  - 29 43 49 46
 27  3 23 45  9  -  - 16 29 30  7 35 34 15 13  4  2  - 42  8 37 38 39 25 14 40  - 33 43  - 11 24  6  1 28 21  -  - 20  - 18 49 19 41 47 44 50  - 22 12
  - 44 14  - 40  -  5 30 42  4  -  - 22  1  2 50 17  - 46  - 49 26 41 36 13  - 35 32 48 20  9  6 10 28  - 39  - 11 19 12 47 27  8 15 31 43 21 45 25 33
 23 18 33  - 45 11 21 17 12  -  - 48  -  -  5  -  7  - 43  -  -  1 31  - 28  - 32 20  3 44  - 50 24 34 19  9 27  - 14 47  8  2 30 10 36  4 35 37 38  -
 18 33 38 22  7  - 16 35  4 36  - 19 20  - 37 43  - 21 17  9  - 49  -  6  5 39 42 48 41 11 15 32  2  -  - 10 44  -  - 13  - 26 50 23 25  -  8 34 27  -
  - 49 45  - 33  - 38  -  6  - 32 24 48 37  8 20 25  -  7 43 19 14 28 26  1  -  - 50 42  2  3 15 12  - 18 29  4 47 11  9 35  - 41 31 46 17  -  5 34 40
 39  1 37 41 30 10 27 13  - 29 24  - 49 40 18  - 23 20  8  4 17 48  - 47  3 12  6  9  -  - 42 46 31 19  - 14  5 34 15 38  - 21 44 32  2  - 33 36 50 26
 26 29 28 25  - 14 17  - 22  3 15 13 47 10 30  - 48 43 36 24  8 19  2 46  7 41 34 44 32  9 18  1  5  - 35 11 33  4 42 21 20 37 38 50 23 31 49  6 40 16
 34 22 42 28 50 25  - 31  7 43  - 30 12 16 29 46  - 11 15  5  - 17  1 32  2 19 27 13 49  - 23  9 36  -  6 48 38 40  3 45 24 47 37 18 26 21  - 44 33  8
 38 39  9  - 41  - 11 43  8  7 25  -  4 48 33 40 44 35 18  -  - 31 23 12 45 10 19 27 22  - 13 49 47  2 46 36  - 21 26 14  - 42 17  5 15  6  -  - 29 50
 47  - 49 50  -  7 44  - 14 25  -  9  -  - 28 23 37 18  -  3 15  -  - 38 33  - 26  1  2 46  5  - 17 41 16 30 31 45 13 32  4 36 39  6 20  - 22 19 43 34
  2 40  4 47 42 45  9 23 16 24 22 17  8 26 39 38  -  - 13  6 48 30  7  - 37  1  -  - 28  3 50  - 19 12 31 18 36  - 32 33 49 34  - 46 14 41  - 35 21 25
 20 37 32 49 47 24 29 36 38 35 46  - 42  - 34 13  -  1  9 27  - 15  4 43 11 48  2 26 16 17 33 21  8 18 50 28 19 14 23  -  - 45  7  - 12 10 41  - 31  -
  1 25  8  7  3 28  - 41  - 16  - 27  9 13  - 37 38 12 50 29 31 47 32 40 35  4 15  - 18  - 44  2 42  -  5  - 39 33 10 49  -  - 46 34 30 22 20 21 45 48
  - 28 11 24 22 15  - 14 32  -  5 39 10  -  - 36 16  2 41 33  7  - 34 21 40  3 25 42  8  - 17 31  9 45 20  6 46 43 18 37 19 30 48  4  1 27 38  -  - 44
 46 35 16 23 48  -  4  7 20 27 43  - 25 32  -  - 45  5  - 28  -  - 47 44  - 36 38 49  6  8  - 29  -  - 10 50  -  -  9 34  - 33 22 30 11  - 42 40  - 17
 10 43 31 17 35  9 20  - 48 11 30 38 19  3 50  - 32 22  2  - 16 37 49  -  4 26 24  8  7 27 21 34 40  5 36  - 14 18 47 42 33 28  6  - 29 15 44 39  -  -
