2000
 12  - 38  -  9 37 27 44  -  - 23 41  - 15 43 46 47  -  6 35  - 14 29 28 40 10 18 21 45 11 16  3 20 39  2 17 24 49 33  4  5 26  7 42 31  - 13 48 34  1
 22 25 19 50 28 20 34 11 24 13  3  -  - 10 41  - 46  - 49  2 36 30 15 18 21 29  8  6 32  - 40 14 47 23  - 26 39 44  4 48 43 16  - 38 35 45 17  1  9 33
  - 26  5 37  -  - 46 17 29 20 44 31 42 49 13 21 35 43  -  - 18 10 36 16 33  8 30 27  4  7 15  - 48 12 45 39 50  9  -  - 28  3 25  - 41 24  - 47  1 23
 47 42  8 21 17 15 39 24 22 36 20 40  4  7 32 30 12  - 16 43 25 19  -  - 26  - 27  5  - 28 33 46  -  -  -  9  - 35 11 10 38  2 48 49  3 14 23 41 45  6
 43 11 46 24 29  7  8 21  9 41  - 39  - 30 47  - 33 49  4  3 44 32 23 35 38  6 14 15 12 10  -  - 18 40 16 37  - 27 34 20 36 31  - 50 19  - 22 45 13 48
 36 10  4  7  - 49  -  - 18 16 28 22  -  - 19 34 15 50 48  - 37 40  2 27 35  -  - 30  3  9 42 31 13  8 12 11 46 39 45  - 29  1 43 17 14  - 24  5 25 32
  7 12  -  - 18 40 42  6 16 25  - 43 30  -  - 10 32  9  - 48 39  - 28 36 31 37 13 44  - 24  2 26  1 19 34 27 20  - 46  - 50  - 38 15 11 21  5 22 41  8
  4 27 29 19 48 43 22  3 10  -  5 45 41 23 37 20 49  8 14 39 47 42 30 21  1 17 38 18  -  -  - 13 11 36 25  7 26 33 31  - 32 15  2 28 12 46 34  - 24 16
  6 44 50 31 22  -  3  7 20 24 18  5  -  - 42  - 37 19  8 49  - 25 41  - 17  - 33 32 40 39 13  -  - 16 29  - 36 47 35 21 34  4 12 14 30 15 45 46 11  -
 21  5 24 49 42  - 17 46 30  - 47  9  - 39 26  6 50 16  2  - 34  1 44 12 11 14  - 45 33  - 32 29 38  - 20  8  4 23  - 13 25 22 40  - 43  - 48 36 10 31
 25  6 28 46  - 21 29  8 33  5 12 15 18  - 22 41 36 11  7 45 30  - 14 17 48  -  3  -  - 42  4 38 26  - 32  - 16 13  - 34 10  -  -  - 47 44 50  -  2  9
  3  1 37  -  7 47 23 43  - 15  - 46 35  9  -  5 38 34  - 31 27 33 18 13  6 16 19 24 14 48  -  - 49 10  - 50  -  -  8 22  - 12 29  - 36  -  - 39  -  4
 44 19 26  2 46  9 30 18 17 32  6  - 43 13 25  - 29 10  1  5 40 41 27  7 47 28 20 48 31 34  3 15 37 49 36 23  8 45 50  -  - 39 16 12 38 22 33 21 42 11
 30 37 34 41  - 33 38  1 25 21  7 24 49 48 29 50  3 44 40 16 46  -  - 22 23 15  -  -  - 13 31 27  - 43 35 18 28 26 12 39  - 45 32  6  8 47 42  - 19  2
 11 43 42 17 21 26  - 32  - 47 41 20 29 12  5 31 45 38 19  - 33  -  -  6 28 36  - 35 13  1  8 48 27 24 14 40  - 22  - 23  2  - 30  - 10  7  -  - 15 49
  9 49 23 40 36  - 43  - 21  4  - 25 19 44 45 35 28 22  -  - 48  -  6 42  - 11 31 38 29 17 24  - 33 18  3 47  1  - 10  2  - 14 15 37  7 32 12 30 26  -
  - 31 49 20 37 27 28 13  -  - 46 38 17 40  4  -  - 32 26 19  2 12 22 45 29 30 41  3 47 43 48 16  - 11  -  - 14  - 44  5  1  -  6 33 15 42 35  -  -  7
 45 39  2 38 49 12 26 10 46 31 11  - 22  - 23 19 40 14  -  - 17 15 42 20 13 27 50  7  5  -  -  - 41 37 43 33 30  - 18  6  4 48  9  1 24  - 36 32  - 44
 26 36 47 30  4 24 14 35  - 22  - 27 10 11 46  - 48 12 15 20  9  - 32 33  8  3  - 41  - 25  7  2 29 17 37  6 40 42 16 31  - 21 45  -  -  -  1 18 23 28
 27 35 32 45  3  4  - 12  - 34 38  -  1 47 16  2 18 26 50  9 24  6 43 30 14 19  - 42  - 36 10  5 21 29  - 41 33 28 48  -  - 23 13 20 49 31  - 44 22 37
 39 33  - 28  - 18 24  - 27 29 30 17 14  -  8 12 26  -  -  4  3  5 10 31 19 42 23 13 35  6 11 32 46  -  - 15 34  7 49  - 40  9 20 43  1 41  - 16  - 21
  -  -  3 13 10  -  2 40 23 43  - 35 47 37 50 17 20 21 29 27 42 31 12  - 15 24 34  -  - 49 38 11  5  - 39 16  - 14  - 46 26  7  - 44 33 48 28  -  6  -
 32  7  - 48 34  8  -  - 49  -  -  2 46  - 31 38  - 40 22 26  -  -  5 44 42 33 37  - 18 47 17  1 28 35 24 30 15 41  9 29 12  - 50 13 16 10 27  6  -  -
 33 23  1 14 39  5 20 16 48  2 24 42 36  -  -  3  -  -  - 13 49 43 21  4  7 38  - 19  8 50 25 12 22  - 30  -  - 37 32 28  6 17  - 46  -  - 41 40 35 34
 24 16 18 42  - 31  6 29 15 44  -  7 23 38 36  - 13 41 37  8  5 45 26  - 34  -  1 49  -  4 43 40 19 50 33 28  2 12 21 11 20 46  3 10  -  - 39  - 32 17
 48 38 41 36 19  -  5 33 14 35 29 10 31 25  -  9 44 37 46  -  7  2 39 24 20 47 43  - 49  8 22 45  6  3 50  -  - 34  -  - 16 11  - 18 21 28  4  - 40  -
 19 47 45 35  -  - 40 31  -  9 43  1 20 24 12 16 10 17 27 29 15  -  4 14 36 49 28 46 34 21 23 50 32  -  5  3  - 38 30 37  - 41 33  - 42  2  6 25  8 39
 23 20 15 39 32 41 50 25 34  1  - 13  3 45 11  - 43  7 10  6 26  -  8 49  4  2 12  - 48 30  9 22 14 21 27  -  - 46 17  - 24 18 47 31 44 33 16 19 36 42
 50  3 25 16  -  2 13  9 19 49 21  - 11  6 34 45 14  - 12  - 22 38 33 39 18  -  4 40 26 20 29 23 15  -  -  1 35  8 24 36 30  - 41  5 37  - 32  - 46 43
  - 40  - 26 12 35 32 19 42  - 13 16 45 31 15 36  - 23 34 37 28 22  3 11 50 48 46 47 21  -  - 33  2 20  1 29 10  6 25 17 18 44 24  - 27  4  - 43 49 14
 29  -  -  - 15  1 47 48 45 12  -  -  9 26  - 22 17 39  - 30 50  3  - 43 44  - 21  -  -  - 14 35 24 34 11  - 19  4 36 32  8  5 31  7 46 13  - 42 37 20
 17 41 10  6 14 25  -  - 37 18  -  - 12  -  1 24  -  5 20 22  - 36 38 26  2 46  9  8 11 29  - 43  -  7 13  -  - 15 28  - 49 35 21 32  4  -  - 27  3 45
 37 21 27 25  -  - 15 49 43 46 22 26 50 35  - 13  7 20 30 14  -  - 19 34 16 32 45 12  6  2 41 39  9 33 44 48  3  - 40  1 17 24 42 47 28  - 38  8 29 18
 31 46 11  9  2  - 25 20 50  - 17 21 28  4  - 14 42 30 41 40 29 48 34 23  5  - 44 33  1 32 45 18  -  -  - 24 37  3 38 26 15  6 49 36  - 35  7 10 16  -
 16 15 40  8  - 44 19 41  3 17 37  4 13  5 18 33  2  - 43 47  6 24 49 25 22 45 48 34 50 46 27 30 42 28 26 21 29 10  - 14  9  -  - 11 32 12 31 23  7 36
 49 29 14 23  8  - 36 22  6 37 50  - 24  2 38 25  -  -  3 44  -  7 35 41 12  - 32 11 16 26  - 19 31 27  4  - 13 20 42 45 33 40 10 48 18  9 15 17  -  -
  5 50 43  -  - 14 16  - 35  3 42  -  - 29 40 49  -  - 24  -  - 23 17 46  - 18  - 31 19 27 21 41  7  - 28 32 12  2  6 44 22 33  -  9  - 34 20 13 48 10
 28  4 17 44 20 16 31 42  1 26 25  6  - 43  - 23 11  3 45 34 41 50 47  5 32  -  2 22 15 35  - 24 36 14 38  -  -  -  - 18  -  - 46  8 48 49 29 37 33 40
  -  8  - 34  - 29 35 27  - 14 15  - 21  1 48 28  -  -  - 50 12 44  - 10 43  5 26  - 17 18  - 37 45 38 47 36  6  -  - 49 39  - 19  2 40  -  3  7  4 46
 35 34  9  5 43 46  - 14 47 33  1 19 16 41 20 11  - 13 36 32 10 21  -  2 27  - 24 17  - 38  - 49  -  4 15 31 22 48  - 42  3 28  - 40 29  6  - 26 18 50
  1 17 21 32 50 42 10 28 41 30  - 23  - 27 24  -  4 45 11 33  -  9 48 37  -  - 39 26 46 15  5 20 25 31  6 22 44 36 29  7 47 13 18  -  2 43  8 38 12 19
 20 24 48 43  1 23  - 30 12 10  8 28  - 36  3  7 21 18  - 15 45 16 31 50 41 25 35  - 22 37  -  4 40  6  - 46 49  - 14  - 19 42  - 29  - 38 47 33  -  5
  2 32 39  - 41  -  4 26 13  6 48 36 25 34 21 15  - 33 42  1  - 47  7 29 30  -  - 16 10 45 19  - 44  5 46 49 27 43 22 35  - 37 28 23 17 50 18  - 38 24
 15 14 12 27 40 50  9 36 28 19 26 32  6  -  7 47  1 42 33  - 20 29 24  - 37 39 16  4  - 22 18 17  -  2 49 13 45  5 43 25 23 30  - 41 34  3  - 11 31 38
 34  2  - 10 11  -  1 38 26 48 19 47 40  - 14 39 27  4 18  7 35 28 46  8  -  9 42 25  - 33 49 21 43 13  - 12 32 24 15 41 37 50 44 16 20 17 30 29  - 22
 13  9 22  - 24 28 49  5 32 42 33 11 48  - 44  1  6  -  -  - 38 27  - 19  3  - 29 39  7 14  - 36 30  -  -  - 17 18 20  - 41  8  - 45 23 40 10 12 43  -
 46 22 20 29 33 10 18  2 40 45 36  3 27  -  - 44 30  1  9 24 13  - 50 15 25 31 11 23 42  - 47  6  4 32  - 14 41 19 26  - 48  -  - 34  5 37  -  - 21 35
 14 28  6  - 45 30 48 15  - 38  - 18 33 32  2 27 16  - 13 36 23 34  -  3 10 26  5 50 41 40 37 44 17  9 22 35 43 29 47  8 42 19  - 21 39 11  - 24 20 25
 18 48  - 15 16  -  - 45  - 39 49 50  5  -  -  8 23  - 28  - 32 26 20 40  -  4  - 29  2 41  - 42 12 22 31 34 25  1 37 43 13 10 14 27  9 19  -  3  - 47
  -  -  - 18  - 45  - 50  4 28 10 48 15 16 33 32 34 47 17 42 14  - 40  -  9  - 22 20 24 12  1  7  3 26  - 19 21  -  5 27 31 43 23 39  6 36 46  2 30 29
