2000
  7 33  - 42 19 41 36 16  - 44  - 39 50 25  8  4 11 38 40 20  1 24 26 34 10 17 49  - 21  - 28 14 22 27  - 43  3 23  -  - 29 48  9  2 15 31  5 45 12  6
  4 24  - 18 40 16 17 33  8  - 39  - 12 22 29  7 35  - 14 36 15 46 38  -  - 41 21 26  9 20  5  6  2 44 30 11 28 27 31 43 47 34 45 23 48 10 32 19  3  -
 32 16 27 28 43 15 48  6 42 21 17 22 40 13  - 33  -  - 44 25  -  - 35 19 38 12 11 24  - 14  - 18  - 23 26 29  4  - 34  - 49 36  -  8  9  -  1 31  - 20
 28  1 20 31 45 11 16 39 15 10 19  - 21  7  4 46 47 22 50 26 23  6 34 13  -  9  2  8  - 37  3  -  - 30 25 36  - 32 38 27 43 18 33  - 41 44 35 40 24 12
  - 47  - 13 37  - 23  - 48 14 21  - 24 11  -  9  -  - 27  8 18 22 19 12 45 31 46  - 10 32 30 28 36 43 20 35  - 38 40  3  - 25 42 16  6  5 29 33 50 26
 44 27 48 11 13  2  -  3 40 32 34 49 37  - 30 14 20 43 28  -  - 41 36  4  7 16 12 10 46 21 23 22 33 31 15 45 29 26  -  - 17 38  8 39 50  9 19  5 47  1
 46 39  4 41  -  7 42  8 30 50  5  -  - 43 10 45  6  - 31 49 13 14  - 33  - 11  - 18  -  - 12 29 37  3 44  9 26 36  -  - 25  1  -  - 34 19 38 21 48 23
 17  5  8 40 11  6  7 12  - 39 23  4 10  -  - 31 29  - 42 27 45 16 28 22 30  - 35  3 36  - 33 41  - 26 14 21 44  -  9 18 20 19 43 49  - 46 25 24 32 48
 49  - 31 16 38 29  - 10  1  5 12 28 11 41 25 19  7 50 36 48 47 20 17  3 23 44  - 27 18 15  -  - 39  8 45 40  6 24 42  2 34  - 22 35 14 37 43  4 30 33
  - 29 23  2  -  1 49 41  6  8 22 18 15  -  -  -  - 39  9 32 33 35  - 38  4  - 26 45 30 36 43 50 24 25  - 13 31 44 46 28 11 14  -  - 16 40 47  7  - 17
 45 25  7  - 15 44  - 30 38 35 47 14 26  - 31 22 46  - 18  4 19  2  9 36 13 24  - 11 49 40  - 39 42  -  - 50  -  - 27 17 41 23  5 20 28 21 33  - 37  -
  - 26 47 33 23 14  - 43 19  -  2 31  1  8  - 32  3 35 16  -  -  9 13 29 48 42 10  -  7 38  - 37 27 36 18 25  -  5  - 20 40 12 34 45 24 50 44 30 28  4
  - 34 25  5 17  -  6 32 11 29 15 21  - 26 14 41 44  - 33  -  - 30 46  8 36 39 43  - 38 45  2 16 19  -  1 12  7 18 20 23 50 49 10 47  - 13 28 42 31  3
 36 43  -  4  1 10 22  - 26 24  7 30  9 14 12  - 48  5 49 13 17 44  - 45 34  -  6 47 31 11  -  2 20 15 46 39 42 19 41  - 28 16 25  3 23 38 37 32  8 35
 16 49  - 25  -  9 37 24 20 48 33  2  - 12 38 39  8  - 22  - 31 19 27  7  6 21 36  - 23  - 47 30 41 34 10 17 43  1 50  -  - 46 40  -  4  - 45 26 13  -
 29 20 43 38  - 50  1 26 31  - 14 35 18 48 33 47  4 30 25 19 24  - 44 15 39 23 28 41  - 17  -  - 10  5 12 34 40 22  2 46  -  7  -  - 45 16 11  6 36 42
 41  - 40 10 22 34  2  - 33 26 29 38 35  - 50 44 45 36 23  -  -  3 12  - 18  - 13 30 16  8 11 19  -  9 31  - 39 17  4  6 24 47  1 25  7 14  - 49  5 21
  6 17 19 43 48  -  3 47  -  - 49 45  - 38  - 12 37 14 10 44  4 26 32  5 20 35 31 28 24  - 22  9 16 29 41  2  1 42 25 36 15  - 50 30  8  - 23 27 40 11
 22  -  2  -  - 19 41  - 17 46 31  -  -  5  -  - 10  - 26 39 36 29  6 42 50  7  - 49 28  4 15  3 40 16 43 33 13  - 35 12  8  -  - 11 18  - 27 47 23 38
 12 40 13  - 39 31 27 29  -  - 42  6 46 34 45 37  9 25 11 38  8 50 14 26  5  - 24  - 22 43 44 23 21 49  2 47 10 28 18 32  7 20  3 48  - 17  - 36 33 15
  - 14 29 35 34 21 13 44 45 15 27 42  6  4 23 43 30  - 12 10 46  5 18 49 11  -  1 16 33 19 39  7  -  - 50 41 32 31  - 48 26 37  - 40  - 36  9 28  2  -
 42  4 28 34 30 48 25 40 27 45  - 26 22  3  7 18 19 32 17  -  - 36  5 39 44  2 38 43 13 10  - 31 46 21  - 15  - 35  - 14 23 50 29  -  1  - 24 12  6  -
  1 35 46 50 49 25 29 14  -  - 48  -  - 37 26  -  - 23 13 11 30 47 42  -  - 32 19  7 45  2  -  - 18 38  9  3 17 10 28 31 22 33 41  6 12 27  - 44 20  5
  - 48 49 36 27 20 26  7 24  9  4  -  5 10 11 35  2 33 34 31 22 25 15 44  - 30 17 37  - 29 50  - 23  6 28 32 19 21  -  1  3 42 14 12 39 18  8  -  -  -
  - 50  - 45 24  - 18  1 46  -  -  -  - 28  - 20 31  9 21 23 10 12  3 32 19 48  - 39  - 42  - 26  - 22 40  5 11 49  -  - 44 35  6 43 29  7  2 37  - 36
  -  7 26 15 32 49  5 23  -  -  8 27 31  - 13 10 42 11 35 41  - 39 16  - 12 18 50  - 25  1  9 20 28 37  - 14 24 46  - 19 48 45 21 34 22  - 36  3  - 40
 15 31  6 19 21 17 32 42  -  7 20 24 14  9 16  - 12  3 43  - 35  - 39 37 41 25  - 46  4  -  - 38  -  - 23 10 36 45 30 29  5  -  -  1 49  8  - 48  - 44
 21  3 36  9 33 24  4 11 29 28 43 44  - 18 40 15 41  8 30  1 34 23 22 10 46  - 42 31 20  -  -  5  7 13 37 19  - 14 47 25  - 32 27 50  2 26 49 35 38 39
 50 18 17 32 26 33 14 20 39  - 46 23 47 45  -  1  - 12 37 15 48 49  -  - 21  3  8 40 29 13  4 25 31  2  6  - 30 16  - 24 19  - 28 36  5  - 42 11 35  -
 30 28 15 23 16  - 31  -  2  - 32 40 39 17  -  - 50 18  3 37 26 42 49  - 43  -  - 12 19  9  - 11 44 10 22 20 21  -  - 33  1  -  4  - 35 48  6  - 34 14
 27 41  - 20 12 37 45 22 14  3 24 36  -  - 46 23  1 16  4  - 38 11  -  6 26  - 40  2 17  - 21 15 49 35 48  7  8  - 19  5  9  - 18 10  -  -  - 39 29  -
 11 19  - 46 20 28 15 36  3  - 18 12 48  - 27  - 25  4  7 42 40 13  - 41 17  -  - 22 32 24 38  - 30  1 47  6 14  8 45  -  -  - 16 21 44  2 10 34  9  -
 14 23 39 26  6 35 43  5  9  - 45  - 30 33  -  2 18 27 41  -  - 48 25 20 32  -  4  - 12  - 42 40 50 28  8 37 47  3  - 38 36  -  7 29 46 22 17 15 16 31
 20  - 21 48  -  - 33  - 25  - 50 29 19 27 37 11 28 31 38  5 41 43  1 24 22 34 14 17 39  - 36 44  -  7 42 16 45  4  8 26 13 15  2  9 40  -  - 18  - 46
  - 11  1  6  - 36 35  9 28  - 26 25  - 19  - 21 39 29 48  - 43 40  - 30  8 15 45 20 27 22 14 42 12 32  5 24  -  2  7 41  -  3 46  - 38 49  - 10  4 47
  3 42 10 39 44 27  9 48 13 22  -  8 41 47  1  6 17 15 45 12  -  -  4 28 24 40 25 23 37 33 49  - 43  - 16 26  -  -  - 35  -  2  - 19  - 30  - 14  7 32
 40  6 42 14 36  - 30 35  -  2 37 11  - 32 15  - 13 19  8  3 44  4 29 25 27 10  -  -  - 31 20  1 34  - 17  -  - 12  5 22 45  9 23 24 21 47 26 50 49  -
 24 10  -  8 35  3 44 34 22 13 38 20  2  - 48 30 32 46 15  9  - 27  - 16 33  - 23  - 41  6  1 47  5 19  -  4 12 39 14 45 31 26  - 28 42 29  - 17 21 18
 43  - 14 21 10  5 34 18 12  1 35 37 29 20 17 40 15  7 39  - 28 38  2 47  3  - 30 50 42 23 48 36  9 46  -  8 27 33 24 13 32  6  -  - 26 25 16 41 44 49
 25  9 32  -  -  8 50  - 44 23  6  - 28 39  - 16 22 37 46 40 42 21  -  -  2 43  - 19 34 49 35 48  - 47 36 30 38 11  - 15 33 31 24 26 10  4  - 20 27 29
  5 44  9  -  7 43 19 25 32 20  1 47 13  - 36 42 33  - 29 46  6  - 11  - 40 26 15 14  8 12 24 10 38 17  3  - 50 30 23 34  - 39 48  4  - 35 41 22 45 16
 26 46 35 29  -  - 40 17 10 41 28 43 44 36 18  - 24  - 47  7  3 45  - 31  - 20 37 34 11 25 16 49  6 33 27 23  -  9 48 21  4  - 39 14  - 12 30  - 19  -
  2 15 12  7  - 42 21  - 47 37 36  -  3 46 43 38 40 34 32 29 39  1 20  - 35  -  -  9  -  5  -  8 14  4 24 27 33 48 16 44 10 22 49 17  - 41 50 23  -  -
 47 45 16 24 25 26 38 19 37 36 40 50 42  -  6 49 43 48 20 33  5  - 23  9 29  - 32 21 35 30 10 34  4 12  7 31 15 41  -  8  -  - 13  - 11  1  3  - 18 27
 18 38 24 49  8 23  -  2  - 43  - 10 36 40  9 17  - 21  1 28 50  7 31 35 42 33 47  - 44 16  - 12  - 11 29 48  - 34 22 30  6  4 19 46 20  3 14  -  - 45
 19  8 41 22 46 12 47  - 49 18 44  - 45  6 28  3 23 20  2 24 14 33  - 48 31  4 16 36  - 26  7 27 13 39  - 38 25 40 21 10  - 29 35 32 17 43 15  9 11  -
 10 36 22 47  4  - 28 45 23 12  - 46  - 24  -  5  -  6 19 30  2  - 41 21 49 29  7 15 14 50 31 33  8 42  -  -  9 25 26 37 18 17 20  -  - 11 48 16 43 34
 35  - 45 37  - 13 12  -  7  -  3 32 25 50 19 34  - 10  5  - 11 31 30  1  -  - 44  - 48 39 17  4 47 24 38 22  -  6 36 49 14 27 26 15 33 20 18 46 41 43
 31 32 11 44 50 39 20 27  4  - 10 34  - 29  3 48 16 26 24  6 12 18 21 23  - 36  5 38  2 41 37 43 45 14  -  - 22 15 33  9 30 40  -  7 47  - 46 13 25  8
 23  - 34  3 41  - 10  - 36 30  - 33 16 31  - 24 14 44  - 50  9 15 48 17 37  -  -  5 26  7 19  -  - 45 21  - 35 43  -  -  -  - 32 38 27 28 22 29  1  2
