2000
 23 12 29  - 10  -  - 37 21 33  - 19 40  8 32  - 13  -  - 38 42 34 39  -  -  7  6 24 47 25 27 35  4  -  1  2 14  3 36 46 50 20 30 49  - 22  5 48 31 41
 39 46  1 12 29 49  - 25  5 17  - 11  2 14 21 48  9  - 10 15  3  - 43 19 16 34 24  -  6 13 50 44 32  8  - 45 38 33  - 37  4  7 20 22 30 36 31  - 41 35
  - 10 11  - 41  9 43 38 44  - 42  -  -  6 50 49 39  - 24 40 28  3 45 34  - 12 29  - 21 15 17  8 30 20 46 27 13  - 37 22  1 47 18 33 36  -  -  4 19  -
 48 17  - 20 47 38  - 21 26 46  - 25  9 23  1 12  4  7  6 45 33  - 44 24  - 22 36  2  - 37 14 30 39  -  -  - 42 16 49 10  - 34  - 43  8 19 29  3 27  5
 27  -  - 33  - 31 25 23  -  9 17  - 32 42 47 15 40 22 11  -  - 19 46 48  - 35  8  -  2  -  5 29 28  3  4  - 30 18 45 24 41 43  - 34  -  1 38 14 50 10
  -  7 42 43 11 32 48  -  4 24  6 49 44 28  2 36 45 50  8 33 30 38 18 39  1  - 16  -  - 23  -  - 34  5 47  -  - 14  - 27 12 19 22 13 46 21 37 41 15 25
 38 45 31  - 50 42  - 10  -  - 16  3  - 49  - 46  6  2  5  - 23 41  - 40  -  8 13  - 19 11 22 33 15  - 30 34  - 20  - 47 26  1 48 35 25  - 28  -  - 14
 12  5 32 36  -  -  - 40  7 41 24 43  6  9 17  - 37 21 45 13 11  2  - 47 46 48 42 50  - 39  8  - 29 23 10 38 16 34  - 14 15 35  3  - 33 28 25 49 20 44
 13 23 34 49 20 44  7 47  - 48 38  -  3  - 30 10 17 45 27  6  - 46 12 36  - 29  - 14 42  -  - 39 37 21  -  - 24 28  8  1 33  - 40 16  9  - 22 43 26  2
 36  - 40 39  -  - 26  1 13  3 21  - 23 37  -  - 14 35  -  9 22 20 10  -  4  - 28 29 44 24 48 34 41 33 31 46 43  6 12  7 38 32  -  -  - 50 27 11 49 18
 22  1 19 24 48  3 49 26 27  -  -  - 15  4  7 50 44 41 18  - 21 29 40 10 25  6 38  8  - 31 16 43 11 28 17  - 33 46  - 23  5 12 35 37 32 42  - 34 45 13
  6 11 37  - 33  5 44 29 16  4  - 50 41 46 14 21 22  9 12 28  -  - 42  - 36 13  -  1  -  - 47  - 23  7 40 35 17 25 18  - 31  3  -  2 38 49 19 30 24 34
 18 27 33 42 22 14 20 50  8 29  5 28 37 17  - 16 12 13 34 19 49 44  - 11 32 46  - 15 38 45  - 24 40  -  - 26  - 36 21 41  -  4 43 10  - 25  3  2  -  9
 28  2 17 19 24 10 15 33 30 13 22 44  - 45 36 20 29  - 25 43  - 50 35 26 11  -  9 32  -  7 42 41  3 48 12  - 40  1  - 31 49 23  6 47 34 46  8  5 21  4
 24 36 22 25  9 13 10  - 37 42 12 14 11 18 49  4  - 44 21 31  1  -  5  8 40 32 27 34  -  - 15 19 43 45  - 48 41 29 23 39 16 46 50 17  7  3 26 47  - 33
  -  - 47  - 21 43 22  - 24 12 41 29 33 39 15  - 16 27  - 32 40  1 28  4  -  - 11  7 13 18  9 17  - 30 50 10 25  - 42  - 14  - 26  - 35 31 20 19  6  -
 16 34  8 15  1  -  3  - 28 47 44  9 36 38 13 11  -  5 29  2 17  - 32  - 26 42 14 46 48 12 40 10 50 43 25  7 27 39  4  - 19 21 41 31 18 37  - 45 33 22
 37 15  6  5 30 48 42 27 10 11 46 39 34 19 26  2  - 38  -  - 41 28 36 25 50 18 47 33 32 49  -  - 13 22 20  3 45  - 24  9 43  - 12  8  4 16 40  - 35 23
 30 50 13 22  6  - 46 42 43 34  2  - 31  - 29 37  5  -  9  4 32  - 11 21  8 14 48 25  - 10 28 38  - 40 27  - 35 47 19 26 17 36 15 39 41 45  -  -  -  7
 40 21 27 34 42 12  -  - 41 31 30 48  - 50 18 13  - 33 39 11  - 35  - 20 29 24 45 22 23 46 43  1  6 16  9 47 49 26 32  5  3 28 37 14 19 38  - 10  -  -
 42  6 38 14 18 21 32 36 17 43  - 35 50 10  - 28 41 39 44  - 12  - 47  -  -  -  -  -  1 19 33  -  2 34  8 23  - 37 30  - 27 48 29  4 13 40  - 16  - 26
  3 24 28 11 14 45  2  -  9 26  7 30 13 32 16  -  8  4 49 42 46 21 38  - 23 41 37 36  -  -  6  5 31 15 44  - 19  - 10 33 48 39  - 18 22 43  1 40 25 17
  -  3  4 13 19  6  5 49 42  - 32  8 35  - 31 18  - 16 30 41  2 33  -  9 37  - 34 28 29 36 23 11  - 46 48 12 10 22 47 38  7 15 14 24 17  - 45  - 43 39
  4  - 24 17 26 23  -  - 48 16 10 22 25 43  -  6 47 32  2  8 20 49 34 13  9 30  - 35 31  - 38 18 27 41  -  5  -  7 44 45 29 37  1 46 14 11 12  -  3 19
  - 42  2 35 34 33 30 44 32 21 45  - 22 26  - 27 48 20  - 49 29  7  - 16 38 15  - 39 28  - 19 13 10  6 37 41 50  - 14 36 46 24  4 11 47 12  - 25 40  3
 44 43 10 45  - 40 18 13  - 27 28 12 30 48 25 39  7 31  - 23  -  - 49 42 33 19  - 47 20 14  - 26 17 50  6 22  -  - 15 29 32 41 34  1  -  - 11 38  2  -
 35 47 23  - 40 39 13 15  - 20 48  6 21 36 46 34 11  - 38 18 43 27  8  1 22 28  -  3  5 41 24  7 14 19  - 31  2 32  -  4 10 49  9 44 37 33 16 29 17 42
  5  - 12 40 38 24  -  3 14 23  - 27 46 33 19 32  -  6 43 26 50 22  7  - 47 17 10  - 15  - 45 49 44  1  - 13 18 31 48  2 25  9 11 28 39  - 34  8 37 36
 19 35 41 30 28  - 37 45  -  8 23 18 48 34 27  -  - 11 20  5 38  -  - 44 43 47 17 16  - 33  7 14  -  4  3  -  6 10 13  -  - 50 24 12 31  2 46  - 29  -
 47  - 25  -  5  7  1  - 46  - 40 41  -  -  -  - 10 24 13  - 48 18 19 14  2 33  4 21  8 32 34 42 20 27 29 16 26 50 35  3  - 45  - 36 15  6 39 23 12 30
  1 38 21  - 44 30 50  2 22 35 39 16 45  5 20 14 28 29  - 12 47 43  - 37 17 10 32 40  3 34 36  - 33 25 18  -  7 41 46  -  9  8 23 27 26 24  - 42  4 11
  -  -  3  4 13 34 19 22 25 38  - 45 24  - 28 17 46 42 23 21  - 31 16  7 10  - 49  - 11 27 37  -  8 39  - 30 15  -  5 35  2 40 44 20  1 18  - 32 47 48
  - 14 26 37 15 25 33  - 47  2 43 38 39 22 44  3 23 49 46  - 10  9  -  -  5 21 31 48 27 20 30 45 16 17 11 18 34  4  -  - 36 13  - 41 40 29 32 35  -  8
 45 18 30  8 49 50  -  9 19  - 35  - 12  3 33 24 36 17 41  1 44 10  4 29  -  -  2 37 16 26  -  -  7  - 39 43 23 27 11  6 34 31 38  - 28 32  - 22  5 20
  - 30 20  - 43 27 40  7  -  6  - 36 10 47 24 45  - 28 42 35 14 13 33 15  3 37 50  4 17  8  -  9  1 49 16 25 12  5 22 44 18  - 19 29 21 39 41  -  - 46
 15 48 50  9 45 29 16 20 38 44 37  -  5 13 34 41 33  - 17 27 35  8 23  - 14  - 40 10  7  3  - 12 49  - 21  -  1 19 43 18 39 30 46 32 42  4  6  - 22 31
 11 25  -  - 17  -  4 48 15 45  1 10 42 44 38 26 19 46 32 29 34  - 20  - 35 49 18 23 40  - 31 16 47 12  5 33 36 24 50 30 22 27  8  - 43 13  7 37 39 28
  - 31 14 26  - 11 12 32 45  7  3 37 49 16 43 35  1  - 15 22 13 30  - 41 34  - 19 20  9 17 46  4 36 38  2 42 44 23 28 48  8  6  - 40  - 47 50 33 18  -
 34  4  5 47 35 37 38 39 20  - 15 17 19 12 48  8 30 18 28 14  7 32  6  2 27  -  -  - 24 50 29 36 26 31 43  1  3 11 25 42 13 22 33  9 23 41 21 46 10 16
 32 19 16 46  2  - 35 14 11 25 47 31  -  1 41  - 34 43 22 50 24 15 48  -  6 36  - 38  - 44 39 28 45  - 49 29  - 40  3 17 21 42  7 30 10  9  4 26 13 37
  -  -  - 44 39 15  - 34  - 49 26  7 14 30  - 33  - 40  1  -  -  -  - 32 13 11 41  -  4  - 10  - 21 24 19 50  - 43 31 28 37  5  2 45 20 17 47  6  8 12
  9 32 46 23  7  4 45 16  2 36 14 24 47 15 35 38  -  1 33 39 27 37 26  - 41 44 22  - 49  -  3  6 19 29 13  8  - 42  - 50 20  - 10  -  -  5 48  -  -  -
  8 44 39  - 12 16 21  -  3  5 19  - 29  - 10  - 27 34  - 36 15 48  - 23 18  4 26  9 30  1 25  2 38  - 22 17 32 45 41  -  6 33  - 42 24 20 43  - 46 49
 14  - 48 29 36 47 17 46 40 18  - 33  4  - 37  1  2 19  7 34  8  - 41  -  - 27 12 11 43  -  - 32 35 26 38 44 28 13  9 49 24  - 16  - 50 15 23 20  -  6
 17 49 35 21  8 46 34 19 31 28 25 32 20  7  9 29 42 37  3 16  4 24  -  - 12 38  1 45 41 43 44  -  5 13 33 40  - 48  2 15 30 26 39 50  6 14  - 36 11  -
 41 28 44 48 23  - 31 17  1 32  -  -  -  2  5 25  3  - 40 10  6 26 14  - 20  - 46 30  -  4 12 37  -  9 35 19  - 15 39 16  - 18 13  7 29 27 33 21 34 38
  7 29 43  -  3 41  6 18 36 50 11 21 26  -  - 44  - 48 35 25  5  -  - 38  -  -  - 27 46 28 32  - 22 37  - 24  8  - 33 12  -  2 17  - 16  - 42 13 14 40
 29 39  7 18 32 26 11 41 34 19 33  5  1 27  8 40 24 47  4 46  - 12 13  - 21  - 20 17 37 35 49 31 48 10 36  - 22  -  6 25 42 38 28  -  3 44  2 15 16 50
 10  -  -  2 31 18 39  5  - 22 29  -  8 40  4  -  - 12 37 44 19 17 50  -  -  - 30  -  -  - 41  3 42 32 23 11  -  9 16  - 35 14 45 38 49 34 24 27 36  1
 49  -  -  6  - 20 14 31 33 10 50 34 18 41  3  9 32  8 48  - 37 11  - 46 42  1  - 19 36 22 26 25 12 44 24  -  5 17  - 43  - 16 21 15  -  - 13 39  7  -
