2000
 35  - 44 37  - 32  - 15  7 42  - 17 19  9 30  - 47 39 36  5  2 11 16 25 14  -  1 29 33  4 21  - 50  -  -  -  -  -  - 12  6 23 45 40 27 31 22 28  - 26
  6 12 48  -  9 38 47  - 49 22 31 11 29 40  8  3  - 17  - 28  7 21 39  -  - 41  2 10 25  - 18  - 44 34  -  - 19 13  - 42  - 26 36 50 37 20 24 45 23  5
 36 13  - 20 46 37 25  - 16 40  - 44  - 29 48 39  2  - 35 38 43 41 14  1  6 31  8 15  - 10  7 24  9  4 26 50 47 17 27 32 19  - 22 34  3 11 23 18 28  -
 12 34  -  -  - 15 36  -  3 17 30  7 47  - 21 28 31 43  2 32  5 42  4 14 27 50 46 16 19 48 26 11  8 24 22  - 44  - 23 33  -  - 25  - 39 18 45 40 29 37
 37 41  - 43 49  - 35  - 31 15 38 12 13  5 28  - 24 44 50  4  - 27 47  -  - 46 40 21  - 45 11  6  -  1 30  - 36  8 39  -  -  3 10 17 48 25 26 29 18  7
  - 21  - 27  4 14  -  -  8 46 44 32 35 15  - 50 34  -  9 41  6 22 19 13 17 12  - 42 39 24 16 18 48 10 28 20 23 11 40  5  - 49  - 29 31 33 25  7  - 47
  1  7 33 48 31 23 32  - 18  2 36 22  -  - 11 24 37  5 26  - 10 30 13 16 49 17 41 44  3 39 42  - 38 21  6  8 46  -  - 35 12  - 14 47 28  - 29  - 25 27
  3  -  8 29  -  -  4 35 15 23 25 46 16  6 20  - 39 45 19 14 12 24 50 21  2  7 33 26  9 49 30  - 47 28  -  - 43  1 13 48 10  - 17 11 42 41 31  5  - 32
 47 18 40  -  - 33 26 11 48  -  6  1 32 25 45 10 12 15 16  2 29  9 30  3 37 39  - 34  5 23 14 46 43 49  7 44  - 35  -  8  - 50 24  - 20 19 17  -  - 13
  5 10 15  3  - 31 40  - 34 50  - 48 37  - 33 38 49 26  - 35  8  -  - 29 16 18 25 11  - 19 13 17 36 45 41  2 22  -  - 30  7 47 27 43  1  - 46 44  - 12
 42  - 50 16  -  8  - 20  - 14  - 31  3  -  - 26 36  9 43 25 34  7  - 18 12 45  - 49 38 29  - 40 13 32 27  6  5  4 35 17  2 15 41  - 47 44 39 23 10 21
  4 35 30 34 38 24 22 50  6  9  -  - 45 44 31 29 33  7 10 40  - 39 41 47  5 32 36 17 18  -  3  8 37 12  - 19 14 27 21 26 46  2 20 23 11 48 15 49 43 16
 29 14  - 40 39 20  8 36 45  1 23 26 21 22 16  - 28 46  -  9 27  - 38 48 47  - 10 41 31 17 34  -  4 15  - 11  - 18  7 50 35 37  5  3 43 30  6 13 32  2
 44 50 22 24  3 13  2 17 10 37 14  - 48 49 23 12 19 21  - 11 31 15 45 20 33 35  - 32  6 34 38 25 27 30 42 47  - 40 46  7 43  5 29 28 18  1 16 41 26  4
 34 23 38  4 42 40 16 25  5 48 47 24 17 35 39  8  9 30  1 18 13 19 28 22  -  2 31 43  - 50 12 29 14  - 44  7 49 33 26 11 15  - 32 10  - 36 27  -  3 20
  - 47 10 26  - 11 27 33  - 28 34 18 31 50  7  -  6 41 45  -  - 29  2 19 15  1 23 14  -  8  - 44 39  -  5  - 24 49 37  3 32  - 38 48 21 13  9 16 35 22
 32  4  -  6 13  9  -  3 46 10 27  2 12 17 19  - 22 14 30 16 20 37 21  - 48 40 35 36  -  5 28 49  - 39 31 42  -  - 25 41 18  -  - 15 24 23 50  8  -  -
 31 42 14  1 29 18  - 28 39  7  -  6 25 45 40 15 17 37 21  - 41  5 11  9  - 47 49  3  - 38  - 26 23 44  4 46  - 22 10 13  - 32  8 16 12 24 33  -  2 34
 14 30 37 19 26 41 33  2 35  6  - 10 42 32 25  4 50 23  5 39 45 38  - 49 21 43  - 20  - 28 24 22 18 11 29 17  7 36 48  9 44 31 34  - 15  8  1 47 16  3
 15 17 41  8 45 35 19 13 12  5 48 27 28 14 22 18  1 38  - 20 49  3 31  - 50  -  9  6 16 36 39  7 21  - 34 32 10  2 43 24 26  - 42 33 23 29 37 46  4 44
  -  - 39 49 30  7  1 24 20 33 45 15 36 11 26  5 35 47 18  -  - 16 48 32 29 13 34 31 43  -  6 38 17 27 50 21  4 23 12 10 28 14  - 42 44 46 19 37  8  -
 33 26  - 32 11 22  6 29 24 20  2 16  -  7 10  - 27  8 48  1 35 28 46 37 31 19 21  - 41  3  - 39  -  5  - 15 40  -  - 14 47 43 50  - 25 49 36  - 44  -
  - 28 46 12 25 21 34  -  -  - 40 41  9  1 37 47 44 10 17 33 39 13  - 45 32  -  - 18 29 35 49 23 42 22 20 16 48  3 11  2 38 19  4 14 50  6  5 26  7 24
 48 29  3  7 47 10 24 34 37  - 12  4 46  8 42 32 15 22 39 17 14 33  - 23 30 21 16  1 28 27  -  9  - 38  - 31 45 20 19  - 49 36  - 25  5 50 11 43 13  6
 20  3  7 21  8  2 14 31 29 43 41 39 11 13  - 19 45  -  - 23  - 17  5 24 18  6  - 33  4 32 15 28  1  9 38 37 35 25 36  -  - 42 12 26  - 10 30  - 49 48
 21  2  -  - 32 16  -  - 41 27  - 14 39 23  - 30 48 24 12 13  - 49 20  8 26 10 19 40 35  -  5  4 22  6  - 36 34 50 33 18 29 28  9 38 45 37  3  1 15 25
 17 43 34 15 36 42  - 46 28  - 10 25  - 24  9  2  - 48 32 49 23 50  6 26 13 22 37  7 47  - 35 19  5 18  8  -  - 44 14  - 20 27 21 45  - 16  4 39 11 33
 24  - 17 44 20  - 48 18  -  - 15 35 22 36 13 25 21  - 14  6  -  - 10 12 42 16  -  8 46 31  - 37  - 40 23 41  - 47  9  -  5 39 28  - 26  7  - 11  - 43
  - 45 27 25  -  -  7 30 14  4  - 47  - 26  - 49  - 20 22 37 21 40  - 50 39 29 13  - 17 15 48  3 12 19  9 33 11  - 18 31  8  1 23 46 10 42 41  -  6 36
 13  -  5 23 27 34  9 45 47  - 18  - 50 31  1 11  - 28 38 30 48 20 33 43 10  4 29 12 36 16 17 15  -  3 37 35 32 46 24 22 21  6 40  7 49  2 44 25  - 42
 19 36 25 18  2 46 45 23 38 49  9  - 34  -  4  -  7 32 28  8 50 26  -  6  3 24 20 22 40 33 31 42 11  -  -  - 30 15 41 27  - 44 37  - 17  -  - 48 47 29
 46  - 26 22 16 45 42 12  - 11 28 23  2  - 14  6 25  1 13 15  - 44 43 10  -  -  -  - 49 47 29 20 34 50 36 38 17 37  4 21 41 18  3  - 40  -  7 31 48 39
 11  - 29 50 35 48 17 49  - 25 24  - 23  -  -  -  -  -  7 34 38  8  -  4 40 37 42  - 26 18 44 27 20 43  -  -  - 39 16  6 45 13 47 31  9  - 32 21  - 46
 18 22  -  5 23 47 39 42 19  3 13 45  - 37 36 35 29  -  - 27 25  4 49 28 38 20 48 50 24 12 43  -  - 46 14 26 41 16  2 34 17  - 31 21  8  -  - 30 33 15
 39 44 19 17  - 49 38 43 50 16 21 29  5 41 27 20 30  3  - 10  - 36  - 46 24  -  -  9 32 11  1 31 26 42 48 34  6  7 22  4  - 25 35  - 14 47 13  2  - 45
 23 15  9 10 28 44 50 48 26 32 29  -  - 43 47 41  -  -  - 31  3  1 17  -  -  8  - 27 37  - 22 35 25  - 46  5 13 12  6  - 14 30 16 18 19 45  2  - 24 40
  8 31 35 45 43 17  - 22 40 19 39 49  7  4 38 48 41 27 37 12  -  6  9 11 20 26  5 24  2  1 33 50 46 23  3  - 15 29  - 28  - 10 30 32  - 21  - 34 42 14
 43  -  - 47 12  1 49 37 27 41 42 50 14 30 29  7 20 35  - 21 11 46 15 17  4  -  - 48 22 13  -  - 19  -  - 45  -  -  3 25 40  8 18  2  6 26 28 33  -  -
  - 39 16 28 15  - 46  - 22 30  3  5 26  -  - 27 32 13 31 19 18  - 44  7  8 25  -  - 50 42  9 41 29 47 43 24  - 45 38  - 33 34 48  -  2 17 49  - 20 11
 38 20  - 11  - 50 21  7  - 26  5  - 43 46 32  9  -  -  3 24  1 18  -  2 36 42 47 45 48 37  - 13 49 17 10 28 29  - 15  - 25 35  -  - 34 22  8 19  - 31
  - 24 28 31  - 25 23 27  - 44 22 42  - 18  - 36 13 49 46  -  -  - 32  - 45  9  7 38 10 20 50 12  - 33 47 39  1 14 29  -  - 16 43 37  - 40  - 17  5 19
 50  6 32  2 19 26 13 44 21  8  - 43 30 47  -  1 23 11  -  -  - 34  - 40 22  - 45 37 42 14 27 36  - 41 24  4 18  - 31 46 39 29 33 20  - 12 48  - 38 35
 27 11  -  -  -  6  5 16 23 36  - 37 24 38 15 31  - 18 29 50  - 43  7 33 44 30 22 13 12 41  - 14  - 48 32  -  2 21 45  - 34 17 49 39  4  3 35 10  -  8
 16  9 18  - 14 27  -  - 44 13 26 38  - 33 49 34 46 31  6 29 32  -  -  5 28  - 50 47 15  - 10 45  2  - 40  - 21 42 30 37 24 48  7  -  -  - 20 35 12 17
  - 37 49 14  5 28 20 40  1 18 19  3  -  - 12  - 16 25 41 26  - 47 24 44 23 27  -  2  -  9  8  - 15 35 45 29  - 48 17  - 31 46 11  - 32 38 42 36 21 50
 49 46 20 13 50 39 10  6 17 38 37  9 27 42 43  - 18  4 40 44 30 45 29 34  -  -  3 35  - 26  -  - 24  - 33 48 28  -  1 36  -  -  -  5  7 14 12 32 31 41
  7 49  4  -  -  5 12 39 43 47 50 13 15  - 24  -  8 40 11 42  - 35 26 36 41  - 18 25 20 30 32  2  - 29 21 14 27  6 28 16 22 45  - 19 33  - 10 38  1 23
 28 48  6 39 37 30 15 38 25 34  -  -  1 16 18 45  5 29 23  -  - 31 22 27 35  - 14 46  - 44  2 32 33  7 12 40 26 43 49 19 42 24 13  - 36  - 21 50 17 10
  9 16  - 36  7  - 18  4  - 24 32 40 33 10  -  - 42 12 25  - 28  - 37 35 11 38 17 19 44  2 20  -  6 26  1 43  8 31  5 45 50  - 39 30  -  - 14  - 46 49
 22 27 21 30  - 29  - 10  - 45  -  8 18  -  - 40 11  - 20 46 15 23 34 31  9 14 26  -  -  6 36  5  - 16 25 13 42 24  -  - 37 33 19  4 38  - 47  - 50 28
