2000
  7  8 16 21  - 32 19  4  - 42  -  9 35 36  -  3 50  - 44 27 11 30  - 34 40 13 17 48 18 46 45 15  - 31  - 39 20 37 24 43  -  1 28 47  -  2 10 22  5 41
 42 21 37 22 32  6  -  2 39 25  - 15 36 31  1 46 49  - 43 29 50 20  7  - 19 24  - 33  4  -  -  3 45  8 26  - 10 35 11 23 12 47  9 18 41  - 14 13 17 34
  - 33 30 26 21  - 18 39 46  - 50 16 28 42  - 25 48 35 24  - 19 47 43 31 14  9  4 38  -  7 37  - 17  2  6 15  1  5 23 49 22 27 36 34 13 41 11 10 44 45
  9 24 49 30  5  2 16  - 17 13 45  -  - 25 50 22 23 48 38  -  -  4 26  6  3 37  - 15  - 19 18 11 10 34 14  -  - 31 29 27 36 21  8 28 35 33  1 44 20 32
 33  -  -  4  - 10 11 46 20 29 26  6 34 13  5 24 12 36 42 41  1 43  9 28 15 31 49  3 21 40 17 30  8 44  -  - 37 18 47 19 23  - 22 16 50  - 27 45  - 25
  -  9 45  6  - 41 26 23 43 20 33 36 22 18 19  4  -  - 27 50 14 15 24  8  2 44 11  -  5 34 21 40 42 25 37 16 30 13 17 12 49 29  7 39  1 32 46  -  3 38
 15 28 21 44  - 43 10  - 47 50 17  -  8 24 40 14 19 12 45  5 25 36  3 46 11 41 35 34 48 37  2 42 31 32  7 22  - 27 49 18  - 16 39  -  9 30 23  -  6 13
  - 48  7  -  8  9 43 34 28 41  3 40 10 39  -  - 11 17 21 33 47 35 42  -  1 25 19 14  - 26 36 46  - 49 20  - 32  - 27 44 31 24  6  - 38 23 12  2 37 30
  5 14  - 42 22 33  - 50 31 24 37 19  - 41  7  -  - 38  4 17 30  - 35  3  - 10 34 36 20  - 27 49  - 29 48 43 26  6 28 21 45  2  -  - 47 40 39 32 46  8
 25  3 35 47 19 31  4 38  2 21  - 24  1  - 29 32  7 37 49 10  - 45 11 12 16 39  - 13 26  6 22 28 44  5  -  8  -  -  -  - 41 42  -  -  - 18  9 14 43 48
 32 27 19  9 42  -  5 47 24 16  - 45 12 20 25 28 34 11  - 21  - 44 46 18 22  - 10 26 29 30  4  2 14 39 38 41  - 36  3 48 37 43 40 49 17 13 50  -  - 31
 48 26 12  2 23 45  - 15 19  - 46 29  6  -  - 13 33  -  7 18  -  -  8 41 31 34  3  1 44  - 16  5 24  - 36 40  9 14 20  - 47 10 49 43 22  - 32 27 35 37
  - 37  8 25 29  1 39 12 15 34 40 20 41 44 21 47 36 22  - 11 28  -  - 19 48  - 18  6 30  5 14 35 13  -  4 17 24 23 43 46 33 49 31  2  7 38  3 26  - 10
 39 22  4  - 11  7 21 30 37  - 16 13 14 38 45 44 24 32 35 46 29 48 50 49  - 33 20 19 27  -  6  9 47 17 40 34 31  8 25  - 18  3  2 41  5 43  -  - 23 26
 22 40  - 27  - 18  6 49  - 11 44 42 43  5  -  -  -  3 23 48  - 13  - 10 41 14 33  - 47 25 39 12  - 19 16 37 17  -  8  1 28 38 29 36 45 24  4  - 26  9
 20 47  - 34 39 19  -  1 23  6 35 14  - 49 48 50 28 13  -  2 27 46 38 37  5 42 22 25 10  3 33  -  9 11 21 31 43 45  - 40 44 36  4  - 30 26 15 24  8 18
 21 16  - 12 28 49  1  - 34 45 36 18 20 32 15 30 43 47 46  6  -  2 19 23 13  - 48 35 17  9 38  4 27  -  8 29 25  3 40  - 42  7  - 26  - 37 41 39 50  -
 41 30 33 39 13  - 22 21  -  5  4  -  - 40 34  9 17  2 10 23  - 31 48 38 29 43  - 50  7  1  -  -  -  - 42 18 44 49  6  8  3 35 14 45 27 20  - 28 11  -
 23  4 44  - 43 13 42  9  1  - 15 27 46  2 49  -  - 24 28  -  - 22  5 26  - 32  -  - 41 31 19 36  - 47 18 33 35 12  -  - 30 20 38  -  -  7 21  - 40 11
 17  -  - 11  -  4 45 28  - 35 39 50 48 29 18 27 16  8 12 24 49  6 10 43 42 22 25 41  2 47  - 14 19  9  - 23 13  - 32  - 21 15 37 38 40  3 30 46  - 33
 35 34 43 49  - 38 37 45 10  - 13  7 21  6 28  -  - 31 26 40 12 17  -  - 44 11  - 24 14 22 15 48 32  - 50  - 42 30  1  9  8  - 33 23  - 27 25 18  - 29
  2  - 32 43 44  5 34 11 41 40 22 21  - 14 10 48  -  - 29 47  9  - 17  4  - 28  - 20  -  - 23  -  3 16 25  -  6 39 35 30  7  - 19  8 15 45  - 31 36 50
  - 35  -  5 31  - 13 37 30 33 25 48 40 15  6  - 39  - 19  - 10 42 20 50 47  4 24 21  8  -  1 18  -  7 46 38 49 17 45 32 43  -  -  -  - 11  - 23 16 14
 49 25 11  8 10 29  - 27 50  -  -  -  7  3  2 38  5 14 40 37 26 39 44 16  6 48 41 42  - 32 43  - 21 36 13 30 19 22  -  - 17 12 46 24 20  4 18  - 28 47
  -  1 46 20 25 50  -  - 12 26 11  - 13 16 36 39 32 23  6 19 37  8 28 33  -  - 47  7 42 18  - 41  - 21 10 14  4 24 38 29 15  - 30  5  -  - 31  - 27 40
  - 49 50 23 37 26  - 42 44  - 19 46 31 22 35  6 21  5 17  - 40 11 47 25  8 29 43 12 34  4 10 45 18 13  -  9  3  1 16 41 27 48 32  7 24 14 38 33  2 15
 34  6 22 18 50 37 32  -  4 27 43 17 24 48 44 40  -  -  - 30 16 41  2 20  - 19  -  -  3 33  7 26 38  1  - 28  5 29 21 31 10 25 11  -  - 47  - 36 12 23
  - 36 27 33 38 17 35 13  - 18 20  - 39  1  -  8 26  - 47 31  6 32  - 30 49 50 42  - 25 12  5 10 46  -  3  7 15  -  9  - 16 37  - 11 34 48 19 41 24  -
 47  -  - 32  - 34  - 43 36 39  9 25 29  4 37  -  6 18  -  7 15  - 27 17 20  - 31 40 12 42  -  1 11 23 41  -  8 19  - 14 24 50 48 30  -  - 45  3 10 49
 30 19 24  -  - 23 41 31 26  - 47 11  4  7  9 17 22 15 39 28  - 14  - 44 38 40 16  - 35 10  3 33  - 42  -  6  - 34  2 50  - 13 20 46 37  -  -  - 45 12
  3 11 28 46  4  - 44 14  -  2 49 30 19 47 17  7 13  9 25 16  -  - 31 29  - 15  8  5 23 36 35 34  - 41 12 27 48 43 10 38 20 33 45  1 32  - 40  6 18 39
 16 17  1  - 35  - 23 29  7 48  5  8 30 45 11 31 27 26 50  -  -  - 33  -  - 36  2  4 28 20 24 38  -  -  - 32 22 47 14 37 39 41 34  3 18 25 44 43 21  6
  - 20 23 35 12  - 17 41  - 38  -  3 37  -  8 15 42  -  - 32  4  -  6  9 43 21 39 47 36  - 31 24  7 48 45 44 33 10 19 13 11 26  1 40 25  -  - 34 49  5
 27 15 41  - 46 42 24 36  9  3 18 33 49 37 12 20 47 45  5 22 17 29  1 14  -  -  7 30 32 38  - 43 48 28 23  4 21  -  - 35 19 40  -  6  -  - 34 16 13  2
  8 50 15  -  - 14 28 44  3  -  - 23 38 19 41 35 18 16  -  - 21 37  - 45 33 27  9 10  - 43 29 20  5 12  2 47  - 32 46 22  4 30  - 17 48 36  7  1 34 42
 13 23 34  -  - 27  3 19 18 43  -  - 17 11  -  - 40  1 36 35 48  - 39 21  - 49 45 37  9 14 50 25  4 20 29 10 46  2 26 33 38  6 47 32 16 31  -  - 15 44
 40 45 29 41  - 25 49 24  - 15  8  4  3  - 43  - 14  6 20  1 38 10 16 39  - 18 12 32  - 44  - 23  - 33  -  2  - 42  - 26 48 17  - 35 21  9 47  7  - 19
  6  -  3 15  2 39 40 48 11 37 28 47  5 23  - 43 38 27 33  - 24 19  - 13 26  7  1 18 50 35 12 29  - 22 31 25  - 20  - 16 14 45 10 21 46 49  8  - 32 17
 37 32 10 38 18  - 29  8 13 47 27  - 50  - 39  1  -  4 48  - 46 34  -  7 45 23  - 17  - 21 42  - 30  6 24 26 12 25  -  2  - 28 16  - 33 19 20 11 41 43
 36 12  - 50  3 48  7 16 14  -  - 44 15 35 27 19 29 42 18 13  8 38 22 32  -  -  - 23  6 39 41 17 25 26 43 11 45  9  4 34  2  5 24 20  -  1  - 21 47 28
 10 39  - 40 45 28 47  5 25 46 24 31 11  -  - 21  8 49 30 14  -  7 23 36  -  -  -  2  1  -  9  - 50 43 22 12 27 15  - 42  - 32  - 37  -  6 35 38 29 16
 11 10  2  -  6 40 14 20  -  - 41 39 32 17 22 29  - 30  9  -  - 24  - 15 50  3  5 46 33 16 48 21  - 35 27 19 28 38 34 47 26  8 23  - 42 44  - 37  7  1
  1  -  -  7 24 11 33  6 38 44 12 34 45  8  - 10 41 43 15  4 31  - 14 22  - 47  - 16 37 17 20 32 35  - 30 13  2 48 50 28 40 23 42  -  3 46 29 49  - 36
 19  - 42 45 27  -  8 17 48  7 38 32  - 43 46  2 31 40  - 36  - 23  - 11  - 26  6 29  - 28 49 16  1 50 44  3 34  - 39 24  9 14  -  -  4  5 22 47 30 21
 26 43  5 13 49 46 20 18 40  - 29 35  9 10 14 23 30  7  3  8  - 21 45  - 36 12 37  - 16 50 32 47 33 15 19  1 38  4 22 25  6 11 41 31  2  - 17 42 48 27
 46 18 47 17 15  - 27 40 45 22 32  -  2 21 31  -  - 34  -  - 23 33 25  - 30 38 14 49 43  8 26 39 20  4  1 36  - 16 48  - 50  9 13 44  - 10  6 29  -  3
  -  -  - 16 34  -  - 33 42 19  1 10 18 46 24 45 20 25  8  3  2 12 30 27 32 17  - 22 49 48 47 37 23 14 28  -  - 40 44  6 13  - 21  9 11 15 26  5  - 35
 44 42  6 14  1 16  2 25 33  8 31 26 27 34 20 49 10 19 41 38 43 18 29  - 21 30  - 45 11 23 13 50 39 37  - 24  -  7 12 17  -  -  3  - 36 28  5 40  -  4
 38 29 26 37  9 15 25 32  8  4  - 43 33 12 13 36 44  - 31  - 22  - 18  2 17  - 23  - 24  - 40  6 28 30 47 49  - 41  7  -  -  - 35 27  - 42 48 19 14 20
 24  -  - 48 17 21 30 10 27  -  - 41  - 33 47 42 15 20  - 26 32 28  -  1 39 16 38 43 19  -  8 44  - 45  - 35 14 11  -  3 29 31 18  -  6  - 36  4 22  -
