2000
 19 43  6  1  -  7 49 45  2  3 40 30 24 38  - 20 36 34 15 11 44 39 22 50 37 10 18 16 14  9 17 35 31  - 12  - 25 29  -  5 48 21 46 47 42  4 32 41 28 23
 50 20 24 18 22 17 39  8  - 10 36  -  - 44 43 25 28 19 38  - 26 49 41 16 11 30  7  -  2 33 48  - 46  -  5  6 13  3 45 47 12  4 37 21  - 15 31 29  9 27
 43 23  8 14 36  1 47  -  9 16  - 45 49 11 44 50  3  2 40 12  - 30 18 38 46  4 26 20 29 42 25 19 15  -  - 21  -  -  - 24 22  5  -  - 41 27 35  - 48 28
 39  -  - 50 46 22  - 41 28  1 49  -  4  5 18 31  - 10 29  3 38 20  - 48 44 12 24  - 36  7 21 25 27 40  8 47 34 42  -  - 32 23 35 30 13 26 17 15  -  2
  -  -  9 15  - 27 42  - 13 17 35 12 25 50 28 23 43  - 21 44 39  6  -  - 41  - 31 32  -  - 36 40 48  8 20  5  - 47  - 16 10  - 33 14  - 30  - 18  3 46
 38  9  -  -  -  - 40 47  - 26 21 11 35  - 20 42 13 43 32 27 17  2  7 25 14 24 39 18 15 12 16  -  - 22 50  -  1 37  -  - 41 30 29  5 36 19 23 44 46  6
  - 18  - 42 31 23 38 40 39  5 10  - 44 15 45 11 32 21 14  6  7 28 13  2 30 46 43 24  - 35 50  -  4  - 37 19 17 49  - 26 33 22 25 34  8  9 41  3 27  -
  - 37 48 49 35  - 44 14 27  - 12 32  5  2 21 29  - 39 45 33 10  - 46 20 24 38 17 23  -  -  - 18 50 30  4  3 11 43  9 22  6  1 41 13 15 16 47 25  -  8
 10 44  - 33 34 43  7 27  6  - 50 20 42  -  - 36  - 47 19 39 12 16 25 15 18  -  4 11 40 14  - 26  8  3  - 22 46 23 21 29  1 24  - 28 38 35 48 30 31  -
  3  1 38  -  - 33 45  - 47  7 11  8 43 12  -  -  -  -  5 49 16 14 28  4 39 25  - 17 32 27 42 50 22 24 35  -  6  - 18  -  9 29  - 19  2 41 40  - 44 21
  - 42  3 47  7  5  - 17 49 38  9 25 48  - 34 19  -  - 12 32  - 22  -  6  - 13 29  2 44 39 40 21 23  -  - 45 14 35  -  - 16  - 11 20 46  8 18  4 30 37
  2 38 17 21 12 20  - 31  8 34 14  6  -  3 29  - 46 36 41 16 33  5  - 26 25 43 32 44  -  - 23 28 42 47 30 40 27 24  -  1 39 49 18  - 45 22 15  -  4 13
 31 15 50 30 39 29 36  - 44 24  - 16 41  - 42 34  4  - 35 37  - 33 45  7  -  - 47 28 38 46  8  9 32 23 13 12 19 18 17  - 14 43 27  1 40  -  -  -  2 26
 15  - 42  -  2 31 28 48 32  -  5 23  6  -  -  - 26  - 24  4  8  - 40  3 19 41 16 35 30  - 34 49 12  -  7 38 18 27 20 39 47 44  9 46 25 36 21 43  - 33
  - 45 14 28 25 32 30  9 33 22 48  1 39 46 26 27 21  - 10  7  - 42 49  5 43  - 44 41 13  4 47  -  -  - 19 29 36 16 38 35  8 17 40  - 31 20  6 12 24  -
  -  3 10 35 21  - 14 42 36  - 43 26  2 23 12 28 49 30  7 47 15 46 20 29 48  8 13 33  5 44  - 45 19 18 40 41  -  -  1 25 27  6  - 24 50 32  9 34 16 11
  8  - 46  - 13  4  1 50  - 30  -  - 38 31 22  6  2 33 23 36 47  - 48  - 20 40 45  7 27  5 26 17  -  -  - 49 43 32  - 37 18  - 16 25 21 34 42 11  - 10
  7  6 20 23  - 41 32 15  -  -  2 46 13  1  -  8 16 28  3 35  9 47 30 18 34 14 33  - 43 22 27 44 17 49 42 24 12 38 10 11 29 31 39 36 26  - 25  - 50 48
 13 29 11  8 30 44 21 24 12 19  -  - 40 26  - 43  - 18 39 10 31 45  4 14 16 17  9 42  - 47 33 20  7 48 22  - 35 41 25  -  2 27 38 37  1  5 49 32  - 36
 35 50  - 44 45  - 12  - 25 41  -  3 19 40 46 14 20  4 42 17  -  7  - 31 15  -  - 29 33 37 10  -  -  -  1 32 28  - 22  9  5 34 21 11 30 49 13 36 18  -
 14  2 26 43  - 42 17  6  7  -  - 10 31 29  5  9 24 48 50 22 37  8 39 27  - 20 15 12 46 21  - 41 11  - 23 35  - 30 34 38  - 13 45 32 18 25  -  1  - 49
  - 39  - 22  - 19  - 37 26 12 29 49 28  - 40 21  -  -  -  8  - 18 23  - 45 27 35  4  9 17  1 36 34 32  6 10 41  5 15  7  -  - 20 16 43 31 46 47 38 42
 37  - 41  9 17  3  - 49 31  - 20  4 45 22 16 24  5  8 18 38 25 48 11 19 21 34 50 15 42  1 43 30 33 28 47  -  7 10 12  2  - 14  - 40 27 44 26  - 39 32
  -  - 27 39 10 16  5  -  - 33 26 47 46  -  3  - 34 23  4  -  -  - 36  1 32 22 30 49 19 50 45 38  - 31 11  7  9 28 14 20 35  8 15  - 17  -  - 13 12 29
 47 36 23 46 27  -  - 13 15  8 42 38 29  - 48  -  7  6 44 43 14 11 33 45  4  - 25 30 17 18 19 10 37  - 24 20  2 31 40 32  3 12  - 41 35 39 50 21 34  9
  9 47  -  -  - 11  - 32 43 50 15  2 22  - 14 35  1 45 26  - 46  -  - 10  6 29  -  -  -  -  -  7  5 20  - 23  8 34 31 33 49 39 30  4 37 18 12 42 17 16
 21  - 22  - 20 13 24  - 18  -  -  - 47 36 49 33 45 42 48  5 32  - 29  - 23 19 10  9 50  -  4 11  2  -  - 46 39 12 41  8  - 37 26  -  7  3 27 16 43 40
 27 41 49 48 24  - 29 44 16  - 33  5 37  - 19 10 30 20  - 26 22  -  - 12 50 18 23  - 21 32  2 15 47  9 25  - 45  -  7 31  - 35 42 38  3  1 34  -  -  -
 23  4 35  -  5 39 15 28  -  - 30  - 34 32  6  -  8  - 13 14  - 43 42 33 27  9 21 37  3 49 18 48  - 45 38 17 10 50  - 41  -  - 31 12 19 47 24 26  1  7
 20 32 44  -  8  -  - 34 46  - 41 17  1 16 38 49 18  - 30 29 28  9 27 39 36  -  6 40 10 23 22 12 24  -  2 42 15 33  - 50 43 19  7 26 47 13  - 37 25 45
 33 26 34 27  - 30  - 22  - 21 13 40  - 18  7 17  9 35 36  -  1  4 12  -  8  2  -  - 49 43 32  6  - 38 48 39 50 44 29  - 45 42 19 10 16 37 11 24  5  -
 25 17 21 38 42 35 33 46 11 49 23 22 18 27  9 48  6 50  - 30  5 32  -  8 13  7  3 10 47 15 39 43  - 16 31  4 29  - 19  - 34 45  -  -  -  - 36  2 41  -
 40 34 12 10 44 45 11 20  1 18  - 48 17  7 36  4 38  - 37 50 27 29  - 32 42 49  -  3  6 30  - 13 21 41 14 16 22 25  5  - 26  -  -  - 39 24  2  9 23  -
 48 28 16  7 43 24  - 18 17 47 25  -  - 10 33  1 37 12 49 41  -  -  -  9 40 11 42 50  4 19  5 39 30  - 29  8 21 45  - 14 31  - 32  2  -  -  3 22 35 44
 11 33  - 25 47 49  - 16 34 42 38 19 27  4 23 37 50  9  2 20 35 13 15  -  -  -  8 31 45 48 30 24  6  - 32  - 26 36 44 43 46  3 12  - 14 21  - 40  -  1
  -  -  4  - 49 26  2 38 21 37 45 44  7 30 47 40 35 24 34 15 42  -  1  -  9  5 12 25  -  6 28 33 41 17  - 13 32 48 16 36 19  - 50 31 10  -  - 27  8 39
 26 46  - 29 41  2 43 35 42  - 24 39 12  6 32  3 40  7 20 31 30 44  - 11 47  1 36  5  8 45 49  -  - 19 21  - 48 13 50 27 15 25 17  -  - 28 16  -  -  -
  4 27  - 31 33 38 48  - 24  - 47  9  - 34 17 32 44  -  8 18  -  -  2  - 12 50 19 39 41 40 35  - 16 10 46 25 42  7 49 21  - 28  -  6  5 29 37 45 15 22
 34 48  - 12  - 15 23 39  4 32  3 31 10 47 25  - 14  - 27  2  - 19 17 24 29 35 11  -  - 13  6  - 45  - 26 43  -  9 42 28 37  -  5 22 49 46 30  - 21 41
 41 21 13 11 19 50  8 33  - 25  7 43 30 20 24  5 39  -  -  1 49 27  3 40 31  - 48 36 18 34  -  - 14 46 16  2 44 22 23 42 28  -  4 45 12  6 10 38  - 17
  5 10 33 24 40 46 50  4 37 20 31 35 15 42  -  - 47 38 16 45 18  1 32 28  3 44 22 13 25  - 11 29  9 21 17 26 23 14 27 34 36  -  8  - 48 12  -  6  7 43
  -  - 31  - 48 47 20  3 50 43 37  7 26 33  - 13 29 41 46  9  - 25  - 42 17 21 40  1 12 24 38 34 28  4 27 14 49  6  - 45 30  - 36  - 44  - 22 35 19 18
 12 40  -  2 14  -  4 19 29 48 28  - 32 13 31 30 41 17 25 21  -  - 16  - 35 26  5  6 24  8 46 23 39 36 10  9 20  -  3 49 38 47 44 50 33 43  1  - 42 34
 30  - 47 13  9 40 19 43 20 27  1 34  - 48  2 41 15 32 22 28 24 35 21 36 38 33 37  -  - 16 14  4 10 26 45 44  3 46 39 18 17  7  6 29 11 42  - 31 49 25
 16 14 45 41 50  - 35 29 30  - 27 21  -  -  4  -  - 26 47 24 40  - 31 49  2  - 38 48 39 36  -  5  1  - 43 11 37 19 46 13 42 15  - 18  - 17  7 10 20 12
 22  8 39 26 18  9 34 36  5 44  4 15 33 19 35 12 10 27  6 42 43 38 47 21 28  -  - 14 20 29  -  -  - 25 41 31 16  1 32 17  -  - 49  3 24  7 45 48 11 30
 44 22 19 45 32  6 18 10 38  2 39  -  - 24 11 47  -  - 43 25  3  -  5  - 49 48  - 26 35  - 12 46 20 13  9  - 30 21  4 40  7 16 28  8 34 50 14 17 33  -
  - 49 25 17  -  - 37  1  3 45  6 18 16 28 13 15 12  5 11 19 21 10  8 43  7 36 14 22  - 20 41 42 40 50 44  -  -  2 26 23  4 32  - 27  9 33 38  - 47 35
  - 24 29 32 15 12 46  - 23 31  - 50 11  - 27 16 25 37  - 34  4 36 38 47  -  6  2 45  7  - 13  3 35 42 39  - 40 17 30 44 21 10 14  9  - 48 33  8 26 19
  - 30  7  -  6 14 16 12 10  9 17  - 21 35 39 38 22  - 31 13 19  - 34 37 26 42 49 43  1 25 20  - 36  - 18 50  - 40  - 46  - 48 23 15 29  -  8 28 32 47
