2000
  6 12 49 36 17 45  4 26  -  -  9 15  - 19 47 33  - 10  -  3 37 46  8  1  -  -  5  - 30  2 13 22 41 42 25  - 31 48 14 39  - 21 50  -  - 44 16 34 35 29
 35 37 43 11 27 47 33  7  -  -  1  -  - 39 29 41  -  3 28 32 48  6  - 46 50  9 18 12  - 45 10 15  - 30 14 16 25  8 19 38  - 13  - 22 34 17  4  - 20  -
 31 46 32  -  5 27 17  4  6 11  - 24 30  - 14 40 25 43 29  - 20 39  2 42 12  -  -  - 35  - 38 37  -  - 22 33 48  3  1 28  -  - 10  - 16  - 47 21  - 45
 41 23 47 28 34 42 25  1  -  8  -  9  - 35 46  3 30 40  - 36 50 19  - 44 43 26 12  - 48  -  5  - 13 11  6  -  7  - 39  - 24  -  -  - 17 15 33 16 10 21
 30  3  - 48 43 34  - 24 33  2 20 11 21  1 16  -  - 12 44 25  - 42  -  4  - 13 19 18 15 17 32 45 26  8  5 36 28 49  7 41  - 10  - 14  6 38 39 46  9 50
 43 26  1 24 15  - 31 36 11 34 50 42 18 41  - 21 19 14  7 39  2 16 23  -  5  -  - 30  - 20 17 48 49 12  9  3  6 29 46 25  - 32 37 27 28  - 45 44  - 22
 38 42 11 34  2  7 12 20  -  4 36 49  9 30 35  8 24 46 37  - 44 25  - 31  -  1 10 28 26 22  -  - 48 21 40 45  - 17 15 13  - 16 19 47  - 27 32  - 43 39
 12 29 23  - 50 17 40  3  9 41 43 10  7 21 44 46 28 20 35 38 13 36 14 33 47 19 45  - 11 42 15 31  - 22 24  5  2 27  - 34 32 48 30  - 25  4 18 39 37  8
  4 30  -  -  - 43 24 31  2  - 40 44 38  9 26  -  -  - 18 22 41 49  1 10 16 34  6 23  3 27 25 29 50  - 48 19  - 32  5  - 42 11 39 13 35 37 15 33 45 14
 18 16 36  1 39  - 30 12  -  6 23 26 41 47 22 35 43 13 11 37 49  3  - 20  -  5  - 46 28 15 31  7 21 32  - 17  -  9  -  -  - 50 34 25  - 40 24 38 44 33
  -  - 44 25 22 33 28 46 20 42 38  - 26  3 12 32  -  -  1  4 10  - 11 19 24 48 50  - 49  -  - 27  2  -  8  - 21 18 35 47  5  6 16 37 30 41  - 13 14 15
 34 11 10  - 37  -  9  - 23 29 39  - 50  - 45  - 48  2 15 20 40 41 21 36 44  - 43 14 18  1 35 49 42 25 19  -  - 33  4  6  -  8 13 30  3  - 46 26 31  -
 37 22 35 14 40  - 11 28 29 36  8 16  1 31 10  -  3 39 48 24  5 30 17  6  2 44  - 43 46 21  - 19 20 38  -  7  9 13 18 33 47 45 23  -  - 42 26 27 34  -
  -  6  - 31  8 23 21  - 41 10  -  3 49  -  2 39 42  - 38 48 47  - 46 22 32 36 44  -  - 43 30 35  9 17 11 28  4 45 16 37  -  - 12  7  - 34  -  -  -  1
  8  -  - 20 10  -  1 40 15 33 49 45  - 44 24 16 31 42 47  - 18 38  - 30  6 41 13 48 14  5 19 36 27 28 50 34 46 39 37 22 26 12 11  -  4  9  - 17  7 32
 21 32  4 44 20  - 36 50 16 15  7 40  8  -  - 24  1 48 33 34 35 29  -  - 19  - 49  -  6  - 28  - 45  3 12 11 30 10 22 43 37  - 26  2 39 13  -  9 18  -
 25 39 21 42 11  2  - 34 40  - 27  - 20 46  9 38 36 37  - 14 16  - 45  8  7  6 47 31 29 33 49  -  - 50  - 18 24 35 30  4 44  - 48  -  - 43 13  -  5 26
 33  -  - 47 49  1  -  6  - 25  5 17  - 15 30 34 38 41 26 11  - 13 40 32  8 14  7  -  2 16 44 23 46 10 20 37  3 43 48  -  - 24 21 42  9  - 12 45 28 19
 44 33 41 39 46  -  - 17 28  -  - 27  - 50 34 25 16 45  3 15  - 47 22 12 23  - 20 21 38  6  2  9 37 18 13 48  1 14 43 49  4 40 24  5  -  - 10 31 29 36
 40 17 42 33 45  3  - 14 10 39  - 25 22  -  4 23 18 16 46  2  - 21 24  -  1 27 38 15  - 36  - 28 34 19 26 32 13 41 12 44 31  -  6  9 20  8  - 29 11 49
  2  8  9  - 36 10  6 32 22 38 48  4 11 20  7 45 40 50 25 12 33 15 13  3 26 21 16 42 43 24 23 46 28  -  -  1 34 30 47 31  - 17 27 19 44 35 14 18 49 37
 29  5  -  4  -  6 41 45 25  1 44 37 16 27 33 49  2 28 31  8 22 43 36 17 13 50 35 10 24 30 26  - 23 47  7 42 15 12  9 14 39 46 20 11 18  -  - 40  3  -
 28  9 31  7  3 26  - 41 13 49 46  -  - 48  8  - 29  - 14 30 25 32 44  2 37  - 21 11 22 40 39 18 10 27 17  - 16 34 24  1 20 23  - 12 47 45 19 15  4  5
  -  -  -  - 35 18 48 22 26 23 19  6 44  - 15 12 21 34 40 28 43 45 10 50 31  - 37 39  - 49 14 38 47 33 41 46  - 11 36  -  8 29  7  4 13  - 25  1 32 30
 47  - 33 45  -  4  5 48 36 13 30  2 17 24 31 43 10 19 23 26 15 35 39 11  9  - 28 49 12 14  - 44  -  7 38 41 18 22  - 16  6 27  1 34  - 50 20  3  - 25
 23  2 50 10  - 14 16 38 17 21 13 20 45  - 41  -  - 49 27 44  -  5 19  7 29  - 31 26 40  4 11 33 15  -  3  -  - 24 42 36 48 37  9  8 43  - 30 32 22 34
  1 14  3 41 42 36 19 33  5  - 32  - 48 38  - 30 12 18  - 43  - 40 16 15 11  - 23 44 39 25  -  8  7  6  - 13 20 31 21 24 46 34 29  - 10 22 27 28 26 47
  - 44  7 13 32  - 38 18 45 27 15 21 31  - 43 14  6  - 49 40 46 12 42  9 30 22 34  - 47 11  4 50 39  2 28 10 41  1  8  3 36 33 17 35  - 48  - 20 25 16
 10 18 15 43  - 40 13 16 37 50 28 30  4 45  5  - 14 38  6 27 36  1 26 23 42  - 48 34 33  9 22 12 11 49 47  8  - 44  - 35  2 20  - 31 32 25 21  7  - 46
 49  7 16 40 33 48 14  - 43 46  6  - 42  4  1 29 34  -  9 10  - 28 47  - 38 23 27  3 41 39 37  2 30 20 35 15 36  - 25 12 45 44 32 18 19  -  - 22  -  -
 11 40 27 12 26  9 34 44 32  7  -  - 43 22  -  - 49  4 39 31 21 50 28 45 25  2 15 37 20  -  - 24  -  1 46  - 19  6 10 48 13 30 38 33 36  5  8 41 23  3
 32  - 48 35 12 30 37  -  - 47 11 34  -  - 13  - 41 17 16  7  3 27 33 26 40 45 14  8  1 10  9 39  6 24 29 44  - 15  - 23 38  5  -  - 22 28  2  4 21 43
  5 35 24  -  7 50  3 30 34 19 31 18 14 42 39  - 17 11  - 16 45  8  - 28  4 10 36 47 44 12 46 41 22  - 21  -  -  - 26  - 40  1  2  - 38  - 49  - 33  -
 46 27  - 18 23 15 39 25  1 14 22 28 10  8 50 36  7 31 21  - 34  2  9 35  -  3 32 33  5  - 41 47 38 43 45  - 12 16 13 17 30 19 42  - 29 49 44 37 40 11
 50  -  -  3  4 44 42 27  - 43  - 35  5 40 21 15 23  9 36  - 31 11 34 37 17  - 29 38 32 26 20 16 33 41  1 39  8 19  -  - 10 22  - 48  -  -  7 24  - 12
 26 49 39 19 41 11 44 43 42 32  - 33 46  2  - 13 22 23 10  -  -  - 25 29 36 20  9  5  8  -  6 30 14 15 18  - 37  - 38 21 28 31  4 40 27 16  1 35 12 17
  -  -  - 38  - 24  - 37  - 17 10 12 47  - 20 18  - 33  5  - 23 31 50  - 39  -  1  2  - 32 29  4  8 14  - 35  - 26  3  -  -  7 28 46 49 21 48 11 42 40
  - 48 28 16  - 12  -  - 14 45  - 19  -  7  -  - 33 27 41  5 39 22 32  - 10 30  -  6 31  - 42 17 24 35 36 26 50 46  - 40 43 49 44 20  -  3 29  8 38  9
  9 36 14 27 24 20  8 29 47 31 45  1  3  -  6 26  - 44 12 17 19  4 15 40  - 28 41 32  7 50  - 11 25 37 34 21  - 38 23 18  - 42 43 39  5 46 35 49 30  -
 20  - 45  6  9 31  -  - 46 22 21  - 28 12 25 11 15  1 30 47  -  7  - 24 27  -  - 13 19  8 34 10 29 44 33 40 32 36 49  -  -  - 35 16  - 23  - 48  2  -
 16  1 37  - 31  -  7 35 48  9 29  -  2  6  -  5 45 22 32 19 14  -  -  - 41  8 24  4 36 13 18 42 43 46 44 12  -  -  -  - 34 25  - 10 21  - 28 50 15 23
 27 47 13 22 48  8 49  9  7 20  - 38 12 14 28  - 50  6 43  - 32 44 18 25 21 31  - 40 37 41 24  5 17 16  4  -  - 42 11 10  1 15 33  - 46 30  3 36 19 35
 36 15 25  8 44 35 22  2 12 37 47 48 32 13 19 50  9 26 24 46 17 23  5 39 14  -  - 41  - 34 40 20  4 31 49 43 33 28 29 42 18 38 45  -  7  -  6  - 27 10
 24 50 29 37  - 46  - 39 44 48  -  7  - 34  - 27 32 30  - 49  8  - 43 14  - 47 22 16  - 31 21 26 35  5 42  6 11 25 20  9 33 36  - 41 40 10  - 12  1 28
 45  4 17 50  - 28 10  - 39 44 42 46 13  - 18  9 26 32 19 21 12 24 35  - 49  - 33 29 16  -  1 40  - 48 30  2 14 20  -  7 25 41 22 15 37  - 11 23 36  -
 39  - 12 21 18 32 27 15  -  -  - 13 33 43 17  6  8 47 42 50 28  - 30  - 35 29 11 19  4 46 36 25  1  - 23 24 49  7 40 20 22  2  - 44 26 14  9 10 48 38
 14 19 38  2 30  -  -  - 50 40 33  - 34  - 36 10 47  7  8 42  -  - 12 16 15 35  -  - 25 28  - 21 32 23 43  -  5  4 17 26 29  9 18  -  -  1 31  6 39 44
 17 38  - 46 16 39  - 23 21 28 41  - 24 11  - 20 35  8  -  1  4 33 27 49  -  7 40  - 42  - 12 43  - 13 10 30 44 37  - 15  9  3  5 45 48 26 50 25 47 18
 42  -  -  - 38 22 46 19 35 16 12  - 15 33  - 48 11 25 50 41  1 14  -  - 18  - 26 20 45 37  3 13  5  4 27  9  - 21 44 30 49 39  - 28 31  2 36  - 17  -
 48 28  - 23 14 25  -  -  8 24  - 36 27 32 37 44  4 15 34 33 11 20  - 38 46  - 30 50  9  7 47  3 19 26 31 49 39  5  -  - 17 35 41 21  1 12  - 42 16  -
