2000
 21  - 39 13 28 24  - 18 37 43  - 47 45 25 33  6  -  -  - 22 26 32  8 14 38  7 44  -  - 29 19  5  9  - 15  -  3 40 35  - 41  -  - 34 20 12 42  - 48  1
 38 24  - 16 18 50 20 12 39  - 10  - 11  5 44  2 40 34  7 45 17  3 47  - 35 14  -  - 46 23 13 22  -  -  8 29 32 21 30 41 31 49  -  1 36 19 48 27 33  9
  7  - 41 32 39  - 36  - 22  5 43 34  - 30 13 20  -  - 47 12  3 33  2 11  6  - 16  - 49 28  - 50 19  9 42 18 10 48 37  -  -  - 17  - 31 25 21 14  -  4
  -  - 43 22 42 19  9 26  -  6 18  2 25  -  - 30  - 31 40 39  - 41  -  8  -  -  -  -  3 50  -  -  - 32  7 47 28 34 49 20  - 12 33 29 13  4 16  5 24  -
 29 16  2  -  4 22 31  - 44 34 28 17  - 47 35 41 18 27 42 37  1 14  - 30  - 23  - 48 45 15 33  - 46 38 49  - 43  6  - 11  - 24  9 39 21 26 40 12  - 10
  4  - 11 47  3  - 49  - 46 13  7  - 16 17 23 18 48  -  8 35 24 12 40 28 37 30 33 10 32 34 15  9 21  - 27  1  - 38 41 19 39  -  2  - 14 29  -  - 44 50
 46 18  5 28 25  - 11 38 41 20 49 33  6 48 29 19 16  -  -  9 15  -  - 12 17  8 30 26 42 32  - 21 24 35  3 31 34 22 40 23  - 43 14  4 44 36 47  -  -  7
  - 41 12  7  - 33  - 25 15 37  9 43 35 28 22  -  - 40  - 34  8 10 13 36  1 49 18 23 50 21 16 27 39 48  4 20 29 45 26 17 42  5  - 11 38 47 30  - 14  -
  - 44 34 38 40  - 26 41  - 22 35  - 47  -  9 48 39 10 30  - 16 24 28 32 31 13 43 19 12 27 29  6  -  1 18 17  7 15 42 37  - 46 49 20 50 33 25  -  2  5
  - 10 21 42  -  - 34 37 47  4 23 29  1 39 36 24  9 30 19 46 25  - 41  2  3 15 20 28 43 18 14  8  7  - 33 12 16  5  -  - 45 27 40 49 22  -  - 44 11 35
 50 13  - 34 47 32 43 24  - 42  - 38 46 45 20 26 21  9  - 41  6 22 18 44 15 29  -  3  5 35 25 10 27 37 39 28 40  1  -  - 33 36 23 14 19  - 49  -  7 11
 27 34 33 11 49 41 17  - 42 38 50 40 10 12  3  8  5 37 44 24 43  - 21 19 29  - 15  7 31  6 48  4 36 47 22 45 18 14 39 32  - 16 20 13  - 23 26 28  1 30
 33 40  1 18 45  - 21  - 20 23 24 31 12 22  - 47 28  3  -  - 35  - 14 29 49  5 39 13 30  7  - 15  8  4 10  2 36 42 44 43 16  6 32  - 46 34 37 11 50 26
  -  - 24 10  - 39 50  3 18 26 40 48  -  - 31  - 47 15  -  - 41 36  1  - 13  - 19 38 35  -  2  - 25 29 44  - 42 32  - 34 27 33 43 12 30 14 22 37  - 17
 19 50 30 33  - 45 28  9  2  7 34 27  - 31 18 10  1 41 11  - 38 17 22 16 20 12 47  8 14  4 44  - 40  6 29 42 35 25  5 48 37 13 39 26  - 43 23 32  3 21
 36 11 10  8 26 20 14  1  7 32  4  6 44 42 27 34 33 46 12 40 37  -  - 45 43 35  2 49 41 13 30  -  -  - 25 19  9 29 50  - 18  3 24 22 47 28  5 21 17 48
  - 14 29 20 35  9 33 21 32 46  -  4 19 18 11 40  7  6  3  2 49  8 44 23 25  - 48 36 34 31 12 43 26  - 37 30 45 28 38  - 13  - 50 41 10 27 24 22 15  -
 17  - 37 45 15  3  - 46 48 18 31 28 22 38 24 49 34  -  -  -  - 23  4  1 41  - 40 11  - 44 10  -  - 27  5 43 21 16 20 35  - 42 12 30 33 39  9 47 25 13
 30 28 44  - 12 26  4 14 25 24  -  8  - 23  - 22 43 11 21 33 34 37 39 46  9  - 49 40  7  -  -  -  - 15 45 38  1  - 48 18 10  2 27 32  -  5 13 35 16 36
  1  -  - 30 23 17 13  4  8  - 44 24 36  - 19 15 26 47  - 14  - 42 48  6 12 50  5 33 16  - 46 25 10  2 34 49 11 43 32 22  - 28  7  - 35 31 41 45  - 40
 42  - 15 36 37 11  3  8 10 35 30 13 29  - 25 38 41 18 23 32 44 43  7  - 14  -  1  -  - 16 49 48 45  - 21 46  5 24 22 40  - 19 34  6 26  -  4 20 47  -
 24  2 20  3 44  - 23  - 13  - 21 14 32 43 17 37 42  1  6 36 45  - 49 39  - 41 29 16 40 10 31 30 34 25 38  7  4 12  9  - 15 26 48 28  8 50 27 18 22 19
 31 32  - 44 16 29  - 40 26 49 38 19 17  -  1 36 45 33  9 30  7  6  -  4 23 42 27 41 25 12 11 28  5  8 24 21  2 35 14  -  -  - 22 18 37 10 20 48 43  3
 22 33 28  6  -  -  - 30 21 36  3 35 27 24 43 13 10 49  2 18  5 25 17 38  4 47  - 12 39 45 32 44 42  -  -  -  8  9 31 14 50 34 46 15 11 41 19  - 40  -
 41 38 36  -  - 34 22 42 19 28 16  5  -  - 46  - 12 35  4 31 27 49 32 25 44  1  9  - 20 17  3 39  - 18 26 24 47  - 11  -  -  -  - 48  - 13 33  -  -  8
 12  5 14  -  - 47 30 17 49  - 48  7 28 37  2 16  - 43 38 26 23 15  6 24 27 10  4 20  -  - 21  - 11 34  1 35 39 50 33  9  8 18 42 31 29 44 32  -  - 45
  9 47 32 12  5 25 40 34 33 39 46  - 30 36  - 44  6 23 26 20  4 27 31 37 42 21  3 22 48  - 38  - 35 49 19 50 41  2  -  - 24 45  - 10 17  7 11 15 13  -
 35  -  - 24 10 16  5 15  3  2 12  -  7 41 14 23 25 21 20 29 11  1 50 47 46 22 13 42 44 40 17 33 18 26 36 37  - 27 43 45 34 32  - 19  - 48 28  9  - 31
  -  - 27  - 29 49 24 48 43 17 41  -  - 11  - 33 50 38 22 23 21  - 12 13  5 37 26 18  1  - 45 40 14 46  - 34 19 20 36 30  - 10 47  7  -  6 31  4  8 16
  - 23 48 40  6 43 35 36 38  8  1  - 41  9  5 50 31 44 28  -  - 30  3  - 45 16  -  2 13 46 26 11 12 39  - 14 17 33 47 29 49 22  - 21 34 15 18  - 42  -
 43 31  9 21  8 14  - 10 45 40 25 49 34  -  6 42  - 32  - 38  - 11  5  -  - 19  - 29  4  -  -  1 41 30 16 23  - 39  7 24  3 48 36  2 28 35  -  - 37 18
 25  7 16 43  -  8  2 33 14 11  - 30 13 26 50 31  - 36 32  5 42  -  9 21 19  -  - 34 18 20 35  -  - 10  - 39 24 37 23  6  -  - 44 40 41 49  1  3 27 47
  -  -  -  9 38  - 16 39  - 29 33 20  8  -  -  -  - 28 34  -  - 13 35 49  7  - 10 43 17  1 47 26  - 42 46  - 14 36 24  - 22 41  - 27  5  -  - 25  -  -
 15 49  - 41  -  - 37 47  - 45 36  - 14  -  - 35  - 12 39 43  -  - 10  - 50 25 38  1 29 24 22 19 28 21  2 32 26 17  6 27 20 44 16  5  4 18  3 30 31 23
  -  6 19 35 34  2 25 32  4 12 11 50 42 49  -  5  - 22 43 10  - 16  -  - 36 28 41  -  -  9 18 17 48 44 47 26  - 13 27  7 40 30 29  8  - 46 45  -  - 33
  2 48  7 37  - 12 38 28  - 14 32 15 31 35 21  4 19 39  - 49 46  - 16 20 33  9 36  5 24 26  6  - 13  -  - 11 22 44 45  -  - 17 25  3 27 40  8 10 18 29
 49 12 25  2 46  6  - 11 28 10 13 21 48 50 26  7 32 14 18  3 36 20 43 34 30 40  8  - 47 37 24 45 33 19  - 22  - 31 29  -  4  -  - 16 15 38 35 23 39 42
 13  - 47 50 19 37 18 23  5 21 20  -  9 34 49 14  4 48 41  -  - 40 29  - 24 43  - 35 33 22 39  - 38  - 30 36 44  3 28 25 26  7 31  -  1  8 46 42  -  -
  -  1  3 48  - 40 12  - 24 31 15 23 33  -  -  - 35 19  5 44 39 18  - 42 16  - 14 50  -  8 43 49 32 22 13 41 30 11 46 36 25 37 10 17  9 20 38  6  4  -
 32 22  -  5 20 31  8 49 29 30 27  -  4  6 42  3 14  - 16  - 40 45 33 35 26  2  - 37 23 19 41 34 47 24  9 48 15  - 10 39 11 25  1 50  -  - 36 43 38 46
 45 39 40 14  - 35  -  - 31 41  - 36 43  4 32  -  - 29 50  -  -  7 30  - 22 11 46  - 26 48  8 37 16 23 12  3 33 49 15 21 44  -  - 25  2 24 34 38  9 20
 18  8 35 49 21 36 46 50 12  1  - 10 39 44 40  -  2 17 31 13 30 29 42  - 28 34 23  4  - 25  - 20 22 45 43 27 48  7  -  -  9 11 41 47 16  3  6 24 26 15
 20 29  8 46 30 15 39 16 27  - 45  - 49 40  4 43 37 24 10 48 13 28 11 50 34 26  -  -  - 36 42  -  1 14 31  5  6 23 21 12  2 38  - 33 18  9 17 41 19 44
 23  3 22  - 14 42 10 35  - 50 29 41 20  1  - 27 30  5 33  6 47 19  - 48 18 38 25 17 21  2 34  -  - 43  - 15 46  -  4 16 28 31 26 37  - 11  7  - 36 49
 28 43 26 17  -  4 45 22 40 19 42 18 15 33  - 12  - 25 35 47  2 50 23 41 39 48 21 27  -  -  7  - 20 13 14  9 31 10 16 44  5  - 11 46 32  1 29 49 34 38
  -  -  - 27 22  - 48 44  -  -  - 37  -  8  -  - 49 20 29  -  9  4 36  5 32 31 12 47 15 14 40 18  -  7 41 25 13 46  2  3  6 50 38  - 23 45 10 33 28 43
 34 37 45  4 41 28 32 20  - 48  - 11 26 19 39  9  8  7 14 25 29 21 27  -  - 18  6 30 10  -  - 13 31  3 50 44 49 47  1 33 43 23 35 36 40 42 15  -  - 24
 10 19 23  1 32 30  7 27 50 44 39 46  - 16  - 17  - 45 49  - 12 31 25  - 40  3 34  9  -  5  4 47 43 33  -  6 37 26 13 28 36 21 15 35 24 22 14 29 41  2
 40 30 18 26 33  - 44 31 23  9 37  3  5  2 10 21  -  -  -  1 20 38  - 17  - 36 22 24  - 47 28 35 49 12  6  8  -  4 25 46 29 14  - 43  7  - 39 34  -  -
  8 42  - 31 11  -  1  - 30  3 26  -  - 29 45  - 27  - 17 50  -  5 19  -  - 39 37  -  9  - 23 24  6 40 32 33 20 41 34 38 47  - 13 44 48  2  - 36 21 22
