2000
  - 38  - 13  2 21 27 11 32  5 35 39 49  -  - 48  - 47 10 25 36 45 26 41 23 14  -  8 31 43  -  - 18  4  - 22 30 15  -  9 20 33 19 42 37 17 24 46 40 44
 13 30  -  6  - 33  2 35  - 40 42 47 37 10  - 18 22 41 28 21  - 46  -  - 15  4 43  - 45 29  5 44 25 19 27 31  - 11  -  8 23  - 36 50  - 20 16 26 39  -
  -  - 10 22 17  8 18 31  6 33 29 43 28 15  9 25  1 19  - 38 41 40 45 26  -  - 46 32 13  -  3 12 44 36  - 39 34  - 30  - 48 11  - 47 27 24 37  -  - 42
  -  - 12 35  -  -  7  6 43  3 36 24 33  9  2 26  - 30 44  - 15 29 20 46 14 45 18 16  - 40 39 10 34 49 38  5 47 48  4 32 19 25 42 41 17  - 27  - 31  -
 27 44  -  - 34  2  - 28 46 47  -  3 39 33 24  - 49 50 20 41  -  - 15  5 29 42 30  - 22 11  9 16  8  1  - 17 40 43  - 31 38 14 35 13  - 45  7 37 10 12
 40  6  - 25 27 36  -  - 30 15 22 45  5 44  -  -  - 14  - 17 16 23 35  9 32 13  7 49 48 34 33  -  - 39 19  -  - 47 28 21  - 18 20 12  - 43 11  2  8  -
 43 11 49 29  -  - 47 17 23 21  - 13 41 22 31 28  2 38  7 12 14 30  - 45 37 33  -  1 24 39 10 19  -  - 25  - 18  - 50 34  - 35 26  8 46 42 20 15  5  -
 47 13  - 31 37 29 22  5 11 32 24 27 42 49 10  7  4 34  3 18 30  8 44 43 41 25 33 48 19 15 40 28 21 26  - 38  2  1  - 17  - 46  9 45 14 23 50  - 16 36
 17  - 47 44  8 11 35 29 31  7 32 14 45  5 50  - 25 36  2 28 34 38 18 15  -  - 39  - 21  4  1 46  6 13 26  -  9 41 43 27 24  - 23  - 19 12 33 42 30  -
 33  -  2 34 39 45  - 36 50 13 27 20  3 24 40 44 29  4 15 46 42 48  1 11 18 23  - 14  -  5 49  8  7  9 10  - 16  - 41 47  - 28  -  6 30  - 32 19 22 38
 15 27 20 42 50 12 14 16 19  4  3 46 40 31 29  -  -  - 38 33  - 28 24 32 25 48  - 17  6 45  2 21  -  - 44  -  - 10  - 18 37 23  -  - 36 47 49 39  - 35
  - 29 34 36  6  4  8 37 20  -  5 48 43 40 35  -  - 10 16 13 33  1 41 18 17  -  -  - 39 23 44 47 19 25  -  - 32 22 24  2  - 38 46 49  -  3 42 27 12  7
  - 18 29 12  - 40  9 45  7  - 23 26  - 34 44  -  -  5 27 31 49 47 46 13  - 11 42 43 30  - 35  - 22 33 32  -  -  -  8 19  - 41  - 17  - 28  1 24  2 39
  - 12 28 40 38 30 16 15 36 23 49 37  1 18  3  -  -  8 19 11  - 25 39 48  2  5 32 41  - 33 21 45 50  7 24  - 44  9  - 29 10 27 31  4 13 34 22 43  6 14
 41 16  - 11 43 25  4 48  - 45 44  2  -  - 38 49 34  -  -  7 19 21 10 33 39  1  8 46 26 17  - 23  - 20 28  3 37  - 27  - 12  - 30 35 42 32 13  9 15  -
 31  - 15  - 47 20 42 21 13  - 34 38 12  - 30  - 28  7 48  -  9  5 33 14  3 27 23  -  8 18  - 37 29 17 43 49 46  - 35 26  - 10 24  -  4 25  - 40 32 16
 18 22  3 24  - 23 49 47 26 28  - 15  - 30  4 37 50  - 46  2  - 27  - 21 44 29 34 10  - 31 20 36  - 45 39 41 35  8 19 38 33  5 11 48  - 40 17 32 25  6
 32  - 27 47 23  - 15 30  - 10  1  8  6 11 21 35 12 25  -  5 44  - 14  7  - 34  - 24 29 19 16 13  - 43 20 46 33 50 40 37  - 39  - 38 22 36  2  3 45  -
  3  -  4  - 15 27 21  1 22  - 43 32 36 41 45  - 10 48 33  - 40  -  - 34  - 38  6 37 25 28 17 26 49  5 42 50  8 30 14 23  7 12 47  9  - 31 39 13 18 19
 10 35 22 18  9 42  - 34 28 17 14  4 50  - 41  -  8 40 26 16 25 33 23  - 13 15 19  5  - 24  7  - 39 27 31 20 48 38 29 12  - 44  - 37 47 30  - 11 21  2
 24  -  8  -  - 41  - 12 18 39 30  1  -  - 32 42 37  - 34 45  -  - 31 29  -  - 50  - 16  -  6  - 46  2 14 26  5 27 33 43 47 20 40 25  7  -  3  - 35 23
 30 24 41  -  1 18  - 49 29 14 11 31  - 48  - 33  5  3 23  9 45 39 12 27  - 44 25 35 42  -  8 22  2  6 47 19 20  7  - 46 17 13 37 16 15 38  4  - 43  -
 36  9 44  - 35 14  -  -  -  - 37 34 30 17 47 38 20 26 24 32  7 50 25  4  - 10  3 22  5  8 46  -  1 15 29 45 31 40 16 42 21 49  - 43 23 39 18 12 41 48
 48 28 50  4 20  - 34 39  5 30 13  7 47 38 15 45 27 49 35 14 17  - 11 36 19 43 37 40 32  1 24 42  - 21 33 25 41  2 31 44  - 16  6 23 12 10  8 29 46 18
 11  4 42 26 45 13 43 25 40 41 38 18  - 47 34 16 19  6 36 20  5  - 30 50 28  -  2 12  - 32 27 39  - 23  - 14  -  - 46 35  3  1 22 10 24  8 21 44 48  9
  1 36 23  - 33 48 50  2 34  - 41 21 19  -  - 14 35 28 43  - 37 15 47 30 38 16 22 13 46 10  - 40 42 31  - 24  3  6  5  - 27  7  4  - 20  9  - 45 11 25
 19 34 16 38  5  1 17 42  -  -  -  - 20 46  -  - 47 45  8  -  6 37 27  -  - 12  - 18  3  - 41 24  -  -  - 28 11  - 49 40 26  - 10  2 48  - 14 31  - 43
  -  - 18 10  -  -  - 13 12 34 40 17  2 37  8  - 38 16 22 42 29 31 48 49 50 26 24 45  9 21 30 41 47 44 15 35 14  - 39 11 43 19 33 27  6  5 36 25  7 28
  7 49  - 21 40  - 30 38  - 46  8  - 16 13  -  9 39  -  -  - 24 11 43  -  - 37 28  -  1 26  -  6 48 41 22 12 27 32 15 50  2 31 25 36  5 29 19 20  3 45
 14 43  - 28 26 31  -  3  - 42  9  - 18 39 37  - 36 20  1 27 32 16 34  - 49 47 44 33  7 25 19 35 17 11  -  8 23 46  2  -  -  6  5 29  - 50  - 48 13 21
  8 19 38 45  4 17 20  7 47 29  - 12  -  3 42  5 33 44 32 15 46  6 28 23  9 35 48  2 40 14 31  - 37 24 41  - 49 18 34 22  1  - 13 39  -  - 10 16 36 30
  9 50 43  3  -  -  - 26  2 24 17  6  - 16 49 12 14 32  - 10 20 42  5 47 30 39 27  - 11 44 25 38  - 37 48  -  7 21  -  4 34  8 15 18  1 33 31 22 19 41
  5 41 40 33 25 15 44 14 48 12 45  -  8  4  - 11 43  - 39 50 31 18 38 19 42 24  9 29 10 37 22  3 16 30 36 32  - 28  6 20  -  2  1 21 26 27  -  - 34  -
 39 32  - 20  - 47 41  - 35  - 18 40  7 45  - 30 48 29 49  3  - 14 37  8  4  6 17 27  -  - 42  1 24 50 46  - 26 16 23  -  - 22 12 15  2 13  5  -  - 33
  -  -  9 49  - 39 31 27  8  1 16 11 44 29  - 10  6 46 50 34 13 35 36 37 22 19 20 26 38 30  - 17 23 12  3  - 21  -  -  7  -  -  - 24 40 41 47 33  4 32
 49 14 21  5  7 43 29  8  9 18 28 50 46 12 16 31 11 23 25 39 27 41 22 10 34 32 45 42 20  2 38 15  - 48  - 13 19 36 44  3  - 40 17 26 33  4  6  1 47 24
 29 39 31 17 16  7 38 23  - 49 12  9  - 19 13  1 45  -  -  -  -  -  8  2  5  - 15 21  4 47 34 30  - 35  6 27 36 44 18 48  - 24  -  - 43 11 28 41 50 46
 21 15 37 43  - 32  6  4 44  - 33 10 38  2 27 36 26 24  9 40  -  3 17 12 11 46 35 23 18  -  - 31 41 47 13  1  - 19 45 25 49  -  7 20  8  - 48  5 28 34
 46 25 30 19 31  - 11 20 16 38 15  -  - 42 33 41  -  2 17 43  4 49 13  -  1  8  5  3 35 12  -  7 10 14  9 23 39 26 47  -  - 29 48 32 45 21  -  - 27 50
  -  - 39 37 36  -  5 46 38 20  - 42 15 35  1  - 24 11 30 49  3  -  6 16 10  9  4 31 34  7 32 18  - 28 45 40 25 13  - 33  -  - 41 22 44 48 29  8 23 26
 37  - 14  8 29  - 39 24 49 48 19  - 11 20  6 32 41 17 45 35 28  -  -  1 12 31  -  4  2  3 43 25 30 16 23 18 22 42 36 15 50 26 27  -  -  - 38 34 44 13
 23  3 46  9 12 16 28  - 27  - 48 19 32 14 20  - 18  - 13  -  2 24  4 25 40  7 21 38 41  - 26  5 45  8 30  - 17  -  -  1 31 42 29  - 49  6 43 36 37 15
 45  1  7 30 44  5 33 40 39  9 26  -  - 23 46 17 16 22  -  -  -  -  - 31 20  - 38 15 28 27  - 49 12 18  8  -  -  -  -  6 29  - 21  - 32 14  - 10  -  4
 12  7 13  - 41 49 40 50  4  - 10 28 26  - 39  -  - 31  - 19 21  -  2  - 45 18  1  6 23 48 15 14 11  3 34 33 38 24  9 36  8  -  -  -  - 44 25 30  -  5
 25  8 36 41 30 22  3 18 37 19  6 16 21 26 14  - 23 13  5 24 50 12 49 28 35  - 47 44 27  - 48  - 33 29  - 42 43 39  7  - 32 15 34 11 10 46 40  4  1 31
 44  - 19 14 24  9 23 32 15  6 47 35  4 25 11  8  - 12 29  1 48 13 40 20  - 36 10 30 50 46  - 27  5  -  2  - 28 49  - 41 16 17 39 31 21 22 45  7 26  3
 35 31  5  -  - 44 12  - 41  -  - 23 13 50 36 40  7 27 37 26  8 19 32  - 21  3 11 47  -  - 29  -  4 10 16 43 45 17 22  -  -  - 38 30 28 18  9 14 49  -
  6 26 32 46  3 37 25 43 45 16 20 22 35  - 23  -  9 15 31 36 18 34  7  - 24 30 29 50 47 41 11 33  - 38  1 10 42 12 48 13  5  4  2 14 39 19  - 49 17  -
 16 45 48 23 49 38 32 41 24 25 31 29 14  8  - 46 40 37 18 30 10  - 50 17 27 28 12 19 43 20  4 34  9 42  - 36  6 35  - 39 13 21 44  7  3  2 15 47  -  1
 42 40 11  7 18  - 37  9  3 43 39 33 48 27  5 13 32 21  -  6  1 36 19 38  8 22 26 25 44 49  -  2 20 46 35 16 10 31  - 14  4  - 50 28  - 15  -  - 24 29
