2000
 49 44  -  - 41 22 25 35 10 46 36  - 32 21  - 11  4  - 24 43 18 42 40 26 14 48 37  - 23 34  6 39  7 31  -  - 28 13 30 45  - 12 17 27  -  -  9 16  3 38
 27  - 16  - 42 19 45 22 29 43 39 23  7 32 48  8 49 36 40  - 17 34 25 35 13 20  -  3 10 15 44  2  6  9 26  - 18 33 38 37 12 47 21  4 31 28  1  - 46 24
 40  3  - 48 28  -  - 19 41  - 18 22  2  - 21 13 23  6  1 20 33 47 26 37 34  - 17 36 38 29  4 16  - 30  7 11 35 10  - 15 50 49 31 45  5 12 46 39 32  8
  1  - 46 44 23  3 20  4 36 50 45 34 27 31  -  2  - 25  - 15 40 29 12  -  - 38 28  - 14 47 30  6  -  5  9 35 48 39 18  -  8 17 41 33  - 21  -  - 26 22
 44 19  1 15  2 16 41 43 27 14 20 10 11 40 22 29 18 26 28 48 37 17 34  6  7 39 45  - 50  3  - 33 32  -  4 21  -  -  8  - 23 38 12 46 24 31  -  -  -  -
 26 32  8 11  - 17 14 45 35 21 24 31  -  - 33 10 22  - 23  -  6 50  4  2 36 16 41 44 15 25 37 29  9 48 46  -  - 12 13  - 34 39 27  1 38 40  7 43 20 30
 41  4 23  - 14 15  - 28 20 31 49 18  3  - 47  - 42 11 10 17  -  - 33 13 44  -  - 46 12  -  5 24 22 38 48  7  - 45  9  -  6 19  - 36 29  - 30 21  1 40
 13  9  - 23 17 29 42 10  - 45 38  - 14 39  - 19 15  -  - 35 21 48  5 44 30 26 43  6  - 36 27 22 34  7  - 25  2  - 20 41 33  -  4 40 32  8 11 12 16  -
 17 11 15 24  3 38  9 26 13 10 40 21 20  -  -  - 31 48 43  -  -  5 45 22 18  6 44  - 34  -  - 32 35  -  2 49 27 16 47 29 41 28  - 42 39  4  - 33  - 46
 37 10 13 43  - 18 29 42 45 25  - 24  1  8 23 15 19  7 12 32  -  3 47 31 28 50 49  -  9  - 48 14  -  -  - 17 40 38  4  -  5  - 44  -  6 11  - 30 34 41
 39 12  - 19 16 11  -  -  -  2 32  5 15 45 36  6 27 46  7 33 41 21  -  - 49 30 23 35  -  4  - 10 40 47  - 34  - 20  - 26  - 18 25 50 28 29  - 22 13 37
 15 40 38 32 22  -  7 44 49 28 16 35 36 33  - 24 48 50 39  - 13 10 43 17  3  -  -  -  -  5 41 26  1  6 47  2  - 14 21 11  - 27 37  - 20 34 42  8  4 12
  5 23 29  -  -  6 31 11  - 36  7 33 26 22  - 27  8 39  - 16 44 35  - 50 21  - 38 34 24 32  - 41  4 18 45 46 37  - 42 47  - 20 30  2  1 10 19  - 28 48
 48  - 36  6  1  - 49 39 11 13  -  9  -  - 12 32  - 20 29  - 22 41  -  5 38 10 24 18 30 28 35 47  - 33  3 15 25  4 19 21  - 50 34  7  2 23 44 45 14  -
 23 30 39  - 24  1  - 31 43 16  -  3  - 36  -  -  - 45 46 12  -  - 22  -  5  7  2 13  -  - 15 18  8 26 34 10  4 48 35  - 42 25 29 20 27 19 14  -  -  -
 33 42  5 39  -  7  - 46 12  1  -  8 18 41  - 34 13 47 36  2  - 25  - 21 22  4 26 20 48 30  9 45  3  - 14 50 19  - 10 24 37 43 49 44 40 15 29  6  - 23
  - 41  -  - 49  - 16  -  - 32  - 40  -  2 11 42 39 12 21 38 46 44 37 20 48 25  3  9  4 13 22  - 27 29  - 33  5 19 24 50  -  -  -  8 17 45  -  - 10  -
 38  - 17 20 11 21  6 14  1 49  - 26  -  3  - 47 34 43  5  9 39  - 15  4 33 13 25  -  - 22 19  - 41  8 35 31 30  -  2 16 29 36 46 28 23 42 45 24 44 32
  -  - 20 45  - 27 19 12 31 23 48  - 35 29 13 33 47  2  6 36 15 16 46 28  - 44 18 11 43  1  3  - 14  - 32 24 26 21 17 49 25 10 40  9  -  - 41  5 42  7
 42  -  7 16  4  5 50 33  - 15 23 27 25 47 32 45 11  -  - 21 43 40  -  - 31 19 14  2 37 38 49 30 48 44 28 39 34  1  -  - 10 13  9 12  - 24  6  3 41  -
 19 17 49 10 44 30 43 47 14  -  9 11 28 37 16 31  7 24  -  - 45 27 50 25  1 36 48  5 33 35 38 21  - 15 18 40 41 29 34  - 32  2 42 22 12  -  -  -  -  3
 18 24  9  7 12 47 39 27 25 19 30  -  5 46  4 35 14  8 48 37 50 23 11  - 10  - 31 16 22 42 28  1  -  - 49 44  -  - 15  6 20 29 33 32 41 26  3 40  - 34
 24 45 30 29 48 36 28  5  6 47 34 14  4  -  - 20 40 15 42  1  - 46 23 19  8 17 16 12 13  2  -  3 18 21  - 26 10 50 49 32  7 37 35 43 22 41 39  - 33 25
  - 25 35  2 20 26  - 24  - 40 27 16 41  1  - 21 43 34 44  - 29  7 32  -  6  - 47 22 11 19 39 42 17 23  - 28 46 31 12 30 15 33  5 38 45  -  -  -  - 50
 12 28  - 38  -  -  1 17 47  8  3 46 24 44 49 36 45  5  4 26 10  6 41 39 29  - 20 43 31  9 16  -  -  - 50  -  - 18 22 42 21  7 11 30 15 33 40 34 27 14
  -  2 14 47 10  - 46 32 21  5  - 42 13 12 19  9 16  - 26 34 30 22 17 43 41  - 36 50  8 27  -  4  - 20  1 38  7 11 39  - 48 24 28  6  3 49 15 23 18 33
 34 43 11 18 32  - 23  8 37 29 17 50 19 26  2 48 36  - 33 44  9 14 35 47 25 42 12  - 39  - 46 13 15 28  - 16 31  6  -  1 24 22 38 10 21  3  4  7 40  5
  - 18 31 30  -  8  5  - 40  3 19  1 49 16 10 22  9  -  -  -  -  -  - 12 35 45 34 23 27  6  7 17 29  4 42 14  - 26 46  - 43 48 13  - 44 38 24 37 11 47
 16  - 34  - 43 10  3 37  - 22  4 12 33 38  - 44 35 27 32 45  -  - 14 42  2 46 40 29  1 31 21 28 19 50 24  6 11  5 36 23 30  - 26 17  7  9 47 41 49 18
 36 50 45 21 30  - 33 38  - 20 29 48 46 13 34  5 12  -  -  -  - 32  - 15 37 11  -  -  - 14 25  7 24  2 27  9 17  8  - 35  - 23  6  -  - 44 10 18  - 26
  9  -  3 27 47  2  - 15 28  6 46 30 45 20  8 43 25 21 35 24 49  4  7  - 32 23 29 17  5 18 13 31 38 12 40 41  - 34 44 48 14  - 10 26 19 22  - 42 37 11
 11  5 12 46 45 32 21  3 39 38 42 43 29 10 20 50  6  - 30  - 24 31  -  8 40 22  7 27 25 23  2  - 28 37 17  1 15 49 41 13  - 26 48  - 18 35 16 47 19 44
 10 33  6  5 31 13  8  - 19 26  - 17  -  - 46 28  2 49 50 11 14 15 16  9 23 32 27  4  -  - 40 38  -  3  -  - 24 44  7 12 22 45 36  - 42 20 37  - 47 39
 32  - 47 49 36 24  2  1  7 17  - 20  -  4  6 12 44 16 31 50 27 26  9  - 42  8 10 48  - 46 34  -  - 39  -  -  - 25 45 40 28 21 14  5 13  - 22 29 23 19
  6  -  - 26  7 33 11 34 44  - 41 45 37 17 42 18  1 22 38  -  -  -  - 46 43 12  - 25  3  - 20 48 36 32 19 30 16 24 50  - 13 31  - 47  9 14  5  4 15  2
  7 49 18  1 27 31 37  2 16 48  5  6 40 15 29  4 38 17  - 23 26 30 21 34  9 28 39 14 45  8 50 46 42 10  -  3 43  - 32 25  - 44 24  -  -  - 13 20 36 35
  - 29  -  4  8 43 17 20  -  - 14 36  6  9  -  - 30  - 22 42  - 18  - 16 12  -  - 32 44 11 31 35 10 41  5 27 33  3  - 38  - 15 50 49 47  - 26  2  7 13
  -  -  - 50 34 14 40 48 24 27 44  7  - 35 25 30  5 41 37  6  -  - 42 49  4  - 33 10 20 45  - 15 12 22 13  8 38 17 11  2 18 46 32  - 26 16 21  - 31  1
 43  -  - 22  5 28  -  6 32 18  - 25  8 50  3 38 20 14 11  - 12 37 30 10 27 41  -  - 17  - 24 23 39  1 29 19 36  9 16  - 26 40 15 31  - 13  - 44  - 45
 21 20 32  -  6 12 22 29  - 33  - 41 42 34 30 49 28 18  9 19  5  2 27  7 26  - 11  - 36 43 17 44 31 24 39 23 45  - 48 46 40  4 47 25 16  1  - 15 35 10
 35 26 33 37 15 41 27 30 38 24 22  - 31 48  -  -  -  9 49 10 25  8  2 36 47 18  1 19 40 12 32 11 50 45 21  4 39 23  6 43 16  -  - 13 34 17 28  - 29 42
 30  -  - 31 29 34 47 36  5 44 25 49 12 14  - 17 33  4  2  8 28  - 38 45 16 21 42 39  - 41  - 40  - 46  - 37  9  7  - 19  3  6 18 24 48 50  - 27 43 15
  - 21 48  9 37 39  - 13  -  - 28  -  - 11 45 23 24 10 18 27 42  -  6 32  -  - 15 40  2 17 47 19  5 36 44 22 20 41 14  3 38  - 43 35  8 25  - 31  -  -
 31  1  4 36 25  - 10 21 46 34  - 37 22  7 14  - 41 44 17  3 47 33 48  - 45 35 13 38 26 39 18 12 23 19 30 29 42 15  5  9  2 32 16 11 49  6  8 28 24 43
 22 34 10  - 18 46 12  - 23 11  8 29 21 19  9  - 32 31 15  -  4  - 39  - 24  5 35 47 16 33  - 20 49 43  6 45 14  - 28 44  - 41  3 37 25 27 48 50  2 36
 20  7 44  - 46 40  - 16  - 39 43 32 30 24 35 41 10 13 45  - 34 28  -  3 50 27  5  1  - 37 29 49 25 42 22  - 23  2  -  -  9  -  8 14  -  -  - 48 38  6
  8 37 41 12 38  9  - 25  4 30 33  - 10  6 50  - 26 42 34  7 16 45 13 18 20 15 22 24 49 40  -  - 47 11 23 32 44 28  -  - 31  3  - 21 46 43 35 17  -  -
 46  8 43 35 40 50 30 18  2 42 31 13 44  - 41  3 21  1  -  - 11  - 29  - 15 34  -  - 47 24 33  5 16 49 10 36 12 32 37  4 45  9 22 48 14  7 20 38 25 17
  2  6  -  3  - 48 18 40 17 12 26  - 23 49 15 46 29 38 47  5  7  - 10  1 11 31  9 28 32  -  8 50  - 25 41  - 22 42 43 20 35 34 19 16 30 36 27  -  -  -
  - 38 25 34 39  4 35 49  9 41 12  - 48 18  5  - 50 28 19 31  -  -  - 30 17 33  - 37  7 26  - 27  2 40  - 47  -  -  3 10 44 42 45 29 11 32 43  - 22  -
