2000
 45  - 34 30 40  4 17  - 27  9  -  -  -  2  5  - 22 42  - 41 19 33 12 35  3 24  7 31 13  1  - 11 28  6 21 36 26  - 39 14 16 50  8 44 47  - 15  - 20 48
  - 12 30 34  6  -  - 29 49 45  -  - 16 37 38  -  - 13  - 40 36  1  8 50 25 15 41 32 31 39 24  4 35  - 47 21 48  - 43  - 14  3  7 26  5 10 33 46  - 20
 36  -  -  -  - 37 46  -  -  2  8 15  - 38  -  - 43  - 49 31 20  - 26 25 48 35  3  4 28 32 23 14  - 24 29 42 33 11 16  - 19 10 13  - 18 17 30 27 40  -
 32 42 10 40 47 11  6 17 20  -  - 24 46 36 48 15 13 43  -  -  - 28  5 37  7  - 30  2 34  9  3 19 39 41 26 18  -  -  8 50 33 22 23 38  - 29  - 14 21 44
 48 40 19  3 17 26 27 18  - 37 12 31 15 41 25 44  5  8 21 45  - 20  7  - 34 16  1 14 43 49  -  - 47 10 33 39  - 42 23  6  -  9 32  2 46 13 35  - 36  -
  - 29 47 43 27 14 22 13 34  - 38 45 21 42  8 25 11 36 40  - 32  - 18 46 19 41 26 17 44 10 20  - 33  3 50 15 16 37  -  -  5 48 35  7 49 31 39 24 28  2
 27 19  8 28 12 30 25  1 29 21 46  6 40  3 32  - 42 48  -  9 24  - 10 23 50 44 43 37  -  4  7 26 38 16 35 13 22 49  5  - 20 45 14  - 36 11 31 47  - 34
 46 44 42 48  9  - 36  - 15 13 14 39 49  1  -  5 23  - 32 11 47  - 29  2 41 21  -  7  6 43  - 20 12 31  -  4 17  - 19  - 45  8  - 18  - 50  - 16 37 25
 26 18 50 16 21  - 48  -  -  6 29  5  2 19 37 38  - 41 34 12  - 49 44  - 24 46 40  1  8  - 27  - 10 20  -  3 35  9  - 25  4 23 28  -  7 14 22 33 17 45
  3  - 25 27 46  - 15 23 42  - 31 10 47 48  - 50 17 14 35 16  5 40  1 29  -  - 28 38 36 45 21 12  6 30 41  - 49 18  7  -  - 43  2  9 22  - 37 20 24 13
 30 32 12 37 26  8 42  -  -  - 19 41 24 50 49 11  9  1  -  -  -  -  3 43 22 18 35  5 17 33 15 47  7 25 20  -  - 14  -  - 36 38 44 10  - 39 21 48  6 31
  9 24 17  2 48  1 39  - 32 42 36  3 13  - 18 34 29 27 47 10  4 15 16 12 28  6 22  - 11 23 43 45 30 37 40  - 44  7 50  - 31 14  -  5 21 26  - 35  - 41
 35 13 11 33 18 17 47 49 44 24 45 30 23  9 34 39 15 20 19 46  -  -  -  - 27 31 10 28  1  8 50 42 26  5 43 16  - 12 41  7  - 21 48 29  6 36  2 38 32  4
 43 30 33 18 34 41  5  - 50  1 11  - 12  - 45  - 27  -  - 24  - 38  - 15 36 39  6 40 25 22 32 49  2 48 14  -  - 31  4 42 44 28 29 46  -  -  9  -  7  3
 40  - 36 46 19  - 44  -  3 10 47  9  6 31  -  -  -  -  - 38  - 29 30 16 17 33 13 50  - 20 26  2 25 11  -  8 32 22 34 12 43 42  5 48  -  1 24  - 14 27
 28  - 44 24 36  - 12  - 25 14 10 13 19 27 29  -  -  - 43 23  - 37  2  9 42  -  - 22  - 48 49 16  -  4  - 40 39 50  - 47 15  -  - 32  8  - 34 31 18 17
  -  8  -  - 11  3 43  9  -  - 23  4 14 10  -  2 31 39 50  -  - 36 46 27  5 28 38 49 21 16 41  6 45 22 15 35  1 29  - 17 32 44 18 12 48  - 25 40 26  -
 44  1 37  - 25 22  - 24 14 17 39 29  - 30  - 47 38  6 10  7 18 31 27  4 23 50  5 36 19  -  - 21 32 28 34 43  -  - 40 48 42  2  - 49  -  8 46  3  9 26
 19  2  3  - 22 27 18 43 21 31  -  -  5 49  - 10  4 25 45 39 50 44 24  - 11 13 48 15  - 38 17 34 20 46  8 37 14  - 33 36 29 26 30  6 32 40 47 42 35  9
  5  -  - 10 30  -  -  -  - 18 40  - 36 23 43 17 49 38  -  -  - 13 39 31  2 32 25  -  - 29 12 15  9 45  -  6 34 27 14 20 21 35 33  8 37  4 42 44 11  1
 24 33  9 45 23 16  4 20 41 11  - 19 27 29  - 30 25 32 22  8 40 26 49 48  1 47  - 42  -  5 38 13  3  - 17 14  2 44 31 43 18 39 50 15  - 21  - 37 34  -
  2  6 13  1  - 43 35 30 26  - 48 47 44 17  -  9 28 45 36  -  - 32 34  3 20  - 39 11  7 15 25  8 31 18 37  5 41  - 21 46  -  -  4 33 42 12 49 10 22 23
 23 37  2  8  - 15  7 10  6 47 32 12  - 14 26 42 16 21  -  -  3  5 17 28 40  -  - 33  9 27 36 41 48  - 13  -  - 19  - 24 38 34  1 45 31 35  - 11 44 46
 16 46 39 11  4 32  - 50 28  - 37 34 35 20  -  7  8  -  - 17 43 42 45 13 21 25 49 48 26 31 44  1 14  9  6 30  5 10 38 15 23 40 27 19 12  2 29 36  3  -
 34 22  - 15 32  -  - 42 33  7  - 14 26  6 40 41 12 19 30 49  9 48 31 24 18  5 21  - 38 46 11 39  - 36  - 17 20  8 27 16  - 25 37 47 43  3 45  2 50  -
 22  - 21 25 13  5 31  - 40  8  6 35 50 45 36  - 48  3  - 47 11 19 33  1 38 17 12 20  - 30 14  9 44 49 28  -  7 15  - 29 46 18 39 42 23 32  4  - 10 16
  - 47 27 32 31 12 24 48 16  4 33  -  9  5  2 23 39 34  -  - 13 18 22 40 35  1  - 44 45  - 28  -  8 38  7  - 21 46  - 11 49  6  - 20  3 30 26  - 42 29
 47 23 45 14  - 49  - 21  - 15 26 20 48  - 30 32  - 33 38 27  8 10 28  - 46 42  9  3  -  6 18 37 11 13 31  - 43 39 12  -  1  4 40 36  2 34 41  - 25 22
 20 41 40 36  -  -  1 14 43 35  - 44 10 47  4  3 24 50 28 30 31 16 38  5  - 12 37 39 15 26  8 48 46 19  2  - 18 45  - 13  9 17 11 23 34 42 27 22 33 49
  8 27 18  - 39 36 49  -  4 48 34 21 22 11  3 37 35 10 24 28  -  7 25  -  9 19 46  - 47 41 40  -  - 44  -  - 23  -  2 31  - 15 20  1 30 16  - 26  - 14
  -  9  - 31 15 42  -  2 36 43 17  - 32 12 22  - 10  -  - 25  7  6 11 45 14 34  8 24 33 44  - 35  4 29 19 49 30 20 13 37 41  1 47 28  -  5 48 21 23 50
 41 26  - 42 49  9 34 27 17 29 15 37 30  4  - 20  1  - 16  - 28  3 21  8  - 36 47 12  - 11 45 46 43  - 32 19 50  - 24  - 40  5 22 25 35  -  - 39 13  -
 14  - 46  - 45  - 38 11 48  -  9 28 20 39 31 13  -  5  1 19 17  8  - 26 12 40  2  6 10 35 37 32 24  - 23 25  4  - 44 41  3 16 36 34 29  -  - 30  - 18
  1  - 32 17 10  - 16 40  2 39  - 23 33 28 35 18 26  9 20 13 29 12 48 34 44 43 31 46 37 14 19  5 22 15  - 11 27  4  -  -  7 30 49 50 24 45 38  - 41 36
 10 31  5 26 14 48 30 46 38 50  2 18  - 32 12 45  3 22  -  - 33 17 23  -  6  9 16 21 20  - 29  7  -  - 39 41 40 47 49  4  8 24 34 35 25  - 13 28  - 11
 42 25  -  -  5 46 21  3 30  -  - 27  8 44 47  4 45  2  - 37  -  - 32  -  - 10 14 19 39  -  - 29 40 35 49 34  - 33 48  - 22 36 31  - 16  7 43 13 38  -
 33 39 38 41 50  - 28  - 45 26 20  - 11 16 13  - 21 17 15 43  - 34 37 32  8  - 29 10 27  3 22  - 23  - 24  - 31  5 18 30  -  - 42 40  1  6 44  7  4 19
 29  - 14  6 33 23  -  7  -  3 50 38 18  8 17 43 40  4 13 32 41  2 19  - 10 11 15 25 35 28  5 36  - 34 44 31 37 24 46 22  - 27 45 39 26 48 16  -  - 30
 15  7 48 35 37  - 45 31 39 46  - 11  -  -  - 22  2 24 42 21 23  - 50  -  - 20 44 16 29 18 47 38  5 32  - 28 36 34  1 10  -  - 43  4  -  9  - 19  8 40
 21 16  4  -  1  - 50 44 18  - 13 48 39 24 28 31 36 46  8 34 12 11 41 19 43  3 42 35  - 47 30 23 17 40 10 45 15  2 20 26 37 32  - 27 14 25  6  -  -  -
 13 17 43 38 28 20 26 25 31 36  -  2 29 34  - 19 30 40 39 42 14  -  6 41 49 45 50 27  4  - 48 33 15  -  9  - 46  1  -  - 12 37 10 11 44 18  8  5  - 47
 38 10 31 13  - 24  - 22 35 44 28 50 41 40  - 46 47 16 12  - 34 25  4  -  - 23 27 26 42  -  9  3 19 17 45  -  8 36 32 39  - 29  - 37 11 33 14 18 49 43
 18  4  - 12  3 50  -  -  8 19  -  -  - 22  -  1 14 30 33 20  -  - 43 36  -  - 23 13  -  7 34  - 49  - 27 48 47 41 17  - 10 11  - 21 15 24 40  6 31 39
 31 48  - 21 24  - 23  6  -  - 27  - 42 13 20  8  -  -  9 35 39  - 36 47  4 22  - 18  2 25  1 40 16 43  3 12 38 30 29 44 26  - 17 14 50 28 11 15 19  -
 25 36 49 44  8 31 19 37 12  - 43 17  7 46  9 21 50 23  4  3  1 22 35 39  - 14 24 34 40  - 42 18  -  2  -  -  6 38 10 33 28 20 26 16 45 15  - 41 48  5
  - 45 35  4  2  7 14 19 10 41 49 42  3 15  - 48  -  - 25 18 44 21  - 38  - 26  -  9 23 37 33  - 50 47  5 22 13 40 36 34 39 31 46 24 28 43  1 12 30  8
 49 38  1 22 42 40 37  8 24 33 16 32  - 26 23 36 34  7  5 44 48 27  9 14 29 30  - 43  3  2 39 10 18  -  4 20 12  - 35 45 13 41 25 31 19 46 50  - 47  -
  - 14 26 49  - 28 10  4  9 23 24 36 31 35 39 40 46 15  6 48  2 47  - 33 45  - 18 30 32 19  - 22  -  1 25 44 29  - 11  3  -  7 12 13 41 27  5 34  - 38
 12 20  -  - 16 39 11 15 19 25  5 40 38 43 33 24 18 31  7  4 35 46  - 10 13 37 17 47 50 34  2 44 41  8 48  - 42 26 28 32 30 49 21  3  - 23 36  -  -  6
  6 35 15  9 44  2  8  -  7 28  3  1 34 18  - 14 20 37 48  -  - 43 47 11 33 38  4 29 49  - 31 24 21 50 36 23  - 13 22  5 27 12 16 30 17  - 19  - 39  -
