2000
  - 43 12 50  4 16 41  2  -  9 49 27 14  -  6 31 10 33  1 22  -  - 35 42  -  - 28 11  - 39 32 30  7 38 44 17  5 24 13 29 37 20 47 19 45  8 15  -  -  -
 34  - 47 19 33 29 15 31 43 26 28 39  1  -  7 50 48 24  5  3  - 12 38 36 30 13  - 14 45 40  9 42  - 16 27 21  2 22 18 44 32  -  - 49 23 25 10 35  6  4
 30 18  - 29  1 21 23  4 50  - 13  - 39  - 46 25 27 17 49 36 26  - 11 37 34 35  - 42  - 20 44 41 33  6  7 14 22 31 32 10 45 12 38  5  2  9  - 40  - 48
 18  9  - 49 30 33  5 47 24  - 20 15 17 16 26 32 38 21  -  - 40  4  - 50 37 25  - 23 29  -  - 10  -  3  - 27  7 12  - 45  1  - 48  - 35  -  8 43 22 46
 49 25 35 16  2 13 34 36 44 41 32  -  6  - 39 30 21 48 19 29  -  - 20  - 33 37  - 10  7  9  4 18  8 47 12 26 24  - 15 40  -  -  - 28  - 22 17 38  5 45
 50 16  2 23 28  - 17 29 31 48 30  7 43 47  - 46  -  - 26  5  4 33 10 14 44 32  - 22 15 41  6 40  9  - 18 34 38 19 37 36 11 24 13  - 42 39 45  8 25 35
 37 47 48  - 24 11 32 35 16 18 22 25 10  3 40 34 36 39  -  -  -  - 14  - 43 45 46  4 23  -  -  -  6 27  5  9  - 42 33 21 44 28  -  2  -  1 26 13  7 15
  -  4 33 14 18 43  - 12 17  8 41  5 23 45 15  -  3 28  6 46  9 38 39 27 47 11 25 20 42 36 40  2 35 26 29 10 30 48  1 50 19 34 24  - 22 49 16 44 13 21
 20  5 44 42  -  -  - 28 35 45  3 50 46  -  - 27 25  - 15 11 33  -  8 32  -  -  1 19  - 29 18  -  - 22  - 31 49  2 48  6 26 17 40 47 30 13  4  - 21 34
  6 45 36 17 27 18  - 40 41 12 38 26 21  1  - 29  -  7  -  - 22 20 34  4 32  -  - 15 13  - 10 23  - 48  2 46 14  8  - 37 16 30 19  -  - 28  5 42  9 43
 33  -  - 41 44 42  3 19  - 15 39 48 26  -  4  2 14  - 30 17 50 13 23 47 22 31 36 37  8 28 12  9 45  - 40 18 35 25 43 49 10 32  5  7 27 29  6  -  1  -
 17 24  - 36 35  3  7  9 37 31 12 13 41 28 47 23 11 26 48  8 46 40  - 49 19 50 42  -  6  2  -  4  5  1 20 25 15 39 10 34 21 33 43 30 18 14  - 22 45  -
 15  3  7  - 26  8 22  5 32 43 19 20 25  -  -  1 40 37 45 23 31 17  6 13 50 41 29  -  9 42 49  -  - 35 24 38 27 28 14 46 30 18 12 16 36  4 21 47  -  2
  -  - 30 32 19 45 14 46  7  - 42 23 36  -  -  - 22  - 40 27 18  6 49 26 24  9  2 33  - 48 21 20  1 50 16 12 44 37  - 11 43 15 31  3 13 10 47 29  8 17
 22 13 19 18 40 34 31 17 46  - 47 35  - 36 20  8  9 23  7 26  -  5  3 24 42  6 12 49 21 15 29 37 10 30 45 33 41  -  - 27 25 44 11  - 48 43 28  4  2  -
  3 23 46 31 29  5 26 25 36 24  - 12  2 17 45  -  1 11  4 19 42 50 30 35 10  - 38  9  - 32  7 44 39  - 22 15 28  - 40  - 20 21  6 43 16 48 34  - 18 33
 28 48 40  1 31  -  - 38  - 33 34 11 35 23 19 22  -  -  - 43  - 44  - 29 41  -  - 13 39 37 47 36 50 25 32  - 17 21  - 42  7  8 45  6  -  2 18  3 10  5
  - 44 23  - 39  -  -  -  - 46  -  4 12  7  8 17 43  1 29 13  - 14 15  -  6 49 21 47 24  -  2  - 16 28 41  3 36  - 22 20  - 38 18 42  - 40 35 30 48  -
  - 14  - 21 23 26 28 44 19 34 50 18 22  4 42  3 29 32 27 24  6 43  1  2 17  - 33  -  - 49  8 35 20 45 47 36 11  - 39 30 13  5  - 40 31 16  7 25 41  -
 41  - 31  6 16 48  9 15 34 29  - 47 27 42 17  -  -  2  - 28 45 49 37 22  3  -  - 35  - 11 38 24 19  - 26 50  - 13  7 33 36 40  -  4 12 30 14  - 44 18
  9 32 13 40  5 41  1 14 20 47 46  - 34 44  - 35  7 22 23 31 28 37  2 25 38 19  - 30 10 16 43 11 42 49 21  8 18 36 27  3  4 45 15  - 26 50 39 17 12 29
 19 28 21 35  9  - 20  -  3 27 29 37  -  6 16 48 33 30  2  - 13 18 50 11 31 12  - 24  1  5  - 39 43 41  8 47  -  4 34 38  - 49 26  -  - 36  - 46 17  -
  -  - 34 39 36 32 38 13 22 44  9 45 19 43 49 26  2 10  3 47 48 27  - 20 21  8 18 29 11 33 46  5 25  - 35  6 31 40 42 16 28 14 50 15  7 23 41  1 37 24
  4 35  - 33  7 49 13 26  - 42  6 34 11 37  - 43 28 36 25 12 47 16  -  -  1  5 32 21 22 24  - 48 40  - 15  - 45 46  9 17 50 27  2 29 44 20  - 39 38  3
 47 42  4 46 14 15 11 20 10  - 17 22  7 31 25 24 35  3  - 48  -  - 16 45 13  2 27 41 34 19 50  1 37 44  - 40 39 43  - 12  5  6 32 18  - 26 30 33 28  8
  8 12 26 43  3 39 35 21 27  -  5 14  4 11 22 45 24 19 17 32 16 28 36 44  -  -  9 40 20  - 13 47 49 18 33 30  - 23 41  1  - 42 34 46  6 31 48  7 15 37
  - 17  - 27  - 46 49  1  2 23 24  - 44 40 11 47 37 38 13 25 29 36 19 15  5 28 35 50  -  - 41 12 34 43  - 42  3 45  6  4  - 26 20  -  9 18  - 21 14  7
  5 15  - 20 47  6 43 30 11 39 44  8 50 14 13 38  4 35 41  1 19  2 25 21 23  -  -  - 49 22 45  - 46 42  9 32 16 33  - 18 24 29  - 48  -  - 37  - 27  -
 25 11 37  2 46 23 29  6 13  - 40  3  - 48  5  - 50 42 24 15  - 41 45 28 20 21  - 34  - 10  1  - 30  4 36 49  - 38 19 35 18  9  - 27 39  -  - 12 26 47
 21  8  -  4 20 38 39  -  -  -  2 29  - 13 44  - 46 45  - 40 24  - 33  1 16 10 17 26 43  3 30 15 48 14  - 23  -  9  - 41 12  - 27 35 34 32 36 31  -  -
 10 31 27 45 48  - 46 34 15 50 21 43  8  2  3  4 23 29 22  - 49 47  -  9 14 40 16  -  -  - 28  - 32 24  - 19 25  -  -  7  - 41 39  1  - 44 12 36 35  -
 43 38 22  - 50 12 48 49 40  2  4  - 28 32 34 33  -  6 10 37  -  - 17 30 18 39  5  1 25  - 35 27  - 13 11  7  9 44 46 23 42 16 21 36  8 47  3 14 29 41
 40 37  - 10 34  - 18 24  -  5 16  9 42 49  -  6 26 31 33 30 25  - 43 46 11  - 13 32 44 27 17  3 21 15  1  2  4  -  8 47  - 39 23 12 41 35  - 45  - 20
 44  6 16 11  - 36  - 41 26  1 48 30 13 12 23 49  5 18 32 34  -  7 42 31 15 24 19  - 46  4  -  - 29  - 14  - 37  3 38 25 47 35  8  - 43 33  2 27 50 22
 26 49  - 38  -  - 25  - 14 16 11 36 40 33  - 13 32 44 31 45 43 39 12  - 27  4 50  5  2 18 37 29 22  -  6 24 21  - 28 15 23  -  3 17  - 42  1 34 46 30
  - 22  -  -  - 40 47 32  - 37 35 44 49  5 24  - 31 13 12  - 27 34 28 18 48 43  -  - 33  7 26 16 38 10  -  -  -  - 45  8  - 50 36  - 29 15  - 19 23  1
  - 50 43  7 11 19 44 39 45 22 23 49 32 30 28 41 47 12  - 33  2  - 13 17  - 15 26 48 31  6 16  -  - 46 37  5  - 29 35  9  8 25  4 34 14  3 24 18 20 10
 13  - 11 37 49 27 36  - 30 38 18 33  - 22 32 40 17 15  - 20  - 45 48  - 25 42 43  6 16 26  3 50  - 21 19 35 46  - 29  - 41 23  7 44 10 24  9  2 31 28
  - 46 49 15  - 22 42 23 21  -  - 10  - 24  1  - 18 25 39  -  -  -  7 40  - 20 14 27  4 34 48 32 13  5 17 16  - 35 36 31  6 43 44 26  - 12  - 28  - 50
  - 40 42  5 43 47  6 37 12  - 15  1 38 19  - 28  - 50  - 10 35 32 26 34 39 48 22  - 41 23 36 49 31  2 25 13 20 27 44 24  - 46 30  -  - 21 29  9  4  -
 23 29 17 25  -  - 30 22  6 21 27 40 48 34  -  - 19  8 18 41 15  - 47 39 49 33 37  3 32  1  - 13  -  7 38  -  - 26  4  - 35 36  - 14 20  5 46 16 24 31
  1  7  9  3 13  - 50 16 28 20 25 42 33 29 21  -  - 14 47 35 23 15 44  8  - 18 31 36 30 38 24 34  2 19 46  - 48  5  - 43 49  - 10  -  4  6 11  -  - 27
 16  - 25 22  -  -  - 43  4 17  1 41  5 50 38 36 13 47 34 18 44 46  9  -  7 30  6 45 35 12 42  - 24  - 49 37  -  -  - 32 29 48 33 11 28 27  - 15 39 40
  -  -  1 28  8 31 12  3 47 13 33 38 29  9 48 10 20  - 50  7 39 30 24 19  - 36  - 17 37 43 25 46 18 23  - 44 42  6 16  5 15  4 35 22  -  -  - 49 40  -
  7  - 18  - 15  -  2 45  1  6 14 21  3 25 36 11 42 41 43  4  - 23 40  - 35 47 24 39 19 13  5  - 28 29 50  -  -  - 30 26 27 10  - 31 32 46 20 37  - 12
  2 27  -  9 32  4  -  - 42 28 26 24 20 10 35 16  -  - 44 14 12 48 21  3  - 17 30  8  - 47 15  - 36  -  - 43 13 18 23  -  -  1 41  - 46 37 49 50 19 39
 24  - 45 26 17 30  4 50 18  -  -  -  9  - 37 15  - 16 21  -  3 35 41 48 28  1 34 25 27 31 33  8 23 32 43 29 12 20 49 14 39 19  -  -  -  -  -  - 47 13
 42 19 38 47  - 28  - 33  - 30 36  -  - 35 43  - 34  - 37  2 14 26 22 16 12 44  -  - 18 21 31  -  -  9 10 39 23 50 17 48  3 13  1  8 40 41  -  - 11 49
 39 21 15 13 12 24 10  -  5  7 37  -  - 26  - 42 30 40  - 16  - 25 32 33  8 34 49 31 17  -  - 14  3 36  4  - 29  - 47  2 48 22  -  -  1 11 44  6 43 19
 11 10  5  8 25 44 16  - 23 35  7  - 15 20 12 18 41  9 36 39  -  - 27  6  4 29 45 43 50 46 22 28 14  -  -  1 26 47  2 19 40  - 49  -  - 38 13 24 30 32
