2000
 14  - 28  6 34 24 43  -  2 22 31  - 19 16 10 29 18 17 46  -  9  3  5 20  4  -  - 49 38 39 32 30 23  1  7 13 12 27 47 21 36 26 42 25 48 44 11 45 37 35
  7  - 42  3  - 44  2  1 36  -  - 18 21  4  9 35 31 22 50 38 40 45 19  5 13  - 27 41 34  8 12 47 15  - 37  - 43 32 17 24 14 16 33 48 26 10 20  -  - 23
  1  5 25 17 44 14 37 35 31 27 29 10 23 48 34  - 15 28 21  - 47 26  2 30 42 24  - 20  4 50 39 32 43 22  - 33  7  6  8 40  - 11 18 36  - 38 45  - 19 16
  5 41  9 27  - 21 15 28 45 24  -  1  2  -  4  -  - 47 44 33 23 22 34 14 32  -  - 29 42  - 11 20  6 17 13 18  8 48  7 37 38 12 39 46 49  - 36 43 26 25
 37 30 33  - 43 27 20 47 39  - 15  2  6 46 25  - 26 18  -  - 17  -  7  1  8 42 35  - 49 36 41  3  -  - 40 16 32 10 11  -  - 21  - 45 31  - 24 38  - 22
  6 14 15 31 33  - 40 41 11 10 20 13 27 45 42 26  -  4  - 34 32  - 44 37  - 29 22  5 46 43  - 16 49  2 39  -  -  8  - 23  - 50  - 24 25 47 21 36  - 28
 21  - 43  1  9 37 30 32  8 18 39  -  -  - 44 42  - 33 11 36  7 20  6 48 49 28 10 24 26 12  -  4  - 14 31  2  5 38 27 17 13 29  - 16  3 25 35  - 40  -
 32 27  - 41 22  -  - 30 25  -  -  - 39  -  - 21  1 14 15  5  2 19 49 47 48  - 20 11 37 10  - 17 36  - 28 12 24 23  9  6 29 43  3 26  4 16 42  - 13 40
  8  -  1 37 38  5  - 20 47 16  - 40 49 24 17 43 12  -  4 35 14 18  - 10  6  7 21 34 27 31  3 29 30 13 32 11 19 45 28  - 46  2 44 15 42  9  - 50 33 39
 48 19 47  7 26  4 38 14 46  -  5 25  -  2  3  8 11  - 49  - 27 10 39  - 18  - 43 16 32 23 34  -  - 31  1 20 45 24  6 35 50 17 28 22  - 21  - 12 30 37
 28 29 35  9 16  8 31  3  5 41 47  - 24 26 19 45  - 25 42 13  - 34 17 12 37 44  - 50  2 21 23 11  -  - 27 39  1 15  - 36 49  -  6  - 33  - 38  -  7 18
  - 15  4  - 24  3 42 46 28 26  -  9 10  - 23 37  8 32 34  1 30 33 45 41 19 11 13 25 20 44  6 35  2  - 29  - 48  - 21 50  7  - 22  -  - 40 47 18 27 14
  - 36 23 16 30 49  4  5  -  - 35  - 48 25 29 17 19  - 41  7 13  6 33 46 10 39 28 43 44 47 18 12 40  -  -  - 42 34 32  2 15  8  -  -  -  - 50 24  - 31
  - 16  7 12 41 25  9 36 18 46  -  - 40 15  - 19 24 27  8 43 48 28 26  - 38 20 14 31  -  4 30  5 42  - 34 47 50 17 29  3  -  1  - 35 44  6  - 32 22 45
 42 25 49  8 17 43  7  - 21 32 18 11 33  5 41  9  6  - 12 19 29 27 47 13 28 35  - 30  -  2 16 10  - 40  - 23  - 26  - 20  - 38 24 44  - 37 22 15  4 46
  -  - 20 42  - 39 18 24 38 12  3  -  5  6 48 22 50 35  1 47 19  - 21  -  - 32 15 13  - 40 31  - 27 44 41  -  2 36  - 28  4 46  -  -  - 33 30 17  -  8
  -  -  6 13 15 18 17 29  9  2 26 46 37  - 45 49 22 38 48 40  3 43 10 27 25 23  4 33 14 42 35 31 50  8 36 32 41 11  5  - 24 34  - 30 19 12 28 44 20 21
 10 32 17 22 48  - 29  4 15 25 23 20 30 37 27 44  - 40 16 12 34 31 24  7 33 26 39 18 45 19 13 50 46  -  2 28 14  3 35  8 42  -  5 43 47  - 49  - 38  -
  -  -  5 36 50  -  -  - 17 49 46  -  - 42 20 39 28 12 43  3  - 14  - 15 16 19 32  8  7  - 24 48  -  6  9 37 33  -  -  - 45 40 26 23  2 30 27 31  - 38
 27 13 10  -  - 41 16  -  - 48 43 35 25 31  -  - 23  3 18 14  4 40 29 39  -  - 38 42  - 37  -  - 24 26  - 45 36  - 33  -  - 30  -  -  5 20  9 21 34 11
 40  - 34  - 45 28 46 19  7 35 37  - 41 10  - 36 42 50 39  6 24 25 38  3  - 31  8  - 22 33 29 49 26 32 11  - 23 20 16 47 27  -  - 13 15 17  1  9  -  4
 11 48 46 39  -  -  -  9 16 30 50 45 22  - 12  4  - 20 17  8 38 29 36 24  -  - 19 35  6 27  - 33 31 18 23  5 44 47  -  - 10 32  -  1 43  -  3 41  - 42
  9 20 38  - 32 12 14  - 35  - 34 24 46 43  2  - 36  - 25 11 33 39  1 17 40  6 37 19  3 15  5 27  7 41 22  8  4  -  - 45 30 47 21 42 29 28 10 26 16 49
  4  -  - 24 14 50 19  8 12  5  - 26  - 13  - 38 40  9 45 25 49 11 22 42  - 21 34  - 10  - 28 41 33  7 16 31 37 46 20 15  -  -  2 27  - 39 43  1 44  -
  - 45 31 48 10 11 13 26 49  6 30 15 14 20 35 33 38 46 32 21  - 44  3 43 39 47 42 22 23 28 37  9  5 34 19 41 16  4 25 29  - 24  8  7  -  2 17 40  - 27
  3 38  - 47  6  -  - 25  - 11 42 14 28 22 37 24 43 45 13 16  8  -  - 34 30  9 41 32 40  7 20  -  - 29  -  - 49 12 39 18  - 23 27  - 21  5  4 48 50 15
 12 47 27 33 23 36 32 43  - 15 13  5 31  -  1 14 39  7 38 42 37 48 46  4  2 16 18  6 28 26 40 22 17 11 24 10 30 44 50 34  9 49 35  - 20 29 25  8 45  3
 31 22 48 26  4 13  8 27 20  -  - 34  -  - 16  - 37  6  7  - 43  - 28  - 41  3  9 17  - 18  - 39 11 42  - 29 40 14 24 46  1 19 38  5  -  - 12 30 35  2
  -  4 41 50  - 46 12 34 37 33 44  -  1  3 32  - 10 39 29  - 20  - 14  2 47 48 30  9 11  -  - 43 19  5 38  7 15 40 45 42 16 28  - 49  -  - 13 35  - 26
 45  7 16 46 11 34  3  -  - 20 27  6 26 39 14 15  2 49 28 22  5 37 23 40 50 18 44 36  8  1 48 38 12 21 35 17  9 42 19 43 41 25 31 10  - 24  -  - 47  -
 47  6 45 23 35 17 44 49  -  -  -  -  - 34 30  - 13  -  - 28 12  8  4 29 26  -  2 39 36 38 43 15 16 27 25 22 20  1 31  5 18 33  -  - 14  - 32  7 41  -
  -  9  2 49  -  - 23 48  4 31 10 27  - 14 47 50  - 42  - 26 41 16 15 21 11  1 29 40 43  - 17 36 45 28  - 19  - 39 34 33  8  3 20 32  - 46  7  5 24 12
 33  -  8 45 42 16  6 11 29  9  4  3 12 41 15 20 47 30 24  - 50 49 43 26  5  - 25  - 13 32  - 18 14 37 48  - 46 35  - 27  - 44 36 31  - 23 34 19 39  1
  2 42  - 25 12 26 24 23 33 13  7  8 34 19  - 32 30 43 22 27  1  5 37 31 14 10 36  - 16 46 47  -  - 15  -  -  - 41 18  9 21 20 50 39 35 45 48  6 49 44
 19 24 39  - 40 45 41 10  - 38  8 33  -  7 43 18 20 13 30 48  - 12 32 35 15 49 26  1 17 29  - 14 44 16  6  - 31 37 22 25  5 27  - 28  - 36  2 23 11 34
 24 39 19 21  -  2  - 40  - 47 25 32 44  1 33 11 29  - 35  4  - 15  8  -  - 41 46 27 48  - 42 26 28 49 50  6  - 31 30 38 43 18  -  3 17 13 37 14  9  7
 20 12  -  - 49  9 21  7  -  3 19 42 18 36  6 47 41  - 37 30  - 46 27 32 22 40 17 23 25 14  4 34  8 35  - 38 26  - 15  - 44 45 29  2  - 31 16 33 48 13
 13 26  - 19 20 42  5 17 43  8  - 29  7 30 11  1  - 16 36 39  - 38 18 45 31  - 49  - 24  - 50 23 48 12 21  3 35  2 10 44 33  4 41  -  - 14 15 37  -  -
 29 37 36 28 13 23  - 12  1 42 41 38  - 49  7 40  - 24  - 45 21  - 11 33 44  - 47 26  - 48 25  - 18  3  -  4 39 16  2 19 20  9 34  6 30  - 46 27 14 32
 38  - 30  - 21  6 33 37 50  1 36 49 20 12  - 13 45 34 23 31 26 17 40 44 24  - 16  7 29 41  - 42  -  -  4  -  -  9  -  - 39 10  - 18 11 15  8 28  - 43
 15 46  3 38  8 10 39  6 26  7 49  - 17 29 31  - 32 37 40  - 25 36 12 18 43  - 45 14 50 13  -  -  1  - 44 42 21 22 23  -  - 41  - 33 27 11  5 34  -  9
 17  - 12 14  - 47 27 21 48 29  -  - 35  -  - 31  4 15  9  2  - 32 50 38  3 45 24  - 18  - 44 46 41 25 30  1  -  - 49 13  6  7 10 40 39 43 19 42  5 20
 39 43 21 10 27 32 11 16 24 34  - 50  9 33 36  2 25  8 26 49 28 13 35 19 17 12  - 15 41 30  1  -  4 45 20 44  6  - 38 31 23 42 48 37 22  7 18 47 46 29
 26  - 13 11  -  -  1 50  - 43 32 12  4  8  - 28  7  2 27 24  6 41  - 36  -  - 48  - 47 20 33 21 34 19 46 25  -  - 44 16 37 22  -  - 18 35  -  - 15  5
 49 33  - 20 18 30  -  2  6 28  1  4 50 32 40  7 14 21  5 41 44 24 48 22  - 36 11 12 39  -  9 45 13  -  8 27 17 29 46  - 26 15 43 38 34 19 31 16 42  -
 35 28 18  - 29 38 26 42 13 17 11 36  8 50 24 16  9 44 47 23 45  2  -  - 27 15  6 46  1  5 49 19 32  4 33 43 22  - 14  7 31 37 40  -  -  3 39 10 12 48
 46 18 24 15  2  - 45 39 14 50  -  7 43 28  -  - 17 11 20 29 31 30  -  6 21  -  1 44  5  9  - 25 37 33 42 26 34 13  - 49 32 35  4 47 12 27 40  3  8 10
 44  - 14  -  1 40 34 31 23  4 12  - 11  - 39  6  -  - 33  - 15  - 20 28 46  5  - 21  -  - 27  - 38 43  - 48  -  - 36 26 22 13 32 50  -  8 41 25 10 24
 41  - 22 30  -  7 49 38 32 37 21 44 16  - 28  - 33 19  - 46 35  9 13 50 23  -  5 48 12 11 45 24 20 36 26 15 25 18  3  4  -  - 14 29  8 42  6  2  1 17
  - 34 11 40 39 20 47 33  - 44 38 28 32 17 50  - 46  -  2  - 16 35  -  -  7 27 23 10 15  6 26  -  - 48 12 24 29  -  - 30 25 36 45 41 13  4 14 49 31 19
