2000
  - 18 50  -  -  5 34 36  1 47 32 10 45  3 14  - 28 13 19  4 15 26  -  7 46  - 27 11 35 43  2 21 29 20 40 42  - 25 48  8 39 44  - 49  -  - 12  - 33 30
  7  -  6 15 12  4 43  8 29 19 39 27 24 28 32  1  - 30 44  - 13 41 34  - 18  3 38 16  - 50  - 48 37  -  - 36 26 20 45 46 35 47 42  5  - 10 21 14 40 49
 20 43  - 47 34 15  2 28  4 36  - 23 48 24 26 32 30  - 40 42 12  -  6 16  5 31  8 49 13 19 38 37  1 27 21  9  - 39 14 10 41  - 18  - 44 29 46  - 25 35
  - 10  - 18 27 48  -  -  3 49  -  -  7 35 11 43 41  - 20 46 36  5 26  - 33 14 37 15  2 24  - 29 12  -  -  - 42 50  - 22  9 40 23  - 32  -  1  -  - 16
 29  8 30 20  7  -  5  -  - 28  - 25 49  -  - 38 36  - 33 50  1  3 10 21  - 40  - 45  6  -  4 35  - 34 23  - 44 31 19 24 26 22 39 48 27 15  9 17 32 42
 41 21 23  -  - 22 27  - 44  - 40  -  - 13  -  9  3 34 28 39 25  - 50 14 10 45  - 26 24 20 11 32 31 35 16 49  -  -  -  5 30 29 33 36  7 12  -  -  - 17
 43  4 49 13 14 16 41  6  -  - 31 29  3 11  - 23  - 45 12 48  5 19 37 27 47 32  -  1  7 25  - 26 34 40  - 24 17 18  9 50  8  - 21  2 28 20 36 22 15 46
  4  - 14  2 36 31 45  5 46 24 37 20 23  6  -  7 34 39  8  - 21 35 29  - 19 25 12 32  3  - 15 27  - 18 41 44 28 30 47 13 22  - 49 10 40  1 43 11 38 48
 16  - 11  - 43 45 18  -  2 38  -  -  - 42 40 29  8 28 17 10  - 15 47 24  -  9 26 13 44  -  7 36  6 46 35 37 34 14  - 32 27  - 12 33 25  - 48 23  4 21
  2 15 18  4 24 11 31 40 27 39 48  9 41 21  -  - 50 38 42 14 28 32  - 12 49 19 17 37  - 34 26 46  -  5 13  6 22  1 10 43 33  7 25  -  3  8 30 36 35  -
 27 39 33 28  2 46 49  - 25  - 45 13 38 50 24  8 26 40  -  - 32 48 15  9 35 47 31 34 20 29 43  4 16  -  1  5 37  - 44 21 11 19 10  6 17 22  3 42 30  7
 36 32 45 11  4  -  - 26  -  1  -  -  2 38 19 35  6 21 39 31 16 10  9  8  - 46 48 23 18 47 14 44 33 15  7 34 20  5 13  3  - 12 43 22  - 17 50 30 24  -
 40 29  - 17  8  9 11  7 15  -  - 33 35  - 39 28  - 44 27  3 41 25  - 38 43  - 36  6 31 45 34  5 50  - 19  - 10  -  - 26 37 23 22 24  1 47 16 12 20 13
 32  5 40 44  -  - 12  9 36  - 46  7 26  2 31  -  4 48 23 35 45 49 27 20  - 24 33 19 43 21 41 10 25 13  - 50 14  6 15  - 16 28 37 38  8 11 42 34 18  -
  - 13  -  -  5 50  3 12 48  7 44  -  -  - 22 10 32 20  2  -  - 45 24 41  - 49 11 29  9 27 37 38 43  - 39 23  8 47 42  1 17 30 28 26 34  4 35 25  6 19
 17  2  - 45 38 12 25 39 43 46 50 15 33 32 18 34 42 35 26 29 10 37  -  -  8  4 19  - 49 36  - 20  3 30  - 41 31  9  - 28  5 21  - 14 23 44  6 40  -  -
  - 26 29  9 48 28  1 33 12  -  - 16 19 20 23 21  - 46  -  -  8 39 13 35  2  7 50 36 37 17  -  6 10 43  3 22  - 32  - 49  -  - 41  - 42 24  -  -  - 34
 13 36 17 29  - 33 20 10 38 18 14  - 21  5 37  4 16 49  3 23 42 28  2  - 31  8  1 43 48 35 30 25 32  - 45  7 47  -  - 15  - 11  -  9 39  6  - 24  -  -
 12  -  8 37  1 26  - 11 16  -  - 30 43 33 35  -  - 42 32 17  - 46 40 47 20 38  -  4  -  9 18 28 22 29 14 15 21  2 24  6 45 10 31 27 48 36 49 13 39 50
  - 38 34 43 30 29  -  1  -  -  5  -  - 41  9  - 37  - 50 15 23 16 45 36  - 10 21 39  - 14 49 13 11 47 12 40  7  8 17  -  - 26 27 19 31  -  2  6  - 33
 39 25  3  8  9 23 35 31 28 48  6 47 12  -  - 19 43 50  4 20 44 36 11 29 41 27 49  7 40 18 16 42 26 10 32 46  5 34 37 30 21 24  2 15 33 38 14  1 22 45
  -  - 31 23  -  -  - 16 22  - 29 12 30  - 25 14  -  3 13 41 17 24 28 39  1  6 43  9 15  - 35 34  5 11  - 10 48  4 20  - 47  2 32 50  - 40 37 26 45 36
 23 28 38 25 39 42 32 24 47 31 13  - 17 26 50  - 15  2  - 27  - 22  - 37 30 18  - 48 14 44  5 49  4 16 43 11  6 41  3  - 46 20 29 40 10 21  7  9 12  1
  9 41  1 49 47  7 33  - 45  4 35 26  5 34 38  6 10 29 43 32 14  -  - 13 44 16  -  - 27 46 25 50 24  8  - 17 12 48 30  2 23 37 36  - 22 19 18 28 42 11
 45 42 35  1  - 24 22 25  -  - 12 34 16 27 48 18 13 19 46 26 38  4  - 32 11 36 15  -  -  6  -  -  - 31 47 43  2 49  5 39 28 17  3 20 37 33  -  8 23 10
  - 14 20  5 18 32 48 47  - 34 16 19  - 25 49 42 27 26  -  1 39  2 21 31  - 41 40 46  - 28  3 22 38 12 17  4  -  -  -  9 36  6  - 44 11  - 45 15  -  -
 14 30  -  3  -  - 39 42 17 25 21 11  9 44 15 50  -  4  -  7 26 27  -  2 22 43  - 18  -  - 13  1 41 23  - 19 40 16 28 37 10 36  6  - 38  - 31  -  - 29
  - 17 21  - 26  - 36 19 13  - 38  - 18 48 44 31 33 27 45 47  -  -  8  6 34 15 14  - 42 40 22 23 28  9  4  3 24 43 25  - 49 16 20 37 12 39 32 50 46  5
  - 44  2 40 15 35 24 21 14  9  -  5 31 43 33 16 12 32 38 11 18 17 42  3 25 34 22 20 28  -  - 19 30  1 49  8 45 29 46 36  6  - 47 13 50 27  - 39 48 23
 31 45  5 26  - 13 50 14 19  6  1 24 25  -  -  - 21 22 49  2  - 23 43 11 27 29 44 42 36 41  8  - 17  4 28 47 33 10 40 38 20  3  7  - 18  - 34 32  -  -
 37 40 48  -  -  -  - 18  -  - 22 28  - 36 45 30 14  - 15 49 34 38 32 50  - 23  - 24 41  5  - 47 19 39  2  - 46 17 11 12  - 43 26 42 21  3 29  -  - 25
 48  3 32 21 10  - 23 50  6  -  8 44 36 46  - 41 29 16  1 12 35 31 30 49  -  2 28  -  5 39 20 24  7 25 15 45 38 26 22 18 34 42 13  -  4  9 33 19  - 14
  - 46 44 33 21 27 14 32  -  -  -  1  - 18  7 45 23 15  5 40  2 34 25 48 16 17  3  -  4 30 12 39 36  -  9 29 50 37 49 20 38  - 19 28  - 26 11 41 43  6
  - 34 27 32 40 20 10 13  5 17  -  2 50 23  4  - 49 43 47 37  9  6 38  - 29  - 41 28  -  1 44  - 48 45 26 35 39  7 18 11  - 25 30  - 24 46  -  3 14 22
  8 22 24  - 28 18  - 35 33 32 15 37 40  9 34 27 19 17 11  -  -  1 12 43 13  - 23 14  - 26 36 45  -  7 46 25  - 21 29 47  3 50 44  4  2 16 41  - 31  -
 22 12  - 46 29 39 26 49 37 11 17 21  6 16  -  3 25  -  - 44 31  7 19 40  - 13 10 35 32 15 47 33 45 28  - 48  - 38  2  - 24  4  1 18 43  - 20  5 27  8
 38 11 41  - 42 19 40 22  - 16  9 14 29 10  -  2 17 47 24  - 37 43  -  -  - 20  - 12 30  - 48  - 44  3 50 31 36 35 26 33  1  -  - 25 13  7  5 45 28 18
  - 47 19 12 23 36  -  - 42  5  -  6 14  4  8 24 22 31 35 43  - 44  -  - 48 28 46 25  -  3  1 30 13  2 29 18 27 40 38 16  - 32  - 34 15 50 17 21  - 20
  5 16 43 10 11 44 37 38 18 23  -  3  1 15 46  -  - 14 36 24 27  - 17 30  7 42 20  -  - 22 32  8 49 50 31  2 35 45 39  4 19 33  9 29  6  - 13 47 34 26
  - 20 37  - 32  - 47 29 24 50 28  -  - 19  1 40 48 10 31 30  4 11 22 18 26 44  5  - 25 13  - 17  2 38  - 21  - 23  6 41 14 46  8 12 45 49 39 35 16 43
 47 24  - 39  -  3  -  2 31 21  - 50 34 45 20 36  9  7 16 28 30 18 33 22 17  -  6  5 38  - 23 14 27 19  - 12  - 15 41 44 32  - 40  - 35 42 26 43  -  -
  - 48 28  -  - 25  - 46 10 43  -  - 20  1  5 13 11 23 22 34 29  - 35 45  6  -  - 38 12  7 39  2  - 49 27 33 41 44 50 31 15 14 17 16 36 37 40 18 21  9
 34  1  4 14 46 10  - 37 50 29  3 48  - 30 28 22 31  -  7  - 47  9 18 15 45 35 13  2 16  - 21  -  8 42  - 20 49  -  - 25 43  - 38 23 19 32 24 44 26 12
 49  9 26  - 50 43 15 45  7 10 27 46  - 12 21 39  -  8  6 19 33 20 44 28 36 30 29  3 22 23 42 41 18 37 38 32 13 11 35 34 40  5 14 47  -  2  - 48  -  -
 21 37 36 22 49  - 16 44 35 42 47 31 32  - 27 26  -  5  -  9  6 13  - 19  - 11  7 40 17  2 50  3 20 24  8  - 43 12 33  -  - 34  - 41 14 25  -  4 10 39
  - 35 39 50  -  -  - 20  9  3 26 36  8  - 41  - 46 37 29 13  - 14  5 25 15 22 47 44  1 42 45 18 40 17 10 28  4 19  - 23 12  - 16 43 49 30 27 33  2 32
 46  6 25 42 20 41 44 34 49 26 10 17 13 40 12 37  - 11 14 22 48 21 23 33  9  -  - 50  - 38 28 43 35 32 24 27 18  3 16 19  2  -  5  - 30 45  8 31  -  -
  - 49 13 16  -  6 19  3 40  - 43 35 42  7 47 25 39 36  9  8 22  - 48  - 38 12  2 17 23  4 46 11  - 44 18 26 32  - 21 27  - 31 34  1 20  -  - 37  - 28
 10  -  - 34  - 49  -  - 26 15 23 38 47 37 16  -  - 25 21 36 24 33 41  4 12  -  -  - 19  - 31  -  -  6 11 39  1 22  - 40 44  - 35  3  5 13 28 29  -  -
  -  7  9 36 25 14 46 27 34  2  -  4 11 22  3  -  5 12 37 45 43  8  1 44 24 50  - 47 39 10  6  -  - 41  - 38 16 28 23 17 42 13 48 32 26 18 15 20 29 40
